0	1.000000	0.000000	0.000000	0.000000	1.000000	0.000000	
1	0.997354	0.002721	-19.920125	-0.002721	0.997354	1.483501	
2	0.997995	0.002138	-19.588570	-0.002138	0.997995	0.377136	
3	0.997949	0.001910	-18.793441	-0.001910	0.997949	0.493903	
4	0.998267	0.001576	-18.429586	-0.001576	0.998267	0.622758	
5	0.998284	0.001643	-18.362518	-0.001643	0.998284	0.402394	
6	0.998361	0.001911	-18.515781	-0.001911	0.998361	0.948776	
7	0.998699	0.002407	-19.232365	-0.002407	0.998699	1.166877	
8	0.997485	0.001803	-18.297751	-0.001803	0.997485	0.689087	
9	0.998599	0.001607	-18.433752	-0.001607	0.998599	1.331849	
10	0.995169	0.003855	0.892566	-0.003855	0.995169	5.031290	
11	1.001504	0.005225	-4.598978	-0.005225	1.001504	1.992398	
12	0.994987	0.006226	-0.162300	-0.006226	0.994987	6.524362	
13	0.999143	0.001702	-20.236998	-0.001702	0.999143	-0.137224	
14	1.000108	0.001741	-22.021350	-0.001741	1.000108	-0.095621	
15	0.998231	0.008871	-6.093830	-0.008871	0.998231	6.319594	
16	0.997123	0.010072	-5.972581	-0.010072	0.997123	7.134511	
17	0.999962	0.001705	-24.404781	-0.001705	0.999962	-0.426132	
18	0.999890	0.001950	-24.053678	-0.001950	0.999890	0.082082	
19	1.002961	0.006553	-6.261057	-0.006553	1.002961	1.758774	
20	1.000212	0.001791	-21.418002	-0.001791	1.000212	-0.118353	
21	0.999677	0.001833	-19.743950	-0.001833	0.999677	-0.368314	
22	0.999800	0.001257	-17.665073	-0.001257	0.999800	0.069684	
23	1.000306	0.001119	-17.479227	-0.001119	1.000306	-0.001939	
24	1.000463	0.001593	-17.390375	-0.001593	1.000463	0.093968	
25	1.001043	0.001307	-17.939143	-0.001307	1.001043	-0.719740	
26	1.001414	0.001470	-18.392045	-0.001470	1.001414	-0.925486	
27	1.003075	0.001376	-20.253213	-0.001376	1.003075	-1.433155	
28	1.003225	0.001440	-21.483326	-0.001440	1.003225	-1.634320	
29	1.003890	0.001451	-22.950974	-0.001451	1.003890	-1.685762	
30	1.002798	0.001593	-21.545453	-0.001593	1.002798	-0.628231	
31	1.002540	0.001496	-21.133732	-0.001496	1.002540	-0.217682	
32	1.002871	0.001196	-20.828853	-0.001196	1.002871	0.328100	
33	0.983630	0.011424	0.082912	-0.011424	0.983630	16.144272	
34	0.985096	0.011242	0.134032	-0.011242	0.985096	15.520509	
35	0.987216	0.005496	-0.018449	-0.005496	0.987216	7.798975	
36	0.990586	0.009061	-2.169321	-0.009061	0.990586	9.946516	
37	1.002180	0.001086	-13.567609	-0.001086	1.002180	-0.311038	
38	0.992301	0.006171	-3.030554	-0.006171	0.992301	7.058881	
39	0.992587	0.007015	-2.192192	-0.007015	0.992587	7.981863	
40	1.001349	0.000973	-10.931860	-0.000973	1.001349	-0.279042	
41	1.001140	0.000926	-10.447754	-0.000926	1.001140	-0.127393	
42	0.993986	0.006132	-3.355602	-0.006132	0.993986	6.259836	
43	0.993772	0.005915	-2.677561	-0.005915	0.993772	6.497682	
44	0.993086	0.006447	-1.458379	-0.006447	0.993086	7.583311	
45	0.994865	0.005458	-2.780172	-0.005458	0.994865	6.023919	
46	0.994535	0.005779	-1.826091	-0.005779	0.994535	6.652226	
47	1.001766	0.002426	-8.381671	-0.002426	1.001766	1.400659	
48	0.999168	0.003506	-5.769495	-0.003506	0.999168	2.744764	
49	1.001149	0.001098	-8.161371	-0.001098	1.001149	-0.132032	
50	1.001846	0.001599	-8.319071	-0.001599	1.001846	0.447813	
51	0.998466	0.004492	-4.881891	-0.004492	0.998466	3.885617	
52	1.001423	0.000824	-8.118729	-0.000824	1.001423	0.136369	
53	0.995040	0.004216	-1.464301	-0.004216	0.995040	5.230010	
54	0.996555	0.004304	-2.769806	-0.004304	0.996555	4.735341	
55	0.998987	0.004210	-5.154182	-0.004210	0.998987	3.626396	
56	0.995741	0.004646	-1.562760	-0.004646	0.995741	5.330756	
57	1.002359	0.001861	-7.579495	-0.001861	1.002359	0.779397	
58	1.000174	0.002851	-4.959591	-0.002851	1.000174	1.837180	
59	1.000750	0.002907	-5.333397	-0.002907	1.000750	1.493144	
60	1.000792	0.002785	-5.214218	-0.002785	1.000792	1.651726	
61	1.000229	0.002806	-4.738584	-0.002806	1.000229	1.995238	
62	1.000685	0.002824	-5.111137	-0.002824	1.000685	1.501931	
63	0.998318	0.003643	-2.681892	-0.003643	0.998318	3.092335	
64	0.999783	0.002849	-4.182712	-0.002849	0.999783	1.940752	
65	1.000268	0.003010	-4.078740	-0.003010	1.000268	1.810234	
66	0.999014	0.002759	-2.453953	-0.002759	0.999014	1.960203	
67	1.000214	0.002491	-3.778858	-0.002491	1.000214	1.198168	
68	0.999802	0.002654	-3.319327	-0.002654	0.999802	1.500428	
69	0.999642	0.002034	-2.864614	-0.002034	0.999642	1.237398	
70	0.999336	0.001626	-2.052313	-0.001626	0.999336	1.173469	
71	0.999477	0.001138	-1.457255	-0.001138	0.999477	0.816626	
72	0.999788	0.001328	-2.190757	-0.001328	0.999788	0.560677	
73	0.999604	0.001094	-1.720939	-0.001094	0.999604	0.648190	
74	0.999643	0.000638	-1.151686	-0.000638	0.999643	0.458185	
75	0.999757	0.000618	-0.223810	-0.000618	0.999757	0.233018	
76	0.999987	0.000313	0.010659	-0.000313	0.999987	-0.155804	
77	1.000173	0.000306	-0.227570	-0.000306	1.000173	-0.249377	
78	0.999868	0.000296	-0.038998	-0.000296	0.999868	0.066927	
79	0.999713	0.000277	-0.144074	-0.000277	0.999713	0.169731	
80	0.999762	0.000432	-0.058008	-0.000432	0.999762	0.203506	
81	0.999859	0.000344	-0.037022	-0.000344	0.999859	0.136068	
82	0.999790	0.000209	-0.011684	-0.000209	0.999790	0.029125	
83	0.999717	0.000144	0.126694	-0.000144	0.999717	0.034622	
84	0.999814	0.000108	0.240334	-0.000108	0.999814	0.043756	
85	0.999778	-0.000060	0.333930	0.000060	0.999778	-0.024224	
86	0.999707	-0.000035	0.409640	0.000035	0.999707	0.125693	
87	0.999542	0.000031	0.497962	-0.000031	0.999542	0.492844	
88	0.999516	-0.000034	0.266889	0.000034	0.999516	0.778307	
89	1.000037	0.000010	-0.237728	-0.000010	1.000037	0.519519	
90	1.000305	0.000403	-1.212059	-0.000403	1.000305	0.206274	
91	1.000824	0.000208	-1.220057	-0.000208	1.000824	0.240130	
92	1.000765	0.000277	-1.458884	-0.000277	1.000765	0.483175	
93	1.001180	0.000373	-1.904239	-0.000373	1.001180	0.366857	
94	1.000879	0.000470	-1.810553	-0.000470	1.000879	0.527446	
95	1.001007	0.000712	-2.005922	-0.000712	1.001007	0.723683	
96	1.000740	0.000849	-2.289474	-0.000849	1.000740	1.015919	
97	1.001160	0.000959	-2.739641	-0.000959	1.001160	0.845794	
98	1.001255	0.000788	-2.496658	-0.000788	1.001255	0.607538	
99	1.001456	0.000690	-2.389199	-0.000690	1.001456	0.508402	
100	1.001571	0.000579	-2.335923	-0.000579	1.001571	0.389575	
101	1.001407	0.000549	-2.273482	-0.000549	1.001407	0.314646	
102	1.001639	0.000429	-2.096901	-0.000429	1.001639	0.188185	
103	1.001913	0.000281	-2.020611	-0.000281	1.001913	0.172853	
104	1.001457	0.000311	-1.798425	-0.000311	1.001457	0.415692	
105	1.001292	0.000403	-1.708655	-0.000403	1.001292	0.470884	
106	1.001400	0.000530	-1.906144	-0.000530	1.001400	0.501568	
107	1.001216	0.000410	-1.831412	-0.000410	1.001216	0.483170	
108	1.001075	0.000421	-1.663465	-0.000421	1.001075	0.641414	
109	1.000984	0.000302	-1.524444	-0.000302	1.000984	0.634041	
110	1.001296	0.000384	-1.873227	-0.000384	1.001296	0.525787	
111	1.001105	0.000459	-1.810403	-0.000459	1.001105	0.635054	
112	1.001147	0.000437	-1.949714	-0.000437	1.001147	0.688718	
113	1.001244	0.000561	-1.992077	-0.000561	1.001244	0.835494	
114	1.002065	0.000490	-2.348350	-0.000490	1.002065	0.310455	
115	1.001931	0.000414	-2.105341	-0.000414	1.001931	0.186607	
116	1.002074	0.000334	-2.300911	-0.000334	1.002074	0.190438	
117	1.001529	0.000286	-1.973728	-0.000286	1.001529	0.480914	
118	1.001967	0.000280	-2.251650	-0.000280	1.001967	0.421049	
119	1.002192	0.000383	-2.534950	-0.000383	1.002192	0.507306	
120	1.002717	0.000328	-2.901370	-0.000328	1.002717	0.165764	
121	1.002236	0.000376	-2.771374	-0.000376	1.002236	0.375636	
122	1.002538	0.000398	-3.218824	-0.000398	1.002538	0.313777	
123	1.002631	0.000642	-3.528604	-0.000642	1.002631	0.514210	
124	1.002682	0.000766	-3.608046	-0.000766	1.002682	0.562914	
125	1.002571	0.000749	-3.546863	-0.000749	1.002571	0.718053	
126	1.002727	0.000833	-3.716308	-0.000833	1.002727	0.751989	
127	1.003166	0.000709	-3.797455	-0.000709	1.003166	0.395553	
128	1.003432	0.000773	-4.057964	-0.000773	1.003432	0.249174	
129	1.003119	0.000843	-4.046045	-0.000843	1.003119	0.481041	
130	1.003323	0.000762	-4.152140	-0.000762	1.003323	0.261289	
131	1.003966	0.000644	-4.331365	-0.000644	1.003966	-0.250257	
132	1.003847	0.000689	-4.315436	-0.000689	1.003847	-0.191987	
133	1.003755	0.000697	-4.375928	-0.000697	1.003755	-0.248766	
134	1.003586	0.000689	-4.417892	-0.000689	1.003586	-0.338126	
135	1.003893	0.000802	-4.672794	-0.000802	1.003893	-0.469606	
136	1.004039	0.000936	-5.025637	-0.000936	1.004039	-0.485500	
137	1.005401	0.000865	-6.334702	-0.000865	1.005401	-0.922839	
138	1.002620	0.001048	-3.551904	-0.001048	1.002620	-0.007077	
139	1.003649	0.001171	-4.815680	-0.001171	1.003649	-0.372777	
140	1.003866	0.001354	-5.303215	-0.001354	1.003866	-0.363576	
141	1.003193	0.001406	-4.688103	-0.001406	1.003193	-0.142757	
142	1.003842	0.001373	-5.185894	-0.001373	1.003842	-0.472288	
143	1.003564	0.001378	-4.555242	-0.001378	1.003564	-0.380767	
144	1.004593	0.001252	-5.510685	-0.001252	1.004593	-1.025286	
145	1.004082	0.001159	-4.950137	-0.001159	1.004082	-0.954651	
146	1.004287	0.000874	-4.637331	-0.000874	1.004287	-1.269811	
147	1.003305	0.000692	-3.409394	-0.000692	1.003305	-1.046443	
148	1.001206	0.000823	-1.814851	-0.000823	1.001206	-0.299387	
149	1.000191	0.000811	-1.406738	-0.000811	1.000191	0.141938	
150	1.000310	0.000743	-1.460643	-0.000743	1.000310	0.424932	
151	1.000556	0.000748	-1.489466	-0.000748	1.000556	0.016189	
152	1.000834	0.000866	-1.544901	-0.000866	1.000834	-0.283987	
153	1.000947	0.000736	-1.601692	-0.000736	1.000947	-0.596226	
154	1.000811	0.000630	-1.248322	-0.000630	1.000811	-0.775540	
155	1.001292	0.000578	-1.561799	-0.000578	1.001292	-0.969057	
156	1.001445	0.000337	-1.245322	-0.000337	1.001445	-1.281507	
157	1.001643	-0.000011	-0.902074	0.000011	1.001643	-1.556561	
158	1.001835	0.000185	-1.410796	-0.000185	1.001835	-1.570047	
159	1.001176	0.000066	-0.910269	-0.000066	1.001176	-1.200557	
160	1.001105	0.000138	-0.867303	-0.000138	1.001105	-1.128581	
161	1.001183	-0.000009	-1.007436	0.000009	1.001183	-1.269923	
162	1.001298	0.000099	-1.113042	-0.000099	1.001298	-1.380346	
163	1.001295	-0.000059	-0.898671	0.000059	1.001295	-1.540627	
164	1.001181	-0.000192	-0.637307	0.000192	1.001181	-1.562986	
165	0.997758	-0.000605	2.356531	0.000605	0.997758	-0.217133	
166	0.998167	-0.000142	1.840512	0.000142	0.998167	-0.021191	
167	0.998834	-0.001557	3.327325	0.001557	0.998834	-1.297557	
168	0.999052	-0.002455	4.765205	0.002455	0.999052	-2.059023	
169	0.999500	-0.003658	5.363728	0.003658	0.999500	-3.168380	
170	1.002642	-0.003990	2.881851	0.003990	1.002642	-4.376080	
171	0.997168	-0.003241	8.844853	0.003241	0.997168	-1.883108	
172	0.995809	-0.001037	9.979492	0.001037	0.995809	0.091735	
173	1.002256	-0.005120	3.776174	0.005120	1.002256	-5.024768	
174	1.001603	-0.005317	4.664334	0.005317	1.001603	-4.823992	
175	1.002190	-0.005776	5.086798	0.005776	1.002190	-5.262635	
176	1.005063	-0.005032	1.523358	0.005032	1.005063	-6.159271	
177	0.995764	-0.000779	12.157963	0.000779	0.995764	0.677300	
178	1.005414	-0.007371	4.011374	0.007371	1.005414	-7.732981	
179	1.004653	-0.007941	5.605289	0.007941	1.004653	-7.869510	
180	0.995825	-0.001227	14.086337	0.001227	0.995825	0.266442	
181	1.006090	-0.008556	5.066713	0.008556	1.006090	-8.526617	
182	0.995338	-0.001291	14.593613	0.001291	0.995338	0.178536	
183	1.005529	-0.007820	6.422471	0.007820	1.005529	-7.975018	
184	0.997028	-0.001493	15.263746	0.001493	0.997028	-0.296134	
185	0.996502	-0.001337	16.148186	0.001337	0.996502	-0.107296	
186	0.996263	-0.000866	16.940929	0.000866	0.996263	0.396444	
187	0.995651	-0.001665	18.054109	0.001665	0.995651	-0.175841	
188	0.996301	-0.001199	18.808499	0.001199	0.996301	0.028418	
189	0.996267	-0.001189	19.716190	0.001189	0.996267	0.100445	
190	0.995636	-0.001064	21.181095	0.001064	0.995636	0.443974	
191	0.995598	-0.001318	22.113114	0.001318	0.995598	0.281228	
192	0.994401	-0.002333	23.378973	0.002333	0.994401	-0.012181	
193	0.994747	-0.001820	23.934446	0.001820	0.994747	0.387117	
194	0.995193	-0.001333	24.277116	0.001333	0.995193	0.490656	
195	0.994689	-0.001401	24.900679	0.001401	0.994689	0.534871	
196	0.994089	-0.002201	25.347951	0.002201	0.994089	0.330121	
197	0.994118	-0.002236	25.290292	0.002236	0.994118	0.314850	
198	1.006821	-0.003046	13.357454	0.003046	1.006821	-3.626265	
199	1.006829	-0.002828	13.714780	0.002828	1.006829	-3.364693	
200	1.006228	-0.002870	14.850818	0.002870	1.006228	-3.308619	
201	0.996012	-0.002471	25.014302	0.002471	0.996012	-0.277173	
202	1.008780	-0.002992	12.841408	0.002992	1.008780	-4.121708	
203	1.006344	-0.004229	15.201531	0.004229	1.006344	-5.040234	
204	1.005989	-0.002816	15.383940	0.002816	1.005989	-3.472640	
205	1.006917	-0.002700	14.892044	0.002700	1.006917	-3.184108	
206	1.004843	-0.001766	14.574654	0.001766	1.004843	-2.033076	
207	0.986834	-0.008946	15.386400	0.008946	0.986834	2.812902	
208	0.996484	-0.001861	19.061463	0.001861	0.996484	-0.020235	
209	1.009972	-0.006995	3.981039	0.006995	1.009972	-8.874615	
210	1.011600	-0.007896	1.297974	0.007896	1.011600	-10.560034	
211	1.008971	-0.004493	2.952009	0.004493	1.008971	-6.077076	
212	0.994901	-0.001033	18.525074	0.001033	0.994901	1.139707	
213	0.997364	0.001010	1.423119	-0.001010	0.997364	2.060101	
214	1.008478	-0.006716	1.200250	0.006716	1.008478	-8.383429	
215	0.997632	-0.000307	2.151099	0.000307	0.997632	1.058680	
216	1.006775	-0.006899	2.581228	0.006899	1.006775	-7.737248	
217	0.995829	-0.002932	4.649226	0.002932	0.995829	0.652312	
218	1.008795	-0.006544	0.544542	0.006544	1.008795	-8.552231	
219	0.995747	-0.001619	17.515377	0.001619	0.995747	0.623182	
220	0.995078	-0.001462	18.063707	0.001462	0.995078	0.852591	
221	0.995187	-0.001657	18.121369	0.001657	0.995187	0.705332	
222	1.009360	-0.007227	1.582474	0.007227	1.009360	-9.197483	
223	0.997613	-0.000713	2.535748	0.000713	0.997613	0.315805	
224	0.996142	-0.001680	18.204179	0.001680	0.996142	0.193938	
225	0.998358	-0.002317	2.442887	0.002317	0.998358	-0.066886	
226	0.996042	-0.001918	18.771074	0.001918	0.996042	0.303608	
227	1.007788	-0.003393	7.824201	0.003393	1.007788	-4.142040	
228	0.996668	-0.001296	18.929506	0.001296	0.996668	0.492444	
229	0.996204	-0.001745	19.066485	0.001745	0.996204	0.296563	
230	0.995862	-0.001839	19.140875	0.001839	0.995862	0.146202	
231	1.010725	-0.009761	4.347113	0.009761	1.010725	-10.636006	
232	0.996757	-0.001386	3.750091	0.001386	0.996757	0.367060	
233	0.996021	-0.001918	4.545526	0.001918	0.996021	0.980221	
234	0.997358	-0.000328	2.040307	0.000328	0.997358	1.421940	
235	0.997324	-0.001381	2.630783	0.001381	0.997324	0.708237	
236	0.995568	-0.001304	17.921076	0.001304	0.995568	0.794020	
237	0.998279	-0.002651	2.893093	0.002651	0.998279	-0.667656	
238	0.994973	-0.001306	18.435342	0.001306	0.994973	0.810293	
239	0.995153	-0.001316	18.176348	0.001316	0.995153	0.790013	
240	0.995319	-0.001333	17.990387	0.001333	0.995319	0.771647	
241	0.995711	-0.000924	17.701297	0.000924	0.995711	0.863024	
242	0.998499	-0.000679	1.135930	0.000679	0.998499	0.507034	
243	0.995193	-0.001197	17.205802	0.001197	0.995193	0.817714	
244	0.995802	-0.001242	16.730332	0.001242	0.995802	0.740826	
245	0.995861	-0.001275	16.721954	0.001275	0.995861	0.448107	
246	0.995820	-0.001374	16.077567	0.001374	0.995820	0.182125	
247	1.010526	-0.011164	3.721387	0.011164	1.010526	-11.833909	
248	0.997314	-0.001986	14.023705	0.001986	0.997314	-0.336511	
249	1.007428	-0.010744	5.468617	0.010744	1.007428	-11.394997	
250	1.009484	-0.011709	3.513575	0.011709	1.009484	-12.796354	
251	0.998054	-0.001350	13.611750	0.001350	0.998054	-0.200122	
252	0.998943	-0.001456	13.477011	0.001456	0.998943	-1.048434	
253	0.999199	-0.001541	13.525977	0.001541	0.999199	-1.204463	
254	1.001048	-0.001745	12.035263	0.001745	1.001048	-1.898016	
255	1.000771	-0.001576	12.251865	0.001576	1.000771	-1.667660	
256	0.999758	-0.001699	13.618744	0.001699	0.999758	-1.223251	
257	1.001132	-0.002142	12.784743	0.002142	1.001132	-1.307723	
258	0.999675	-0.001380	13.346612	0.001380	0.999675	-0.844186	
259	1.001372	-0.001142	10.541079	0.001142	1.001372	-2.264843	
260	1.001574	-0.001290	10.042542	0.001290	1.001574	-1.664056	
261	1.001898	-0.001166	9.878585	0.001166	1.001898	-0.924604	
262	1.002095	-0.001040	9.450091	0.001040	1.002095	-1.569165	
263	1.001355	-0.001027	9.761994	0.001027	1.001355	-1.736810	
264	1.001974	-0.001305	9.881502	0.001305	1.001974	-1.423367	
265	1.001131	-0.001050	10.384728	0.001050	1.001131	-1.422198	
266	1.001421	-0.001206	9.262239	0.001206	1.001421	-1.360143	
267	1.002504	-0.002531	7.205967	0.002531	1.002504	-1.899075	
268	0.991977	-0.004905	9.640103	0.004905	0.991977	0.830544	
269	1.001801	-0.002655	7.164773	0.002655	1.001801	-2.770144	
270	1.001228	-0.000673	6.940119	0.000673	1.001228	-1.129093	
271	1.003513	-0.003811	5.349092	0.003811	1.003513	-3.404977	
272	0.993699	-0.005707	9.856665	0.005707	0.993699	-0.529160	
273	1.000785	-0.000844	8.072326	0.000844	1.000785	-1.298354	
274	1.000649	-0.003853	7.051472	0.003853	1.000649	-2.777046	
275	1.001037	-0.000951	7.108883	0.000951	1.001037	-1.032481	
276	0.994097	-0.005719	8.810239	0.005719	0.994097	-0.377727	
277	0.994654	-0.006116	8.994678	0.006116	0.994654	-0.756820	
278	1.004993	-0.005224	3.271587	0.005224	1.004993	-5.804056	
279	0.999958	-0.003028	7.497235	0.003028	0.999958	-2.019471	
280	1.001235	-0.000855	7.546227	0.000855	1.001235	-1.189177	
281	0.996868	-0.006597	8.920886	0.006597	0.996868	-2.283759	
282	1.002621	-0.003833	5.879602	0.003833	1.002621	-3.383241	
283	1.002485	-0.002645	6.106502	0.002645	1.002485	-2.455920	
284	1.002635	-0.005114	4.991202	0.005114	1.002635	-4.488100	
285	1.000693	-0.004819	5.878271	0.004819	1.000693	-3.161590	
286	1.002573	-0.002142	5.108386	0.002142	1.002573	-2.278386	
287	1.000466	-0.002659	5.705864	0.002659	1.000466	-1.954500	
288	1.001401	-0.003511	5.338531	0.003511	1.001401	-2.408058	
289	1.000965	-0.003605	5.496604	0.003605	1.000965	-2.455256	
290	0.997127	-0.005104	7.270539	0.005104	0.997127	-1.652243	
291	1.001069	-0.003550	4.983829	0.003550	1.001069	-2.588577	
292	1.000398	-0.003114	5.125959	0.003114	1.000398	-1.979661	
293	0.997728	-0.003613	5.911506	0.003613	0.997728	-1.407976	
294	1.000569	-0.003000	4.123579	0.003000	1.000569	-2.397018	
295	1.000592	-0.002835	4.230845	0.002835	1.000592	-1.822420	
296	1.000578	-0.002658	3.784889	0.002658	1.000578	-1.715994	
297	1.001063	-0.002785	3.106461	0.002785	1.001063	-2.180778	
298	0.999922	-0.002173	2.609311	0.002173	0.999922	-1.485976	
299	1.000716	-0.001635	1.505802	0.001635	1.000716	-1.395249	
300	1.000810	-0.001693	1.865240	0.001693	1.000810	-1.428738	
301	1.000240	-0.001793	2.368427	0.001793	1.000240	-1.436104	
302	1.000921	-0.001860	2.205373	0.001860	1.000921	-1.803449	
303	1.000867	-0.001745	2.395846	0.001745	1.000867	-1.712962	
304	1.001209	-0.002034	2.300044	0.002034	1.001209	-1.778894	
305	1.000133	-0.001879	2.803965	0.001879	1.000133	-1.274156	
306	1.000675	-0.001824	2.497129	0.001824	1.000675	-1.744327	
307	1.001133	-0.001826	2.362023	0.001826	1.001133	-1.692929	
308	1.000278	-0.001917	2.714152	0.001917	1.000278	-1.115347	
309	0.999788	-0.002000	2.588002	0.002000	0.999788	-1.321404	
310	1.001243	-0.001729	1.750133	0.001729	1.001243	-1.795992	
311	0.999900	-0.001639	2.410906	0.001639	0.999900	-0.783257	
312	1.000217	-0.001676	2.298143	0.001676	1.000217	-1.142733	
313	1.001391	-0.001298	1.054428	0.001298	1.001391	-1.852651	
314	1.001068	-0.000413	-0.109058	0.000413	1.001068	-0.855446	
315	1.000837	0.000004	-1.014585	-0.000004	1.000837	-0.315372	
316	1.001513	-0.000290	-0.434456	0.000290	1.001513	-1.163674	
317	1.001125	-0.000090	-0.621950	0.000090	1.001125	-0.901087	
318	1.000951	0.000073	-1.082089	-0.000073	1.000951	-0.314663	
319	1.001380	-0.000129	-0.920440	0.000129	1.001380	-0.697880	
320	1.001277	-0.000063	-1.115031	0.000063	1.001277	-0.936401	
321	1.001138	-0.000155	-1.103231	0.000155	1.001138	-0.593465	
322	1.001255	-0.000094	-1.281996	0.000094	1.001255	-0.448976	
323	1.001317	-0.000075	-1.164849	0.000075	1.001317	-0.872722	
324	1.001372	0.000144	-1.145676	-0.000144	1.001372	-0.727472	
325	1.001808	0.000571	-1.911837	-0.000571	1.001808	-0.426042	
326	1.001079	0.000501	-1.454953	-0.000501	1.001079	-0.289558	
327	1.001073	0.000512	-1.289930	-0.000512	1.001073	-0.359375	
328	1.001156	0.000683	-1.647256	-0.000683	1.001156	-0.236560	
329	1.001137	0.000577	-1.740465	-0.000577	1.001137	-0.225504	
330	1.000771	0.000495	-1.417459	-0.000495	1.000771	-0.059431	
331	1.001127	0.000341	-1.593559	-0.000341	1.001127	-0.378474	
332	1.001345	0.000506	-2.069719	-0.000506	1.001345	-0.449579	
333	1.001037	0.000377	-1.399804	-0.000377	1.001037	-0.125965	
334	1.001153	0.000290	-1.261766	-0.000290	1.001153	-0.346870	
335	1.001255	0.000221	-1.123451	-0.000221	1.001255	-0.519821	
336	1.001241	0.000218	-1.027348	-0.000218	1.001241	-0.531295	
337	1.001090	0.000141	-0.856630	-0.000141	1.001090	-0.490810	
338	1.001251	0.000093	-1.023351	-0.000093	1.001251	-0.441470	
339	1.001222	0.000151	-0.992176	-0.000151	1.001222	-0.472067	
340	1.001073	0.000092	-0.836549	-0.000092	1.001073	-0.603264	
341	1.001474	0.000062	-1.044210	-0.000062	1.001474	-0.789792	
342	1.001567	0.000128	-1.163841	-0.000128	1.001567	-0.742748	
343	1.001483	0.000100	-1.086600	-0.000100	1.001483	-0.803153	
344	1.001562	0.000077	-1.095108	-0.000077	1.001562	-0.935363	
345	1.001641	0.000091	-1.179381	-0.000091	1.001641	-0.924906	
346	1.001775	0.000072	-1.353631	-0.000072	1.001775	-0.846655	
347	1.001397	0.000078	-1.111349	-0.000078	1.001397	-0.668594	
348	1.001533	0.000034	-1.186632	-0.000034	1.001533	-0.719838	
349	1.001379	0.000116	-1.211658	-0.000116	1.001379	-0.457187	
350	1.001396	0.000111	-1.255852	-0.000111	1.001396	-0.486873	
351	1.001348	0.000073	-1.099116	-0.000073	1.001348	-0.587828	
352	1.001306	0.000106	-1.112985	-0.000106	1.001306	-0.537831	
353	1.001363	0.000059	-1.142308	-0.000059	1.001363	-0.460845	
354	1.001128	0.000135	-1.015681	-0.000135	1.001128	-0.326358	
355	1.001058	0.000029	-0.785056	-0.000029	1.001058	-0.539278	
356	1.001244	0.000044	-0.978105	-0.000044	1.001244	-0.631263	
357	1.000812	0.000060	-0.645358	-0.000060	1.000812	-0.187299	
358	1.000840	0.000044	-0.676573	-0.000044	1.000840	-0.258581	
359	1.000939	-0.000001	-0.679154	0.000001	1.000939	-0.454851	
360	1.000740	-0.000197	-0.285212	0.000197	1.000740	-0.339825	
361	1.000346	-0.000265	0.071719	0.000265	1.000346	-0.128964	
362	1.000706	-0.000165	-0.081262	0.000165	1.000706	-0.366182	
363	1.000442	-0.000365	0.222795	0.000365	1.000442	-0.427255	
364	1.000438	-0.000377	0.364707	0.000377	1.000438	-0.348405	
365	1.000426	-0.000424	0.467999	0.000424	1.000426	-0.379249	
366	1.000588	-0.000372	0.479364	0.000372	1.000588	-0.516990	
367	1.000446	-0.000492	0.775915	0.000492	1.000446	-0.519795	
368	1.000314	-0.000510	0.841568	0.000510	1.000314	-0.388405	
369	1.000286	-0.000580	0.824350	0.000580	1.000286	-0.410961	
370	1.000410	-0.000773	0.940822	0.000773	1.000410	-0.618805	
371	1.000257	-0.000716	0.945574	0.000716	1.000257	-0.508217	
372	1.000298	-0.000615	0.917754	0.000615	1.000298	-0.507264	
373	1.000229	-0.000527	0.830218	0.000527	1.000229	-0.494169	
374	1.000104	-0.000517	0.871333	0.000517	1.000104	-0.436346	
375	1.000151	-0.000506	0.854407	0.000506	1.000151	-0.422823	
376	1.000003	-0.000583	0.929815	0.000583	1.000003	-0.394826	
377	0.999893	-0.000640	0.962846	0.000640	0.999893	-0.347007	
378	1.000144	-0.000738	0.916332	0.000738	1.000144	-0.520228	
379	1.000227	-0.000806	0.981345	0.000806	1.000227	-0.571220	
380	1.000093	-0.000832	1.079290	0.000832	1.000093	-0.491323	
381	1.000217	-0.000887	1.020257	0.000887	1.000217	-0.733974	
382	0.999350	-0.000887	1.494252	0.000887	0.999350	-0.337732	
383	0.999467	-0.000662	1.272132	0.000662	0.999467	-0.179189	
384	0.999521	-0.000649	1.245960	0.000649	0.999521	-0.233381	
385	0.999578	-0.000753	1.425496	0.000753	0.999578	-0.443223	
386	0.999417	-0.000817	1.542901	0.000817	0.999417	-0.353795	
387	0.999498	-0.000811	1.497394	0.000811	0.999498	-0.248057	
388	0.999510	-0.000764	1.417498	0.000764	0.999510	-0.233652	
389	0.999468	-0.000852	1.467696	0.000852	0.999468	-0.348460	
390	0.999423	-0.000710	1.447397	0.000710	0.999423	-0.231577	
391	0.999326	-0.000515	1.339187	0.000515	0.999326	-0.114355	
392	0.999405	-0.000571	1.326108	0.000571	0.999405	-0.157963	
393	0.999384	-0.000617	1.579585	0.000617	0.999384	-0.234754	
394	0.999341	-0.000812	1.705205	0.000812	0.999341	-0.258766	
395	0.999206	-0.000893	1.839802	0.000893	0.999206	-0.235380	
396	0.999034	-0.001176	2.384694	0.001176	0.999034	-0.363169	
397	0.998912	-0.001435	2.794443	0.001435	0.998912	-0.414591	
398	0.998771	-0.001578	3.030060	0.001578	0.998771	-0.355812	
399	0.998797	-0.001651	3.156841	0.001651	0.998797	-0.466259	
400	0.998789	-0.001715	3.254780	0.001715	0.998789	-0.492590	
401	0.998782	-0.001936	3.441382	0.001936	0.998782	-0.493793	
402	0.998552	-0.002032	3.756276	0.002032	0.998552	-0.391847	
403	0.998614	-0.001863	3.782313	0.001863	0.998614	-0.457106	
404	0.998800	-0.001719	3.686240	0.001719	0.998800	-0.553177	
405	0.998919	-0.001690	3.600037	0.001690	0.998919	-0.557004	
406	0.998669	-0.001805	3.694881	0.001805	0.998669	-0.355679	
407	0.998881	-0.001824	3.861075	0.001824	0.998881	-0.447587	
408	0.999032	-0.001913	4.096269	0.001913	0.999032	-0.662034	
409	0.999107	-0.001685	3.636529	0.001685	0.999107	-0.604602	
410	0.998937	-0.001674	3.839502	0.001674	0.998937	-0.444684	
411	0.999152	-0.001723	3.818409	0.001723	0.999152	-0.531420	
412	0.999342	-0.001447	3.609564	0.001447	0.999342	-0.534977	
413	0.999276	-0.001358	3.393925	0.001358	0.999276	-0.457513	
414	0.999377	-0.001394	3.383968	0.001394	0.999377	-0.493786	
415	0.999354	-0.001401	3.384427	0.001401	0.999354	-0.465341	
416	0.999489	-0.001242	3.016043	0.001242	0.999489	-0.460182	
417	0.999536	-0.000970	2.492835	0.000970	0.999536	-0.362978	
418	0.999585	-0.000623	2.046988	0.000623	0.999585	-0.269430	
419	0.999444	-0.000569	1.880802	0.000569	0.999444	-0.086606	
420	0.999599	-0.000284	1.558950	0.000284	0.999599	-0.044959	
421	0.999903	-0.000325	1.555305	0.000325	0.999903	-0.178234	
422	0.999892	-0.000499	1.594803	0.000499	0.999892	-0.256108	
423	0.999825	-0.000538	1.577579	0.000538	0.999825	-0.289248	
424	0.999845	-0.000468	1.590426	0.000468	0.999845	-0.200201	
425	0.999553	-0.000427	1.537367	0.000427	0.999553	-0.054254	
426	0.999586	-0.000382	1.389872	0.000382	0.999586	-0.181355	
427	0.999950	-0.000380	1.238179	0.000380	0.999950	-0.460396	
428	1.000011	-0.000258	1.153147	0.000258	1.000011	-0.148235	
429	0.999895	-0.000455	1.176866	0.000455	0.999895	-0.126474	
430	1.000304	-0.000434	1.064541	0.000434	1.000304	-0.424464	
431	1.000314	-0.000587	1.160451	0.000587	1.000314	-0.449485	
432	1.000136	-0.000644	1.300442	0.000644	1.000136	-0.279614	
433	1.000178	-0.000588	1.298760	0.000588	1.000178	-0.274148	
434	1.000092	-0.000575	1.302793	0.000575	1.000092	-0.212628	
435	1.000379	-0.000638	1.002998	0.000638	1.000379	-0.241358	
436	1.000183	-0.000353	0.593528	0.000353	1.000183	0.270174	
437	0.999920	-0.000155	0.329542	0.000155	0.999920	0.593807	
438	0.999826	0.000295	-0.071355	-0.000295	0.999826	0.694103	
439	1.000030	0.000523	-0.277957	-0.000523	1.000030	0.397358	
440	0.999748	0.000124	-0.001937	-0.000124	0.999748	0.253651	
441	0.999825	0.000270	-0.174096	-0.000270	0.999825	0.417980	
442	0.999748	0.000286	-0.287024	-0.000286	0.999748	0.655571	
443	0.999854	0.000177	-0.373648	-0.000177	0.999854	0.428576	
444	1.000353	-0.000020	-0.604052	0.000020	1.000353	-0.217059	
445	1.000250	0.000207	-0.784572	-0.000207	1.000250	-0.117018	
446	1.000293	0.000526	-1.286757	-0.000526	1.000293	0.219671	
447	1.000713	0.000671	-1.547019	-0.000671	1.000713	0.205169	
448	1.001131	0.000749	-2.208687	-0.000749	1.001131	-0.144106	
449	1.001146	0.001217	-2.794496	-0.001217	1.001146	0.058653	
450	1.001271	0.001407	-3.008153	-0.001407	1.001271	0.185114	
451	1.001519	0.001351	-3.085122	-0.001351	1.001519	0.098621	
452	1.001763	0.001444	-3.393909	-0.001444	1.001763	0.154034	
453	1.001467	0.001389	-3.158679	-0.001389	1.001467	0.192061	
454	1.001776	0.001300	-3.406488	-0.001300	1.001776	0.027783	
455	1.001524	0.001247	-2.996120	-0.001247	1.001524	0.082907	
456	1.001289	0.001104	-2.778904	-0.001104	1.001289	0.003556	
457	1.001572	0.001386	-3.360327	-0.001386	1.001572	-0.016172	
458	1.001444	0.001396	-3.157662	-0.001396	1.001444	-0.123576	
459	1.001273	0.001239	-3.005136	-0.001239	1.001273	-0.136908	
460	1.001140	0.001254	-2.856110	-0.001254	1.001140	0.045508	
461	1.000852	0.000944	-2.455380	-0.000944	1.000852	0.026592	
462	1.001102	0.000706	-2.359705	-0.000706	1.001102	-0.340531	
463	1.001075	0.000588	-2.043128	-0.000588	1.001075	-0.383092	
464	1.001060	0.000590	-1.913620	-0.000590	1.001060	-0.436689	
465	1.000687	0.000431	-1.426703	-0.000431	1.000687	-0.431672	
466	1.000551	0.000231	-0.994661	-0.000231	1.000551	-0.373317	
467	1.000458	-0.000082	-0.557335	0.000082	1.000458	-0.569020	
468	1.000764	-0.000215	-0.366615	0.000215	1.000764	-0.849507	
469	1.000362	-0.000318	0.121197	0.000318	1.000362	-0.830845	
470	1.000171	-0.000187	0.204891	0.000187	1.000171	-0.383428	
471	0.999971	-0.000240	0.472809	0.000240	0.999971	-0.300037	
472	1.000103	-0.000386	0.668875	0.000386	1.000103	-0.626762	
473	1.000097	-0.000530	0.734320	0.000530	1.000097	-0.611775	
474	1.000240	-0.000414	0.590199	0.000414	1.000240	-0.551505	
475	1.000314	-0.000646	0.952431	0.000646	1.000314	-0.870501	
476	1.000196	-0.000722	1.015012	0.000722	1.000196	-0.780146	
477	1.000205	-0.000740	1.177514	0.000740	1.000205	-0.696742	
478	1.000442	-0.000645	0.827133	0.000645	1.000442	-0.780168	
479	1.000380	-0.000452	0.489774	0.000452	1.000380	-0.646268	
480	1.000419	-0.000481	0.422462	0.000481	1.000419	-0.635826	
481	1.000446	-0.000233	-0.085518	0.000233	1.000446	-0.461608	
482	1.000459	-0.000058	-0.380057	0.000058	1.000459	-0.371312	
483	1.000626	-0.000065	-0.316475	0.000065	1.000626	-0.557561	
484	1.000405	-0.000012	-0.376917	0.000012	1.000405	-0.365645	
485	1.000316	0.000055	-0.295443	-0.000055	1.000316	-0.229315	
486	1.000442	-0.000089	-0.338722	0.000089	1.000442	-0.504633	
487	1.000274	0.000009	-0.468796	-0.000009	1.000274	-0.475904	
488	1.000240	0.000109	-0.440576	-0.000109	1.000240	-0.321819	
489	0.998100	-0.000213	1.386614	0.000213	0.998100	0.683731	
490	0.998402	-0.000019	0.628085	0.000019	0.998402	0.447615	
491	0.999231	0.000240	-0.106628	-0.000240	0.999231	0.190108	
492	0.999259	0.000151	-0.289555	-0.000151	0.999259	0.172960	
493	0.998858	0.000202	-0.208494	-0.000202	0.998858	0.491917	
494	0.998449	0.000185	0.083519	-0.000185	0.998449	0.678787	
495	0.998476	0.000565	-0.233324	-0.000565	0.998476	0.844940	
496	0.998455	0.000780	-0.441644	-0.000780	0.998455	1.147201	
497	0.998348	0.000618	-0.115653	-0.000618	0.998348	1.101747	
498	0.998197	0.000212	0.588770	-0.000212	0.998197	0.823970	
499	0.998441	-0.000099	0.920524	0.000099	0.998441	0.573941	
500	0.998224	0.000105	0.773485	-0.000105	0.998224	0.856031	
501	0.998502	0.000116	0.619796	-0.000116	0.998502	0.714612	
502	0.998348	0.000321	0.513853	-0.000321	0.998348	0.788659	
503	0.998092	0.000503	0.341998	-0.000503	0.998092	1.147751	
504	0.998675	0.000812	-0.468077	-0.000812	0.998675	1.264513	
505	0.998670	0.000731	-0.610414	-0.000731	0.998670	1.317420	
506	0.998776	0.000880	-0.787904	-0.000880	0.998776	1.221669	
507	0.998346	0.000884	-0.910936	-0.000884	0.998346	1.387255	
508	0.998444	0.000820	-1.128676	-0.000820	0.998444	1.327991	
509	0.998728	0.000886	-1.270620	-0.000886	0.998728	1.275459	
510	0.999322	0.000966	-1.641285	-0.000966	0.999322	1.151637	
511	0.999968	0.001445	-2.350765	-0.001445	0.999968	1.109388	
512	1.000546	0.001157	-2.356549	-0.001157	1.000546	0.564618	
513	1.000665	0.000787	-1.979392	-0.000787	1.000665	-0.033333	
514	1.000466	0.000722	-1.588007	-0.000722	1.000466	0.118124	
515	1.000532	0.000719	-1.540139	-0.000719	1.000532	0.182500	
516	1.000395	0.000719	-1.252916	-0.000719	1.000395	0.152981	
517	1.000267	0.000696	-1.032753	-0.000696	1.000267	0.118136	
518	1.000120	0.000518	-0.812201	-0.000518	1.000120	0.180719	
519	1.000092	0.000467	-0.732394	-0.000467	1.000092	0.192422	
520	1.000141	0.000432	-0.814685	-0.000432	1.000141	0.144433	
521	1.000168	0.000297	-0.583304	-0.000297	1.000168	0.115551	
522	0.999996	0.000052	-0.136532	-0.000052	0.999996	0.123983	
523	0.999979	-0.000017	-0.119402	0.000017	0.999979	0.004382	
524	1.000017	-0.000159	0.341358	0.000159	1.000017	-0.238179	
525	1.000406	-0.000279	0.419593	0.000279	1.000406	-0.746765	
526	1.000212	-0.000358	0.679223	0.000358	1.000212	-0.517196	
527	0.999927	-0.000353	0.998893	0.000353	0.999927	0.004877	
528	0.999936	-0.000611	1.372940	0.000611	0.999936	-0.212816	
529	0.999267	-0.000790	1.818013	0.000790	0.999267	0.023522	
530	0.999624	-0.000984	2.215862	0.000984	0.999624	-0.146241	
531	0.999661	-0.001254	2.441735	0.001254	0.999661	-0.295643	
532	0.999532	-0.001273	2.709999	0.001273	0.999532	-0.173830	
533	0.999501	-0.001407	2.970505	0.001407	0.999501	-0.219364	
534	0.998966	-0.001634	3.408792	0.001634	0.998966	-0.104566	
535	0.999601	-0.001421	2.792761	0.001421	0.999601	-0.486696	
536	0.998930	-0.001743	3.468252	0.001743	0.998930	-0.232803	
537	0.999920	-0.001452	3.266164	0.001452	0.999920	-0.433998	
538	1.000609	-0.002066	2.910711	0.002066	1.000609	-1.203197	
539	1.000943	-0.001520	2.815718	0.001520	1.000943	-1.070198	
540	1.001019	-0.001557	3.011609	0.001557	1.001019	-1.190157	
541	1.000978	-0.001729	3.042469	0.001729	1.000978	-1.238420	
542	1.000511	-0.001850	3.068661	0.001850	1.000511	-1.005616	
543	0.999347	-0.002071	3.553406	0.002071	0.999347	-0.524072	
544	1.001289	-0.001976	2.651288	0.001976	1.001289	-1.403113	
545	1.001125	-0.001766	2.494390	0.001766	1.001125	-1.186984	
546	1.001293	-0.001438	1.959168	0.001438	1.001293	-0.928301	
547	1.001012	-0.001310	1.886275	0.001310	1.001012	-0.607698	
548	1.001204	-0.001100	1.674037	0.001100	1.001204	-0.565206	
549	1.000904	-0.001174	1.582025	0.001174	1.000904	-0.553410	
550	1.001498	-0.000940	1.307996	0.000940	1.001498	-0.724149	
551	1.001355	-0.000943	1.306545	0.000943	1.001355	-0.611526	
552	1.001435	-0.000820	1.309440	0.000820	1.001435	-0.474423	
553	1.000854	-0.000883	1.528812	0.000883	1.000854	-0.150331	
554	1.001909	-0.000736	0.749994	0.000736	1.001909	-0.721470	
555	1.001759	-0.000761	0.844295	0.000761	1.001759	-0.669288	
556	1.002018	-0.000731	0.581430	0.000731	1.002018	-0.719432	
557	1.001431	-0.000752	0.847050	0.000752	1.001431	-0.462284	
558	1.001901	-0.000636	0.155883	0.000636	1.001901	-0.727442	
559	1.001888	-0.000611	0.176298	0.000611	1.001888	-0.792154	
560	1.002243	-0.000508	-0.196270	0.000508	1.002243	-0.909519	
561	1.002161	-0.000205	-0.603070	0.000205	1.002161	-0.622026	
562	1.002005	0.000163	-1.145530	-0.000163	1.002005	-0.402168	
563	1.001984	0.000574	-1.651543	-0.000574	1.001984	-0.033245	
564	1.001884	0.000615	-1.589046	-0.000615	1.001884	0.203024	
565	1.002138	0.000698	-2.187622	-0.000698	1.002138	-0.029328	
566	1.002316	0.001241	-3.307372	-0.001241	1.002316	0.023038	
567	1.002398	0.001690	-3.797241	-0.001690	1.002398	-0.221225	
568	1.001813	0.001341	-3.029055	-0.001341	1.001813	-0.210778	
569	1.000886	0.001520	-2.896996	-0.001520	1.000886	0.558051	
570	0.999993	0.002057	-3.231674	-0.002057	0.999993	1.439109	
571	1.000262	0.002132	-3.574449	-0.002132	1.000262	1.070221	
572	1.000350	0.002200	-3.686082	-0.002200	1.000350	1.078697	
573	1.000343	0.002643	-4.266029	-0.002643	1.000343	1.560107	
574	1.000688	0.003040	-5.564851	-0.003040	1.000688	1.701471	
575	1.001195	0.003461	-6.555666	-0.003461	1.001195	1.439225	
576	1.001051	0.003601	-6.583101	-0.003601	1.001051	1.460572	
577	1.001872	0.002772	-7.506615	-0.002772	1.001872	0.829014	
578	1.003449	0.005526	-9.019813	-0.005526	1.003449	1.212714	
579	1.001795	0.004869	-9.111349	-0.004869	1.001795	1.585207	
580	1.000529	0.000630	-8.182733	-0.000630	1.000529	0.228601	
581	0.992859	0.002296	-2.899536	-0.002296	0.992859	4.039418	
582	0.994904	0.002643	-4.912532	-0.002643	0.994904	3.265098	
583	0.994854	0.000589	-4.770578	-0.000589	0.994854	2.411322	
584	0.999084	0.006057	-6.242614	-0.006057	0.999084	3.963055	
585	0.995505	0.000334	-5.457695	-0.000334	0.995505	1.864786	
586	0.995319	0.000346	-5.808739	-0.000346	0.995319	2.047093	
587	0.995448	0.000544	-5.867507	-0.000544	0.995448	2.087177	
588	0.994725	0.000399	-4.501844	-0.000399	0.994725	2.011329	
589	0.999218	0.004600	-5.384677	-0.004600	0.999218	2.723751	
590	0.995526	0.002259	-3.143991	-0.002259	0.995526	2.957988	
591	0.995525	0.001958	-2.257571	-0.001958	0.995525	2.690138	
592	0.998705	0.002504	-2.225923	-0.002504	0.998705	1.737479	
593	0.996273	0.001196	-0.405483	-0.001196	0.996273	2.031084	
594	0.996983	0.001431	-0.936469	-0.001431	0.996983	2.007875	
595	0.996378	0.001424	-0.563087	-0.001424	0.996378	2.358780	
596	0.996467	0.000812	0.354713	-0.000812	0.996467	1.823410	
597	0.996896	0.000767	0.482445	-0.000767	0.996896	1.489705	
598	0.998077	0.000906	-0.503430	-0.000906	0.998077	1.180441	
599	0.999509	0.000880	-1.292766	-0.000880	0.999509	0.510947	
600	0.999903	0.000597	-0.987161	-0.000597	0.999903	0.076543	
601	0.999783	0.000446	-0.608301	-0.000446	0.999783	0.065033	
602	0.999890	0.000436	-0.621134	-0.000436	0.999890	0.040606	
603	0.999875	0.000154	-0.202967	-0.000154	0.999875	-0.051363	
604	0.999933	0.000032	-0.137972	-0.000032	0.999933	-0.130807	
605	0.999977	-0.000097	0.056244	0.000097	0.999977	-0.123233	
606	0.999477	0.000088	0.046482	-0.000088	0.999477	0.330405	
607	0.999483	0.000024	0.344565	-0.000024	0.999483	0.226190	
608	0.999748	-0.000190	0.276619	0.000190	0.999748	0.024575	
609	0.999928	-0.000060	0.190272	0.000060	0.999928	0.045027	
610	0.999828	-0.000189	0.295668	0.000189	0.999828	0.046769	
611	0.999715	-0.000254	0.689175	0.000254	0.999715	0.116740	
612	0.999835	-0.000336	0.746297	0.000336	0.999835	0.016782	
613	0.999684	-0.000363	0.882460	0.000363	0.999684	0.116163	
614	0.999690	-0.000398	0.762487	0.000398	0.999690	0.095707	
615	1.000653	-0.000248	-0.144800	0.000248	1.000653	-0.397379	
616	1.000780	-0.000375	0.110212	0.000375	1.000780	-0.425630	
617	1.000589	-0.000438	0.278009	0.000438	1.000589	-0.378586	
618	1.001100	-0.000422	-0.131224	0.000422	1.001100	-0.575189	
619	1.001584	-0.000309	-0.538843	0.000309	1.001584	-0.710101	
620	1.001567	-0.000218	-0.478079	0.000218	1.001567	-0.841808	
621	1.001879	-0.000147	-0.727623	0.000147	1.001879	-1.020578	
622	1.001825	-0.000178	-0.624765	0.000178	1.001825	-0.952509	
623	1.001716	-0.000255	-0.543893	0.000255	1.001716	-0.843866	
624	1.001257	-0.000357	-0.137905	0.000357	1.001257	-0.805133	
625	1.001532	-0.000512	0.010001	0.000512	1.001532	-1.204487	
626	1.001325	-0.000634	0.416578	0.000634	1.001325	-1.149005	
627	1.001150	-0.000748	0.768240	0.000748	1.001150	-0.937195	
628	1.000961	-0.000901	1.192844	0.000901	1.000961	-0.797606	
629	1.001365	-0.001005	1.273131	0.001005	1.001365	-1.164518	
630	1.001488	-0.000994	1.250491	0.000994	1.001488	-1.384859	
631	1.001285	-0.001029	1.356709	0.001029	1.001285	-1.137342	
632	1.001272	-0.001063	1.467451	0.001063	1.001272	-1.062702	
633	1.001863	-0.001122	1.198777	0.001122	1.001863	-1.474678	
634	1.001425	-0.001257	1.719113	0.001257	1.001425	-1.388460	
635	1.001828	-0.001170	1.290572	0.001170	1.001828	-1.376978	
636	1.001849	-0.001106	1.137394	0.001106	1.001849	-1.305402	
637	1.001687	-0.001077	1.351572	0.001077	1.001687	-1.349764	
638	1.001986	-0.001043	1.074610	0.001043	1.001986	-1.477881	
639	1.001334	-0.001039	1.572313	0.001039	1.001334	-1.029169	
640	1.001262	-0.000997	1.479796	0.000997	1.001262	-1.052929	
641	1.001560	-0.000894	1.129505	0.000894	1.001560	-1.154054	
642	1.001269	-0.000826	1.020816	0.000826	1.001269	-0.884607	
643	1.001293	-0.000912	1.093591	0.000912	1.001293	-0.965728	
644	1.001649	-0.000931	0.867073	0.000931	1.001649	-1.201773	
645	1.001724	-0.000835	0.779755	0.000835	1.001724	-1.166617	
646	1.001769	-0.000760	0.495438	0.000760	1.001769	-0.950335	
647	1.001634	-0.000687	0.368407	0.000687	1.001634	-0.560466	
648	1.001960	-0.000596	0.115841	0.000596	1.001960	-0.553267	
649	1.002067	-0.000681	0.328839	0.000681	1.002067	-0.706680	
650	1.002667	-0.000708	0.007781	0.000708	1.002667	-0.858205	
651	1.002965	-0.000708	-0.283084	0.000708	1.002965	-0.680139	
652	1.003391	-0.000790	-0.381353	0.000790	1.003391	-0.871777	
653	1.003520	-0.000813	-0.463075	0.000813	1.003520	-0.981730	
654	1.004358	-0.000837	-1.005812	0.000837	1.004358	-1.255141	
655	1.004696	-0.000750	-1.257315	0.000750	1.004696	-1.322016	
656	1.003971	-0.000717	-1.092208	0.000717	1.003971	-0.986523	
657	1.004460	-0.000732	-1.218729	0.000732	1.004460	-1.029121	
658	1.004692	-0.000702	-1.361124	0.000702	1.004692	-1.053070	
659	1.004724	-0.000766	-1.365088	0.000766	1.004724	-1.183012	
660	1.004887	-0.000774	-1.232474	0.000774	1.004887	-1.234346	
661	1.005251	-0.000857	-1.173451	0.000857	1.005251	-1.282017	
662	1.002992	-0.000671	-0.379576	0.000671	1.002992	-0.448725	
663	1.003778	-0.000601	-0.808887	0.000601	1.003778	-0.508676	
664	1.004906	-0.000513	-1.559237	0.000513	1.004906	-0.965908	
665	1.004293	-0.000725	-1.361032	0.000725	1.004293	-0.778620	
666	1.005441	-0.000844	-1.624889	0.000844	1.005441	-1.153843	
667	1.005168	-0.000748	-1.552879	0.000748	1.005168	-0.919595	
668	1.003726	-0.000506	-1.096021	0.000506	1.003726	-0.339244	
669	1.004716	-0.000641	-1.465198	0.000641	1.004716	-0.610565	
670	1.004750	-0.000644	-1.410726	0.000644	1.004750	-0.757412	
671	1.004214	-0.000552	-1.227394	0.000552	1.004214	-0.625595	
672	1.005077	-0.000487	-1.792690	0.000487	1.005077	-1.021934	
673	1.005959	-0.000503	-2.353531	0.000503	1.005959	-1.419062	
674	1.005578	-0.000655	-2.116220	0.000655	1.005578	-1.692035	
675	1.005708	-0.000658	-2.171558	0.000658	1.005708	-1.957973	
676	1.005177	-0.000877	-1.804175	0.000877	1.005177	-1.986908	
677	1.004731	-0.000611	-1.708782	0.000611	1.004731	-1.727911	
678	1.004921	-0.000677	-1.827865	0.000677	1.004921	-2.023180	
679	1.004934	-0.000623	-1.752174	0.000623	1.004934	-1.949338	
680	1.004668	-0.000545	-1.713721	0.000545	1.004668	-1.795685	
681	1.004543	-0.000361	-1.600587	0.000361	1.004543	-1.780072	
682	1.004832	-0.000279	-1.831397	0.000279	1.004832	-1.863811	
683	1.004704	-0.000339	-1.841446	0.000339	1.004704	-1.792612	
684	1.004620	-0.000523	-1.667728	0.000523	1.004620	-1.950942	
685	1.003163	-0.000842	-0.745513	0.000842	1.003163	-1.626036	
686	1.001802	-0.000760	-0.157753	0.000760	1.001802	-1.016259	
687	1.001653	-0.000742	-0.125802	0.000742	1.001653	-0.924443	
688	1.000838	-0.000689	0.586303	0.000689	1.000838	-0.703881	
689	1.000610	-0.000645	0.497699	0.000645	1.000610	-0.601298	
690	1.000523	-0.000447	0.599424	0.000447	1.000523	-0.427997	
691	1.000473	-0.000392	0.389096	0.000392	1.000473	-0.368366	
692	1.000525	-0.000348	0.440711	0.000348	1.000525	-0.462282	
693	1.000310	-0.000225	0.509428	0.000225	1.000310	-0.502206	
694	1.000218	-0.000383	0.355739	0.000383	1.000218	-0.582696	
695	0.999968	-0.000288	0.372875	0.000288	0.999968	-0.326914	
696	1.000211	-0.000249	0.278589	0.000249	1.000211	-0.451067	
697	1.000430	-0.000423	-0.271387	0.000423	1.000430	-0.653868	
698	1.000369	-0.000227	0.036485	0.000227	1.000369	-0.453374	
699	1.000533	0.000040	-0.177263	-0.000040	1.000533	-0.316577	
700	1.000545	0.000171	-0.151076	-0.000171	1.000545	-0.249326	
701	1.000647	-0.000075	-0.299249	0.000075	1.000647	-0.457980	
702	1.000618	-0.000138	-0.263977	0.000138	1.000618	-0.482470	
703	1.000628	-0.000062	-0.336664	0.000062	1.000628	-0.338013	
704	1.000495	0.000032	-0.350088	-0.000032	1.000495	-0.096883	
705	1.000589	-0.000057	-0.208419	0.000057	1.000589	-0.443837	
706	1.000578	-0.000074	-0.365219	0.000074	1.000578	-0.498170	
707	1.000768	-0.000099	-0.449247	0.000099	1.000768	-0.561489	
708	1.000739	0.000030	-0.810124	-0.000030	1.000739	-0.523055	
709	1.000745	0.000051	-0.775053	-0.000051	1.000745	-0.656267	
710	1.000567	0.000223	-0.888620	-0.000223	1.000567	-0.537921	
711	1.000795	0.000358	-1.204744	-0.000358	1.000795	-0.746180	
712	1.000568	0.000276	-0.884216	-0.000276	1.000568	-0.501845	
713	1.000489	0.000304	-1.034895	-0.000304	1.000489	-0.565648	
714	1.000520	0.000476	-1.373691	-0.000476	1.000520	-0.334295	
715	1.000837	0.000538	-1.657506	-0.000538	1.000837	-0.571221	
716	1.000765	0.000605	-1.665810	-0.000605	1.000765	-0.319218	
717	1.000694	0.000648	-1.661891	-0.000648	1.000694	-0.364296	
718	1.000555	0.000562	-1.410394	-0.000562	1.000555	-0.252845	
719	1.000547	0.000708	-1.473935	-0.000708	1.000547	-0.273712	
720	1.000632	0.000812	-1.698087	-0.000812	1.000632	-0.336819	
721	1.000659	0.001040	-2.295801	-0.001040	1.000659	-0.309144	
722	1.000829	0.001347	-2.807504	-0.001347	1.000829	-0.175024	
723	1.000858	0.001768	-3.285221	-0.001768	1.000858	0.004409	
724	1.000382	0.001617	-2.771821	-0.001617	1.000382	0.039263	
725	0.996821	0.001648	-0.719296	-0.001648	0.996821	1.633426	
726	0.998405	0.002008	-2.428222	-0.002008	0.998405	0.974547	
727	0.998144	0.002022	-2.319200	-0.002022	0.998144	0.989352	
728	0.998464	0.002492	-2.857821	-0.002492	0.998464	0.951830	
729	1.000243	0.002987	-3.611907	-0.002987	1.000243	0.554203	
730	0.998706	0.003294	-3.576282	-0.003294	0.998706	1.527018	
731	1.000823	0.003307	-4.274668	-0.003307	1.000823	0.258224	
732	0.995940	0.002059	-3.617366	-0.002059	0.995940	0.700463	
733	0.995994	0.002702	-4.719178	-0.002702	0.995994	1.035861	
734	0.994353	0.001043	-4.313998	-0.001043	0.994353	0.191213	
735	0.992895	0.000770	-4.069047	-0.000770	0.992895	0.525637	
736	0.992363	0.001304	-5.157175	-0.001304	0.992363	0.653615	
737	0.992334	0.001308	-6.513403	-0.001308	0.992334	0.497064	
738	0.991793	0.001354	-6.951979	-0.001354	0.991793	0.508211	
739	0.991820	0.001430	-7.880368	-0.001430	0.991820	0.480647	
740	0.992465	0.001650	-8.950756	-0.001650	0.992465	0.481855	
741	0.991519	0.001195	-9.464003	-0.001195	0.991519	0.723579	
742	0.991313	0.001198	-9.654120	-0.001198	0.991313	1.012977	
743	0.990877	0.001468	-9.978683	-0.001468	0.990877	1.333826	
744	0.990462	0.001381	-9.691557	-0.001381	0.990462	1.521727	
745	0.991737	0.000901	-10.177164	-0.000901	0.991737	1.257881	
746	0.991817	0.001386	-9.799600	-0.001386	0.991817	1.525777	
747	0.991045	0.001500	-9.254796	-0.001500	0.991045	1.724435	
748	0.990842	0.001206	-9.285390	-0.001206	0.990842	1.556296	
749	1.009801	0.006997	-13.592644	-0.006997	1.009801	-1.503614	
