0	1.000000	0.000000	0.000000	0.000000	1.000000	0.000000	
1	1.009289	-0.000081	0.806865	0.000081	1.009289	-4.562680	
2	1.009160	-0.000149	0.878497	0.000149	1.009160	-4.672093	
3	1.009456	-0.000212	0.818303	0.000212	1.009456	-5.109599	
4	1.009404	-0.000173	0.860287	0.000173	1.009404	-5.181804	
5	1.009472	-0.000072	0.824735	0.000072	1.009472	-5.333867	
6	1.009357	0.000006	0.717693	-0.000006	1.009357	-5.385085	
7	1.009274	-0.000060	0.533203	0.000060	1.009274	-5.535546	
8	1.009275	-0.000094	0.296785	0.000094	1.009275	-5.498036	
9	1.009172	-0.000123	0.276690	0.000123	1.009172	-5.218052	
10	1.009147	-0.000127	0.344236	0.000127	1.009147	-5.025668	
11	1.009500	-0.000040	0.148767	0.000040	1.009500	-4.945863	
12	1.009422	-0.000248	0.290641	0.000248	1.009422	-4.944086	
13	1.009818	-0.000223	0.016257	0.000223	1.009818	-5.010427	
14	1.009950	-0.000233	-0.126295	0.000233	1.009950	-5.055678	
15	1.009757	-0.000191	0.054136	0.000191	1.009757	-5.031172	
16	1.010089	-0.000109	-0.117229	0.000109	1.010089	-5.273810	
17	1.009903	-0.000041	-0.043697	0.000041	1.009903	-5.230477	
18	1.009597	-0.000047	0.055360	0.000047	1.009597	-5.153087	
19	1.009552	-0.000089	0.065888	0.000089	1.009552	-5.198970	
20	1.009677	-0.000243	-0.007553	0.000243	1.009677	-5.400452	
21	1.009662	-0.000377	0.043628	0.000377	1.009662	-5.447475	
22	1.009615	-0.000296	-0.015753	0.000296	1.009615	-5.231025	
23	1.009778	-0.000144	-0.233050	0.000144	1.009778	-5.115173	
24	1.009959	-0.000263	-0.557867	0.000263	1.009959	-5.180503	
25	1.009815	-0.000140	-0.711062	0.000140	1.009815	-5.122517	
26	1.009701	-0.000105	-1.113819	0.000105	1.009701	-5.028327	
27	1.009734	-0.000221	-1.697082	0.000221	1.009734	-5.187483	
28	1.009727	-0.000138	-2.490917	0.000138	1.009727	-5.139668	
29	1.005918	-0.000231	-1.396639	0.000231	1.005918	-3.485749	
30	1.007947	-0.000127	-3.849247	0.000127	1.007947	-3.170803	
31	1.007976	-0.000192	-5.480412	0.000192	1.007976	-2.176689	
32	1.008305	0.000026	-6.834998	-0.000026	1.008305	-1.441265	
33	1.008244	0.000217	-7.306276	-0.000217	1.008244	-0.802960	
34	1.008489	0.000099	-7.460279	-0.000099	1.008489	-0.974400	
35	1.008467	0.000034	-6.926333	-0.000034	1.008467	-1.368818	
36	1.008133	0.000137	-5.988826	-0.000137	1.008133	-1.065806	
37	1.008315	0.000448	-5.429473	-0.000448	1.008315	-0.713317	
38	1.008875	0.000477	-5.130840	-0.000477	1.008875	-0.965354	
39	1.010378	0.000247	-5.420829	-0.000247	1.010378	-1.399694	
40	1.010293	0.000704	-5.192495	-0.000704	1.010293	-0.686915	
41	1.012137	0.000089	-5.927712	-0.000089	1.012137	-1.598003	
42	1.009661	0.000605	-4.766904	-0.000605	1.009661	-0.655180	
43	1.013308	-0.000365	-6.231378	0.000365	1.013308	-2.145799	
44	1.013554	-0.000315	-5.963629	0.000315	1.013554	-1.980594	
45	1.013742	-0.000322	-5.467808	0.000322	1.013742	-2.165000	
46	1.013979	-0.000455	-5.197694	0.000455	1.013979	-2.341734	
47	1.014009	-0.000586	-4.947558	0.000586	1.014009	-2.497721	
48	1.013907	-0.000734	-4.631755	0.000734	1.013907	-2.404086	
49	1.014200	-0.000870	-4.741438	0.000870	1.014200	-2.673560	
50	1.014246	-0.000843	-4.940595	0.000843	1.014246	-3.031439	
51	1.014177	-0.000537	-4.738621	0.000537	1.014177	-2.741672	
52	1.014156	-0.000369	-4.730772	0.000369	1.014156	-3.082999	
53	1.013979	-0.000452	-4.620076	0.000452	1.013979	-3.858840	
54	1.013095	-0.000221	-3.675193	0.000221	1.013095	-3.637167	
55	1.012792	-0.000606	-3.529270	0.000606	1.012792	-4.271365	
56	1.012589	-0.000727	-3.180696	0.000727	1.012589	-4.547131	
57	1.012518	-0.000785	-3.077197	0.000785	1.012518	-4.505635	
58	1.012525	-0.000940	-2.872959	0.000940	1.012525	-4.389265	
59	1.012361	-0.000949	-2.220209	0.000949	1.012361	-4.152536	
60	1.012733	-0.000866	-1.930515	0.000866	1.012733	-4.278116	
61	1.012317	-0.000972	-1.281350	0.000972	1.012317	-4.431914	
62	1.011984	-0.000851	-0.694123	0.000851	1.011984	-4.252153	
63	1.011859	-0.001042	-0.490103	0.001042	1.011859	-4.534061	
64	1.011532	-0.000814	-0.191239	0.000814	1.011532	-4.396968	
65	1.010712	-0.000802	0.220772	0.000802	1.010712	-3.899034	
66	1.010330	-0.000546	0.310207	0.000546	1.010330	-3.422454	
67	1.010178	-0.000596	0.531107	0.000596	1.010178	-3.213974	
68	1.009722	-0.000639	0.534191	0.000639	1.009722	-2.947729	
69	1.009051	-0.000839	0.889753	0.000839	1.009051	-2.850094	
70	1.009192	-0.000980	0.780767	0.000980	1.009192	-3.288452	
71	1.008588	-0.001086	1.229858	0.001086	1.008588	-3.652218	
72	1.008416	-0.001301	1.390892	0.001301	1.008416	-3.824476	
73	1.007653	-0.000756	2.001654	0.000756	1.007653	-3.544696	
74	1.007327	-0.001108	2.084805	0.001108	1.007327	-3.617877	
75	1.006740	-0.000565	2.626754	0.000565	1.006740	-2.775769	
76	1.006696	-0.000681	2.864231	0.000681	1.006696	-2.853087	
77	1.006654	-0.000756	3.150347	0.000756	1.006654	-2.977423	
78	1.005247	-0.000514	4.757509	0.000514	1.005247	-2.277977	
79	1.004959	-0.000531	5.453884	0.000531	1.004959	-2.307385	
80	1.004973	-0.000965	5.705989	0.000965	1.004973	-2.696719	
81	1.005555	-0.001954	5.631384	0.001954	1.005555	-3.356697	
82	1.005532	-0.001499	6.372973	0.001499	1.005532	-2.995090	
83	1.004992	-0.001244	8.007282	0.001244	1.004992	-2.764928	
84	1.005112	-0.001227	9.000292	0.001227	1.005112	-2.745058	
85	1.008136	-0.003288	7.144996	0.003288	1.008136	-5.342007	
86	1.001127	-0.001297	13.334502	0.001297	1.001127	-1.681194	
87	1.003567	-0.002722	11.773514	0.002722	1.003567	-3.594241	
88	1.001413	-0.001180	13.612883	0.001180	1.001413	-1.350314	
89	1.000934	-0.001292	14.055547	0.001292	1.000934	-1.221097	
90	1.000858	-0.001044	14.131787	0.001044	1.000858	-0.945105	
91	1.006036	-0.002721	9.630197	0.002721	1.006036	-3.950247	
92	1.005636	-0.000099	8.634187	0.000099	1.005636	-1.321630	
93	1.005322	-0.001217	8.149991	0.001217	1.005322	-2.022559	
94	0.999761	-0.000226	11.236932	0.000226	0.999761	0.457802	
95	0.999229	-0.000266	7.185754	0.000266	0.999229	0.723556	
96	0.999033	0.000394	2.999437	-0.000394	0.999033	0.911947	
97	0.999800	-0.000371	0.142483	0.000371	0.999800	0.150664	
98	0.999700	-0.000384	-0.787387	0.000384	0.999700	0.221592	
99	0.999774	-0.000206	-1.210019	0.000206	0.999774	0.050895	
100	0.999933	-0.000529	-1.736065	0.000529	0.999933	-0.258597	
101	0.999882	-0.000307	-1.588956	0.000307	0.999882	0.309221	
102	0.999930	-0.000478	-1.532451	0.000478	0.999930	0.237631	
103	1.000088	-0.000514	-1.522462	0.000514	1.000088	-0.001714	
104	0.999906	-0.000544	-1.311748	0.000544	0.999906	-0.107958	
105	1.000135	-0.000437	-1.622037	0.000437	1.000135	-0.222110	
106	0.999653	-0.000466	-1.423002	0.000466	0.999653	-0.470710	
107	1.000129	-0.000504	-2.189367	0.000504	1.000129	-0.340267	
108	1.000419	-0.000802	-2.717142	0.000802	1.000419	-0.395423	
109	1.003389	-0.001773	-5.589238	0.001773	1.003389	-1.943188	
110	1.000966	-0.000639	-3.774752	0.000639	1.000966	-0.205855	
111	1.000385	-0.000443	-2.978038	0.000443	1.000385	0.092931	
112	1.000040	-0.000396	-2.228992	0.000396	1.000040	0.110180	
113	1.002551	-0.001763	-3.347079	0.001763	1.002551	-1.758466	
114	0.999940	-0.000523	0.047862	0.000523	0.999940	-0.214352	
115	1.000439	-0.000455	0.477516	0.000455	1.000439	-0.414701	
116	0.999893	-0.000293	1.349897	0.000293	0.999893	-0.063135	
117	1.000088	-0.000344	0.501076	0.000344	1.000088	0.265670	
118	1.006397	-0.002652	-6.287958	0.002652	1.006397	-3.505136	
119	1.000319	-0.000358	-1.735062	0.000358	1.000319	0.090147	
120	0.999927	-0.000442	-1.848792	0.000442	0.999927	0.278221	
121	0.999543	-0.001059	-1.628354	0.001059	0.999543	-0.227516	
122	0.998910	-0.001251	-0.151711	0.001251	0.998910	-0.712269	
123	0.999334	-0.001261	0.402811	0.001261	0.999334	-0.704823	
124	0.997991	-0.000250	2.753495	0.000250	0.997991	0.578148	
125	1.000166	-0.000464	2.161454	0.000464	1.000166	-0.303112	
126	0.997813	0.000025	5.812568	-0.000025	0.997813	0.439818	
127	0.996371	-0.000403	8.000018	0.000403	0.996371	0.277008	
128	1.002754	0.000626	3.140599	-0.000626	1.002754	-0.960637	
129	0.997463	-0.001312	12.122240	0.001312	0.997463	-1.411513	
130	0.997640	-0.001135	14.015101	0.001135	0.997640	-1.454784	
131	1.001424	-0.001983	11.855559	0.001983	1.001424	-3.356146	
132	0.998359	-0.001096	15.783689	0.001096	0.998359	-1.472441	
133	0.995817	-0.001194	19.819316	0.001194	0.995817	-0.866730	
134	0.993574	-0.002595	22.035841	0.002595	0.993574	-0.930530	
135	0.996153	-0.001781	21.397738	0.001781	0.996153	-0.894087	
136	0.992980	-0.003460	23.952511	0.003460	0.992980	-0.894500	
137	0.994938	-0.001360	22.899538	0.001360	0.994938	0.318016	
138	0.995567	-0.001935	21.699817	0.001935	0.995567	-0.379138	
139	0.993883	-0.002110	22.815392	0.002110	0.993883	-0.071877	
140	0.994533	-0.001105	22.544049	0.001105	0.994533	0.640152	
141	0.994072	-0.001091	22.752298	0.001091	0.994072	0.970597	
142	0.999465	-0.002548	18.048119	0.002548	0.999465	-1.925789	
143	0.995706	-0.001189	21.725558	0.001189	0.995706	0.445734	
144	0.994719	-0.001608	22.071413	0.001608	0.994719	0.453900	
145	0.995238	-0.001789	21.207972	0.001789	0.995238	0.253586	
146	0.994796	-0.001615	20.744928	0.001615	0.994796	0.610420	
147	0.995784	-0.002556	18.264344	0.002556	0.995784	-0.296872	
148	0.994731	-0.002034	18.981174	0.002034	0.994731	0.357956	
149	0.993917	-0.002260	17.969238	0.002260	0.993917	0.459021	
150	0.994655	-0.001895	16.825093	0.001895	0.994655	0.334508	
151	0.992943	-0.002101	17.063774	0.002101	0.992943	0.687599	
152	0.994878	-0.001784	14.961280	0.001784	0.994878	0.113209	
153	0.994456	-0.001479	15.390768	0.001479	0.994456	0.243569	
154	0.994214	-0.001163	15.661531	0.001163	0.994214	0.487447	
155	0.993903	-0.001400	15.467640	0.001400	0.993903	0.454087	
156	0.994698	-0.000831	14.997251	0.000831	0.994698	0.864597	
157	0.993863	-0.001022	15.249185	0.001022	0.993863	1.179716	
158	0.997676	-0.001127	9.352306	0.001127	0.997676	0.137936	
159	0.995057	-0.002320	12.838596	0.002320	0.995057	0.292437	
160	0.993993	-0.002248	13.521572	0.002248	0.993993	0.797142	
161	0.993402	-0.001905	13.039911	0.001905	0.993402	1.106637	
162	0.993244	-0.001612	11.586710	0.001612	0.993244	1.092974	
163	0.992704	-0.000595	10.673827	0.000595	0.992704	1.925636	
164	0.993370	-0.000360	9.262825	0.000360	0.993370	1.745119	
165	0.992442	-0.000373	9.071498	0.000373	0.992442	1.793909	
166	0.993098	-0.000450	8.671238	0.000450	0.993098	1.641014	
167	0.993080	-0.000471	8.314345	0.000471	0.993080	1.721574	
168	0.993731	-0.000962	7.057862	0.000962	0.993731	1.392273	
169	0.993414	-0.000603	7.237752	0.000603	0.993414	1.812498	
170	0.993467	-0.000738	7.029856	0.000738	0.993467	1.711710	
171	0.993218	-0.000560	7.306928	0.000560	0.993218	1.875988	
172	0.993380	-0.000432	7.475602	0.000432	0.993380	1.851231	
173	0.993521	-0.000813	7.277758	0.000813	0.993521	1.380250	
174	0.994370	-0.000819	6.799177	0.000819	0.994370	1.061473	
175	0.995352	-0.000904	6.279061	0.000904	0.995352	0.695018	
176	0.995759	-0.000838	6.357902	0.000838	0.995759	0.663800	
177	0.996813	-0.000803	5.727822	0.000803	0.996813	0.508897	
178	0.995949	-0.000444	6.642886	0.000444	0.995949	0.898438	
179	0.996831	-0.001001	5.800215	0.001001	0.996831	0.364318	
180	0.996074	-0.000372	6.805204	0.000372	0.996074	0.848211	
181	0.995535	-0.000671	7.420331	0.000671	0.995535	0.714195	
182	0.994724	-0.001290	8.467034	0.001290	0.994724	0.412833	
183	0.995789	-0.000708	8.504318	0.000708	0.995789	0.722913	
184	0.993751	-0.000709	9.397456	0.000709	0.993751	1.379742	
185	0.995556	-0.000774	9.284568	0.000774	0.995556	0.964895	
186	0.994931	-0.000429	9.412483	0.000429	0.994931	1.075753	
187	0.996648	-0.001103	9.033465	0.001103	0.996648	0.355313	
188	0.993775	-0.000915	9.016385	0.000915	0.993775	1.114300	
189	0.995599	-0.000783	9.102157	0.000783	0.995599	0.455190	
190	0.998570	-0.001362	7.729172	0.001362	0.998570	-0.486913	
191	0.996240	-0.000492	8.364490	0.000492	0.996240	0.402107	
192	0.996773	-0.001132	7.270448	0.001132	0.996773	-0.235664	
193	0.997216	-0.000807	6.670284	0.000807	0.997216	-0.247897	
194	0.996483	-0.000087	7.206549	0.000087	0.996483	0.216233	
195	0.995932	-0.000614	7.052542	0.000614	0.995932	-0.163012	
196	0.995737	-0.001394	6.534027	0.001394	0.995737	-1.064597	
197	0.996009	-0.000542	5.716592	0.000542	0.996009	-0.705746	
198	0.996050	-0.001117	4.817665	0.001117	0.996050	-1.301185	
199	0.995195	-0.001370	4.675001	0.001370	0.995195	-1.533260	
200	0.995038	-0.001813	4.209732	0.001813	0.995038	-1.967962	
201	0.995461	-0.001204	3.442230	0.001204	0.995461	-1.323925	
202	0.995797	-0.001133	2.506569	0.001133	0.995797	-1.219706	
203	0.994307	-0.001678	2.832805	0.001678	0.994307	-1.376052	
204	0.993597	-0.001597	2.787200	0.001597	0.993597	-1.012283	
205	0.996434	-0.001068	1.192758	0.001068	0.996434	-1.230750	
206	0.994819	-0.001712	1.551760	0.001712	0.994819	-1.395226	
207	0.994803	-0.001761	1.418148	0.001761	0.994803	-1.274158	
208	0.995106	-0.001481	1.232639	0.001481	0.995106	-0.896999	
209	0.994398	-0.001524	2.004792	0.001524	0.994398	-0.649246	
210	0.994068	-0.001504	2.858018	0.001504	0.994068	-0.287752	
211	0.994426	-0.001146	3.947092	0.001146	0.994426	0.185520	
212	0.995707	-0.001086	3.803298	0.001086	0.995707	0.267519	
213	0.995725	-0.000751	4.566814	0.000751	0.995725	0.747534	
214	0.996717	-0.000696	4.497584	0.000696	0.996717	0.646374	
215	0.996549	-0.000830	5.225001	0.000830	0.996549	0.639382	
216	0.998017	-0.001083	4.279173	0.001083	0.998017	-0.093698	
217	0.996917	-0.001375	5.126639	0.001375	0.996917	-0.191032	
218	0.997850	-0.000664	4.755750	0.000664	0.997850	-0.089240	
219	0.997647	-0.000949	4.730436	0.000949	0.997647	-0.194030	
220	0.997794	-0.000550	4.991532	0.000550	0.997794	0.006910	
221	0.997657	-0.000703	5.083070	0.000703	0.997657	-0.098424	
222	0.997523	-0.001299	4.948388	0.001299	0.997523	-0.562297	
223	0.997367	-0.000997	4.910184	0.000997	0.997367	-0.446377	
224	0.997429	-0.001294	4.389472	0.001294	0.997429	-0.739524	
225	0.997403	-0.001357	4.188691	0.001357	0.997403	-0.920094	
226	0.997115	-0.000824	4.591499	0.000824	0.997115	-0.453429	
227	0.995643	-0.001569	5.357155	0.001569	0.995643	-0.541628	
228	0.996855	-0.000478	5.240863	0.000478	0.996855	0.027850	
229	0.996871	-0.000554	5.197350	0.000554	0.996871	0.149518	
230	0.997215	-0.001294	5.202372	0.001294	0.997215	-0.257980	
231	0.997858	-0.001324	4.903387	0.001324	0.997858	-0.414283	
232	0.997176	-0.000594	6.156159	0.000594	0.997176	0.164519	
233	0.997064	-0.000620	6.682777	0.000620	0.997064	0.241096	
234	0.995660	-0.000436	7.418464	0.000436	0.995660	0.795168	
235	0.996916	-0.000621	7.496110	0.000621	0.996916	0.312615	
236	0.998070	-0.001140	7.856496	0.001140	0.998070	-0.215852	
237	0.993715	0.000035	9.427619	-0.000035	0.993715	1.268224	
238	0.996314	-0.001433	9.170295	0.001433	0.996314	-0.065168	
239	0.997089	-0.001340	9.302296	0.001340	0.997089	-0.072381	
240	0.997990	-0.001192	9.391026	0.001192	0.997990	-0.085965	
241	0.997842	-0.001500	9.666069	0.001500	0.997842	-0.141208	
242	0.994190	-0.000698	10.574115	0.000698	0.994190	1.093742	
243	0.996649	-0.001246	10.164008	0.001246	0.996649	0.177040	
244	0.997055	-0.001049	9.977375	0.001049	0.997055	0.210430	
245	0.995755	-0.000699	10.028997	0.000699	0.995755	0.728057	
246	0.996097	-0.000191	9.617676	0.000191	0.996097	1.111226	
247	0.997896	-0.000937	8.947578	0.000937	0.997896	0.317698	
248	0.997716	-0.000933	8.704424	0.000933	0.997716	0.399883	
249	0.997810	-0.001208	8.368536	0.001208	0.997810	0.288756	
250	0.997968	-0.001059	8.151770	0.001059	0.997968	0.368384	
251	0.997512	-0.000934	7.670027	0.000934	0.997512	0.717796	
252	0.997381	-0.000621	6.466621	0.000621	0.997381	0.989567	
253	0.997233	-0.000572	5.402881	0.000572	0.997233	0.605553	
254	0.998392	-0.001119	3.257650	0.001119	0.998392	-0.176663	
255	0.998656	-0.000638	2.478332	0.000638	0.998656	-0.083909	
256	0.998393	-0.000324	2.066680	0.000324	0.998393	0.390712	
257	0.998266	-0.000316	2.266373	0.000316	0.998266	0.246951	
258	0.998350	-0.000388	3.022298	0.000388	0.998350	0.073444	
259	0.998265	-0.000419	3.536873	0.000419	0.998265	0.559527	
260	0.998084	-0.000981	4.216355	0.000981	0.998084	0.434614	
261	0.997868	-0.000249	5.934673	0.000249	0.997868	0.684860	
262	0.998778	-0.001264	7.487532	0.001264	0.998778	-1.125766	
263	0.998819	-0.000904	9.432300	0.000904	0.998819	-0.751057	
264	1.001978	-0.002221	8.200755	0.002221	1.001978	-2.317546	
265	0.998373	-0.000839	12.728745	0.000839	0.998373	-1.302133	
266	0.998405	-0.001011	13.681233	0.001011	0.998405	-1.783993	
267	0.998741	-0.001170	14.664632	0.001170	0.998741	-1.866954	
268	0.998919	-0.001382	16.135885	0.001382	0.998919	-2.541605	
269	0.998916	-0.001503	17.496500	0.001503	0.998916	-3.049304	
270	0.999124	-0.001684	18.480204	0.001684	0.999124	-3.131812	
271	0.998849	-0.001501	20.260029	0.001501	0.998849	-2.745225	
272	1.000113	-0.001736	20.470773	0.001736	1.000113	-3.176045	
273	0.996923	-0.001421	24.385121	0.001421	0.996923	-1.996491	
274	0.995698	-0.001159	26.669230	0.001159	0.995698	-1.157073	
275	0.994931	-0.000915	28.389616	0.000915	0.994931	-0.688920	
276	0.996240	-0.001215	28.020411	0.001215	0.996240	-0.985659	
277	0.994747	-0.001301	29.935212	0.001301	0.994747	-0.589012	
278	0.997580	-0.002163	27.787126	0.002163	0.997580	-1.633154	
279	0.993069	-0.001550	31.847157	0.001550	0.993069	0.235473	
280	0.992721	-0.001532	31.977696	0.001532	0.992721	0.611027	
281	0.992879	-0.001374	31.750158	0.001374	0.992879	0.876131	
282	0.993903	-0.001106	30.381276	0.001106	0.993903	1.013294	
283	0.994450	-0.001046	29.453228	0.001046	0.994450	1.153612	
284	0.994521	-0.000740	28.305042	0.000740	0.994521	1.387400	
285	0.993925	-0.000882	26.707276	0.000882	0.993925	1.578268	
286	0.995205	-0.000798	24.911873	0.000798	0.995205	1.465765	
287	0.995680	-0.000849	23.166807	0.000849	0.995680	1.114760	
288	0.996239	-0.000661	21.710019	0.000661	0.996239	0.932373	
289	0.995491	-0.000566	20.701483	0.000566	0.995491	1.027306	
290	0.995770	-0.000432	19.183256	0.000432	0.995770	0.819265	
291	0.995325	-0.000692	17.956646	0.000692	0.995325	0.824562	
292	0.996984	-0.000665	15.986607	0.000665	0.996984	0.537409	
293	0.995711	-0.000710	15.985607	0.000710	0.995711	0.561131	
294	0.996565	-0.000758	14.764649	0.000758	0.996565	0.281076	
295	0.997489	-0.000683	13.587844	0.000683	0.997489	-0.051612	
296	0.997078	-0.000476	13.167652	0.000476	0.997078	0.051804	
297	0.997199	-0.000251	12.530506	0.000251	0.997199	0.080610	
298	0.997622	-0.000527	11.587762	0.000527	0.997622	-0.076257	
299	0.994886	-0.000254	12.037685	0.000254	0.994886	0.417471	
300	0.997208	-0.000642	10.967329	0.000642	0.997208	-0.291800	
301	0.996997	-0.000752	10.528946	0.000752	0.996997	-0.396677	
302	0.992839	-0.000431	11.101062	0.000431	0.992839	0.611880	
303	0.997153	-0.000646	9.622560	0.000646	0.997153	-0.455498	
304	0.997847	-0.000607	8.653542	0.000607	0.997847	-0.657651	
305	0.997561	-0.000477	8.548458	0.000477	0.997561	-0.515086	
306	0.996022	0.000113	8.598757	-0.000113	0.996022	0.312995	
307	0.997692	-0.000519	7.983955	0.000519	0.997692	-0.141196	
308	0.996078	-0.000006	8.204414	0.000006	0.996078	0.338559	
309	0.996174	-0.000026	7.870735	0.000026	0.996174	0.570604	
310	0.996194	-0.000033	7.702020	0.000033	0.996194	0.581996	
311	0.996302	-0.000096	7.612849	0.000096	0.996302	0.513163	
312	0.996552	-0.000146	7.584567	0.000146	0.996552	0.399440	
313	0.996196	0.000076	7.685365	-0.000076	0.996196	0.608161	
314	0.996415	0.000152	7.536714	-0.000152	0.996415	0.676296	
315	0.996360	0.000066	7.534461	-0.000066	0.996360	0.424036	
316	0.996030	-0.000001	7.707836	0.000001	0.996030	0.385373	
317	0.996670	0.000061	7.282832	-0.000061	0.996670	0.238889	
318	0.996855	-0.000055	7.154716	0.000055	0.996855	0.143722	
319	0.996907	-0.000303	7.211840	0.000303	0.996907	-0.022130	
320	0.997082	-0.000183	7.484098	0.000183	0.997082	0.219235	
321	0.996824	0.000136	7.769323	-0.000136	0.996824	0.718756	
322	0.997520	0.000165	7.731065	-0.000165	0.997520	0.836140	
323	0.996902	-0.000363	9.096522	0.000363	0.996902	1.148908	
324	0.996000	-0.000426	10.125965	0.000426	0.996000	1.441383	
325	0.995242	-0.000215	10.958177	0.000215	0.995242	1.862671	
326	0.994815	-0.000453	11.794208	0.000453	0.994815	1.757024	
327	0.994430	-0.000631	12.537187	0.000631	0.994430	1.635680	
328	0.994442	-0.000542	13.266811	0.000542	0.994442	1.912979	
329	0.993811	-0.000759	14.281483	0.000759	0.993811	2.325739	
330	0.992995	-0.000758	15.269294	0.000758	0.992995	2.836017	
331	0.992148	-0.000842	15.522423	0.000842	0.992148	3.377784	
332	0.991254	-0.000330	15.081144	0.000330	0.991254	3.937615	
333	0.991201	-0.000680	15.381675	0.000680	0.991201	4.789812	
334	0.992213	-0.001184	14.898278	0.001184	0.992213	5.379355	
335	0.991546	-0.000750	15.719554	0.000750	0.991546	6.267159	
336	0.991388	-0.000962	16.302698	0.000962	0.991388	5.950572	
337	0.991277	-0.000930	16.822720	0.000930	0.991277	5.489683	
338	0.991736	-0.000931	16.986320	0.000931	0.991736	4.715626	
339	0.991591	-0.000890	17.637986	0.000890	0.991591	4.483063	
340	0.991536	-0.000881	18.194494	0.000881	0.991536	4.382486	
341	0.992393	-0.001002	17.979434	0.001002	0.992393	3.688942	
342	0.992896	-0.001125	17.667828	0.001125	0.992896	3.245671	
343	0.993265	-0.001154	17.386151	0.001154	0.993265	3.019552	
344	0.992327	-0.001207	17.859080	0.001207	0.992327	2.800823	
345	0.992800	-0.000879	17.419515	0.000879	0.992800	2.549772	
346	0.992849	-0.000890	17.696709	0.000890	0.992849	2.469578	
347	0.993424	-0.000774	17.723555	0.000774	0.993424	2.451300	
348	0.993361	-0.000985	18.363490	0.000985	0.993361	2.558392	
349	0.993770	-0.001225	18.288827	0.001225	0.993770	2.585060	
350	0.994048	-0.001313	18.031306	0.001313	0.994048	2.377595	
351	0.994233	-0.001188	17.930998	0.001188	0.994233	2.180399	
352	0.994453	-0.000996	17.782798	0.000996	0.994453	2.060682	
353	0.994739	-0.000927	17.751698	0.000927	0.994739	1.875629	
354	0.994800	-0.000723	17.413534	0.000723	0.994800	1.717296	
355	0.994761	-0.000750	16.790803	0.000750	0.994761	1.462543	
356	0.994633	-0.000788	16.260577	0.000788	0.994633	1.505795	
357	0.994937	-0.000724	15.811220	0.000724	0.994937	1.507416	
358	0.995101	-0.000854	15.623823	0.000854	0.995101	1.354277	
359	0.995176	-0.001014	14.997811	0.001014	0.995176	1.263080	
360	0.995280	-0.000919	14.458667	0.000919	0.995280	1.385785	
361	0.995771	-0.001094	13.706025	0.001094	0.995771	1.081382	
362	0.996365	-0.000987	12.672693	0.000987	0.996365	0.855458	
363	0.996438	-0.000907	12.328524	0.000907	0.996438	0.971969	
364	0.997114	-0.000580	11.725639	0.000580	0.997114	0.756383	
365	0.997566	-0.000615	11.058887	0.000615	0.997566	0.456529	
366	0.997626	-0.000740	10.629279	0.000740	0.997626	0.393419	
367	0.997592	-0.000686	10.228165	0.000686	0.997592	0.268428	
368	0.997747	-0.000387	9.804212	0.000387	0.997747	0.578237	
369	0.998262	-0.000704	9.352491	0.000704	0.998262	0.210565	
370	0.998437	-0.000502	9.163288	0.000502	0.998437	0.342535	
371	0.998704	-0.000569	8.675193	0.000569	0.998704	0.250847	
372	0.997221	0.000312	8.550592	-0.000312	0.997221	1.028465	
373	0.998450	-0.000494	8.254845	0.000494	0.998450	0.199803	
374	0.998710	-0.000384	7.736036	0.000384	0.998710	0.159154	
375	0.997271	0.000349	7.649956	-0.000349	0.997271	0.951357	
376	0.997553	0.000512	6.837037	-0.000512	0.997553	1.086721	
377	0.997454	0.000269	6.280022	-0.000269	0.997454	1.024374	
378	0.998119	0.000236	5.349195	-0.000236	0.998119	0.877287	
379	0.998137	-0.000111	4.690436	0.000111	0.998137	0.668456	
380	0.998391	0.000168	4.143455	-0.000168	0.998391	0.794090	
381	0.998797	-0.000096	3.361596	0.000096	0.998797	0.253147	
382	0.999260	0.000152	2.819316	-0.000152	0.999260	0.198194	
383	0.999379	-0.000072	2.341348	0.000072	0.999379	-0.004930	
384	0.999514	-0.000113	1.964955	0.000113	0.999514	-0.058576	
385	0.999432	-0.000218	1.708340	0.000218	0.999432	-0.206509	
386	0.999334	-0.000310	1.713236	0.000310	0.999334	-0.436633	
387	0.999437	-0.000386	1.674184	0.000386	0.999437	-0.485411	
388	0.999300	-0.000434	1.808942	0.000434	0.999300	-0.492533	
389	0.999405	-0.000180	1.920864	0.000180	0.999405	-0.407460	
390	0.999334	-0.000373	2.024946	0.000373	0.999334	-0.514249	
391	0.999421	-0.000209	2.159017	0.000209	0.999421	-0.380902	
392	0.999439	-0.000193	2.157274	0.000193	0.999439	-0.351498	
393	0.999534	-0.000118	2.133411	0.000118	0.999534	-0.192186	
394	0.999473	-0.000252	2.000221	0.000252	0.999473	-0.219986	
395	0.999503	-0.000197	1.980343	0.000197	0.999503	-0.135473	
396	0.999450	-0.000141	1.831935	0.000141	0.999450	-0.059184	
397	0.999399	-0.000265	1.749272	0.000265	0.999399	-0.188588	
398	0.999361	-0.000314	1.665829	0.000314	0.999361	-0.424618	
399	0.999522	-0.000042	1.564559	0.000042	0.999522	-0.325487	
400	0.999570	-0.000246	1.325835	0.000246	0.999570	-0.335152	
401	0.999719	-0.000114	1.153194	0.000114	0.999719	-0.434657	
402	0.999705	-0.000306	1.007798	0.000306	0.999705	-0.535718	
403	0.999770	-0.000362	0.852861	0.000362	0.999770	-0.431774	
404	0.999782	-0.000399	0.828732	0.000399	0.999782	-0.621043	
405	0.999769	-0.000448	0.799857	0.000448	0.999769	-0.670173	
406	0.999751	-0.000283	0.932991	0.000283	0.999751	-0.472885	
407	0.999731	-0.000402	0.932255	0.000402	0.999731	-0.579508	
408	0.999753	-0.000261	1.042027	0.000261	0.999753	-0.307572	
409	0.999835	-0.000297	0.925611	0.000297	0.999835	-0.092947	
410	0.999766	-0.000115	1.069423	0.000115	0.999766	0.014912	
411	0.999670	-0.000004	1.096964	0.000004	0.999670	0.065885	
412	0.999689	0.000047	1.086403	-0.000047	0.999689	0.080778	
413	0.999677	-0.000121	1.159020	0.000121	0.999677	-0.212201	
414	0.999732	-0.000047	1.204594	0.000047	0.999732	-0.174662	
415	0.999761	-0.000175	1.296166	0.000175	0.999761	-0.372222	
416	0.999840	-0.000105	1.137791	0.000105	0.999840	-0.017710	
417	0.999863	-0.000250	1.162424	0.000250	0.999863	-0.058988	
418	0.999837	-0.000139	1.145409	0.000139	0.999837	0.048417	
419	0.999902	-0.000209	0.989950	0.000209	0.999902	-0.126219	
420	0.999845	-0.000269	1.007215	0.000269	0.999845	-0.238492	
421	0.999835	-0.000106	0.832164	0.000106	0.999835	0.022144	
422	0.999744	-0.000136	0.768289	0.000136	0.999744	-0.202677	
423	0.999783	-0.000149	0.408683	0.000149	0.999783	-0.145735	
424	0.999866	-0.000065	0.049224	0.000065	0.999866	-0.180635	
425	0.999931	-0.000283	-0.146392	0.000283	0.999931	-0.334921	
426	1.000078	-0.000366	-0.444508	0.000366	1.000078	-0.491413	
427	1.000070	-0.000202	-0.303082	0.000202	1.000070	-0.650005	
428	1.000198	-0.000502	-0.476586	0.000502	1.000198	-0.829647	
429	1.000121	-0.000369	-0.228395	0.000369	1.000121	-0.726832	
430	1.000140	-0.000379	-0.138627	0.000379	1.000140	-0.659049	
431	1.000089	-0.000309	0.111019	0.000309	1.000089	-0.339133	
432	1.000051	-0.000237	0.244375	0.000237	1.000051	-0.126739	
433	1.000059	-0.000248	0.221296	0.000248	1.000059	-0.033915	
434	1.000045	-0.000157	0.313391	0.000157	1.000045	0.033834	
435	1.000012	-0.000049	0.316987	0.000049	1.000012	0.026985	
436	0.999948	0.000027	0.553632	-0.000027	0.999948	-0.094531	
437	1.000041	-0.000014	0.501968	0.000014	1.000041	-0.193780	
438	1.000085	-0.000127	0.513870	0.000127	1.000085	-0.455550	
439	1.000129	-0.000225	0.393510	0.000225	1.000129	-0.712659	
440	1.000189	-0.000272	0.139797	0.000272	1.000189	-0.869059	
441	1.000196	-0.000263	-0.145073	0.000263	1.000196	-0.768056	
442	1.000252	-0.000341	-0.453349	0.000341	1.000252	-0.732088	
443	1.000276	-0.000291	-0.628398	0.000291	1.000276	-0.495697	
444	1.000234	-0.000185	-0.793046	0.000185	1.000234	-0.254787	
445	1.000282	-0.000106	-0.888161	0.000106	1.000282	-0.197981	
446	1.000227	-0.000124	-0.895851	0.000124	1.000227	-0.383704	
447	1.000161	-0.000121	-0.942424	0.000121	1.000161	-0.525912	
448	1.000159	-0.000096	-0.977725	0.000096	1.000159	-0.478444	
449	1.000156	-0.000133	-0.931592	0.000133	1.000156	-0.369725	
450	1.000128	-0.000074	-0.835998	0.000074	1.000128	-0.153208	
451	1.000265	-0.000125	-0.852060	0.000125	1.000265	-0.075272	
452	1.000210	-0.000271	-0.709215	0.000271	1.000210	-0.033315	
453	1.000260	-0.000389	-0.712784	0.000389	1.000260	-0.091940	
454	0.999981	-0.000300	-0.626426	0.000300	0.999981	-0.030987	
455	1.000166	-0.000232	-0.672293	0.000232	1.000166	0.027817	
456	1.000280	-0.000124	-0.818765	0.000124	1.000280	0.070329	
457	1.000211	-0.000124	-0.966633	0.000124	1.000211	0.152631	
458	1.000228	0.000029	-1.040180	-0.000029	1.000228	0.579557	
459	1.000228	0.000060	-1.036118	-0.000060	1.000228	0.631073	
460	1.000144	0.000214	-0.946441	-0.000214	1.000144	0.828249	
461	1.000163	0.000089	-0.961730	-0.000089	1.000163	0.647871	
462	1.000233	0.000160	-0.967048	-0.000160	1.000233	0.679382	
463	1.000329	0.000046	-1.046782	-0.000046	1.000329	0.505703	
464	1.000294	-0.000114	-1.169031	0.000114	1.000294	0.310691	
465	1.000391	-0.000191	-1.352605	0.000191	1.000391	0.165319	
466	1.000522	-0.000192	-1.526905	0.000192	1.000522	0.125823	
467	1.000601	-0.000080	-1.710522	0.000080	1.000601	0.172664	
468	1.000567	0.000105	-1.826338	-0.000105	1.000567	0.311596	
469	1.000646	0.000123	-1.978803	-0.000123	1.000646	0.284608	
470	1.000539	0.000070	-2.079603	-0.000070	1.000539	0.364675	
471	1.000614	0.000099	-2.291475	-0.000099	1.000614	0.293514	
472	1.000494	0.000195	-2.304424	-0.000195	1.000494	0.298690	
473	1.000124	0.000203	-2.267843	-0.000203	1.000124	0.326940	
474	1.000067	0.000217	-2.167196	-0.000217	1.000067	0.359974	
475	0.999798	-0.000034	-2.110703	0.000034	0.999798	0.218117	
476	1.000140	0.000041	-2.180562	-0.000041	1.000140	0.297859	
477	0.999938	-0.000055	-2.103289	0.000055	0.999938	0.319831	
478	0.999393	-0.000255	-1.804501	0.000255	0.999393	0.234779	
479	0.999210	-0.000350	-1.640689	0.000350	0.999210	0.098165	
480	0.999324	-0.000416	-1.525405	0.000416	0.999324	-0.000483	
481	0.998938	-0.000203	-1.126593	0.000203	0.998938	0.308022	
482	0.998793	-0.000224	-0.930687	0.000224	0.998793	0.219589	
483	0.999242	-0.000058	-1.112601	0.000058	0.999242	0.146058	
484	0.998607	-0.000252	-0.657742	0.000252	0.998607	0.223364	
485	0.999616	0.000113	-1.139368	-0.000113	0.999616	0.382403	
486	0.998690	-0.000215	-0.527225	0.000215	0.998690	0.413218	
487	0.999357	-0.000165	-0.904647	0.000165	0.999357	0.052354	
488	0.999188	0.000006	-0.844230	-0.000006	0.999188	0.258973	
489	0.999154	-0.000112	-0.928551	0.000112	0.999154	0.154920	
490	0.999084	-0.000059	-0.916346	0.000059	0.999084	0.324915	
491	0.998234	-0.000180	-0.451998	0.000180	0.998234	0.390455	
492	0.999051	-0.000192	-0.940235	0.000192	0.999051	0.098426	
493	0.999549	0.000030	-1.127293	-0.000030	0.999549	0.245800	
494	0.998510	-0.000381	-0.460317	0.000381	0.998510	0.184124	
495	0.998538	-0.000486	-0.378977	0.000486	0.998538	0.196699	
496	0.999262	-0.000059	-0.708316	0.000059	0.999262	0.381821	
497	0.999261	-0.000035	-0.575640	0.000035	0.999261	0.303093	
498	0.999239	0.000017	-0.481554	-0.000017	0.999239	0.342678	
499	0.999004	0.000047	-0.319625	-0.000047	0.999004	0.433904	
500	0.999247	-0.000033	-0.335881	0.000033	0.999247	0.361818	
501	0.999168	0.000025	-0.279147	-0.000025	0.999168	0.527669	
502	0.999213	-0.000021	-0.385977	0.000021	0.999213	0.444539	
503	0.998408	-0.000420	0.131012	0.000420	0.998408	0.370375	
504	0.999352	-0.000095	-0.504621	0.000095	0.999352	0.333210	
505	0.999175	-0.000074	-0.422486	0.000074	0.999175	0.398884	
506	0.998824	-0.000034	-0.205798	0.000034	0.998824	0.488291	
507	0.999133	-0.000143	-0.441399	0.000143	0.999133	0.275700	
508	0.999003	-0.000084	-0.447581	0.000084	0.999003	0.367591	
509	0.998915	-0.000179	-0.447683	0.000179	0.998915	0.382055	
510	0.998603	-0.000324	-0.328141	0.000324	0.998603	0.479711	
511	0.999546	-0.000259	-0.940846	0.000259	0.999546	0.151749	
512	0.999318	-0.000181	-0.812673	0.000181	0.999318	0.326020	
513	0.999091	-0.000183	-0.769127	0.000183	0.999091	0.478922	
514	0.998793	-0.000326	-0.584893	0.000326	0.998793	0.302157	
515	0.998801	-0.000252	-0.536190	0.000252	0.998801	0.354399	
516	0.999125	-0.000164	-0.773913	0.000164	0.999125	0.292734	
517	0.999150	-0.000299	-0.831014	0.000299	0.999150	0.075798	
518	0.999188	-0.000285	-0.854755	0.000285	0.999188	0.082511	
519	0.999069	-0.000189	-0.812375	0.000189	0.999069	0.241735	
520	0.999334	-0.000429	-0.951513	0.000429	0.999334	-0.149907	
521	0.999503	-0.000470	-1.144048	0.000470	0.999503	-0.201053	
522	0.999251	-0.000396	-1.056636	0.000396	0.999251	-0.014552	
523	0.999481	-0.000369	-1.159270	0.000369	0.999481	-0.108119	
524	0.999390	-0.000182	-1.165643	0.000182	0.999390	0.072174	
525	0.999398	-0.000224	-1.163150	0.000224	0.999398	0.046915	
526	0.999360	-0.000196	-1.072597	0.000196	0.999360	0.032614	
527	0.999337	-0.000160	-0.981731	0.000160	0.999337	0.109998	
528	0.999320	-0.000290	-0.911168	0.000290	0.999320	0.069327	
529	0.999553	-0.000243	-0.951735	0.000243	0.999553	0.090194	
530	0.999659	-0.000330	-0.959924	0.000330	0.999659	-0.019020	
531	0.999566	-0.000316	-0.822423	0.000316	0.999566	0.001298	
532	0.999627	-0.000280	-0.826590	0.000280	0.999627	-0.044248	
533	0.999480	-0.000116	-0.633817	0.000116	0.999480	0.126614	
534	0.999580	-0.000099	-0.681628	0.000099	0.999580	0.156362	
535	0.999530	-0.000108	-0.622974	0.000108	0.999530	0.208871	
536	0.999622	-0.000126	-0.566993	0.000126	0.999622	0.213598	
537	0.999443	-0.000157	-0.311693	0.000157	0.999443	0.350512	
538	0.999531	-0.000182	-0.290809	0.000182	0.999531	0.282712	
539	0.999431	-0.000208	-0.152836	0.000208	0.999431	0.251894	
540	0.999635	-0.000233	-0.289240	0.000233	0.999635	0.135106	
541	0.999617	-0.000138	-0.280078	0.000138	0.999617	0.186439	
542	0.999604	-0.000078	-0.300575	0.000078	0.999604	0.226022	
