0	1.000000	0.000000	0.000000	0.000000	1.000000	0.000000	
1	0.999622	-0.000032	0.046991	0.000032	0.999622	0.123458	
2	0.999703	-0.000028	0.013050	0.000028	0.999703	0.113902	
3	0.999549	-0.000025	0.079220	0.000025	0.999549	0.181648	
4	0.999585	-0.000029	0.061162	0.000029	0.999585	0.154137	
5	0.999533	-0.000039	0.150831	0.000039	0.999533	0.178575	
6	0.999621	-0.000033	0.078005	0.000033	0.999621	0.104695	
7	0.999727	0.000024	0.020401	-0.000024	0.999727	0.077601	
8	0.999669	0.000092	-0.028836	-0.000092	0.999669	0.205434	
9	0.999689	0.000011	0.019611	-0.000011	0.999689	0.060606	
10	0.999764	0.000004	0.060291	-0.000004	0.999764	0.066828	
11	0.999651	0.000101	0.022568	-0.000101	0.999651	0.324939	
12	0.999839	-0.000047	-0.058629	0.000047	0.999839	-0.027192	
13	0.999948	0.000030	-0.094568	-0.000030	0.999948	-0.131175	
14	0.999775	0.000021	-0.077523	-0.000021	0.999775	0.198821	
15	0.999847	-0.000043	-0.077235	0.000043	0.999847	0.200522	
16	0.999959	-0.000063	-0.134389	0.000063	0.999959	-0.026127	
17	1.000019	0.000017	-0.219165	-0.000017	1.000019	-0.001227	
18	1.000084	-0.000039	-0.212502	0.000039	1.000084	-0.027805	
19	1.000132	0.000012	-0.278398	-0.000012	1.000132	-0.015301	
20	1.000125	-0.000008	-0.192299	0.000008	1.000125	-0.049677	
21	1.000140	-0.000023	-0.241164	0.000023	1.000140	-0.090639	
22	1.000133	0.000037	-0.280455	-0.000037	1.000133	-0.052963	
23	1.000198	0.000071	-0.369034	-0.000071	1.000198	-0.085031	
24	1.000256	-0.000037	-0.315182	0.000037	1.000256	-0.168810	
25	1.000275	0.000007	-0.434365	-0.000007	1.000275	-0.153059	
26	1.000259	0.000069	-0.444429	-0.000069	1.000259	-0.074950	
27	1.000272	0.000103	-0.469542	-0.000103	1.000272	-0.064146	
28	1.000303	0.000134	-0.423997	-0.000134	1.000303	-0.094524	
29	1.000225	0.000120	-0.413788	-0.000120	1.000225	0.000359	
30	1.000202	0.000153	-0.440795	-0.000153	1.000202	0.041562	
31	1.000218	0.000199	-0.480292	-0.000199	1.000218	0.005252	
32	1.000311	0.000144	-0.492098	-0.000144	1.000311	-0.165488	
33	1.000159	0.000147	-0.397253	-0.000147	1.000159	0.231011	
34	1.000237	0.000157	-0.447860	-0.000157	1.000237	0.037319	
35	1.000414	0.000186	-0.524357	-0.000186	1.000414	-0.297130	
36	1.000233	0.000098	-0.406235	-0.000098	1.000233	0.073752	
37	1.000186	0.000154	-0.384839	-0.000154	1.000186	0.228933	
38	1.000417	0.000079	-0.398275	-0.000079	1.000417	-0.361608	
39	1.000351	0.000034	-0.379525	-0.000034	1.000351	-0.237307	
40	1.000188	0.000074	-0.309107	-0.000074	1.000188	0.060947	
41	1.000131	0.000096	-0.305692	-0.000096	1.000131	0.004384	
42	1.000205	0.000041	-0.295474	-0.000041	1.000205	-0.199601	
43	1.000118	0.000040	-0.287257	-0.000040	1.000118	-0.046312	
44	1.000103	0.000110	-0.358067	-0.000110	1.000103	0.077533	
45	1.000237	0.000147	-0.459451	-0.000147	1.000237	-0.103717	
46	1.000307	0.000123	-0.476694	-0.000123	1.000307	-0.199666	
47	1.000299	0.000138	-0.400662	-0.000138	1.000299	-0.041755	
48	1.000364	0.000190	-0.417982	-0.000190	1.000364	-0.036594	
49	1.000344	0.000248	-0.467744	-0.000248	1.000344	-0.061171	
50	1.000331	0.000291	-0.576952	-0.000291	1.000331	0.093270	
51	1.000254	0.000178	-0.517122	-0.000178	1.000254	0.043742	
52	1.000314	0.000167	-0.646362	-0.000167	1.000314	-0.143809	
53	1.000356	0.000042	-0.647492	-0.000042	1.000356	-0.164877	
54	1.000395	0.000146	-0.727230	-0.000146	1.000395	-0.119381	
55	1.000432	0.000197	-0.735086	-0.000197	1.000432	-0.126727	
56	1.000415	0.000145	-0.759120	-0.000145	1.000415	-0.198997	
57	1.000468	0.000201	-0.816789	-0.000201	1.000468	-0.256709	
58	1.000384	0.000245	-0.842868	-0.000245	1.000384	-0.192598	
59	1.000501	0.000311	-0.921014	-0.000311	1.000501	-0.051554	
60	1.000479	0.000569	-0.983948	-0.000569	1.000479	0.096746	
61	0.999856	0.000386	-0.564895	-0.000386	0.999856	0.113141	
62	0.999804	0.000331	-0.476527	-0.000331	0.999804	0.233522	
63	0.999719	0.000350	-0.494903	-0.000350	0.999719	0.301518	
64	0.999332	0.000456	-0.323070	-0.000456	0.999332	0.550688	
65	0.998718	0.000415	0.045534	-0.000415	0.998718	0.685969	
66	0.998642	0.000457	-0.076169	-0.000457	0.998642	0.800139	
67	0.998791	0.000553	-0.297447	-0.000553	0.998791	0.904009	
68	0.999035	0.000611	-0.406971	-0.000611	0.999035	0.763070	
69	0.999096	0.000599	-0.390363	-0.000599	0.999096	0.616954	
70	0.998492	0.000551	-0.190682	-0.000551	0.998492	0.921150	
71	0.999484	0.000872	-0.502225	-0.000872	0.999484	0.893336	
72	0.998685	0.000673	-0.256628	-0.000673	0.998685	1.003831	
73	0.998782	0.000729	-0.359607	-0.000729	0.998782	1.018284	
74	0.998627	0.000807	-0.219123	-0.000807	0.998627	1.182613	
75	0.998671	0.000900	-0.383655	-0.000900	0.998671	1.194160	
76	0.998897	0.001024	-0.642340	-0.001024	0.998897	1.076271	
77	0.998414	0.001056	-0.460197	-0.001056	0.998414	1.390381	
78	0.998616	0.001141	-0.701546	-0.001141	0.998616	1.456177	
79	0.998395	0.001218	-0.947362	-0.001218	0.998395	1.391727	
80	0.998349	0.001604	-1.810023	-0.001604	0.998349	1.600826	
81	0.998234	0.001783	-2.155102	-0.001783	0.998234	2.017180	
82	0.997592	0.001789	-1.917813	-0.001789	0.997592	2.364416	
83	0.998176	0.001846	-2.337706	-0.001846	0.998176	1.883640	
84	0.998224	0.001871	-2.330304	-0.001871	0.998224	1.888942	
85	0.998316	0.001841	-2.372494	-0.001841	0.998316	1.848298	
86	0.998211	0.001875	-2.272502	-0.001875	0.998211	1.750330	
87	0.998392	0.001826	-2.479915	-0.001826	0.998392	1.706656	
88	0.998171	0.001886	-2.321304	-0.001886	0.998171	1.855395	
89	0.998150	0.001927	-2.469985	-0.001927	0.998150	1.785574	
90	0.998469	0.001878	-2.719726	-0.001878	0.998469	1.562332	
91	0.998142	0.002001	-2.732686	-0.002001	0.998142	1.816290	
92	0.998719	0.002149	-3.241246	-0.002149	0.998719	1.698910	
93	0.998569	0.002221	-3.325078	-0.002221	0.998569	1.775282	
94	0.998568	0.002426	-3.588865	-0.002426	0.998568	1.887284	
95	0.998580	0.002604	-3.740445	-0.002604	0.998580	2.049003	
96	0.998424	0.002745	-3.843398	-0.002745	0.998424	2.310760	
97	0.998248	0.002989	-3.744368	-0.002989	0.998248	2.484003	
98	0.997805	0.002509	-4.105796	-0.002509	0.997805	2.346225	
99	0.999070	0.003248	-4.815555	-0.003248	0.999070	2.287148	
100	0.997896	0.000981	-4.841551	-0.000981	0.997896	1.128009	
101	0.999175	0.003486	-5.439904	-0.003486	0.999175	2.213702	
102	0.998544	0.005859	-5.624539	-0.005859	0.998544	3.952972	
103	0.997274	0.002559	-5.581509	-0.002559	0.997274	2.111148	
104	0.993890	0.005863	-2.419688	-0.005863	0.993890	6.616578	
105	1.000503	0.003152	-7.580919	-0.003152	1.000503	1.608254	
106	1.003323	0.005466	-8.234343	-0.005466	1.003323	1.192155	
107	1.001459	0.003481	-7.718326	-0.003481	1.001459	0.990568	
108	1.000955	0.003125	-7.467566	-0.003125	1.000955	0.741855	
109	1.000921	0.004369	-7.319433	-0.004369	1.000921	1.855689	
110	0.999800	0.004341	-6.792067	-0.004341	0.999800	2.451865	
111	0.999566	0.003995	-6.259966	-0.003995	0.999566	2.378337	
112	0.999616	0.003768	-5.700831	-0.003768	0.999616	2.063349	
113	0.998998	0.003146	-4.862222	-0.003146	0.998998	1.922722	
114	1.000996	0.004397	-4.737081	-0.004397	1.000996	1.794778	
115	0.999437	0.002957	-5.048405	-0.002957	0.999437	1.396913	
116	0.999976	0.003198	-5.400854	-0.003198	0.999976	1.065962	
117	0.998409	0.003239	-4.514594	-0.003239	0.998409	1.817915	
118	0.997363	0.002398	-4.153941	-0.002398	0.997363	2.164293	
119	0.998892	0.003422	-4.820929	-0.003422	0.998892	2.766330	
120	0.997200	0.001934	-4.681828	-0.001934	0.997200	2.610423	
121	0.997136	0.001833	-4.644950	-0.001833	0.997136	2.425879	
122	0.997553	0.002222	-4.651721	-0.002222	0.997553	2.260488	
123	0.997307	0.002074	-4.869993	-0.002074	0.997307	1.977886	
124	0.999146	0.001011	-7.115252	-0.001011	0.999146	0.569168	
125	0.998338	0.001050	-7.128654	-0.001050	0.998338	0.554036	
126	0.998002	0.001824	-6.738632	-0.001824	0.998002	1.271949	
127	0.995202	0.003348	-4.588024	-0.003348	0.995202	4.353407	
128	0.999102	0.000963	-8.133683	-0.000963	0.999102	1.945983	
129	0.993610	0.006016	-3.653523	-0.006016	0.993610	6.572314	
130	0.998325	0.001340	-8.045520	-0.001340	0.998325	0.252323	
131	0.998570	0.001428	-8.856356	-0.001428	0.998570	1.062776	
132	0.998293	0.001565	-9.158191	-0.001565	0.998293	1.394844	
133	0.999123	0.001263	-10.030238	-0.001263	0.999123	0.281580	
134	0.998333	0.001487	-8.838755	-0.001487	0.998333	0.819289	
135	0.998196	0.001188	-8.231911	-0.001188	0.998196	0.995159	
136	0.994831	0.003444	-5.417913	-0.003444	0.994831	4.163796	
137	0.996635	0.001951	-7.146577	-0.001951	0.996635	2.383125	
138	0.997078	0.001468	-7.136677	-0.001468	0.997078	1.945093	
139	0.996977	0.001344	-6.345555	-0.001344	0.996977	1.837085	
140	0.996421	0.002962	-5.167281	-0.002962	0.996421	2.951747	
141	0.995256	0.003113	-4.537217	-0.003113	0.995256	3.027884	
142	0.998013	0.001231	-6.930486	-0.001231	0.998013	0.614102	
143	0.997763	0.001369	-7.185347	-0.001369	0.997763	1.037405	
144	0.996350	0.003134	-5.863749	-0.003134	0.996350	3.060456	
145	0.997761	0.001336	-6.807639	-0.001336	0.997761	1.520561	
146	0.995201	0.007461	-4.943727	-0.007461	0.995201	7.069670	
147	0.998671	0.004696	-6.338993	-0.004696	0.998671	3.056013	
148	0.997524	0.001560	-5.600893	-0.001560	0.997524	1.899859	
149	0.997945	0.001816	-6.086921	-0.001816	0.997945	2.038118	
150	0.996427	0.002929	-5.184317	-0.002929	0.996427	3.112379	
151	0.997939	0.004289	-5.634474	-0.004289	0.997939	3.530379	
152	1.000003	0.005417	-6.338012	-0.005417	1.000003	2.962614	
153	0.996830	0.002730	-4.830069	-0.002730	0.996830	2.707274	
154	0.995815	0.003678	-3.929319	-0.003678	0.995815	3.603491	
155	0.996999	0.003474	-4.359782	-0.003474	0.996999	3.053176	
156	0.997137	0.002729	-4.054864	-0.002729	0.997137	2.753805	
157	0.998102	0.004052	-4.109293	-0.004052	0.998102	3.244516	
158	0.999854	0.004573	-5.128601	-0.004573	0.999854	2.921181	
159	0.997423	0.003331	-4.120188	-0.003331	0.997423	3.285742	
160	0.998963	0.004057	-4.759813	-0.004057	0.998963	3.034124	
161	0.997943	0.003435	-4.015265	-0.003435	0.997943	2.929420	
162	0.996471	0.004126	-2.958153	-0.004126	0.996471	4.078601	
163	0.998702	0.003375	-4.507513	-0.003375	0.998702	2.730459	
164	0.998715	0.003683	-3.640423	-0.003683	0.998715	2.613665	
165	0.999456	0.004069	-4.060562	-0.004069	0.999456	2.472577	
166	0.998823	0.003372	-4.577208	-0.003372	0.998823	2.709413	
167	0.997203	0.003795	-3.298583	-0.003795	0.997203	3.606503	
168	0.998655	0.003419	-4.606819	-0.003419	0.998655	2.652443	
169	0.998612	0.003439	-4.866668	-0.003439	0.998612	2.640714	
170	0.998121	0.003387	-4.559282	-0.003387	0.998121	2.853319	
171	0.995167	0.004907	-2.332601	-0.004907	0.995167	5.447067	
172	0.998302	0.004052	-4.654343	-0.004052	0.998302	3.192364	
173	1.000267	0.004480	-6.033230	-0.004480	1.000267	2.546241	
174	0.998965	0.003832	-5.166146	-0.003832	0.998965	2.873157	
175	0.998852	0.001665	-5.398304	-0.001665	0.998852	1.535641	
176	0.998633	0.003983	-5.376543	-0.003983	0.998633	2.866593	
177	1.000440	0.005229	-6.626123	-0.005229	1.000440	2.763488	
178	0.999752	0.003919	-6.824121	-0.003919	0.999752	2.698562	
179	0.998140	0.003424	-6.129457	-0.003424	0.998140	2.846913	
180	0.999685	0.001369	-7.358127	-0.001369	0.999685	0.935270	
181	1.001840	0.003545	-8.672716	-0.003545	1.001840	1.608128	
182	0.996749	0.005086	-5.695935	-0.005086	0.996749	4.601056	
183	1.002860	0.006862	-9.107561	-0.006862	1.002860	2.597221	
184	0.999376	0.001738	-7.610997	-0.001738	0.999376	1.198455	
185	0.993971	0.006351	-3.796447	-0.006351	0.993971	6.654557	
186	1.003267	0.006842	-10.792931	-0.006842	1.003267	2.872526	
187	1.000380	0.002015	-9.278566	-0.002015	1.000380	1.094553	
188	1.003377	0.004244	-11.435804	-0.004244	1.003377	1.315774	
189	1.000801	0.002058	-10.385382	-0.002058	1.000801	0.855822	
190	1.000614	0.001653	-10.777552	-0.001653	1.000614	0.669433	
191	1.000677	0.001637	-10.998039	-0.001637	1.000677	0.620817	
192	1.000658	0.001692	-11.309612	-0.001692	1.000658	0.831308	
193	1.002120	0.001969	-13.202757	-0.001969	1.002120	0.278540	
194	1.003518	0.001640	-14.184316	-0.001640	1.003518	-0.309777	
195	1.003334	0.002219	-14.309353	-0.002219	1.003334	0.122981	
196	1.003481	0.002368	-14.777312	-0.002368	1.003481	0.334421	
197	1.002633	0.002068	-14.397074	-0.002068	1.002633	0.406676	
198	1.002303	0.002223	-14.101501	-0.002223	1.002303	0.509525	
199	1.003189	0.001975	-14.773017	-0.001975	1.003189	0.089059	
200	1.003051	0.002815	-13.999210	-0.002815	1.003051	0.683349	
201	1.002436	0.002183	-13.382669	-0.002183	1.002436	0.504284	
202	1.002911	0.002009	-13.487337	-0.002009	1.002911	0.263017	
203	1.002354	0.001782	-12.550222	-0.001782	1.002354	0.261440	
204	1.002095	0.001673	-11.686378	-0.001673	1.002095	0.178412	
205	0.994519	0.006079	-4.308564	-0.006079	0.994519	6.324389	
206	1.008388	0.007150	-14.712146	-0.007150	1.008388	0.676590	
207	1.001649	0.001828	-10.560398	-0.001828	1.001649	0.475595	
208	1.001796	0.001536	-10.549937	-0.001536	1.001796	0.191765	
209	1.001274	0.001742	-9.746359	-0.001742	1.001274	0.670455	
210	1.005305	0.004161	-11.924092	-0.004161	1.005305	0.587933	
211	1.000742	0.007709	-8.081025	-0.007709	1.000742	4.098472	
212	0.996561	0.004429	-4.843456	-0.004429	0.996561	3.997193	
213	1.000728	0.004471	-7.501587	-0.004471	1.000728	2.240622	
214	1.002906	0.003994	-8.786401	-0.003994	1.002906	1.283703	
215	1.001554	0.001471	-8.271044	-0.001471	1.001554	0.472318	
216	1.002027	0.003195	-8.221808	-0.003195	1.002027	1.176118	
217	1.001523	0.001341	-7.993017	-0.001341	1.001523	0.165886	
218	1.002252	0.004960	-7.844880	-0.004960	1.002252	1.680718	
219	1.000006	0.003280	-6.609720	-0.003280	1.000006	1.907606	
220	0.999565	0.003636	-6.026162	-0.003636	0.999565	2.283366	
221	1.001960	0.001928	-8.066212	-0.001928	1.001960	0.491560	
222	1.001875	0.002374	-7.873523	-0.002374	1.001875	1.008418	
223	1.001685	0.005090	-7.216194	-0.005090	1.001685	2.264507	
224	1.001971	0.002659	-7.875624	-0.002659	1.001971	0.829917	
225	0.998192	0.004161	-4.730661	-0.004161	0.998192	3.300352	
226	0.998666	0.004069	-4.992016	-0.004069	0.998666	3.155907	
227	1.000352	0.003169	-6.288446	-0.003169	1.000352	1.631304	
228	1.000600	0.000878	-6.894037	-0.000878	1.000600	0.145296	
229	0.998835	0.003490	-5.058202	-0.003490	0.998835	2.668216	
230	1.001489	0.001732	-7.467629	-0.001732	1.001489	0.659772	
231	0.998888	0.003496	-5.043021	-0.003496	0.998888	2.562513	
232	0.999998	0.003331	-6.161259	-0.003331	0.999998	2.028076	
233	1.000572	0.002983	-6.345216	-0.002983	1.000572	1.806690	
234	1.000107	0.002839	-5.436967	-0.002839	1.000107	1.746695	
235	1.001315	0.002289	-6.286959	-0.002289	1.001315	0.790869	
236	1.000578	0.002854	-5.567886	-0.002854	1.000578	1.425685	
237	1.000453	0.002660	-5.418845	-0.002660	1.000453	1.498131	
238	1.000080	0.002525	-4.852103	-0.002525	1.000080	1.673891	
239	1.000299	0.002552	-4.942290	-0.002552	1.000299	1.561139	
240	1.000424	0.002503	-5.018069	-0.002503	1.000424	1.267430	
241	1.000593	0.002461	-5.102534	-0.002461	1.000593	1.156995	
242	0.999129	0.002775	-3.583466	-0.002775	0.999129	2.070045	
243	1.000463	0.002324	-4.886811	-0.002324	1.000463	1.213996	
244	0.999483	0.003015	-3.971266	-0.003015	0.999483	1.865885	
245	1.000982	0.002713	-5.171290	-0.002713	1.000982	0.814033	
246	1.001909	0.003083	-5.718544	-0.003083	1.001909	0.431619	
247	1.000618	0.002326	-4.988903	-0.002326	1.000618	0.685278	
248	1.000380	0.002571	-4.984331	-0.002571	1.000380	1.149539	
249	1.000399	0.002580	-4.962960	-0.002580	1.000399	1.209625	
250	0.998322	0.003327	-3.326638	-0.003327	0.998322	2.822997	
251	1.000836	0.002669	-5.534039	-0.002669	1.000836	1.220264	
252	1.000691	0.002670	-5.505441	-0.002670	1.000691	1.286934	
253	1.000645	0.002680	-5.530345	-0.002680	1.000645	1.325202	
254	1.001179	0.002630	-5.914192	-0.002630	1.001179	1.208855	
255	0.998277	0.003281	-3.355963	-0.003281	0.998277	2.900286	
256	0.997414	0.003531	-2.780216	-0.003531	0.997414	3.548905	
257	1.001542	0.002439	-6.152764	-0.002439	1.001542	1.038092	
258	1.000989	0.003350	-5.767831	-0.003350	1.000989	1.897979	
259	1.000878	0.002836	-5.691810	-0.002836	1.000878	1.138594	
260	0.998097	0.003505	-3.506884	-0.003505	0.998097	2.898672	
261	1.002197	0.001909	-7.331870	-0.001909	1.002197	0.476246	
262	1.000438	0.002824	-5.866869	-0.002824	1.000438	1.492512	
263	1.000710	0.002835	-6.121393	-0.002835	1.000710	1.433802	
264	1.001617	0.003517	-6.448218	-0.003517	1.001617	1.534500	
265	1.000506	0.003932	-5.685026	-0.003932	1.000506	2.283711	
266	0.999550	0.004361	-5.281746	-0.004361	0.999550	3.126427	
267	1.001880	0.002001	-7.466555	-0.002001	1.001880	0.639509	
268	1.002484	0.001824	-8.063577	-0.001824	1.002484	0.227967	
269	1.000361	0.003047	-6.549791	-0.003047	1.000361	1.608230	
270	1.002061	0.001689	-8.001661	-0.001689	1.002061	0.251035	
271	1.001743	0.000871	-7.902530	-0.000871	1.001743	-0.211755	
272	1.000664	0.003631	-6.720897	-0.003631	1.000664	1.990196	
273	1.001750	0.002714	-7.366506	-0.002714	1.001750	1.081283	
274	1.002204	0.002813	-7.601744	-0.002813	1.002204	1.047129	
275	1.001166	0.003524	-6.599192	-0.003524	1.001166	1.757741	
276	1.001071	0.003310	-6.243820	-0.003310	1.001071	1.652201	
277	1.001424	0.003049	-6.258341	-0.003049	1.001424	1.369623	
278	1.001208	0.003247	-6.027107	-0.003247	1.001208	1.418485	
279	1.001008	0.003042	-5.742862	-0.003042	1.001008	1.412231	
280	1.001240	0.002477	-5.621192	-0.002477	1.001240	0.998900	
281	1.000253	0.002823	-4.675918	-0.002823	1.000253	1.700894	
282	1.001302	0.002614	-5.442265	-0.002614	1.001302	1.070554	
283	1.001539	0.002450	-5.264933	-0.002450	1.001539	0.780835	
284	1.001351	0.002354	-4.712847	-0.002354	1.001351	0.940694	
285	1.001569	0.001997	-4.881099	-0.001997	1.001569	0.532122	
286	1.001091	0.002168	-4.400758	-0.002168	1.001091	0.843910	
287	1.001126	0.001664	-4.274713	-0.001664	1.001126	0.442851	
288	1.000581	0.001281	-3.624164	-0.001281	1.000581	0.454460	
289	1.000419	0.001238	-3.699829	-0.001238	1.000419	0.405236	
290	0.999888	0.001607	-3.214168	-0.001607	0.999888	1.033562	
291	1.000193	0.001325	-3.404802	-0.001325	1.000193	0.667310	
292	1.000212	0.001181	-3.010397	-0.001181	1.000212	0.524469	
293	1.000145	0.001248	-2.747810	-0.001248	1.000145	0.691574	
294	1.000031	0.001284	-2.415604	-0.001284	1.000031	0.792432	
295	1.000212	0.001378	-2.723842	-0.001378	1.000212	0.884443	
296	1.000135	0.001241	-2.544394	-0.001241	1.000135	0.809310	
297	0.999873	0.001022	-2.065062	-0.001022	0.999873	0.699607	
298	1.000252	0.000757	-2.472585	-0.000757	1.000252	0.329029	
299	0.999914	0.000786	-1.812005	-0.000786	0.999914	0.558971	
300	1.000081	0.000444	-1.517388	-0.000444	1.000081	0.182808	
301	1.000016	0.000381	-1.180806	-0.000381	1.000016	0.098081	
302	1.000039	0.000183	-0.727941	-0.000183	1.000039	-0.037869	
303	1.000192	-0.000069	-0.196787	0.000069	1.000192	-0.286770	
304	1.000220	-0.000178	-0.120896	0.000178	1.000220	-0.309021	
305	1.000163	-0.000107	0.126971	0.000107	1.000163	-0.154468	
306	0.999975	-0.000111	0.492886	0.000111	0.999975	-0.060902	
307	0.999986	-0.000146	0.656037	0.000146	0.999986	0.048786	
308	0.999902	-0.000101	0.778253	0.000101	0.999902	-0.033569	
309	1.000099	-0.000375	1.076369	0.000375	1.000099	-0.315518	
310	1.000149	-0.000930	1.853893	0.000930	1.000149	-0.708273	
311	0.999972	-0.001463	2.525095	0.001463	0.999972	-0.911278	
312	0.998144	-0.001715	4.228135	0.001715	0.998144	-0.215889	
313	0.998865	-0.001987	4.235401	0.001987	0.998865	-0.959710	
314	0.998971	-0.002424	4.842647	0.002424	0.998971	-1.338769	
315	0.998590	-0.002347	5.126954	0.002347	0.998590	-0.883228	
316	0.998318	-0.002001	4.848866	0.002001	0.998318	-0.574671	
317	0.998421	-0.001830	4.417124	0.001830	0.998421	-0.489393	
318	0.997606	-0.001773	5.131019	0.001773	0.997606	-0.023934	
319	0.998040	-0.001802	5.066941	0.001802	0.998040	-0.151069	
320	0.997719	-0.001740	5.364869	0.001740	0.997719	-0.089819	
321	0.996779	-0.001092	6.639959	0.001092	0.996779	0.627605	
322	0.997402	-0.002104	6.363084	0.002104	0.997402	-0.110335	
323	0.997298	-0.002418	6.380924	0.002418	0.997298	-0.299216	
324	0.997133	-0.001966	6.159045	0.001966	0.997133	-0.005687	
325	0.997524	-0.001922	5.609309	0.001922	0.997524	-0.083321	
326	0.997128	-0.001701	5.240621	0.001701	0.997128	0.129096	
327	0.997228	-0.001265	4.411031	0.001265	0.997228	0.337040	
328	0.997398	-0.001149	4.037372	0.001149	0.997398	0.397151	
329	0.997321	-0.000992	3.660200	0.000992	0.997321	0.482847	
330	0.997347	-0.000427	2.686263	0.000427	0.997347	0.948839	
331	0.997463	0.000192	1.658697	-0.000192	0.997463	1.416800	
332	0.997645	0.000249	1.463143	-0.000249	0.997645	1.437231	
333	0.998064	0.000294	1.014774	-0.000294	0.998064	1.154130	
334	0.997801	0.000434	1.006940	-0.000434	0.997801	1.297800	
335	0.997934	0.000359	0.729417	-0.000359	0.997934	1.158707	
336	0.997841	0.000229	0.969481	-0.000229	0.997841	1.117685	
337	0.998009	0.000216	1.017580	-0.000216	0.998009	1.038969	
338	0.998180	0.000332	0.685364	-0.000332	0.998180	0.939181	
339	0.998197	0.000248	0.548711	-0.000248	0.998197	0.854143	
340	0.998140	0.000331	0.484148	-0.000331	0.998140	1.041129	
341	0.998371	0.000266	0.434510	-0.000266	0.998371	0.792551	
342	0.999137	0.000272	-0.072744	-0.000272	0.999137	0.498093	
343	0.999198	0.000413	-0.216026	-0.000413	0.999198	0.639022	
344	0.999317	0.000304	-0.156928	-0.000304	0.999317	0.479661	
345	0.999475	0.000223	-0.166315	-0.000223	0.999475	0.271444	
346	0.999506	0.000247	-0.133824	-0.000247	0.999506	0.279803	
347	0.999461	0.000208	-0.078350	-0.000208	0.999461	0.455496	
348	0.999496	0.000218	-0.165443	-0.000218	0.999496	0.384524	
349	0.999547	0.000194	-0.190590	-0.000194	0.999547	0.329933	
350	0.999540	0.000264	-0.243569	-0.000264	0.999540	0.426319	
351	0.999782	0.000300	-0.450740	-0.000300	0.999782	0.332965	
352	1.000205	0.000515	-0.997366	-0.000515	1.000205	0.182624	
353	1.000938	0.000304	-0.954683	-0.000304	1.000938	-0.213036	
354	1.000875	0.000395	-0.871047	-0.000395	1.000875	-0.108437	
355	1.001172	0.000223	-1.121991	-0.000223	1.001172	-0.345108	
356	1.000777	0.000150	-0.905890	-0.000150	1.000777	-0.270733	
357	1.000867	0.000215	-0.967489	-0.000215	1.000867	-0.285798	
358	1.000731	0.000270	-0.916951	-0.000270	1.000731	-0.158430	
359	1.000498	0.000301	-0.808488	-0.000301	1.000498	-0.036855	
360	1.000361	0.000302	-0.797248	-0.000302	1.000361	-0.001151	
361	1.000365	0.000242	-0.646930	-0.000242	1.000365	-0.079146	
362	1.000513	0.000252	-0.724766	-0.000252	1.000513	-0.158958	
363	1.000634	0.000167	-0.706343	-0.000167	1.000634	-0.343483	
364	1.000677	0.000160	-0.606674	-0.000160	1.000677	-0.325520	
365	1.000858	-0.000052	-0.618607	0.000052	1.000858	-0.379566	
366	1.000929	-0.000083	-0.640918	0.000083	1.000929	-0.462663	
367	1.000838	0.000100	-0.618812	-0.000100	1.000838	-0.246592	
368	1.000581	0.000139	-0.335366	-0.000139	1.000581	0.030782	
369	1.000541	0.000159	-0.345712	-0.000159	1.000541	-0.100970	
370	1.000501	0.000076	-0.316568	-0.000076	1.000501	-0.354666	
371	1.000134	0.000011	0.005134	-0.000011	1.000134	0.045760	
372	0.999912	-0.000099	0.151702	0.000099	0.999912	0.286240	
373	1.000299	-0.000122	-0.139584	0.000122	1.000299	-0.201864	
374	1.000463	0.000074	-0.303417	-0.000074	1.000463	-0.249689	
375	1.000337	-0.000007	-0.165320	0.000007	1.000337	-0.071178	
376	1.000073	-0.000049	-0.002254	0.000049	1.000073	0.294276	
377	1.000204	0.000097	-0.096418	-0.000097	1.000204	0.226188	
378	1.000446	0.000023	-0.293310	-0.000023	1.000446	-0.075590	
379	1.000364	0.000327	-0.265700	-0.000327	1.000364	0.288201	
380	1.000563	0.000367	-0.425487	-0.000367	1.000563	0.252450	
381	1.000727	0.000149	-0.327177	-0.000149	1.000727	-0.326847	
382	1.000802	0.000442	-0.309374	-0.000442	1.000802	-0.737057	
383	1.000607	0.000366	-0.301315	-0.000366	1.000607	-0.536234	
384	0.999851	0.000251	-0.036513	-0.000251	0.999851	0.926370	
385	0.999972	0.000178	0.002792	-0.000178	0.999972	1.011347	
386	1.000822	0.000182	-0.274026	-0.000182	1.000822	-0.622766	
387	1.000883	0.000138	-0.176899	-0.000138	1.000883	-1.240418	
388	1.000648	0.000319	-0.402268	-0.000319	1.000648	-0.640080	
389	1.000387	0.000215	-0.578001	-0.000215	1.000387	0.182869	
390	1.000175	0.000358	-0.513959	-0.000358	1.000175	0.718830	
391	1.000533	0.000411	-0.884454	-0.000411	1.000533	0.443108	
392	1.000424	0.000463	-0.722374	-0.000463	1.000424	0.197188	
393	1.000605	0.000277	-0.490771	-0.000277	1.000605	-0.001810	
394	1.000844	0.000428	-0.756931	-0.000428	1.000844	-0.187725	
395	1.000934	0.000402	-0.901212	-0.000402	1.000934	-0.696201	
396	1.001107	0.000037	-0.699469	-0.000037	1.001107	-0.507031	
397	1.000991	0.000133	-0.728051	-0.000133	1.000991	-0.102236	
398	1.000929	0.000179	-0.687888	-0.000179	1.000929	-0.116113	
399	1.000660	0.000268	-0.592889	-0.000268	1.000660	0.082714	
400	1.000636	0.000349	-0.737634	-0.000349	1.000636	0.428226	
401	1.000348	0.000236	-0.485625	-0.000236	1.000348	0.328904	
402	1.000771	0.000145	-0.633900	-0.000145	1.000771	-0.354379	
403	1.000637	0.000160	-0.405646	-0.000160	1.000637	-0.308068	
404	1.000710	0.000309	-0.520035	-0.000309	1.000710	-0.024412	
405	1.000548	0.000072	-0.310197	-0.000072	1.000548	-0.321761	
406	1.000589	0.000125	-0.274857	-0.000125	1.000589	-0.482255	
407	1.000518	0.000256	-0.262761	-0.000256	1.000518	-0.359844	
408	1.000209	0.000234	-0.117306	-0.000234	1.000209	-0.224385	
409	1.000240	-0.000001	-0.061828	0.000001	1.000240	-0.372149	
410	1.000276	0.000113	-0.075436	-0.000113	1.000276	-0.356771	
411	1.000280	0.000031	-0.074439	-0.000031	1.000280	-0.302707	
412	0.999969	0.000102	0.087282	-0.000102	0.999969	0.103804	
413	1.000114	0.000178	-0.062962	-0.000178	1.000114	0.103301	
414	1.000224	0.000285	-0.144511	-0.000285	1.000224	-0.176671	
415	1.000459	0.000054	0.272753	-0.000054	1.000459	-0.625008	
416	1.000755	0.000139	0.173937	-0.000139	1.000755	-0.985215	
417	1.001151	0.000125	-0.343313	-0.000125	1.001151	-1.165514	
418	1.000513	-0.000394	0.796622	0.000394	1.000513	-0.598438	
419	1.000461	-0.000580	1.403280	0.000580	1.000461	-0.565639	
420	1.000973	-0.000697	1.348358	0.000697	1.000973	-1.276502	
421	1.000758	-0.000889	1.946694	0.000889	1.000758	-1.441759	
422	1.000446	-0.001256	2.793312	0.001256	1.000446	-1.159350	
423	1.000637	-0.001435	3.457420	0.001435	1.000637	-1.175199	
424	1.000433	-0.001785	4.013401	0.001785	1.000433	-1.402622	
425	1.000543	-0.001538	3.464893	0.001538	1.000543	-1.255065	
426	1.000235	-0.001278	2.965634	0.001278	1.000235	-0.922259	
427	1.000047	-0.001025	2.300303	0.001025	1.000047	-0.713769	
428	1.000187	-0.000990	2.281419	0.000990	1.000187	-0.810992	
429	1.000140	-0.000923	1.820342	0.000923	1.000140	-0.755712	
430	1.000168	-0.000713	1.529287	0.000713	1.000168	-0.567444	
431	1.000074	-0.000608	1.460117	0.000608	1.000074	-0.513056	
432	1.000032	-0.000555	1.354788	0.000555	1.000032	-0.502224	
433	0.999991	-0.000214	1.002384	0.000214	0.999991	-0.189239	
434	0.999947	-0.000056	0.899753	0.000056	0.999947	-0.147211	
435	0.999981	-0.000053	0.628040	0.000053	0.999981	-0.097203	
436	0.999889	0.000035	0.641878	-0.000035	0.999889	0.026188	
437	0.999857	-0.000046	0.520714	0.000046	0.999857	-0.081868	
438	0.999767	-0.000167	0.671828	0.000167	0.999767	-0.123729	
439	0.999602	-0.000164	0.732109	0.000164	0.999602	-0.024482	
440	0.999497	-0.000097	0.531244	0.000097	0.999497	0.078223	
441	0.999430	0.000005	0.501149	-0.000005	0.999430	0.198854	
442	0.999210	0.000077	0.520555	-0.000077	0.999210	0.569181	
443	0.999120	0.000083	0.475433	-0.000083	0.999120	0.810015	
444	0.999062	0.000115	0.540518	-0.000115	0.999062	0.830117	
445	0.999092	0.000071	0.438256	-0.000071	0.999092	0.716957	
446	0.999345	0.000179	0.161599	-0.000179	0.999345	0.562295	
447	0.999362	0.000228	0.115510	-0.000228	0.999362	0.552459	
448	0.999362	0.000111	-0.023811	-0.000111	0.999362	0.614827	
449	0.999285	0.000205	0.070533	-0.000205	0.999285	0.703525	
450	0.999414	0.000118	0.049711	-0.000118	0.999414	0.612913	
451	0.999562	0.000080	-0.044704	-0.000080	0.999562	0.468926	
452	0.999668	0.000231	-0.302574	-0.000231	0.999668	0.611007	
453	0.999946	0.000150	-0.407715	-0.000150	0.999946	0.480142	
454	1.000435	0.000142	-0.700266	-0.000142	1.000435	0.196648	
455	1.001427	0.000179	-1.445284	-0.000179	1.001427	-0.363864	
456	1.001545	0.000153	-1.557173	-0.000153	1.001545	-0.411999	
457	1.001432	0.000149	-1.548210	-0.000149	1.001432	-0.383565	
458	1.001630	0.000338	-1.882782	-0.000338	1.001630	-0.524226	
459	1.001143	0.000363	-1.668101	-0.000363	1.001143	-0.349097	
460	1.001625	0.000318	-1.904026	-0.000318	1.001625	-0.527323	
461	1.001658	0.000257	-1.937774	-0.000257	1.001658	-0.521377	
462	1.002109	0.000170	-2.313874	-0.000170	1.002109	-0.668124	
463	1.001945	0.000244	-2.273827	-0.000244	1.001945	-0.492477	
464	1.001902	0.000257	-2.287076	-0.000257	1.001902	-0.348335	
465	1.001843	0.000259	-2.288135	-0.000259	1.001843	-0.229242	
466	1.001996	0.000124	-1.943134	-0.000124	1.001996	-0.132692	
467	1.001852	0.000300	-2.208430	-0.000300	1.001852	-0.184172	
468	1.002056	0.000524	-2.603186	-0.000524	1.002056	-0.504405	
469	1.002027	0.000413	-2.294377	-0.000413	1.002027	-0.555780	
470	1.002363	0.000422	-2.600021	-0.000422	1.002363	-0.355293	
471	1.002641	0.000574	-2.880325	-0.000574	1.002641	-0.273704	
472	1.002485	0.000511	-2.717515	-0.000511	1.002485	-0.395944	
473	1.002738	0.000624	-3.091507	-0.000624	1.002738	-0.439590	
474	1.003087	0.000603	-3.345411	-0.000603	1.003087	-0.364375	
475	1.003639	0.000379	-3.652252	-0.000379	1.003639	-0.537497	
476	1.003381	0.000342	-3.476266	-0.000342	1.003381	-0.671080	
477	1.003445	0.000266	-3.587686	-0.000266	1.003445	-0.715975	
478	1.003389	0.000104	-3.441359	-0.000104	1.003389	-0.557652	
479	1.003462	0.000055	-3.451912	-0.000055	1.003462	-0.786650	
480	1.003865	0.000555	-4.049277	-0.000555	1.003865	-0.666660	
481	1.003743	0.000508	-4.081525	-0.000508	1.003743	-0.699063	
482	1.004462	0.000312	-3.971593	-0.000312	1.004462	-0.832236	
483	1.003362	0.000646	-3.850891	-0.000646	1.003362	-0.497469	
484	1.003875	0.000722	-4.329357	-0.000722	1.003875	-0.578116	
485	1.003973	0.000704	-4.416506	-0.000704	1.003973	-0.572053	
486	1.004553	0.000780	-5.000861	-0.000780	1.004553	-0.977977	
487	1.004625	0.000579	-4.430555	-0.000579	1.004625	-1.162155	
488	1.003960	0.000625	-3.864716	-0.000625	1.003960	-0.976642	
489	1.005046	0.000332	-4.650647	-0.000332	1.005046	-1.469582	
490	1.004902	0.000294	-4.568125	-0.000294	1.004902	-1.487679	
491	1.005043	0.000167	-4.538455	-0.000167	1.005043	-1.698885	
492	1.004899	-0.000121	-4.486294	0.000121	1.004899	-1.805092	
493	1.004234	0.000013	-3.791126	-0.000013	1.004234	-1.446160	
494	1.004391	0.000088	-4.045481	-0.000088	1.004391	-1.583020	
495	1.004309	0.000197	-3.885122	-0.000197	1.004309	-1.586135	
496	1.004914	0.000072	-4.364023	-0.000072	1.004914	-1.798465	
497	1.004720	0.000188	-4.238738	-0.000188	1.004720	-1.717446	
498	1.004886	0.000374	-4.344556	-0.000374	1.004886	-1.909924	
499	1.005237	0.000266	-4.478233	-0.000266	1.005237	-2.096357	
500	1.004685	0.000203	-4.086419	-0.000203	1.004685	-1.798378	
501	1.005019	0.000161	-4.273095	-0.000161	1.005019	-2.045451	
502	1.004749	0.000166	-4.112968	-0.000166	1.004749	-2.145721	
503	1.004862	0.000121	-3.982496	-0.000121	1.004862	-2.049356	
504	1.004780	0.000032	-3.842063	-0.000032	1.004780	-1.941604	
505	1.004714	-0.000047	-3.684939	0.000047	1.004714	-2.146905	
506	1.005208	0.000169	-4.147282	-0.000169	1.005208	-2.313441	
507	1.004877	0.000104	-3.856654	-0.000104	1.004877	-2.149303	
508	1.005296	0.000128	-3.955180	-0.000128	1.005296	-2.274743	
509	1.005363	-0.000061	-3.951320	0.000061	1.005363	-2.556673	
510	1.005143	0.000023	-3.913076	-0.000023	1.005143	-2.486838	
511	1.004605	-0.000054	-3.525421	0.000054	1.004605	-2.121494	
512	1.004868	-0.000039	-3.710078	0.000039	1.004868	-2.255492	
513	1.004616	0.000091	-3.417153	-0.000091	1.004616	-2.152753	
514	1.004758	0.000030	-3.457198	-0.000030	1.004758	-2.214162	
515	1.004720	-0.000043	-3.534507	0.000043	1.004720	-2.009011	
516	1.004703	-0.000019	-3.382232	0.000019	1.004703	-2.214815	
517	1.004628	-0.000082	-3.267669	0.000082	1.004628	-2.188092	
518	1.004291	-0.000087	-2.987482	0.000087	1.004291	-1.880305	
519	1.004782	-0.000106	-3.309486	0.000106	1.004782	-2.068644	
520	1.005387	-0.000118	-3.566357	0.000118	1.005387	-2.513239	
521	1.004411	-0.000138	-2.918905	0.000138	1.004411	-1.924995	
522	1.004271	-0.000229	-2.896177	0.000229	1.004271	-1.835926	
523	1.004181	-0.000123	-2.776536	0.000123	1.004181	-2.090500	
524	1.004279	-0.000288	-2.817100	0.000288	1.004279	-2.226491	
525	1.003932	-0.000309	-2.614490	0.000309	1.003932	-1.752578	
526	1.003354	-0.000255	-2.260091	0.000255	1.003354	-1.593331	
527	1.003291	-0.000242	-2.235968	0.000242	1.003291	-1.727268	
528	1.003313	-0.000177	-2.180125	0.000177	1.003313	-1.628007	
529	1.002948	-0.000134	-1.938354	0.000134	1.002948	-1.252895	
530	1.002964	-0.000116	-1.904797	0.000116	1.002964	-1.359325	
531	1.002760	-0.000136	-1.728424	0.000136	1.002760	-1.337013	
532	1.002011	-0.000139	-1.337374	0.000139	1.002011	-0.931350	
533	1.002180	-0.000202	-1.430168	0.000202	1.002180	-1.077862	
534	1.002178	-0.000212	-1.433101	0.000212	1.002178	-1.145469	
535	1.001538	-0.000216	-0.959664	0.000216	1.001538	-0.797998	
536	1.001115	-0.000127	-0.714913	0.000127	1.001115	-0.520878	
537	1.000606	-0.000108	-0.338912	0.000108	1.000606	-0.326369	
538	1.000235	-0.000108	-0.145675	0.000108	1.000235	-0.221319	
539	1.000183	-0.000061	-0.172779	0.000061	1.000183	-0.116939	
540	1.000083	-0.000069	-0.089065	0.000069	1.000083	-0.062021	
541	1.000185	-0.000011	-0.169537	0.000011	1.000185	-0.260303	
542	1.000148	-0.000070	-0.135224	0.000070	1.000148	-0.140956	
543	0.999957	-0.000026	-0.040582	0.000026	0.999957	0.213133	
544	1.000178	0.000042	-0.219566	-0.000042	1.000178	-0.167263	
545	1.000375	-0.000133	-0.325981	0.000133	1.000375	-0.451640	
546	1.000195	0.000018	-0.262120	-0.000018	1.000195	0.004908	
547	1.000151	-0.000117	-0.198315	0.000117	1.000151	-0.126136	
548	1.000111	-0.000158	-0.181231	0.000158	1.000111	-0.177528	
549	0.999992	-0.000080	-0.107869	0.000080	0.999992	-0.055708	
550	1.000269	-0.000045	-0.251973	0.000045	1.000269	-0.439641	
551	1.000143	-0.000026	-0.256372	0.000026	1.000143	-0.338320	
552	1.000086	-0.000162	-0.196003	0.000162	1.000086	-0.119797	
553	1.000099	-0.000021	-0.203882	0.000021	1.000099	-0.130696	
554	1.000319	-0.000050	-0.332518	0.000050	1.000319	-0.543144	
555	1.000165	0.000055	-0.290207	-0.000055	1.000165	-0.155200	
556	1.000008	0.000070	-0.170269	-0.000070	1.000008	0.071219	
557	1.000180	-0.000018	-0.268168	0.000018	1.000180	-0.135908	
558	1.000356	-0.000048	-0.482095	0.000048	1.000356	-0.287033	
559	1.000263	-0.000046	-0.394625	0.000046	1.000263	-0.149194	
560	1.000221	-0.000048	-0.345965	0.000048	1.000221	-0.290853	
561	1.000154	-0.000151	-0.256358	0.000151	1.000154	-0.323031	
562	1.000130	-0.000154	-0.179600	0.000154	1.000130	-0.131300	
563	1.000450	-0.000138	-0.492691	0.000138	1.000450	-0.409868	
564	1.000449	-0.000034	-0.447172	0.000034	1.000449	-0.524100	
565	1.000030	-0.000090	-0.182729	0.000090	1.000030	-0.051537	
566	1.000012	-0.000101	0.025730	0.000101	1.000012	-0.041635	
567	1.000242	-0.000177	0.040425	0.000177	1.000242	-0.437596	
568	1.000344	-0.000170	-0.035767	0.000170	1.000344	-0.552945	
569	1.000109	-0.000258	0.257168	0.000258	1.000109	-0.230191	
570	1.000153	-0.000469	0.530837	0.000469	1.000153	-0.394111	
571	1.000375	-0.000501	0.496553	0.000501	1.000375	-0.726281	
572	1.000486	-0.000538	0.557474	0.000538	1.000486	-0.880128	
573	1.000415	-0.000662	1.011976	0.000662	1.000415	-0.882506	
574	0.998027	-0.001303	3.532349	0.001303	0.998027	0.068714	
