0	1.000000	0.000000	0.000000	0.000000	1.000000	0.000000	
1	0.999906	-0.000094	-0.445503	0.000094	0.999906	-0.063509	
2	0.999901	-0.000031	-0.193369	0.000031	0.999901	0.006960	
3	0.999950	-0.000042	0.001876	0.000042	0.999950	-0.014659	
4	0.999922	0.000023	-0.059110	-0.000023	0.999922	0.036006	
5	0.999947	-0.000008	-0.097102	0.000008	0.999947	0.018194	
6	0.999915	-0.000049	-0.136482	0.000049	0.999915	-0.013945	
7	0.999739	-0.000091	-0.263566	0.000091	0.999739	0.016637	
8	0.999612	-0.000173	-0.531285	0.000173	0.999612	-0.002217	
9	0.999305	-0.000164	-1.048413	0.000164	0.999305	0.024839	
10	0.999092	-0.000283	-1.183716	0.000283	0.999092	0.063409	
11	0.998963	-0.000303	-1.812432	0.000303	0.998963	0.131081	
12	0.998609	-0.000246	-2.171755	0.000246	0.998609	0.288584	
13	0.998309	-0.000309	-2.841800	0.000309	0.998309	0.461239	
14	0.998237	-0.000237	-3.392541	0.000237	0.998237	0.603712	
15	0.999149	0.000626	-5.313843	-0.000626	0.999149	0.909704	
16	0.998840	0.000680	-5.538925	-0.000680	0.998840	1.032099	
17	0.998740	0.000572	-5.987653	-0.000572	0.998740	0.939462	
18	0.998781	0.000738	-6.316830	-0.000738	0.998781	1.160154	
19	0.997183	-0.000498	-4.651415	0.000498	0.997183	0.836978	
20	0.998819	0.000638	-6.965956	-0.000638	0.998819	1.026915	
21	0.998827	0.000632	-7.150870	-0.000632	0.998827	0.992460	
22	0.994751	-0.000853	-3.225109	0.000853	0.994751	1.304137	
23	0.997203	-0.000272	-5.529567	0.000272	0.997203	0.852959	
24	0.996079	-0.000968	-4.063808	0.000968	0.996079	0.752288	
25	0.996612	-0.000880	-5.057909	0.000880	0.996612	0.711502	
26	0.998769	0.000390	-7.156345	-0.000390	0.998769	0.919236	
27	0.998766	0.000652	-7.311102	-0.000652	0.998766	1.141546	
28	0.999495	0.000335	-7.960353	-0.000335	0.999495	0.504120	
29	0.996667	-0.000400	-4.408947	0.000400	0.996667	1.108677	
30	0.999271	0.000681	-7.850232	-0.000681	0.999271	0.907393	
31	0.999050	0.000702	-7.494897	-0.000702	0.999050	1.134013	
32	0.997339	-0.000623	-4.933020	0.000623	0.997339	0.788738	
33	0.999576	0.000565	-7.878625	-0.000565	0.999576	0.705152	
34	0.994507	-0.000742	-2.248783	0.000742	0.994507	1.510233	
35	0.999167	0.000626	-7.371742	-0.000626	0.999167	0.919332	
36	0.997770	-0.000036	-5.870505	0.000036	0.997770	0.884675	
37	0.999692	0.000559	-7.460249	-0.000559	0.999692	0.598739	
38	0.999375	0.000753	-7.385465	-0.000753	0.999375	0.927258	
39	0.999354	0.000798	-7.211160	-0.000798	0.999354	1.021095	
40	0.995849	-0.000251	-3.099320	0.000251	0.995849	1.363365	
41	0.999701	0.000614	-6.745637	-0.000614	0.999701	0.498161	
42	0.998336	-0.000398	-4.550029	0.000398	0.998336	0.396870	
43	0.996156	0.000053	-2.202173	-0.000053	0.996156	1.512290	
44	0.998586	-0.000286	-3.848486	0.000286	0.998586	0.474317	
45	0.998645	-0.000323	-3.529111	0.000323	0.998645	0.499894	
46	0.998797	-0.000395	-3.210290	0.000395	0.998797	0.254795	
47	0.998535	-0.000363	-2.588302	0.000363	0.998535	0.432930	
48	0.999084	-0.000279	-2.475088	0.000279	0.999084	0.177379	
49	0.999147	-0.000260	-2.182614	0.000260	0.999147	0.167623	
50	0.999114	-0.000138	-1.772932	0.000138	0.999114	0.292339	
51	0.999333	-0.000028	-1.635814	0.000028	0.999333	0.189555	
52	0.999314	-0.000085	-1.349318	0.000085	0.999314	0.151369	
53	0.999374	0.000028	-1.071546	-0.000028	0.999374	0.172196	
54	0.999584	0.000117	-0.866509	-0.000117	0.999584	0.171148	
55	0.999569	0.000099	-0.771644	-0.000099	0.999569	0.170298	
56	0.999484	0.000026	-0.594658	-0.000026	0.999484	0.142179	
57	0.999604	0.000042	-0.640787	-0.000042	0.999604	0.128920	
58	0.999550	-0.000058	-0.640442	0.000058	0.999550	0.088159	
59	0.999712	-0.000104	-0.781584	0.000104	0.999712	0.020218	
60	0.999662	-0.000040	-0.903911	0.000040	0.999662	0.087819	
61	0.999392	-0.000068	-1.604983	0.000068	0.999392	0.188752	
62	0.999298	-0.000028	-2.243357	0.000028	0.999298	0.232611	
63	0.998943	-0.000049	-3.074710	0.000049	0.998943	0.334134	
64	1.000040	0.000773	-6.661224	-0.000773	1.000040	0.412080	
65	1.000041	0.001118	-10.995409	-0.001118	1.000041	0.492934	
66	0.999992	0.001279	-16.224983	-0.001279	0.999992	0.696821	
67	1.000033	0.001518	-20.969106	-0.001518	1.000033	1.068104	
68	1.000072	0.001452	-23.724218	-0.001452	1.000072	1.308028	
69	1.000473	0.001364	-25.961010	-0.001364	1.000473	1.125379	
70	1.000313	0.001482	-25.439739	-0.001482	1.000313	1.228319	
71	1.000091	0.001485	-25.188396	-0.001485	1.000091	1.239452	
72	1.000537	0.001360	-24.576840	-0.001360	1.000537	0.846676	
73	0.999873	0.001269	-20.968609	-0.001269	0.999873	1.092087	
74	0.999956	0.001039	-17.927226	-0.001039	0.999956	0.994287	
75	1.000069	0.000809	-13.775136	-0.000809	1.000069	0.785391	
76	1.000105	0.000789	-9.236473	-0.000789	1.000105	0.753913	
77	0.998978	-0.000265	-3.457645	0.000265	0.998978	0.312970	
78	0.999870	0.000176	-0.410571	-0.000176	0.999870	0.167671	
79	1.000551	0.000426	2.455322	-0.000426	1.000551	0.023805	
80	1.000017	-0.000264	6.442004	0.000264	1.000017	-0.208553	
81	1.000209	-0.000641	9.372838	0.000641	1.000209	-0.614349	
82	0.999903	-0.000718	11.234922	0.000718	0.999903	-0.568854	
83	0.999845	-0.000996	13.294710	0.000996	0.999845	-0.778072	
84	1.000115	-0.000761	14.110753	0.000761	1.000115	-0.747967	
85	1.000051	-0.000875	14.743229	0.000875	1.000051	-0.780377	
86	0.999757	-0.000790	15.497224	0.000790	0.999757	-0.471140	
87	1.000547	-0.000620	14.533392	0.000620	1.000547	-0.603131	
88	1.000456	-0.000727	14.580657	0.000727	1.000456	-0.749478	
89	1.000740	-0.000659	13.970277	0.000659	1.000740	-0.861644	
90	1.000695	-0.000755	13.430554	0.000755	1.000695	-0.878089	
91	1.000487	-0.000821	13.254787	0.000821	1.000487	-0.893036	
92	1.000792	-0.000864	12.578562	0.000864	1.000792	-0.974902	
93	1.000630	-0.000920	12.101223	0.000920	1.000630	-0.977530	
94	1.000296	-0.000798	11.860547	0.000798	1.000296	-0.730061	
95	1.000560	-0.000737	11.004799	0.000737	1.000560	-0.823375	
96	1.000225	-0.000588	10.762575	0.000588	1.000225	-0.668330	
97	1.000507	-0.000471	10.301046	0.000471	1.000507	-0.686946	
98	1.000494	-0.000424	9.294356	0.000424	1.000494	-0.578316	
99	1.000336	-0.000596	9.395863	0.000596	1.000336	-0.585026	
100	1.000511	-0.000716	8.405044	0.000716	1.000511	-0.653876	
101	1.000838	-0.000704	7.654282	0.000704	1.000838	-0.773627	
102	1.000928	-0.000916	7.580386	0.000916	1.000928	-1.060824	
103	1.002112	0.000069	5.203974	-0.000069	1.002112	-0.803629	
104	1.000613	-0.000912	7.025059	0.000912	1.000613	-0.863268	
105	1.002392	0.000289	4.774020	-0.000289	1.002392	-0.752343	
106	1.002128	0.000253	4.657675	-0.000253	1.002128	-0.672808	
107	1.000469	-0.000756	6.735023	0.000756	1.000469	-0.798443	
108	1.001940	0.000508	4.677366	-0.000508	1.001940	-0.528648	
109	1.003300	0.000619	3.255405	-0.000619	1.003300	-0.922365	
110	1.001889	0.000735	4.523018	-0.000735	1.001889	-0.344255	
111	1.001884	0.000505	4.409489	-0.000505	1.001884	-0.505747	
112	1.003016	0.000585	3.021647	-0.000585	1.003016	-0.731526	
113	1.001996	0.000537	3.838093	-0.000537	1.001996	-0.440851	
114	1.001867	0.000356	4.119635	-0.000356	1.001867	-0.579717	
115	1.001501	0.000019	4.444106	-0.000019	1.001501	-0.675606	
116	1.001393	0.000262	4.261189	-0.000262	1.001393	-0.447023	
117	1.001586	0.000341	4.122552	-0.000341	1.001586	-0.398427	
118	1.001037	0.000132	4.474042	-0.000132	1.001037	-0.279600	
119	1.001639	0.000311	3.930639	-0.000311	1.001639	-0.388769	
120	1.000172	-0.000439	5.433677	0.000439	1.000172	-0.312445	
121	1.001585	0.000243	3.624276	-0.000243	1.001585	-0.419831	
122	1.001412	0.000460	3.829593	-0.000460	1.001412	-0.197148	
123	1.001247	0.000329	3.625694	-0.000329	1.001247	-0.239125	
124	1.001299	0.000390	3.599726	-0.000390	1.001299	-0.192806	
125	1.001339	0.000395	3.436587	-0.000395	1.001339	-0.253922	
126	1.001048	0.000535	3.276579	-0.000535	1.001048	-0.071243	
127	1.001173	0.000468	3.176127	-0.000468	1.001173	-0.164265	
128	1.000961	0.000363	2.911703	-0.000363	1.000961	-0.088686	
129	1.000868	0.000297	2.586364	-0.000297	1.000868	-0.071557	
130	1.000694	0.000230	2.147917	-0.000230	1.000694	-0.018935	
131	1.000510	0.000184	1.711307	-0.000184	1.000510	0.008955	
132	1.000269	0.000140	1.109465	-0.000140	1.000269	0.054730	
133	1.000139	0.000060	0.782116	-0.000060	1.000139	0.044766	
134	0.999916	0.000052	0.389139	-0.000052	0.999916	0.106395	
135	0.999824	-0.000004	0.193465	0.000004	0.999824	0.097854	
136	0.999820	-0.000005	0.018722	0.000005	0.999820	0.078183	
137	0.999744	0.000029	0.083565	-0.000029	0.999744	0.091308	
138	0.999833	0.000016	0.048429	-0.000016	0.999833	0.037663	
139	0.999870	0.000025	0.043111	-0.000025	0.999870	0.029680	
140	0.999802	0.000015	0.062855	-0.000015	0.999802	0.014185	
141	0.999750	0.000080	0.091567	-0.000080	0.999750	0.059896	
142	0.999761	0.000050	0.102426	-0.000050	0.999761	0.045259	
143	0.999761	0.000060	0.110835	-0.000060	0.999761	0.053586	
144	0.999873	0.000042	0.047874	-0.000042	0.999873	0.031228	
145	0.999833	0.000060	0.046795	-0.000060	0.999833	0.054723	
146	0.999883	0.000010	0.006444	-0.000010	0.999883	0.020041	
147	0.999923	-0.000002	-0.012133	0.000002	0.999923	0.027805	
148	0.999906	0.000042	-0.012553	-0.000042	0.999906	0.090107	
149	0.999909	0.000023	-0.041565	-0.000023	0.999909	0.093138	
150	0.999912	0.000023	-0.056856	-0.000023	0.999912	0.110470	
151	0.999930	0.000035	-0.023455	-0.000035	0.999930	0.118193	
152	0.999968	-0.000059	-0.063288	0.000059	0.999968	0.054109	
153	0.999987	-0.000041	-0.068008	0.000041	0.999987	0.057125	
154	1.000018	-0.000045	-0.051480	0.000045	1.000018	0.034642	
155	1.000028	-0.000055	-0.051552	0.000055	1.000028	-0.024248	
156	0.999974	-0.000068	0.001295	0.000068	0.999974	-0.041501	
157	0.999974	-0.000137	-0.007569	0.000137	0.999974	-0.099240	
158	0.999986	-0.000136	-0.016488	0.000136	0.999986	-0.116351	
159	1.000031	-0.000170	-0.044881	0.000170	1.000031	-0.160275	
160	1.000061	-0.000171	-0.072329	0.000171	1.000061	-0.178614	
161	1.000043	-0.000119	-0.060940	0.000119	1.000043	-0.122213	
162	1.000032	-0.000116	-0.055805	0.000116	1.000032	-0.114230	
163	1.000027	-0.000063	-0.054615	0.000063	1.000027	-0.088287	
164	1.000012	-0.000044	-0.051342	0.000044	1.000012	-0.090273	
165	1.000002	-0.000100	-0.053495	0.000100	1.000002	-0.137595	
166	1.000090	-0.000050	-0.113981	0.000050	1.000090	-0.135853	
167	1.000070	-0.000060	-0.103698	0.000060	1.000070	-0.124246	
168	1.000062	-0.000081	-0.089453	0.000081	1.000062	-0.135659	
169	1.000007	-0.000128	-0.058755	0.000128	1.000007	-0.165031	
170	1.000001	-0.000136	-0.065586	0.000136	1.000001	-0.132491	
171	1.000074	-0.000067	-0.108408	0.000067	1.000074	-0.087352	
172	1.000020	-0.000067	-0.073390	0.000067	1.000020	-0.073038	
173	1.000045	-0.000104	-0.094408	0.000104	1.000045	-0.099444	
174	1.000058	-0.000111	-0.083495	0.000111	1.000058	-0.106332	
175	1.000042	-0.000159	-0.055404	0.000159	1.000042	-0.153448	
176	1.000048	-0.000173	-0.057175	0.000173	1.000048	-0.169589	
177	1.000010	-0.000125	-0.067679	0.000125	1.000010	-0.144982	
178	0.999941	-0.000039	-0.012169	0.000039	0.999941	-0.077212	
179	1.000012	-0.000030	-0.076643	0.000030	1.000012	-0.096477	
180	0.999979	-0.000063	-0.075680	0.000063	0.999979	-0.101209	
181	1.000165	0.000048	-0.161159	-0.000048	1.000165	-0.044378	
182	1.000131	0.000063	-0.142785	-0.000063	1.000131	-0.038730	
183	1.000043	-0.000012	-0.067965	0.000012	1.000043	-0.057711	
184	1.000038	-0.000082	-0.052028	0.000082	1.000038	-0.107824	
185	0.999964	-0.000076	0.016067	0.000076	0.999964	-0.097999	
186	0.999942	-0.000101	0.053947	0.000101	0.999942	-0.085020	
187	0.999964	-0.000059	0.034094	0.000059	0.999964	-0.049468	
188	0.999994	-0.000041	0.016755	0.000041	0.999994	-0.021186	
189	0.999953	-0.000008	0.034257	0.000008	0.999953	0.015247	
190	0.999939	-0.000011	0.031338	0.000011	0.999939	0.020477	
191	0.999849	0.000012	0.117405	-0.000012	0.999849	0.061165	
192	0.999814	-0.000023	0.135076	0.000023	0.999814	0.038731	
193	0.999810	-0.000012	0.127675	0.000012	0.999810	0.052144	
194	0.999801	0.000043	0.115501	-0.000043	0.999801	0.078324	
195	0.999694	0.000049	0.171380	-0.000049	0.999694	0.096965	
196	0.999740	0.000128	0.167427	-0.000128	0.999740	0.145782	
197	0.999738	0.000068	0.169531	-0.000068	0.999738	0.101932	
198	0.999778	0.000075	0.159416	-0.000075	0.999778	0.089121	
199	0.999771	0.000016	0.187899	-0.000016	0.999771	0.076597	
200	0.999697	-0.000026	0.182679	0.000026	0.999697	0.078620	
201	0.999628	-0.000027	0.318435	0.000027	0.999628	0.102056	
202	0.999738	-0.000054	0.249323	0.000054	0.999738	0.078102	
203	0.999824	-0.000092	0.163230	0.000092	0.999824	0.061574	
204	0.999801	-0.000054	0.194197	0.000054	0.999801	0.123709	
205	0.999817	-0.000062	0.067605	0.000062	0.999817	0.084782	
206	0.999728	-0.000102	-0.019309	0.000102	0.999728	0.077793	
207	0.999542	-0.000160	-0.200693	0.000160	0.999542	0.026328	
208	0.999305	-0.000142	-0.777827	0.000142	0.999305	0.069579	
209	0.998941	-0.000068	-1.736392	0.000068	0.998941	0.040710	
210	0.998111	-0.000341	-2.156856	0.000341	0.998111	0.161216	
211	0.998061	-0.000564	-3.277842	0.000564	0.998061	0.296987	
212	0.999139	0.000511	-6.078705	-0.000511	0.999139	0.863967	
213	0.999162	0.000453	-7.270065	-0.000453	0.999162	0.727059	
214	0.999289	0.000294	-8.088383	-0.000294	0.999289	0.558251	
215	0.999434	0.000564	-8.924170	-0.000564	0.999434	0.541991	
216	0.998977	0.000648	-8.822766	-0.000648	0.998977	0.793071	
217	0.999533	0.000569	-9.156112	-0.000569	0.999533	0.689917	
218	0.999324	0.000577	-9.154366	-0.000577	0.999324	1.080487	
219	0.999685	0.000912	-8.927373	-0.000912	0.999685	1.270411	
220	0.996715	0.000555	-5.480688	-0.000555	0.996715	2.020495	
221	0.999985	0.000582	-8.184732	-0.000582	0.999985	0.747626	
222	0.999863	0.000662	-7.547872	-0.000662	0.999863	0.781839	
223	0.998095	-0.000289	-4.654081	0.000289	0.998095	0.733574	
224	0.998556	-0.000194	-3.668621	0.000194	0.998556	0.593921	
225	0.998667	-0.000091	-2.666933	0.000091	0.998667	0.519719	
226	0.999237	-0.000034	-1.477444	0.000034	0.999237	0.221686	
227	0.999513	0.000010	-0.840112	-0.000010	0.999513	0.116504	
228	0.999698	0.000032	-0.362414	-0.000032	0.999698	0.059444	
229	0.999822	0.000091	0.174717	-0.000091	0.999822	0.029736	
230	0.999888	0.000035	0.402244	-0.000035	0.999888	-0.036106	
231	0.999884	-0.000005	0.353302	0.000005	0.999884	-0.057959	
232	0.999761	0.000014	0.240879	-0.000014	0.999761	-0.037842	
233	0.999931	-0.000022	0.591388	0.000022	0.999931	-0.112054	
234	1.000007	-0.000022	0.745945	0.000022	1.000007	-0.146423	
235	1.000277	0.000154	1.609621	-0.000154	1.000277	-0.162029	
236	1.000714	0.000396	2.654904	-0.000396	1.000714	-0.178932	
237	0.999820	-0.000272	5.781796	0.000272	0.999820	-0.398741	
238	1.001194	0.000466	6.615931	-0.000466	1.001194	-0.583660	
239	0.999966	-0.000718	10.472342	0.000718	0.999966	-0.824174	
