0	1.000000	0.000000	0.000000	0.000000	1.000000	0.000000	
1	1.000962	0.000317	4.601343	-0.000317	1.000962	-0.121943	
2	1.000846	0.000197	4.354149	-0.000197	1.000846	-0.184406	
3	1.000829	0.000287	4.485843	-0.000287	1.000829	-0.098607	
4	1.000825	0.000275	4.428932	-0.000275	1.000825	-0.127781	
5	1.000942	0.000338	4.383244	-0.000338	1.000942	-0.104895	
6	1.000727	0.000154	4.858435	-0.000154	1.000727	-0.235488	
7	1.000106	-0.000235	6.016466	0.000235	1.000106	-0.318995	
8	0.999932	-0.000361	7.015416	0.000361	0.999932	-0.356366	
9	0.999976	-0.000341	8.531147	0.000341	0.999976	-0.269009	
10	1.000159	-0.000430	10.101385	0.000430	1.000159	-0.387318	
11	1.000121	-0.000483	12.510299	0.000483	1.000121	-0.514377	
12	0.999772	-0.000712	15.618089	0.000712	0.999772	-0.633409	
13	0.999975	-0.000603	17.793028	0.000603	0.999975	-0.464869	
14	1.000295	-0.000994	21.256029	0.000994	1.000295	-0.433743	
15	1.000008	-0.001024	23.710619	0.001024	1.000008	-0.414387	
16	1.000023	-0.001070	27.202583	0.001070	1.000023	-0.876458	
17	1.000095	-0.001255	30.950258	0.001255	1.000095	-1.599052	
18	0.999531	-0.001322	33.404641	0.001322	0.999531	-1.370056	
19	0.998288	-0.001611	36.856452	0.001611	0.998288	-0.764760	
20	0.999197	-0.001744	38.788119	0.001744	0.999197	-0.974568	
21	1.000124	-0.001685	38.786306	0.001685	1.000124	-1.304812	
22	0.998785	-0.001850	40.773331	0.001850	0.998785	-0.928957	
23	0.999764	-0.001838	40.631327	0.001838	0.999764	-1.201640	
24	1.000135	-0.001988	39.823846	0.001988	1.000135	-1.239336	
25	0.999886	-0.001666	38.846673	0.001666	0.999886	-0.881733	
26	0.999483	-0.001671	36.801798	0.001671	0.999483	-0.498805	
27	1.000032	-0.001479	32.730632	0.001479	1.000032	-0.672090	
28	1.001014	-0.001219	27.906360	0.001219	1.001014	-0.886074	
29	0.999817	-0.000889	22.372450	0.000889	0.999817	-0.014285	
30	0.999736	-0.000661	17.040101	0.000661	0.999736	0.037990	
31	1.000089	-0.000300	12.607622	0.000300	1.000089	-0.293653	
32	1.000270	-0.000450	8.684291	0.000450	1.000270	-0.748014	
33	1.001943	0.000759	4.138777	-0.000759	1.001943	-0.210697	
34	1.000920	0.000107	2.987881	-0.000107	1.000920	0.114780	
35	1.000634	-0.000083	1.515357	0.000083	1.000634	0.231966	
36	1.000249	-0.000150	0.477474	0.000150	1.000249	0.301487	
37	1.000181	-0.000133	-0.151106	0.000133	1.000181	0.016706	
38	1.000037	0.000008	-0.430092	-0.000008	1.000037	0.155512	
39	1.000050	0.000080	-0.346153	-0.000080	1.000050	0.090990	
40	1.000116	0.000142	-0.136846	-0.000142	1.000116	0.101919	
41	1.000121	0.000164	-0.175249	-0.000164	1.000121	0.288016	
42	1.000088	0.000018	-0.098772	-0.000018	1.000088	0.256583	
43	1.000070	-0.000059	-0.023609	0.000059	1.000070	0.337833	
44	0.999987	0.000100	0.009985	-0.000100	0.999987	0.367720	
45	0.999976	0.000077	0.049360	-0.000077	0.999976	0.255039	
46	0.999937	0.000064	0.075609	-0.000064	0.999937	0.169439	
47	0.999911	0.000006	0.109802	-0.000006	0.999911	0.124022	
48	0.999887	-0.000027	0.133659	0.000027	0.999887	0.100033	
49	0.999978	-0.000058	0.070956	0.000058	0.999978	-0.006197	
50	0.999989	-0.000053	0.020502	0.000053	0.999989	-0.038942	
51	0.999977	-0.000007	0.028409	0.000007	0.999977	-0.025423	
52	1.000042	-0.000023	-0.019628	0.000023	1.000042	-0.032969	
53	1.000064	0.000026	0.012047	-0.000026	1.000064	0.012294	
54	1.000133	0.000074	-0.034036	-0.000074	1.000133	0.015539	
55	1.000121	0.000075	-0.026901	-0.000075	1.000121	0.022421	
56	1.000128	0.000050	-0.022664	-0.000050	1.000128	-0.004004	
57	1.000042	0.000006	0.049961	-0.000006	1.000042	-0.026044	
58	1.000071	-0.000018	0.031154	0.000018	1.000071	-0.044470	
59	1.000088	0.000079	0.032051	-0.000079	1.000088	0.048062	
60	1.000201	0.000100	-0.072771	-0.000100	1.000201	0.044280	
61	1.000184	0.000123	-0.089185	-0.000123	1.000184	0.065896	
62	1.000141	0.000094	-0.063759	-0.000094	1.000141	0.070279	
63	1.000080	0.000081	0.000862	-0.000081	1.000080	0.060360	
64	1.000059	0.000115	0.040552	-0.000115	1.000059	0.078614	
65	1.000080	0.000121	0.008057	-0.000121	1.000080	0.069211	
66	1.000162	0.000078	-0.091904	-0.000078	1.000162	0.028288	
67	1.000039	0.000163	0.015509	-0.000163	1.000039	0.125624	
68	1.000077	0.000174	-0.007168	-0.000174	1.000077	0.137791	
69	1.000028	0.000224	0.040400	-0.000224	1.000028	0.199798	
70	1.000046	0.000179	0.002713	-0.000179	1.000046	0.205047	
71	1.000141	0.000171	-0.063550	-0.000171	1.000141	0.159776	
72	1.000061	0.000153	0.022305	-0.000153	1.000061	0.135601	
73	0.999935	0.000210	0.077624	-0.000210	0.999935	0.297593	
74	0.999838	0.000189	0.136615	-0.000189	0.999838	0.353876	
75	0.999719	0.000194	0.129597	-0.000194	0.999719	0.264659	
76	0.999813	0.000135	0.137398	-0.000135	0.999813	0.147880	
77	0.999788	0.000037	-0.013933	-0.000037	0.999788	0.246643	
78	0.999710	0.000038	-0.102675	-0.000038	0.999710	0.107876	
79	0.999672	-0.000005	-0.129724	0.000005	0.999672	0.033641	
80	0.999659	-0.000035	-0.550073	0.000035	0.999659	0.045657	
81	0.999570	-0.000008	-0.704916	0.000008	0.999570	0.125043	
82	0.999566	0.000013	-1.224223	-0.000013	0.999566	0.140398	
83	0.999497	-0.000029	-1.564550	0.000029	0.999497	0.155308	
84	0.999407	-0.000016	-2.405664	0.000016	0.999407	0.230514	
85	0.999030	-0.000194	-2.835407	0.000194	0.999030	0.324591	
86	0.998815	-0.000223	-3.674456	0.000223	0.998815	0.406538	
87	0.998438	-0.000283	-3.938058	0.000283	0.998438	0.450985	
88	0.996664	-0.000361	-3.185695	0.000361	0.996664	1.011052	
89	0.999436	0.000509	-7.048836	-0.000509	0.999436	0.523043	
90	0.999554	0.000513	-7.579942	-0.000513	0.999554	0.477818	
91	0.999547	0.000546	-8.081738	-0.000546	0.999547	0.654573	
92	0.998071	0.000868	-7.394414	-0.000868	0.998071	1.582547	
93	0.999089	0.000980	-8.092184	-0.000980	0.999089	1.102031	
94	0.999179	0.000851	-8.765651	-0.000851	0.999179	1.032812	
95	0.999065	0.000860	-8.726039	-0.000860	0.999065	1.286727	
96	0.999013	0.000759	-8.617752	-0.000759	0.999013	1.115480	
97	0.994381	-0.000359	-4.271580	0.000359	0.994381	2.080660	
98	0.999296	0.000778	-8.897734	-0.000778	0.999296	0.938333	
99	0.998813	0.001089	-8.373907	-0.001089	0.998813	1.406138	
100	0.999363	0.000942	-8.738713	-0.000942	0.999363	1.101403	
101	0.998339	0.001222	-7.154476	-0.001222	0.998339	1.926768	
102	0.999085	0.000807	-7.387600	-0.000807	0.999085	1.375995	
103	0.998897	0.000644	-6.169184	-0.000644	0.998897	1.183095	
104	0.999092	0.000480	-5.674168	-0.000480	0.999092	1.004379	
105	0.998154	-0.000135	-3.464881	0.000135	0.998154	0.842823	
106	0.998409	-0.000080	-2.959020	0.000080	0.998409	0.819982	
107	0.998351	0.000006	-2.194495	-0.000006	0.998351	0.571309	
108	0.998904	0.000090	-1.926300	-0.000090	0.998904	0.500293	
109	0.999302	0.000105	-1.535745	-0.000105	0.999302	0.336702	
110	0.999607	0.000280	-1.014923	-0.000280	0.999607	0.436981	
111	0.999613	0.000247	-0.808696	-0.000247	0.999613	0.326772	
112	0.999773	0.000254	-0.410594	-0.000254	0.999773	0.381248	
113	0.999844	0.000246	-0.230199	-0.000246	0.999844	0.268256	
114	0.999713	0.000241	0.040102	-0.000241	0.999713	0.331636	
115	0.999891	0.000215	0.122952	-0.000215	0.999891	0.119388	
116	0.999908	0.000111	0.068945	-0.000111	0.999908	0.248787	
117	0.999991	0.000103	-0.118549	-0.000103	0.999991	0.189641	
118	1.000092	0.000072	-0.058877	-0.000072	1.000092	0.161238	
119	1.000041	0.000059	-0.172405	-0.000059	1.000041	0.348843	
120	1.000150	0.000084	-0.044508	-0.000084	1.000150	0.174963	
121	1.000016	0.000107	-0.143070	-0.000107	1.000016	0.209045	
122	0.999941	0.000071	-0.560795	-0.000071	0.999941	0.178254	
123	0.999805	-0.000033	-1.290211	0.000033	0.999805	0.143314	
124	0.999380	-0.000138	-2.163575	0.000138	0.999380	0.088047	
125	0.999803	0.000347	-6.441694	-0.000347	0.999803	-0.398915	
126	0.999645	0.000552	-13.136401	-0.000552	0.999645	-0.778110	
127	0.997771	0.001434	-23.034823	-0.001434	0.997771	-0.267373	
128	0.997262	0.001768	-35.285023	-0.001768	0.997262	-0.836520	
129	0.996490	0.002425	-44.410474	-0.002425	0.996490	-0.627758	
130	1.000107	0.002385	-55.594866	-0.002385	1.000107	-1.425327	
131	1.001270	0.002237	-56.753238	-0.002237	1.001270	-0.003544	
132	1.000833	0.001955	-50.166380	-0.001955	1.000833	3.114163	
133	1.001161	0.001541	-41.397433	-0.001541	1.001161	4.573743	
134	0.999769	0.001515	-27.049908	-0.001515	0.999769	4.489383	
135	0.999642	0.000892	-16.544435	-0.000892	0.999642	2.772250	
136	1.000274	0.000376	-9.457404	-0.000376	1.000274	0.787650	
137	0.999121	0.000010	-2.314790	-0.000010	0.999121	-0.044311	
138	0.999656	-0.000024	0.302738	0.000024	0.999656	-0.226173	
139	1.000064	0.000053	1.674652	-0.000053	1.000064	0.251337	
140	1.000228	0.000033	1.844211	-0.000033	1.000228	0.571755	
141	1.000139	-0.000004	1.691679	0.000004	1.000139	0.580716	
142	1.000153	0.000054	1.237502	-0.000054	1.000153	0.599175	
143	1.000131	0.000004	0.923611	-0.000004	1.000131	0.580278	
144	1.000116	-0.000032	0.650388	0.000032	1.000116	0.322275	
145	1.000055	0.000016	0.416299	-0.000016	1.000055	0.288022	
146	0.999987	-0.000061	0.122574	0.000061	0.999987	0.317604	
147	0.999938	0.000014	0.105963	-0.000014	0.999938	0.441215	
148	0.999927	-0.000024	0.124488	0.000024	0.999927	0.107733	
149	0.999903	-0.000161	0.219239	0.000161	0.999903	0.290678	
150	0.999952	-0.000137	0.073364	0.000137	0.999952	0.176108	
151	0.999999	-0.000106	0.031125	0.000106	0.999999	0.252024	
152	1.000008	0.000050	-0.006403	-0.000050	1.000008	0.269780	
153	1.000012	-0.000091	-0.006958	0.000091	1.000012	0.286942	
154	1.000048	0.000101	-0.038399	-0.000101	1.000048	0.263847	
155	1.000064	0.000087	-0.058891	-0.000087	1.000064	0.311151	
156	1.000043	-0.000033	-0.021847	0.000033	1.000043	0.240693	
157	1.000016	0.000073	-0.010599	-0.000073	1.000016	0.174154	
158	0.999991	0.000026	0.029267	-0.000026	0.999991	0.267386	
159	0.999982	0.000074	0.002123	-0.000074	0.999982	0.061235	
160	0.999945	0.000128	0.047343	-0.000128	0.999945	0.176843	
161	0.999869	0.000049	0.130915	-0.000049	0.999869	0.265389	
162	0.999864	0.000063	0.131220	-0.000063	0.999864	0.147426	
163	0.999899	0.000031	0.112132	-0.000031	0.999899	0.062254	
164	0.999936	0.000023	0.083505	-0.000023	0.999936	0.086969	
165	0.999923	-0.000002	0.108904	0.000002	0.999923	0.063396	
166	0.999916	0.000014	0.156186	-0.000014	0.999916	0.048294	
167	0.999879	0.000042	0.133352	-0.000042	0.999879	0.065993	
168	0.999886	0.000051	0.107687	-0.000051	0.999886	0.059079	
169	0.999913	0.000067	0.173127	-0.000067	0.999913	0.098601	
170	0.999933	0.000073	0.198411	-0.000073	0.999933	0.150230	
171	0.999946	0.000080	0.068267	-0.000080	0.999946	0.099669	
172	0.999950	0.000106	0.071005	-0.000106	0.999950	0.106900	
173	1.000005	0.000061	0.158901	-0.000061	1.000005	0.114819	
174	1.000096	0.000108	0.148313	-0.000108	1.000096	0.091407	
175	1.000098	0.000030	0.521888	-0.000030	1.000098	0.006387	
176	1.000165	0.000035	0.982036	-0.000035	1.000165	-0.045966	
177	1.000393	0.000024	2.265301	-0.000024	1.000393	-0.095155	
178	1.000832	-0.000008	3.778327	0.000008	1.000832	-0.435991	
179	1.001238	-0.000051	5.607145	0.000051	1.001238	-0.726663	
180	1.000495	-0.001046	9.449952	0.001046	1.000495	-0.858228	
181	1.000308	-0.000712	11.490797	0.000712	1.000308	-0.462647	
182	1.000321	-0.000671	13.657396	0.000671	1.000321	-0.435284	
183	1.000401	-0.001140	15.858296	0.001140	1.000401	-0.748866	
184	1.000272	-0.001068	16.635487	0.001068	1.000272	-0.744939	
185	1.000317	-0.001017	17.543498	0.001017	1.000317	-0.810639	
186	1.000859	-0.001035	17.491674	0.001035	1.000859	-1.072269	
187	1.000339	-0.001128	18.028530	0.001128	1.000339	-0.924502	
188	1.000084	-0.001260	18.105804	0.001260	1.000084	-0.998453	
189	1.000152	-0.000889	17.848894	0.000889	1.000152	-0.724180	
190	1.000356	-0.001077	16.797122	0.001077	1.000356	-0.959206	
191	1.000348	-0.001138	16.897890	0.001138	1.000348	-0.998458	
192	1.000571	-0.001084	15.689987	0.001084	1.000571	-1.019003	
193	1.001111	-0.000955	14.788681	0.000955	1.001111	-0.937912	
194	1.000466	-0.000958	14.901496	0.000958	1.000466	-0.620987	
195	1.000520	-0.001291	13.823687	0.001291	1.000520	-0.821177	
196	1.000191	-0.001216	13.377250	0.001216	1.000191	-0.765807	
197	0.999669	-0.000922	12.764021	0.000922	0.999669	-0.465708	
198	1.000653	-0.001036	11.022230	0.001036	1.000653	-0.852140	
199	1.000560	-0.000972	10.202490	0.000972	1.000560	-0.638574	
200	1.000391	-0.000771	9.485768	0.000771	1.000391	-0.498230	
201	0.999920	-0.000741	8.828358	0.000741	0.999920	-0.448565	
202	0.999969	-0.000709	8.663780	0.000709	0.999969	-0.670874	
203	0.999884	-0.001023	7.800793	0.001023	0.999884	-0.717944	
204	0.999936	-0.000767	7.069662	0.000767	0.999936	-0.440807	
205	1.002144	0.000022	4.850850	-0.000022	1.002144	-0.545386	
206	1.000036	-0.000668	6.376623	0.000668	1.000036	-0.298369	
207	1.001311	-0.000045	4.496377	0.000045	1.001311	-0.485001	
208	1.001273	-0.000062	4.127923	0.000062	1.001273	-0.549126	
209	1.001066	-0.000101	3.728526	0.000101	1.001066	-0.483922	
210	1.000945	-0.000067	3.758632	0.000067	1.000945	-0.325166	
211	1.001041	-0.000118	3.221749	0.000118	1.001041	-0.410727	
212	1.000698	-0.000209	3.031632	0.000209	1.000698	-0.347375	
213	1.000524	-0.000155	2.880381	0.000155	1.000524	-0.309786	
214	1.000470	-0.000137	2.432841	0.000137	1.000470	-0.297701	
215	1.000382	-0.000121	2.160931	0.000121	1.000382	-0.254759	
216	1.000256	-0.000167	1.857247	0.000167	1.000256	-0.145208	
217	1.000413	-0.000078	1.384303	0.000078	1.000413	-0.127691	
218	1.000250	-0.000053	0.996695	0.000053	1.000250	0.037224	
219	1.000241	0.000091	0.823458	-0.000091	1.000241	0.109488	
220	1.000217	0.000165	0.623328	-0.000165	1.000217	0.069582	
221	1.000146	0.000053	0.449112	-0.000053	1.000146	-0.056665	
222	1.000131	0.000125	0.431659	-0.000125	1.000131	0.017750	
223	1.000070	-0.000063	0.457103	0.000063	1.000070	0.158159	
224	1.000034	-0.000053	0.306421	0.000053	1.000034	0.087804	
225	1.000008	-0.000086	0.286697	0.000086	1.000008	0.043792	
226	0.999932	-0.000044	0.276348	0.000044	0.999932	0.008368	
227	0.999870	-0.000022	0.281121	0.000022	0.999870	0.031762	
228	0.999719	-0.000009	0.203123	0.000009	0.999719	0.085842	
229	0.999667	-0.000028	0.228876	0.000028	0.999667	0.063119	
230	0.999717	-0.000050	0.214020	0.000050	0.999717	0.032374	
231	0.999719	-0.000050	0.243831	0.000050	0.999719	0.018240	
232	0.999695	-0.000046	0.233160	0.000046	0.999695	0.012583	
233	0.999685	-0.000034	0.247957	0.000034	0.999685	0.017016	
234	0.999670	0.000043	0.254742	-0.000043	0.999670	0.088187	
235	0.999807	-0.000047	0.157607	0.000047	0.999807	0.022902	
236	0.999849	-0.000008	0.113427	0.000008	0.999849	0.011944	
237	0.999853	0.000027	0.096430	-0.000027	0.999853	0.015222	
238	0.999816	0.000029	0.126469	-0.000029	0.999816	0.022555	
239	0.999822	0.000060	0.131419	-0.000060	0.999822	0.068292	
240	0.999725	0.000106	0.237472	-0.000106	0.999725	0.136695	
241	0.999653	0.000070	0.306745	-0.000070	0.999653	0.144828	
242	0.999648	0.000109	0.329619	-0.000109	0.999648	0.147968	
243	0.999701	0.000104	0.299588	-0.000104	0.999701	0.138074	
244	0.999701	0.000156	0.308909	-0.000156	0.999701	0.173782	
245	0.999819	0.000173	0.218755	-0.000173	0.999819	0.158913	
246	0.999813	0.000186	0.198763	-0.000186	0.999813	0.145722	
247	0.999798	0.000208	0.194660	-0.000208	0.999798	0.162576	
248	0.999844	0.000156	0.157323	-0.000156	0.999844	0.089293	
249	0.999783	0.000224	0.176747	-0.000224	0.999783	0.075337	
250	0.999875	0.000244	0.117015	-0.000244	0.999875	0.084494	
251	0.999931	0.000235	0.077260	-0.000235	0.999931	0.080415	
252	1.000010	0.000198	0.012532	-0.000198	1.000010	0.061516	
253	1.000060	0.000193	-0.009483	-0.000193	1.000060	0.052713	
254	1.000151	0.000066	-0.078825	-0.000066	1.000151	-0.023575	
255	1.000255	0.000032	-0.114538	-0.000032	1.000255	-0.047188	
256	1.000333	-0.000049	-0.144119	0.000049	1.000333	-0.089761	
257	1.000341	-0.000102	-0.171747	0.000102	1.000341	-0.127157	
258	1.000225	-0.000078	-0.091067	0.000078	1.000225	-0.090707	
259	1.000270	-0.000149	-0.114345	0.000149	1.000270	-0.156681	
260	1.000214	-0.000099	-0.064284	0.000099	1.000214	-0.150397	
261	1.000234	-0.000105	-0.105134	0.000105	1.000234	-0.189084	
262	1.000213	-0.000053	-0.116855	0.000053	1.000213	-0.145294	
263	1.000173	0.000057	-0.175046	-0.000057	1.000173	-0.048962	
264	1.000201	0.000068	-0.166047	-0.000068	1.000201	-0.044646	
265	1.000149	0.000053	-0.150670	-0.000053	1.000149	-0.027194	
266	1.000208	-0.000038	-0.200237	0.000038	1.000208	-0.104029	
267	1.000223	-0.000091	-0.185903	0.000091	1.000223	-0.151190	
268	1.000261	-0.000091	-0.201303	0.000091	1.000261	-0.151982	
269	1.000244	-0.000064	-0.224039	0.000064	1.000244	-0.125153	
270	1.000330	0.000022	-0.305818	-0.000022	1.000330	-0.135853	
271	1.000244	0.000006	-0.242725	-0.000006	1.000244	-0.110998	
272	1.000266	-0.000051	-0.257676	0.000051	1.000266	-0.154606	
273	1.000227	-0.000051	-0.228636	0.000051	1.000227	-0.155460	
274	1.000294	-0.000141	-0.227500	0.000141	1.000294	-0.176876	
275	1.000312	-0.000096	-0.226676	0.000096	1.000312	-0.137120	
276	1.000317	-0.000074	-0.261771	0.000074	1.000317	-0.146724	
277	1.000322	-0.000005	-0.288000	0.000005	1.000322	-0.133958	
278	1.000295	0.000003	-0.254512	-0.000003	1.000295	-0.108900	
279	1.000249	0.000038	-0.238525	-0.000038	1.000249	-0.071164	
280	1.000262	0.000022	-0.235686	-0.000022	1.000262	-0.072012	
281	1.000269	0.000028	-0.262130	-0.000028	1.000269	-0.065567	
282	1.000293	0.000026	-0.286796	-0.000026	1.000293	-0.066555	
283	1.000258	0.000045	-0.233812	-0.000045	1.000258	-0.027237	
284	1.000212	0.000028	-0.193631	-0.000028	1.000212	-0.021872	
285	1.000216	-0.000006	-0.202841	0.000006	1.000216	-0.048015	
286	1.000121	-0.000032	-0.131452	0.000032	1.000121	-0.074131	
287	1.000156	-0.000044	-0.158353	0.000044	1.000156	-0.101606	
288	1.000216	-0.000020	-0.216393	0.000020	1.000216	-0.094601	
289	1.000186	0.000026	-0.207872	-0.000026	1.000186	-0.064400	
290	1.000174	0.000022	-0.187713	-0.000022	1.000174	-0.051627	
291	1.000226	-0.000046	-0.228621	0.000046	1.000226	-0.097658	
292	1.000156	-0.000049	-0.165614	0.000049	1.000156	-0.090079	
293	1.000142	-0.000075	-0.150463	0.000075	1.000142	-0.117562	
294	1.000201	-0.000123	-0.215833	0.000123	1.000201	-0.187215	
295	1.000177	-0.000145	-0.212184	0.000145	1.000177	-0.220683	
296	1.000206	-0.000205	-0.245218	0.000205	1.000206	-0.234794	
297	1.000310	-0.000204	-0.309748	0.000204	1.000310	-0.240492	
298	1.000314	-0.000174	-0.298929	0.000174	1.000314	-0.205684	
299	1.000303	-0.000130	-0.268248	0.000130	1.000303	-0.184967	
300	1.000218	-0.000110	-0.268989	0.000110	1.000218	-0.166789	
301	1.000236	-0.000070	-0.254022	0.000070	1.000236	-0.122889	
302	1.000177	-0.000045	-0.182186	0.000045	1.000177	-0.062603	
303	1.000240	-0.000055	-0.234838	0.000055	1.000240	-0.068077	
304	1.000223	-0.000091	-0.256394	0.000091	1.000223	-0.110399	
305	1.000196	-0.000011	-0.243728	0.000011	1.000196	-0.055808	
306	1.000165	-0.000026	-0.235343	0.000026	1.000165	-0.047326	
307	1.000174	-0.000046	-0.223080	0.000046	1.000174	-0.074941	
308	1.000202	-0.000184	-0.243937	0.000184	1.000202	-0.157328	
309	1.000198	-0.000231	-0.229394	0.000231	1.000198	-0.197450	
310	1.000210	-0.000232	-0.213737	0.000232	1.000210	-0.236134	
311	1.000123	-0.000170	-0.140618	0.000170	1.000123	-0.152568	
312	1.000025	-0.000142	-0.065146	0.000142	1.000025	-0.098372	
313	1.000115	-0.000114	-0.106278	0.000114	1.000115	-0.107266	
314	1.000164	-0.000056	-0.122761	0.000056	1.000164	-0.054347	
315	1.000106	-0.000065	-0.076266	0.000065	1.000106	-0.052620	
316	1.000045	-0.000040	-0.041331	0.000040	1.000045	-0.047168	
317	1.000027	-0.000051	-0.021005	0.000051	1.000027	-0.057635	
318	1.000178	-0.000038	-0.145319	0.000038	1.000178	-0.070929	
319	1.000108	-0.000056	-0.112832	0.000056	1.000108	-0.051581	
320	1.000155	-0.000100	-0.198391	0.000100	1.000155	-0.078948	
321	1.000199	-0.000049	-0.204896	0.000049	1.000199	-0.075121	
322	1.000226	-0.000038	-0.234494	0.000038	1.000226	-0.077252	
323	1.000184	-0.000080	-0.187811	0.000080	1.000184	-0.103052	
324	1.000147	-0.000168	-0.168718	0.000168	1.000147	-0.177663	
325	1.000172	-0.000150	-0.125289	0.000150	1.000172	-0.192753	
326	1.000084	-0.000169	-0.056078	0.000169	1.000084	-0.220633	
327	1.000071	-0.000158	-0.091853	0.000158	1.000071	-0.217106	
328	1.000079	-0.000199	-0.112205	0.000199	1.000079	-0.255471	
329	1.000087	-0.000166	-0.104672	0.000166	1.000087	-0.219460	
330	1.000158	-0.000127	-0.154477	0.000127	1.000158	-0.181772	
331	1.000196	-0.000086	-0.195366	0.000086	1.000196	-0.137644	
332	1.000256	-0.000099	-0.274393	0.000099	1.000256	-0.151250	
333	1.000211	-0.000096	-0.221075	0.000096	1.000211	-0.131975	
334	1.000155	-0.000090	-0.174349	0.000090	1.000155	-0.113780	
335	1.000166	-0.000068	-0.155211	0.000068	1.000166	-0.094045	
336	1.000084	-0.000062	-0.102222	0.000062	1.000084	-0.054430	
337	1.000116	-0.000137	-0.136343	0.000137	1.000116	-0.113307	
338	1.000024	-0.000104	-0.045490	0.000104	1.000024	-0.089021	
339	1.000040	-0.000078	-0.056903	0.000078	1.000040	-0.101963	
340	1.000044	-0.000092	-0.079199	0.000092	1.000044	-0.124522	
341	1.000036	-0.000115	-0.057681	0.000115	1.000036	-0.131129	
342	0.999927	-0.000126	0.023211	0.000126	0.999927	-0.093168	
343	0.999851	-0.000161	0.094387	0.000161	0.999851	-0.097550	
344	0.999831	-0.000188	0.093521	0.000188	0.999831	-0.092507	
345	0.999828	-0.000135	0.111653	0.000135	0.999828	-0.049420	
346	0.999954	-0.000067	0.032058	0.000067	0.999954	-0.053644	
347	0.999874	-0.000032	0.075548	0.000032	0.999874	-0.000420	
348	0.999917	0.000053	0.048965	-0.000053	0.999917	0.052698	
349	0.999964	0.000106	0.020712	-0.000106	0.999964	0.060896	
350	0.999896	0.000162	0.077608	-0.000162	0.999896	0.139261	
351	0.999853	0.000148	0.123250	-0.000148	0.999853	0.151351	
352	0.999766	0.000090	0.190106	-0.000090	0.999766	0.116136	
353	0.999694	0.000060	0.253367	-0.000060	0.999694	0.110676	
354	0.999781	0.000074	0.213408	-0.000074	0.999781	0.104038	
355	0.999784	0.000014	0.195455	-0.000014	0.999784	0.079064	
356	0.999803	-0.000005	0.198642	0.000005	0.999803	0.073205	
357	0.999794	-0.000002	0.169829	0.000002	0.999794	0.066201	
358	0.999785	0.000063	0.169057	-0.000063	0.999785	0.101263	
359	0.999762	0.000127	0.170554	-0.000127	0.999762	0.151957	
360	0.999792	0.000183	0.163232	-0.000183	0.999792	0.187124	
361	0.999827	0.000168	0.134382	-0.000168	0.999827	0.177067	
362	0.999774	0.000067	0.185155	-0.000067	0.999774	0.257344	
363	0.999671	0.000095	0.259989	-0.000095	0.999671	0.241284	
364	0.999686	-0.000012	0.246079	0.000012	0.999686	0.212289	
365	0.999648	0.000035	0.274715	-0.000035	0.999648	0.120882	
366	0.999648	0.000069	0.254675	-0.000069	0.999648	-0.020559	
367	0.999672	0.000046	0.205714	-0.000046	0.999672	0.018700	
368	0.999779	-0.000014	0.146010	0.000014	0.999779	0.047076	
369	0.999854	-0.000018	0.090878	0.000018	0.999854	0.025317	
370	0.999821	0.000005	0.091777	-0.000005	0.999821	0.014688	
371	0.999785	-0.000003	0.104480	0.000003	0.999785	0.036322	
372	0.999759	-0.000031	0.129650	0.000031	0.999759	-0.010390	
373	0.999714	0.000061	0.202002	-0.000061	0.999714	0.068002	
374	0.999786	0.000026	0.143953	-0.000026	0.999786	0.061565	
375	0.999780	0.000035	0.154376	-0.000035	0.999780	0.074978	
376	0.999663	0.000054	0.222557	-0.000054	0.999663	0.105263	
377	0.999765	0.000070	0.168688	-0.000070	0.999765	0.093224	
