0	1.000000	0.000000	0.000000	0.000000	1.000000	0.000000	
1	0.999498	-0.000370	0.412442	0.000370	0.999498	-0.551514	
2	0.999524	-0.000347	0.335252	0.000347	0.999524	-0.564832	
3	0.999477	-0.000286	0.471778	0.000286	0.999477	-0.521655	
4	0.999196	-0.000507	0.694815	0.000507	0.999196	-0.836355	
5	0.999606	-0.000412	0.344131	0.000412	0.999606	-0.601188	
6	0.999453	-0.000366	0.545805	0.000366	0.999453	-0.453647	
7	0.999453	-0.000295	0.514890	0.000295	0.999453	-0.410324	
8	0.999359	-0.000302	0.728516	0.000302	0.999359	-0.318835	
9	0.998291	-0.000507	2.031295	0.000507	0.998291	-0.345134	
10	0.999286	-0.000386	0.837751	0.000386	0.999286	-0.315621	
11	0.999167	-0.000422	1.013691	0.000422	0.999167	-0.255419	
12	0.999100	-0.000497	1.148845	0.000497	0.999100	-0.308796	
13	0.998994	-0.000387	1.362545	0.000387	0.998994	-0.150531	
14	0.999212	-0.000435	1.253619	0.000435	0.999212	-0.398353	
15	0.998858	-0.000677	2.183435	0.000677	0.998858	-0.760895	
16	0.999512	-0.000238	0.982734	0.000238	0.999512	-0.309603	
17	0.999552	-0.000209	0.822081	0.000209	0.999552	-0.239415	
18	0.999636	-0.000194	0.637413	0.000194	0.999636	-0.121125	
19	0.999706	-0.000310	0.534188	0.000310	0.999706	-0.225671	
20	0.999385	-0.000406	0.860466	0.000406	0.999385	-0.383612	
21	0.999797	-0.000334	0.215900	0.000334	0.999797	-0.299043	
22	0.999724	-0.000209	0.331434	0.000209	0.999724	-0.145355	
23	0.999639	-0.000175	0.378638	0.000175	0.999639	-0.027252	
24	0.999872	-0.000247	0.196998	0.000247	0.999872	-0.073942	
25	0.999537	-0.000071	0.520161	0.000071	0.999537	0.350237	
26	0.999817	0.000002	-0.005034	-0.000002	0.999817	0.364028	
27	0.999751	0.000082	0.033289	-0.000082	0.999751	0.427076	
28	0.999996	0.000113	-0.317576	-0.000113	0.999996	0.265650	
29	1.000005	0.000093	-0.354222	-0.000093	1.000005	0.179716	
30	0.999748	0.000169	-0.415951	-0.000169	0.999748	0.332905	
31	0.999944	-0.000023	-0.374320	0.000023	0.999944	0.073499	
32	0.999947	0.000047	-0.378813	-0.000047	0.999947	0.220288	
33	0.999970	0.000066	-0.337955	-0.000066	0.999970	0.313128	
34	1.000076	0.000146	-0.588846	-0.000146	1.000076	0.212662	
35	1.000251	0.000293	-1.189772	-0.000293	1.000251	0.694965	
36	1.000223	0.000069	-0.818863	-0.000069	1.000223	0.149188	
37	1.000339	-0.000011	-1.101013	0.000011	1.000339	-0.092596	
38	1.000522	0.000148	-1.631093	-0.000148	1.000522	-0.030873	
39	1.000565	0.000203	-1.834000	-0.000203	1.000565	0.043785	
40	1.001640	0.000783	-4.637517	-0.000783	1.001640	0.264089	
41	1.001114	0.000510	-2.689198	-0.000510	1.001114	-0.024803	
42	1.000797	0.000423	-2.319403	-0.000423	1.000797	0.005069	
43	1.000843	0.000516	-2.422002	-0.000516	1.000843	0.082020	
44	1.000886	0.000438	-2.504200	-0.000438	1.000886	-0.037521	
45	1.002050	0.000750	-5.469946	-0.000750	1.002050	0.142486	
46	1.001042	0.000493	-2.889704	-0.000493	1.001042	0.074423	
47	1.001165	0.000468	-2.988698	-0.000468	1.001165	0.078661	
48	1.001105	0.000609	-3.055802	-0.000609	1.001105	0.222719	
49	1.000909	0.000641	-2.699303	-0.000641	1.000909	0.383079	
50	1.002228	0.001163	-5.557877	-0.001163	1.002228	0.628746	
51	1.001015	0.000605	-2.575976	-0.000605	1.001015	0.325134	
52	1.000969	0.000504	-2.323362	-0.000504	1.000969	0.420846	
53	1.000903	0.000616	-2.199426	-0.000616	1.000903	0.699646	
54	1.000898	0.000592	-2.038448	-0.000592	1.000898	0.850216	
55	1.000942	0.001255	-3.129748	-0.001255	1.000942	2.498276	
56	1.000687	0.000752	-1.468771	-0.000752	1.000687	1.494669	
57	1.000799	0.000741	-1.282076	-0.000741	1.000799	1.482466	
58	1.001105	0.000758	-1.321575	-0.000758	1.001105	1.342176	
59	1.001119	0.000698	-1.283980	-0.000698	1.001119	1.152606	
60	1.002160	0.001157	-2.626011	-0.001157	1.002160	1.660378	
61	1.001166	0.000533	-1.252392	-0.000533	1.001166	0.643658	
62	1.001212	0.000504	-1.294576	-0.000504	1.001212	0.550893	
63	1.001164	0.000468	-1.244545	-0.000468	1.001164	0.496502	
64	1.001165	0.000383	-1.100511	-0.000383	1.001165	0.435014	
65	1.002253	0.000549	-2.080512	-0.000549	1.002253	0.651663	
66	1.001088	0.000278	-0.815278	-0.000278	1.001088	0.289881	
67	1.001126	0.000404	-0.763638	-0.000404	1.001126	0.354345	
68	1.001152	0.000446	-0.670843	-0.000446	1.001152	0.467794	
69	1.001107	0.000483	-0.549560	-0.000483	1.001107	0.518754	
70	1.001775	0.000698	-0.861156	-0.000698	1.001775	1.446311	
71	1.000986	0.000385	-0.141744	-0.000385	1.000986	0.771617	
72	1.000991	0.000341	-0.034571	-0.000341	1.000991	0.536215	
73	1.000755	0.000132	0.362328	-0.000132	1.000755	0.273724	
74	1.000866	0.000201	0.369431	-0.000201	1.000866	0.097403	
75	1.001280	0.000150	0.651632	-0.000150	1.001280	0.047392	
76	1.000779	0.000082	0.402288	-0.000082	1.000779	-0.030628	
77	1.000675	0.000049	0.532784	-0.000049	1.000675	0.006003	
78	1.000692	0.000114	0.602003	-0.000114	1.000692	0.106061	
79	1.000660	0.000085	0.524712	-0.000085	1.000660	0.139282	
80	1.000793	0.000044	1.406010	-0.000044	1.000793	0.378806	
81	1.000459	-0.000029	1.001745	0.000029	1.000459	0.304929	
82	1.000365	-0.000050	1.073206	0.000050	1.000365	0.296473	
83	1.000347	-0.000096	1.180315	0.000096	1.000347	0.317881	
84	1.000057	-0.000148	1.370631	0.000148	1.000057	0.282457	
85	0.999301	-0.000446	3.239757	0.000446	0.999301	0.493384	
86	0.999843	-0.000126	1.645303	0.000126	0.999843	0.232124	
87	0.999819	-0.000192	1.734895	0.000192	0.999819	0.176324	
88	0.999817	-0.000083	1.505553	0.000083	0.999817	0.327877	
89	0.999907	-0.000153	1.374744	0.000153	0.999907	0.219863	
90	0.999989	-0.000478	2.066866	0.000478	0.999989	-0.015956	
91	1.000171	-0.000140	0.631642	0.000140	1.000171	-0.097208	
92	1.000332	-0.000086	0.306029	0.000086	1.000332	-0.155517	
93	1.000169	-0.000014	0.302656	0.000014	1.000169	-0.087310	
94	0.999932	0.000089	0.338038	-0.000089	0.999932	0.061995	
95	0.999769	0.000112	0.388659	-0.000112	0.999769	0.203982	
96	0.999972	0.000052	0.253165	-0.000052	0.999972	-0.016621	
97	0.999992	0.000053	0.360900	-0.000053	0.999992	0.067215	
98	1.000016	0.000053	0.373253	-0.000053	1.000016	0.138572	
99	1.000022	-0.000013	0.417584	0.000013	1.000022	0.118336	
100	0.999490	0.000326	0.968083	-0.000326	0.999490	1.008948	
101	0.999728	0.000461	0.554266	-0.000461	0.999728	1.144613	
102	0.999744	0.000589	0.511732	-0.000589	0.999744	1.631001	
103	0.999566	0.000861	0.599223	-0.000861	0.999566	2.434735	
104	0.999362	0.000883	0.997125	-0.000883	0.999362	3.024277	
105	0.998056	0.002219	2.166416	-0.002219	0.998056	6.897846	
106	0.999046	0.000900	1.574259	-0.000900	0.999046	3.794496	
107	0.998469	0.001170	2.031273	-0.001170	0.998469	4.026812	
108	0.998925	0.000738	1.771448	-0.000738	0.998925	3.688825	
109	0.998831	0.000553	2.068507	-0.000553	0.998831	3.319852	
110	0.997069	0.001055	4.796788	-0.001055	0.997069	5.010961	
111	0.998796	-0.000145	2.506536	0.000145	0.998796	1.224601	
112	0.998993	-0.000377	2.622780	0.000377	0.998993	0.480743	
113	0.998667	-0.000701	2.949537	0.000701	0.998667	0.096214	
114	0.998680	-0.000888	3.223066	0.000888	0.998680	-0.356612	
115	0.997923	-0.001550	6.201182	0.001550	0.997923	-0.996454	
116	0.999418	-0.000661	2.745966	0.000661	0.999418	-0.214846	
117	0.999369	-0.000600	2.640271	0.000600	0.999369	-0.000586	
118	0.999757	-0.000553	2.486101	0.000553	0.999757	0.064425	
119	1.000040	-0.000535	2.398835	0.000535	1.000040	-0.042112	
120	1.004049	-0.000219	3.113859	0.000219	1.004049	-1.165003	
121	0.999486	-0.000547	2.126096	0.000547	0.999486	-0.107839	
122	0.999422	-0.000374	1.929620	0.000374	0.999422	0.154569	
123	0.999982	-0.000315	1.763988	0.000315	0.999982	0.179100	
124	1.000029	-0.000298	1.380078	0.000298	1.000029	0.491231	
125	0.999951	0.000212	2.501853	-0.000212	0.999951	1.573108	
126	0.999984	-0.000114	1.101775	0.000114	0.999984	0.834534	
127	1.000373	-0.000109	1.117274	0.000109	1.000373	0.467332	
128	1.000426	-0.000279	1.091355	0.000279	1.000426	0.132079	
129	1.000412	-0.000295	1.210900	0.000295	1.000412	-0.120253	
130	1.001176	-0.000748	2.472828	0.000748	1.001176	-1.059587	
131	1.000079	-0.000488	1.218637	0.000488	1.000079	-0.661608	
132	1.000124	-0.000443	1.382707	0.000443	1.000124	-0.562954	
133	1.000197	-0.000355	1.276945	0.000355	1.000197	-0.427231	
134	1.000253	-0.000430	1.342887	0.000430	1.000253	-0.356067	
135	1.000256	-0.000749	2.679794	0.000749	1.000256	-0.771603	
136	1.000472	-0.000867	1.102033	0.000867	1.000472	-0.851133	
137	1.000838	-0.000557	1.148581	0.000557	1.000838	-0.756931	
138	1.000533	-0.000465	1.120715	0.000465	1.000533	-0.565088	
139	1.000190	-0.000460	1.117097	0.000460	1.000190	-0.246563	
140	1.000319	-0.000458	2.436858	0.000458	1.000319	0.127123	
141	1.000372	-0.000604	0.995335	0.000604	1.000372	-0.365654	
142	1.000508	-0.000515	1.084671	0.000515	1.000508	-0.604712	
143	1.000557	-0.000622	1.106176	0.000622	1.000557	-0.831688	
144	1.000386	-0.000708	1.110913	0.000708	1.000386	-0.736873	
145	1.001447	-0.000924	1.839099	0.000924	1.001447	-1.322941	
146	1.000736	-0.000368	0.676265	0.000368	1.000736	-0.458802	
147	1.000936	-0.000238	0.594287	0.000238	1.000936	-0.388578	
148	1.001079	-0.000213	0.491741	0.000213	1.001079	-0.540024	
149	1.000871	-0.000437	0.625198	0.000437	1.000871	-0.767774	
150	1.001578	-0.001181	1.302774	0.001181	1.001578	-2.403165	
151	1.001055	-0.000546	0.656991	0.000546	1.001055	-1.617243	
152	1.000868	-0.000827	0.716899	0.000827	1.000868	-1.676589	
153	1.000862	-0.000683	0.728173	0.000683	1.000862	-1.789082	
154	1.000783	-0.000690	0.857609	0.000690	1.000783	-1.885180	
155	1.001044	-0.002040	2.598331	0.002040	1.001044	-4.151595	
156	1.000963	-0.000868	1.263520	0.000868	1.000963	-2.232895	
157	1.000681	-0.000934	1.577083	0.000934	1.000681	-2.173586	
158	1.000230	-0.001017	1.977143	0.001017	1.000230	-1.986179	
159	1.000083	-0.001031	2.003656	0.001031	1.000083	-1.951725	
160	0.998667	-0.003112	5.516597	0.003112	0.998667	-5.215651	
161	0.999539	-0.001351	3.043049	0.001351	0.999539	-2.992397	
162	0.999726	-0.001348	3.125482	0.001348	0.999726	-3.065239	
163	0.999703	-0.001455	3.313796	0.001455	0.999703	-3.154649	
164	0.999547	-0.001666	3.434277	0.001666	0.999547	-3.243500	
165	0.999781	-0.000119	6.868398	0.000119	0.999781	-5.413769	
166	0.999142	-0.001596	4.002261	0.001596	0.999142	-3.099162	
167	0.998498	-0.001825	4.168736	0.001825	0.998498	-3.173243	
168	0.998428	-0.001770	4.101123	0.001770	0.998428	-3.246904	
169	0.998226	-0.001836	3.645896	0.001836	0.998226	-3.433959	
170	0.997322	-0.004703	5.269679	0.004703	0.997322	-7.870484	
171	0.999090	-0.001534	1.426579	0.001534	0.999090	-3.785991	
172	0.999273	-0.001207	0.796061	0.001207	0.999273	-3.840188	
173	0.999211	-0.001236	0.543734	0.001236	0.999211	-3.654303	
174	0.999011	-0.001323	0.591895	0.001323	0.999011	-3.477585	
175	0.990875	-0.000196	1.526207	0.000196	0.990875	-5.536305	
176	1.000067	-0.001708	-1.144277	0.001708	1.000067	-3.880048	
177	0.996090	-0.000473	-0.607878	0.000473	0.996090	-3.075467	
178	1.002026	-0.003124	-1.948169	0.003124	1.002026	-5.376400	
179	1.002858	-0.001811	-3.775855	0.001811	1.002858	-5.255845	
180	0.995607	0.000465	-3.190944	-0.000465	0.995607	-3.250171	
181	0.991133	0.000653	-9.341199	-0.000653	0.991133	-6.779471	
182	1.005933	-0.001100	-6.672378	0.001100	1.005933	-5.811080	
183	0.996613	0.000487	-6.291135	-0.000487	0.996613	-2.702918	
184	0.996079	0.000418	-6.208268	-0.000418	0.996079	-2.254405	
185	1.003716	-0.000081	-8.084929	0.000081	1.003716	-3.649433	
186	0.991238	0.000562	-12.895637	-0.000562	0.991238	-3.076202	
187	1.004400	0.001352	-8.395504	-0.001352	1.004400	-3.133910	
188	1.005249	0.000425	-8.153376	-0.000425	1.005249	-3.567793	
189	0.996312	0.000337	-6.323214	-0.000337	0.996312	-1.140252	
190	0.996373	0.000311	-6.420314	-0.000311	0.996373	-0.944505	
191	0.993538	0.000418	-14.600863	-0.000418	0.993538	-1.182084	
192	1.006435	0.000786	-9.606127	-0.000786	1.006435	-2.318752	
193	1.001285	0.001042	-9.637749	-0.001042	1.001285	-0.371583	
194	0.998206	0.000276	-9.612317	-0.000276	0.998206	0.266442	
195	0.998793	0.000263	-11.034610	-0.000263	0.998793	0.470741	
196	0.999242	0.000793	-25.699660	-0.000793	0.999242	1.673442	
197	1.000248	0.000545	-14.457542	-0.000545	1.000248	0.889683	
198	1.000394	0.000881	-15.210896	-0.000881	1.000394	1.043911	
199	1.000961	0.000933	-16.145174	-0.000933	1.000961	0.724526	
200	1.000861	0.001026	-16.564336	-0.001026	1.000861	0.597765	
201	1.001800	0.001172	-34.587913	-0.001172	1.001800	0.334029	
202	1.000542	0.001052	-17.394124	-0.001052	1.000542	0.398745	
203	1.000748	0.001016	-17.592995	-0.001016	1.000748	0.393961	
204	1.000611	0.000742	-17.407859	-0.000742	1.000611	0.297648	
205	1.001330	0.000783	-17.993980	-0.000783	1.001330	0.045544	
206	1.001484	0.001064	-35.889034	-0.001064	1.001484	0.224133	
207	1.000714	0.000768	-17.856763	-0.000768	1.000714	0.181004	
208	1.000755	0.001066	-18.071995	-0.001066	1.000755	0.443178	
209	1.000304	0.000931	-17.702526	-0.000931	1.000304	0.288186	
210	1.000195	0.000926	-17.604525	-0.000926	1.000195	0.239017	
211	1.000079	0.001605	-34.955373	-0.001605	1.000079	0.346816	
212	0.998615	0.001029	-16.110476	-0.001029	0.998615	0.759499	
213	0.998972	0.000770	-16.433623	-0.000770	0.998972	0.260113	
214	0.998514	0.000932	-16.113394	-0.000932	0.998514	0.435535	
215	0.998169	0.000905	-15.935694	-0.000905	0.998169	0.296236	
216	0.995696	0.001573	-31.284376	-0.001573	0.995696	0.088722	
217	0.997350	0.000743	-14.942496	-0.000743	0.997350	-0.076750	
218	0.998052	0.001107	-15.338271	-0.001107	0.998052	0.067964	
219	0.997780	0.001160	-15.211993	-0.001160	0.997780	0.737745	
220	0.998171	0.001329	-15.467198	-0.001329	0.998171	1.139570	
221	0.995278	0.001621	-30.336268	-0.001621	0.995278	2.105134	
222	0.998389	0.000914	-15.526346	-0.000914	0.998389	1.094068	
223	0.998258	0.000952	-15.689691	-0.000952	0.998258	1.129146	
224	0.998181	0.001169	-15.935579	-0.001169	0.998181	1.725807	
225	0.998401	0.001121	-16.296180	-0.001121	0.998401	1.356575	
226	0.996350	0.001398	-33.437270	-0.001398	0.996350	1.951984	
227	0.998134	0.001219	-16.768879	-0.001219	0.998134	1.731849	
228	0.998181	0.001069	-17.064263	-0.001069	0.998181	1.579660	
229	0.998152	0.000927	-17.371749	-0.000927	0.998152	1.085913	
230	0.998338	0.001123	-17.591193	-0.001123	0.998338	0.962356	
231	0.996562	0.001962	-36.659104	-0.001962	0.996562	1.292583	
232	0.999089	0.001239	-18.732563	-0.001239	0.999089	0.138157	
233	0.998903	0.001002	-18.991231	-0.001002	0.998903	-0.049932	
234	0.999899	0.000988	-19.853579	-0.000988	0.999899	-0.514615	
235	0.999392	0.001381	-20.204745	-0.001381	0.999392	-0.171230	
236	0.997166	0.002723	-40.421020	-0.002723	0.997166	0.568238	
237	0.999731	0.000828	-20.356166	-0.000828	0.999731	-0.284548	
238	0.999151	0.001463	-20.488650	-0.001463	0.999151	0.065543	
239	0.998656	0.001252	-19.903305	-0.001252	0.998656	-0.398264	
240	0.998499	0.001025	-19.547964	-0.001025	0.998499	-0.904116	
241	0.993631	0.002619	-36.765376	-0.002619	0.993631	-1.230386	
242	0.997141	0.000695	-17.620670	-0.000695	0.997141	-1.611985	
243	0.997801	0.000462	-17.376202	-0.000462	0.997801	-2.051089	
244	0.996655	0.000717	-17.108052	-0.000717	0.996655	-1.617661	
245	0.996190	0.001087	-17.580205	-0.001087	0.996190	-1.518980	
246	0.993202	0.002596	-36.524118	-0.002596	0.993202	-2.932498	
247	0.997105	0.000828	-18.462847	-0.000828	0.997105	-1.750331	
248	0.996783	0.001610	-19.100711	-0.001610	0.996783	-0.819839	
249	0.996518	0.001955	-19.091486	-0.001955	0.996518	-0.166243	
250	0.996423	0.001927	-19.502711	-0.001927	0.996423	0.215891	
251	0.994442	0.004084	-40.648898	-0.004084	0.994442	0.722762	
252	0.995796	0.001089	-19.200593	-0.001089	0.995796	0.246477	
253	0.996932	0.000863	-19.847185	-0.000863	0.996932	-0.230146	
254	0.996428	0.001395	-19.878748	-0.001395	0.996428	0.282891	
255	0.996325	0.001203	-19.448306	-0.001203	0.996325	0.407855	
256	0.990916	0.003459	-37.162100	-0.003459	0.990916	3.340945	
257	0.996364	0.001269	-17.707172	-0.001269	0.996364	1.702317	
258	0.996688	0.001440	-17.742181	-0.001440	0.996688	2.022862	
259	0.996260	0.001460	-17.049343	-0.001460	0.996260	2.314188	
260	0.997752	0.001387	-17.314306	-0.001387	0.997752	1.721889	
261	0.994702	0.002409	-32.053164	-0.002409	0.994702	3.379239	
262	0.997810	0.001184	-15.151293	-0.001184	0.997810	1.616200	
263	0.999114	0.001153	-15.170065	-0.001153	0.999114	1.166500	
264	1.000729	0.001136	-15.522816	-0.001136	1.000729	0.637207	
265	1.000875	0.001187	-15.273227	-0.001187	1.000875	0.746908	
266	1.002343	0.002328	-30.141152	-0.002328	1.002343	1.439796	
267	1.000778	0.000875	-14.122186	-0.000875	1.000778	0.718809	
268	1.001080	0.000867	-13.792802	-0.000867	1.001080	0.647074	
269	1.000655	0.000634	-12.988760	-0.000634	1.000655	0.578687	
270	1.000920	0.000665	-13.167338	-0.000665	1.000920	0.588310	
271	1.000686	0.001641	-24.609583	-0.001641	1.000686	1.917164	
272	1.000712	0.000878	-11.601481	-0.000878	1.000712	0.722710	
273	1.000603	0.000657	-10.992529	-0.000657	1.000603	0.622553	
274	1.007429	0.001833	-12.381867	-0.001833	1.007429	-1.047183	
275	1.005380	0.000370	-10.156518	-0.000370	1.005380	-1.116222	
276	1.002096	0.001432	-19.279131	-0.001432	1.002096	1.829591	
277	1.006945	0.001774	-10.653506	-0.001774	1.006945	-1.030541	
278	1.006149	0.001661	-10.070802	-0.001661	1.006149	-0.690990	
279	1.006268	0.001933	-10.091365	-0.001933	1.006268	-0.383984	
280	1.000273	0.000580	-8.201855	-0.000580	1.000273	1.602566	
281	1.001483	0.001228	-18.029234	-0.001228	1.001483	3.021925	
282	1.000784	0.000269	-8.710819	-0.000269	1.000784	1.092037	
283	1.000941	0.000425	-8.601826	-0.000425	1.000941	1.311233	
284	1.002475	0.001978	-9.496512	-0.001978	1.002475	1.844414	
285	1.000905	0.000521	-9.025032	-0.000521	1.000905	1.524560	
286	1.002067	0.001294	-18.635707	-0.001294	1.002067	3.541923	
287	1.001232	0.000543	-8.762077	-0.000543	1.001232	1.645772	
288	1.000575	0.000773	-8.264689	-0.000773	1.000575	2.067227	
289	1.000671	0.000781	-7.952461	-0.000781	1.000671	2.006699	
290	1.000196	0.000674	-7.427703	-0.000674	1.000196	1.972117	
291	1.002092	0.001279	-15.065105	-0.001279	1.002092	2.467155	
292	1.002960	0.001044	-6.753912	-0.001044	1.002960	0.442632	
293	1.002023	0.001312	-6.556001	-0.001312	1.002023	0.906553	
294	1.002232	0.000976	-6.543760	-0.000976	1.002232	0.518263	
295	1.002306	0.001148	-6.660409	-0.001148	1.002306	0.644576	
296	1.001476	0.001011	-11.503627	-0.001011	1.001476	1.781858	
297	1.001692	0.000812	-4.794113	-0.000812	1.001692	0.547110	
298	1.001593	0.000731	-4.288611	-0.000731	1.001593	0.354734	
299	1.001282	0.000566	-3.422351	-0.000566	1.001282	0.235151	
300	1.001194	0.000511	-2.875745	-0.000511	1.001194	0.264041	
301	1.001982	0.000821	-4.379581	-0.000821	1.001982	0.503376	
302	1.000834	0.000235	-1.066953	-0.000235	1.000834	0.363633	
303	1.000741	0.000132	-0.717578	-0.000132	1.000741	0.416569	
304	1.000624	0.000120	-0.267936	-0.000120	1.000624	0.604605	
305	1.000414	0.000083	0.059632	-0.000083	1.000414	0.815170	
306	1.000990	0.000761	-0.419309	-0.000761	1.000990	2.435663	
307	1.000368	0.000194	-0.038117	-0.000194	1.000368	0.922201	
308	1.000420	0.000137	-0.153107	-0.000137	1.000420	0.781299	
309	1.000626	0.000117	-0.392867	-0.000117	1.000626	0.702683	
310	1.000519	0.000031	-0.245506	-0.000031	1.000519	0.574849	
311	1.001002	-0.000106	-0.372463	0.000106	1.001002	0.696128	
312	1.000637	-0.000300	-0.364055	0.000300	1.000637	0.098107	
313	1.000669	-0.000259	-0.494842	0.000259	1.000669	0.125977	
314	1.000593	-0.000210	-0.452837	0.000210	1.000593	0.343270	
315	1.000519	-0.000147	-0.446092	0.000147	1.000519	0.539277	
316	1.001316	0.000731	-1.555971	-0.000731	1.001316	2.645544	
317	1.000776	0.000401	-1.009650	-0.000401	1.000776	1.824198	
318	1.000966	0.000672	-1.131237	-0.000672	1.000966	2.278895	
319	1.001179	0.000628	-1.291275	-0.000628	1.001179	2.331547	
320	1.001321	0.000828	-1.557884	-0.000828	1.001321	2.567972	
321	1.003917	0.001013	-4.009437	-0.001013	1.003917	4.783828	
322	1.001125	0.000804	-1.383938	-0.000804	1.001125	2.461421	
323	1.001047	0.000797	-1.293044	-0.000797	1.001047	2.351197	
324	1.001228	0.000700	-1.552091	-0.000700	1.001228	2.054981	
325	1.001206	0.000603	-1.489367	-0.000603	1.001206	1.814212	
326	1.002799	0.001367	-3.631973	-0.001367	1.002799	3.411180	
327	1.001125	0.000623	-1.680736	-0.000623	1.001125	1.710275	
328	1.001262	0.000693	-1.950576	-0.000693	1.001262	1.797489	
329	1.001305	0.000764	-2.300129	-0.000764	1.001305	1.806145	
330	1.001440	0.000780	-2.602312	-0.000780	1.001440	1.749885	
331	1.003782	0.001761	-7.211394	-0.001761	1.003782	3.479640	
332	1.001724	0.000847	-3.783618	-0.000847	1.001724	1.776649	
333	1.001894	0.000848	-4.290469	-0.000848	1.001894	1.780164	
334	1.001979	0.000839	-4.657808	-0.000839	1.001979	1.779536	
335	1.002258	0.000968	-5.289649	-0.000968	1.002258	1.679960	
336	1.004257	0.000350	-12.179933	-0.000350	1.004257	2.527537	
337	1.002901	0.001380	-7.277574	-0.001380	1.002901	1.321734	
338	1.003110	0.001530	-8.129763	-0.001530	1.003110	1.275322	
339	1.003412	0.001579	-8.908737	-0.001579	1.003412	1.090203	
340	1.002331	0.000494	-8.949044	-0.000494	1.002331	0.708770	
341	1.006270	0.000873	-20.993232	-0.000873	1.006270	0.535744	
342	1.004189	0.000067	-11.036305	-0.000067	1.004189	-0.276170	
343	1.003956	0.000564	-11.207369	-0.000564	1.003956	0.395071	
344	1.003835	0.000286	-11.385157	-0.000286	1.003835	0.420504	
345	1.005654	0.002101	-12.525038	-0.002101	1.005654	1.149830	
346	1.004110	0.000653	-12.089410	-0.000653	1.004110	1.013755	
347	1.007961	0.001119	-24.791110	-0.001119	1.007961	2.286845	
348	1.004075	0.000862	-12.724770	-0.000862	1.004075	1.383852	
349	1.005066	0.001006	-13.224439	-0.001006	1.005066	1.036028	
350	1.004128	0.000764	-13.023399	-0.000764	1.004128	1.348467	
351	1.004061	0.000534	-13.116859	-0.000534	1.004061	1.275744	
352	1.008989	0.000798	-26.895705	-0.000798	1.008989	2.385030	
353	1.004276	0.000325	-13.460491	-0.000325	1.004276	1.355330	
354	1.004721	0.000250	-13.766745	-0.000250	1.004721	1.263102	
355	1.005260	0.000271	-13.930742	-0.000271	1.005260	1.091627	
356	1.005468	0.000241	-13.969563	-0.000241	1.005468	0.972441	
357	1.012166	0.000694	-28.579231	-0.000694	1.012166	1.965724	
358	1.006632	-0.000011	-13.862566	0.000011	1.006632	0.488150	
359	1.006104	0.000627	-13.394086	-0.000627	1.006104	1.202044	
360	1.006807	0.000257	-13.188581	-0.000257	1.006807	0.766050	
361	1.006268	0.000327	-12.124154	-0.000327	1.006268	1.084510	
362	1.013025	0.000481	-23.812867	-0.000481	1.013025	2.461726	
363	1.006318	0.000860	-10.297178	-0.000860	1.006318	1.509919	
364	1.006276	0.001328	-9.568807	-0.001328	1.006276	1.581507	
365	1.005920	0.001335	-8.766436	-0.001335	1.005920	1.667140	
366	1.005165	0.001499	-7.634209	-0.001499	1.005165	1.957380	
367	1.013148	0.000283	-16.036272	-0.000283	1.013148	2.318225	
368	1.005165	0.001451	-6.701627	-0.001451	1.005165	1.755501	
369	1.005471	0.001171	-6.708795	-0.001171	1.005471	1.129658	
370	1.005660	0.001241	-6.753743	-0.001241	1.005660	1.025627	
371	1.005791	0.001127	-6.726734	-0.001127	1.005791	0.612347	
372	1.011120	0.001591	-12.857368	-0.001591	1.011120	-0.311922	
373	1.006043	0.000623	-6.867327	-0.000623	1.006043	-1.003041	
374	1.006153	0.000675	-7.056872	-0.000675	1.006153	-1.219174	
375	1.006606	0.000700	-7.464560	-0.000700	1.006606	-1.508773	
376	1.006878	0.000710	-7.709347	-0.000710	1.006878	-1.815361	
377	1.014513	0.001054	-16.251950	-0.001054	1.014513	-4.834556	
378	1.007062	0.000507	-7.747109	-0.000507	1.007062	-2.596049	
379	1.006684	0.000428	-7.389712	-0.000428	1.006684	-2.602428	
380	1.006357	0.000255	-6.976719	-0.000255	1.006357	-2.701874	
381	1.005970	0.000248	-6.472665	-0.000248	1.005970	-2.660211	
382	1.009473	-0.000069	-9.957320	0.000069	1.009473	-5.823775	
383	1.003795	-0.000472	-4.169417	0.000472	1.003795	-3.375196	
384	1.002736	-0.000255	-3.163485	0.000255	1.002736	-2.772374	
385	1.003088	-0.000485	-3.406313	0.000485	1.003088	-3.328639	
386	1.002731	-0.000550	-2.904952	0.000550	1.002731	-3.282679	
387	1.004314	-0.000586	-4.825044	0.000586	1.004314	-5.541940	
388	1.002065	-0.000241	-2.244395	0.000241	1.002065	-2.508083	
389	1.002401	-0.000467	-2.379518	0.000467	1.002401	-2.812347	
390	1.002026	-0.000367	-1.974903	0.000367	1.002026	-2.582374	
391	1.001751	-0.000340	-1.684650	0.000340	1.001751	-2.433259	
392	1.001148	-0.001199	-0.204794	0.001199	1.001148	-4.873075	
393	1.000720	-0.000549	-0.348269	0.000549	1.000720	-2.581539	
394	1.000769	-0.000608	-0.544178	0.000608	1.000769	-2.805689	
395	1.000891	-0.000555	-0.643703	0.000555	1.000891	-2.820709	
396	1.001005	-0.000421	-0.782666	0.000421	1.001005	-2.628212	
397	1.002295	-0.000249	-2.034004	0.000249	1.002295	-4.824197	
398	1.000720	-0.000512	-0.360381	0.000512	1.000720	-2.610269	
399	1.001287	-0.000471	-0.980452	0.000471	1.001287	-2.745915	
400	1.000671	-0.000576	-0.286164	0.000576	1.000671	-2.601424	
401	1.000596	-0.000640	-0.113725	0.000640	1.000596	-2.542831	
402	1.000507	-0.001133	0.559549	0.001133	1.000507	-4.361074	
403	1.000157	-0.000504	0.448965	0.000504	1.000157	-1.907786	
404	1.000143	-0.000601	0.557256	0.000601	1.000143	-1.887486	
405	0.999874	-0.000637	0.919833	0.000637	0.999874	-1.777624	
406	0.999563	-0.000741	1.443933	0.000741	0.999563	-1.712783	
407	0.998106	-0.001680	4.387879	0.001680	0.998106	-2.946096	
408	0.998957	-0.000644	2.688065	0.000644	0.998957	-1.093915	
409	0.998640	-0.000593	3.268342	0.000593	0.998640	-0.819100	
410	0.998187	-0.001090	4.271941	0.001090	0.998187	-1.223494	
411	0.997810	-0.001284	4.894356	0.001284	0.997810	-1.276969	
412	0.993749	-0.003774	12.446189	0.003774	0.993749	-2.682744	
413	0.997424	-0.001562	6.052117	0.001562	0.997424	-1.438901	
414	0.997506	-0.001690	6.334326	0.001690	0.997506	-1.712420	
415	0.997668	-0.001686	6.464847	0.001686	0.997668	-1.898150	
416	0.997638	-0.001957	6.794696	0.001957	0.997638	-2.194343	
417	0.994812	-0.000402	15.663117	0.000402	0.994812	-2.059480	
418	0.996619	-0.002454	8.262467	0.002454	0.996619	-2.258977	
419	0.996571	-0.002866	8.288072	0.002866	0.996571	-2.407711	
420	0.997023	-0.002342	7.821373	0.002342	0.997023	-2.077666	
421	0.996684	-0.002179	7.871222	0.002179	0.996684	-1.626198	
422	0.994006	-0.000340	15.158003	0.000340	0.994006	-0.104760	
423	0.996708	-0.001381	7.135944	0.001381	0.996708	-0.683665	
424	0.995961	-0.001214	7.730942	0.001214	0.995961	-0.348020	
425	0.995771	-0.001466	7.897421	0.001466	0.995771	-0.611459	
426	0.995700	-0.001470	7.776324	0.001470	0.995700	-0.596374	
427	0.991487	-0.002715	15.063792	0.002715	0.991487	-0.889067	
428	0.995865	-0.001240	7.049751	0.001240	0.995865	-0.340830	
429	0.995849	-0.001191	6.874567	0.001191	0.995849	-0.288313	
430	0.995916	-0.001108	6.774040	0.001108	0.995916	-0.231069	
431	0.995977	-0.001015	6.590409	0.001015	0.995977	-0.107610	
432	0.992390	-0.002568	12.889167	0.002568	0.992390	-0.952019	
433	0.995938	-0.001320	6.747939	0.001320	0.995938	-0.740830	
434	0.995957	-0.001419	6.779773	0.001419	0.995957	-0.910870	
435	0.996000	-0.001502	6.936937	0.001502	0.996000	-1.171082	
436	0.995960	-0.001530	7.342001	0.001530	0.995960	-1.226364	
437	0.992138	-0.000467	16.020954	0.000467	0.992138	-1.374921	
438	0.996022	-0.002132	8.318074	0.002132	0.996022	-1.893139	
439	0.996164	-0.001980	8.767717	0.001980	0.996164	-2.020592	
440	0.995765	-0.000963	9.856773	0.000963	0.995765	-1.401394	
441	0.996315	-0.000626	10.148974	0.000626	0.996315	-1.429674	
442	0.992667	-0.000896	22.375174	0.000896	0.992667	-2.801314	
443	0.994669	-0.002996	12.662285	0.002996	0.994669	-2.417357	
444	0.996394	-0.000637	12.318931	0.000637	0.996394	-1.407876	
445	0.996583	-0.000680	12.492670	0.000680	0.996583	-1.489785	
446	0.996005	-0.000565	13.397084	0.000565	0.996005	-1.171623	
447	0.991909	-0.001292	28.530620	0.001292	0.991909	-2.612909	
448	0.996061	-0.000796	14.261042	0.000796	0.996061	-1.298815	
449	0.995453	-0.000727	15.152531	0.000727	0.995453	-0.858368	
450	0.996059	-0.000691	15.125777	0.000691	0.996059	-0.861746	
451	0.996304	-0.000881	15.390643	0.000881	0.996304	-0.822254	
452	0.992972	-0.001513	31.527642	0.001513	0.992972	-1.286059	
453	0.996099	-0.000858	16.112160	0.000858	0.996099	-0.665823	
454	0.996533	-0.000909	16.193822	0.000909	0.996533	-0.819920	
455	0.996498	-0.000875	16.487944	0.000875	0.996498	-0.755917	
456	0.995851	-0.001010	17.086946	0.001010	0.995851	-0.718748	
457	0.992054	-0.001308	34.628409	0.001308	0.992054	-1.114011	
458	0.995331	-0.000579	17.457451	0.000579	0.995331	-0.154471	
459	0.995028	-0.000699	17.884171	0.000699	0.995028	-0.002935	
460	0.994532	-0.000927	18.306121	0.000927	0.994532	0.155635	
461	0.994386	-0.000930	18.327901	0.000930	0.994386	0.239091	
462	0.988076	-0.001608	37.671892	0.001608	0.988076	0.825334	
463	0.994866	-0.001013	18.053090	0.001013	0.994866	-0.032263	
464	0.994010	-0.001266	18.875191	0.001266	0.994010	0.031573	
465	0.994220	-0.001267	18.604403	0.001267	0.994220	-0.338266	
466	0.994298	-0.001341	18.539176	0.001341	0.994298	-0.441744	
467	0.988546	-0.001664	37.579532	0.001664	0.988546	-0.326771	
468	0.994023	-0.000863	18.667653	0.000863	0.994023	-0.107820	
469	0.993626	-0.000839	18.923549	0.000839	0.993626	0.141335	
470	0.995066	-0.001273	17.893618	0.001273	0.995066	-0.419091	
471	0.994278	-0.001352	18.314737	0.001352	0.994278	-0.001810	
472	0.988832	-0.001713	36.679107	0.001713	0.988832	0.547907	
473	0.994866	-0.001034	17.780271	0.001034	0.994866	-0.040578	
474	0.994560	-0.001208	17.957595	0.001208	0.994560	-0.134358	
475	0.994783	-0.001717	17.608092	0.001717	0.994783	-0.505904	
476	0.994676	-0.001402	17.717745	0.001402	0.994676	-0.167952	
477	0.990405	-0.001768	34.971187	0.001768	0.990405	0.223013	
478	0.995324	-0.001140	17.035265	0.001140	0.995324	-0.008242	
479	0.996338	-0.001101	16.545011	0.001101	0.996338	-0.237175	
480	0.997783	-0.001219	15.683792	0.001219	0.997783	-0.753401	
481	0.998836	-0.001274	14.986818	0.001274	0.998836	-1.170631	
482	0.998707	-0.002363	29.602168	0.002363	0.998707	-2.626879	
483	0.999577	-0.001188	14.414920	0.001188	0.999577	-1.439180	
484	0.999694	-0.001090	14.183616	0.001090	0.999694	-1.395050	
485	0.999593	-0.001158	14.383406	0.001158	0.999593	-1.460385	
486	0.999418	-0.001007	14.462013	0.001007	0.999418	-1.326551	
487	0.999336	-0.002098	28.450211	0.002098	0.999336	-2.898193	
488	0.999351	-0.001240	14.059702	0.001240	0.999351	-1.382718	
489	0.999738	-0.000909	13.635823	0.000909	0.999738	-1.311712	
490	0.999591	-0.001155	13.562362	0.001155	0.999591	-1.353214	
491	0.999273	-0.001095	13.531275	0.001095	0.999273	-1.232269	
492	0.999240	-0.002139	26.421311	0.002139	0.999240	-2.540708	
493	0.999266	-0.001277	12.747904	0.001277	0.999266	-1.162367	
494	0.999611	-0.001072	12.430090	0.001072	0.999611	-1.141973	
495	0.999812	-0.000985	11.740807	0.000985	0.999812	-1.166387	
496	0.999618	-0.000919	11.960002	0.000919	0.999618	-0.965828	
497	0.999095	-0.001719	23.623921	0.001719	0.999095	-1.615646	
498	0.999696	-0.000929	11.579730	0.000929	0.999696	-0.867107	
499	0.999370	-0.000850	11.610264	0.000850	0.999370	-0.677273	
500	0.999640	-0.000810	11.559834	0.000810	0.999640	-0.751593	
501	1.000039	-0.000883	11.301752	0.000883	1.000039	-0.810549	
502	0.999013	-0.001740	24.288711	0.001740	0.999013	-0.985001	
503	0.999840	-0.000930	11.970899	0.000930	0.999840	-0.586353	
504	0.999677	-0.000951	12.359500	0.000951	0.999677	-0.407580	
505	1.000162	-0.000874	12.201028	0.000874	1.000162	-0.495948	
506	1.002116	-0.000931	10.559203	0.000931	1.002116	-1.290234	
507	0.999489	-0.001901	25.951512	0.001901	0.999489	-0.941879	
508	1.000411	-0.001104	12.368754	0.001104	1.000411	-0.824089	
509	1.000034	-0.000913	12.550618	0.000913	1.000034	-0.491291	
510	1.000096	-0.000697	12.398508	0.000697	1.000096	-0.476846	
511	0.999587	-0.001079	12.953021	0.001079	0.999587	-0.417189	
512	0.999572	-0.001077	13.056837	0.001077	0.999572	-0.390040	
513	0.999216	-0.002135	26.820575	0.002135	0.999216	-0.853902	
514	0.999154	-0.001116	13.492109	0.001116	0.999154	-0.383730	
515	0.999793	-0.001178	12.684198	0.001178	0.999793	-0.710587	
516	0.999479	-0.001324	13.154908	0.001324	0.999479	-0.589552	
517	0.999374	-0.001221	13.280957	0.001221	0.999374	-0.360716	
518	0.998952	-0.001819	27.130700	0.001819	0.998952	-0.050530	
519	0.999477	-0.001245	13.835526	0.001245	0.999477	0.130311	
520	1.000046	-0.001004	14.021227	0.001004	1.000046	0.277443	
521	1.000474	-0.001148	14.033109	0.001148	1.000474	0.170792	
522	0.999387	-0.001252	15.395875	0.001252	0.999387	0.532215	
523	0.998972	-0.002318	31.221110	0.002318	0.998972	0.670796	
524	0.999444	-0.001247	15.218103	0.001247	0.999444	0.102058	
525	0.999179	-0.001459	15.385033	0.001459	0.999179	0.056335	
526	0.999021	-0.001503	15.220568	0.001503	0.999021	-0.029109	
527	0.999368	-0.001345	14.410840	0.001345	0.999368	0.013900	
528	0.999394	-0.001916	27.084352	0.001916	0.999394	0.371123	
529	0.999395	-0.000875	12.529063	0.000875	0.999395	0.356648	
530	0.999834	-0.000439	11.525508	0.000439	0.999834	0.578531	
531	0.999443	-0.000490	11.301189	0.000490	0.999443	0.645952	
532	0.999880	-0.000680	10.518026	0.000680	0.999880	0.361628	
533	0.999257	-0.001442	21.266427	0.001442	0.999257	0.843352	
534	0.999784	-0.000555	9.848941	0.000555	0.999784	0.565689	
535	0.993774	-0.002029	12.012782	0.002029	0.993774	1.660218	
536	0.992198	-0.001990	11.937244	0.001990	0.992198	2.120563	
537	0.992718	-0.002351	12.671077	0.002351	0.992718	2.195194	
538	0.999783	-0.000906	20.258207	0.000906	0.999783	3.736980	
539	0.999710	-0.000835	10.775156	0.000835	0.999710	0.608669	
540	1.000059	-0.000619	10.355465	0.000619	1.000059	-0.016267	
541	0.999948	-0.000678	10.927847	0.000678	0.999948	0.478396	
542	1.000424	-0.000696	10.849269	0.000696	1.000424	0.681859	
543	0.999982	-0.001541	25.040703	0.001541	0.999982	1.002292	
544	0.999548	-0.001316	13.313357	0.001316	0.999548	0.156014	
545	1.000102	-0.001433	13.629272	0.001433	1.000102	-0.105434	
546	1.000033	-0.001451	13.780363	0.001451	1.000033	0.031007	
547	0.999785	-0.001117	14.219752	0.001117	0.999785	0.415667	
548	0.999643	-0.001787	28.341518	0.001787	0.999643	1.520671	
549	1.000065	-0.000799	13.217515	0.000799	1.000065	0.952035	
550	0.999705	-0.000712	12.893191	0.000712	0.999705	1.478549	
551	0.999820	-0.000821	12.582739	0.000821	0.999820	1.073886	
552	1.000173	-0.000818	11.765632	0.000818	1.000173	0.620983	
553	1.000358	-0.001166	22.652354	0.001166	1.000358	2.394274	
554	1.000308	-0.000771	10.026433	0.000771	1.000308	0.140046	
555	1.001155	-0.000742	8.894743	0.000742	1.001155	-0.305177	
556	1.001709	-0.000561	7.814569	0.000561	1.001709	-0.320560	
557	1.002144	-0.000551	7.185642	0.000551	1.002144	-0.687509	
558	1.004287	-0.000907	13.893327	0.000907	1.004287	-0.984741	
559	0.999047	-0.000906	6.651992	0.000906	0.999047	-0.074750	
560	1.002151	-0.000460	5.151451	0.000460	1.002151	-0.947659	
561	1.002140	0.000331	3.722499	-0.000331	1.002140	-0.109452	
562	1.000567	-0.001165	5.787483	0.001165	1.000567	-1.369360	
563	1.003747	-0.000542	8.366770	0.000542	1.003747	-1.475425	
564	0.999940	-0.000515	3.973635	0.000515	0.999940	-0.188961	
565	0.998670	-0.000721	4.144504	0.000721	0.998670	0.112420	
566	0.999985	-0.000511	3.468652	0.000511	0.999985	0.038766	
567	0.999880	-0.000491	3.359708	0.000491	0.999880	0.034293	
568	1.003702	-0.000374	5.842269	0.000374	1.003702	-1.088203	
569	0.999928	-0.000708	2.851815	0.000708	0.999928	-0.493568	
570	0.999997	-0.000590	2.574191	0.000590	0.999997	-0.356044	
571	1.000094	-0.000663	2.489196	0.000663	1.000094	-0.418120	
572	1.000369	-0.000586	2.154468	0.000586	1.000369	-0.462928	
573	1.004013	-0.000209	2.483951	0.000209	1.004013	-1.101171	
574	1.000692	-0.000319	0.923395	0.000319	1.000692	-0.262976	
575	1.000862	-0.000251	0.567655	0.000251	1.000862	-0.268289	
576	1.001024	-0.000098	0.142450	0.000098	1.001024	-0.198560	
577	1.001203	-0.000076	-0.186126	0.000076	1.001203	-0.172115	
578	1.001779	0.000012	0.142660	-0.000012	1.001779	-0.003437	
579	1.001124	-0.000108	-0.248810	0.000108	1.001124	-0.105080	
580	1.001106	-0.000200	-0.056667	0.000200	1.001106	-0.174002	
581	1.001014	-0.000215	0.086180	0.000215	1.001014	-0.111957	
582	1.000643	-0.000187	0.149727	0.000187	1.000643	0.089005	
583	1.002080	-0.000273	0.733498	0.000273	1.002080	0.090438	
584	1.001043	-0.000155	0.171936	0.000155	1.001043	0.103470	
585	1.001038	-0.000067	0.070681	0.000067	1.001038	0.123285	
586	1.000964	-0.000112	0.217499	0.000112	1.000964	0.098806	
587	1.000938	-0.000156	0.313713	0.000156	1.000938	-0.035802	
588	1.001565	-0.000260	1.633186	0.000260	1.001565	-0.131565	
589	1.000599	-0.000338	1.346826	0.000338	1.000599	-0.242466	
590	1.000132	-0.000444	2.027549	0.000444	1.000132	-0.272783	
591	1.000002	-0.000521	2.436428	0.000521	1.000002	-0.322603	
592	0.999785	-0.000617	3.171371	0.000617	0.999785	-0.366458	
593	1.002892	-0.000345	6.072761	0.000345	1.002892	-1.247817	
594	0.999456	-0.000787	3.904968	0.000787	0.999456	-0.390443	
595	0.999397	-0.000794	4.024012	0.000794	0.999397	-0.382354	
596	0.999219	-0.000753	4.146165	0.000753	0.999219	-0.249032	
597	0.999328	-0.000715	3.952513	0.000715	0.999328	-0.284858	
598	0.998527	-0.001281	7.770356	0.001281	0.998527	-0.372468	
599	0.999304	-0.000572	3.424108	0.000572	0.999304	-0.162011	
600	0.999338	-0.000580	3.402719	0.000580	0.999338	-0.242156	
601	0.999448	-0.000587	3.233349	0.000587	0.999448	-0.285436	
602	0.999461	-0.000509	3.081051	0.000509	0.999461	-0.347845	
603	0.999071	-0.001069	6.120400	0.001069	0.999071	-0.567717	
604	0.999569	-0.000474	2.753772	0.000474	0.999569	-0.210094	
605	0.999531	-0.000519	2.858052	0.000519	0.999531	-0.133947	
606	0.999739	-0.000538	2.566506	0.000538	0.999739	-0.330486	
607	0.999736	-0.000600	2.564614	0.000600	0.999736	-0.430628	
608	0.999428	-0.000989	5.127706	0.000989	0.999428	-0.648205	
609	0.999872	-0.000422	2.260973	0.000422	0.999872	-0.314330	
610	0.999949	-0.000476	2.040741	0.000476	0.999949	-0.375417	
611	0.999990	-0.000315	1.921174	0.000315	0.999990	-0.245912	
612	1.000072	-0.000237	1.635635	0.000237	1.000072	-0.184963	
613	1.000092	-0.000386	2.526816	0.000386	1.000092	-0.088634	
614	1.000265	-0.000030	0.785260	0.000030	1.000265	-0.073445	
615	1.000286	0.000039	0.712464	-0.000039	1.000286	0.106232	
616	1.000364	0.000104	0.607129	-0.000104	1.000364	0.354607	
617	1.000159	0.000182	0.931603	-0.000182	1.000159	0.861058	
618	0.999673	0.000475	2.676549	-0.000475	0.999673	2.926473	
619	0.999861	0.000258	1.702558	-0.000258	0.999861	1.766675	
620	0.999674	0.000456	2.062533	-0.000456	0.999674	2.210608	
621	0.999631	0.000445	2.092584	-0.000445	0.999631	2.251343	
622	0.999498	0.000424	2.326899	-0.000424	0.999498	2.297727	
623	1.001535	-0.000156	4.563344	0.000156	1.001535	2.418823	
624	0.999486	-0.000189	2.836522	0.000189	0.999486	0.559346	
625	0.999716	-0.000254	2.525071	0.000254	0.999716	0.015646	
626	0.999812	-0.000436	2.445419	0.000436	0.999812	-0.488913	
627	1.000195	-0.000461	1.940286	0.000461	1.000195	-0.704431	
628	1.000187	-0.001086	3.499381	0.001086	1.000187	-1.160976	
629	1.001033	-0.000198	1.063909	0.000198	1.001033	-0.693782	
630	1.000912	-0.000238	1.086252	0.000238	1.000912	-0.545226	
631	1.001133	-0.000231	0.863457	0.000231	1.001133	-0.571266	
632	1.001135	-0.000302	0.881442	0.000302	1.001135	-0.701853	
633	1.003809	-0.000521	1.708675	0.000521	1.003809	-1.957717	
634	1.001056	-0.000328	0.993387	0.000328	1.001056	-0.563512	
635	1.001279	-0.000364	0.758568	0.000364	1.001279	-0.636918	
636	1.001068	-0.000378	1.138498	0.000378	1.001068	-0.521924	
637	1.001085	-0.000402	1.318177	0.000402	1.001085	-0.634915	
638	1.001386	-0.001551	4.301126	0.001551	1.001386	-1.852365	
639	1.001024	-0.000851	1.924734	0.000851	1.001024	-1.337326	
640	1.000704	-0.000903	2.529236	0.000903	1.000704	-1.333869	
641	0.999979	-0.000949	3.514580	0.000949	0.999979	-1.177110	
642	0.999573	-0.000989	3.863592	0.000989	0.999573	-1.009752	
643	1.000017	-0.000266	9.259524	0.000266	1.000017	-1.474006	
644	0.998659	-0.001156	5.116940	0.001156	0.998659	-1.100402	
645	0.998777	-0.001076	5.139686	0.001076	0.998777	-1.042600	
646	0.998977	-0.001076	4.915959	0.001076	0.998977	-1.081106	
647	0.998802	-0.001033	4.964553	0.001033	0.998802	-0.955626	
648	1.000706	-0.000317	8.834813	0.000317	1.000706	-1.904236	
649	0.998889	-0.000981	4.744189	0.000981	0.998889	-0.838885	
650	0.998797	-0.000937	4.777174	0.000937	0.998797	-0.743391	
651	0.998884	-0.000939	4.689666	0.000939	0.998884	-0.735613	
652	0.998665	-0.000856	4.924671	0.000856	0.998665	-0.520544	
653	0.999453	-0.000670	8.948650	0.000670	0.999453	-0.897117	
654	0.998708	-0.000653	4.560376	0.000653	0.998708	-0.163139	
655	0.998799	-0.000555	4.490920	0.000555	0.998799	-0.082533	
656	0.998639	-0.000532	4.591381	0.000532	0.998639	0.106644	
657	0.998700	-0.000465	4.343757	0.000465	0.998700	0.093978	
658	0.999443	0.000305	7.409869	-0.000305	0.999443	-0.074634	
659	0.998812	-0.000393	3.877700	0.000393	0.998812	0.054993	
660	0.998848	-0.000422	3.792709	0.000422	0.998848	0.011646	
661	0.998930	-0.000448	3.656981	0.000448	0.998930	-0.039292	
662	0.998917	-0.000522	3.550939	0.000522	0.998917	-0.106229	
663	0.998827	-0.000796	6.465094	0.000796	0.998827	-0.274111	
664	0.999077	-0.000592	3.085702	0.000592	0.999077	-0.190322	
665	0.999003	-0.000516	3.016426	0.000516	0.999003	-0.061489	
666	0.999084	-0.000472	2.840976	0.000472	0.999084	-0.043998	
667	0.999110	-0.000507	2.791112	0.000507	0.999110	-0.071865	
668	0.998315	-0.000773	5.357009	0.000773	0.998315	0.006925	
669	0.999099	-0.000358	2.701379	0.000358	0.999099	-0.019933	
670	0.999098	-0.000411	2.660912	0.000411	0.999098	-0.091557	
671	0.999154	-0.000445	2.682225	0.000445	0.999154	-0.208504	
672	0.998915	-0.000352	2.827412	0.000352	0.998915	0.077105	
673	0.997673	-0.000628	6.117023	0.000628	0.997673	0.367187	
674	0.998836	-0.000404	3.121436	0.000404	0.998836	0.046770	
675	0.998777	-0.000490	3.388926	0.000490	0.998777	-0.019873	
676	0.998855	-0.000514	3.364323	0.000514	0.998855	-0.062451	
677	0.999011	-0.000446	3.247203	0.000446	0.999011	-0.052413	
678	0.998403	-0.000926	6.350818	0.000926	0.998403	-0.167664	
679	0.999209	-0.000606	3.130183	0.000606	0.999209	-0.202830	
680	0.999385	-0.000535	2.908051	0.000535	0.999385	-0.180346	
681	0.999391	-0.000552	2.902826	0.000552	0.999391	-0.164649	
682	0.999453	-0.000500	2.738583	0.000500	0.999453	-0.100179	
683	0.999561	-0.000459	2.577430	0.000459	0.999561	-0.127165	
684	0.998927	-0.000737	4.909026	0.000737	0.998927	-0.099656	
685	0.999760	-0.000460	2.404375	0.000460	0.999760	-0.286863	
686	0.999667	-0.000430	2.405436	0.000430	0.999667	-0.136264	
687	0.999660	-0.000429	2.393344	0.000429	0.999660	-0.065402	
688	0.999936	-0.000463	2.248698	0.000463	0.999936	-0.229965	
689	0.999711	-0.000408	4.396873	0.000408	0.999711	-0.156351	
690	1.000036	-0.000324	2.065518	0.000324	1.000036	-0.178723	
691	0.999904	-0.000281	2.234902	0.000281	0.999904	-0.086770	
692	1.000016	-0.000383	2.192969	0.000383	1.000016	-0.252185	
693	1.000031	-0.000394	2.240180	0.000394	1.000031	-0.262943	
694	0.999790	-0.000692	4.612496	0.000692	0.999790	-0.427228	
695	1.000090	-0.000468	1.938869	0.000468	1.000090	-0.344082	
696	1.000043	-0.000520	1.917062	0.000520	1.000043	-0.365792	
697	1.000111	-0.000470	1.790104	0.000470	1.000111	-0.346860	
698	1.000103	-0.000503	1.814366	0.000503	1.000103	-0.355501	
699	0.999819	-0.000486	3.216289	0.000486	0.999819	-0.250116	
700	1.000413	-0.000346	1.211931	0.000346	1.000413	-0.335526	
701	1.000349	-0.000277	1.302977	0.000277	1.000349	-0.258650	
702	1.000432	-0.000210	1.197823	0.000210	1.000432	-0.219841	
703	1.000444	-0.000179	1.117462	0.000179	1.000444	-0.183053	
704	1.001017	-0.000365	1.819342	0.000365	1.001017	-0.469259	
705	1.000711	-0.000214	0.831475	0.000214	1.000711	-0.326736	
706	1.000633	-0.000214	0.844620	0.000214	1.000633	-0.295057	
707	1.000688	-0.000096	0.701784	0.000096	1.000688	-0.209772	
708	1.000730	-0.000150	0.654567	0.000150	1.000730	-0.226631	
709	1.001505	-0.000271	1.076188	0.000271	1.001505	-0.385337	
710	1.000915	-0.000145	0.434349	0.000145	1.000915	-0.285908	
711	1.001047	-0.000137	0.272241	0.000137	1.001047	-0.299713	
712	1.001244	-0.000059	0.080488	0.000059	1.001244	-0.320980	
713	1.001334	-0.000059	-0.069096	0.000059	1.001334	-0.313471	
714	1.002745	0.000044	-0.582220	-0.000044	1.002745	-0.194795	
715	1.001467	0.000078	-0.526490	-0.000078	1.001467	-0.064414	
716	1.001552	0.000113	-0.832924	-0.000113	1.001552	0.019510	
717	1.001596	0.000187	-1.084304	-0.000187	1.001596	0.076500	
718	1.001706	0.000261	-1.314528	-0.000261	1.001706	0.186776	
719	1.003479	0.000596	-3.042557	-0.000596	1.003479	0.365065	
720	1.001990	0.000307	-2.124990	-0.000307	1.001990	0.143308	
721	1.002092	0.000461	-2.427514	-0.000461	1.002092	0.215835	
722	1.002183	0.000470	-2.621190	-0.000470	1.002183	0.103703	
723	1.002221	0.000485	-2.771761	-0.000485	1.002221	0.029831	
724	1.004550	0.000977	-5.980372	-0.000977	1.004550	-0.092371	
725	1.002206	0.000503	-2.926372	-0.000503	1.002206	-0.080920	
