0	1.000000	0.000000	0.000000	0.000000	1.000000	0.000000	
1	1.000000	-0.000000	0.000000	0.000000	1.000000	0.000000	
2	0.999241	-0.001184	4.014235	0.001184	0.999241	-0.155329	
3	0.999368	-0.001221	4.061751	0.001221	0.999368	-0.219142	
4	0.999061	-0.001312	4.056518	0.001312	0.999061	-0.266431	
5	0.999066	-0.001215	4.002782	0.001215	0.999066	-0.219890	
6	0.999396	-0.001254	3.745464	0.001254	0.999396	-0.278214	
7	0.998392	-0.001744	7.909188	0.001744	0.998392	0.029187	
8	0.999000	-0.001153	3.482717	0.001153	0.999000	-0.042158	
9	0.999061	-0.001246	3.435143	0.001246	0.999061	-0.140147	
10	0.998845	-0.001237	3.634396	0.001237	0.998845	-0.007767	
11	0.998893	-0.001016	3.070437	0.001016	0.998893	0.128550	
12	0.998785	-0.001670	7.002894	0.001670	0.998785	0.031179	
13	0.999606	-0.000991	2.891778	0.000991	0.999606	-0.068241	
14	0.999617	-0.000981	2.799475	0.000981	0.999617	-0.065286	
15	0.999198	-0.001063	2.937249	0.001063	0.999198	0.035666	
16	0.999523	-0.000995	2.905360	0.000995	0.999523	0.008461	
17	0.999622	-0.002186	5.442619	0.002186	0.999622	-0.497128	
18	0.999329	-0.000910	2.519420	0.000910	0.999329	0.067784	
19	0.999334	-0.000811	2.240163	0.000811	0.999334	0.164737	
20	0.999456	-0.000767	2.141790	0.000767	0.999456	0.175720	
21	0.999279	-0.000547	1.543590	0.000547	0.999279	0.494489	
22	0.999168	-0.001160	3.475387	0.001160	0.999168	0.394907	
23	0.999309	-0.000412	1.461513	0.000412	0.999309	0.515974	
24	0.999372	-0.000496	1.308143	0.000496	0.999372	0.425126	
25	0.999332	-0.000365	1.109645	0.000365	0.999332	0.500173	
26	0.999554	-0.000184	0.793017	0.000184	0.999554	0.551974	
27	0.999055	-0.000834	2.346504	0.000834	0.999055	0.802737	
28	0.999935	-0.000287	0.802080	0.000287	0.999935	0.343208	
29	1.000329	-0.000452	0.553696	0.000452	1.000329	0.080146	
30	1.000469	-0.000537	0.584204	0.000537	1.000469	-0.075272	
31	1.000211	-0.000444	0.887179	0.000444	1.000211	0.135057	
32	1.000548	-0.001449	3.089290	0.001449	1.000548	-0.294893	
33	1.000241	-0.000581	1.321105	0.000581	1.000241	-0.013903	
34	1.000020	-0.000593	1.509090	0.000593	1.000020	-0.001478	
35	0.999877	-0.000582	1.671266	0.000582	0.999877	-0.050462	
36	1.000030	-0.000599	1.626411	0.000599	1.000030	-0.114846	
37	1.000973	-0.001541	3.411005	0.001541	1.000973	-0.808986	
38	1.000311	-0.000683	1.504289	0.000683	1.000311	-0.280956	
39	1.000659	-0.000562	1.149729	0.000562	1.000659	-0.349220	
40	1.000791	-0.000629	0.980140	0.000629	1.000791	-0.519638	
41	1.000724	-0.000564	0.912760	0.000564	1.000724	-0.497059	
42	1.001791	-0.001456	2.092350	0.001456	1.001791	-1.222413	
43	1.000727	-0.000561	0.772626	0.000561	1.000727	-0.498462	
44	1.000229	-0.000489	0.818965	0.000489	1.000229	-0.205168	
45	1.000170	-0.000480	0.800015	0.000480	1.000170	-0.185984	
46	0.999977	-0.000254	0.711480	0.000254	0.999977	-0.016157	
47	1.000203	-0.000810	2.056983	0.000810	1.000203	-0.246618	
48	0.999600	-0.000127	0.657344	0.000127	0.999600	0.251305	
49	0.999684	-0.000366	0.794509	0.000366	0.999684	0.104123	
50	0.999578	-0.000353	0.802289	0.000353	0.999578	0.128856	
51	0.999714	-0.000342	0.748703	0.000342	0.999714	0.087866	
52	1.000533	-0.000898	1.675469	0.000898	1.000533	-0.466254	
53	0.999991	-0.000496	0.695214	0.000496	0.999991	-0.223740	
54	0.999916	-0.000235	0.565630	0.000235	0.999916	-0.057307	
55	0.999910	-0.000284	0.585907	0.000284	0.999910	-0.092198	
56	0.999828	-0.000358	0.719665	0.000358	0.999828	-0.065789	
57	1.000025	-0.000783	1.745143	0.000783	1.000025	-0.430666	
58	0.999520	-0.000316	0.813813	0.000316	0.999520	-0.086617	
59	0.999686	-0.000489	0.884325	0.000489	0.999686	-0.286761	
60	0.999421	-0.000401	1.017480	0.000401	0.999421	-0.232024	
61	0.999668	-0.000418	1.066028	0.000418	0.999668	-0.360041	
62	0.999841	-0.001020	2.381276	0.001020	0.999841	-0.758686	
63	0.999675	-0.000601	1.237599	0.000601	0.999675	-0.229484	
64	0.999128	-0.000506	1.464725	0.000506	0.999128	0.174795	
65	0.999004	-0.000463	1.387658	0.000463	0.999004	0.199296	
66	0.999504	-0.000193	1.106480	0.000193	0.999504	0.061316	
67	1.000016	-0.000841	2.364253	0.000841	1.000016	-0.684166	
68	0.999782	-0.000299	0.816897	0.000299	0.999782	-0.306582	
69	0.999733	-0.000336	0.785561	0.000336	0.999733	-0.267012	
70	0.999569	-0.000163	0.701434	0.000163	0.999569	-0.018900	
71	0.999773	-0.000245	0.605485	0.000245	0.999773	-0.122892	
72	0.999853	-0.000262	1.003952	0.000262	0.999853	-0.159969	
73	0.999679	-0.000202	0.680880	0.000202	0.999679	-0.078692	
74	0.999538	-0.000193	0.628270	0.000193	0.999538	-0.043734	
75	0.999562	-0.000322	0.673481	0.000322	0.999562	-0.132357	
76	0.999601	-0.000227	0.601594	0.000227	0.999601	-0.096259	
77	0.999697	-0.000472	1.216908	0.000472	0.999697	-0.260243	
78	0.999699	-0.000259	0.612305	0.000259	0.999699	-0.042852	
79	0.999645	-0.000214	0.584098	0.000214	0.999645	0.014974	
80	0.999653	-0.000214	0.583729	0.000214	0.999653	0.011764	
81	0.999613	-0.000198	0.542071	0.000198	0.999613	-0.003382	
82	0.999842	-0.000399	1.233523	0.000399	0.999842	-0.250132	
83	0.999701	-0.000198	0.538072	0.000198	0.999701	-0.094043	
84	0.999672	-0.000369	0.639333	0.000369	0.999672	-0.182756	
85	0.999681	-0.000200	0.506541	0.000200	0.999681	-0.080346	
86	0.999796	-0.000282	0.474376	0.000282	0.999796	-0.133993	
87	0.999825	-0.000333	0.758873	0.000333	0.999825	-0.198407	
88	0.999732	-0.000266	0.286156	0.000266	0.999732	-0.040954	
89	0.999840	-0.000300	0.384001	0.000300	0.999840	-0.057043	
90	0.999844	-0.000312	0.349048	0.000312	0.999844	-0.092598	
91	0.999825	-0.000251	0.233112	0.000251	0.999825	-0.101629	
92	0.999928	-0.000281	0.490641	0.000281	0.999928	-0.204595	
93	0.999907	-0.000053	0.096272	0.000053	0.999907	0.001482	
94	0.999873	-0.000059	0.156536	0.000059	0.999873	0.053509	
95	0.999828	-0.000010	0.083304	0.000010	0.999828	0.113523	
96	0.999861	-0.000017	0.076293	0.000017	0.999861	0.101956	
97	0.999869	-0.000099	0.189875	0.000099	0.999869	0.012528	
98	0.999901	-0.000041	0.030767	0.000041	0.999901	-0.062889	
99	0.999911	-0.000066	0.036989	0.000066	0.999911	-0.074073	
100	0.999902	-0.000134	0.130771	0.000134	0.999902	-0.072512	
101	0.999874	-0.000155	0.142256	0.000155	0.999874	0.033101	
102	0.999701	-0.000369	0.561279	0.000369	0.999701	0.133668	
103	0.999814	-0.000216	0.298615	0.000216	0.999814	0.003526	
104	0.999797	-0.000286	0.479778	0.000286	0.999797	-0.067719	
105	0.999858	-0.000316	0.467795	0.000316	0.999858	-0.156333	
106	0.999874	-0.000304	0.445053	0.000304	0.999874	-0.193328	
107	0.999973	-0.000388	0.733079	0.000388	0.999973	-0.134400	
108	0.999837	-0.000339	0.734155	0.000339	0.999837	-0.186053	
109	0.999896	-0.000271	0.593821	0.000271	0.999896	-0.047001	
110	0.999881	-0.000482	0.570874	0.000482	0.999881	-0.142418	
111	0.999896	-0.000301	0.461006	0.000301	0.999896	-0.168160	
112	0.999913	-0.000759	1.348982	0.000759	0.999913	-0.518616	
113	1.000059	-0.000318	0.398001	0.000318	1.000059	-0.261219	
114	0.999844	-0.000242	0.451388	0.000242	0.999844	-0.111551	
115	0.999978	-0.000253	0.454020	0.000253	0.999978	-0.107655	
116	0.999958	-0.000222	0.419086	0.000222	0.999958	0.024975	
117	0.999844	-0.000462	0.852472	0.000462	0.999844	0.014984	
118	1.000025	-0.000269	0.293456	0.000269	1.000025	-0.091667	
119	1.000033	-0.000216	0.252369	0.000216	1.000033	-0.086514	
120	1.000029	-0.000125	0.101595	0.000125	1.000029	-0.015323	
121	1.000008	-0.000170	0.283718	0.000170	1.000008	-0.066474	
122	1.000046	-0.000102	0.165429	0.000102	1.000046	-0.065850	
123	1.000106	0.000022	-0.048539	-0.000022	1.000106	-0.069879	
124	1.000171	0.000010	-0.025815	-0.000010	1.000171	-0.080345	
125	1.000180	-0.000017	-0.026167	0.000017	1.000180	-0.102913	
126	1.000087	-0.000024	0.109749	0.000024	1.000087	0.019161	
127	1.000233	0.000025	0.071027	-0.000025	1.000233	-0.058433	
128	1.000136	-0.000032	0.121220	0.000032	1.000136	-0.076511	
129	1.000150	-0.000019	0.078938	0.000019	1.000150	-0.069741	
130	1.000134	-0.000018	0.073695	0.000018	1.000134	-0.051129	
131	1.000209	-0.000059	0.043432	0.000059	1.000209	-0.078653	
132	1.000300	0.000046	0.038935	-0.000046	1.000300	-0.030108	
133	1.000146	-0.000026	0.087944	0.000026	1.000146	-0.066799	
134	1.000126	-0.000016	0.097744	0.000016	1.000126	-0.051973	
135	1.000124	-0.000027	0.111382	0.000027	1.000124	-0.071062	
136	1.000133	-0.000008	0.094866	0.000008	1.000133	-0.032499	
137	1.000234	0.000099	0.041517	-0.000099	1.000234	-0.016955	
138	1.000132	-0.000026	0.059423	0.000026	1.000132	-0.053316	
139	1.000107	-0.000014	0.009490	0.000014	1.000107	-0.035875	
140	1.000055	-0.000011	0.041381	0.000011	1.000055	-0.018546	
141	1.000054	-0.000025	0.083989	0.000025	1.000054	-0.020309	
142	1.000137	-0.000044	0.077288	0.000044	1.000137	-0.082364	
143	0.999975	-0.000089	0.150753	0.000089	0.999975	-0.030953	
144	0.999994	-0.000128	0.163089	0.000128	0.999994	-0.064838	
145	1.000010	-0.000104	0.127725	0.000104	1.000010	-0.086251	
146	0.999975	-0.000187	0.208052	0.000187	0.999975	-0.086439	
147	0.999935	-0.000402	0.455634	0.000402	0.999935	-0.093347	
148	1.000086	-0.000222	0.152412	0.000222	1.000086	-0.075928	
149	1.000030	-0.000200	0.203894	0.000200	1.000030	-0.076118	
150	1.000094	-0.000189	0.127390	0.000189	1.000094	-0.084514	
151	1.000088	-0.000175	0.097294	0.000175	1.000088	-0.089296	
152	1.000045	-0.000156	0.087454	0.000156	1.000045	0.037954	
153	1.000068	-0.000221	0.132892	0.000221	1.000068	-0.120949	
154	1.000076	-0.000207	0.111158	0.000207	1.000076	-0.103683	
155	1.000064	-0.000221	0.114771	0.000221	1.000064	-0.004970	
156	1.000062	-0.000209	0.091930	0.000209	1.000062	-0.087315	
157	1.000115	-0.000274	0.150879	0.000274	1.000115	0.091512	
158	1.000139	-0.000205	0.049031	0.000205	1.000139	-0.153175	
159	1.000088	-0.000219	0.057063	0.000219	1.000088	-0.126748	
160	1.000049	-0.000175	0.064349	0.000175	1.000049	0.003792	
161	1.000042	-0.000181	0.078416	0.000181	1.000042	-0.090071	
162	0.999879	-0.000203	0.205284	0.000203	0.999879	0.287836	
163	1.000070	-0.000251	0.010378	0.000251	1.000070	-0.166567	
164	1.000059	-0.000200	0.012544	0.000200	1.000059	-0.051145	
165	1.000035	-0.000123	0.031505	0.000123	1.000035	0.135940	
166	1.000033	-0.000070	-0.049721	0.000070	1.000033	0.147858	
167	0.999872	-0.000051	0.097491	0.000051	0.999872	0.737299	
168	1.000218	-0.000089	0.115958	0.000089	1.000218	0.444108	
169	1.000351	-0.000241	0.210009	0.000241	1.000351	0.378798	
170	1.000663	-0.000319	0.280897	0.000319	1.000663	0.344857	
171	1.001040	-0.000411	0.292997	0.000411	1.001040	0.166087	
172	1.001372	-0.000569	0.419673	0.000569	1.001372	0.031675	
173	1.006105	-0.000995	-0.451678	0.000995	1.006105	-0.504360	
174	1.002669	-0.000750	0.123393	0.000750	1.002669	-0.419545	
175	1.003110	-0.000857	-0.022734	0.000857	1.003110	-0.588729	
176	1.004045	-0.000882	-0.516737	0.000882	1.004045	-0.941638	
177	1.004268	-0.000869	-0.503074	0.000869	1.004268	-0.971981	
178	1.010707	-0.001441	-1.562358	0.001441	1.010707	-1.940608	
179	1.004011	-0.001028	-0.119425	0.001028	1.004011	-1.021346	
180	1.004108	-0.001034	-0.212126	0.001034	1.004108	-1.019815	
181	1.004968	-0.000907	-0.769677	0.000907	1.004968	-1.188716	
182	1.003973	-0.000987	-0.259793	0.000987	1.003973	-0.786953	
183	1.012865	-0.000692	-2.787125	0.000692	1.012865	-0.747236	
184	1.003900	-0.000995	0.026941	0.000995	1.003900	-0.396092	
185	1.003710	-0.001085	0.235240	0.001085	1.003710	-0.155683	
186	1.004522	-0.001126	-0.068443	0.001126	1.004522	-0.234830	
187	1.003981	-0.001087	0.302256	0.001087	1.003981	0.144540	
188	1.009396	-0.000612	0.105061	0.000612	1.009396	2.384281	
189	1.003724	-0.001154	0.559190	0.001154	1.003724	0.459001	
190	1.003124	-0.001111	0.945773	0.001111	1.003124	0.744777	
191	1.003166	-0.001129	0.967119	0.001129	1.003166	0.541721	
192	1.004160	-0.001126	0.487912	0.001126	1.004160	0.179029	
193	1.013189	-0.000509	-1.770717	0.000509	1.013189	0.233122	
194	1.005734	-0.000960	-0.524087	0.000960	1.005734	-0.961570	
195	1.006431	-0.000960	-0.584689	0.000960	1.006431	-1.114777	
196	1.006136	-0.001006	-0.482883	0.001006	1.006136	-1.185221	
197	1.007119	-0.000735	-1.021153	0.000735	1.007119	-1.465558	
198	1.016084	-0.000543	-3.686745	0.000543	1.016084	-2.537318	
199	1.006739	-0.000806	-1.099171	0.000806	1.006739	-1.668342	
200	1.006934	-0.000796	-1.455228	0.000796	1.006934	-1.801234	
201	1.006524	-0.000741	-1.413514	0.000741	1.006524	-1.782034	
202	1.004073	-0.000741	-0.078552	0.000741	1.004073	-0.913067	
203	1.007291	-0.000724	-0.551476	0.000724	1.007291	-1.292954	
204	1.002471	-0.000454	0.216653	0.000454	1.002471	-0.402368	
205	1.001506	-0.000396	0.719672	0.000396	1.001506	-0.109175	
206	1.001906	-0.000435	0.301155	0.000435	1.001906	-0.395275	
207	1.000222	-0.000495	0.982190	0.000495	1.000222	0.146049	
208	0.999579	-0.001027	2.515383	0.001027	0.999579	0.181969	
209	1.000341	-0.000692	0.851834	0.000692	1.000341	-0.182179	
210	1.000341	-0.000587	0.849545	0.000587	1.000341	-0.184640	
211	1.000180	-0.000509	0.776669	0.000509	1.000180	-0.199499	
212	1.000333	-0.000456	0.777351	0.000456	1.000333	-0.322043	
213	1.000635	-0.000442	1.877061	0.000442	1.000635	-0.821603	
214	1.000720	-0.000336	0.849583	0.000336	1.000720	-0.754461	
215	1.000727	-0.000413	0.969846	0.000413	1.000727	-0.696679	
216	1.000828	-0.000492	1.024471	0.000492	1.000828	-0.771773	
217	1.000502	-0.000523	1.269493	0.000523	1.000502	-0.622850	
218	1.000629	-0.000753	2.610965	0.000753	1.000629	-0.956236	
219	1.000510	-0.000349	1.392195	0.000349	1.000510	-0.354205	
220	1.000314	-0.000436	1.568304	0.000436	1.000314	-0.356988	
221	1.000571	-0.000410	1.403053	0.000410	1.000571	-0.681375	
222	1.000430	-0.000440	1.867974	0.000440	1.000430	-0.657314	
223	0.999165	-0.001126	4.379979	0.001126	0.999165	-0.979298	
224	1.000247	-0.000564	2.161045	0.000564	1.000247	-0.786354	
225	0.999907	-0.000488	2.385117	0.000488	0.999907	-0.498103	
226	0.999572	-0.000729	2.315621	0.000729	0.999572	-0.529746	
227	0.999197	-0.000632	2.249342	0.000632	0.999197	-0.315810	
228	0.996892	-0.000723	4.419835	0.000723	0.996892	0.018707	
229	0.998212	-0.000429	2.109992	0.000429	0.998212	0.005532	
230	0.998952	-0.000417	1.500171	0.000417	0.998952	-0.259315	
231	0.999417	-0.000109	0.885653	0.000109	0.999417	-0.414216	
232	0.998875	-0.000085	0.892204	0.000085	0.998875	-0.110109	
233	0.995394	-0.000119	2.341743	0.000119	0.995394	0.625951	
234	0.998323	-0.000072	0.970938	0.000072	0.998323	0.085042	
235	0.999213	-0.000036	0.574121	0.000036	0.999213	-0.177255	
236	0.999027	-0.000196	0.684846	0.000196	0.999027	-0.161907	
237	0.998902	-0.000255	0.873053	0.000255	0.998902	-0.205975	
238	0.998093	0.000077	0.422902	-0.000077	0.998093	-0.751280	
239	0.999758	0.000142	-0.162729	-0.000142	0.999758	-0.702919	
240	0.999758	0.000049	-0.090760	-0.000049	0.999758	-0.787042	
241	0.999362	0.000179	-0.266705	-0.000179	0.999362	-0.627832	
242	0.999457	0.000137	-0.263002	-0.000137	0.999457	-0.672525	
243	0.997127	0.000148	0.304290	-0.000148	0.997127	-0.673329	
244	0.998812	0.000215	-0.119624	-0.000215	0.998812	-0.288083	
245	0.999292	0.000088	-0.329006	-0.000088	0.999292	-0.512513	
246	0.999995	0.000179	-0.756648	-0.000179	0.999995	-0.786705	
247	0.999785	0.000104	-0.673260	-0.000104	0.999785	-0.731754	
248	0.998547	0.000464	-1.065587	-0.000464	0.998547	-1.111195	
249	0.999415	0.000197	-0.805331	-0.000197	0.999415	-0.554838	
250	0.999498	0.000221	-0.867439	-0.000221	0.999498	-0.543951	
251	0.999201	0.000272	-0.699663	-0.000272	0.999201	-0.423767	
252	0.998954	0.000242	-0.533303	-0.000242	0.998954	-0.291133	
253	0.997925	0.000606	-0.922513	-0.000606	0.997925	-0.383130	
254	0.999484	0.000272	-0.792863	-0.000272	0.999484	-0.358999	
255	0.998700	0.000265	-0.256336	-0.000265	0.998700	0.038613	
256	0.998452	0.000252	-0.076956	-0.000252	0.998452	0.092822	
257	0.999111	0.000349	-0.592611	-0.000349	0.999111	-0.108378	
258	0.999608	0.000687	-1.912869	-0.000687	0.999608	-0.557441	
259	0.999830	0.000334	-0.910944	-0.000334	0.999830	-0.277472	
260	0.999709	0.000344	-0.871278	-0.000344	0.999709	-0.241064	
261	0.999586	0.000354	-0.770751	-0.000354	0.999586	-0.192076	
262	0.999584	0.000363	-0.733989	-0.000363	0.999584	-0.168672	
263	0.999409	0.000708	-1.734270	-0.000708	0.999409	-0.321718	
264	0.999724	0.000311	-0.731783	-0.000311	0.999724	-0.212572	
265	0.999842	0.000240	-0.799481	-0.000240	0.999842	-0.280354	
266	1.000203	0.000283	-1.006582	-0.000283	1.000203	-0.354098	
267	1.000247	0.000186	-1.020718	-0.000186	1.000247	-0.395986	
268	1.000022	0.000486	-1.801008	-0.000486	1.000022	-0.543717	
269	0.999916	0.000218	-0.828490	-0.000218	0.999916	-0.325347	
270	0.999933	0.000100	-0.693984	-0.000100	0.999933	-0.419391	
271	0.999979	0.000215	-0.767265	-0.000215	0.999979	-0.431079	
272	0.999982	0.000141	-0.603489	-0.000141	0.999982	-0.456654	
273	0.999767	0.000634	-1.700859	-0.000634	0.999767	-0.404184	
274	0.999651	0.000201	-0.523539	-0.000201	0.999651	-0.284014	
275	0.999508	0.000085	-0.496034	-0.000085	0.999508	-0.242870	
276	0.999024	0.000330	-0.221132	-0.000330	0.999024	0.091756	
277	0.998834	0.000394	-0.354656	-0.000394	0.998834	0.298782	
278	0.997902	0.001158	-1.564400	-0.001158	0.997902	0.835761	
279	0.998523	0.000603	-0.720009	-0.000603	0.998523	0.540189	
280	0.998315	0.000624	-0.549067	-0.000624	0.998315	0.707769	
281	0.998011	0.000688	-0.733236	-0.000688	0.998011	0.723646	
282	0.998649	0.000698	-1.261421	-0.000698	0.998649	0.539239	
283	0.998105	0.001643	-3.393241	-0.001643	0.998105	0.933589	
284	0.998634	0.000867	-1.412355	-0.000867	0.998634	0.594789	
285	0.998424	0.000882	-1.407373	-0.000882	0.998424	0.737822	
286	0.998546	0.000808	-1.402611	-0.000808	0.998546	0.642134	
287	0.999054	0.000957	-2.005019	-0.000957	0.999054	0.556322	
288	0.997553	0.000955	-4.775007	-0.000955	0.997553	0.420148	
289	0.999347	0.001061	-2.553843	-0.001061	0.999347	0.403255	
290	0.999191	0.001276	-2.754799	-0.001276	0.999191	0.503553	
291	0.999337	0.001366	-3.054118	-0.001366	0.999337	0.399780	
292	0.999907	0.001500	-3.801216	-0.001500	0.999907	0.206800	
293	0.999732	0.000835	-9.576354	-0.000835	0.999732	-1.405988	
294	0.999751	0.001684	-4.798924	-0.001684	0.999751	0.195948	
295	0.997764	0.002008	-3.780048	-0.002008	0.997764	1.068935	
296	0.999005	0.002018	-4.916487	-0.002018	0.999005	0.614763	
297	0.998838	0.001541	-5.605372	-0.001541	0.998838	0.255543	
298	0.996079	0.001301	-12.138982	-0.001301	0.996079	-0.060724	
299	0.995954	0.001544	-5.065250	-0.001544	0.995954	1.330035	
300	0.995789	0.000581	-5.394259	-0.000581	0.995789	0.672567	
301	0.996820	0.000629	-6.400290	-0.000629	0.996820	0.364942	
302	0.996899	0.000606	-6.772351	-0.000606	0.996899	0.504725	
303	0.995143	0.001835	-15.575974	-0.001835	0.995143	1.069491	
304	0.997110	0.000861	-7.799511	-0.000861	0.997110	0.644322	
305	0.996955	0.000754	-7.739456	-0.000754	0.996955	0.726820	
306	0.997227	0.000768	-8.065493	-0.000768	0.997227	0.679440	
307	0.997604	0.000826	-8.510452	-0.000826	0.997604	0.648593	
308	0.997338	0.002026	-18.596831	-0.002026	0.997338	0.978777	
309	0.998759	0.000757	-9.277756	-0.000757	0.998759	0.312694	
310	0.998440	0.000725	-9.004363	-0.000725	0.998440	0.499358	
311	0.999144	0.000463	-9.363426	-0.000463	0.999144	-0.006235	
312	0.999166	0.000623	-9.469326	-0.000623	0.999166	0.079547	
313	0.997763	0.001621	-18.772149	-0.001621	0.997763	0.449163	
314	0.999269	0.000649	-10.053163	-0.000649	0.999269	-0.140556	
315	0.999428	0.000608	-10.459822	-0.000608	0.999428	-0.279284	
316	0.998649	0.000650	-10.168887	-0.000650	0.998649	-0.087584	
317	0.998993	0.000662	-10.829278	-0.000662	0.998993	-0.152997	
318	0.997363	0.002015	-21.976248	-0.002015	0.997363	0.448122	
319	0.998377	0.000912	-11.234264	-0.000912	0.998377	0.223744	
320	0.998592	0.000891	-11.652326	-0.000891	0.998592	0.183636	
321	0.998640	0.000898	-11.877078	-0.000898	0.998640	0.133642	
322	0.998519	0.000865	-11.861011	-0.000865	0.998519	0.170821	
323	0.997503	0.002104	-24.789118	-0.002104	0.997503	0.384935	
324	0.999345	0.001100	-13.038778	-0.001100	0.999345	0.042316	
325	0.999673	0.001075	-13.425200	-0.001075	0.999673	-0.001401	
326	0.999975	0.001168	-13.970115	-0.001168	0.999975	-0.073448	
327	0.999977	0.001094	-14.018945	-0.001094	0.999977	-0.081287	
328	0.999789	0.002234	-28.507627	-0.002234	0.999789	0.034109	
329	1.000599	0.001239	-14.784771	-0.001239	1.000599	-0.166923	
330	1.001116	0.001210	-15.301224	-0.001210	1.001116	-0.226395	
331	1.000925	0.001297	-15.279092	-0.001297	1.000925	-0.191712	
332	1.001237	0.001521	-15.793554	-0.001521	1.001237	-0.003472	
333	1.000386	0.002687	-30.929677	-0.002687	1.000386	0.410443	
334	1.001085	0.001764	-16.313893	-0.001764	1.001085	0.117973	
335	1.000346	0.001809	-16.308734	-0.001809	1.000346	0.460604	
336	0.999774	0.001985	-16.235316	-0.001985	0.999774	0.856638	
337	0.999679	0.001779	-16.166044	-0.001779	0.999679	0.862485	
338	0.997458	0.002367	-32.628595	-0.002367	0.997458	1.592416	
339	1.000051	0.001794	-17.179990	-0.001794	1.000051	0.756652	
340	1.000439	0.002081	-17.767610	-0.002081	1.000439	0.893395	
341	1.000164	0.001965	-17.780735	-0.001965	1.000164	0.918240	
342	0.999876	0.002085	-17.920555	-0.002085	0.999876	1.188836	
343	1.000333	0.002158	-18.397756	-0.002158	1.000333	1.188554	
344	1.000233	0.003287	-37.617947	-0.003287	1.000233	1.846193	
345	1.000055	0.001833	-18.837223	-0.001833	1.000055	1.092209	
346	0.999358	0.002338	-18.380818	-0.002338	0.999358	1.760651	
347	1.000153	0.002232	-18.682230	-0.002232	1.000153	1.494127	
348	0.999828	0.002068	-18.201947	-0.002068	0.999828	1.508041	
349	1.000160	0.002854	-36.224523	-0.002854	1.000160	2.107627	
350	0.999797	0.001828	-17.056602	-0.001828	0.999797	1.502668	
351	1.000017	0.001875	-16.926900	-0.001875	1.000017	1.298021	
352	0.999824	0.001737	-16.465008	-0.001737	0.999824	1.227192	
353	0.999800	0.001816	-16.207712	-0.001816	0.999800	1.252467	
354	0.998378	0.002587	-31.108052	-0.002587	0.998378	2.090996	
355	0.999885	0.001563	-16.057121	-0.001563	0.999885	1.114023	
356	0.999999	0.001471	-15.921399	-0.001471	0.999999	1.044359	
357	1.000003	0.001511	-15.906785	-0.001511	1.000003	1.105477	
358	0.999885	0.001433	-15.712740	-0.001433	0.999885	1.117823	
359	0.998558	0.002806	-31.521843	-0.002806	0.998558	2.416043	
360	0.999669	0.001612	-15.817316	-0.001612	0.999669	1.185161	
361	0.999865	0.001483	-15.925890	-0.001483	0.999865	1.019252	
362	0.999626	0.001557	-15.838314	-0.001557	0.999626	1.151218	
363	0.999592	0.001662	-16.108127	-0.001662	0.999592	1.279106	
364	0.999837	0.002845	-33.719500	-0.002845	0.999837	2.167895	
365	0.999579	0.001805	-16.744002	-0.001805	0.999579	1.495570	
366	1.000062	0.002156	-17.183582	-0.002156	1.000062	1.600182	
367	0.999375	0.002154	-16.822655	-0.002154	0.999375	1.777485	
368	0.999724	0.001946	-17.277460	-0.001946	0.999724	1.502256	
369	1.000396	0.003299	-36.223836	-0.003299	1.000396	2.377431	
370	0.999975	0.001940	-17.741850	-0.001940	0.999975	1.496280	
371	0.999850	0.001871	-17.744897	-0.001871	0.999850	1.580845	
372	0.999786	0.001881	-17.426849	-0.001881	0.999786	1.683840	
373	0.999856	0.002000	-17.474560	-0.002000	0.999856	1.709337	
374	0.999429	0.002972	-35.154721	-0.002972	0.999429	3.075224	
375	0.999853	0.001757	-16.453600	-0.001757	0.999853	1.782825	
376	0.999710	0.001938	-16.544235	-0.001938	0.999710	1.996505	
377	1.000048	0.001794	-16.628815	-0.001794	1.000048	1.760633	
378	0.999351	0.001601	-15.129528	-0.001601	0.999351	1.969521	
379	0.998584	0.002802	-28.837113	-0.002802	0.998584	3.823787	
380	0.999754	0.001357	-14.131744	-0.001357	0.999754	1.644675	
381	0.999950	0.001263	-13.882636	-0.001263	0.999950	1.488079	
382	0.999833	0.001140	-13.371712	-0.001140	0.999833	1.376056	
383	0.998867	0.001360	-12.415578	-0.001360	0.998867	1.938945	
384	0.997686	0.002484	-23.468301	-0.002484	0.997686	3.825970	
385	0.999149	0.000746	-11.082562	-0.000746	0.999149	1.436977	
386	0.998446	0.000725	-10.058953	-0.000725	0.998446	1.740661	
387	0.998943	0.000723	-9.653780	-0.000723	0.998943	1.462008	
388	0.998971	0.000677	-8.835600	-0.000677	0.998971	1.436545	
389	0.998346	0.002097	-16.660309	-0.002097	0.998346	3.091871	
390	0.999306	0.000675	-7.333397	-0.000675	0.999306	1.244458	
391	0.998323	0.001120	-5.645707	-0.001120	0.998323	1.934155	
392	0.999049	0.001730	-5.203519	-0.001730	0.999049	2.128791	
393	0.998904	0.001556	-4.388987	-0.001556	0.998904	1.969967	
394	0.999189	0.000625	-8.670372	-0.000625	0.999189	1.346155	
395	0.999140	0.000824	-2.411490	-0.000824	0.999140	1.104204	
396	0.999400	0.000690	-1.897732	-0.000690	0.999400	0.920996	
397	0.999495	0.000416	-1.190116	-0.000416	0.999495	0.677731	
398	0.999636	0.000149	-0.744238	-0.000149	0.999636	0.507638	
399	0.999419	0.000087	-0.359961	-0.000087	0.999419	0.665182	
400	0.999713	-0.000213	0.594582	0.000213	0.999713	0.128125	
401	0.999697	-0.000156	0.555297	0.000156	0.999697	0.166051	
402	0.999728	-0.000071	0.377892	0.000071	0.999728	0.214712	
403	0.999790	-0.000021	0.242069	0.000021	0.999790	0.215289	
404	0.999672	0.000050	0.200414	-0.000050	0.999672	0.647191	
405	0.999666	-0.000194	0.374354	0.000194	0.999666	0.228403	
406	0.999501	0.000038	0.344910	-0.000038	0.999501	0.460199	
407	0.999593	-0.000038	0.181835	0.000038	0.999593	0.391383	
408	0.999570	-0.000061	0.194174	0.000061	0.999570	0.453088	
409	0.999462	0.000094	-0.425737	-0.000094	0.999462	0.841866	
410	0.999508	0.000018	-0.275162	-0.000018	0.999508	0.497630	
411	0.999418	0.000218	-0.550394	-0.000218	0.999418	0.761121	
412	0.999286	0.000297	-0.673389	-0.000297	0.999286	0.830925	
413	0.999108	0.000317	-0.710131	-0.000317	0.999108	0.970912	
414	0.998968	0.001231	-3.407521	-0.001231	0.998968	2.061320	
415	0.998852	0.000616	-1.320756	-0.000616	0.998852	1.388130	
416	0.998373	0.000607	-1.064193	-0.000607	0.998373	1.570217	
417	0.999130	0.000665	-1.933225	-0.000665	0.999130	1.325887	
418	0.998429	0.000687	-1.283364	-0.000687	0.998429	1.592520	
419	0.996786	0.001731	-2.885695	-0.001731	0.996786	3.448081	
420	0.998961	0.000745	-2.063844	-0.000745	0.998961	1.457041	
421	0.999182	0.000912	-2.390071	-0.000912	0.999182	1.495210	
422	0.999172	0.000954	-2.440769	-0.000954	0.999172	1.499939	
423	0.999157	0.000643	-2.218708	-0.000643	0.999157	1.217015	
424	0.998790	0.001264	-5.299864	-0.001264	0.998790	2.215065	
425	0.999049	0.000661	-2.158418	-0.000661	0.999049	1.324375	
426	0.998722	0.000654	-1.883227	-0.000654	0.998722	1.480285	
427	0.998266	0.000755	-1.447971	-0.000755	0.998266	1.709547	
428	0.998725	0.000843	-2.048220	-0.000843	0.998725	1.601197	
429	0.999430	0.000341	-6.903566	-0.000341	0.999430	1.531581	
430	0.998017	0.001247	-1.539039	-0.001247	0.998017	2.202638	
431	0.999871	0.001038	-3.258012	-0.001038	0.999871	1.254599	
432	0.999603	0.000960	-2.910450	-0.000960	0.999603	1.309474	
433	1.000301	0.001134	-3.626629	-0.001134	1.000301	1.111654	
434	1.003400	0.000638	-10.713795	-0.000638	1.003400	0.305542	
435	1.001184	0.001109	-4.484601	-0.001109	1.001184	0.776842	
436	1.001610	0.000943	-4.615960	-0.000943	1.001610	0.419578	
437	1.001817	0.000947	-4.743686	-0.000947	1.001817	0.410646	
438	1.002079	0.001022	-4.924854	-0.001022	1.002079	0.355137	
439	1.006146	0.001702	-12.145389	-0.001702	1.006146	0.090438	
440	1.001989	0.001016	-4.747934	-0.001016	1.001989	0.471675	
441	1.001442	0.001075	-4.265978	-0.001075	1.001442	0.689280	
442	1.001926	0.001062	-4.553627	-0.001062	1.001926	0.566297	
443	1.001796	0.001197	-4.604806	-0.001197	1.001796	0.720205	
444	1.006248	0.001150	-11.985076	-0.001150	1.006248	-0.218217	
445	1.001869	0.001264	-4.619826	-0.001264	1.001869	0.846143	
446	1.001625	0.001065	-4.400729	-0.001065	1.001625	0.755021	
447	1.001200	0.000948	-3.993352	-0.000948	1.001200	0.806952	
448	1.001677	0.000919	-4.384708	-0.000919	1.001677	0.517026	
449	1.001483	-0.000001	-8.132741	0.000001	1.001483	0.566627	
450	0.999038	0.000733	-2.271056	-0.000733	0.999038	1.399038	
451	0.998932	0.000723	-2.025417	-0.000723	0.998932	1.413223	
452	0.999005	0.000748	-1.729653	-0.000748	0.999005	1.334246	
453	0.998990	0.000756	-1.503709	-0.000756	0.998990	1.327179	
454	0.998720	0.001471	-2.814025	-0.001471	0.998720	2.124694	
455	0.999256	0.000317	-0.585001	-0.000317	0.999256	0.744324	
456	0.999101	0.000213	-0.209314	-0.000213	0.999101	0.676460	
457	0.999226	0.000109	-0.054423	-0.000109	0.999226	0.466443	
458	0.999263	0.000093	-0.019831	-0.000093	0.999263	0.490907	
459	0.998753	-0.000043	0.001486	0.000043	0.998753	0.858659	
460	0.999321	-0.000067	0.109901	0.000067	0.999321	0.507257	
461	0.999325	-0.000096	0.170000	0.000096	0.999325	0.565120	
462	0.999335	0.000055	0.059294	-0.000055	0.999335	0.692307	
463	0.999516	0.000101	-0.189599	-0.000101	0.999516	0.618922	
464	0.999428	0.000356	-0.873779	-0.000356	0.999428	0.953146	
465	0.999614	0.000181	-0.323404	-0.000181	0.999614	0.475190	
466	0.999687	0.000214	-0.298276	-0.000214	0.999687	0.455542	
467	0.999598	0.000186	-0.089496	-0.000186	0.999598	0.456478	
468	0.999697	0.000198	-0.047916	-0.000198	0.999697	0.410340	
469	0.999616	0.000206	0.051836	-0.000206	0.999616	0.656423	
470	0.999892	0.000014	-0.089414	-0.000014	0.999892	0.212255	
471	0.999913	-0.000053	-0.151339	0.000053	0.999913	0.054836	
472	0.999908	-0.000106	-0.101015	0.000106	0.999908	0.004506	
473	0.999842	-0.000141	-0.035947	0.000141	0.999842	0.002698	
474	0.999987	-0.000027	-0.427018	0.000027	0.999987	-0.074573	
475	1.000211	-0.000036	-0.454744	0.000036	1.000211	-0.145342	
476	1.000221	-0.000018	-0.465103	0.000018	1.000221	-0.103259	
477	1.000259	0.000017	-0.498223	-0.000017	1.000259	-0.078641	
478	1.000230	-0.000049	-0.579630	0.000049	1.000230	-0.046776	
479	1.000151	0.000064	-0.575178	-0.000064	1.000151	0.206243	
480	1.000298	0.000054	-0.582343	-0.000054	1.000298	0.033278	
481	1.000020	-0.000047	-0.301674	0.000047	1.000020	0.083579	
482	1.000106	0.000071	-0.417949	-0.000071	1.000106	0.117543	
483	1.000385	0.000151	-0.609314	-0.000151	1.000385	0.123535	
484	1.001096	0.000071	-1.262490	-0.000071	1.001096	-0.109082	
485	1.000620	0.000145	-0.812777	-0.000145	1.000620	0.038084	
486	1.000496	0.000090	-0.749318	-0.000090	1.000496	0.032565	
487	1.000575	0.000171	-0.887440	-0.000171	1.000575	0.080844	
488	1.000087	0.000095	-0.576463	-0.000095	1.000087	0.198848	
489	1.000068	0.000204	-0.836589	-0.000204	1.000068	0.424083	
490	0.999958	0.000021	-0.284564	-0.000021	0.999958	0.157576	
491	0.999881	-0.000049	-0.082285	0.000049	0.999881	0.086715	
492	1.000037	0.000048	-0.260837	-0.000048	1.000037	0.123806	
493	0.999857	0.000022	-0.037734	-0.000022	0.999857	0.200867	
494	0.999711	0.000300	-0.015782	-0.000300	0.999711	0.639520	
495	0.999739	0.000050	0.123970	-0.000050	0.999739	0.269592	
496	0.999766	0.000073	0.130034	-0.000073	0.999766	0.310033	
497	0.999757	0.000187	0.073618	-0.000187	0.999757	0.474362	
498	0.999681	0.000210	0.114210	-0.000210	0.999681	0.592776	
499	0.999592	0.000316	-0.182702	-0.000316	0.999592	1.057277	
500	1.000128	0.000285	-0.389826	-0.000285	1.000128	0.424533	
501	1.000178	0.000280	-0.404385	-0.000280	1.000178	0.416516	
502	1.000147	0.000266	-0.388184	-0.000266	1.000147	0.436507	
503	1.000085	0.000217	-0.329050	-0.000217	1.000085	0.411162	
504	0.999845	0.000261	-0.244877	-0.000261	0.999845	0.814223	
505	0.999918	0.000133	0.104814	-0.000133	0.999918	0.420701	
506	1.000089	0.000071	0.032521	-0.000071	1.000089	0.162968	
507	1.000228	0.000044	-0.093495	-0.000044	1.000228	0.011665	
508	1.000182	0.000076	0.101692	-0.000076	1.000182	-0.031398	
509	1.000091	0.000057	0.204270	-0.000057	1.000091	0.008185	
510	1.000070	0.000191	0.407203	-0.000191	1.000070	-0.049397	
511	1.000050	0.000055	0.261897	-0.000055	1.000050	-0.109744	
512	1.000314	0.000161	-0.029102	-0.000161	1.000314	-0.124341	
513	1.000330	0.000099	0.062862	-0.000099	1.000330	-0.091493	
514	1.000299	0.000012	0.129784	-0.000012	1.000299	-0.130674	
515	1.000074	-0.000195	0.789996	0.000195	1.000074	-0.154152	
516	1.000221	-0.000085	0.250865	0.000085	1.000221	-0.203842	
517	1.000131	-0.000052	0.274279	0.000052	1.000131	-0.155816	
518	1.000254	-0.000074	0.212716	0.000074	1.000254	-0.264662	
519	1.000265	-0.000056	0.229427	0.000056	1.000265	-0.235152	
520	1.000220	-0.000140	0.648953	0.000140	1.000220	-0.191163	
521	1.000202	0.000043	0.105308	-0.000043	1.000202	0.011246	
522	1.000242	0.000046	0.033626	-0.000046	1.000242	0.008992	
523	1.000249	0.000186	-0.094861	-0.000186	1.000249	0.069887	
524	1.000339	0.000218	-0.188180	-0.000218	1.000339	0.064872	
525	1.000120	0.000088	0.437917	-0.000088	1.000120	-0.204475	
526	1.000458	0.000076	0.275027	-0.000076	1.000458	-0.228152	
527	1.000304	-0.000095	0.663648	0.000095	1.000304	-0.249949	
528	1.000105	-0.000117	0.895658	0.000117	1.000105	-0.135672	
529	0.999848	-0.000184	1.239782	0.000184	0.999848	-0.059233	
530	0.998720	-0.000621	3.539606	0.000621	0.998720	0.042325	
531	0.999030	-0.000283	1.893011	0.000283	0.999030	0.124719	
532	0.999431	-0.000299	1.490136	0.000299	0.999431	-0.020766	
533	0.999102	-0.000333	1.633368	0.000333	0.999102	0.001643	
534	0.998051	-0.000327	2.248478	0.000327	0.998051	0.539775	
535	0.994303	-0.000500	5.518241	0.000500	0.994303	1.898354	
536	0.998218	-0.000254	1.923823	0.000254	0.998218	0.533336	
537	0.999323	-0.000251	1.034488	0.000251	0.999323	0.103717	
538	0.999395	-0.000290	0.900861	0.000290	0.999395	0.002392	
539	0.999291	-0.000232	0.941098	0.000232	0.999291	0.146958	
540	0.999154	-0.000433	0.954714	0.000433	0.999154	0.079109	
541	1.000042	-0.000114	-0.067891	0.000114	1.000042	-0.048810	
542	1.000116	-0.000076	-0.164197	0.000076	1.000116	-0.036325	
543	1.000256	-0.000035	-0.440299	0.000035	1.000256	-0.062026	
544	1.000415	-0.000060	-0.618917	0.000060	1.000415	-0.160130	
545	1.000510	-0.000101	-0.699962	0.000101	1.000510	-0.245574	
546	1.000215	-0.000081	-0.379137	0.000081	1.000215	-0.099375	
547	1.000230	-0.000118	-0.368701	0.000118	1.000230	-0.139212	
548	1.000591	-0.000067	-0.783205	0.000067	1.000591	-0.153093	
549	1.000397	-0.000132	-0.454378	0.000132	1.000397	-0.154375	
550	1.002051	-0.000111	-1.704208	0.000111	1.002051	-0.786960	
551	1.002454	-0.000179	-1.761743	0.000179	1.002454	-0.956518	
552	1.002246	-0.000200	-1.431174	0.000200	1.002246	-0.962252	
553	1.002243	-0.000163	-1.451384	0.000163	1.002243	-0.940752	
554	1.002392	-0.000184	-1.656999	0.000184	1.002392	-0.984774	
555	1.003237	-0.000109	-2.147752	0.000109	1.003237	-1.325899	
556	1.000659	-0.000023	-0.307181	0.000023	1.000659	-0.246555	
557	1.000227	0.000024	-0.137000	-0.000024	1.000227	-0.036445	
558	0.999885	-0.000061	0.202043	0.000061	0.999885	-0.068134	
559	1.000134	-0.000090	0.215996	0.000090	1.000134	-0.248735	
560	0.999617	-0.000251	1.599770	0.000251	0.999617	-0.340256	
561	0.999174	-0.000276	1.615243	0.000276	0.999174	-0.050495	
562	0.999555	-0.000287	1.558187	0.000287	0.999555	-0.089879	
563	0.999837	-0.000477	1.784748	0.000477	0.999837	-0.329665	
564	0.999894	-0.000592	2.075998	0.000592	0.999894	-0.391887	
565	0.997807	-0.001273	7.015170	0.001273	0.997807	-0.022984	
566	0.998299	-0.000996	4.314203	0.000996	0.998299	-0.008746	
567	0.998800	-0.001088	4.223452	0.001088	0.998800	-0.270558	
568	0.999188	-0.001326	4.325155	0.001326	0.999188	-0.680530	
569	0.998905	-0.001379	5.001581	0.001379	0.998905	-0.680075	
570	0.995426	-0.000627	13.961812	0.000627	0.995426	0.826911	
571	0.998049	-0.001374	6.545328	0.001374	0.998049	-0.479876	
572	0.998114	-0.000955	7.390447	0.000955	0.998114	-0.152521	
573	0.998366	-0.000312	7.730633	0.000312	0.998366	0.223064	
574	0.998724	-0.001239	7.467507	0.001239	0.998724	-0.533021	
575	0.996459	-0.001028	17.431583	0.001028	0.996459	0.065608	
576	0.999875	-0.001096	7.270864	0.001096	0.999875	-1.030451	
577	0.998848	-0.000988	8.675815	0.000988	0.998848	-0.625497	
578	1.000176	-0.000650	7.871966	0.000650	1.000176	-0.839869	
579	0.999403	-0.000531	8.941474	0.000531	0.999403	-0.464224	
580	0.998506	-0.002031	19.344100	0.002031	0.998506	-1.335665	
581	1.000365	-0.000491	9.217255	0.000491	1.000365	-0.520898	
582	0.999391	-0.000621	10.539097	0.000621	0.999391	-0.333019	
583	0.998764	-0.000677	11.434313	0.000677	0.998764	-0.139722	
584	0.998628	-0.000562	12.116990	0.000562	0.998628	0.002540	
585	0.999412	-0.001547	23.837038	0.001547	0.999412	-1.442594	
586	1.000183	-0.000787	12.042327	0.000787	1.000183	-0.969710	
587	1.000331	-0.000901	12.324740	0.000901	1.000331	-1.123803	
588	1.001871	-0.000871	11.295111	0.000871	1.001871	-1.744225	
589	1.001084	-0.001081	12.869747	0.001081	1.001084	-1.708404	
590	1.001880	-0.002252	27.285821	0.002252	1.001880	-3.518373	
591	1.001060	-0.001235	13.953469	0.001235	1.001060	-1.910211	
592	1.001462	-0.001365	13.829510	0.001365	1.001462	-2.032102	
593	1.001194	-0.001113	14.312279	0.001113	1.001194	-1.870455	
594	1.000470	-0.001424	15.044960	0.001424	1.000470	-1.740968	
595	1.003828	-0.001683	28.441977	0.001683	1.003828	-3.594237	
596	1.001238	-0.001467	14.925076	0.001467	1.001238	-2.177900	
597	1.000958	-0.001491	15.435751	0.001491	1.000958	-1.984526	
598	1.001148	-0.001133	15.116806	0.001133	1.001148	-1.805695	
599	1.000636	-0.001357	15.617198	0.001357	1.000636	-1.735526	
600	1.000762	-0.002517	32.244330	0.002517	1.000762	-3.326439	
601	1.001490	-0.001226	14.982395	0.001226	1.001490	-2.198207	
602	1.001587	-0.001242	14.918556	0.001242	1.001587	-2.273594	
603	1.001696	-0.001255	14.754184	0.001255	1.001696	-2.470176	
604	1.000290	-0.001063	15.480816	0.001063	1.000290	-1.870624	
605	1.000633	-0.002193	31.689055	0.002193	1.000633	-3.505826	
606	1.000084	-0.001326	15.693799	0.001326	1.000084	-1.839429	
607	0.998931	-0.001548	16.699678	0.001548	0.998931	-1.513986	
608	1.000285	-0.001374	15.615475	0.001374	1.000285	-1.963764	
609	1.000676	-0.001391	15.191300	0.001391	1.000676	-2.171719	
610	1.000685	-0.002925	32.718609	0.002925	1.000685	-4.071222	
611	1.001601	-0.001476	15.268599	0.001476	1.001601	-2.572271	
612	1.001782	-0.001476	15.243268	0.001476	1.001782	-2.677330	
613	1.002997	-0.000916	13.926253	0.000916	1.002997	-2.679329	
614	1.001983	-0.001018	14.921818	0.001018	1.001983	-2.314342	
615	1.000632	-0.002691	34.938487	0.002691	1.000632	-3.754191	
616	1.001397	-0.001679	16.439248	0.001679	1.001397	-2.497608	
617	1.003181	-0.001686	14.869750	0.001686	1.003181	-3.057608	
618	1.002692	-0.001582	15.258290	0.001582	1.002692	-2.772244	
619	1.002436	-0.002089	15.397441	0.002089	1.002436	-3.016347	
620	1.000738	-0.003219	35.256169	0.003219	1.000738	-3.345925	
621	1.007005	-0.001224	10.345425	0.001224	1.007005	-3.612005	
622	1.000415	-0.001921	16.783362	0.001921	1.000415	-1.745638	
623	1.001835	-0.001878	15.220215	0.001878	1.001835	-2.239385	
624	1.002077	-0.002769	15.351910	0.002769	1.002077	-2.936730	
625	1.001520	-0.003135	32.803416	0.003135	1.001520	-2.721099	
626	1.001019	-0.001976	15.414534	0.001976	1.001019	-1.708673	
627	1.001268	-0.001827	15.310954	0.001827	1.001268	-1.516911	
628	1.003854	-0.001751	12.603038	0.001751	1.003854	-2.566035	
629	1.000612	-0.001554	15.182408	0.001554	1.000612	-0.943821	
630	1.000992	-0.002732	31.816102	0.002732	1.000992	-1.635217	
631	1.000242	-0.001503	15.760184	0.001503	1.000242	-0.923468	
632	0.999498	-0.001613	16.244039	0.001613	0.999498	-0.759256	
633	0.999753	-0.001495	16.042579	0.001495	0.999753	-0.817705	
634	1.001188	-0.001232	14.611465	0.001232	1.001188	-1.049118	
635	0.998944	-0.003097	32.455665	0.003097	0.998944	-1.540617	
636	1.000432	-0.001773	15.088417	0.001773	1.000432	-1.235726	
637	1.000194	-0.001942	15.279401	0.001942	1.000194	-1.229081	
638	0.999673	-0.001817	15.109919	0.001817	0.999673	-1.086413	
639	1.000080	-0.001968	14.898315	0.001968	1.000080	-1.314241	
640	0.999524	-0.002907	30.439969	0.002907	0.999524	-1.485169	
641	0.999490	-0.001454	14.876542	0.001454	0.999490	-0.684178	
642	0.999556	-0.001408	14.350932	0.001408	0.999556	-0.793127	
643	0.999522	-0.001592	14.405258	0.001592	0.999522	-0.869242	
644	0.998943	-0.001372	14.452501	0.001372	0.998943	-0.378284	
645	0.998032	-0.002469	28.977382	0.002469	0.998032	-0.613895	
646	0.999115	-0.001199	13.330017	0.001199	0.999115	-0.284230	
647	0.999315	-0.001128	13.080770	0.001128	0.999315	-0.358875	
648	0.999352	-0.001142	12.895877	0.001142	0.999352	-0.510522	
649	0.999222	-0.000972	12.824626	0.000972	0.999222	-0.352972	
650	0.999513	-0.001973	24.404940	0.001973	0.999513	-1.073288	
651	0.999070	-0.000957	11.995015	0.000957	0.999070	-0.212244	
652	0.999263	-0.001077	11.749437	0.001077	0.999263	-0.364258	
653	0.999319	-0.000396	11.553000	0.000396	0.999319	-0.075496	
654	0.999645	-0.000966	11.347357	0.000966	0.999645	-0.465454	
655	0.999773	-0.002010	21.953816	0.002010	0.999773	-1.068332	
656	0.999980	-0.000848	10.471575	0.000848	0.999980	-0.447379	
657	0.999741	-0.000705	10.528380	0.000705	0.999741	-0.254392	
658	0.999814	-0.000797	10.253828	0.000797	0.999814	-0.395229	
659	0.999607	-0.000817	10.270485	0.000817	0.999607	-0.356921	
660	0.999423	-0.002230	19.680048	0.002230	0.999423	-1.104439	
661	0.999724	-0.000899	9.185507	0.000899	0.999724	-0.481867	
662	0.998847	-0.002047	8.981322	0.002047	0.998847	-0.910329	
663	0.999958	-0.000813	8.511361	0.000813	0.999958	-0.443616	
664	0.999862	-0.000851	8.461485	0.000851	0.999862	-0.338947	
665	0.999694	-0.001768	16.191148	0.001768	0.999694	-0.802581	
666	0.998303	-0.001575	6.936706	0.001575	0.998303	-0.457087	
667	0.993567	-0.001464	7.484939	0.001464	0.993567	1.220758	
668	1.001016	-0.001907	5.154654	0.001907	1.001016	-1.544789	
669	1.000543	-0.001992	5.566480	0.001992	1.000543	-1.418615	
670	0.999945	-0.001012	12.536215	0.001012	0.999945	-0.469453	
671	1.000027	-0.001813	4.408026	0.001813	1.000027	-1.195724	
672	0.999769	-0.001776	4.636683	0.001776	0.999769	-1.059952	
673	0.998310	-0.001618	5.139636	0.001618	0.998310	-0.504948	
674	0.999709	-0.001757	4.422542	0.001757	0.999709	-0.984878	
675	0.998600	-0.002034	4.542436	0.002034	0.998600	-0.708997	
676	1.000344	-0.000693	9.254833	0.000693	1.000344	-0.490130	
677	0.999729	-0.001626	3.897574	0.001626	0.999729	-0.918943	
678	0.999284	-0.001569	3.854795	0.001569	0.999284	-0.805508	
679	1.000607	-0.001919	3.008066	0.001919	1.000607	-1.523528	
680	0.999602	-0.001290	3.638276	0.001290	0.999602	-0.688262	
681	0.999982	-0.000779	8.163898	0.000779	0.999982	-0.217029	
682	0.999222	-0.001121	3.532907	0.001121	0.999222	-0.376969	
683	0.999274	-0.001056	3.336122	0.001056	0.999274	-0.367336	
684	0.999365	-0.001026	3.248536	0.001026	0.999365	-0.442032	
685	0.999295	-0.000975	3.018618	0.000975	0.999295	-0.366336	
686	0.999487	-0.001928	6.010186	0.001928	0.999487	-0.927615	
687	0.999680	-0.000778	2.443170	0.000778	0.999680	-0.351530	
688	0.999700	-0.000764	2.411559	0.000764	0.999700	-0.319899	
689	0.999703	-0.000676	2.312822	0.000676	0.999703	-0.222589	
690	0.999658	-0.000640	2.106477	0.000640	0.999658	-0.182412	
691	0.999427	-0.001261	4.231127	0.001261	0.999427	-0.332208	
692	0.999500	-0.000568	1.783254	0.000568	0.999500	-0.071011	
693	0.999548	-0.000458	1.538457	0.000458	0.999548	-0.015930	
694	0.999750	-0.000450	1.344384	0.000450	0.999750	-0.134351	
695	0.999916	-0.000463	1.153677	0.000463	0.999916	-0.233708	
696	1.000474	-0.000762	2.034234	0.000762	1.000474	-0.572060	
697	1.000197	-0.000321	0.832089	0.000321	1.000197	-0.243222	
698	1.000160	-0.000293	0.798679	0.000293	1.000160	-0.219809	
699	1.000083	-0.000226	0.739196	0.000226	1.000083	-0.117704	
700	0.999989	-0.000313	0.830709	0.000313	0.999989	-0.080627	
701	0.999563	-0.000799	2.502385	0.000799	0.999563	-0.061067	
702	0.999973	-0.000346	0.949816	0.000346	0.999973	-0.033847	
703	0.999942	-0.000396	1.098879	0.000396	0.999942	-0.076102	
704	0.999967	-0.000469	1.236551	0.000469	0.999967	-0.106670	
705	1.000116	-0.000541	1.212211	0.000541	1.000116	-0.203580	
706	1.000321	-0.001004	3.064872	0.001004	1.000321	-0.423301	
707	1.000112	-0.000610	1.727796	0.000610	1.000112	-0.242711	
708	1.000329	-0.000666	1.873858	0.000666	1.000329	-0.360373	
709	1.000171	-0.000738	2.085594	0.000738	1.000171	-0.384558	
710	1.000040	-0.000778	2.138965	0.000778	1.000040	-0.372944	
711	1.000964	-0.001416	4.109670	0.001416	1.000964	-1.060231	
712	1.000944	-0.001033	1.585252	0.001033	1.000944	-0.902117	
713	1.000467	-0.000780	1.879369	0.000780	1.000467	-0.573470	
714	1.000730	-0.000783	1.726648	0.000783	1.000730	-0.661292	
715	1.000819	-0.000785	1.540878	0.000785	1.000819	-0.658728	
716	1.001002	-0.001173	3.255503	0.001173	1.001002	-1.029797	
717	1.000482	-0.000607	1.298999	0.000607	1.000482	-0.495034	
718	1.000224	-0.000392	1.146854	0.000392	1.000224	-0.215631	
719	1.000228	-0.000471	1.027300	0.000471	1.000228	-0.313804	
720	1.000351	-0.000384	0.729766	0.000384	1.000351	-0.219236	
721	1.000258	-0.000490	0.908527	0.000490	1.000258	0.037995	
722	1.000534	-0.000050	-0.078009	0.000050	1.000534	0.136630	
723	1.000608	0.000041	-0.440494	-0.000041	1.000608	0.153696	
724	1.000588	0.000024	-0.581394	-0.000024	1.000588	0.126607	
725	1.000813	0.000025	-0.802729	-0.000025	1.000813	-0.006102	
726	1.001597	-0.000069	-1.284206	0.000069	1.001597	-0.188081	
727	1.001101	0.000004	-0.853716	-0.000004	1.001101	-0.154670	
728	1.001441	0.000034	-1.108645	-0.000034	1.001441	-0.277195	
729	1.001554	0.000021	-1.175799	-0.000021	1.001554	-0.299355	
730	1.001727	0.000068	-1.274621	-0.000068	1.001727	-0.283609	
731	1.002963	0.000092	-2.221479	-0.000092	1.002963	-0.374573	
732	1.001538	0.000061	-1.175363	-0.000061	1.001538	-0.291450	
733	1.001914	0.000053	-1.471065	-0.000053	1.001914	-0.383969	
734	1.001547	0.000086	-1.209434	-0.000086	1.001547	-0.156959	
735	1.001601	0.000083	-1.195655	-0.000083	1.001601	-0.192886	
736	1.003496	0.000251	-2.736102	-0.000251	1.003496	-0.312089	
737	1.001857	0.000102	-1.268775	-0.000102	1.001857	-0.174592	
738	1.001826	0.000189	-1.320558	-0.000189	1.001826	-0.087420	
739	1.001826	0.000139	-1.237302	-0.000139	1.001826	-0.124092	
740	1.001737	0.000094	-1.074785	-0.000094	1.001737	-0.094568	
741	1.003359	0.000203	-2.289361	-0.000203	1.003359	-0.214867	
742	1.001605	0.000105	-1.049624	-0.000105	1.001605	-0.052423	
743	1.001558	0.000115	-1.038202	-0.000115	1.001558	-0.055210	
744	1.001346	0.000073	-0.874932	-0.000073	1.001346	0.001695	
745	1.001247	0.000090	-0.867166	-0.000090	1.001247	0.078314	
746	1.002083	0.000248	-1.605805	-0.000248	1.002083	0.235719	
747	1.001072	0.000167	-0.803024	-0.000167	1.001072	0.214477	
748	1.001266	0.000166	-0.921499	-0.000166	1.001266	0.153603	
749	1.001085	0.000182	-0.766141	-0.000182	1.001085	0.263631	
750	1.001296	0.000150	-0.887091	-0.000150	1.001296	0.205392	
751	1.002157	0.000268	-1.428161	-0.000268	1.002157	0.526666	
752	1.000987	0.000051	-0.645465	-0.000051	1.000987	0.231246	
753	1.001223	0.000024	-0.797125	-0.000024	1.001223	0.102963	
754	1.001242	0.000057	-0.776982	-0.000057	1.001242	0.114422	
755	1.001299	-0.000005	-0.788393	0.000005	1.001299	0.069554	
756	1.001869	-0.000035	-1.036705	0.000035	1.001869	0.315732	
757	1.000606	-0.000060	-0.250945	0.000060	1.000606	0.298810	
758	1.000483	-0.000012	-0.182967	0.000012	1.000483	0.394045	
759	1.000114	0.000078	0.001096	-0.000078	1.000114	0.558372	
760	0.999967	0.000012	0.209541	-0.000012	0.999967	0.636217	
761	0.999964	0.000020	0.246738	-0.000020	0.999964	1.077468	
762	0.999929	0.000013	0.158120	-0.000013	0.999929	0.589063	
763	0.999978	-0.000089	0.204788	0.000089	0.999978	0.492190	
764	0.999859	-0.000062	0.315608	0.000062	0.999859	0.563148	
765	0.999883	-0.000045	0.229521	0.000045	0.999883	0.573901	
766	0.999858	-0.000194	0.346757	0.000194	0.999858	0.883091	
767	0.999930	-0.000116	0.140642	0.000116	0.999930	0.437738	
768	0.999918	-0.000096	0.206833	0.000096	0.999918	0.462752	
769	0.999815	-0.000065	0.229016	0.000065	0.999815	0.512213	
770	0.999845	-0.000067	0.224874	0.000067	0.999845	0.480593	
771	0.999745	-0.000014	0.308146	0.000014	0.999745	0.899043	
772	0.999779	-0.000017	0.258416	0.000017	0.999779	0.516356	
773	0.999726	-0.000006	0.319274	0.000006	0.999726	0.544189	
774	0.999730	-0.000023	0.362380	0.000023	0.999730	0.504930	
775	0.999697	-0.000000	0.353699	0.000000	0.999697	0.563844	
776	0.999635	-0.000053	0.353151	0.000053	0.999635	0.822155	
777	0.999689	-0.000118	0.377305	0.000118	0.999689	0.466658	
778	0.999721	-0.000135	0.368014	0.000135	0.999721	0.448040	
779	0.999708	-0.000121	0.315055	0.000121	0.999708	0.468762	
780	0.999748	-0.000092	0.290546	0.000092	0.999748	0.508403	
781	1.000297	-0.000075	-0.268242	0.000075	1.000297	0.686292	
782	1.000101	-0.000099	0.040707	0.000099	1.000101	0.331846	
783	1.000058	-0.000169	0.150141	0.000169	1.000058	0.282765	
784	1.000445	-0.000146	-0.109655	0.000146	1.000445	0.165986	
785	1.000514	-0.000154	-0.124941	0.000154	1.000514	0.167377	
786	1.001111	-0.000158	-0.355274	0.000158	1.001111	0.348917	
787	1.000647	-0.000172	0.010217	0.000172	1.000647	0.123533	
788	1.000632	-0.000126	0.056734	0.000126	1.000632	0.191476	
789	1.000674	-0.000214	0.082916	0.000214	1.000674	0.122297	
790	1.000612	-0.000195	0.098558	0.000195	1.000612	0.173032	
791	1.001130	-0.000337	0.151681	0.000337	1.001130	0.395449	
792	1.000518	-0.000278	0.360256	0.000278	1.000518	0.167752	
793	1.000720	-0.000247	0.140471	0.000247	1.000720	0.134105	
794	1.000664	-0.000260	0.181297	0.000260	1.000664	0.175759	
795	1.000467	-0.000269	0.296639	0.000269	1.000467	0.264883	
796	1.000930	-0.000356	0.358725	0.000356	1.000930	0.453096	
797	1.000492	-0.000163	0.196741	0.000163	1.000492	0.281683	
798	1.000343	-0.000158	0.275075	0.000158	1.000343	0.355194	
799	1.000223	-0.000167	0.336035	0.000167	1.000223	0.363647	
800	1.000246	-0.000200	0.371978	0.000200	1.000246	0.313428	
801	0.999933	-0.000339	0.921678	0.000339	0.999933	0.671233	
802	0.999730	-0.000155	0.517410	0.000155	0.999730	0.407618	
803	0.999658	-0.000191	0.505100	0.000191	0.999658	0.358108	
804	0.999702	-0.000157	0.425024	0.000157	0.999702	0.288303	
805	0.999743	-0.000106	0.256398	0.000106	0.999743	0.247348	
806	0.999903	-0.000046	0.278816	0.000046	0.999903	0.358427	
807	0.999872	-0.000039	0.222550	0.000039	0.999872	0.140487	
808	0.999847	-0.000032	0.116400	0.000032	0.999847	0.153763	
809	0.999783	0.000007	0.131671	-0.000007	0.999783	0.259025	
810	0.999759	-0.000092	0.300268	0.000092	0.999759	0.341617	
811	0.999622	-0.000165	0.871126	0.000165	0.999622	0.889364	
812	0.999779	-0.000064	0.382779	0.000064	0.999779	0.589656	
813	0.999828	-0.000107	0.376861	0.000107	0.999828	0.586810	
814	0.999788	-0.000119	0.412307	0.000119	0.999788	0.608488	
815	0.999811	-0.000061	0.350358	0.000061	0.999811	0.631134	
816	0.999988	-0.000087	0.425386	0.000087	0.999988	1.203512	
817	1.000297	-0.000092	0.052370	0.000092	1.000297	0.531371	
818	1.000403	-0.000101	-0.036129	0.000101	1.000403	0.490065	
819	1.000492	-0.000108	-0.098242	0.000108	1.000492	0.546788	
820	1.000631	-0.000131	-0.114852	0.000131	1.000631	0.531496	
821	1.002609	-0.000224	-0.839454	0.000224	1.002609	0.617570	
822	1.001398	-0.000234	-0.395518	0.000234	1.001398	0.291323	
823	1.002127	-0.000262	-0.815505	0.000262	1.002127	0.075889	
824	1.002200	-0.000205	-0.781447	0.000205	1.002200	0.181643	
825	1.001908	-0.000330	-0.390221	0.000330	1.001908	0.376519	
826	1.004563	-0.000886	-0.812841	0.000886	1.004563	0.415433	
827	1.002332	-0.000332	-0.495309	0.000332	1.002332	0.253059	
828	1.002678	-0.000377	-0.667372	0.000377	1.002678	0.090900	
829	1.003187	-0.000363	-0.932389	0.000363	1.003187	-0.165903	
830	1.003833	-0.000371	-1.287621	0.000371	1.003833	-0.394181	
831	1.010828	-0.000662	-3.956905	0.000662	1.010828	-2.130297	
832	1.004661	-0.000550	-1.575441	0.000550	1.004661	-1.168069	
833	1.002992	-0.000540	-0.440163	0.000540	1.002992	-0.510210	
834	1.006213	-0.000453	-2.566338	0.000453	1.006213	-1.869763	
835	1.005883	-0.000424	-2.292282	0.000424	1.005883	-1.695137	
836	1.010675	-0.000641	-3.824793	0.000641	1.010675	-2.758820	
837	1.004744	-0.000450	-1.553835	0.000450	1.004744	-1.380756	
838	1.003316	-0.000482	-0.691587	0.000482	1.003316	-0.793980	
839	1.002259	-0.000391	-0.400195	0.000391	1.002259	-0.386650	
840	1.003008	-0.000416	-0.678543	0.000416	1.003008	-0.677408	
841	1.003093	-0.000463	-0.667965	0.000463	1.003093	-0.711318	
842	1.002191	-0.000853	0.898267	0.000853	1.002191	-0.009607	
843	1.000755	-0.000386	0.558569	0.000386	1.000755	0.227500	
844	1.000379	-0.000263	0.680168	0.000263	1.000379	0.420442	
845	1.000695	-0.000280	0.475465	0.000280	1.000695	0.280626	
846	1.000503	-0.000438	0.389261	0.000438	1.000503	0.186636	
847	1.000043	-0.000483	1.202208	0.000483	1.000043	0.610439	
848	1.000978	-0.000427	0.291059	0.000427	1.000978	-0.110091	
849	1.000892	-0.000172	0.130427	0.000172	1.000892	-0.041139	
850	1.000206	-0.000194	0.399408	0.000194	1.000206	0.205673	
851	1.000253	-0.000288	0.381794	0.000288	1.000253	0.089079	
852	0.999950	-0.000212	0.726173	0.000212	0.999950	0.470861	
853	1.000438	-0.000256	0.028133	0.000256	1.000438	-0.138077	
854	1.000408	-0.000276	-0.131207	0.000276	1.000408	-0.065464	
855	1.000374	-0.000105	-0.206795	0.000105	1.000374	-0.036488	
856	1.000389	-0.000175	-0.207014	0.000175	1.000389	-0.039987	
857	1.000040	-0.000165	0.254586	0.000165	1.000040	0.250435	
858	1.000361	-0.000040	-0.360967	0.000040	1.000361	0.182686	
859	1.000212	-0.000065	-0.186455	0.000065	1.000212	0.386047	
860	1.000223	-0.000030	-0.200649	0.000030	1.000223	0.381185	
861	1.000242	-0.000034	-0.268026	0.000034	1.000242	0.356319	
862	1.000117	-0.000012	-0.099666	0.000012	1.000117	0.273556	
863	1.000221	-0.000090	-0.063066	0.000090	1.000221	0.001077	
864	1.000233	-0.000027	-0.061762	0.000027	1.000233	-0.142342	
865	1.000279	0.000006	-0.158019	-0.000006	1.000279	-0.182023	
866	1.000279	-0.000011	-0.197679	0.000011	1.000279	-0.239765	
867	1.000381	-0.000012	-0.108311	0.000012	1.000381	-0.296776	
868	1.000304	-0.000062	-0.116686	0.000062	1.000304	0.009479	
869	1.000257	-0.000015	-0.091752	0.000015	1.000257	0.052061	
870	1.000216	-0.000052	-0.061843	0.000052	1.000216	0.133215	
871	1.000209	-0.000039	-0.117197	0.000039	1.000209	0.038083	
872	1.000303	-0.000080	0.075300	0.000080	1.000303	0.001473	
873	1.000202	0.000086	-0.113610	-0.000086	1.000202	-0.020753	
874	1.000091	0.000071	-0.028568	-0.000071	1.000091	-0.064182	
875	1.000237	0.000042	-0.152728	-0.000042	1.000237	-0.240198	
876	1.000162	-0.000036	-0.046263	0.000036	1.000162	-0.138439	
877	1.000299	-0.000034	-0.034049	0.000034	1.000299	-0.115333	
878	1.000292	-0.000006	-0.193066	0.000006	1.000292	-0.160382	
879	1.000317	-0.000027	-0.208494	0.000027	1.000317	-0.280105	
880	1.000280	0.000104	-0.231128	-0.000104	1.000280	-0.414667	
881	1.000035	0.000148	0.010322	-0.000148	1.000035	-0.418673	
882	0.998382	0.000181	1.158363	-0.000181	0.998382	-0.563694	
883	0.998795	0.000134	0.682960	-0.000134	0.998795	-0.150884	
884	0.997205	0.000103	1.942524	-0.000103	0.997205	0.537827	
885	0.997245	0.000138	2.007236	-0.000138	0.997245	0.503602	
886	0.998525	0.000211	1.081572	-0.000211	0.998525	0.133023	
887	0.994212	0.000202	4.040760	-0.000202	0.994212	1.063448	
888	0.996391	0.000363	2.412254	-0.000363	0.996391	0.807577	
889	0.997572	0.000226	1.731301	-0.000226	0.997572	0.338445	
890	0.996587	0.000271	2.255237	-0.000271	0.996587	0.674146	
891	0.995120	0.000188	3.160240	-0.000188	0.995120	1.209923	
892	0.994999	-0.000051	3.571158	0.000051	0.994999	0.336050	
893	0.998747	0.000050	0.877426	-0.000050	0.998747	-0.255883	
894	0.996818	-0.000080	2.152535	0.000080	0.996818	0.484563	
895	0.996140	0.000027	2.536537	-0.000027	0.996140	0.790071	
896	0.997816	0.000134	1.445743	-0.000134	0.997816	0.176048	
897	0.999445	0.000061	0.408593	-0.000061	0.999445	-1.178855	
898	0.999220	0.000250	0.558347	-0.000250	0.999220	-0.263759	
899	0.999585	0.000144	0.468461	-0.000144	0.999585	-0.446970	
900	1.000039	0.000199	0.122843	-0.000199	1.000039	-0.558163	
901	1.000176	0.000069	-0.003011	-0.000069	1.000176	-0.654148	
902	0.999745	0.000004	0.347453	-0.000004	0.999745	-0.912204	
903	1.000236	-0.000102	0.124430	0.000102	1.000236	-0.725603	
904	1.000285	-0.000045	-0.104215	0.000045	1.000285	-0.695382	
905	1.000243	0.000009	-0.116821	-0.000009	1.000243	-0.663783	
906	1.000059	0.000006	0.026730	-0.000006	1.000059	-0.555272	
907	0.999790	0.000102	0.411575	-0.000102	0.999790	-0.883401	
908	0.999979	-0.000003	0.088665	0.000003	0.999979	-0.483454	
909	0.999881	-0.000050	0.132964	0.000050	0.999881	-0.497652	
910	0.999772	-0.000078	0.261057	0.000078	0.999772	-0.452581	
911	0.999826	-0.000056	0.291035	0.000056	0.999826	-0.396665	
912	0.999845	-0.000199	0.549924	0.000199	0.999845	-0.901589	
913	1.000256	-0.000150	0.091387	0.000150	1.000256	-0.591934	
914	1.000265	-0.000089	0.092324	0.000089	1.000265	-0.564441	
915	1.000188	-0.000088	0.258911	0.000088	1.000188	-0.498296	
916	0.999882	-0.000141	0.472397	0.000141	0.999882	-0.296071	
917	0.999412	-0.000495	1.660293	0.000495	0.999412	-0.727704	
918	1.000111	-0.000291	0.566208	0.000291	1.000111	-0.520836	
919	0.999740	-0.000330	0.864693	0.000330	0.999740	-0.439877	
920	0.999027	-0.000320	1.337640	0.000320	0.999027	-0.107243	
921	0.998203	-0.000279	1.937183	0.000279	0.998203	0.261651	
922	0.996878	-0.000505	3.705841	0.000505	0.996878	0.358201	
923	0.999077	-0.000349	1.493866	0.000349	0.999077	-0.126212	
924	0.998582	-0.000310	1.872965	0.000310	0.998582	0.131926	
925	0.998583	-0.000350	1.894659	0.000350	0.998583	0.060337	
926	0.998978	-0.000387	1.621226	0.000387	0.998978	-0.099845	
927	0.998634	-0.000690	2.736373	0.000690	0.998634	-0.493804	
928	0.999166	-0.000355	1.517503	0.000355	0.999166	-0.178649	
929	0.998936	-0.000288	1.604760	0.000288	0.998936	-0.042529	
930	0.999189	-0.000308	1.401601	0.000308	0.999189	-0.139998	
931	0.999569	-0.000319	1.203462	0.000319	0.999569	-0.277640	
932	0.998414	-0.000639	3.074885	0.000639	0.998414	-0.331898	
933	0.999231	-0.000372	1.414727	0.000372	0.999231	-0.204754	
934	0.999238	-0.000317	1.468546	0.000317	0.999238	-0.195884	
935	0.999579	-0.000297	1.236415	0.000297	0.999579	-0.313595	
936	0.999846	-0.000300	1.066294	0.000300	0.999846	-0.411755	
937	0.998518	-0.000440	3.066504	0.000440	0.998518	-0.290394	
938	0.999693	-0.000197	1.180131	0.000197	0.999693	-0.337693	
939	1.000013	-0.000284	1.004663	0.000284	1.000013	-0.551051	
940	0.999633	-0.000213	1.276762	0.000213	0.999633	-0.370173	
941	0.999307	-0.000290	1.491097	0.000290	0.999307	-0.254630	
942	0.999476	-0.000550	2.354230	0.000550	0.999476	-0.703420	
943	0.999724	-0.000242	1.153217	0.000242	0.999724	-0.332612	
944	0.999623	-0.000325	1.216326	0.000325	0.999623	-0.371456	
945	0.999647	-0.000299	1.157777	0.000299	0.999647	-0.360625	
946	0.999590	-0.000321	1.152661	0.000321	0.999590	-0.350630	
947	0.999568	-0.000617	2.082395	0.000617	0.999568	-0.862094	
948	0.999888	-0.000204	0.835319	0.000204	0.999888	-0.421964	
949	0.999676	-0.000206	0.964110	0.000206	0.999676	-0.405685	
950	0.999671	-0.000302	0.893512	0.000302	0.999671	-0.456383	
