0	1.000000	0.000000	0.000000	0.000000	1.000000	0.000000	
1	1.000000	-0.000000	0.000000	0.000000	1.000000	0.000000	
2	1.001557	0.002126	-28.338854	-0.002126	1.001557	-0.106349	
3	1.000729	0.001426	-14.303771	-0.001426	1.000729	0.280825	
4	1.000734	0.000992	-14.206461	-0.000992	1.000734	-0.034861	
5	1.000342	0.000986	-14.141037	-0.000986	1.000342	0.184861	
6	1.000369	0.000697	-14.281447	-0.000697	1.000369	0.000259	
7	0.998756	0.001708	-28.307925	-0.001708	0.998756	1.023325	
8	0.998966	0.001286	-14.086576	-0.001286	0.998966	1.035109	
9	0.998353	0.001084	-14.038032	-0.001084	0.998353	0.966337	
10	0.998881	0.001028	-14.855595	-0.001028	0.998881	0.831014	
11	0.998963	0.000807	-15.225459	-0.000807	0.998963	0.922649	
12	0.997421	0.001912	-31.927677	-0.001912	0.997421	3.134021	
13	0.999704	0.000892	-17.143715	-0.000892	0.999704	1.127772	
14	1.000539	0.001262	-17.847815	-0.001262	1.000539	0.692550	
15	1.000539	0.001552	-18.278256	-0.001552	1.000539	0.699293	
16	1.000127	0.001338	-18.126797	-0.001338	1.000127	0.751228	
17	0.997799	0.003143	-36.334081	-0.003143	0.997799	2.775523	
18	1.001361	0.001284	-18.943764	-0.001284	1.001361	0.325827	
19	0.999834	0.000824	-18.225641	-0.000824	0.999834	0.660776	
20	0.999711	0.000988	-18.503087	-0.000988	0.999711	0.998936	
21	1.000108	0.000985	-18.629249	-0.000985	1.000108	0.781509	
22	0.997871	0.002823	-36.334997	-0.002823	0.997871	2.304636	
23	0.999781	0.001185	-18.103903	-0.001185	0.999781	0.593757	
24	1.002294	0.001073	-18.979993	-0.001073	1.002294	-0.382535	
25	1.002930	0.000651	-18.915847	-0.000651	1.002930	-0.744516	
26	1.000922	0.000654	-18.157201	-0.000654	1.000922	0.053994	
27	1.000020	0.002054	-35.462625	-0.002054	1.000020	1.760585	
28	1.002523	-0.000147	-17.325522	0.000147	1.002523	-0.706174	
29	1.002198	-0.000081	-16.908377	0.000081	1.002198	-0.742186	
30	1.003702	-0.000129	-16.761134	0.000129	1.003702	-1.371366	
31	1.004046	0.000178	-17.005848	-0.000178	1.004046	-1.312819	
32	0.998738	0.002450	-32.564312	-0.002450	0.998738	1.853481	
33	1.001032	0.000671	-15.645321	-0.000671	1.001032	0.139467	
34	1.002162	0.000904	-16.170864	-0.000904	1.002162	-0.315791	
35	1.000405	0.001210	-15.687087	-0.001210	1.000405	0.544278	
36	1.001040	0.000904	-15.798019	-0.000904	1.001040	0.041228	
37	0.999622	0.001797	-30.612329	-0.001797	0.999622	1.600119	
38	1.001019	0.000786	-14.780984	-0.000786	1.001019	0.226280	
39	0.999878	0.000760	-14.007021	-0.000760	0.999878	0.844504	
40	1.001300	0.000753	-14.329321	-0.000753	1.001300	0.239281	
41	1.001831	0.000441	-14.034472	-0.000441	1.001831	0.063397	
42	1.000837	0.002114	-26.802396	-0.002114	1.000837	2.534591	
43	1.001981	0.000402	-12.705774	-0.000402	1.001981	0.571706	
44	1.001827	0.000605	-12.396926	-0.000605	1.001827	0.278237	
45	1.001818	0.000204	-11.618525	-0.000204	1.001818	-0.394671	
46	1.007706	0.001135	-13.133956	-0.001135	1.007706	-2.014576	
47	1.001106	0.001489	-21.727595	-0.001489	1.001106	0.263356	
48	1.000727	0.000746	-10.431014	-0.000746	1.000727	-0.120972	
49	1.006674	0.002279	-11.929033	-0.002279	1.006674	-0.827015	
50	1.007305	0.001887	-11.201161	-0.001887	1.007305	-1.070752	
51	1.004657	0.002061	-11.001750	-0.002061	1.004657	0.265083	
52	1.000729	0.000830	-19.155347	-0.000830	1.000729	2.265669	
53	1.007447	0.002064	-11.639823	-0.002064	1.007447	-0.956089	
54	1.000540	0.000195	-9.193859	-0.000195	1.000540	0.807810	
55	1.001622	-0.000280	-9.572305	0.000280	1.001622	-0.047652	
56	1.002926	0.000682	-10.378169	-0.000682	1.002926	-0.092962	
57	0.997850	0.001339	-18.273966	-0.001339	0.997850	2.927335	
58	0.998670	0.000122	-8.475459	-0.000122	0.998670	1.114322	
59	0.998402	0.000084	-7.992684	-0.000084	0.998402	1.014397	
60	0.998048	0.000230	-7.449164	-0.000230	0.998048	1.090581	
61	1.001881	0.001682	-8.617065	-0.001682	1.001881	0.282642	
62	0.996909	0.000671	-15.586451	-0.000671	0.996909	0.505245	
63	0.997518	0.000148	-7.203721	-0.000148	0.997518	0.432078	
64	0.997521	0.000259	-7.532786	-0.000259	0.997521	0.608772	
65	0.997581	0.000368	-7.910839	-0.000368	0.997581	0.821445	
66	0.996704	0.000342	-7.581093	-0.000342	0.996704	1.041225	
67	0.993165	0.001104	-17.500000	-0.001104	0.993165	2.723196	
68	0.997171	0.000450	-8.293743	-0.000450	0.997171	1.278135	
69	0.997287	0.000423	-8.137997	-0.000423	0.997287	1.249784	
70	0.996934	0.000340	-8.102518	-0.000340	0.996934	1.426388	
71	0.997277	0.000116	-8.055123	-0.000116	0.997277	1.065222	
72	0.993208	0.001063	-15.916682	-0.001063	0.993208	3.234614	
73	0.997080	0.000291	-7.525337	-0.000291	0.997080	1.092549	
74	0.997372	0.000192	-7.420454	-0.000192	0.997372	0.956791	
75	1.000773	0.000403	-7.962180	-0.000403	1.000773	0.057488	
76	0.998759	0.000514	-7.853127	-0.000514	0.998759	0.987865	
77	0.998195	0.000883	-14.894894	-0.000883	0.998195	1.915149	
78	1.001468	0.001380	-6.810369	-0.001380	1.001468	0.749454	
79	0.999306	-0.000090	-5.066852	0.000090	0.999306	0.288617	
80	1.002385	0.000823	-5.419758	-0.000823	1.002385	-0.300574	
81	1.000542	0.000679	-4.439434	-0.000679	1.000542	0.459134	
82	0.997583	0.000460	-6.194719	-0.000460	0.997583	1.704707	
83	0.999453	0.000360	-1.862613	-0.000360	0.999453	0.519858	
84	0.999364	0.000294	-1.304130	-0.000294	0.999364	0.411548	
85	0.999399	0.000207	-1.260696	-0.000207	0.999399	0.321137	
86	0.999073	0.000330	-0.715683	-0.000330	0.999073	0.547641	
87	0.998706	0.000597	-1.749118	-0.000597	0.998706	1.283830	
88	0.998850	0.000120	0.147034	-0.000120	0.998850	0.636060	
89	0.998875	0.000229	0.146457	-0.000229	0.998875	0.832778	
90	0.999081	0.000142	0.033408	-0.000142	0.999081	0.827110	
91	0.998902	0.000004	0.453992	-0.000004	0.998902	0.777785	
92	0.999066	0.000593	-0.153169	-0.000593	0.999066	2.174552	
93	0.999512	0.000290	0.065002	-0.000290	0.999512	1.225646	
94	0.999587	0.000306	-0.055052	-0.000306	0.999587	1.235760	
95	0.999531	0.000302	-0.113041	-0.000302	0.999531	1.270667	
96	0.999629	0.000258	-0.262042	-0.000258	0.999629	1.071889	
97	1.000036	0.000890	-1.771349	-0.000890	1.000036	2.555581	
98	0.999787	0.000455	-0.610306	-0.000455	0.999787	1.332975	
99	0.999784	0.000379	-0.548547	-0.000379	0.999784	1.220943	
100	0.999802	0.000368	-0.518163	-0.000368	0.999802	1.305518	
101	1.000027	0.000327	-0.523620	-0.000327	1.000027	1.156512	
102	1.001302	0.000571	-1.263924	-0.000571	1.001302	1.851106	
103	1.000711	0.000122	-0.420258	-0.000122	1.000711	0.779383	
104	1.000970	0.000090	-0.562720	-0.000090	1.000970	0.652562	
105	1.001008	0.000143	-0.405399	-0.000143	1.001008	0.639101	
106	1.001182	0.000128	-0.530598	-0.000128	1.001182	0.622026	
107	1.002688	0.000382	-1.201946	-0.000382	1.002688	1.238491	
108	1.001262	0.000205	-0.380406	-0.000205	1.001262	0.747536	
109	1.001140	0.000184	-0.130905	-0.000184	1.001140	0.737835	
110	1.001120	0.000091	0.155537	-0.000091	1.001120	0.488994	
111	1.001101	0.000038	0.426393	-0.000038	1.001101	0.226488	
112	1.002812	-0.000220	1.360816	0.000220	1.002812	-0.262110	
113	1.000705	-0.000277	2.041059	0.000277	1.000705	-0.249834	
114	1.000754	-0.000351	2.119921	0.000351	1.000754	-0.390867	
115	1.000618	-0.000417	2.445134	0.000417	1.000618	-0.246175	
116	1.000459	-0.000419	2.575535	0.000419	1.000459	-0.200065	
117	1.001060	-0.000804	3.470439	0.000804	1.001060	-0.739472	
118	1.001060	-0.000089	0.168302	0.000089	1.001060	-0.416836	
119	1.001093	0.000053	-0.638723	-0.000053	1.001093	-0.319099	
120	1.001410	0.000220	-1.745699	-0.000220	1.001410	-0.333921	
121	1.001552	0.000295	-2.388587	-0.000295	1.001552	-0.259284	
122	1.003289	0.000965	-5.783169	-0.000965	1.003289	0.433984	
123	1.001622	0.000691	-3.287543	-0.000691	1.001622	0.857009	
124	1.001709	0.000863	-3.736134	-0.000863	1.001709	1.227751	
125	1.001823	0.000977	-4.228284	-0.000977	1.001823	1.444277	
126	1.002142	0.001144	-4.908386	-0.001144	1.002142	1.596116	
127	1.003387	0.000847	-10.203298	-0.000847	1.003387	3.088645	
128	1.002493	0.001277	-5.824655	-0.001277	1.002493	1.466572	
129	1.002520	0.001378	-5.904414	-0.001378	1.002520	1.426681	
130	1.002476	0.001332	-5.947755	-0.001332	1.002476	1.446871	
131	1.002696	0.001438	-6.140278	-0.001438	1.002696	1.524351	
132	1.004843	0.000801	-12.168325	-0.000801	1.004843	2.846166	
133	1.002983	0.001482	-6.233582	-0.001482	1.002983	1.601234	
134	1.002862	0.001426	-6.064075	-0.001426	1.002862	1.634742	
135	1.003031	0.001466	-6.238129	-0.001466	1.003031	1.605308	
136	1.002546	0.001402	-5.423887	-0.001402	1.002546	1.595448	
137	1.005832	0.000519	-11.467490	-0.000519	1.005832	1.864833	
138	1.002376	0.001422	-4.887596	-0.001422	1.002376	1.529340	
139	1.002490	0.001456	-5.046985	-0.001456	1.002490	1.585887	
140	1.002955	0.001238	-5.634434	-0.001238	1.002955	1.183148	
141	1.003013	0.001304	-5.615170	-0.001304	1.003013	1.315384	
142	1.006114	0.001155	-11.039523	-0.001155	1.006114	1.860855	
143	1.003481	0.001072	-5.574487	-0.001072	1.003481	0.867607	
144	1.003762	0.001064	-5.317343	-0.001064	1.003762	0.708711	
145	1.003261	0.000743	-3.808421	-0.000743	1.003261	0.525625	
146	1.003308	0.000573	-3.244992	-0.000573	1.003308	0.309278	
147	1.006352	0.000190	-4.199471	-0.000190	1.006352	-0.764911	
148	1.002462	-0.000188	-0.448459	0.000188	1.002462	-0.711928	
149	1.002557	-0.000070	-0.140324	0.000070	1.002557	-0.755606	
150	1.002035	0.000135	0.407505	-0.000135	1.002035	-0.498521	
151	1.002756	-0.000270	-0.110593	0.000270	1.002756	-1.161546	
152	1.006473	-0.000224	-0.797698	0.000224	1.006473	-2.247688	
153	1.002227	0.000031	-0.450939	-0.000031	1.002227	-0.695183	
154	1.002033	0.000114	-0.983977	-0.000114	1.002033	-0.612433	
155	1.001660	0.000234	-1.515529	-0.000234	1.001660	-0.317927	
156	1.001032	0.000686	-1.681592	-0.000686	1.001032	0.487027	
157	1.000541	0.000650	-1.631677	-0.000650	1.000541	0.703017	
158	0.999905	0.001205	-2.565209	-0.001205	0.999905	1.958779	
159	0.999782	0.001028	-1.468709	-0.001028	0.999782	1.830402	
160	0.999645	0.000964	-1.322531	-0.000964	0.999645	1.958047	
161	0.999736	0.001098	-1.726635	-0.001098	0.999736	2.110622	
162	0.999246	0.001247	-1.129434	-0.001247	0.999246	2.325455	
163	1.000263	0.001433	-3.826806	-0.001433	1.000263	2.678141	
164	1.000133	0.000864	-1.704115	-0.000864	1.000133	1.296029	
165	1.000223	0.000628	-1.720608	-0.000628	1.000223	0.872670	
166	1.000081	0.000759	-1.331436	-0.000759	1.000081	1.247593	
167	0.999844	0.000516	-0.572009	-0.000516	0.999844	1.055674	
168	0.999727	0.000213	0.840724	-0.000213	0.999727	1.065525	
169	0.999489	-0.000092	1.132285	0.000092	0.999489	0.324218	
170	0.999543	-0.000166	1.253321	0.000166	0.999543	-0.026361	
171	0.999840	0.000024	0.776846	-0.000024	0.999840	-0.183852	
172	1.000171	-0.000195	0.542638	0.000195	1.000171	-0.731407	
173	0.999508	-0.000592	1.557182	0.000592	0.999508	-1.646821	
174	0.999709	-0.000389	0.834224	0.000389	0.999709	-0.798480	
175	0.999392	-0.000511	1.561509	0.000511	0.999392	-0.821484	
176	0.999355	-0.000503	1.729856	0.000503	0.999355	-0.789154	
177	0.999214	-0.000644	2.116014	0.000644	0.999214	-1.012843	
178	0.998016	-0.001724	5.967301	0.001724	0.998016	-2.451562	
179	0.999010	-0.000607	3.047453	0.000607	0.999010	-0.773690	
180	0.998948	-0.000630	3.183703	0.000630	0.998948	-0.457312	
181	0.998816	-0.000648	3.427561	0.000648	0.998816	-0.227532	
182	0.998499	-0.000780	4.010910	0.000780	0.998499	-0.158379	
183	0.996585	-0.001703	8.762892	0.001703	0.996585	-0.471753	
184	0.998310	-0.000799	4.061954	0.000799	0.998310	-0.122974	
185	0.998523	-0.000678	3.839564	0.000678	0.998523	-0.071990	
186	0.998469	-0.000556	3.650138	0.000556	0.998469	-0.015833	
187	0.998797	-0.000555	2.738184	0.000555	0.998797	-0.120555	
188	0.997039	-0.000775	4.376014	0.000775	0.997039	0.320139	
189	0.998815	-0.000128	1.149905	0.000128	0.998815	0.650528	
190	0.998893	0.000009	0.730644	-0.000009	0.998893	0.880384	
191	0.999221	-0.000053	0.342339	0.000053	0.999221	0.623077	
192	0.999429	-0.000065	0.244678	0.000065	0.999429	0.222293	
193	0.998399	-0.000449	1.704533	0.000449	0.998399	-0.141128	
194	0.998830	-0.000158	1.588698	0.000158	0.998830	0.300380	
195	0.999261	-0.000094	1.141902	0.000094	0.999261	0.392326	
196	0.999194	-0.000080	1.148031	0.000080	0.999194	0.360204	
197	0.999442	-0.000201	0.808441	0.000201	0.999442	0.167117	
198	0.998246	-0.000463	2.501365	0.000463	0.998246	0.177656	
199	0.999684	-0.000070	0.425898	0.000070	0.999684	0.143530	
200	0.999915	-0.000058	0.157901	0.000058	0.999915	-0.018801	
201	0.999743	-0.000083	0.297304	0.000083	0.999743	0.024502	
202	0.999615	-0.000247	0.427314	0.000247	0.999615	-0.122986	
203	0.999016	-0.000454	1.747290	0.000454	0.999016	-0.173998	
204	0.999858	-0.000273	0.709975	0.000273	0.999858	-0.219793	
205	0.999747	-0.000326	0.840786	0.000326	0.999747	-0.111672	
206	0.999728	-0.000418	0.979646	0.000418	0.999728	-0.006599	
207	0.999576	-0.000400	1.139256	0.000400	0.999576	0.122910	
208	0.999197	-0.000457	2.785725	0.000457	0.999197	0.503506	
209	0.999453	-0.000185	1.300704	0.000185	0.999453	0.558965	
210	0.999184	-0.000118	1.448993	0.000118	0.999184	0.812539	
211	0.999137	0.000012	1.244053	-0.000012	0.999137	1.224099	
212	0.999062	0.000187	1.042942	-0.000187	0.999062	1.909921	
213	0.999185	0.001224	-0.555088	-0.001224	0.999185	5.550480	
214	1.000255	0.001185	-1.364340	-0.001185	1.000255	3.564154	
215	1.000265	0.001263	-1.559373	-0.001263	1.000265	3.970784	
216	1.000310	0.001325	-1.812705	-0.001325	1.000310	4.267263	
217	1.000405	0.001214	-1.913833	-0.001214	1.000405	4.175990	
218	1.000746	0.000038	-3.854284	-0.000038	1.000746	7.178809	
219	1.000353	0.001202	-2.099516	-0.001202	1.000353	3.706748	
220	1.000328	0.001265	-2.280719	-0.001265	1.000328	3.499472	
221	1.000935	0.001178	-3.045612	-0.001178	1.000935	2.846899	
222	1.001991	0.000958	-3.878857	-0.000958	1.001991	2.081184	
223	1.006473	0.001838	-9.959621	-0.001838	1.006473	2.529611	
224	1.004722	0.001000	-6.494018	-0.001000	1.004722	0.498792	
225	1.005007	0.000804	-7.031938	-0.000804	1.005007	0.148862	
226	1.004992	0.000990	-7.000471	-0.000990	1.004992	0.356040	
227	1.004994	0.000938	-7.030095	-0.000938	1.004994	0.188898	
228	1.008594	0.002192	-13.073972	-0.002192	1.008594	1.051453	
229	1.004728	0.000985	-7.151232	-0.000985	1.004728	0.047169	
230	1.004519	0.000894	-6.902659	-0.000894	1.004519	-0.005698	
231	1.004712	0.000739	-7.291432	-0.000739	1.004712	-0.342722	
232	1.004673	0.000808	-7.162004	-0.000808	1.004673	-0.440173	
233	1.008803	0.001633	-13.804784	-0.001633	1.008803	-0.298031	
234	1.004972	0.000781	-7.493704	-0.000781	1.004972	-0.714073	
235	1.004839	0.000789	-7.378849	-0.000789	1.004839	-0.682092	
236	1.005213	0.000549	-7.802610	-0.000549	1.005213	-1.015046	
237	1.005370	0.000713	-8.164628	-0.000713	1.005370	-1.013093	
238	1.009266	0.001630	-14.028737	-0.001630	1.009266	-1.260324	
239	1.005028	0.000741	-7.385428	-0.000741	1.005028	-1.039811	
240	1.004686	0.000681	-6.948111	-0.000681	1.004686	-1.163609	
241	1.004727	0.000520	-6.732294	-0.000520	1.004727	-1.607631	
242	1.004607	0.000518	-6.350846	-0.000518	1.004607	-1.534302	
243	1.008446	0.000583	-10.769571	-0.000583	1.008446	-3.068461	
244	1.003813	-0.000021	-4.325987	0.000021	1.003813	-1.805609	
245	1.003842	-0.000143	-3.756475	0.000143	1.003842	-1.919022	
246	1.003659	-0.000261	-3.047533	0.000261	1.003659	-2.068102	
247	1.003559	-0.000489	-2.405271	0.000489	1.003559	-2.325912	
248	1.007969	-0.001577	-3.907577	0.001577	1.007969	-6.438105	
249	1.003365	-0.001171	-1.005849	0.001171	1.003365	-3.516876	
250	1.003214	-0.001379	-0.449031	0.001379	1.003214	-3.815331	
251	1.003305	-0.001581	-0.040200	0.001581	1.003305	-4.158748	
252	1.003423	-0.001729	0.442448	0.001729	1.003423	-4.484015	
253	1.008814	-0.000509	3.710498	0.000509	1.008814	-7.588851	
254	1.003433	-0.000576	3.715429	0.000576	1.003433	-4.159713	
255	1.000400	-0.000681	6.640069	0.000681	1.000400	-3.432871	
256	1.000479	-0.000608	7.662180	0.000608	1.000479	-3.612911	
257	0.997973	-0.002585	10.097213	0.002585	0.997973	-4.624809	
258	1.000688	-0.000673	20.730655	0.000673	1.000688	-8.717986	
259	1.000752	-0.001354	10.771739	0.001354	1.000752	-5.717438	
260	1.000407	-0.001198	11.888133	0.001198	1.000407	-5.746779	
261	0.999872	-0.001180	12.457224	0.001180	0.999872	-5.834033	
262	1.000177	-0.000929	12.280898	0.000929	1.000177	-5.891493	
263	0.999832	-0.001276	26.416993	0.001276	0.999832	-11.489668	
264	0.998743	-0.001082	13.699795	0.001082	0.998743	-5.317426	
265	0.999468	-0.000982	13.448909	0.000982	0.999468	-4.947805	
266	1.000011	-0.001010	12.973864	0.001010	1.000011	-4.593314	
267	0.999009	-0.000825	13.822055	0.000825	0.999009	-3.756696	
268	0.998147	-0.001272	28.705287	0.001272	0.998147	-5.720388	
269	0.997438	-0.000771	15.586188	0.000771	0.997438	-2.093607	
270	0.997212	-0.000835	16.073918	0.000835	0.997212	-1.751626	
271	0.997119	-0.000893	15.995182	0.000893	0.997119	-1.565101	
272	0.996961	-0.000964	16.450454	0.000964	0.996961	-1.590137	
273	0.994729	-0.001266	34.177954	0.001266	0.994729	-3.201378	
274	0.996658	-0.001084	17.322887	0.001084	0.996658	-1.640141	
275	0.996985	-0.000764	17.455301	0.000764	0.996985	-1.685739	
276	0.996702	-0.001187	17.830132	0.001187	0.996702	-1.724753	
277	0.996203	-0.000818	17.954177	0.000818	0.996203	-1.344278	
278	0.992975	-0.001360	35.518425	0.001360	0.992975	-2.799182	
279	0.995658	-0.000786	17.875582	0.000786	0.995658	-0.989675	
280	0.996236	-0.001055	17.342420	0.001055	0.996236	-1.412813	
281	0.996122	-0.000957	17.398157	0.000957	0.996122	-1.181593	
282	0.995791	-0.001272	17.584823	0.001272	0.995791	-1.251841	
283	0.991507	-0.000979	34.921941	0.000979	0.991507	-1.716512	
284	0.995525	-0.001156	17.345552	0.001156	0.995525	-1.055287	
285	0.985712	-0.005478	20.061417	0.005478	0.985712	1.267441	
286	0.995617	-0.000714	17.503980	0.000714	0.995617	-0.560567	
287	0.985483	-0.005290	20.379788	0.005290	0.985483	2.337801	
288	0.992122	-0.001030	33.963075	0.001030	0.992122	-0.770313	
289	0.995410	-0.001084	17.417211	0.001084	0.995410	-0.414748	
290	0.995049	-0.001003	17.615436	0.001003	0.995049	-0.300983	
291	0.994567	-0.000890	17.656802	0.000890	0.994567	-0.124735	
292	0.994935	-0.001010	17.617326	0.001010	0.994935	-0.387481	
293	0.991552	-0.001624	35.566534	0.001624	0.991552	-1.345578	
294	0.995514	-0.000969	17.923793	0.000969	0.995514	-0.792768	
295	0.995224	-0.001024	18.251617	0.001024	0.995224	-0.825774	
296	0.995353	-0.000860	18.122745	0.000860	0.995353	-0.732054	
297	0.995347	-0.000638	18.186243	0.000638	0.995347	-0.579106	
298	0.991294	-0.001709	37.228628	0.001709	0.991294	-1.387738	
299	0.995545	-0.000988	18.703847	0.000988	0.995545	-0.515892	
300	0.995399	-0.001142	18.957961	0.001142	0.995399	-0.463079	
301	0.995735	-0.001052	18.880666	0.001052	0.995735	-0.480869	
302	0.995821	-0.001037	18.914145	0.001037	0.995821	-0.369804	
303	0.993003	-0.002305	37.354954	0.002305	0.993003	-1.270071	
304	0.995263	-0.001187	18.993381	0.001187	0.995263	-0.281408	
305	0.995780	-0.001022	18.881132	0.001022	0.995780	-0.432708	
306	0.996650	-0.001362	18.511542	0.001362	0.996650	-0.989695	
307	0.993838	-0.001385	19.386786	0.001385	0.993838	0.184967	
308	0.993313	-0.002178	36.790289	0.002178	0.993313	-1.452545	
309	0.996362	-0.001157	18.498835	0.001157	0.996362	-0.538063	
310	0.996124	-0.001300	18.733464	0.001300	0.996124	-0.590132	
311	0.996163	-0.001281	18.854073	0.001281	0.996163	-0.464418	
312	0.995971	-0.001005	18.941712	0.001005	0.995971	-0.039621	
313	0.992538	-0.002342	38.319184	0.002342	0.992538	-0.100404	
314	0.995655	-0.001106	19.225003	0.001106	0.995655	0.427772	
315	0.995732	-0.000796	19.020529	0.000796	0.995732	0.595597	
316	0.995893	-0.000924	18.494372	0.000924	0.995893	0.470174	
317	0.996580	-0.001101	17.863714	0.001101	0.996580	0.046619	
318	0.993513	-0.001998	35.052564	0.001998	0.993513	-0.319299	
319	0.996761	-0.001138	16.839556	0.001138	0.996761	-0.338245	
320	0.996696	-0.000983	16.421065	0.000983	0.996696	-0.365270	
321	0.996771	-0.000938	15.812732	0.000938	0.996771	-0.283556	
322	0.997342	-0.000781	14.938202	0.000781	0.997342	-0.364759	
323	0.993251	-0.002043	30.261113	0.002043	0.993251	-0.185113	
324	0.993030	-0.002217	16.127942	0.002217	0.993030	0.649691	
325	0.988813	-0.003563	17.140570	0.003563	0.988813	1.848939	
326	0.989626	-0.003953	16.910239	0.003953	0.989626	1.110746	
327	0.988836	-0.002428	15.205192	0.002428	0.988836	2.435861	
328	0.997444	-0.001002	12.561931	0.001002	0.997444	-0.126324	
329	0.996792	-0.001510	23.562214	0.001510	0.996792	-0.310644	
330	0.991068	-0.002236	13.642284	0.002236	0.991068	1.662588	
331	0.997440	-0.001226	11.539956	0.001226	0.997440	-0.141652	
332	0.998907	-0.000587	10.417778	0.000587	0.998907	-0.270497	
333	0.999500	-0.000785	10.501703	0.000785	0.999500	-0.406288	
334	0.999110	-0.001684	21.831288	0.001684	0.999110	-0.560546	
335	0.991140	-0.002686	12.993068	0.002686	0.991140	0.893752	
336	0.990756	-0.004922	14.598272	0.004922	0.990756	-0.441560	
337	1.000101	-0.000930	11.253048	0.000930	1.000101	-0.934857	
338	0.990888	-0.003540	12.977434	0.003540	0.990888	0.681541	
339	0.999213	-0.001571	24.702780	0.001571	0.999213	-0.917504	
340	1.000266	-0.000977	11.830016	0.000977	1.000266	-0.742721	
341	1.000205	-0.001038	12.067221	0.001038	1.000205	-0.779749	
342	1.000410	-0.000920	12.145456	0.000920	1.000410	-0.837045	
343	0.989667	-0.006603	15.492561	0.006603	0.989667	-1.583823	
344	0.999587	-0.001820	27.795764	0.001820	0.999587	-1.786718	
345	1.001013	-0.000628	11.400984	0.000628	1.001013	-1.392249	
346	0.999960	-0.000901	11.710292	0.000901	0.999960	-1.278552	
347	0.991449	-0.004492	14.070899	0.004492	0.991449	-0.778669	
348	0.992520	-0.003811	11.175476	0.003811	0.992520	-0.467921	
349	1.000234	-0.001162	18.129446	0.001162	1.000234	-0.213635	
350	0.999765	-0.000343	6.617448	0.000343	0.999765	0.088057	
351	0.996155	-0.000958	6.797702	0.000958	0.996155	0.816247	
352	0.998144	-0.001214	5.676377	0.001214	0.998144	-0.267943	
353	0.998442	-0.001230	5.018679	0.001230	0.998442	-0.473419	
354	1.000606	-0.000689	7.558446	0.000689	1.000606	-0.664806	
355	0.998571	-0.000538	2.563909	0.000538	0.998571	0.095185	
356	0.999415	-0.000509	2.347864	0.000509	0.999415	-0.188535	
357	1.000118	-0.000282	1.437286	0.000282	1.000118	-0.191848	
358	0.999534	-0.000106	1.909843	0.000106	0.999534	0.144639	
359	0.997717	-0.001357	6.711279	0.001357	0.997717	-0.285811	
360	0.998937	-0.000431	2.618435	0.000431	0.998937	0.270726	
361	0.999366	-0.000439	2.837645	0.000439	0.999366	0.175572	
362	0.999286	-0.000515	2.861318	0.000515	0.999286	0.081898	
363	0.998941	-0.000586	3.247158	0.000586	0.998941	0.148131	
364	0.998664	-0.000346	7.507770	0.000346	0.998664	1.448377	
365	0.998709	-0.000245	3.599675	0.000245	0.998709	1.341253	
366	0.998494	-0.000374	3.659139	0.000374	0.998494	1.329369	
367	0.998865	-0.000416	3.804794	0.000416	0.998865	1.330722	
368	0.999042	-0.000407	4.149383	0.000407	0.999042	1.195511	
369	1.003495	-0.000233	7.033825	0.000233	1.003495	1.355075	
370	0.999064	-0.000473	4.330957	0.000473	0.999064	0.832572	
371	0.999345	-0.000830	4.868892	0.000830	0.999345	0.357419	
372	1.000304	-0.000378	4.546129	0.000378	1.000304	0.301893	
373	0.999171	-0.000669	4.908961	0.000669	0.999171	0.264450	
374	1.003518	-0.000515	8.478566	0.000515	1.003518	-0.975385	
375	0.998628	-0.001527	5.385042	0.001527	0.998628	-0.792865	
376	0.999519	-0.000979	4.525152	0.000979	0.999519	-0.643135	
377	0.998856	-0.001182	4.690220	0.001182	0.998856	-0.617521	
378	0.998761	-0.000895	4.219544	0.000895	0.998761	-0.185856	
379	1.003168	-0.000570	7.822501	0.000570	1.003168	-1.856505	
380	0.999111	-0.000975	4.037845	0.000975	0.999111	-0.452051	
381	0.999403	-0.000891	4.197827	0.000891	0.999403	-0.498822	
382	0.999270	-0.000717	4.027031	0.000717	0.999270	-0.133168	
383	0.999767	-0.000749	3.540144	0.000749	0.999767	-0.113724	
384	1.003251	-0.000468	5.277046	0.000468	1.003251	-0.676585	
385	1.000194	-0.000619	2.487135	0.000619	1.000194	-0.367354	
386	1.000069	-0.000544	2.120537	0.000544	1.000069	-0.383873	
387	1.000519	-0.000574	1.662807	0.000574	1.000519	-0.592334	
388	1.000429	-0.000513	1.349661	0.000513	1.000429	-0.498802	
389	1.001547	-0.000780	2.467689	0.000780	1.001547	-0.922855	
390	1.000860	-0.000520	0.708621	0.000520	1.000860	-0.695885	
391	1.000767	-0.000385	0.292372	0.000385	1.000767	-0.445790	
392	1.000827	-0.000344	0.350124	0.000344	1.000827	-0.466180	
393	1.000812	-0.000208	0.102427	0.000208	1.000812	-0.376875	
394	1.000919	-0.000703	1.816023	0.000703	1.000919	-0.814399	
395	1.000584	-0.000216	0.435686	0.000216	1.000584	-0.265165	
396	1.000453	-0.000362	0.849804	0.000362	1.000453	-0.268712	
397	1.000496	-0.000425	0.968125	0.000425	1.000496	-0.389589	
398	1.000457	-0.000503	1.060923	0.000503	1.000457	-0.468256	
399	1.000545	-0.001043	3.466564	0.001043	1.000545	-1.097850	
400	1.000367	-0.000645	1.617887	0.000645	1.000367	-0.566208	
401	1.000232	-0.000712	1.799202	0.000712	1.000232	-0.552332	
402	1.000145	-0.000770	1.932822	0.000770	1.000145	-0.517613	
403	1.000255	-0.000687	1.816912	0.000687	1.000255	-0.449702	
404	1.000461	-0.001144	4.008486	0.001144	1.000461	-0.826795	
405	1.000679	-0.000626	1.460762	0.000626	1.000679	-0.666422	
406	1.000944	-0.000662	1.196000	0.000662	1.000944	-0.861243	
407	1.000846	-0.000589	1.189072	0.000589	1.000846	-0.735299	
408	1.000884	-0.000429	1.112632	0.000429	1.000884	-0.604661	
409	1.001499	-0.000864	2.275393	0.000864	1.001499	-1.215025	
410	1.000933	-0.000298	0.639335	0.000298	1.000933	-0.601484	
411	1.000982	-0.000182	0.432684	0.000182	1.000982	-0.610371	
412	1.001002	-0.000188	0.234564	0.000188	1.001002	-0.690228	
413	1.000998	-0.000216	0.289377	0.000216	1.000998	-0.772026	
414	1.002323	-0.000582	-0.143762	0.000582	1.002323	-1.743032	
415	1.001225	-0.000243	-0.361548	0.000243	1.001225	-0.879033	
416	1.001211	-0.000241	-0.438954	0.000241	1.001211	-0.749231	
417	1.001123	-0.000322	-0.389645	0.000322	1.001123	-0.744688	
418	1.001106	-0.000280	-0.477476	0.000280	1.001106	-0.714278	
419	1.002143	-0.000362	-0.821540	0.000362	1.002143	-1.392752	
420	1.001391	-0.000207	-0.613898	0.000207	1.001391	-0.869154	
421	1.001403	-0.000226	-0.622657	0.000226	1.001403	-1.040805	
422	1.001424	-0.000266	-0.471063	0.000266	1.001424	-1.271088	
423	1.001269	-0.000400	-0.317000	0.000400	1.001269	-1.500611	
424	1.002484	-0.000920	-0.283292	0.000920	1.002484	-3.224891	
425	1.001130	-0.000312	-0.231402	0.000312	1.001130	-1.318305	
426	1.000949	-0.000387	0.098288	0.000387	1.000949	-1.298997	
427	1.000896	-0.000370	0.075530	0.000370	1.000896	-1.127684	
428	1.000705	-0.000326	0.120321	0.000326	1.000705	-0.881381	
429	1.000974	-0.000563	0.609950	0.000563	1.000974	-1.043664	
430	1.000185	-0.000201	0.568918	0.000201	1.000185	-0.285822	
431	1.000212	-0.000275	0.516510	0.000275	1.000212	-0.446972	
432	1.000201	-0.000377	0.643512	0.000377	1.000201	-0.660744	
433	1.000392	-0.000382	0.432021	0.000382	1.000392	-0.834050	
434	1.000386	-0.000788	1.597255	0.000788	1.000386	-1.519622	
435	1.000255	-0.000337	0.742057	0.000337	1.000255	-0.668853	
436	1.000199	-0.000333	0.896950	0.000333	1.000199	-0.608992	
437	1.000198	-0.000177	0.855216	0.000177	1.000198	-0.225065	
438	1.000104	-0.000261	1.180215	0.000261	1.000104	-0.121713	
439	0.999679	-0.000382	2.554673	0.000382	0.999679	0.320405	
440	1.000047	-0.000110	0.913540	0.000110	1.000047	0.190899	
441	1.000068	-0.000088	0.675541	0.000088	1.000068	0.156516	
442	1.000192	0.000039	0.328399	-0.000039	1.000192	0.199463	
443	1.000177	0.000050	0.109489	-0.000050	1.000177	0.195857	
444	1.000757	0.000231	-0.450121	-0.000231	1.000757	0.350107	
445	1.000472	0.000185	-0.485202	-0.000185	1.000472	0.295455	
446	1.000341	0.000172	-0.365398	-0.000172	1.000341	0.394432	
447	1.000304	0.000174	-0.360210	-0.000174	1.000304	0.422331	
448	1.000265	0.000132	-0.278026	-0.000132	1.000265	0.329475	
449	1.000261	0.000182	-0.166464	-0.000182	1.000261	0.544372	
450	1.000114	0.000040	-0.086214	-0.000040	1.000114	0.257471	
451	1.000061	0.000040	0.003956	-0.000040	1.000061	0.306357	
452	1.000073	0.000053	0.043902	-0.000053	1.000073	0.399496	
453	0.999914	-0.000003	0.321394	0.000003	0.999914	0.439619	
454	0.999599	0.000058	1.276300	-0.000058	0.999599	0.973589	
455	0.999648	-0.000005	0.825758	0.000005	0.999648	0.736607	
456	0.999571	0.000113	1.101002	-0.000113	0.999571	0.840931	
457	0.999682	0.000107	0.962081	-0.000107	0.999682	0.777325	
458	0.999550	-0.000015	1.327951	0.000015	0.999550	0.775150	
459	0.998687	-0.000056	3.508276	0.000056	0.998687	1.438725	
460	0.999359	-0.000057	1.751159	0.000057	0.999359	0.713901	
461	0.999308	-0.000031	1.898360	0.000031	0.999308	0.765579	
462	0.999452	-0.000031	1.701542	0.000031	0.999452	0.723813	
463	0.999403	-0.000006	1.788333	0.000006	0.999403	0.727911	
464	0.998242	-0.000012	4.412438	0.000012	0.998242	1.758666	
465	0.999182	-0.000029	2.073692	0.000029	0.999182	0.894388	
466	0.999208	-0.000025	1.973837	0.000025	0.999208	0.920586	
467	0.999323	-0.000051	1.817870	0.000051	0.999323	0.962398	
468	0.998924	0.000059	2.270897	-0.000059	0.998924	1.249118	
469	0.998287	0.000109	3.920299	-0.000109	0.998287	2.492820	
470	0.998975	-0.000025	2.122153	0.000025	0.998975	1.225657	
471	0.999140	-0.000066	1.913725	0.000066	0.999140	1.074181	
472	0.998963	-0.000020	2.048976	0.000020	0.998963	1.107092	
473	0.998833	-0.000019	2.126912	0.000019	0.998833	1.014560	
474	0.997129	-0.000009	4.880106	0.000009	0.997129	2.147005	
475	0.998261	-0.000008	2.416778	0.000008	0.998261	1.089891	
476	0.998254	-0.000095	2.396922	0.000095	0.998254	0.921454	
477	0.998200	-0.000088	2.419850	0.000088	0.998200	0.949771	
478	0.998292	-0.000063	2.391828	0.000063	0.998292	0.884796	
479	0.996329	-0.000149	5.405452	0.000149	0.996329	1.879494	
480	0.997986	-0.000020	2.827421	0.000020	0.997986	1.060799	
481	0.998007	-0.000113	2.966576	0.000113	0.998007	0.890674	
482	0.998051	-0.000237	2.995569	0.000237	0.998051	0.712105	
483	0.997916	-0.000290	3.369852	0.000290	0.997916	0.643986	
484	0.996049	-0.000716	6.580556	0.000716	0.996049	1.020823	
485	0.997801	-0.000581	3.717624	0.000581	0.997801	0.364130	
486	0.997510	-0.000520	4.102473	0.000520	0.997510	0.487480	
487	0.997597	-0.000517	4.065202	0.000517	0.997597	0.489011	
488	0.997361	-0.000564	4.297298	0.000564	0.997361	0.516799	
489	0.994918	-0.000868	8.354553	0.000868	0.994918	1.192532	
490	0.997377	-0.000468	4.269074	0.000468	0.997377	0.612093	
491	0.997392	-0.000472	4.278869	0.000472	0.997392	0.542956	
492	0.997363	-0.000487	4.190752	0.000487	0.997363	0.508982	
493	0.997420	-0.000441	4.025549	0.000441	0.997420	0.564691	
494	0.997376	-0.000488	4.038906	0.000488	0.997376	0.522629	
495	0.994988	-0.001072	7.623381	0.001072	0.994988	0.921837	
496	0.997504	-0.000568	3.576248	0.000568	0.997504	0.399474	
497	0.997510	-0.000592	3.503095	0.000592	0.997510	0.394229	
498	0.997635	-0.000526	3.257921	0.000526	0.997635	0.387780	
499	0.997600	-0.000563	3.084428	0.000563	0.997600	0.356881	
500	0.996196	-0.000552	4.762647	0.000552	0.996196	0.985481	
501	0.998583	-0.000241	1.526815	0.000241	0.998583	0.437402	
502	0.999084	-0.000051	0.844982	0.000051	0.999084	0.574525	
503	0.999541	0.000117	0.296405	-0.000117	0.999541	0.693240	
504	0.999647	0.000199	0.182719	-0.000199	0.999647	0.748368	
505	0.999285	0.000330	0.387349	-0.000330	0.999285	1.418483	
506	0.999560	0.000110	0.279846	-0.000110	0.999560	0.513470	
507	0.999555	0.000154	0.405083	-0.000154	0.999555	0.489308	
508	0.999554	0.000112	0.424093	-0.000112	0.999554	0.485118	
509	0.999544	0.000005	0.464457	-0.000005	0.999544	0.411346	
510	0.999332	0.000143	0.497842	-0.000143	0.999332	1.019916	
511	0.999470	-0.000034	0.466260	0.000034	0.999470	0.643295	
512	0.999510	0.000018	0.364524	-0.000018	0.999510	0.735326	
513	0.999568	0.000022	0.193119	-0.000022	0.999568	0.794950	
514	0.999528	0.000046	0.216003	-0.000046	0.999528	0.895396	
515	0.999470	0.000433	-0.311764	-0.000433	0.999470	2.054680	
516	0.999632	0.000340	-0.067999	-0.000340	0.999632	1.202073	
517	0.999646	0.000495	-0.199178	-0.000495	0.999646	1.278924	
518	0.999724	0.000473	-0.346522	-0.000473	0.999724	1.145640	
519	0.999770	0.000508	-0.363957	-0.000508	0.999770	1.167012	
520	0.999943	0.000818	-0.795482	-0.000818	0.999943	1.661002	
521	0.999878	0.000293	-0.449768	-0.000293	0.999878	0.811278	
522	0.999903	0.000250	-0.446641	-0.000250	0.999903	0.651000	
523	0.999949	0.000238	-0.528443	-0.000238	0.999949	0.661802	
524	0.999891	0.000286	-0.397021	-0.000286	0.999891	0.714895	
525	1.000143	0.000779	-1.179271	-0.000779	1.000143	1.273910	
526	1.000120	0.000349	-0.846790	-0.000349	1.000120	0.613148	
527	1.000266	0.000399	-0.966151	-0.000399	1.000266	0.563860	
528	1.000244	0.000380	-0.905900	-0.000380	1.000244	0.558339	
529	1.000243	0.000448	-0.982145	-0.000448	1.000243	0.583422	
530	1.000830	0.000595	-2.205366	-0.000595	1.000830	1.026200	
531	1.000466	0.000317	-1.172855	-0.000317	1.000466	0.642884	
532	1.000379	0.000324	-1.069463	-0.000324	1.000379	0.762277	
533	1.000420	0.000265	-1.126828	-0.000265	1.000420	0.643745	
534	1.000411	0.000348	-1.231950	-0.000348	1.000411	0.657162	
535	1.001082	0.000700	-2.656076	-0.000700	1.001082	0.958054	
536	1.000585	0.000434	-1.377510	-0.000434	1.000585	0.504175	
537	1.000629	0.000526	-1.409760	-0.000526	1.000629	0.503689	
538	1.000547	0.000515	-1.321177	-0.000515	1.000547	0.469640	
539	1.000646	0.000386	-1.382114	-0.000386	1.000646	0.373289	
540	1.001401	0.000680	-2.536013	-0.000680	1.001401	0.606792	
541	1.000788	0.000261	-1.228081	-0.000261	1.000788	0.217386	
542	1.000766	0.000182	-1.081694	-0.000182	1.000766	0.220035	
543	1.000721	0.000074	-0.913358	-0.000074	1.000721	0.163826	
544	1.000514	0.000131	-0.573705	-0.000131	1.000514	0.296295	
545	1.000177	0.000193	0.120889	-0.000193	1.000177	0.756932	
546	1.000046	0.000139	0.189030	-0.000139	1.000046	0.334772	
547	0.999980	0.000014	0.307311	-0.000014	0.999980	0.210198	
548	1.000016	0.000023	0.313818	-0.000023	1.000016	0.207282	
549	0.999935	0.000029	0.320168	-0.000029	0.999935	0.203880	
550	0.999414	0.000002	1.014407	-0.000002	0.999414	0.516097	
551	0.999681	-0.000203	0.926965	0.000203	0.999681	0.277309	
552	0.999528	-0.000207	1.098153	0.000207	0.999528	0.265722	
553	0.999431	-0.000232	1.343456	0.000232	0.999431	0.234446	
554	0.999480	-0.000236	1.448495	0.000236	0.999480	0.129600	
555	0.999181	-0.000403	3.191334	0.000403	0.999181	0.140517	
556	1.000033	-0.000144	1.323744	0.000144	1.000033	-0.124011	
557	1.000246	-0.000160	1.174435	0.000160	1.000246	-0.211847	
558	1.000269	-0.000153	1.235638	0.000153	1.000269	-0.241176	
559	1.000258	-0.000160	1.288533	0.000160	1.000258	-0.183153	
560	1.000292	-0.000387	2.937754	0.000387	1.000292	0.036879	
561	1.000149	-0.000010	1.428641	0.000010	1.000149	0.435310	
562	1.000095	-0.000069	1.274749	0.000069	1.000095	0.516334	
563	0.999822	-0.000108	1.565990	0.000108	0.999822	0.692725	
564	0.999683	-0.000071	1.600617	0.000071	0.999683	0.789999	
565	0.999522	-0.000121	2.966440	0.000121	0.999522	1.230385	
566	0.999770	-0.000054	1.462353	0.000054	0.999770	0.467200	
567	0.999683	-0.000020	1.551707	0.000020	0.999683	0.419344	
568	0.999756	0.000026	1.454454	-0.000026	0.999756	0.438853	
569	1.000043	-0.000116	1.584324	0.000116	1.000043	0.352206	
570	0.999724	-0.000187	2.869753	0.000187	0.999724	0.812605	
571	0.999781	0.000111	1.238988	-0.000111	0.999781	0.667253	
572	0.999885	0.000087	1.166390	-0.000087	0.999885	0.699446	
573	0.999916	0.000127	1.074793	-0.000127	0.999916	0.777504	
574	1.000022	0.000123	0.903762	-0.000123	1.000022	0.759147	
575	1.000004	0.000155	2.081596	-0.000155	1.000004	1.554852	
576	0.999971	0.000147	1.000117	-0.000147	0.999971	0.894353	
577	0.999954	0.000119	1.169245	-0.000119	0.999954	0.848300	
578	0.999864	0.000043	1.163837	-0.000043	0.999864	0.785715	
579	0.999843	0.000061	1.139088	-0.000061	0.999843	0.747266	
580	0.999650	0.000010	2.008624	-0.000010	0.999650	1.416044	
581	0.999828	0.000253	0.466414	-0.000253	0.999828	0.984333	
582	0.999834	0.000196	0.357480	-0.000196	0.999834	0.906948	
583	0.999939	0.000170	0.134431	-0.000170	0.999939	0.830870	
584	0.999972	0.000217	-0.009596	-0.000217	0.999972	0.904572	
585	0.999921	0.000552	-0.104845	-0.000552	0.999921	1.751926	
586	0.999985	0.000171	0.137857	-0.000171	0.999985	1.009258	
587	1.000067	0.000190	-0.005222	-0.000190	1.000067	0.826242	
588	0.999981	0.000274	0.044987	-0.000274	0.999981	0.788917	
589	0.999986	0.000368	0.144721	-0.000368	0.999986	0.805981	
590	0.999582	0.000621	0.204795	-0.000621	0.999582	1.265667	
591	0.999523	0.000310	0.290311	-0.000310	0.999523	0.526535	
592	0.999093	0.000260	0.492609	-0.000260	0.999093	0.587784	
593	0.998854	0.000299	0.600245	-0.000299	0.998854	0.643626	
594	0.998660	0.000273	0.652077	-0.000273	0.998660	0.758050	
595	0.996908	0.000703	1.166689	-0.000703	0.996908	1.855132	
596	0.998436	0.000269	0.614514	-0.000269	0.998436	0.998662	
597	0.998401	0.000292	0.721832	-0.000292	0.998401	1.110754	
598	0.998393	0.000272	0.814477	-0.000272	0.998393	1.136753	
599	0.998359	0.000265	0.920926	-0.000265	0.998359	1.280792	
600	0.996861	0.000612	1.605806	-0.000612	0.996861	2.435643	
601	0.998121	0.000132	1.450010	-0.000132	0.998121	1.191829	
602	0.998398	0.000115	1.256466	-0.000115	0.998398	0.982527	
603	0.998264	0.000118	1.516146	-0.000118	0.998264	1.008334	
604	0.998252	0.000001	1.537457	-0.000001	0.998252	0.830345	
605	0.996723	0.000079	2.722567	-0.000079	0.996723	1.606478	
606	0.998670	0.000125	1.088201	-0.000125	0.998670	0.809803	
607	0.998859	0.000054	1.010136	-0.000054	0.998859	0.754382	
608	0.999169	0.000111	0.765109	-0.000111	0.999169	0.793226	
609	0.999477	0.000104	0.531727	-0.000104	0.999477	0.638446	
610	0.999599	0.000364	0.617134	-0.000364	0.999599	1.082015	
611	0.999796	0.000153	0.282061	-0.000153	0.999796	0.613816	
612	0.999868	0.000104	0.178717	-0.000104	0.999868	0.517190	
613	0.999816	0.000095	0.202264	-0.000095	0.999816	0.574432	
614	0.999886	0.000089	0.127293	-0.000089	0.999886	0.567971	
615	0.999743	0.000190	0.437811	-0.000190	0.999743	1.088699	
616	0.999839	-0.000011	0.299289	0.000011	0.999839	0.529572	
617	0.999781	-0.000009	0.350385	0.000009	0.999781	0.502150	
618	0.999746	-0.000015	0.308825	0.000015	0.999746	0.608392	
619	0.999688	-0.000142	0.372187	0.000142	0.999688	0.599992	
620	0.999608	0.000096	0.790036	-0.000096	0.999608	1.138906	
621	0.999618	-0.000167	0.494014	0.000167	0.999618	0.492364	
622	0.999618	-0.000203	0.589674	0.000203	0.999618	0.384149	
623	0.999568	-0.000138	0.642097	0.000138	0.999568	0.477287	
624	0.999518	-0.000105	0.681232	0.000105	0.999518	0.377919	
625	0.999502	-0.000068	1.279537	0.000068	0.999502	0.531101	
626	0.999591	-0.000042	0.787665	0.000042	0.999591	0.251772	
627	0.999709	-0.000088	0.697960	0.000088	0.999709	0.102727	
628	0.999694	-0.000116	0.729539	0.000116	0.999694	0.070769	
629	0.999838	-0.000113	0.720705	0.000113	0.999838	-0.030336	
630	0.999693	-0.000252	1.379903	0.000252	0.999693	-0.001461	
631	0.999886	-0.000149	0.625892	0.000149	0.999886	-0.031991	
632	0.999914	-0.000220	0.700536	0.000220	0.999914	-0.109429	
633	0.999852	-0.000195	0.704635	0.000195	0.999852	-0.096984	
634	0.999969	-0.000224	0.653768	0.000224	0.999969	-0.142424	
635	1.000050	-0.000363	1.005638	0.000363	1.000050	-0.383227	
636	0.999984	-0.000199	0.588741	0.000199	0.999984	-0.191516	
637	0.999979	-0.000248	0.644969	0.000248	0.999979	-0.208129	
638	1.000052	-0.000220	0.613065	0.000220	1.000052	-0.184465	
639	0.999975	-0.000298	0.633572	0.000298	0.999975	-0.187615	
640	0.999947	-0.000532	1.140827	0.000532	0.999947	-0.358383	
641	0.999972	-0.000248	0.636973	0.000248	0.999972	-0.175630	
642	0.999813	-0.000307	0.631486	0.000307	0.999813	-0.197857	
643	0.999916	-0.000223	0.693599	0.000223	0.999916	-0.216945	
644	0.999864	-0.000250	0.732777	0.000250	0.999864	-0.290894	
645	0.999910	-0.000478	1.657307	0.000478	0.999910	-0.494509	
646	0.999912	-0.000214	0.908876	0.000214	0.999912	-0.359832	
647	0.999801	-0.000288	1.161388	0.000288	0.999801	-0.382157	
648	0.999925	-0.000400	1.230685	0.000400	0.999925	-0.564743	
649	0.999848	-0.000430	1.425222	0.000430	0.999848	-0.578345	
650	0.999831	-0.000778	3.054864	0.000778	0.999831	-0.927584	
651	1.000092	-0.000343	1.483612	0.000343	1.000092	-0.308143	
652	0.999909	-0.000281	1.660787	0.000281	0.999909	-0.077333	
653	1.000033	-0.000326	1.624787	0.000326	1.000033	-0.163189	
654	1.000002	-0.000425	1.596985	0.000425	1.000002	-0.195845	
655	0.999857	-0.000800	3.359700	0.000800	0.999857	-0.548877	
656	0.999901	-0.000471	1.580378	0.000471	0.999901	-0.259590	
657	0.999979	-0.000488	1.337890	0.000488	0.999979	-0.281541	
658	0.999933	-0.000439	1.175625	0.000439	0.999933	-0.156352	
659	1.000060	-0.000407	1.129371	0.000407	1.000060	-0.140660	
660	1.000063	-0.000511	0.981734	0.000511	1.000063	-0.168724	
661	1.000622	-0.000674	1.489890	0.000674	1.000622	-0.583464	
662	1.000235	-0.000472	0.656938	0.000472	1.000235	-0.619425	
663	1.000273	-0.000439	0.654572	0.000439	1.000273	-0.773017	
664	1.000206	-0.000494	0.773543	0.000494	1.000206	-0.917738	
665	1.000115	-0.000599	0.845317	0.000599	1.000115	-1.122740	
666	0.999386	-0.001209	2.261512	0.001209	0.999386	-2.307406	
667	0.999600	-0.000826	1.035764	0.000826	0.999600	-1.369080	
668	0.999736	-0.000815	0.954882	0.000815	0.999736	-1.303936	
669	0.999691	-0.000681	0.904984	0.000681	0.999691	-0.987328	
670	0.999755	-0.000626	0.751057	0.000626	0.999755	-0.802968	
671	0.999652	-0.000804	1.311466	0.000804	0.999652	-1.302633	
672	0.999732	-0.000419	0.373414	0.000419	0.999732	-0.449007	
673	0.999861	-0.000309	0.002863	0.000309	0.999861	-0.320235	
674	0.999943	-0.000260	-0.174565	0.000260	0.999943	-0.215845	
675	0.999917	-0.000231	-0.194652	0.000231	0.999917	-0.161986	
676	1.000044	-0.000124	-0.180783	0.000124	1.000044	-0.088728	
677	0.999882	-0.000187	-0.148740	0.000187	0.999882	-0.133301	
678	0.999842	-0.000142	-0.100310	0.000142	0.999842	-0.081137	
679	0.999816	-0.000239	-0.056769	0.000239	0.999816	-0.068001	
680	0.999852	-0.000161	-0.031181	0.000161	0.999852	-0.085659	
681	0.999906	-0.000043	0.171281	0.000043	0.999906	0.004444	
682	0.999875	-0.000061	0.077348	0.000061	0.999875	0.020479	
683	0.999928	-0.000062	0.109042	0.000062	0.999928	0.069349	
684	0.999979	-0.000088	0.071474	0.000088	0.999979	0.083724	
685	0.999968	-0.000020	0.063506	0.000020	0.999968	0.216821	
686	0.999781	0.000007	0.234163	-0.000007	0.999781	0.259357	
687	0.999902	-0.000039	0.117922	0.000039	0.999902	0.293834	
688	0.999939	-0.000030	0.121456	0.000030	0.999939	0.238083	
689	1.000005	-0.000049	0.047273	0.000049	1.000005	0.079814	
690	1.000165	-0.000091	0.084309	0.000091	1.000165	0.047773	
691	1.000492	-0.000083	-0.114880	0.000083	1.000492	-0.003996	
692	1.000509	-0.000063	-0.257520	0.000063	1.000509	-0.351787	
693	1.000639	-0.000089	-0.325770	0.000089	1.000639	-0.492969	
694	1.000699	-0.000128	-0.459769	0.000128	1.000699	-0.428725	
695	1.000678	-0.000054	-0.593355	0.000054	1.000678	-0.318585	
696	1.001267	0.000031	-1.054457	-0.000031	1.001267	-0.231905	
697	1.000700	-0.000024	-0.644638	0.000024	1.000700	-0.142360	
698	1.000667	-0.000051	-0.569734	0.000051	1.000667	-0.213368	
699	1.000699	-0.000112	-0.499401	0.000112	1.000699	-0.335017	
700	1.000772	-0.000063	-0.583905	0.000063	1.000772	-0.286634	
701	1.001426	-0.000160	-1.013536	0.000160	1.001426	-0.607581	
702	1.000816	-0.000018	-0.489346	0.000018	1.000816	-0.174216	
703	1.000870	0.000026	-0.563999	-0.000026	1.000870	-0.258838	
704	1.000916	-0.000016	-0.665918	0.000016	1.000916	-0.279856	
705	1.000950	0.000041	-0.874855	-0.000041	1.000950	-0.331459	
706	1.001408	0.000036	-1.506386	-0.000036	1.001408	-0.524703	
707	1.000869	0.000174	-1.214147	-0.000174	1.000869	-0.250590	
708	1.000863	0.000172	-1.348770	-0.000172	1.000863	-0.237255	
709	1.000925	0.000121	-1.478565	-0.000121	1.000925	-0.299604	
710	1.000813	0.000008	-1.331119	-0.000008	1.000813	-0.244178	
711	1.001051	0.000196	-2.198432	-0.000196	1.001051	-0.352788	
712	1.000420	0.000035	-0.936069	-0.000035	1.000420	-0.073955	
713	1.000246	0.000052	-0.627497	-0.000052	1.000246	-0.000899	
714	1.000061	0.000059	-0.205742	-0.000059	1.000061	0.030632	
715	1.000039	0.000064	-0.175290	-0.000064	1.000039	0.033231	
716	0.999900	0.000035	0.115571	-0.000035	0.999900	-0.153296	
717	1.000056	-0.000058	0.019818	0.000058	1.000056	-0.101187	
718	0.999995	-0.000138	0.177897	0.000138	0.999995	-0.083776	
719	0.999968	-0.000104	0.320962	0.000104	0.999968	-0.024679	
720	0.999894	-0.000184	0.466768	0.000184	0.999894	-0.177732	
721	0.999449	-0.000372	1.693140	0.000372	0.999449	-0.504460	
722	0.999729	-0.000180	0.870852	0.000180	0.999729	-0.228374	
723	0.999753	-0.000180	0.828238	0.000180	0.999753	-0.112365	
724	0.999785	-0.000126	0.642949	0.000126	0.999785	-0.007306	
725	0.999844	-0.000056	0.463510	0.000056	0.999844	0.053426	
726	0.999523	-0.000263	1.505826	0.000263	0.999523	0.125829	
727	0.999932	-0.000164	0.503938	0.000164	0.999932	0.057650	
728	0.999832	-0.000151	0.784663	0.000151	0.999832	0.138820	
729	0.999938	-0.000284	0.812285	0.000284	0.999938	-0.040203	
730	0.999773	-0.000397	1.276290	0.000397	0.999773	0.040551	
731	0.998673	-0.000489	4.078737	0.000489	0.998673	0.887737	
732	1.000225	-0.000342	1.682644	0.000342	1.000225	0.195306	
733	1.001037	-0.000375	1.190980	0.000375	1.001037	-0.148476	
734	1.001057	-0.000286	1.577828	0.000286	1.001057	-0.089338	
735	1.001104	-0.000216	1.746893	0.000216	1.001104	-0.047126	
736	1.005574	-0.000515	3.782330	0.000515	1.005574	-1.313566	
737	1.000454	-0.000708	2.449973	0.000708	1.000454	-0.699141	
738	1.000613	-0.000819	2.811651	0.000819	1.000613	-0.902781	
739	1.000664	-0.000918	2.962192	0.000918	1.000664	-1.107450	
740	1.000461	-0.000930	3.012690	0.000930	1.000461	-1.124317	
741	1.003925	-0.000530	5.679038	0.000530	1.003925	-2.039464	
742	1.000071	-0.000776	3.480572	0.000776	1.000071	-0.516107	
743	1.000022	-0.000858	3.582708	0.000858	1.000022	-0.507362	
744	0.999819	-0.000884	3.588622	0.000884	0.999819	-0.389710	
745	0.999733	-0.000956	4.091717	0.000956	0.999733	-0.404286	
746	1.004183	-0.000638	7.643174	0.000638	1.004183	-1.516126	
747	0.997883	-0.000811	4.960742	0.000811	0.997883	0.344651	
748	0.997253	-0.000587	5.278615	0.000587	0.997253	0.792236	
749	1.001377	-0.000605	4.656949	0.000605	1.001377	-0.682603	
750	0.997767	-0.000770	5.805125	0.000770	0.997767	0.529146	
751	1.004362	-0.000610	10.669842	0.000610	1.004362	-1.071014	
752	1.002440	-0.000372	5.236723	0.000372	1.002440	-0.684320	
753	1.002509	-0.000370	5.421977	0.000370	1.002509	-0.802709	
754	1.002643	-0.000282	5.472366	0.000282	1.002643	-0.821078	
755	1.003095	-0.000374	5.436920	0.000374	1.003095	-0.884398	
756	1.007228	-0.000758	10.867355	0.000758	1.007228	-1.928897	
757	1.003307	-0.000273	5.475475	0.000273	1.003307	-0.864237	
758	1.003543	-0.000305	5.508535	0.000305	1.003543	-0.889836	
759	1.003450	-0.000360	5.630456	0.000360	1.003450	-0.810129	
760	1.003510	-0.000446	5.564365	0.000446	1.003510	-0.787023	
761	1.006952	-0.000982	11.231007	0.000982	1.006952	-1.007011	
762	1.003826	-0.000411	5.450293	0.000411	1.003826	-0.243408	
763	1.004259	-0.000378	4.917643	0.000378	1.004259	-0.111024	
764	1.004585	-0.000131	4.485835	0.000131	1.004585	0.082849	
765	0.999005	-0.000134	5.551278	0.000134	0.999005	1.672354	
766	1.013691	-0.000445	6.048857	0.000445	1.013691	0.290328	
767	1.007261	0.000284	1.538585	-0.000284	1.007261	0.274974	
768	1.007177	0.000188	1.187780	-0.000188	1.007177	0.225640	
769	1.005925	0.000167	1.160149	-0.000167	1.005925	0.435718	
770	0.999985	0.000374	3.092403	-0.000374	0.999985	1.776004	
771	0.997150	0.000723	5.850853	-0.000723	0.997150	3.674973	
772	0.999029	0.000159	1.994221	-0.000159	0.999029	1.232392	
773	0.999174	0.000055	1.778160	-0.000055	0.999174	1.193181	
774	0.999477	0.000208	1.346336	-0.000208	0.999477	1.308754	
775	0.999485	0.000262	1.221996	-0.000262	0.999485	1.472319	
776	1.000039	0.000736	1.310474	-0.000736	1.000039	3.089174	
777	1.000760	0.000413	0.379526	-0.000413	1.000760	1.442864	
778	1.001244	0.000428	0.442592	-0.000428	1.001244	1.507347	
779	1.001700	0.000520	0.287753	-0.000520	1.001700	1.442745	
780	1.001441	0.000485	0.278477	-0.000485	1.001441	1.452016	
781	1.009117	0.000001	-0.099552	-0.000001	1.009117	1.009719	
782	1.000956	0.000198	1.599097	-0.000198	1.000956	1.154705	
783	1.001772	0.000006	1.709718	-0.000006	1.001772	0.771071	
784	1.003777	0.000121	1.059146	-0.000121	1.003777	0.344579	
785	1.002338	-0.000088	1.380783	0.000088	1.002338	0.310880	
786	1.008803	-0.000105	0.840463	0.000105	1.008803	-0.978885	
787	1.002898	-0.000205	-0.465175	0.000205	1.002898	-0.937488	
788	1.002474	-0.000388	-1.087742	0.000388	1.002474	-1.621052	
789	1.001210	-0.000448	-1.005198	0.000448	1.001210	-1.866198	
790	1.001308	-0.000459	-1.641670	0.000459	1.001308	-2.438318	
791	1.003057	-0.001612	-4.788933	0.001612	1.003057	-7.083190	
792	1.002047	-0.000975	-3.106962	0.000975	1.002047	-4.497592	
793	1.001606	-0.001019	-2.783268	0.001019	1.001606	-4.438843	
794	1.001167	-0.000924	-2.601242	0.000924	1.001167	-4.146932	
795	1.001177	-0.001000	-2.834279	0.001000	1.001177	-4.077166	
796	0.993906	0.000308	-4.830541	-0.000308	0.993906	-5.704094	
797	0.995484	0.000386	-2.213840	-0.000386	0.995484	-2.227332	
798	0.994805	0.000338	-2.806682	-0.000338	0.994805	-2.456985	
799	0.994210	0.000203	-3.090296	-0.000203	0.994210	-2.703481	
800	0.993883	0.000462	-3.977348	-0.000462	0.993883	-3.320824	
801	0.982484	0.001544	-7.445312	-0.001544	0.982484	-6.575161	
802	0.992663	0.000958	-5.270818	-0.000958	0.992663	-4.196134	
803	0.991824	0.000808	-5.945305	-0.000808	0.991824	-4.276324	
804	0.991771	0.001075	-6.260232	-0.001075	0.991771	-4.457526	
805	0.992076	0.001103	-7.116923	-0.001103	0.992076	-4.627120	
806	0.983988	0.001275	-15.915062	-0.001275	0.983988	-9.102069	
807	0.993272	0.000791	-8.601577	-0.000791	0.993272	-4.052193	
808	0.995859	0.000081	-9.281719	-0.000081	0.995859	-3.984788	
809	0.993674	0.000504	-9.355285	-0.000504	0.993674	-2.450012	
810	0.995313	0.000645	-10.135814	-0.000645	0.995313	-2.245346	
811	0.986260	0.001480	-18.130375	-0.001480	0.986260	-1.260940	
812	0.994843	0.001005	-8.445609	-0.001005	0.994843	0.248248	
813	0.994187	0.000730	-7.200699	-0.000730	0.994187	0.626081	
814	0.995120	0.000467	-7.081162	-0.000467	0.995120	0.199557	
815	0.993872	0.000247	-5.289841	-0.000247	0.993872	0.164956	
816	0.987450	0.000932	-10.107895	-0.000932	0.987450	0.141927	
817	0.994708	0.000656	-4.019834	-0.000656	0.994708	0.217962	
818	1.001190	0.000985	-5.676483	-0.000985	1.001190	-1.132832	
819	0.996015	0.000727	-3.495926	-0.000727	0.996015	0.140622	
820	0.995525	0.000750	-2.971281	-0.000750	0.995525	0.591009	
821	0.992465	0.000568	-5.781039	-0.000568	0.992465	1.250596	
822	0.998974	0.000852	-2.274229	-0.000852	0.998974	1.327051	
823	0.999274	0.000839	-1.906729	-0.000839	0.999274	1.545981	
824	0.999120	0.000794	-0.934777	-0.000794	0.999120	1.642227	
825	0.998899	0.000657	-0.313404	-0.000657	0.998899	1.564388	
826	0.998326	0.000462	1.050207	-0.000462	0.998326	1.575023	
827	0.994903	0.000604	5.493775	-0.000604	0.994903	3.771229	
828	0.995651	-0.000066	6.134473	0.000066	0.995651	2.431630	
829	0.993254	-0.000255	9.979820	0.000255	0.993254	3.561638	
830	0.989921	-0.000871	14.751151	0.000871	0.989921	4.672176	
831	0.987882	-0.002004	18.387843	0.002004	0.987882	4.825729	
832	0.978482	-0.001817	39.777517	0.001817	0.978482	10.376257	
833	0.988931	-0.001257	21.151668	0.001257	0.988931	4.733251	
834	0.988524	-0.001668	20.647281	0.001668	0.988524	4.333091	
835	0.987405	-0.003157	20.220818	0.003157	0.987405	3.530199	
836	0.989915	-0.001238	17.489409	0.001238	0.989915	3.815523	
837	0.993064	-0.001099	22.982884	0.001099	0.993064	4.386212	
838	0.997315	-0.000908	8.238046	0.000908	0.997315	1.878470	
839	0.997578	-0.000533	7.020443	0.000533	0.997578	2.162590	
840	0.997973	-0.000454	6.299522	0.000454	0.997973	2.361601	
841	0.997862	-0.000128	5.784706	0.000128	0.997862	2.772525	
842	0.999875	-0.000553	9.132243	0.000553	0.999875	4.623269	
843	0.998092	-0.000015	4.687984	0.000015	0.998092	2.527985	
844	0.999413	-0.000105	4.118369	0.000105	0.999413	2.017352	
845	1.000422	-0.000431	3.801460	0.000431	1.000422	1.435240	
846	1.000310	0.000008	3.410328	-0.000008	1.000310	1.533142	
847	1.007170	-0.000225	4.440682	0.000225	1.007170	1.729639	
848	1.003918	0.000173	1.815273	-0.000173	1.003918	1.310561	
849	1.004129	0.000514	1.262926	-0.000514	1.004129	1.837181	
850	1.000830	0.001076	1.776392	-0.001076	1.000830	2.970102	
851	1.005300	0.000189	0.895005	-0.000189	1.005300	1.810468	
852	1.009653	-0.000570	2.104317	0.000570	1.009653	4.312199	
853	1.005066	-0.000106	0.948603	0.000106	1.005066	2.296413	
854	1.004052	-0.000380	1.481188	0.000380	1.004052	2.548919	
855	1.003153	-0.000403	2.261109	0.000403	1.003153	2.952006	
856	0.999049	0.000545	3.952111	-0.000545	0.999049	4.377549	
857	0.999875	-0.000422	9.280652	0.000422	0.999875	8.338656	
858	0.997950	0.000609	4.887331	-0.000609	0.997950	5.021640	
859	0.999845	-0.000127	4.673378	0.000127	0.999845	4.624264	
860	0.997538	0.001286	4.785660	-0.001286	0.997538	5.651433	
861	0.998060	0.000767	4.801236	-0.000767	0.998060	5.183268	
862	0.999072	-0.000553	9.558273	0.000553	0.999072	8.596888	
863	0.998051	0.000912	4.814345	-0.000912	0.998051	4.469884	
864	0.998109	0.000441	4.774428	-0.000441	0.998109	3.682251	
865	0.998395	0.000237	4.666455	-0.000237	0.998395	2.848593	
866	0.998151	0.000149	4.668537	-0.000149	0.998151	2.386811	
867	1.000250	0.000078	8.053591	-0.000078	1.000250	3.078895	
868	0.998816	0.000008	4.014433	-0.000008	0.998816	1.567587	
869	0.998908	-0.000095	3.818462	0.000095	0.998908	1.333711	
870	0.999154	-0.000079	3.559602	0.000079	0.999154	1.087046	
871	0.999296	-0.000149	3.355813	0.000149	0.999296	0.757182	
872	0.999020	-0.000687	6.164924	0.000687	0.999020	0.291798	
873	1.000550	-0.000552	2.312738	0.000552	1.000550	-0.716235	
874	1.000801	-0.000705	1.880142	0.000705	1.000801	-1.133556	
875	1.001102	-0.000713	1.678759	0.000713	1.001102	-1.272563	
876	1.001113	-0.000600	1.399726	0.000600	1.001113	-1.193620	
877	1.004411	-0.000529	1.394095	0.000529	1.004411	-2.513837	
878	1.001164	-0.000415	0.770593	0.000415	1.001164	-0.980451	
879	1.001499	-0.000359	0.629136	0.000359	1.001499	-1.052624	
880	1.001567	-0.000278	0.405766	0.000278	1.001567	-1.040724	
881	1.001493	-0.000256	0.314758	0.000256	1.001493	-1.066991	
882	1.003253	-0.000633	0.058733	0.000633	1.003253	-2.374900	
883	1.002025	-0.000285	-0.262383	0.000285	1.002025	-1.236227	
884	1.001950	-0.000199	-0.294362	0.000199	1.001950	-1.081939	
885	1.001955	-0.000195	-0.495274	0.000195	1.001955	-1.103168	
886	1.002164	-0.000274	-0.746467	0.000274	1.002164	-1.321771	
887	1.003931	-0.000495	-2.087098	0.000495	1.003931	-2.571292	
888	1.002489	-0.000128	-1.926387	0.000128	1.002489	-1.634100	
889	1.002805	-0.000176	-2.733258	0.000176	1.002805	-1.974713	
890	1.002940	-0.000105	-3.272281	0.000105	1.002940	-2.233924	
891	1.003281	-0.000134	-4.114242	0.000134	1.003281	-2.505348	
892	1.007702	-0.000116	-10.785833	0.000116	1.007702	-5.424298	
893	1.004372	0.000118	-6.741303	-0.000118	1.004372	-2.803673	
894	1.004647	0.000339	-7.770381	-0.000339	1.004647	-2.747415	
895	1.005066	0.000399	-8.485261	-0.000399	1.005066	-2.811818	
896	1.005497	0.000543	-9.191507	-0.000543	1.005497	-2.878305	
897	1.007133	0.000827	-19.243678	-0.000827	1.007133	-5.289855	
898	1.006320	0.000702	-10.784805	-0.000702	1.006320	-3.267862	
899	1.006373	0.001062	-11.262502	-0.001062	1.006373	-3.140806	
900	1.006673	0.000714	-11.518488	-0.000714	1.006673	-3.294727	
901	1.007743	0.000565	-11.943327	-0.000565	1.007743	-3.689890	
902	1.007522	0.001253	-22.729044	-0.001253	1.007522	-4.718227	
903	1.007789	0.000419	-12.519759	-0.000419	1.007789	-3.614723	
904	1.009101	0.000524	-12.645306	-0.000524	1.009101	-4.316036	
905	1.003882	0.000615	-11.789498	-0.000615	1.003882	-2.558167	
906	1.008630	0.000928	-13.460005	-0.000928	1.008630	-3.983673	
907	1.007777	0.001218	-25.784493	-0.001218	1.007777	-5.449016	
908	1.007191	-0.000296	-14.109688	0.000296	1.007191	-3.972463	
909	1.010137	0.001073	-15.494702	-0.001073	1.010137	-4.270115	
910	1.006288	0.001272	-15.339671	-0.001272	1.006288	-2.548674	
911	1.004635	0.000536	-15.409894	-0.000536	1.004635	-2.260391	
912	1.007824	0.001348	-32.809111	-0.001348	1.007824	-3.921803	
913	1.003997	0.000659	-17.530481	-0.000659	1.003997	-1.961083	
914	1.003735	0.000804	-18.245057	-0.000804	1.003735	-1.733637	
915	1.004327	0.000786	-19.556383	-0.000786	1.004327	-1.894619	
916	1.004198	0.000750	-20.265635	-0.000750	1.004198	-1.775409	
917	1.006285	0.001582	-42.146944	-0.001582	1.006285	-2.850967	
918	1.000891	0.000678	-20.834360	-0.000678	1.000891	-0.647715	
919	1.000384	0.001012	-21.524869	-0.001012	1.000384	-0.166870	
920	1.000569	0.000831	-22.215914	-0.000831	1.000569	-0.335996	
921	1.000861	0.000859	-23.519896	-0.000859	1.000861	-0.463387	
922	1.000858	0.001621	-49.204029	-0.001621	1.000858	-0.666794	
923	1.000280	0.001133	-25.333849	-0.001133	1.000280	-0.133771	
924	1.000472	0.001335	-25.692926	-0.001335	1.000472	0.093224	
925	1.000669	0.001196	-25.378889	-0.001196	1.000669	-0.092079	
926	1.000001	0.001286	-24.490748	-0.001286	1.000001	-0.066444	
927	0.999512	0.001202	-46.602289	-0.001202	0.999512	-1.014563	
928	0.999857	0.000928	-22.188255	-0.000928	0.999857	-0.377458	
929	0.999635	0.001004	-21.591545	-0.001004	0.999635	-0.308645	
930	1.001813	0.000901	-22.042025	-0.000901	1.001813	-0.755057	
931	0.999584	0.001170	-20.081873	-0.001170	0.999584	-0.057317	
932	0.996803	0.000912	-37.047639	-0.000912	0.996803	-0.119736	
933	1.000275	0.001096	-19.393893	-0.001096	1.000275	0.097109	
934	1.000446	0.000871	-19.041187	-0.000871	1.000446	-0.170090	
935	1.000046	0.001130	-18.555906	-0.001130	1.000046	0.292539	
936	1.000144	0.000903	-18.135188	-0.000903	1.000144	0.061465	
937	1.001659	0.001677	-37.038547	-0.001677	1.001659	-0.393445	
938	1.000238	0.000887	-18.100968	-0.000887	1.000238	-0.120733	
939	0.999775	0.000900	-17.678882	-0.000900	0.999775	-0.027168	
940	1.000417	0.001034	-17.949697	-0.001034	1.000417	-0.265556	
941	1.000363	0.001034	-18.134864	-0.001034	1.000363	-0.346791	
942	1.000460	0.001857	-36.819117	-0.001857	1.000460	-0.255382	
943	0.999951	0.000891	-18.571943	-0.000891	0.999951	0.252569	
944	1.000036	0.000791	-19.248819	-0.000791	1.000036	0.054928	
945	1.000336	0.000805	-20.122980	-0.000805	1.000336	0.092449	
946	1.000289	0.001108	-21.251431	-0.001108	1.000289	0.161065	
947	1.001252	0.002321	-45.775701	-0.002321	1.001252	-0.322295	
948	1.000580	0.001248	-24.116541	-0.001248	1.000580	-0.294485	
949	1.000247	0.001058	-24.901120	-0.001058	1.000247	-0.274260	
950	0.999939	0.001569	-25.734771	-0.001569	0.999939	0.063186	
951	0.999634	0.001419	-26.440731	-0.001419	0.999634	0.018564	
952	1.000388	0.003229	-55.579539	-0.003229	1.000388	-0.026346	
953	1.000100	0.001841	-29.088791	-0.001841	1.000100	-0.034659	
954	0.999515	0.001534	-29.249830	-0.001534	0.999515	0.096625	
955	0.999896	0.001799	-30.106384	-0.001799	0.999896	0.345922	
956	0.999770	0.001569	-30.597121	-0.001569	0.999770	0.628187	
957	1.003442	0.003795	-62.742048	-0.003795	1.003442	1.260371	
958	0.999517	0.001419	-29.920134	-0.001419	0.999517	1.021814	
959	1.000842	0.001778	-30.014828	-0.001778	1.000842	1.002252	
960	1.001219	0.001751	-29.489893	-0.001751	1.001219	1.039181	
961	1.000870	0.001603	-28.667081	-0.001603	1.000870	0.803058	
962	1.003335	0.002846	-55.273093	-0.002846	1.003335	0.302369	
963	1.000393	0.001741	-26.403038	-0.001741	1.000393	0.929388	
964	0.999914	0.001490	-25.715812	-0.001490	0.999914	1.341275	
965	1.000771	0.001560	-25.473707	-0.001560	1.000771	1.410167	
966	1.000692	0.001641	-24.493593	-0.001641	1.000692	1.658770	
967	1.000406	0.002562	-44.985527	-0.002562	1.000406	1.990238	
968	1.000452	0.001128	-21.803561	-0.001128	1.000452	0.051140	
969	1.000640	0.001212	-21.895393	-0.001212	1.000640	-0.508452	
970	1.000509	0.000992	-21.752510	-0.000992	1.000509	-0.148584	
971	1.000893	0.001117	-22.228713	-0.001117	1.000893	-0.586084	
972	1.000623	0.002336	-45.301873	-0.002336	1.000623	-0.587663	
973	1.000576	0.001289	-22.713682	-0.001289	1.000576	0.280307	
974	1.000714	0.001064	-22.837158	-0.001064	1.000714	0.176431	
975	1.000554	0.000839	-22.531190	-0.000839	1.000554	0.509250	
976	1.000720	0.000972	-21.638369	-0.000972	1.000720	0.507403	
977	1.001477	0.001999	-41.199467	-0.001999	1.001477	1.002341	
978	1.000535	0.000832	-19.550296	-0.000832	1.000535	-0.007915	
979	1.000202	0.000680	-18.373610	-0.000680	1.000202	-0.496212	
980	1.000244	0.000642	-18.130567	-0.000642	1.000244	-0.892395	
981	1.000670	0.000936	-18.084646	-0.000936	1.000670	-1.121253	
982	1.001347	0.002047	-35.942895	-0.002047	1.001347	-2.234393	
983	1.000692	0.001001	-17.409010	-0.001001	1.000692	-1.229667	
984	1.000405	0.000954	-16.739284	-0.000954	1.000405	-1.235325	
985	1.000309	0.000840	-16.035272	-0.000840	1.000309	-0.947352	
986	1.000113	0.000601	-14.972817	-0.000601	1.000113	-0.751683	
987	1.000173	0.001332	-26.608573	-0.001332	1.000173	0.277835	
988	1.000252	0.000360	-11.074042	-0.000360	1.000252	0.648424	
989	1.000285	0.000362	-10.166280	-0.000362	1.000285	0.802011	
990	1.000241	0.000301	-8.844051	-0.000301	1.000241	0.522960	
991	1.000374	0.000550	-7.892085	-0.000550	1.000374	0.204648	
992	1.002729	0.002566	-7.716471	-0.002566	1.002729	0.979727	
993	1.000439	0.000165	-12.513294	-0.000165	1.000439	-1.172763	
994	1.002313	0.000836	-6.538890	-0.000836	1.002313	-0.574300	
995	1.001955	0.001151	-5.808060	-0.001151	1.001955	-0.014465	
996	1.001625	0.001125	-5.916766	-0.001125	1.001625	0.289320	
997	1.001718	0.001260	-5.726515	-0.001260	1.001718	0.522845	
998	1.000080	0.000294	-11.794228	-0.000294	1.000080	0.723667	
999	1.002358	0.001476	-6.211617	-0.001476	1.002358	0.396199	
1000	1.004055	0.000610	-6.158545	-0.000610	1.004055	-1.289238	
1001	1.001336	0.000770	-4.759162	-0.000770	1.001336	0.087490	
1002	1.001925	0.001130	-6.373225	-0.001130	1.001925	0.285441	
1003	1.000161	0.000781	-12.159922	-0.000781	1.000161	0.973924	
1004	1.001874	0.001471	-6.762077	-0.001471	1.001874	0.784146	
1005	1.002279	0.001040	-5.998720	-0.001040	1.002279	0.231113	
1006	1.000659	0.000658	-5.691477	-0.000658	1.000659	0.105650	
1007	1.001575	0.000941	-5.501745	-0.000941	1.001575	0.110490	
1008	0.999469	0.000454	-9.481403	-0.000454	0.999469	0.371545	
1009	0.999990	0.000712	-2.970203	-0.000712	0.999990	0.767162	
1010	0.999643	0.000656	-2.386613	-0.000656	0.999643	0.823984	
1011	0.999618	0.000506	-1.890177	-0.000506	0.999618	0.654959	
1012	0.999381	0.000421	-1.379513	-0.000421	0.999381	0.588028	
1013	0.997301	0.000333	-1.895005	-0.000333	0.997301	0.967745	
1014	0.999052	0.000281	-0.654486	-0.000281	0.999052	0.485865	
1015	0.998822	0.000280	-0.432020	-0.000280	0.998822	0.701270	
1016	0.998792	0.000386	-0.433918	-0.000386	0.998792	0.957561	
1017	0.998973	0.000432	-0.746129	-0.000432	0.998973	0.925046	
1018	0.997955	0.000875	-1.765000	-0.000875	0.997955	1.592203	
1019	0.998866	0.000436	-0.772051	-0.000436	0.998866	0.764480	
1020	0.999005	0.000458	-1.075159	-0.000458	0.999005	0.882734	
1021	0.998895	0.000524	-1.069907	-0.000524	0.998895	0.986390	
1022	0.998951	0.000497	-1.240673	-0.000497	0.998951	0.924650	
1023	0.998704	0.001108	-3.038794	-0.001108	0.998704	1.842924	
1024	0.999147	0.000380	-1.552031	-0.000380	0.999147	0.700105	
1025	0.999213	0.000327	-1.399891	-0.000327	0.999213	0.656873	
1026	0.999289	0.000363	-1.305407	-0.000363	0.999289	0.610385	
1027	0.999316	0.000360	-1.118625	-0.000360	0.999316	0.586653	
1028	0.998169	0.000578	-0.421188	-0.000578	0.998169	1.265600	
1029	0.998926	0.000013	0.699605	-0.000013	0.998926	0.479151	
1030	0.998569	0.000050	1.511435	-0.000050	0.998569	0.760676	
1031	0.998526	0.000047	1.828355	-0.000047	0.998526	0.828629	
1032	0.998647	0.000061	1.628100	-0.000061	0.998647	0.717715	
1033	0.997307	-0.000028	3.040434	0.000028	0.997307	1.118718	
1034	0.998918	-0.000210	1.135592	0.000210	0.998918	0.162318	
1035	0.998550	0.000019	1.559621	-0.000019	0.998550	0.695823	
1036	0.998580	0.000038	1.480206	-0.000038	0.998580	0.833899	
1037	0.998788	-0.000044	1.182506	0.000044	0.998788	0.793355	
1038	0.996823	0.000419	2.956510	-0.000419	0.996823	2.981586	
1039	0.998730	0.000194	0.882088	-0.000194	0.998730	1.414296	
1040	0.998673	0.000236	0.709069	-0.000236	0.998673	1.575231	
1041	0.998658	0.000383	0.560443	-0.000383	0.998658	1.970612	
1042	0.999089	0.000412	-0.045938	-0.000412	0.999089	2.086336	
1043	0.998358	0.001341	-0.420381	-0.001341	0.998358	5.040059	
1044	0.999218	0.000682	-0.114356	-0.000682	0.999218	2.698563	
1045	0.999370	0.000561	-0.227630	-0.000561	0.999370	2.447384	
1046	0.999065	0.000642	0.522505	-0.000642	0.999065	2.560863	
1047	0.999532	0.000362	0.264733	-0.000362	0.999532	1.921018	
1048	0.999141	0.000532	0.840565	-0.000532	0.999141	3.032957	
1049	0.999614	-0.000026	0.257142	0.000026	0.999614	0.974352	
1050	0.999628	0.000002	0.149404	-0.000002	0.999628	0.902644	
1051	0.999746	0.000028	0.060993	-0.000028	0.999746	0.810838	
1052	0.999895	-0.000043	-0.065600	0.000043	0.999895	0.682292	
1053	0.999799	0.000388	0.021526	-0.000388	0.999799	1.812633	
1054	0.999643	0.000208	0.244280	-0.000208	0.999643	1.084123	
1055	0.999687	0.000352	0.003819	-0.000352	0.999687	1.395846	
1056	0.999707	0.000235	-0.094882	-0.000235	0.999707	1.241192	
1057	0.999905	0.000352	-0.097033	-0.000352	0.999905	1.352390	
1058	1.001294	0.001019	-1.405053	-0.001019	1.001294	2.963689	
1059	1.001177	0.000419	-1.274113	-0.000419	1.001177	1.172254	
1060	1.001400	0.000459	-1.578587	-0.000459	1.001400	1.015025	
1061	1.001574	0.000322	-1.849107	-0.000322	1.001574	0.538437	
1062	1.001748	0.000298	-2.241674	-0.000298	1.001748	-0.008917	
1063	1.004010	0.000277	-5.513163	-0.000277	1.004010	-1.341403	
1064	1.001983	0.000084	-2.909228	-0.000084	1.001983	-0.908650	
1065	1.002174	0.000132	-3.172199	-0.000132	1.002174	-0.797632	
1066	1.002226	0.000242	-3.275940	-0.000242	1.002226	-0.534004	
1067	1.002255	0.000338	-3.386363	-0.000338	1.002255	-0.182071	
1068	1.004690	0.000906	-6.869154	-0.000906	1.004690	-0.022755	
1069	1.002373	0.000579	-3.563177	-0.000579	1.002373	0.258839	
1070	1.002433	0.000526	-3.602425	-0.000526	1.002433	0.248049	
1071	1.002403	0.000565	-3.631546	-0.000565	1.002403	0.398089	
1072	1.002459	0.000536	-3.636745	-0.000536	1.002459	0.532948	
1073	1.004838	0.001250	-6.707420	-0.001250	1.004838	1.608094	
1074	1.002414	0.000672	-3.427041	-0.000672	1.002414	1.085584	
1075	1.002206	0.000715	-3.253954	-0.000715	1.002206	1.209205	
1076	1.002331	0.000807	-3.530247	-0.000807	1.002331	1.362810	
1077	1.002762	0.000721	-4.069415	-0.000721	1.002762	1.425291	
1078	1.005885	0.002329	-9.092108	-0.002329	1.005885	4.414673	
1079	1.004029	0.001307	-6.015884	-0.001307	1.004029	2.583537	
1080	1.004407	0.001589	-6.933912	-0.001589	1.004407	3.153633	
1081	1.005142	0.001452	-7.828099	-0.001452	1.005142	3.340416	
1082	1.006479	0.000327	-9.088689	-0.000327	1.006479	2.890096	
1083	1.013585	0.000749	-19.636982	-0.000749	1.013585	6.705948	
1084	1.006100	0.002591	-9.782406	-0.002591	1.006100	4.271458	
1085	1.007704	0.000585	-11.100927	-0.000585	1.007704	2.861665	
1086	1.007785	0.000402	-11.145229	-0.000402	1.007785	2.366255	
1087	1.007544	0.000826	-10.963684	-0.000826	1.007544	2.398640	
1088	1.015539	0.000880	-22.507430	-0.000880	1.015539	3.666002	
1089	1.007904	0.000840	-11.257165	-0.000840	1.007904	1.779568	
1090	1.007290	0.001981	-10.624625	-0.001981	1.007290	2.569336	
1091	1.006326	0.002725	-9.645001	-0.002725	1.006326	3.195724	
1092	1.007295	0.001657	-10.075071	-0.001657	1.007295	2.199149	
1093	1.015421	0.000594	-19.323647	-0.000594	1.015421	2.309599	
1094	1.006637	0.001444	-8.014892	-0.001444	1.006637	1.258145	
1095	1.006559	0.001198	-7.373502	-0.001198	1.006559	0.966184	
1096	1.006602	0.001045	-7.043935	-0.001045	1.006602	0.673910	
1097	1.006687	0.000874	-6.868676	-0.000874	1.006687	0.404442	
1098	1.015566	0.000170	-14.001663	-0.000170	1.015566	-0.188574	
1099	1.006400	0.000863	-6.228976	-0.000863	1.006400	0.613672	
1100	1.006174	0.000915	-6.093990	-0.000915	1.006174	0.972619	
1101	1.006131	0.000801	-6.109159	-0.000801	1.006131	0.780898	
1102	1.005875	0.000823	-5.700756	-0.000823	1.005875	0.739659	
1103	1.014469	0.000251	-12.817795	-0.000251	1.014469	-0.090381	
1104	1.006183	0.000675	-6.117469	-0.000675	1.006183	-0.189101	
1105	1.006247	0.000580	-5.995764	-0.000580	1.006247	-0.778472	
1106	1.005931	0.000224	-5.544980	-0.000224	1.005931	-1.795484	
1107	1.006116	-0.000002	-5.519819	0.000002	1.006116	-2.608707	
1108	1.012437	-0.000531	-11.159834	0.000531	1.012437	-6.543190	
1109	1.006074	-0.000191	-5.514034	0.000191	1.006074	-3.247293	
1110	1.006111	-0.000057	-5.624406	0.000057	1.006111	-3.047438	
1111	1.006092	0.000003	-5.722977	-0.000003	1.006092	-3.005366	
1112	1.006353	-0.000074	-6.149855	0.000074	1.006353	-3.414310	
1113	1.013592	-0.000050	-13.451999	0.000050	1.013592	-8.421527	
1114	1.006836	-0.000311	-6.921030	0.000311	1.006836	-4.817778	
1115	1.006925	-0.000240	-7.309229	0.000240	1.006925	-4.814018	
1116	1.007005	-0.000072	-7.805080	0.000072	1.007005	-4.542545	
1117	1.007122	-0.000011	-8.147223	0.000011	1.007122	-4.324557	
1118	1.014163	0.000599	-16.492375	-0.000599	1.014163	-7.774949	
1119	1.006764	0.000063	-7.922867	-0.000063	1.006764	-3.548482	
1120	1.006752	0.000080	-7.718936	-0.000080	1.006752	-3.264724	
1121	1.006566	0.000045	-7.092494	-0.000045	1.006566	-3.007201	
1122	1.006523	-0.000045	-6.515760	0.000045	1.006523	-3.015362	
1123	1.012790	-0.000269	-11.589628	0.000269	1.012790	-5.777264	
1124	1.006176	-0.000308	-4.910493	0.000308	1.006176	-2.902458	
1125	1.005645	-0.000415	-3.838079	0.000415	1.005645	-2.776619	
1126	1.005445	-0.000325	-3.332003	0.000325	1.005445	-2.390075	
1127	1.005547	-0.000222	-3.248979	0.000222	1.005547	-2.165534	
1128	1.013103	0.000051	-6.774734	-0.000051	1.013103	-3.727973	
1129	1.004943	-0.000008	-2.500272	0.000008	1.004943	-1.510463	
1130	1.004773	0.000021	-2.126895	-0.000021	1.004773	-1.380607	
1131	1.004525	-0.000043	-1.756389	0.000043	1.004525	-1.296173	
1132	1.004095	-0.000166	-1.279343	0.000166	1.004095	-1.342050	
1133	1.013730	0.000402	-4.201394	-0.000402	1.013730	-3.427484	
1134	1.004225	-0.000289	-0.738049	0.000289	1.004225	-1.255600	
1135	1.004490	-0.000232	-0.782701	0.000232	1.004490	-1.313153	
1136	1.005410	-0.000346	-1.145811	0.000346	1.005410	-1.676167	
1137	1.003630	-0.000362	-0.491306	0.000362	1.003630	-1.118150	
1138	1.013705	-0.000394	-3.090771	0.000394	1.013705	-3.401588	
1139	1.005405	-0.000494	-0.990870	0.000494	1.005405	-1.307298	
1140	1.002858	-0.000045	0.015585	0.000045	1.002858	-0.057865	
1141	1.006498	0.000037	-1.445096	-0.000037	1.006498	-0.777592	
1142	1.002884	0.000075	-0.126374	-0.000075	1.002884	0.128140	
1143	1.013903	-0.000377	-2.258322	0.000377	1.013903	-2.324175	
1144	1.006986	-0.000312	-1.066174	0.000312	1.006986	-1.514190	
1145	1.003207	-0.000412	0.795913	0.000412	1.003207	-0.770955	
1146	1.003846	-0.000921	0.734550	0.000921	1.003846	-1.551427	
1147	1.003345	-0.000508	0.495505	0.000508	1.003345	-1.043296	
1148	1.012982	-0.000466	-0.861162	0.000466	1.012982	-3.813854	
1149	1.002949	-0.000824	0.755651	0.000824	1.002949	-1.495449	
1150	1.006441	-0.000437	-1.221313	0.000437	1.006441	-1.992939	
1151	1.004395	-0.000526	-0.724603	0.000526	1.004395	-1.468378	
1152	1.005456	-0.000674	-1.192895	0.000674	1.005456	-1.834832	
1153	1.012902	-0.000321	-2.853499	0.000321	1.012902	-2.936529	
1154	1.003211	0.000008	-0.335769	-0.000008	1.003211	-0.525326	
1155	1.005256	-0.000222	-0.818270	0.000222	1.005256	-1.265550	
1156	1.005921	-0.000074	-1.051442	0.000074	1.005921	-1.239499	
1157	1.003376	-0.000473	-0.152986	0.000473	1.003376	-1.135996	
1158	1.003889	-0.000534	-0.201272	0.000534	1.003889	-1.342119	
1159	1.012518	-0.000397	-2.204473	0.000397	1.012518	-3.741117	
1160	1.003524	-0.000389	-0.378432	0.000389	1.003524	-1.240279	
1161	1.003543	-0.000553	-0.436118	0.000553	1.003543	-1.219509	
1162	1.003016	-0.000696	-0.049955	0.000696	1.003016	-1.048447	
1163	1.003350	-0.000599	-0.336562	0.000599	1.003350	-0.832251	
1164	1.012140	-0.001368	-2.402977	0.001368	1.012140	-2.497136	
1165	1.002290	-0.000249	0.060631	0.000249	1.002290	-0.012529	
1166	1.004049	-0.000431	-0.328304	0.000431	1.004049	-0.692432	
1167	1.003481	-0.000478	-0.387800	0.000478	1.003481	-0.692279	
1168	1.003568	-0.000434	-0.329274	0.000434	1.003568	-0.596827	
1169	1.011351	-0.000300	-1.687835	0.000300	1.011351	-1.578956	
1170	1.003938	-0.000363	-0.539337	0.000363	1.003938	-0.655654	
1171	1.001858	-0.000146	0.699987	0.000146	1.001858	0.077310	
1172	1.003514	-0.000464	-0.104325	0.000464	1.003514	-0.873903	
1173	1.002919	-0.000559	0.024401	0.000559	1.002919	-0.891440	
1174	1.010297	-0.000189	-1.432118	0.000189	1.010297	-1.907362	
1175	1.002911	-0.000640	-0.192280	0.000640	1.002911	-0.860973	
