0	1.000000	0.000000	0.000000	0.000000	1.000000	0.000000	
1	0.998475	-0.001386	11.518741	0.001386	0.998475	-0.062193	
2	0.998480	-0.001360	11.427128	0.001360	0.998480	-0.041891	
3	0.998214	-0.001312	11.458220	0.001312	0.998214	-0.078257	
4	1.024241	0.000483	-5.095439	-0.000483	1.024241	-1.688938	
5	0.998386	-0.001134	11.547456	0.001134	0.998386	0.229892	
6	0.998654	-0.001216	11.257599	0.001216	0.998654	-0.010716	
7	0.998382	-0.001562	11.151965	0.001562	0.998382	-0.212455	
8	0.998416	-0.001361	11.017460	0.001361	0.998416	-0.100745	
9	0.998440	-0.001328	10.845103	0.001328	0.998440	0.072852	
10	0.998236	-0.001814	20.659773	0.001814	0.998236	0.209937	
11	0.998108	-0.001361	10.672417	0.001361	0.998108	0.027260	
12	0.997965	-0.001087	10.522105	0.001087	0.997965	0.142507	
13	0.997884	-0.001145	10.409725	0.001145	0.997884	0.211333	
14	0.997917	-0.001193	10.173874	0.001193	0.997917	0.147275	
15	0.997175	-0.001768	19.555260	0.001768	0.997175	0.106729	
16	0.998011	-0.001198	9.708568	0.001198	0.998011	0.046332	
17	1.000005	-0.000677	8.403255	0.000677	1.000005	-0.065587	
18	0.998045	-0.001399	9.463027	0.001399	0.998045	-0.125123	
19	0.998081	-0.001393	9.441139	0.001393	0.998081	-0.236551	
20	0.996638	-0.002362	18.298967	0.002362	0.996638	-0.557007	
21	0.998162	-0.001369	8.904014	0.001369	0.998162	-0.239693	
22	0.998231	-0.001235	8.750305	0.001235	0.998231	-0.134071	
23	0.998506	-0.001268	8.365386	0.001268	0.998506	-0.250658	
24	0.998264	-0.001243	8.132642	0.001243	0.998264	-0.282306	
25	0.997731	-0.001892	15.482803	0.001892	0.997731	-0.399840	
26	0.998585	-0.001199	7.737394	0.001199	0.998585	-0.153926	
27	0.999059	-0.001016	7.246908	0.001016	0.999059	-0.141019	
28	1.008256	0.001312	0.620509	-0.001312	1.008256	-0.251545	
29	1.007174	0.001474	1.458298	-0.001474	1.007174	-0.172198	
30	0.997880	-0.001941	14.386016	0.001941	0.997880	-0.616699	
31	0.998762	-0.001093	7.129725	0.001093	0.998762	-0.184729	
32	1.001855	0.000224	4.100202	-0.000224	1.001855	-0.070215	
33	0.998689	-0.000845	6.448377	0.000845	0.998689	-0.219232	
34	1.000133	-0.000374	5.135721	0.000374	1.000133	-0.243965	
35	0.998447	-0.001681	12.893020	0.001681	0.998447	-0.450686	
36	1.002695	0.000325	2.873568	-0.000325	1.002695	-0.247521	
37	1.001205	0.000165	3.642910	-0.000165	1.001205	-0.105282	
38	1.001442	0.000179	3.484879	-0.000179	1.001442	-0.099561	
39	1.001477	0.000248	3.376135	-0.000248	1.001477	-0.101039	
40	0.998208	-0.001440	10.834903	0.001440	0.998208	-0.451561	
41	1.001385	0.000100	3.201226	-0.000100	1.001385	-0.194691	
42	1.001364	0.000086	3.050056	-0.000086	1.001364	-0.193614	
43	1.001320	-0.000017	3.031593	0.000017	1.001320	-0.241667	
44	1.002132	0.000713	2.605360	-0.000713	1.002132	-0.007581	
45	0.998644	-0.001162	9.616697	0.001162	0.998644	-0.643380	
46	1.001419	0.000294	2.824813	-0.000294	1.001419	-0.115965	
47	1.001166	0.000160	2.871966	-0.000160	1.001166	-0.112578	
48	1.001092	0.000134	2.813390	-0.000134	1.001092	-0.152240	
49	1.000982	0.000184	2.760617	-0.000184	1.000982	-0.124102	
50	0.998505	-0.000766	8.444435	0.000766	0.998505	-0.322602	
51	1.001261	0.000250	2.171474	-0.000250	1.001261	-0.099829	
52	1.000737	-0.000024	2.375029	0.000024	1.000737	-0.184704	
53	1.000958	-0.000002	2.226328	0.000002	1.000958	-0.199642	
54	1.000832	-0.000035	2.247522	0.000035	1.000832	-0.202091	
55	1.001986	0.000345	3.919473	-0.000345	1.001986	-0.326438	
56	1.000615	-0.000023	1.771604	0.000023	1.000615	-0.158341	
57	1.000938	0.000097	1.396629	-0.000097	1.000938	-0.119652	
58	1.000407	0.000069	1.110191	-0.000069	1.000407	-0.052585	
59	1.000209	-0.000100	0.900765	0.000100	1.000209	-0.097705	
60	1.000191	0.000014	1.184833	-0.000014	1.000191	-0.118261	
61	1.000130	-0.000060	0.630760	0.000060	1.000130	-0.103129	
62	1.000060	-0.000106	0.628793	0.000106	1.000060	-0.124366	
63	1.000071	-0.000082	0.628196	0.000082	1.000071	-0.089856	
64	1.000120	-0.000013	0.665998	0.000013	1.000120	-0.033054	
65	1.000820	-0.000056	1.436458	0.000056	1.000820	-0.131743	
66	1.000212	-0.000037	0.686443	0.000037	1.000212	-0.141570	
67	1.000192	0.000120	0.677047	-0.000120	1.000192	-0.136364	
68	1.000120	0.000014	0.713583	-0.000014	1.000120	-0.060020	
69	1.000073	-0.000167	0.566564	0.000167	1.000073	-0.043393	
70	0.999913	0.000124	0.890667	-0.000124	0.999913	-0.132217	
71	0.999869	-0.000070	0.478009	0.000070	0.999869	-0.208802	
72	0.999958	-0.000046	0.338980	0.000046	0.999958	-0.153995	
73	0.999878	-0.000053	0.296590	0.000053	0.999878	-0.062968	
74	0.999941	-0.000030	0.368400	0.000030	0.999941	-0.042349	
75	1.000244	0.000206	0.728140	-0.000206	1.000244	-0.125329	
76	1.000071	0.000043	0.611656	-0.000043	1.000071	-0.231376	
77	1.000059	0.000076	0.646737	-0.000076	1.000059	-0.208617	
78	1.000159	0.000095	0.854176	-0.000095	1.000159	-0.140600	
79	1.000355	0.000001	1.247876	-0.000001	1.000355	-0.128978	
80	1.001394	0.000300	2.961525	-0.000300	1.001394	-0.064709	
81	1.000606	0.000267	1.523192	-0.000267	1.000606	-0.155421	
82	1.000639	0.000368	1.489523	-0.000368	1.000639	-0.259759	
83	1.000794	0.000246	1.403003	-0.000246	1.000794	-0.371913	
84	1.000914	0.000547	1.444060	-0.000547	1.000914	-0.169868	
85	1.001749	0.000741	3.323050	-0.000741	1.001749	-0.092984	
86	1.000834	0.000136	1.570119	-0.000136	1.000834	-0.211379	
87	1.000794	0.000153	1.479563	-0.000153	1.000794	-0.306589	
88	1.000760	0.000347	1.564553	-0.000347	1.000760	-0.275017	
89	1.000778	0.000275	1.498290	-0.000275	1.000778	-0.249973	
90	1.001660	0.000499	2.907168	-0.000499	1.001660	-0.344249	
91	1.000959	0.000441	1.456742	-0.000441	1.000959	-0.314313	
92	1.000860	0.000345	1.530292	-0.000345	1.000860	-0.258181	
93	1.000800	0.000285	1.462748	-0.000285	1.000800	-0.267012	
94	1.000797	0.000285	1.467646	-0.000285	1.000797	-0.329456	
95	1.001423	0.000560	2.664678	-0.000560	1.001423	-0.431189	
96	1.000597	0.000162	1.238062	-0.000162	1.000597	-0.240797	
97	1.000629	0.000154	1.325331	-0.000154	1.000629	-0.333413	
98	1.000603	0.000362	1.166435	-0.000362	1.000603	-0.414429	
99	1.000559	0.000283	1.186262	-0.000283	1.000559	-0.269198	
100	1.001279	0.000456	2.436430	-0.000456	1.001279	-0.328561	
101	1.000700	0.000376	1.167228	-0.000376	1.000700	-0.332167	
102	1.000772	0.000375	1.256518	-0.000375	1.000772	-0.301972	
103	1.000805	0.000364	1.274233	-0.000364	1.000805	-0.293470	
104	1.000925	0.000371	1.274330	-0.000371	1.000925	-0.292207	
105	1.001686	0.000532	2.675500	-0.000532	1.001686	-0.424804	
106	1.000839	0.000228	1.353682	-0.000228	1.000839	-0.304087	
107	1.000902	0.000345	1.323360	-0.000345	1.000902	-0.370501	
108	1.000874	0.000325	1.338648	-0.000325	1.000874	-0.374849	
109	1.000920	0.000231	1.429975	-0.000231	1.000920	-0.315274	
110	1.002119	0.000493	2.890411	-0.000493	1.002119	-0.528886	
111	1.001191	0.000456	1.495722	-0.000456	1.001191	-0.345083	
112	1.001191	0.000314	1.597215	-0.000314	1.001191	-0.296581	
113	1.001504	0.000389	1.621179	-0.000389	1.001504	-0.354598	
114	1.001422	0.000446	1.737129	-0.000446	1.001422	-0.377862	
115	0.999310	-0.000338	7.289894	0.000338	0.999310	-0.912631	
116	1.001487	0.000456	2.104555	-0.000456	1.001487	-0.400948	
117	1.001786	0.000440	2.354512	-0.000440	1.001786	-0.449644	
118	1.001736	0.000595	2.621517	-0.000595	1.001736	-0.420472	
119	1.002238	0.000709	2.631293	-0.000709	1.002238	-0.456784	
120	1.014557	0.001968	-1.728211	-0.001968	1.014557	-1.067045	
121	1.004593	0.001106	1.810086	-0.001106	1.004593	-0.390941	
122	1.002814	0.000803	3.307375	-0.000803	1.002814	-0.481614	
123	0.999983	-0.000230	6.259696	0.000230	0.999983	-0.918746	
124	1.007169	0.001276	0.467133	-0.001276	1.007169	-0.566976	
125	0.999748	-0.000781	13.756905	0.000781	0.999748	-1.952681	
126	0.999910	-0.000381	6.878197	0.000381	0.999910	-0.919695	
127	0.999467	-0.000375	7.276455	0.000375	0.999467	-0.965342	
128	1.003716	0.000905	3.320340	-0.000905	1.003716	-0.662410	
129	1.008383	0.001501	-0.151723	-0.001501	1.008383	-0.628707	
130	1.018895	0.002527	-2.111431	-0.002527	1.018895	-1.305225	
131	1.007566	0.001338	0.764206	-0.001338	1.007566	-0.577674	
132	1.008777	0.001136	-0.414841	-0.001136	1.008777	-0.760115	
133	1.008429	0.001384	0.269340	-0.001384	1.008429	-0.699111	
134	1.009558	0.001317	-0.449307	-0.001317	1.009558	-0.820817	
135	1.024948	0.003203	-2.859346	-0.003203	1.024948	-1.735683	
136	1.011810	0.001504	-0.790015	-0.001504	1.011810	-0.872164	
137	1.012743	0.001895	-1.399516	-0.001895	1.012743	-0.799236	
138	1.014150	0.001781	-1.470283	-0.001781	1.014150	-1.008972	
139	1.014819	0.001958	-1.462066	-0.001958	1.014819	-1.172160	
140	1.001682	-0.001504	25.547975	0.001504	1.001682	-4.577708	
141	1.018868	0.002542	-3.074249	-0.002542	1.018868	-1.184738	
142	1.000848	-0.001532	15.650501	0.001532	1.000848	-2.890767	
143	1.022875	0.002329	-2.830470	-0.002329	1.022875	-1.492287	
144	1.020637	0.002440	-2.539371	-0.002440	1.020637	-1.301872	
145	1.003983	-0.002619	34.508178	0.002619	1.003983	-6.126616	
146	1.001473	-0.001851	18.374827	0.001851	1.001473	-3.447583	
147	1.000923	-0.002472	18.967444	0.002472	1.000923	-3.808828	
148	1.001954	-0.003635	18.087692	0.003635	1.001954	-4.963654	
149	1.001172	-0.002216	18.728332	0.002216	1.001172	-3.509320	
150	1.006591	-0.004646	33.424223	0.004646	1.006591	-7.979954	
151	1.021465	0.001679	-3.198729	-0.001679	1.021465	-1.437959	
152	1.002191	-0.002656	16.369339	0.002656	1.002191	-3.936598	
153	1.019765	0.001499	-3.113908	-0.001499	1.019765	-1.449933	
154	1.002200	-0.002959	15.069186	0.002959	1.002200	-4.080989	
155	1.004714	-0.002280	28.102791	0.002280	1.004714	-4.790684	
156	1.019651	0.001196	-3.637799	-0.001196	1.019651	-1.294593	
157	1.001937	-0.002097	13.778144	0.002097	1.001937	-3.193990	
158	1.018194	0.001135	-3.638345	-0.001135	1.018194	-1.270617	
159	1.018075	0.000997	-3.336906	-0.000997	1.018075	-1.330706	
160	1.005322	-0.002565	27.074882	0.002565	1.005322	-4.720721	
161	1.016592	0.001853	-2.832217	-0.001853	1.016592	-1.090241	
162	1.017906	0.001158	-2.658011	-0.001158	1.017906	-1.340842	
163	1.017739	0.000622	-2.452882	-0.000622	1.017739	-1.388719	
164	1.001977	-0.002098	13.705238	0.002098	1.001977	-2.836224	
165	1.004714	-0.002392	27.057796	0.002392	1.004714	-4.315830	
166	1.001714	-0.001464	13.587267	0.001464	1.001714	-2.213648	
167	1.017928	0.000660	-3.569409	-0.000660	1.017928	-1.290767	
168	1.017441	0.000829	-3.312928	-0.000829	1.017441	-1.289632	
169	1.000321	-0.001007	14.938899	0.001007	1.000321	-1.743890	
170	1.033643	0.000760	-5.151044	-0.000760	1.033643	-2.222998	
171	1.015747	-0.000012	-1.274013	0.000012	1.015747	-1.395036	
172	1.016314	0.000099	-1.910008	-0.000099	1.016314	-1.371252	
173	1.016689	0.000306	-3.019291	-0.000306	1.016689	-1.272628	
174	1.004122	-0.004466	10.397419	0.004466	1.004122	-4.958633	
175	1.015995	0.000246	-2.260863	-0.000246	1.015995	-1.332366	
176	1.030448	0.000511	-4.270272	-0.000511	1.030448	-2.092854	
177	1.015089	0.000080	-2.478180	-0.000080	1.015089	-1.285172	
178	1.014994	0.000024	-2.281469	-0.000024	1.014994	-1.266256	
179	1.015689	0.000069	-2.868223	-0.000069	1.015689	-1.284180	
180	1.015753	0.000126	-3.678351	-0.000126	1.015753	-1.321065	
181	1.027803	0.000025	-3.375006	-0.000025	1.027803	-1.974324	
182	1.013438	-0.000466	-1.734658	0.000466	1.013438	-1.487159	
183	1.014088	-0.000130	-1.921942	0.000130	1.014088	-1.299259	
184	1.008973	-0.000745	3.579490	0.000745	1.008973	-1.628338	
185	1.013724	-0.000086	-2.426176	0.000086	1.013724	-1.131419	
186	1.029319	0.000030	-6.398348	-0.000030	1.029319	-2.048447	
187	1.000121	-0.002064	11.622391	0.002064	1.000121	-2.004153	
188	1.013351	-0.000377	-2.204595	0.000377	1.013351	-1.109176	
189	1.012516	-0.000411	-1.384282	0.000411	1.012516	-1.040803	
190	1.011944	-0.000026	-1.704090	0.000026	1.011944	-0.891348	
191	1.022435	-0.000025	-2.491223	0.000025	1.022435	-1.318406	
192	1.009949	-0.000283	-0.637005	0.000283	1.009949	-0.947281	
193	1.006458	-0.000740	2.406141	0.000740	1.006458	-1.177984	
194	0.999264	-0.001336	9.224005	0.001336	0.999264	-1.333646	
195	1.008868	-0.000121	-0.258245	0.000121	1.008868	-0.741175	
196	1.019530	0.000108	-3.644907	-0.000108	1.019530	-1.293244	
197	1.007973	-0.000454	0.010052	0.000454	1.007973	-0.867941	
198	1.007423	-0.000614	0.154563	0.000614	1.007423	-0.928517	
199	0.999013	-0.001183	7.817471	0.001183	0.999013	-1.007325	
200	1.003770	-0.000558	2.699202	0.000558	1.003770	-0.720180	
201	1.014358	-0.000731	-2.145712	0.000731	1.014358	-1.071667	
202	1.002858	-0.000756	2.646709	0.000756	1.002858	-0.466508	
203	1.002865	-0.000732	2.376205	0.000732	1.002865	-0.448129	
204	1.002875	-0.000736	2.137386	0.000736	1.002875	-0.506227	
205	1.003697	-0.000716	1.237635	0.000716	1.003697	-0.470516	
206	1.010431	-0.001383	-0.941313	0.001383	1.010431	-1.141343	
207	1.002327	-0.000698	2.056453	0.000698	1.002327	-0.350465	
208	1.002111	-0.000691	2.100608	0.000691	1.002111	-0.382562	
209	1.002203	-0.000684	1.823607	0.000684	1.002203	-0.331897	
210	1.001689	-0.000794	2.102325	0.000794	1.001689	-0.421382	
211	1.007961	-0.001181	-0.031273	0.001181	1.007961	-0.835197	
212	1.001487	-0.000674	1.612557	0.000674	1.001487	-0.341284	
213	1.001291	-0.000648	1.497986	0.000648	1.001291	-0.355233	
214	1.001003	-0.000556	1.369613	0.000556	1.001003	-0.278328	
215	1.000834	-0.000540	1.127601	0.000540	1.000834	-0.249361	
216	1.001059	-0.000607	1.180695	0.000607	1.001059	-0.108565	
217	1.000144	-0.000413	0.443988	0.000413	1.000144	-0.062597	
218	1.000138	-0.000446	0.327115	0.000446	1.000138	-0.049009	
219	1.000164	-0.000382	0.440077	0.000382	1.000164	-0.024636	
220	1.000265	-0.000238	0.580880	0.000238	1.000265	-0.015325	
221	1.001227	-0.000818	1.167341	0.000818	1.001227	0.019740	
222	1.000618	-0.000513	0.935258	0.000513	1.000618	-0.002575	
223	1.000641	-0.000594	0.930821	0.000594	1.000641	0.026460	
224	1.000368	-0.000899	0.917898	0.000899	1.000368	0.010160	
225	1.000349	-0.000913	0.867836	0.000913	1.000349	-0.021996	
226	1.001164	-0.000661	1.304081	0.000661	1.001164	0.369196	
227	1.000106	-0.000829	0.702844	0.000829	1.000106	0.089259	
228	1.000130	-0.000705	0.722056	0.000705	1.000130	0.200279	
229	1.000060	-0.000650	0.735163	0.000650	1.000060	0.253151	
230	1.000478	-0.000536	0.656924	0.000536	1.000478	0.332586	
231	1.001067	-0.001155	1.228460	0.001155	1.001067	0.461775	
232	1.000177	-0.000874	0.779997	0.000874	1.000177	0.174020	
233	1.000182	-0.000870	0.855379	0.000870	1.000182	0.237054	
234	1.000334	-0.000819	0.853534	0.000819	1.000334	0.236772	
235	1.000353	-0.000809	0.895912	0.000809	1.000353	0.319676	
236	1.001525	-0.001303	1.223408	0.001303	1.001525	0.673477	
237	1.000949	-0.000713	0.677769	0.000713	1.000949	0.273232	
238	1.001031	-0.000748	0.611119	0.000748	1.001031	0.270338	
239	1.001179	-0.000804	0.458361	0.000804	1.001179	0.205086	
240	1.001245	-0.000750	0.460743	0.000750	1.001245	0.262443	
241	1.003098	-0.001171	0.740094	0.001171	1.003098	0.421985	
242	1.001383	-0.000621	0.433688	0.000621	1.001383	0.181658	
243	1.001698	-0.000433	0.416908	0.000433	1.001698	0.061929	
244	1.001625	-0.000422	0.577105	0.000422	1.001625	0.075145	
245	1.001662	-0.000416	0.585192	0.000416	1.001662	-0.027605	
246	1.004295	-0.000397	0.667717	0.000397	1.004295	-0.092021	
247	1.001911	-0.000275	0.346917	0.000275	1.001911	-0.165625	
248	1.001889	-0.000363	0.358880	0.000363	1.001889	-0.212709	
249	1.001657	-0.000398	0.418725	0.000398	1.001657	-0.164279	
250	1.001751	-0.000358	0.351825	0.000358	1.001751	-0.160234	
251	1.003630	-0.000226	0.582010	0.000226	1.003630	-0.121828	
252	1.001770	-0.000190	0.276164	0.000190	1.001770	-0.202131	
253	1.001716	-0.000193	0.306554	0.000193	1.001716	-0.177346	
254	1.001712	-0.000205	0.320594	0.000205	1.001712	-0.187196	
255	1.001827	-0.000225	0.185200	0.000225	1.001827	-0.226236	
256	1.003181	-0.000487	0.423077	0.000487	1.003181	-0.408676	
257	1.001320	-0.000168	0.248410	0.000168	1.001320	-0.166827	
258	1.001282	-0.000189	0.217051	0.000189	1.001282	-0.173487	
259	1.001589	-0.000318	-0.042034	0.000318	1.001589	-0.294903	
260	1.001503	-0.000206	-0.034168	0.000206	1.001503	-0.293657	
261	1.003177	0.000183	-0.329588	-0.000183	1.003177	-0.330600	
262	1.001148	-0.000075	-0.065649	0.000075	1.001148	-0.149245	
263	1.001271	-0.000022	-0.028748	0.000022	1.001271	-0.114698	
264	1.001286	0.000018	0.083135	-0.000018	1.001286	-0.086499	
265	1.001388	-0.000043	0.255984	0.000043	1.001388	-0.195144	
266	1.004506	0.000260	0.753562	-0.000260	1.004506	-0.723427	
267	1.002046	-0.000084	0.866786	0.000084	1.002046	-0.515426	
268	1.002072	-0.000078	0.873522	0.000078	1.002072	-0.561523	
269	1.002000	0.000071	1.054730	-0.000071	1.002000	-0.383364	
270	1.001914	0.000030	1.247695	-0.000030	1.001914	-0.425458	
271	1.004113	0.000023	2.687554	-0.000023	1.004113	-0.741839	
272	1.001810	-0.000033	1.463133	0.000033	1.001810	-0.374581	
273	1.001366	-0.000253	1.600585	0.000253	1.001366	-0.434200	
274	1.001599	-0.000146	1.392354	0.000146	1.001599	-0.368113	
275	1.001447	-0.000237	1.433969	0.000237	1.001447	-0.387452	
276	1.003407	0.000055	2.813842	-0.000055	1.003407	-0.451743	
277	1.001510	-0.000215	1.375930	0.000215	1.001510	-0.410495	
278	1.001541	-0.000055	1.409616	0.000055	1.001541	-0.352045	
279	1.001563	-0.000060	1.379098	0.000060	1.001563	-0.380153	
280	1.001502	-0.000206	1.359639	0.000206	1.001502	-0.452952	
281	1.003045	0.000090	2.662312	-0.000090	1.003045	-0.617462	
282	1.001147	-0.000151	1.387879	0.000151	1.001147	-0.438887	
283	1.001062	-0.000114	1.399822	0.000114	1.001062	-0.432476	
284	1.001054	-0.000182	1.513835	0.000182	1.001054	-0.455140	
285	1.001129	-0.000259	1.508308	0.000259	1.001129	-0.456815	
286	1.002491	0.000166	3.180012	-0.000166	1.002491	-0.610963	
287	1.001341	-0.000135	1.670103	0.000135	1.001341	-0.582678	
288	1.001446	0.000122	1.758834	-0.000122	1.001446	-0.496233	
289	1.001383	-0.000143	1.813826	0.000143	1.001383	-0.618408	
290	1.001443	-0.000102	1.860839	0.000102	1.001443	-0.601649	
291	1.001090	0.000069	5.900408	-0.000069	1.001090	-0.847576	
292	1.001224	-0.000013	1.751808	0.000013	1.001224	-0.557585	
293	1.001198	0.000029	1.666333	-0.000029	1.001198	-0.592940	
294	1.001155	-0.000161	1.642281	0.000161	1.001155	-0.615808	
295	1.001126	-0.000319	1.623828	0.000319	1.001126	-0.648275	
296	1.005135	0.000119	0.949639	-0.000119	1.005135	-0.918760	
297	1.001261	-0.000062	1.536852	0.000062	1.001261	-0.632416	
298	1.001383	-0.000078	1.460242	0.000078	1.001383	-0.646481	
299	1.001249	-0.000341	1.557100	0.000341	1.001249	-0.668687	
300	1.001233	-0.000204	1.755226	0.000204	1.001233	-0.476788	
301	1.002294	0.000486	4.120447	-0.000486	1.002294	-0.879366	
302	1.001362	0.000015	1.605288	-0.000015	1.001362	-0.784926	
303	1.001258	-0.000236	1.581427	0.000236	1.001258	-0.739260	
304	1.001261	-0.000317	1.592308	0.000317	1.001261	-0.645404	
305	1.001336	-0.000337	1.662437	0.000337	1.001336	-0.630971	
306	1.005798	0.000713	0.566763	-0.000713	1.005798	-0.857052	
307	1.001214	-0.000164	1.548908	0.000164	1.001214	-0.678577	
308	1.001237	-0.000254	1.488138	0.000254	1.001237	-0.687223	
309	1.001158	-0.000268	1.502460	0.000268	1.001158	-0.591115	
310	1.001258	-0.000165	1.478141	0.000165	1.001258	-0.546309	
311	1.001938	0.000382	3.625523	-0.000382	1.001938	-0.891632	
312	1.001354	-0.000118	1.294322	0.000118	1.001354	-0.682977	
313	1.001223	-0.000345	1.357530	0.000345	1.001223	-0.648429	
314	1.001244	-0.000233	1.405714	0.000233	1.001244	-0.608656	
315	1.001196	0.000143	1.447156	-0.000143	1.001196	-0.426707	
316	1.001869	0.000128	2.969628	-0.000128	1.001869	-1.013262	
317	1.000984	-0.000124	1.072056	0.000124	1.000984	-0.637430	
318	1.000877	-0.000078	0.983049	0.000078	1.000877	-0.543865	
319	1.000662	0.000013	0.636241	-0.000013	1.000662	-0.626101	
320	1.000312	0.000092	0.525932	-0.000092	1.000312	-0.747091	
321	1.000153	0.000754	0.672268	-0.000754	1.000153	-1.254687	
322	0.999762	-0.000111	0.181266	0.000111	0.999762	-0.724149	
323	0.999601	0.000056	0.207318	-0.000056	0.999601	-0.644899	
324	0.999596	0.000039	0.204693	-0.000039	0.999596	-0.624583	
325	0.999494	0.000169	0.047303	-0.000169	0.999494	-0.679978	
326	0.998329	0.001029	0.233644	-0.001029	0.998329	-1.268909	
327	0.998821	0.000006	-0.326333	-0.000006	0.998821	-0.930327	
328	0.998381	0.000202	-0.482338	-0.000202	0.998381	-0.871999	
329	0.998005	0.000642	-0.394703	-0.000642	0.998005	-0.667015	
330	0.997923	0.000569	-0.194302	-0.000569	0.997923	-0.655977	
331	0.996758	0.000405	0.080820	-0.000405	0.996758	-1.138212	
332	0.998203	-0.000225	0.497514	0.000225	0.998203	-0.246273	
333	0.998330	-0.000236	0.622199	0.000236	0.998330	-0.190158	
334	0.998381	-0.000216	0.734985	0.000216	0.998381	-0.120522	
335	0.998702	-0.000431	0.672598	0.000431	0.998702	-0.081906	
336	0.997540	-0.000804	1.309558	0.000804	0.997540	0.252542	
337	0.998562	-0.000428	0.710319	0.000428	0.998562	0.287016	
338	0.998543	-0.000438	0.753423	0.000438	0.998543	0.231939	
339	0.998745	-0.000365	0.590996	0.000365	0.998745	0.246513	
340	0.998733	-0.000411	0.576286	0.000411	0.998733	0.309388	
341	0.998923	-0.000382	0.465045	0.000382	0.998923	0.345546	
342	0.998740	-0.000541	0.461927	0.000541	0.998740	0.647149	
343	0.999616	-0.000316	0.069453	0.000316	0.999616	0.247214	
344	0.999701	-0.000332	0.012152	0.000332	0.999701	0.293056	
345	0.999846	-0.000248	-0.067686	0.000248	0.999846	0.315672	
346	0.999712	-0.000222	-0.045943	0.000222	0.999712	0.410615	
347	0.999573	-0.000274	-0.193266	0.000274	0.999573	0.540764	
348	0.999760	-0.000286	-0.119242	0.000286	0.999760	0.236797	
349	0.999699	-0.000273	-0.092859	0.000273	0.999699	0.242227	
350	0.999780	-0.000108	-0.097594	0.000108	0.999780	0.237767	
351	0.999790	-0.000163	-0.071973	0.000163	0.999790	0.172273	
352	0.999481	-0.000324	0.002199	0.000324	0.999481	0.420793	
353	0.999710	-0.000036	0.075792	0.000036	0.999710	0.315037	
354	0.999628	-0.000046	0.072656	0.000046	0.999628	0.260331	
355	0.999700	-0.000057	0.092553	0.000057	0.999700	0.232830	
356	0.999607	-0.000080	0.222337	0.000080	0.999607	0.279620	
357	0.999564	-0.000193	0.273278	0.000193	0.999564	0.389392	
358	0.999792	0.000006	0.190400	-0.000006	0.999792	0.204684	
359	0.999806	-0.000076	0.173194	0.000076	0.999806	0.156156	
360	0.999868	-0.000068	0.157433	0.000068	0.999868	0.158222	
361	0.999799	-0.000050	0.224634	0.000050	0.999799	0.247340	
362	0.999766	-0.000063	0.169270	0.000063	0.999766	0.351176	
363	0.999880	0.000128	0.083157	-0.000128	0.999880	0.178656	
364	0.999814	0.000100	0.171127	-0.000100	0.999814	0.169278	
365	0.999802	-0.000006	0.173912	0.000006	0.999802	0.139654	
366	0.999885	0.000006	0.129896	-0.000006	0.999885	0.158073	
367	0.999840	0.000025	0.430909	-0.000025	0.999840	0.354158	
368	0.999948	-0.000097	0.279404	0.000097	0.999948	0.095371	
369	1.000005	-0.000129	0.282402	0.000129	1.000005	0.112051	
370	1.000023	-0.000272	0.515942	0.000272	1.000023	0.164009	
371	0.999983	-0.000222	0.469797	0.000222	0.999983	0.277121	
372	1.000042	-0.000426	0.660275	0.000426	1.000042	0.549470	
373	0.999976	-0.000308	0.421492	0.000308	0.999976	0.327169	
374	0.999866	-0.000436	0.362260	0.000436	0.999866	0.298657	
375	0.999860	-0.000344	0.336011	0.000344	0.999860	0.303597	
376	0.999814	-0.000338	0.382618	0.000338	0.999814	0.451748	
377	0.999912	-0.000757	0.514471	0.000757	0.999912	0.754939	
378	0.999903	-0.000257	0.389884	0.000257	0.999903	0.452987	
379	0.999927	-0.000251	0.317862	0.000251	0.999927	0.382032	
380	0.999905	-0.000189	0.298042	0.000189	0.999905	0.420560	
381	0.999968	-0.000171	0.273148	0.000171	0.999968	0.402505	
382	0.999591	-0.000501	0.361801	0.000501	0.999591	0.809905	
383	0.999706	-0.000212	0.167128	0.000212	0.999706	0.516283	
384	0.999751	-0.000170	0.133346	0.000170	0.999751	0.525156	
385	0.999755	-0.000170	0.103578	0.000170	0.999755	0.492966	
386	0.999730	-0.000202	0.111939	0.000202	0.999730	0.551689	
387	0.999575	-0.000625	0.015480	0.000625	0.999575	1.237036	
388	0.999669	-0.000272	-0.080844	0.000272	0.999669	0.703586	
389	0.999697	-0.000173	-0.246963	0.000173	0.999697	0.682870	
390	0.999567	-0.000194	-0.368536	0.000194	0.999567	0.636400	
391	0.999472	-0.000300	-0.502666	0.000300	0.999472	0.641669	
392	0.998781	-0.000681	-1.617578	0.000681	0.998781	1.315654	
393	0.999126	-0.000233	-1.000496	0.000233	0.999126	0.690749	
394	0.999051	-0.000150	-1.330059	0.000150	0.999051	0.664444	
395	0.998879	-0.000146	-1.655614	0.000146	0.998879	0.652909	
396	0.998748	-0.000136	-1.858811	0.000136	0.998748	0.665310	
397	0.999948	0.000085	-7.201206	-0.000085	0.999948	1.599126	
398	0.998685	0.000014	-2.393568	-0.000014	0.998685	0.711851	
399	0.998555	-0.000052	-2.444760	0.000052	0.998555	0.650746	
400	0.998481	-0.000047	-2.560967	0.000047	0.998481	0.628047	
401	0.998284	-0.000171	-2.437545	0.000171	0.998284	0.668985	
402	0.997660	0.000018	-6.214064	-0.000018	0.997660	1.401798	
403	0.998297	0.000089	-2.662487	-0.000089	0.998297	0.695116	
404	0.997555	-0.000072	-2.073050	0.000072	0.997555	0.597902	
405	0.997715	-0.000266	-2.421307	0.000266	0.997715	0.581431	
406	0.998354	-0.000108	-2.984159	0.000108	0.998354	0.682752	
407	1.000548	0.000540	-9.970154	-0.000540	1.000548	1.540510	
408	0.998543	-0.000068	-2.915284	0.000068	0.998543	0.636097	
409	0.998355	-0.000142	-2.748790	0.000142	0.998355	0.669045	
410	0.997911	-0.000169	-2.413887	0.000169	0.997911	0.704740	
411	0.998511	-0.000054	-3.002981	0.000054	0.998511	0.696110	
412	1.000994	0.000477	-11.178258	-0.000477	1.000994	1.324272	
413	0.998703	0.000067	-3.624155	-0.000067	0.998703	0.688925	
414	0.998251	-0.000086	-3.300544	0.000086	0.998251	0.661190	
415	0.998109	0.000031	-3.288987	-0.000031	0.998109	0.731512	
416	0.998158	-0.000082	-3.487296	0.000082	0.998158	0.763649	
417	1.001010	0.000749	-12.867212	-0.000749	1.001010	1.779412	
418	0.997593	-0.000085	-3.455884	0.000085	0.997593	0.743031	
419	0.997238	-0.000102	-3.313271	0.000102	0.997238	0.709713	
420	0.997528	-0.000149	-3.762018	0.000149	0.997528	0.728923	
421	0.997219	-0.000250	-3.666016	0.000250	0.997219	0.765250	
422	1.001278	0.000509	-15.911975	-0.000509	1.001278	1.611563	
423	1.000040	0.000486	-7.511792	-0.000486	1.000040	1.110908	
424	0.998118	0.000079	-5.882235	-0.000079	0.998118	1.028158	
425	0.991484	-0.000668	0.278829	0.000668	0.991484	0.935914	
426	1.000089	0.000764	-8.570100	-0.000764	1.000089	1.502647	
427	1.000646	0.000748	-18.789075	-0.000748	1.000646	2.123717	
428	0.990321	-0.000741	0.595489	0.000741	0.990321	0.912271	
429	0.990876	-0.000791	0.037254	0.000791	0.990876	0.899789	
430	0.999441	0.000735	-8.835880	-0.000735	0.999441	1.498597	
431	0.999632	0.000964	-8.824778	-0.000964	0.999632	1.512430	
432	0.978770	-0.001443	4.068043	0.001443	0.978770	1.322720	
433	1.000039	0.000870	-9.020638	-0.000870	1.000039	1.429335	
434	0.993526	-0.000362	-2.463734	0.000362	0.993526	1.092402	
435	0.991104	-0.000819	0.004945	0.000819	0.991104	0.811492	
436	0.990506	-0.000826	0.942188	0.000826	0.990506	0.825620	
437	0.979737	-0.002179	3.592630	0.002179	0.979737	0.980791	
438	0.999747	0.000873	-8.014946	-0.000873	0.999747	1.414074	
439	0.995504	-0.000179	-3.546517	0.000179	0.995504	0.980987	
440	0.995448	-0.000217	-3.767049	0.000217	0.995448	1.031432	
441	0.990821	-0.000736	0.714082	0.000736	0.990821	0.927990	
442	0.979280	-0.001873	3.698659	0.001873	0.979280	1.184693	
443	0.991287	-0.000809	0.409537	0.000809	0.991287	0.984224	
444	0.994869	-0.000287	-2.984786	0.000287	0.994869	1.130462	
445	0.991549	-0.000774	0.055061	0.000774	0.991549	0.924065	
446	0.994646	-0.000325	-2.723129	0.000325	0.994646	0.969923	
447	0.980000	-0.002090	3.739035	0.002090	0.980000	1.015551	
448	0.990255	-0.001291	1.414422	0.001291	0.990255	0.642534	
449	0.990786	-0.001017	0.814110	0.001017	0.990786	0.796604	
450	0.992005	-0.000522	0.065548	0.000522	0.992005	0.972821	
