0	1.000000	0.000000	0.000000	0.000000	1.000000	0.000000	
1	1.001443	-0.000150	3.551430	0.000150	1.001443	-0.409901	
2	1.001795	-0.000044	3.446098	0.000044	1.001795	-0.324952	
3	1.001534	-0.000229	3.418591	0.000229	1.001534	-0.279905	
4	1.001898	-0.000222	3.336250	0.000222	1.001898	-0.379043	
5	1.002296	-0.000141	2.850205	0.000141	1.002296	-0.188410	
6	1.002329	-0.000189	2.504830	0.000189	1.002329	-0.116212	
7	1.002689	-0.000066	2.032133	0.000066	1.002689	-0.106908	
8	1.002983	0.000119	1.453239	-0.000119	1.002983	0.185445	
9	1.003542	0.000237	0.936764	-0.000237	1.003542	0.102065	
10	1.004042	0.000271	0.413503	-0.000271	1.004042	-0.095812	
11	1.004238	0.000267	-0.087906	-0.000267	1.004238	-0.283787	
12	1.004283	0.000234	-0.762072	-0.000234	1.004283	-0.297848	
13	1.004071	0.000254	-1.682757	-0.000254	1.004071	-0.059487	
14	1.003967	0.000393	-2.661489	-0.000393	1.003967	0.199353	
15	1.004332	0.000669	-3.937102	-0.000669	1.004332	0.387476	
16	1.003973	0.000436	-4.580533	-0.000436	1.003973	0.436125	
17	1.004041	0.000554	-5.421706	-0.000554	1.004041	0.296718	
18	1.003976	0.000559	-6.352240	-0.000559	1.003976	-0.081639	
19	1.004049	0.000664	-7.334270	-0.000664	1.004049	-0.596284	
20	1.004449	0.000597	-8.430648	-0.000597	1.004449	-1.380895	
21	1.004722	0.000864	-9.363295	-0.000864	1.004722	-1.456555	
22	1.004964	0.000925	-10.522323	-0.000925	1.004964	-1.585838	
23	1.004895	0.001028	-11.457101	-0.001028	1.004895	-1.364996	
24	1.004953	0.001082	-12.553658	-0.001082	1.004953	-1.093472	
25	1.004631	0.001394	-13.193085	-0.001394	1.004631	-0.627210	
26	1.005167	0.001639	-14.204352	-0.001639	1.005167	-0.668361	
27	1.005260	0.001741	-14.929925	-0.001741	1.005260	-0.722363	
28	1.005240	0.001681	-15.449567	-0.001681	1.005240	-0.716745	
29	1.005563	0.001768	-16.291236	-0.001768	1.005563	-0.898853	
30	1.006254	0.001779	-17.262285	-0.001779	1.006254	-1.105294	
31	1.005867	0.001427	-17.847452	-0.001427	1.005867	-1.257078	
32	1.005647	0.001578	-18.684372	-0.001578	1.005647	-1.116775	
33	1.005132	0.001814	-19.108022	-0.001814	1.005132	-0.660609	
34	1.006212	0.001705	-20.882893	-0.001705	1.006212	-1.183006	
35	1.005426	0.002032	-21.404339	-0.002032	1.005426	-0.759675	
36	1.005420	0.002188	-22.121420	-0.002188	1.005420	-0.635030	
37	1.005879	0.002222	-23.084460	-0.002222	1.005879	-1.007850	
38	1.005850	0.002261	-23.555593	-0.002261	1.005850	-1.098664	
39	1.006737	0.002681	-24.389032	-0.002681	1.006737	-1.284981	
40	1.006358	0.003527	-24.747699	-0.003527	1.006358	-1.050401	
41	1.004672	0.002815	-24.039371	-0.002815	1.004672	-1.261829	
42	1.003999	0.002504	-24.169194	-0.002504	1.003999	-1.584530	
43	1.004449	0.002194	-24.458609	-0.002194	1.004449	-2.229997	
44	1.004671	0.002607	-24.884545	-0.002607	1.004671	-2.221618	
45	1.006663	0.002536	-26.093250	-0.002536	1.006663	-2.707285	
46	1.008524	0.005359	-26.331235	-0.005359	1.008524	-2.199031	
47	1.007905	0.005167	-26.082774	-0.005167	1.007905	-1.795399	
48	1.006531	0.003768	-24.771102	-0.003768	1.006531	-1.765715	
49	1.005320	0.002863	-23.861641	-0.002863	1.005320	-1.822706	
50	1.003822	0.001375	-22.545443	-0.001375	1.003822	-2.354393	
51	1.002806	0.002327	-21.029007	-0.002327	1.002806	-1.503829	
52	1.005079	0.001852	-21.979373	-0.001852	1.005079	-1.764468	
53	1.003999	0.003443	-20.496296	-0.003443	1.003999	-0.555229	
54	1.008912	0.002790	-22.552224	-0.002790	1.008912	-1.890826	
55	1.007462	0.002905	-21.768495	-0.002905	1.007462	-1.473238	
56	1.003539	0.003819	-18.321712	-0.003819	1.003539	0.003803	
57	1.007792	0.001898	-21.264627	-0.001898	1.007792	-2.584154	
58	1.008037	0.001581	-21.005322	-0.001581	1.008037	-2.847655	
59	1.006875	0.001454	-20.397892	-0.001454	1.006875	-2.722365	
60	1.006328	0.002013	-20.145591	-0.002013	1.006328	-2.292683	
61	1.007782	0.001620	-21.425916	-0.001620	1.007782	-2.836387	
62	1.006278	0.003803	-20.113771	-0.003803	1.006278	-1.068419	
63	1.005727	0.002940	-20.487461	-0.002940	1.005727	-1.597551	
64	1.006314	0.002493	-21.447316	-0.002493	1.006314	-2.061565	
65	1.006145	0.001743	-21.720935	-0.001743	1.006145	-1.942857	
66	1.005186	0.002122	-20.826847	-0.002122	1.005186	-1.366676	
67	1.003166	0.003064	-19.170711	-0.003064	1.003166	-0.630323	
68	1.004853	0.002791	-21.207667	-0.002791	1.004853	-1.168718	
69	1.006859	0.001878	-22.958869	-0.001878	1.006859	-2.077952	
70	1.007231	0.001644	-22.976257	-0.001644	1.007231	-1.997046	
71	1.009768	0.004597	-23.286228	-0.004597	1.009768	-1.018997	
72	1.007240	0.000912	-21.910205	-0.000912	1.007240	-1.659538	
73	1.006244	0.001066	-20.532932	-0.001066	1.006244	-1.188438	
74	1.006445	0.001095	-19.460842	-0.001095	1.006445	-1.011850	
75	1.006199	0.000440	-17.920616	-0.000440	1.006199	-1.200736	
76	1.004684	0.001545	-14.987031	-0.001545	1.004684	-0.443832	
77	1.003750	0.001620	-13.201616	-0.001620	1.003750	-0.199884	
78	1.002826	0.001091	-12.177078	-0.001091	1.002826	-0.342272	
79	1.002628	0.000743	-11.962185	-0.000743	1.002628	-0.644680	
80	1.001860	0.000608	-10.999343	-0.000608	1.001860	-0.567231	
81	1.001338	0.000725	-10.327021	-0.000725	1.001338	-0.212408	
82	1.001180	0.000573	-10.066419	-0.000573	1.001180	0.082581	
83	1.000768	0.000877	-9.395506	-0.000877	1.000768	0.457685	
84	0.999895	0.001706	-8.398697	-0.001706	0.999895	1.332875	
85	1.000221	0.001131	-8.835911	-0.001131	1.000221	0.998306	
86	1.000208	0.000869	-9.124239	-0.000869	1.000208	0.722416	
87	0.999873	0.000677	-9.420884	-0.000677	0.999873	0.517135	
88	1.000269	0.000620	-10.129002	-0.000620	1.000269	-0.043235	
89	0.999681	0.000992	-9.685193	-0.000992	0.999681	0.225224	
90	0.999447	0.000671	-9.087787	-0.000671	0.999447	0.320032	
91	0.999424	0.000873	-7.824956	-0.000873	0.999424	0.536003	
92	0.999985	0.000656	-6.881853	-0.000656	0.999985	0.201894	
93	1.001251	0.000406	-5.904555	-0.000406	1.001251	0.061933	
94	1.000910	0.000243	-4.901448	-0.000243	1.000910	-0.117761	
95	1.000569	-0.000010	-4.327126	0.000010	1.000569	-0.470696	
96	1.000203	0.000282	-3.808773	-0.000282	1.000203	-0.050924	
97	0.999963	0.000422	-3.343644	-0.000422	0.999963	0.171108	
98	0.999206	0.001602	-1.889415	-0.001602	0.999206	1.336907	
99	1.000228	0.000730	-3.066011	-0.000730	1.000228	1.226870	
100	0.999666	0.000925	-2.425577	-0.000925	0.999666	1.645409	
101	1.000375	0.000586	-3.177440	-0.000586	1.000375	1.220501	
102	1.000412	0.000351	-3.377393	-0.000351	1.000412	0.633878	
103	1.000611	-0.000055	-3.705202	0.000055	1.000611	-0.697953	
104	1.000736	-0.000235	-4.053631	0.000235	1.000736	-1.380462	
105	1.000538	-0.000247	-4.087917	0.000247	1.000538	-1.492789	
106	1.000610	-0.000203	-4.333113	0.000203	1.000610	-1.304440	
107	0.996327	0.002542	-0.068849	-0.002542	0.996327	2.064943	
108	1.000570	0.000435	-4.650893	-0.000435	1.000570	0.569028	
109	1.001014	0.000456	-5.402553	-0.000456	1.001014	1.152913	
110	1.001138	0.000526	-5.767456	-0.000526	1.001138	1.447277	
111	1.001128	0.000587	-6.064719	-0.000587	1.001128	1.572652	
112	1.000866	0.000496	-6.289100	-0.000496	1.000866	1.356551	
113	0.999884	0.000590	-6.043030	-0.000590	0.999884	1.045455	
114	0.999664	0.000561	-5.994752	-0.000561	0.999664	0.305059	
115	0.999708	0.000338	-6.098469	-0.000338	0.999708	-0.522093	
116	1.001127	0.000140	-5.930904	-0.000140	1.001127	-0.778071	
117	1.001027	0.000126	-5.675459	-0.000126	1.001027	-0.674502	
118	1.000920	0.000078	-5.486559	-0.000078	1.000920	-0.421746	
119	1.000717	0.000259	-5.737572	-0.000259	1.000717	-0.068755	
120	1.000196	0.000996	-4.167867	-0.000996	1.000196	0.780766	
121	1.001888	0.000057	-6.303224	-0.000057	1.001888	-0.267176	
122	1.001416	0.000035	-5.930009	-0.000035	1.001416	-0.595639	
123	1.001882	-0.000015	-6.516584	0.000015	1.001882	-0.780886	
124	1.001692	-0.000050	-6.800850	0.000050	1.001692	-0.961719	
125	1.001679	-0.000108	-7.332632	0.000108	1.001679	-1.073046	
126	0.999270	0.000310	-6.376821	-0.000310	0.999270	-0.033438	
127	0.999149	0.000494	-6.816007	-0.000494	0.999149	0.248266	
128	0.999203	0.000528	-7.386802	-0.000528	0.999203	0.347668	
129	1.003093	0.000729	-9.319737	-0.000729	1.003093	0.118029	
130	0.999144	0.000795	-8.158033	-0.000795	0.999144	0.194838	
131	0.993801	0.002376	-3.425022	-0.002376	0.993801	2.154910	
132	1.000392	0.000608	-10.154776	-0.000608	1.000392	-0.200236	
133	0.999672	0.000611	-9.539130	-0.000611	0.999672	-0.012944	
134	0.999153	0.000637	-9.186456	-0.000637	0.999153	0.534039	
135	0.998856	0.000917	-8.740635	-0.000917	0.998856	0.897728	
136	0.998964	0.000756	-8.425380	-0.000756	0.998964	0.775002	
137	1.000864	0.000352	-9.813998	-0.000352	1.000864	-0.218754	
138	1.000603	0.000172	-9.287825	-0.000172	1.000603	-0.886961	
139	1.001327	0.000051	-8.537044	-0.000051	1.001327	-1.054302	
140	1.001952	-0.000163	-7.970007	0.000163	1.001952	-1.538632	
141	1.001906	-0.000265	-7.050507	0.000265	1.001906	-1.588166	
142	1.002136	-0.000180	-6.489848	0.000180	1.002136	-1.284527	
143	1.001728	-0.000070	-5.921790	0.000070	1.001728	-0.737886	
144	1.000546	0.000337	-4.993295	-0.000337	1.000546	0.192691	
145	1.001276	0.000073	-6.013911	-0.000073	1.001276	0.059813	
146	1.001435	-0.000117	-6.017225	0.000117	1.001435	0.128934	
147	0.993906	0.001552	1.565750	-0.001552	0.993906	2.789195	
148	1.002246	0.000062	-5.458895	-0.000062	1.002246	0.128597	
149	1.002151	0.000101	-3.981623	-0.000101	1.002151	-0.312775	
150	1.002254	0.000179	-3.009772	-0.000179	1.002254	-0.290703	
151	1.001165	0.000598	-1.384291	-0.000598	1.001165	0.307906	
152	1.001888	0.000330	-1.573666	-0.000330	1.001888	-0.230562	
153	1.001581	0.000239	-0.952993	-0.000239	1.001581	-0.488744	
154	1.001896	0.000091	-1.093022	-0.000091	1.001896	-0.731408	
155	1.001647	0.000128	-1.202171	-0.000128	1.001647	-0.336625	
156	1.000738	0.000426	-1.094432	-0.000426	1.000738	-0.181086	
157	1.002297	0.000372	-3.275221	-0.000372	1.002297	-0.625935	
158	1.001409	0.000839	-3.359155	-0.000839	1.001409	0.303399	
159	1.003187	0.000886	-5.555208	-0.000886	1.003187	0.600599	
160	1.003541	0.000444	-6.573374	-0.000444	1.003541	0.189999	
161	1.004095	0.000571	-7.498330	-0.000571	1.004095	0.311547	
162	1.004054	0.000500	-7.963123	-0.000500	1.004054	0.196327	
163	1.004479	0.000388	-8.481978	-0.000388	1.004479	-0.126951	
164	1.004875	0.000387	-8.526981	-0.000387	1.004875	-0.772529	
165	1.004994	0.000226	-8.435908	-0.000226	1.004994	-1.208608	
166	1.005638	0.000320	-8.838941	-0.000320	1.005638	-1.277813	
167	1.005406	0.000354	-8.356158	-0.000354	1.005406	-1.083494	
168	1.001450	0.001560	-4.440868	-0.001560	1.001450	1.354941	
169	1.004868	0.000773	-7.528887	-0.000773	1.004868	1.386292	
170	1.004880	0.000719	-7.131868	-0.000719	1.004880	1.202137	
171	1.004863	0.000677	-6.862853	-0.000677	1.004863	0.835780	
172	1.004541	0.000601	-6.418564	-0.000601	1.004541	1.127023	
173	1.004482	0.000660	-5.664056	-0.000660	1.004482	0.283601	
174	1.003542	0.000488	-4.413183	-0.000488	1.003542	-0.822904	
175	1.003266	0.000422	-4.580244	-0.000422	1.003266	-0.524493	
176	1.002357	0.000206	-4.463122	-0.000206	1.002357	-0.290773	
177	0.997754	0.001590	-0.742442	-0.001590	0.997754	1.254294	
178	1.001635	0.001064	-5.545046	-0.001064	1.001635	1.106291	
179	0.998657	0.001241	-5.194015	-0.001241	0.998657	1.726051	
180	1.000110	0.001243	-6.935735	-0.001243	1.000110	0.818018	
181	1.000095	0.001234	-6.742109	-0.001234	1.000095	0.412969	
182	0.999278	0.001127	-6.359179	-0.001127	0.999278	0.072264	
183	0.997286	0.001698	-4.364866	-0.001698	0.997286	1.382474	
184	1.001449	0.000731	-7.697688	-0.000731	1.001449	0.810492	
185	1.000291	0.001136	-7.416044	-0.001136	1.000291	2.011150	
186	1.001010	0.000867	-8.717154	-0.000867	1.001010	2.434343	
187	1.000963	0.000999	-9.314493	-0.000999	1.000963	3.129884	
188	1.001194	0.001046	-9.906401	-0.001046	1.001194	2.918803	
189	0.999946	0.001257	-9.237297	-0.001257	0.999946	2.945933	
190	0.998298	0.001779	-8.087401	-0.001779	0.998298	3.461205	
191	1.000491	0.001467	-9.817319	-0.001467	1.000491	2.041078	
192	0.999442	0.001190	-8.559126	-0.001190	0.999442	1.320598	
193	0.999285	0.001206	-7.995372	-0.001206	0.999285	0.768387	
194	1.000794	0.001049	-8.873344	-0.001049	1.000794	-0.468424	
195	1.001666	0.000562	-8.997750	-0.000562	1.001666	-1.220382	
196	1.001960	0.000410	-8.416083	-0.000410	1.001960	-1.227918	
197	1.001875	0.000051	-7.665188	-0.000051	1.001875	-1.036524	
198	1.002192	-0.000574	-6.672024	0.000574	1.002192	-0.953796	
199	1.001867	-0.000387	-6.207000	0.000387	1.001867	-0.400104	
200	1.002091	-0.000134	-6.180982	0.000134	1.002091	0.227544	
201	1.002375	-0.000099	-6.437165	0.000099	1.002375	0.412821	
202	1.002624	-0.000262	-6.542944	0.000262	1.002624	0.224172	
203	1.002894	-0.000215	-6.583861	0.000215	1.002894	0.081994	
204	1.002921	-0.000170	-6.309524	0.000170	1.002921	0.081489	
205	1.002520	-0.000183	-5.537483	0.000183	1.002520	0.022456	
206	1.002873	-0.000211	-5.441419	0.000211	1.002873	-0.366664	
207	1.003037	0.000188	-4.086804	-0.000188	1.003037	-0.316247	
208	0.999946	0.001223	-0.145285	-0.001223	0.999946	0.867746	
209	1.002453	0.000447	-2.079891	-0.000447	1.002453	-0.579801	
210	1.002032	0.000285	-1.876656	-0.000285	1.002032	-0.993076	
211	1.002061	0.000177	-1.671611	-0.000177	1.002061	-1.542085	
212	1.001999	-0.000210	-0.771916	0.000210	1.001999	-2.108536	
213	1.001537	-0.000188	0.924591	0.000188	1.001537	-2.716235	
214	0.999769	-0.000280	4.132584	0.000280	0.999769	-3.114251	
215	0.999845	-0.000054	6.364977	0.000054	0.999845	-3.324294	
216	0.999692	0.000045	7.738370	-0.000045	0.999692	-3.020558	
217	0.998752	0.000075	9.272082	-0.000075	0.998752	-2.444934	
218	0.992702	0.000510	13.774572	-0.000510	0.992702	0.527226	
219	0.989970	0.000496	16.373156	-0.000496	0.989970	2.236098	
220	0.988853	0.000301	18.498529	-0.000301	0.988853	3.134215	
221	0.988168	-0.000057	19.950313	0.000057	0.988168	3.503862	
222	0.988365	-0.000723	20.234723	0.000723	0.988365	3.172912	
223	0.988067	-0.000544	20.934710	0.000544	0.988067	3.057439	
224	0.988320	-0.000522	21.019112	0.000522	0.988320	2.465442	
225	0.988323	0.000087	21.285449	-0.000087	0.988323	2.760688	
226	0.988192	0.000129	21.969610	-0.000129	0.988192	2.848139	
227	0.988491	0.000186	21.808194	-0.000186	0.988491	2.855734	
228	0.989080	0.000072	20.522962	-0.000072	0.989080	2.353506	
229	0.989193	0.000338	20.274410	-0.000338	0.989193	2.220384	
230	0.990168	0.000125	19.226990	-0.000125	0.990168	1.951909	
231	0.989884	0.000200	19.144802	-0.000200	0.989884	2.074310	
232	0.990532	0.000064	18.341042	-0.000064	0.990532	1.657854	
233	0.990103	0.000042	18.164510	-0.000042	0.990103	2.221887	
234	0.989976	0.000001	16.932936	-0.000001	0.989976	3.279826	
235	0.989681	0.000588	15.129933	-0.000588	0.989681	4.342626	
236	0.991967	0.000476	11.574331	-0.000476	0.991967	3.879294	
237	0.992236	0.000673	10.561527	-0.000673	0.992236	4.232682	
238	0.992656	0.000671	9.737335	-0.000671	0.992656	3.847525	
239	0.992560	0.000637	9.446478	-0.000637	0.992560	3.093677	
240	0.993905	0.000608	8.342048	-0.000608	0.993905	2.501090	
241	0.993938	0.000507	8.093779	-0.000507	0.993938	2.056122	
242	0.994116	0.000074	7.408249	-0.000074	0.994116	1.360457	
243	0.994916	-0.000019	6.614691	0.000019	0.994916	1.440215	
244	0.995275	-0.000165	6.121652	0.000165	0.995275	1.301760	
245	0.995469	-0.000242	5.602329	0.000242	0.995469	1.177550	
246	0.995892	0.000226	4.847212	-0.000226	0.995892	1.362216	
247	0.996453	-0.000146	3.961611	0.000146	0.996453	0.866187	
248	0.996514	-0.000027	3.721552	0.000027	0.996514	1.033701	
249	0.996812	-0.000192	3.276544	0.000192	0.996812	0.892653	
250	0.996876	-0.000174	2.920034	0.000174	0.996876	1.023185	
251	0.996589	-0.000421	2.786628	0.000421	0.996589	0.962147	
252	0.996306	-0.000236	2.870243	0.000236	0.996306	1.191527	
253	0.996445	-0.000194	3.157726	0.000194	0.996445	1.184831	
254	0.996390	-0.000158	4.209795	0.000158	0.996390	1.119081	
255	0.996685	-0.000298	4.756590	0.000298	0.996685	1.125768	
256	0.997336	-0.000167	4.592734	0.000167	0.997336	1.190639	
257	0.996938	-0.000194	4.936485	0.000194	0.996938	1.283869	
258	0.997935	-0.000214	4.686013	0.000214	0.997935	0.907817	
259	0.997905	-0.000038	5.314644	0.000038	0.997905	0.984510	
260	0.997703	0.000127	6.024610	-0.000127	0.997703	0.863925	
261	0.998946	-0.000137	5.843237	0.000137	0.998946	0.133261	
262	0.999921	-0.000919	6.517211	0.000919	0.999921	-0.852409	
263	1.000110	-0.001011	6.764588	0.001011	1.000110	-1.012741	
264	1.000044	-0.000998	7.382861	0.000998	1.000044	-0.975289	
265	1.000608	-0.000711	7.828542	0.000711	1.000608	-0.882129	
266	1.000694	-0.000723	8.723254	0.000723	1.000694	-1.005252	
267	1.000640	-0.000768	10.094280	0.000768	1.000640	-1.401187	
268	1.000841	-0.001263	10.542683	0.001263	1.000841	-2.099892	
269	1.000997	-0.001409	10.952245	0.001409	1.000997	-2.236232	
270	1.000189	-0.000994	12.316188	0.000994	1.000189	-1.873983	
271	1.000674	-0.001344	12.534572	0.001344	1.000674	-2.277694	
272	1.000084	-0.001173	13.852326	0.001173	1.000084	-2.002122	
273	1.000371	-0.001181	14.208897	0.001181	1.000371	-2.056077	
274	0.998493	-0.001410	15.479576	0.001410	0.998493	-1.606795	
275	0.999185	-0.001648	14.875680	0.001648	0.999185	-1.965849	
276	0.997923	-0.000929	16.257741	0.000929	0.997923	-1.558694	
277	0.997750	-0.001052	16.642322	0.001052	0.997750	-2.000654	
278	0.996962	-0.001060	17.776342	0.001060	0.996962	-1.765565	
279	0.997171	-0.001760	17.821059	0.001760	0.997171	-2.119129	
280	0.996602	-0.001776	18.155109	0.001776	0.996602	-1.552994	
281	0.995636	-0.001996	18.600159	0.001996	0.995636	-0.966787	
282	0.995819	-0.001695	18.399547	0.001695	0.995819	-0.454486	
283	0.995401	-0.001530	18.651858	0.001530	0.995401	-0.001790	
284	0.994706	-0.001438	19.173076	0.001438	0.994706	0.756392	
285	0.995019	-0.001017	18.698000	0.001017	0.995019	1.025766	
286	0.994238	-0.000954	18.792690	0.000954	0.994238	1.301316	
287	0.994585	-0.000917	17.908980	0.000917	0.994585	1.256887	
288	0.994274	-0.000859	17.504485	0.000859	0.994274	1.479042	
289	0.994305	-0.001043	17.038737	0.001043	0.994305	1.562730	
290	0.994440	-0.000969	16.721764	0.000969	0.994440	1.606037	
291	0.994791	-0.001205	16.211435	0.001205	0.994791	1.155586	
292	0.994400	-0.001136	15.939678	0.001136	0.994400	1.119899	
293	0.994673	-0.001058	15.135967	0.001058	0.994673	0.958744	
294	0.994304	-0.000942	15.006231	0.000942	0.994304	1.115183	
295	0.993780	-0.000688	14.994082	0.000688	0.993780	1.456332	
296	0.993888	-0.000453	14.561111	0.000453	0.993888	1.688836	
297	0.993477	-0.000621	14.558109	0.000621	0.993477	1.677884	
298	0.993797	-0.000897	13.787992	0.000897	0.993797	1.487263	
299	0.994052	-0.001576	13.202495	0.001576	0.994052	1.049956	
300	0.993930	-0.000907	13.689322	0.000907	0.993930	1.679501	
301	0.994437	-0.000767	13.541718	0.000767	0.994437	1.585737	
302	0.993795	-0.000344	13.713500	0.000344	0.993795	1.849050	
303	0.992338	0.000298	13.778053	-0.000298	0.992338	2.527209	
304	0.995336	-0.000878	13.010841	0.000878	0.995336	1.077860	
305	0.996243	-0.000872	12.891832	0.000872	0.996243	0.615798	
306	0.996844	-0.000679	13.016593	0.000679	0.996844	0.670046	
307	0.997121	-0.001067	13.090529	0.001067	0.997121	0.296560	
308	0.997253	-0.000989	13.345138	0.000989	0.997253	0.178864	
309	0.997529	-0.001669	13.196246	0.001669	0.997529	-0.521913	
310	0.997682	-0.001546	13.117350	0.001546	0.997682	-0.426500	
311	0.997627	-0.001359	12.978699	0.001359	0.997627	-0.426129	
312	0.997677	-0.000979	12.974514	0.000979	0.997677	-0.156402	
313	0.996849	-0.000558	14.013364	0.000558	0.996849	0.120085	
314	0.997276	-0.000950	13.577342	0.000950	0.997276	-0.105376	
315	0.997991	-0.001210	13.307379	0.001210	0.997991	-0.260951	
316	0.997787	-0.001305	12.678488	0.001305	0.997787	-0.074193	
317	0.997266	-0.001123	12.152374	0.001123	0.997266	0.127092	
318	0.997789	-0.000605	11.084765	0.000605	0.997789	0.320833	
319	0.996781	-0.000672	10.997927	0.000672	0.996781	0.412300	
320	0.997650	-0.000544	10.059282	0.000544	0.997650	0.323046	
321	0.998841	-0.000697	9.302582	0.000697	0.998841	-0.510290	
322	0.998625	-0.001033	9.371643	0.001033	0.998625	-1.026088	
323	0.994518	-0.001629	10.493132	0.001629	0.994518	-1.117776	
324	0.994772	-0.001641	10.825806	0.001641	0.994772	-1.551330	
325	0.999773	-0.001351	9.514552	0.001351	0.999773	-2.688664	
326	0.998182	-0.000953	10.901689	0.000953	0.998182	-2.678111	
327	0.999463	-0.000809	10.355439	0.000809	0.999463	-2.816516	
328	0.998919	-0.001144	10.648916	0.001144	0.998919	-2.739076	
329	0.995122	-0.002322	12.394248	0.002322	0.995122	-2.453894	
330	0.997182	-0.001160	12.040010	0.001160	0.997182	-1.909343	
331	0.997217	-0.001228	12.221151	0.001228	0.997217	-1.790722	
332	0.996385	-0.001315	12.919523	0.001315	0.996385	-1.666654	
333	0.997010	-0.001184	12.664213	0.001184	0.997010	-1.542889	
334	0.997219	-0.001039	12.784381	0.001039	0.997219	-1.485076	
335	0.995627	-0.001019	13.992307	0.001019	0.995627	-1.851450	
336	0.996103	-0.001148	13.795528	0.001148	0.996103	-2.170661	
337	0.996174	-0.001160	13.681880	0.001160	0.996174	-1.870948	
338	0.995903	-0.002000	13.682879	0.002000	0.995903	-2.915448	
339	0.997040	-0.001482	13.444378	0.001482	0.997040	-3.023335	
340	0.997272	-0.001404	13.726740	0.001404	0.997272	-2.923027	
341	0.996918	-0.001908	13.835056	0.001908	0.996918	-2.642860	
342	0.997515	-0.001586	13.971759	0.001586	0.997515	-3.037070	
343	0.997481	-0.001459	13.805368	0.001459	0.997481	-3.431410	
344	0.997837	-0.001272	13.707396	0.001272	0.997837	-3.587177	
345	0.996823	-0.001791	13.966445	0.001791	0.996823	-3.870761	
346	0.997595	-0.001615	13.620003	0.001615	0.997595	-3.908051	
347	0.997476	-0.001817	13.709778	0.001817	0.997476	-4.276419	
348	0.997833	-0.001736	13.243831	0.001736	0.997833	-4.212835	
349	0.997914	-0.001689	12.858022	0.001689	0.997914	-3.719087	
350	0.998071	-0.001637	12.242651	0.001637	0.998071	-3.126875	
351	0.998709	-0.001111	11.498962	0.001111	0.998709	-2.387771	
352	0.991077	-0.001253	13.285651	0.001253	0.991077	-1.119680	
353	0.998612	-0.000918	10.164128	0.000918	0.998612	-1.505428	
354	0.998710	-0.001006	9.849326	0.001006	0.998710	-1.047528	
355	0.992907	-0.000749	11.081636	0.000749	0.992907	0.156795	
356	0.993069	-0.000549	10.612285	0.000549	0.993069	0.600369	
357	0.998150	-0.001059	9.121280	0.001059	0.998150	0.044063	
358	0.995623	-0.000428	9.398721	0.000428	0.995623	0.655492	
359	0.992984	0.000018	9.644454	-0.000018	0.992984	1.131052	
360	0.995073	-0.000014	8.444829	0.000014	0.995073	0.814907	
361	0.995873	-0.000084	8.189808	0.000084	0.995873	0.596976	
362	0.995271	-0.000092	7.487308	0.000092	0.995271	0.726133	
363	0.996412	0.000024	6.207887	-0.000024	0.996412	0.611417	
364	0.998074	-0.000333	4.087061	0.000333	0.998074	-0.099934	
365	1.000164	-0.000678	1.229317	0.000678	1.000164	-0.813291	
366	1.001687	-0.000846	-1.383142	0.000846	1.001687	-1.073366	
367	1.003130	-0.000738	-3.854347	0.000738	1.003130	-1.328910	
368	1.003838	-0.000444	-5.136318	0.000444	1.003838	-1.118873	
369	1.003971	-0.000686	-5.601017	0.000686	1.003971	-1.617226	
370	1.004847	-0.000661	-6.268258	0.000661	1.004847	-1.703370	
371	1.004540	-0.000624	-6.730565	0.000624	1.004540	-1.300918	
372	1.005722	-0.000358	-8.077871	0.000358	1.005722	-0.443172	
373	1.005314	-0.000435	-9.136422	0.000435	1.005314	0.281964	
374	1.009970	0.000852	-11.637233	-0.000852	1.009970	0.933649	
375	1.012511	0.001633	-14.076746	-0.001633	1.012511	1.631463	
376	1.014835	0.001878	-16.506708	-0.001878	1.014835	1.887609	
377	1.002716	-0.000420	-14.293976	0.000420	1.002716	1.739049	
378	1.002663	-0.000282	-15.861933	0.000282	1.002663	1.846010	
379	1.002838	-0.000073	-17.271659	0.000073	1.002838	2.043258	
380	1.003184	0.000161	-19.040381	-0.000161	1.003184	2.167689	
381	1.002707	-0.000323	-21.026932	0.000323	1.002707	2.388830	
382	1.003958	-0.000521	-23.771108	0.000521	1.003958	2.485952	
383	1.004009	-0.000676	-25.390128	0.000676	1.004009	2.864554	
384	1.005289	0.000016	-27.840823	-0.000016	1.005289	3.238450	
385	1.005455	0.000087	-29.189938	-0.000087	1.005455	2.935460	
386	1.003256	-0.000101	-29.356499	0.000101	1.003256	2.708945	
387	1.006359	0.000794	-31.016767	-0.000794	1.006359	2.371120	
388	1.004075	-0.000151	-30.271313	0.000151	1.004075	1.708695	
389	1.007677	0.000896	-31.935704	-0.000896	1.007677	1.189334	
390	1.009208	0.000320	-32.644591	-0.000320	1.009208	0.497329	
391	1.008318	0.000316	-32.822040	-0.000316	1.008318	0.576808	
392	1.006619	0.000983	-32.097268	-0.000983	1.006619	1.229932	
393	1.006538	0.001117	-32.241362	-0.001117	1.006538	1.645801	
394	1.008546	0.001547	-33.379149	-0.001547	1.008546	1.585756	
395	1.008699	0.001911	-33.594246	-0.001911	1.008699	1.714035	
396	1.008787	0.001398	-33.499280	-0.001398	1.008787	1.189813	
397	1.006367	0.001276	-30.505648	-0.001276	1.006367	1.331355	
398	1.007938	0.001531	-31.275787	-0.001531	1.007938	1.086804	
399	1.008080	0.001460	-30.460357	-0.001460	1.008080	0.841456	
400	1.008609	0.002386	-29.594432	-0.002386	1.008609	0.844271	
401	1.008180	0.001390	-28.724945	-0.001390	1.008180	0.203546	
402	1.008945	0.000127	-28.419986	-0.000127	1.008945	-1.364587	
403	1.009419	0.000188	-27.982550	-0.000188	1.009419	-1.901879	
404	1.009419	0.000809	-26.692289	-0.000809	1.009419	-1.608719	
405	1.009553	0.000672	-25.937573	-0.000672	1.009553	-1.755209	
406	1.009837	0.000421	-25.083465	-0.000421	1.009837	-2.117437	
407	1.009972	0.000455	-24.589601	-0.000455	1.009972	-1.896871	
408	1.010679	0.000751	-24.031280	-0.000751	1.010679	-1.533597	
409	1.009751	0.000569	-22.289687	-0.000569	1.009751	-1.342003	
410	1.009082	0.000058	-20.975676	-0.000058	1.009082	-1.412500	
411	1.008601	0.000109	-19.863028	-0.000109	1.008601	-1.129610	
412	1.008384	0.000569	-18.661067	-0.000569	1.008384	-1.044088	
413	1.008554	0.000274	-17.737812	-0.000274	1.008554	-1.639384	
414	1.008951	0.000189	-16.125509	-0.000189	1.008951	-2.195281	
415	1.009674	-0.000985	-15.489066	0.000985	1.009674	-3.647537	
416	1.009280	-0.000732	-14.122652	0.000732	1.009280	-3.247416	
417	1.008842	-0.000728	-12.713889	0.000728	1.008842	-3.145519	
418	1.008347	-0.000675	-10.478939	0.000675	1.008347	-2.724292	
419	1.007136	-0.000440	-8.589199	0.000440	1.007136	-1.943964	
420	1.006359	-0.000161	-6.907200	0.000161	1.006359	-1.617300	
421	1.005495	-0.000525	-5.570108	0.000525	1.005495	-1.503493	
422	1.004929	0.000159	-4.687327	-0.000159	1.004929	-0.367890	
423	1.004475	0.000174	-4.020149	-0.000174	1.004475	-0.071238	
424	1.004130	0.000222	-3.854646	-0.000222	1.004130	0.133526	
425	1.004392	-0.000119	-4.294619	0.000119	1.004392	0.158486	
426	1.003855	-0.000056	-3.784012	0.000056	1.003855	0.229759	
427	1.004190	-0.000395	-3.763522	0.000395	1.004190	-0.158887	
428	1.003755	-0.000516	-2.817155	0.000516	1.003755	-0.771558	
429	1.003234	-0.000612	-1.542439	0.000612	1.003234	-1.646141	
430	1.002301	-0.000070	-0.118981	0.000070	1.002301	-1.317899	
431	1.002031	-0.000323	0.632045	0.000323	1.002031	-1.560230	
432	1.001815	-0.000234	1.062073	0.000234	1.001815	-1.367073	
433	1.001906	-0.000281	1.041969	0.000281	1.001906	-0.843452	
434	1.001208	-0.000233	1.898696	0.000233	1.001208	-0.271153	
435	1.001314	0.000018	2.214237	-0.000018	1.001314	0.284836	
436	1.000759	0.000054	2.980971	-0.000054	1.000759	0.660842	
437	0.999985	-0.000021	4.450654	0.000021	0.999985	0.727788	
438	0.999391	0.000595	6.167239	-0.000595	0.999391	1.243336	
439	1.000169	-0.000410	7.842286	0.000410	1.000169	0.006153	
440	1.000048	-0.000509	9.296900	0.000509	1.000048	-0.421775	
441	1.000488	-0.000586	10.319217	0.000586	1.000488	-0.776780	
442	0.999313	-0.001183	12.023002	0.001183	0.999313	-1.157992	
443	0.999041	-0.001131	13.205091	0.001131	0.999041	-1.409440	
444	0.999209	-0.001103	13.709360	0.001103	0.999209	-1.180587	
445	0.999134	-0.000969	13.876066	0.000969	0.999134	-0.897280	
446	0.998933	-0.000885	13.956570	0.000885	0.998933	-0.637717	
447	0.998465	-0.000947	13.821399	0.000947	0.998465	-0.018084	
448	0.998970	-0.000806	13.595708	0.000806	0.998970	0.130083	
449	0.998871	-0.001358	13.578121	0.001358	0.998871	-0.477083	
450	0.999061	-0.001333	13.368425	0.001333	0.999061	-0.520926	
451	0.998445	-0.001630	13.638822	0.001630	0.998445	-0.948769	
452	0.998296	-0.001262	13.147231	0.001262	0.998296	-1.301701	
453	0.998156	-0.000691	12.537936	0.000691	0.998156	-0.932200	
454	0.998803	-0.000422	12.072966	0.000422	0.998803	-0.213708	
455	0.997926	-0.000425	12.004664	0.000425	0.997926	0.024479	
456	0.998084	-0.000760	11.640517	0.000760	0.998084	0.078527	
457	0.997388	-0.001023	11.401023	0.001023	0.997388	0.438013	
458	0.997492	-0.001315	10.747159	0.001315	0.997492	0.057834	
459	0.997924	-0.001576	10.171416	0.001576	0.997924	-0.297744	
460	0.998266	-0.001342	9.307096	0.001342	0.998266	-0.074640	
461	0.997750	-0.000728	8.281151	0.000728	0.997750	0.217655	
462	0.998804	-0.000797	7.455307	0.000797	0.998804	-0.167239	
463	0.998959	-0.000803	7.124305	0.000803	0.998959	0.023973	
464	0.997911	-0.001061	7.749044	0.001061	0.997911	-0.516558	
465	0.998727	-0.001317	7.230369	0.001317	0.998727	-1.017702	
466	0.998054	-0.001603	7.285766	0.001603	0.998054	-0.902716	
467	0.998303	-0.001993	7.465024	0.001993	0.998303	-1.908257	
468	0.997445	-0.001789	7.538562	0.001789	0.997445	-1.927299	
469	0.997004	-0.001112	7.546903	0.001112	0.997004	-1.300823	
470	0.996999	-0.001313	7.620012	0.001313	0.996999	-1.471442	
471	0.996491	-0.001324	8.013191	0.001324	0.996491	-1.405815	
472	0.997071	-0.001488	8.148575	0.001488	0.997071	-1.562366	
473	0.995503	-0.001461	8.407012	0.001461	0.995503	-0.927741	
474	0.997917	-0.001925	8.001141	0.001925	0.997917	-1.644952	
475	0.995438	-0.001265	9.165142	0.001265	0.995438	-0.857599	
476	0.996525	-0.001060	7.949790	0.001060	0.996525	-0.548330	
477	0.998538	-0.001660	7.233180	0.001660	0.998538	-0.824806	
478	0.996393	-0.001200	7.127902	0.001200	0.996393	0.021782	
479	0.998122	-0.001374	6.497059	0.001374	0.998122	-0.131287	
480	0.998114	-0.001182	5.547022	0.001182	0.998114	-0.140961	
481	0.998264	-0.001275	4.797420	0.001275	0.998264	-0.303923	
482	0.998610	-0.000962	3.792390	0.000962	0.998610	-0.163999	
483	0.998257	-0.000929	3.192154	0.000929	0.998257	-0.084557	
484	0.998286	-0.000911	3.151906	0.000911	0.998286	0.000198	
485	0.998438	-0.000860	3.161303	0.000860	0.998438	0.104569	
486	0.998374	-0.001602	2.933147	0.001602	0.998374	-0.822120	
487	0.998374	-0.001531	2.990803	0.001531	0.998374	-0.907091	
488	0.997933	-0.001599	3.475623	0.001599	0.997933	-1.308881	
489	0.998113	-0.001683	3.138918	0.001683	0.998113	-1.631407	
490	0.998676	-0.001062	2.740992	0.001062	0.998676	-1.251739	
491	0.998680	-0.001066	2.121257	0.001066	0.998680	-1.432350	
492	0.998957	-0.001144	1.445628	0.001144	0.998957	-1.648697	
493	0.998123	-0.000806	2.285402	0.000806	0.998123	-1.398651	
494	0.999367	-0.000796	1.518100	0.000796	0.999367	-1.473103	
495	0.999390	-0.001392	1.312067	0.001392	0.999390	-1.791979	
496	0.998559	-0.001604	1.915528	0.001604	0.998559	-2.053607	
497	0.998990	-0.001764	1.260459	0.001764	0.998990	-2.195429	
498	0.999972	-0.001935	-0.041585	0.001935	0.999972	-2.545928	
499	1.000025	-0.001084	-1.136882	0.001084	1.000025	-2.035216	
500	1.000419	-0.000885	-3.108186	0.000885	1.000419	-1.664209	
501	1.001682	-0.000702	-5.393196	0.000702	1.001682	-0.880425	
502	1.002770	-0.000163	-6.356697	0.000163	1.002770	-0.130861	
503	0.997444	0.000154	-6.006686	-0.000154	0.997444	1.442796	
504	0.995993	0.000209	-6.513292	-0.000209	0.995993	1.515071	
505	0.997549	0.001537	-7.795907	-0.001537	0.997549	1.355949	
506	0.994113	-0.000209	-6.976192	0.000209	0.994113	1.234578	
507	0.994773	0.000722	-7.859865	-0.000722	0.994773	1.437118	
508	0.994101	0.000636	-8.608121	-0.000636	0.994101	1.630417	
509	0.994658	0.001278	-9.622326	-0.001278	0.994658	2.135516	
510	0.993816	0.000954	-9.975302	-0.000954	0.993816	2.441701	
511	0.993962	0.000681	-10.559303	-0.000681	0.993962	2.499522	
512	0.994435	0.000429	-10.702448	-0.000429	0.994435	2.467874	
513	0.994880	0.000321	-11.012395	-0.000321	0.994880	2.324457	
514	0.994336	0.000879	-10.972053	-0.000879	0.994336	2.995631	
515	0.994929	0.001236	-11.454583	-0.001236	0.994929	3.001245	
516	0.997509	0.000840	-12.758711	-0.000840	0.997509	2.223531	
517	0.994790	0.001332	-11.797017	-0.001332	0.994790	2.960350	
518	0.995200	0.001064	-11.933555	-0.001064	0.995200	2.608832	
519	0.996135	0.001104	-12.524786	-0.001104	0.996135	2.571061	
520	0.996523	0.000995	-12.716199	-0.000995	0.996523	2.415759	
521	0.995314	0.001089	-12.018368	-0.001089	0.995314	2.427511	
522	0.995093	0.000513	-12.290148	-0.000513	0.995093	2.144244	
523	0.994861	0.001008	-11.726731	-0.001008	0.994861	2.493361	
524	0.994726	0.001006	-11.923737	-0.001006	0.994726	2.606991	
525	0.995823	0.001248	-12.842212	-0.001248	0.995823	2.718929	
526	0.995763	0.000238	-13.650098	-0.000238	0.995763	2.135473	
527	0.996695	0.001247	-13.723090	-0.001247	0.996695	2.421545	
528	0.997650	0.000546	-14.945266	-0.000546	0.997650	1.589383	
529	0.998094	0.000736	-15.029638	-0.000736	0.998094	1.537273	
530	0.998355	0.000859	-15.186801	-0.000859	0.998355	1.534748	
531	0.999174	0.000781	-15.501301	-0.000781	0.999174	1.075404	
532	0.998758	0.001188	-14.964955	-0.001188	0.998758	1.355632	
533	0.999223	0.000770	-15.002825	-0.000770	0.999223	1.435875	
534	0.999110	0.000937	-14.054672	-0.000937	0.999110	1.250202	
535	0.998903	0.000699	-13.479449	-0.000699	0.998903	0.994782	
536	0.998764	0.000319	-13.168215	-0.000319	0.998764	0.855685	
537	0.998917	0.000495	-13.008850	-0.000495	0.998917	0.828585	
538	0.998793	0.000940	-12.043251	-0.000940	0.998793	0.887475	
539	0.999144	0.000995	-12.081860	-0.000995	0.999144	1.170502	
540	1.000190	0.000672	-12.466675	-0.000672	1.000190	1.429806	
541	1.001750	0.001034	-12.793545	-0.001034	1.001750	1.449084	
542	1.002974	0.000392	-13.555464	-0.000392	1.002974	0.673191	
543	1.002512	0.000993	-12.905340	-0.000993	1.002512	1.048650	
544	1.001474	0.000539	-11.886553	-0.000539	1.001474	0.952124	
545	1.000178	0.000944	-10.576385	-0.000944	1.000178	1.587784	
546	0.999930	0.000666	-10.724509	-0.000666	0.999930	1.376417	
547	0.999313	0.000677	-10.942613	-0.000677	0.999313	1.276552	
548	1.000553	0.001219	-11.274153	-0.001219	1.000553	0.742804	
549	1.000464	0.001042	-10.998103	-0.001042	1.000464	0.558205	
550	1.000181	0.000808	-10.467589	-0.000808	1.000181	0.714256	
551	0.999407	0.000921	-9.655647	-0.000921	0.999407	1.324022	
552	0.999507	0.000381	-9.610843	-0.000381	0.999507	0.961701	
553	1.000236	0.000251	-10.256856	-0.000251	1.000236	0.785013	
554	1.000152	0.000378	-10.045287	-0.000378	1.000152	1.256443	
555	0.999544	0.000711	-9.346363	-0.000711	0.999544	1.733962	
556	0.999084	0.000947	-9.073733	-0.000947	0.999084	1.964407	
557	0.999983	0.000653	-10.151897	-0.000653	0.999983	1.550756	
558	0.999548	0.000990	-9.603627	-0.000990	0.999548	2.031874	
559	1.000231	0.000870	-9.886991	-0.000870	1.000231	1.845891	
560	1.001105	0.000765	-10.549025	-0.000765	1.001105	1.568519	
561	1.001400	0.000606	-10.807586	-0.000606	1.001400	1.447252	
562	1.002282	0.000458	-11.569711	-0.000458	1.002282	1.211271	
563	1.002424	0.000583	-11.650381	-0.000583	1.002424	1.299393	
564	1.002168	0.000464	-11.439197	-0.000464	1.002168	1.265114	
565	1.001798	0.000731	-10.960726	-0.000731	1.001798	1.563701	
566	1.003516	0.000654	-11.601417	-0.000654	1.003516	1.068869	
567	1.001486	0.000667	-10.479969	-0.000667	1.001486	1.471810	
568	1.002115	0.000408	-10.958237	-0.000408	1.002115	1.075472	
569	1.001718	0.000480	-10.400450	-0.000480	1.001718	0.838736	
570	1.002284	0.000371	-10.881629	-0.000371	1.002284	0.408515	
571	1.001863	0.000681	-10.461313	-0.000681	1.001863	0.808302	
572	1.002249	0.000655	-10.845299	-0.000655	1.002249	0.646968	
573	1.002332	0.000717	-11.098116	-0.000717	1.002332	0.821162	
574	1.002977	0.000459	-11.936956	-0.000459	1.002977	0.455467	
575	1.002564	0.000474	-11.690111	-0.000474	1.002564	0.672618	
576	1.002925	0.000671	-11.873995	-0.000671	1.002925	0.561904	
577	1.002679	0.000137	-11.816972	-0.000137	1.002679	0.016803	
578	1.002508	-0.000003	-11.594858	0.000003	1.002508	-0.338757	
579	1.002355	0.000019	-11.312414	-0.000019	1.002355	-0.673707	
580	1.002359	0.000250	-11.326634	-0.000250	1.002359	-0.976003	
581	1.001929	0.000428	-11.275852	-0.000428	1.001929	-0.985686	
582	1.001567	0.000549	-11.121175	-0.000549	1.001567	-1.051055	
583	1.001710	0.000457	-11.119238	-0.000457	1.001710	-1.173521	
584	1.001376	0.000508	-10.506779	-0.000508	1.001376	-0.993150	
585	1.001663	0.000238	-10.402779	-0.000238	1.001663	-0.735790	
586	1.001350	0.000019	-10.220979	-0.000019	1.001350	-0.475568	
587	1.001169	-0.000060	-9.767407	0.000060	1.001169	-0.282009	
588	1.001518	0.000020	-9.734741	-0.000020	1.001518	-0.039155	
589	1.001479	0.000119	-9.089228	-0.000119	1.001479	0.193449	
590	1.002226	-0.000268	-9.015078	0.000268	1.002226	-0.462710	
591	1.002745	-0.000580	-8.440428	0.000580	1.002745	-1.033301	
592	1.002920	-0.000790	-7.999914	0.000790	1.002920	-1.366987	
593	1.002652	-0.000363	-7.295786	0.000363	1.002652	-1.101755	
594	1.002680	-0.000168	-6.960697	0.000168	1.002680	-0.936769	
595	1.003307	-0.001669	-6.946803	0.001669	1.003307	-2.242318	
596	1.002455	-0.000543	-6.076423	0.000543	1.002455	-1.188576	
597	1.002015	-0.000413	-5.271733	0.000413	1.002015	-0.841453	
598	1.002281	-0.000583	-4.753288	0.000583	1.002281	-0.849338	
599	1.001578	-0.000468	-3.769268	0.000468	1.001578	-0.232649	
600	1.001506	-0.000279	-3.297429	0.000279	1.001506	0.222688	
601	1.000977	-0.000256	-2.719547	0.000256	1.000977	0.519705	
602	1.000683	-0.000058	-2.152385	0.000058	1.000683	0.838945	
603	1.000470	0.000044	-1.750402	-0.000044	1.000470	0.877774	
604	1.000360	0.000087	-1.601575	-0.000087	1.000360	0.696938	
605	1.000243	-0.000087	-1.212931	0.000087	1.000243	0.242564	
606	1.000166	-0.000017	-0.687810	0.000017	1.000166	-0.032927	
607	1.000084	-0.000200	-0.127973	0.000200	1.000084	-0.059191	
608	1.000115	-0.000124	0.364650	0.000124	1.000115	0.442176	
609	1.000173	-0.000013	0.386573	0.000013	1.000173	1.102071	
610	1.000060	0.000115	0.317130	-0.000115	1.000060	1.258733	
611	1.000168	0.000203	0.276149	-0.000203	1.000168	2.245407	
612	1.000283	0.000350	0.125921	-0.000350	1.000283	2.701486	
613	1.000136	0.000134	0.113008	-0.000134	1.000136	1.258648	
614	1.000069	-0.000050	0.172193	0.000050	1.000069	0.408555	
615	1.000056	-0.000307	0.508235	0.000307	1.000056	-0.319530	
616	0.999922	-0.000326	0.865079	0.000326	0.999922	-0.997749	
617	0.999910	-0.000282	0.911327	0.000282	0.999910	-1.157697	
618	0.999839	-0.000277	1.236187	0.000277	0.999839	-1.057909	
619	0.999660	-0.000016	1.488564	0.000016	0.999660	-0.321452	
620	0.998570	0.000007	2.141222	-0.000007	0.998570	0.465119	
621	0.998148	0.000073	2.374589	-0.000073	0.998148	0.769746	
622	0.997646	0.000180	3.270913	-0.000180	0.997646	0.850754	
623	0.997809	0.000298	4.029947	-0.000298	0.997809	0.559490	
624	0.996954	0.000308	5.718829	-0.000308	0.996954	0.633171	
625	0.996149	0.000336	7.555603	-0.000336	0.996149	0.702970	
626	0.995385	0.000273	9.285027	-0.000273	0.995385	0.719632	
627	0.996359	-0.000727	10.533181	0.000727	0.996359	-0.302516	
628	0.995922	-0.000835	11.970596	0.000835	0.995922	-0.042150	
629	0.996153	-0.000840	12.962782	0.000840	0.996153	-0.052395	
630	0.995928	-0.000587	14.106736	0.000587	0.995928	0.561190	
631	0.996623	-0.000568	14.211920	0.000568	0.996623	0.555086	
632	0.996296	-0.000369	15.061828	0.000369	0.996296	0.718722	
633	0.995406	-0.000635	16.553100	0.000635	0.995406	0.615481	
634	0.995474	-0.000814	17.327431	0.000814	0.995474	0.430472	
635	0.994804	-0.000899	18.517180	0.000899	0.994804	0.589675	
636	0.994732	-0.000681	19.408241	0.000681	0.994732	0.532987	
637	0.994535	-0.000851	20.390406	0.000851	0.994535	0.394350	
638	0.994831	-0.000842	20.869668	0.000842	0.994831	0.227201	
639	0.994821	-0.000957	21.440230	0.000957	0.994821	-0.107466	
640	0.994849	-0.001233	22.026900	0.001233	0.994849	-0.471845	
641	0.995068	-0.001494	22.274871	0.001494	0.995068	-0.863014	
642	0.994557	-0.001480	22.989352	0.001480	0.994557	-0.782121	
643	0.994645	-0.001583	23.233745	0.001583	0.994645	-1.067133	
644	0.994749	-0.001506	23.102312	0.001506	0.994749	-0.861708	
645	0.994802	-0.001221	23.134739	0.001221	0.994802	-0.668200	
646	0.994963	-0.001157	22.983913	0.001157	0.994963	-0.342941	
647	0.995066	-0.001145	22.834142	0.001145	0.995066	-0.103363	
648	0.995169	-0.000776	22.706952	0.000776	0.995169	0.182924	
649	0.995041	-0.000925	22.754116	0.000925	0.995041	0.159063	
650	0.994432	-0.001098	22.932423	0.001098	0.994432	0.148898	
651	0.994843	-0.001183	22.600455	0.001183	0.994843	0.151223	
652	0.993506	-0.000902	23.602916	0.000902	0.993506	0.794401	
653	0.994505	-0.001241	22.472476	0.001241	0.994505	0.142531	
654	0.994304	-0.001216	22.607443	0.001216	0.994304	0.441498	
655	0.994483	-0.001161	22.161902	0.001161	0.994483	0.700155	
656	0.994413	-0.001379	21.771339	0.001379	0.994413	0.715040	
657	0.995116	-0.001400	20.865516	0.001400	0.995116	0.481714	
658	0.994142	-0.001148	20.916722	0.001148	0.994142	1.052293	
659	0.996078	-0.001167	18.875233	0.001167	0.996078	0.594009	
660	0.994937	-0.001169	18.796334	0.001169	0.994937	0.902754	
661	0.996019	-0.000966	17.890756	0.000966	0.996019	0.944590	
662	0.997556	-0.000788	16.166831	0.000788	0.997556	0.608304	
663	0.997367	-0.001192	15.734997	0.001192	0.997367	0.127641	
664	0.997448	-0.001242	15.795437	0.001242	0.997448	-0.386253	
665	0.997737	-0.001375	15.301146	0.001375	0.997737	-0.771971	
666	0.998011	-0.001350	14.987610	0.001350	0.998011	-0.808493	
667	0.997681	-0.000979	14.894292	0.000979	0.997681	-0.771888	
668	0.997697	-0.000679	14.620299	0.000679	0.997697	-0.713966	
669	0.997978	-0.000785	14.017263	0.000785	0.997978	-0.954833	
670	0.997785	-0.000795	13.804583	0.000795	0.997785	-0.947786	
671	0.997996	-0.000695	13.511577	0.000695	0.997996	-0.969416	
672	0.998178	-0.000596	13.463787	0.000596	0.998178	-0.834318	
673	0.999261	-0.000685	12.766329	0.000685	0.999261	-1.050301	
674	0.999720	-0.000904	12.421765	0.000904	0.999720	-1.132991	
675	0.999981	-0.001031	12.425489	0.001031	0.999981	-1.135745	
676	1.000004	-0.001099	12.395854	0.001099	1.000004	-1.083909	
677	1.000088	-0.001121	12.444792	0.001121	1.000088	-1.113150	
678	1.000129	-0.000973	12.576119	0.000973	1.000129	-0.944241	
679	1.000562	-0.001003	12.457868	0.001003	1.000562	-1.052532	
680	1.000760	-0.001087	12.387248	0.001087	1.000760	-1.185617	
681	1.000572	-0.001414	12.842206	0.001414	1.000572	-1.527267	
682	1.000517	-0.001624	13.151356	0.001624	1.000517	-1.813309	
683	1.000447	-0.001784	13.343250	0.001784	1.000447	-1.935567	
684	1.000533	-0.002056	13.411447	0.002056	1.000533	-2.338747	
685	1.000359	-0.001862	13.741556	0.001862	1.000359	-2.330203	
686	1.000445	-0.002158	13.527399	0.002158	1.000445	-2.491039	
687	1.000502	-0.001889	13.623213	0.001889	1.000502	-2.394711	
688	1.000213	-0.001669	13.826200	0.001669	1.000213	-2.286444	
689	1.000577	-0.001663	13.503999	0.001663	1.000577	-2.393908	
690	1.000891	-0.001742	13.184306	0.001742	1.000891	-2.510348	
691	1.001032	-0.001636	13.211099	0.001636	1.001032	-2.520200	
692	1.000921	-0.001910	13.260259	0.001910	1.000921	-2.597856	
693	1.001042	-0.001770	13.221823	0.001770	1.001042	-2.447597	
694	1.000937	-0.001904	13.120850	0.001904	1.000937	-2.501581	
695	1.000906	-0.001703	12.821272	0.001703	1.000906	-2.448723	
696	1.001310	-0.001676	12.330615	0.001676	1.001310	-2.472751	
697	1.001367	-0.001749	12.087951	0.001749	1.001367	-2.403577	
698	1.001269	-0.001673	11.709761	0.001673	1.001269	-2.310910	
699	1.001292	-0.001952	11.087193	0.001952	1.001292	-2.503735	
700	1.001490	-0.001841	10.215210	0.001841	1.001490	-2.594228	
701	1.001298	-0.001751	9.836004	0.001751	1.001298	-2.472678	
702	1.001185	-0.001716	9.181514	0.001716	1.001185	-2.235499	
703	1.001689	-0.001855	8.017669	0.001855	1.001689	-2.218793	
704	1.001635	-0.001791	7.644634	0.001791	1.001635	-2.162300	
705	1.001338	-0.001548	7.495154	0.001548	1.001338	-2.096999	
706	1.001878	-0.001356	6.908337	0.001356	1.001878	-2.287959	
707	1.001481	-0.001262	6.871100	0.001262	1.001481	-2.098819	
708	1.001398	-0.001186	6.315945	0.001186	1.001398	-2.295876	
709	1.001113	-0.001106	5.551066	0.001106	1.001113	-2.218123	
710	0.999504	-0.000825	5.031019	0.000825	0.999504	-1.584063	
711	0.999230	-0.001016	4.495061	0.001016	0.999230	-1.599110	
712	0.999669	-0.000870	3.191139	0.000870	0.999669	-1.395051	
713	0.999972	-0.000959	1.414966	0.000959	0.999972	-1.340495	
714	1.000176	-0.000859	-0.304756	0.000859	1.000176	-1.106695	
715	1.000178	-0.000765	-1.726435	0.000765	1.000178	-0.622909	
716	1.000563	-0.000772	-3.110088	0.000772	1.000563	-0.662069	
717	1.000949	-0.000790	-4.181549	0.000790	1.000949	-0.679995	
718	1.001055	-0.000858	-4.986631	0.000858	1.001055	-0.791595	
719	1.001428	-0.000882	-5.741650	0.000882	1.001428	-0.862399	
720	1.001666	-0.000843	-6.012999	0.000843	1.001666	-0.849416	
721	1.001651	-0.000968	-6.010781	0.000968	1.001651	-0.973765	
722	1.001371	-0.001021	-5.643741	0.001021	1.001371	-0.896314	
723	1.000177	-0.000716	-5.614886	0.000716	1.000177	-0.633075	
724	1.001600	-0.000896	-5.747219	0.000896	1.001600	-0.882852	
725	1.001640	-0.000683	-5.418022	0.000683	1.001640	-0.492189	
726	1.001465	-0.000498	-4.675184	0.000498	1.001465	-0.140873	
727	1.001348	-0.000733	-4.142036	0.000733	1.001348	-0.720722	
728	1.001423	-0.000849	-3.488768	0.000849	1.001423	-1.288686	
729	1.000881	-0.000828	-1.976031	0.000828	1.000881	-1.328336	
730	1.001017	-0.000907	-1.051044	0.000907	1.001017	-1.760324	
731	1.000436	-0.000859	0.149951	0.000859	1.000436	-1.754876	
732	0.999762	-0.001239	1.242725	0.001239	0.999762	-1.909023	
733	1.000308	-0.000918	2.529507	0.000918	1.000308	-2.056756	
734	0.999163	-0.000763	4.855930	0.000763	0.999163	-1.719678	
735	0.999905	-0.001203	6.575466	0.001203	0.999905	-1.903946	
736	1.000233	-0.001467	7.724675	0.001467	1.000233	-1.940999	
737	0.999631	-0.001787	9.037183	0.001787	0.999631	-2.187563	
738	1.000211	-0.001649	10.246310	0.001649	1.000211	-1.858105	
739	0.998887	-0.001837	12.071735	0.001837	0.998887	-0.932869	
740	0.999337	-0.001731	12.905249	0.001731	0.999337	-0.865894	
741	0.999510	-0.001941	13.816783	0.001941	0.999510	-1.352664	
742	0.999893	-0.001741	14.215435	0.001741	0.999893	-1.045296	
743	1.000145	-0.001868	14.564814	0.001868	1.000145	-0.843660	
744	0.999122	-0.002095	15.458638	0.002095	0.999122	-0.936651	
745	0.999743	-0.002137	15.540634	0.002137	0.999743	-1.495015	
746	0.999905	-0.002146	15.389651	0.002146	0.999905	-1.595052	
747	1.000118	-0.002173	15.123496	0.002173	1.000118	-1.657793	
748	1.000345	-0.002274	14.654061	0.002274	1.000345	-1.882689	
749	0.999975	-0.002519	14.125152	0.002519	0.999975	-1.922122	
750	0.999914	-0.002427	13.464014	0.002427	0.999914	-1.478605	
751	1.000067	-0.002487	12.774272	0.002487	1.000067	-1.394555	
752	0.999130	-0.002174	12.550823	0.002174	0.999130	-0.654022	
753	0.999720	-0.001867	11.525669	0.001867	0.999720	-0.283239	
754	0.999394	-0.001788	11.076846	0.001788	0.999394	0.115836	
755	0.999704	-0.001819	10.312747	0.001819	0.999704	0.267515	
756	0.999702	-0.001742	9.951777	0.001742	0.999702	0.379470	
757	0.999373	-0.002067	9.658025	0.002067	0.999373	0.294733	
758	0.999287	-0.001956	9.439822	0.001956	0.999287	0.119965	
759	1.000733	-0.001488	8.909098	0.001488	1.000733	-0.334912	
760	0.996487	-0.001209	9.847397	0.001209	0.996487	0.163839	
761	1.001214	-0.001794	8.481600	0.001794	1.001214	-1.538267	
762	1.000975	-0.001981	8.458437	0.001981	1.000975	-1.968353	
763	1.000140	-0.002084	8.717257	0.002084	1.000140	-1.988907	
764	1.000171	-0.001927	8.616000	0.001927	1.000171	-1.773013	
765	1.001333	-0.002012	7.605537	0.002012	1.001333	-2.009413	
766	0.996368	-0.001726	8.543452	0.001726	0.996368	-0.622898	
767	1.002773	-0.001601	5.618411	0.001601	1.002773	-1.988021	
768	0.998338	-0.001503	6.189339	0.001503	0.998338	-1.036825	
769	1.001900	-0.001640	4.142127	0.001640	1.001900	-2.025804	
770	1.000433	-0.001199	3.846460	0.001199	1.000433	-1.430596	
771	1.001053	-0.001130	3.031481	0.001130	1.001053	-1.348662	
772	1.001283	-0.001450	2.412207	0.001450	1.001283	-1.696240	
773	1.001464	-0.001454	1.640050	0.001454	1.001464	-1.642013	
774	1.001315	-0.001346	0.942601	0.001346	1.001315	-1.410705	
775	1.000486	-0.001839	0.695017	0.001839	1.000486	-1.403366	
776	1.001087	-0.001125	0.183228	0.001125	1.001087	-1.429151	
777	1.000917	-0.001149	-0.072336	0.001149	1.000917	-1.652601	
778	1.000161	-0.001184	0.076768	0.001184	1.000161	-1.655171	
779	1.000126	-0.001280	-0.218586	0.001280	1.000126	-1.490872	
780	0.999899	-0.001308	-0.371212	0.001308	0.999899	-1.252234	
781	1.000046	-0.001237	-1.038222	0.001237	1.000046	-0.973942	
782	0.999988	-0.001567	-1.472196	0.001567	0.999988	-1.215357	
783	1.000321	-0.001170	-1.607033	0.001170	1.000321	-0.966266	
784	1.000218	-0.001018	-1.523352	0.001018	1.000218	-0.833224	
785	0.999822	-0.001264	-1.313053	0.001264	0.999822	-1.269033	
786	0.999756	-0.001494	-1.146643	0.001494	0.999756	-2.039962	
787	0.999670	-0.001532	-0.834189	0.001532	0.999670	-2.458670	
788	0.999930	-0.001256	-0.789752	0.001256	0.999930	-2.286068	
789	1.000292	-0.001075	-0.872198	0.001075	1.000292	-1.905486	
790	1.000217	-0.000874	-1.021419	0.000874	1.000217	-0.951163	
791	1.000091	-0.000735	-0.865476	0.000735	1.000091	0.034622	
792	0.999303	-0.000649	0.048754	0.000649	0.999303	0.583690	
793	0.999665	-0.000766	0.073454	0.000766	0.999665	0.619935	
794	0.999751	-0.000684	0.643628	0.000684	0.999751	0.275487	
795	0.999466	-0.001020	1.605677	0.001020	0.999466	-0.551682	
796	0.999089	-0.001218	2.646929	0.001218	0.999089	-1.158404	
797	0.998746	-0.001362	3.735495	0.001362	0.998746	-1.420938	
798	0.998642	-0.001349	4.539854	0.001349	0.998642	-1.510497	
799	0.997096	-0.001612	5.378817	0.001612	0.997096	-1.045501	
800	0.998903	-0.001184	4.272485	0.001184	0.998903	-0.701003	
801	0.999111	-0.001148	3.731541	0.001148	0.999111	-0.560060	
802	0.998764	-0.000741	3.587433	0.000741	0.998764	-0.516338	
803	0.999504	-0.000839	2.461642	0.000839	0.999504	-1.049123	
804	0.999430	-0.000747	2.143861	0.000747	0.999430	-1.282110	
805	1.000213	-0.000956	0.957061	0.000956	1.000213	-1.468008	
806	1.000034	-0.000914	0.929318	0.000914	1.000034	-1.397113	
807	0.999816	-0.000808	1.065731	0.000808	0.999816	-1.275802	
808	0.999848	-0.000891	0.940818	0.000891	0.999848	-1.348521	
809	0.999076	-0.000938	1.009492	0.000938	0.999076	-1.131170	
810	0.996520	-0.000693	2.018782	0.000693	0.996520	-0.227243	
811	0.996851	-0.000763	1.009071	0.000763	0.996851	-0.431368	
812	0.996222	-0.000625	0.669248	0.000625	0.996222	-0.120900	
813	0.996846	-0.000633	-0.390933	0.000633	0.996846	-0.171507	
814	0.996753	-0.000573	-0.865058	0.000573	0.996753	0.219478	
815	0.995629	-0.000441	-1.003341	0.000441	0.995629	0.801748	
816	0.997207	-0.000411	-2.365226	0.000411	0.997207	0.474009	
817	0.997960	-0.000325	-3.611631	0.000325	0.997960	0.295913	
818	0.995317	0.000128	-3.729262	-0.000128	0.995317	1.211027	
819	0.995819	0.000372	-4.682528	-0.000372	0.995819	1.049236	
820	0.994890	0.000578	-4.794648	-0.000578	0.994890	1.185037	
821	0.995595	0.000617	-6.037072	-0.000617	0.995595	0.968141	
822	0.996182	0.000575	-6.974334	-0.000575	0.996182	0.601358	
823	0.996527	0.000582	-7.530719	-0.000582	0.996527	0.430474	
824	0.996029	0.000419	-7.577708	-0.000419	0.996029	0.562304	
825	0.995920	0.000487	-8.051189	-0.000487	0.995920	0.722102	
826	0.995916	0.000093	-8.635599	-0.000093	0.995916	0.491809	
827	0.995894	0.000339	-9.056633	-0.000339	0.995894	0.795914	
828	0.996227	0.000490	-9.708270	-0.000490	0.996227	0.879503	
829	0.997980	0.001442	-10.927275	-0.001442	0.997980	1.104463	
830	0.995964	0.000649	-10.678579	-0.000649	0.995964	1.102440	
831	0.995807	0.000642	-11.072608	-0.000642	0.995807	1.069302	
832	0.996487	0.000719	-11.525773	-0.000719	0.996487	0.812852	
833	0.996630	0.000951	-11.532298	-0.000951	0.996630	0.734833	
834	0.996449	0.000593	-11.712169	-0.000593	0.996449	0.361403	
835	0.996422	0.000602	-11.825328	-0.000602	0.996422	0.365768	
836	0.996986	0.001040	-12.053548	-0.001040	0.996986	0.499748	
837	0.998101	0.001315	-12.589580	-0.001315	0.998101	0.902803	
838	0.998119	0.001303	-12.706077	-0.001303	0.998119	1.111192	
839	0.998982	0.001007	-13.166008	-0.001007	0.998982	1.000340	
840	0.999317	0.001040	-12.989850	-0.001040	0.999317	1.002262	
841	1.000326	0.000456	-13.435351	-0.000456	1.000326	0.363183	
842	0.999923	0.001167	-12.944081	-0.001167	0.999923	0.291491	
843	1.000884	0.000827	-13.439112	-0.000827	1.000884	-0.512555	
844	1.000830	0.001218	-13.274782	-0.001218	1.000830	-0.501050	
845	1.001847	0.001591	-13.334561	-0.001591	1.001847	-0.501687	
846	1.009288	-0.000461	-14.996486	0.000461	1.009288	-2.795379	
847	1.001477	0.001903	-12.705701	-0.001903	1.001477	-0.102096	
848	1.006087	0.000597	-13.517512	-0.000597	1.006087	-1.819366	
849	1.005646	0.001099	-13.592217	-0.001099	1.005646	-1.673692	
850	1.002015	0.000818	-12.373625	-0.000818	1.002015	-1.415727	
851	1.003761	0.002080	-12.713900	-0.002080	1.003761	-1.428829	
852	1.002160	0.002879	-11.929725	-0.002879	1.002160	-0.871527	
853	1.010129	-0.000190	-13.264583	0.000190	1.010129	-3.503938	
854	1.005024	0.002988	-12.311227	-0.002988	1.005024	-1.632269	
855	1.001759	0.001945	-11.226237	-0.001945	1.001759	-1.202938	
856	1.001420	0.002862	-10.584437	-0.002862	1.001420	-0.701558	
857	1.009736	-0.000723	-12.766004	0.000723	1.009736	-3.138159	
858	1.000638	0.002409	-9.935404	-0.002409	1.000638	-0.421441	
859	1.004358	0.001911	-11.651924	-0.001911	1.004358	-1.186960	
860	1.008908	0.000472	-11.390416	-0.000472	1.008908	-2.321645	
861	1.008238	-0.000232	-10.610955	0.000232	1.008238	-2.792089	
862	1.002416	0.001061	-9.474548	-0.001061	1.002416	-1.954372	
863	1.006596	0.000584	-8.984694	-0.000584	1.006596	-2.555291	
864	1.003792	0.000332	-7.899856	-0.000332	1.003792	-1.835131	
865	1.000907	0.000989	-6.558842	-0.000989	1.000907	-0.841696	
866	1.003002	0.000420	-6.504635	-0.000420	1.003002	-0.910971	
867	1.002945	0.000712	-5.966314	-0.000712	1.002945	-0.177778	
868	1.002584	0.001114	-5.362691	-0.001114	1.002584	0.989059	
869	1.004105	0.002430	-5.303243	-0.002430	1.004105	1.640049	
870	1.001811	0.001219	-4.489621	-0.001219	1.001811	1.209183	
871	1.002325	0.001840	-4.567587	-0.001840	1.002325	1.773008	
872	1.001979	0.001107	-4.691434	-0.001107	1.001979	1.166106	
873	1.002116	0.000713	-5.206442	-0.000713	1.002116	0.643020	
874	1.007382	0.002199	-8.173191	-0.002199	1.007382	0.876285	
875	1.006640	0.002507	-8.164672	-0.002507	1.006640	1.106477	
876	1.006933	0.002444	-8.596259	-0.002444	1.006933	0.686142	
877	1.003394	0.001000	-8.191644	-0.001000	1.003394	0.461002	
878	1.007252	0.003202	-8.924239	-0.003202	1.007252	1.186398	
879	1.008151	0.002919	-9.911724	-0.002919	1.008151	1.171808	
880	1.009024	0.001858	-11.120386	-0.001858	1.009024	0.377425	
881	0.998933	0.000633	-8.293716	-0.000633	0.998933	0.309685	
882	1.008183	0.002379	-11.184866	-0.002379	1.008183	0.250057	
883	1.000889	0.001744	-9.285771	-0.001744	1.000889	0.814157	
884	1.010606	0.001801	-11.497755	-0.001801	1.010606	0.091370	
885	0.999137	0.002342	-8.279792	-0.002342	0.999137	2.172817	
886	1.009886	0.003254	-11.386928	-0.003254	1.009886	1.400766	
887	1.009360	0.002695	-10.287445	-0.002695	1.009360	1.005174	
888	1.003519	0.001290	-9.667038	-0.001290	1.003519	1.541915	
889	1.010511	0.001794	-11.394942	-0.001794	1.010511	0.631003	
890	1.009818	0.001531	-11.353207	-0.001531	1.009818	0.142882	
891	1.004518	0.001707	-10.412782	-0.001707	1.004518	0.576448	
892	1.005217	0.003814	-9.030345	-0.003814	1.005217	1.704862	
893	0.999242	0.001707	-8.516636	-0.001707	0.999242	0.992561	
894	1.010515	0.001453	-11.901665	-0.001453	1.010515	-0.230094	
895	1.009040	0.002215	-10.836329	-0.002215	1.009040	0.270815	
896	1.009132	0.002505	-10.701310	-0.002505	1.009132	0.680249	
897	1.008649	0.002389	-10.496326	-0.002389	1.008649	1.025310	
898	1.009304	0.002614	-10.637346	-0.002614	1.009304	1.420055	
899	0.999239	0.000648	-7.403270	-0.000648	0.999239	1.576018	
900	1.001001	0.001151	-7.978535	-0.001151	1.001001	1.712221	
901	1.002832	0.000908	-8.191780	-0.000908	1.002832	0.802231	
902	1.001898	0.000769	-7.436114	-0.000769	1.001898	0.663369	
903	1.002054	0.000539	-6.570049	-0.000539	1.002054	0.294036	
904	1.001977	0.000408	-6.041673	-0.000408	1.001977	-0.050001	
905	1.001619	0.000214	-5.704776	-0.000214	1.001619	-0.238667	
906	1.000283	0.000560	-6.007198	-0.000560	1.000283	0.061941	
907	1.001895	0.000311	-6.560955	-0.000311	1.001895	-0.402522	
908	0.999367	0.000900	-5.888448	-0.000900	0.999367	0.005368	
909	0.998580	0.001370	-4.733908	-0.001370	0.998580	0.326729	
910	0.998712	0.001022	-4.812198	-0.001022	0.998712	-0.021098	
911	0.999489	0.000657	-6.084225	-0.000657	0.999489	-0.207100	
912	0.998371	0.001152	-4.800390	-0.001152	0.998371	0.783072	
913	1.000688	0.000367	-5.604607	-0.000367	1.000688	0.357272	
914	1.000141	0.000225	-5.386692	-0.000225	1.000141	0.632615	
915	0.999317	0.000446	-5.029069	-0.000446	0.999317	0.878001	
916	1.000096	0.000299	-4.756427	-0.000299	1.000096	0.758249	
917	1.000334	0.000191	-4.857077	-0.000191	1.000334	0.692925	
918	0.999982	0.000552	-4.069907	-0.000552	0.999982	1.012916	
919	0.999631	0.000571	-3.502357	-0.000571	0.999631	0.984175	
920	0.999825	0.000354	-3.539648	-0.000354	0.999825	0.671443	
921	1.000427	0.002280	-3.269672	-0.002280	1.000427	1.981525	
922	0.999944	0.000310	-3.136293	-0.000310	0.999944	0.324211	
