0	1.000000	0.000000	0.000000	0.000000	1.000000	0.000000	
1	0.999577	0.001359	-8.350208	-0.001359	0.999577	1.270060	
2	0.999758	0.001592	-9.676743	-0.001592	0.999758	1.293019	
3	0.999770	0.001646	-10.682420	-0.001646	0.999770	1.251864	
4	0.999759	0.001788	-11.578717	-0.001788	0.999759	1.337047	
5	0.999886	0.001861	-12.516970	-0.001861	0.999886	1.462399	
6	0.999785	0.001979	-13.425564	-0.001979	0.999785	1.675059	
7	0.999924	0.002057	-14.481713	-0.002057	0.999924	1.689718	
8	0.999773	0.002282	-15.428647	-0.002282	0.999773	2.002881	
9	1.000078	0.002625	-17.022008	-0.002625	1.000078	2.294538	
10	1.000231	0.002769	-18.744977	-0.002769	1.000231	2.439533	
11	1.000041	0.003016	-20.217848	-0.003016	1.000041	2.842141	
12	1.000145	0.003300	-21.892847	-0.003300	1.000145	2.983357	
13	0.999818	0.003710	-23.213985	-0.003710	0.999818	3.344022	
14	0.999596	0.003954	-24.265742	-0.003954	0.999596	3.552415	
15	1.000143	0.004077	-25.897094	-0.004077	1.000143	3.500207	
16	0.999483	0.004358	-26.490474	-0.004358	0.999483	3.954774	
17	1.000393	0.004160	-27.488970	-0.004160	1.000393	3.603985	
18	0.999439	0.004091	-27.146347	-0.004091	0.999439	3.932974	
19	0.999650	0.004079	-27.260927	-0.004079	0.999650	4.049590	
20	0.999928	0.003816	-26.595485	-0.003816	0.999928	3.765506	
21	0.999878	0.004010	-25.781194	-0.004010	0.999878	3.729446	
22	0.999744	0.003773	-24.726345	-0.003773	0.999744	3.504035	
23	0.999656	0.003645	-23.753835	-0.003645	0.999656	3.454158	
24	0.999592	0.003432	-22.423266	-0.003432	0.999592	3.275915	
25	0.999161	0.003304	-20.741204	-0.003304	0.999161	3.210628	
26	0.998881	0.002836	-18.876361	-0.002836	0.998881	2.684076	
27	0.998859	0.002610	-17.293722	-0.002610	0.998859	2.407414	
28	0.999137	0.002374	-15.816262	-0.002374	0.999137	1.948167	
29	0.999423	0.002190	-14.157565	-0.002190	0.999423	1.450347	
30	0.999689	0.001877	-12.481846	-0.001877	0.999689	1.061011	
31	0.999622	0.001751	-10.930414	-0.001751	0.999622	0.858969	
32	0.999582	0.001414	-9.335709	-0.001414	0.999582	0.657527	
33	0.999795	0.001124	-8.124509	-0.001124	0.999795	0.529065	
34	0.999643	0.000905	-6.663783	-0.000905	0.999643	0.674869	
35	0.999163	0.000230	-4.454316	-0.000230	0.999163	0.488057	
36	0.999410	0.000280	-3.452619	-0.000280	0.999410	0.518637	
37	0.999662	0.000175	-2.633844	-0.000175	0.999662	0.384552	
38	0.999772	0.000110	-1.955844	-0.000110	0.999772	0.260426	
39	0.999926	-0.000039	-1.316974	0.000039	0.999926	0.059962	
40	1.000080	-0.000086	-0.872249	0.000086	1.000080	-0.024002	
41	1.000190	-0.000173	-0.099680	0.000173	1.000190	-0.292577	
42	1.000335	-0.000228	0.573931	0.000228	1.000335	-0.306315	
43	1.000433	-0.000170	1.064468	0.000170	1.000433	-0.206183	
44	1.000607	-0.000202	1.619490	0.000202	1.000607	-0.172710	
45	1.000606	-0.000184	1.964021	0.000184	1.000606	-0.174867	
46	1.000658	-0.000331	2.342035	0.000331	1.000658	-0.347238	
47	1.000733	-0.000438	2.867515	0.000438	1.000733	-0.484797	
48	1.000891	-0.000544	3.441559	0.000544	1.000891	-0.745165	
49	1.001030	-0.000579	3.786269	0.000579	1.001030	-0.805942	
50	1.001068	-0.000460	4.162182	0.000460	1.001068	-0.798160	
51	1.001089	-0.000490	4.525554	0.000490	1.001089	-0.858227	
52	1.000412	-0.000999	5.709874	0.000999	1.000412	-1.013613	
53	1.000412	-0.000992	5.886405	0.000992	1.000412	-1.083601	
54	1.000985	-0.000296	5.143907	0.000296	1.000985	-0.897135	
55	1.000438	-0.001072	6.070478	0.001072	1.000438	-1.312994	
56	1.001041	-0.000395	5.144408	0.000395	1.001041	-1.174995	
57	1.001115	-0.000527	5.150388	0.000527	1.001115	-1.362313	
58	1.000387	-0.001246	6.237938	0.001246	1.000387	-1.715658	
59	1.000364	-0.001211	6.236205	0.001211	1.000364	-1.721127	
60	1.000589	-0.001075	5.683034	0.001075	1.000589	-1.609928	
61	1.000396	-0.001303	5.850640	0.001303	1.000396	-1.591612	
62	1.000909	-0.000705	4.916805	0.000705	1.000909	-1.299161	
63	1.000725	-0.000572	4.689122	0.000572	1.000725	-1.149885	
64	1.000796	-0.000236	4.521286	0.000236	1.000796	-0.967925	
65	1.000357	-0.000352	4.569291	0.000352	1.000357	-0.859124	
66	1.000462	-0.000062	4.532815	0.000062	1.000462	-0.819054	
67	1.000574	-0.000089	4.329971	0.000089	1.000574	-0.925238	
68	1.000704	-0.000165	4.214451	0.000165	1.000704	-0.996583	
69	1.000618	-0.000211	4.125987	0.000211	1.000618	-1.056044	
70	1.000746	-0.000132	3.962697	0.000132	1.000746	-1.159013	
71	1.000578	-0.000070	4.003414	0.000070	1.000578	-1.065155	
72	1.000505	-0.000125	4.055908	0.000125	1.000505	-1.078393	
73	1.000386	-0.000029	4.314482	0.000029	1.000386	-0.941596	
74	1.000386	-0.000163	4.514668	0.000163	1.000386	-0.812586	
75	1.000622	-0.000181	4.474832	0.000181	1.000622	-0.701700	
76	1.000641	-0.000174	4.633343	0.000174	1.000641	-0.596157	
77	1.000225	-0.000542	5.404947	0.000542	1.000225	-0.480777	
78	1.000160	-0.000913	6.173557	0.000913	1.000160	-0.643995	
79	1.000135	-0.000767	6.571923	0.000767	1.000135	-0.620174	
80	1.001137	-0.000246	5.887058	0.000246	1.001137	-0.592273	
81	1.000048	-0.000953	7.516852	0.000953	1.000048	-0.771546	
82	0.999967	-0.001235	8.183999	0.001235	0.999967	-0.941340	
83	0.999863	-0.001493	8.774291	0.001493	0.999863	-1.188891	
84	0.999584	-0.001578	9.323565	0.001578	0.999584	-1.423621	
85	0.999734	-0.001707	9.622132	0.001707	0.999734	-1.561302	
86	0.999722	-0.001708	9.981861	0.001708	0.999722	-1.734046	
87	0.999721	-0.001704	10.126902	0.001704	0.999721	-1.943251	
88	0.999761	-0.001713	10.196973	0.001713	0.999761	-2.034365	
89	0.999786	-0.001689	10.364849	0.001689	0.999786	-2.140408	
90	0.999920	-0.001736	10.455199	0.001736	0.999920	-2.362835	
91	0.999904	-0.001698	10.346433	0.001698	0.999904	-2.577276	
92	0.999787	-0.001702	10.138290	0.001702	0.999787	-2.749312	
93	0.999772	-0.001704	9.967796	0.001704	0.999772	-2.740724	
94	0.999728	-0.001494	9.676589	0.001494	0.999728	-2.581564	
95	0.999684	-0.001458	9.439979	0.001458	0.999684	-2.336469	
96	0.999662	-0.001315	9.158854	0.001315	0.999662	-2.018359	
97	0.999365	-0.001319	8.829550	0.001319	0.999365	-1.882762	
98	0.999869	-0.001212	8.330045	0.001212	0.999869	-1.932312	
99	0.999529	-0.001375	8.353479	0.001375	0.999529	-1.666760	
100	1.000110	-0.000757	7.154367	0.000757	1.000110	-1.261369	
101	0.999927	-0.001487	7.526192	0.001487	0.999927	-1.579892	
102	0.999876	-0.001507	7.371356	0.001507	0.999876	-1.297969	
103	1.001394	-0.000464	5.472303	0.000464	1.001394	-0.947585	
104	1.000017	-0.001546	7.154106	0.001546	1.000017	-0.831308	
105	1.001085	-0.000638	5.315483	0.000638	1.001085	-0.555328	
106	1.000838	-0.000667	5.165567	0.000667	1.000838	-0.634332	
107	0.999999	-0.000005	0.005096	0.000005	0.999999	-0.001913	
108	1.000144	-0.001188	6.002923	0.001188	1.000144	-0.742243	
109	0.999905	-0.001902	12.049707	0.001902	0.999905	-1.389139	
110	1.000739	-0.000229	4.192873	0.000229	1.000739	-0.573946	
111	1.000557	-0.000298	4.127957	0.000298	1.000557	-0.571136	
112	1.000513	-0.000325	3.817168	0.000325	1.000513	-0.545835	
113	1.000533	-0.000374	3.293908	0.000374	1.000533	-0.464257	
114	1.000424	-0.000309	2.662296	0.000309	1.000424	-0.323098	
115	1.000298	-0.000301	1.919511	0.000301	1.000298	-0.299504	
116	1.000188	-0.000120	0.984682	0.000120	1.000188	-0.119379	
117	1.000070	-0.000071	0.200618	0.000071	1.000070	0.025680	
118	0.999915	0.000115	-0.591213	-0.000115	0.999915	0.266227	
119	0.999877	0.000175	-1.042011	-0.000175	0.999877	0.344218	
120	0.999876	0.000190	-1.470191	-0.000190	0.999876	0.316818	
121	0.999836	0.000233	-2.099726	-0.000233	0.999836	0.515973	
122	0.999712	0.000090	-2.422394	-0.000090	0.999712	0.588163	
123	0.999712	0.000062	-2.748470	-0.000062	0.999712	0.498438	
124	0.999733	0.000117	-3.011279	-0.000117	0.999733	0.537798	
125	0.999721	0.000129	-3.418948	-0.000129	0.999721	0.681292	
126	0.999466	0.000217	-3.477106	-0.000217	0.999466	0.726454	
127	0.999593	0.000291	-3.754679	-0.000291	0.999593	0.715721	
128	0.999594	0.000190	-3.959367	-0.000190	0.999594	0.661169	
129	0.999519	0.000210	-4.144850	-0.000210	0.999519	0.860129	
130	0.999625	0.000214	-4.295646	-0.000214	0.999625	0.742240	
131	0.999475	0.000318	-4.306385	-0.000318	0.999475	0.740881	
132	0.999550	0.000304	-4.534471	-0.000304	0.999550	0.723904	
133	1.000138	0.000812	-5.566988	-0.000812	1.000138	0.930889	
134	0.999465	0.000338	-4.759890	-0.000338	0.999465	0.699624	
135	0.999467	0.000396	-4.814177	-0.000396	0.999467	0.717653	
136	0.999688	0.000734	-5.191752	-0.000734	0.999688	0.830890	
137	0.999208	0.000460	-4.550936	-0.000460	0.999208	0.742273	
138	0.999302	0.000487	-4.729555	-0.000487	0.999302	0.642041	
139	0.999661	0.000803	-5.223230	-0.000803	0.999661	0.673755	
140	0.999516	0.000707	-4.939552	-0.000707	0.999516	0.569304	
141	0.999164	0.000463	-4.438077	-0.000463	0.999164	0.554149	
142	0.999408	0.000412	-4.512674	-0.000412	0.999408	0.425560	
143	0.999357	0.000338	-4.345947	-0.000338	0.999357	0.391473	
144	0.999455	0.000386	-4.389419	-0.000386	0.999455	0.424670	
145	0.999548	0.000386	-4.285868	-0.000386	0.999548	0.391071	
146	0.999422	0.000344	-4.261995	-0.000344	0.999422	0.399760	
147	0.999395	0.000339	-4.000912	-0.000339	0.999395	0.516702	
148	0.999667	0.000327	-4.094158	-0.000327	0.999667	0.469977	
149	0.999523	0.000392	-3.618000	-0.000392	0.999523	0.531945	
150	0.999537	0.000403	-3.465884	-0.000403	0.999537	0.513642	
151	0.999497	0.000384	-3.311663	-0.000384	0.999497	0.475748	
152	0.999561	0.000405	-3.361716	-0.000405	0.999561	0.473349	
153	0.999539	0.000359	-3.551794	-0.000359	0.999539	0.507471	
154	0.999568	0.000306	-3.753578	-0.000306	0.999568	0.498447	
155	0.999474	0.000378	-4.030420	-0.000378	0.999474	0.638327	
156	0.999435	0.000377	-4.313946	-0.000377	0.999435	0.681844	
157	0.999445	0.000415	-4.706948	-0.000415	0.999445	0.780910	
158	0.999376	0.000470	-5.119094	-0.000470	0.999376	0.854748	
159	1.000015	0.001125	-6.469432	-0.001125	1.000015	1.034749	
160	1.000161	0.001201	-6.910720	-0.001201	1.000161	1.008542	
161	1.000038	0.001217	-7.044513	-0.001217	1.000038	1.089791	
162	1.000118	0.001214	-7.132198	-0.001214	1.000118	1.094608	
163	1.000467	0.001256	-7.288223	-0.001256	1.000467	0.943693	
164	1.000196	0.001251	-7.116485	-0.001251	1.000196	0.969935	
165	1.000157	0.001218	-7.125742	-0.001218	1.000157	0.815531	
166	1.000055	0.001103	-7.036501	-0.001103	1.000055	0.694572	
167	1.000016	0.001073	-7.015467	-0.001073	1.000016	0.674229	
168	0.999978	0.000962	-7.052508	-0.000962	0.999978	0.655091	
169	0.999147	-0.000096	-5.825439	0.000096	0.999147	0.274807	
170	1.000091	0.001104	-7.544406	-0.001104	1.000091	0.760807	
171	0.999976	0.001179	-7.631581	-0.001179	0.999976	0.932818	
172	1.000045	0.001300	-7.988147	-0.001300	1.000045	1.078669	
173	0.998778	0.000125	-6.491434	-0.000125	0.998778	0.628328	
174	0.997362	-0.000100	-5.440469	0.000100	0.997362	0.889590	
175	0.999705	0.001316	-8.322487	-0.001316	0.999705	1.182550	
176	0.999590	0.001306	-8.240910	-0.001306	0.999590	1.323758	
177	0.999663	0.001269	-8.288307	-0.001269	0.999663	1.330622	
178	0.999738	0.001257	-8.231032	-0.001257	0.999738	1.324987	
179	0.999027	0.000591	-6.929849	-0.000591	0.999027	1.103706	
180	0.998767	0.000658	-6.206164	-0.000658	0.998767	1.264848	
181	0.998898	0.000384	-5.860144	-0.000384	0.998898	0.970379	
182	0.999560	0.000978	-6.351718	-0.000978	0.999560	1.155755	
183	0.998748	0.000220	-4.677101	-0.000220	0.998748	0.849513	
184	0.998769	0.000246	-4.147264	-0.000246	0.998769	0.738330	
185	0.998772	0.000401	-3.822408	-0.000401	0.998772	0.838973	
186	0.998980	0.000511	-3.590275	-0.000511	0.998980	0.822144	
187	0.999065	0.000506	-2.934900	-0.000506	0.999065	0.812258	
188	0.999295	0.000413	-2.098863	-0.000413	0.999295	0.494456	
189	0.999508	0.000393	-0.864906	-0.000393	0.999508	0.338272	
190	0.999728	0.000315	0.139199	-0.000315	0.999728	0.129083	
191	0.999825	0.000154	0.962767	-0.000154	0.999825	-0.186656	
192	0.999995	-0.000074	1.542384	0.000074	0.999995	-0.477467	
193	1.000072	-0.000242	2.029408	0.000242	1.000072	-0.563862	
194	1.000195	-0.000343	2.433671	0.000343	1.000195	-0.567204	
195	1.000149	-0.000293	2.787334	0.000293	1.000149	-0.475627	
196	1.000365	-0.000223	3.162038	0.000223	1.000365	-0.285027	
197	1.000349	-0.000162	3.327890	0.000162	1.000349	-0.152952	
198	1.000442	-0.000233	3.523246	0.000233	1.000442	-0.306518	
199	1.000431	-0.000239	3.576665	0.000239	1.000431	-0.291248	
200	1.000428	-0.000396	3.689679	0.000396	1.000428	-0.407159	
201	1.000429	-0.000373	3.777149	0.000373	1.000429	-0.435520	
202	1.000649	-0.000243	3.869344	0.000243	1.000649	-0.546586	
203	1.000746	-0.000192	4.054382	0.000192	1.000746	-0.535316	
204	1.000836	-0.000074	4.080353	0.000074	1.000836	-0.401270	
205	1.000948	-0.000098	4.087414	0.000098	1.000948	-0.430001	
206	1.001013	-0.000198	4.084458	0.000198	1.001013	-0.397405	
207	1.000899	-0.000256	4.131130	0.000256	1.000899	-0.303870	
208	1.000934	-0.000324	4.114151	0.000324	1.000934	-0.372439	
209	1.000883	-0.000196	4.140059	0.000196	1.000883	-0.365770	
210	1.001313	-0.000171	3.731745	0.000171	1.001313	-0.560007	
211	1.001164	-0.000145	3.959527	0.000145	1.001164	-0.611590	
212	1.001000	-0.000129	3.933609	0.000129	1.001000	-0.583559	
213	1.001080	-0.000273	3.625407	0.000273	1.001080	-0.663176	
214	1.000980	-0.000257	3.689233	0.000257	1.000980	-0.580402	
215	1.000918	-0.000217	3.635095	0.000217	1.000918	-0.456444	
216	1.001174	-0.000195	3.328313	0.000195	1.001174	-0.515555	
217	1.001044	-0.000125	3.397795	0.000125	1.001044	-0.509784	
218	1.000910	-0.000139	3.374372	0.000139	1.000910	-0.518513	
219	1.001002	-0.000117	3.068727	0.000117	1.001002	-0.534049	
220	1.001015	-0.000137	2.834887	0.000137	1.001015	-0.530955	
221	1.000950	-0.000183	2.771884	0.000183	1.000950	-0.495240	
222	1.000838	-0.000196	2.723587	0.000196	1.000838	-0.448081	
223	1.000857	-0.000185	2.656286	0.000185	1.000857	-0.442933	
224	1.000699	-0.000169	2.719332	0.000169	1.000699	-0.429766	
225	1.000756	-0.000073	2.584699	0.000073	1.000756	-0.458013	
226	1.000626	-0.000125	2.629391	0.000125	1.000626	-0.463466	
227	1.000684	-0.000170	2.509278	0.000170	1.000684	-0.442458	
228	1.000657	-0.000149	2.423194	0.000149	1.000657	-0.447084	
229	1.000620	-0.000143	2.319537	0.000143	1.000620	-0.348091	
230	1.000515	-0.000147	2.235146	0.000147	1.000515	-0.330210	
231	1.000451	-0.000100	2.073658	0.000100	1.000451	-0.347518	
232	1.000407	-0.000111	1.911585	0.000111	1.000407	-0.334930	
233	1.000404	-0.000092	1.744725	0.000092	1.000404	-0.254096	
234	1.000376	-0.000088	1.582233	0.000088	1.000376	-0.181025	
235	1.000321	-0.000083	1.350640	0.000083	1.000321	-0.056694	
236	1.000261	-0.000078	1.244094	0.000078	1.000261	-0.000364	
237	1.000207	-0.000121	1.108561	0.000121	1.000207	0.009295	
238	1.000171	-0.000145	1.022776	0.000145	1.000171	-0.032206	
239	1.000000	-0.000001	0.000971	0.000001	1.000000	-0.000508	
240	1.000198	-0.000184	0.990253	0.000184	1.000198	-0.125233	
241	1.000463	-0.000158	2.026335	0.000158	1.000463	-0.517652	
242	1.000058	-0.000087	0.973036	0.000087	1.000058	-0.321312	
243	1.000072	-0.000168	0.944410	0.000168	1.000072	-0.453070	
244	1.000060	-0.000103	0.933647	0.000103	1.000060	-0.318856	
245	1.000135	-0.000162	0.935498	0.000162	1.000135	-0.317168	
246	1.000097	-0.000082	0.926993	0.000082	1.000097	-0.243537	
247	1.000091	-0.000107	0.914326	0.000107	1.000091	-0.188835	
248	1.000112	-0.000059	0.895152	0.000059	1.000112	-0.090891	
249	1.000109	-0.000063	0.865549	0.000063	1.000109	-0.054557	
