0	1.000000	0.000000	0.000000	0.000000	1.000000	0.000000	
1	1.005159	-0.009344	1.631619	0.009344	1.005159	-17.829873	
2	1.004964	0.020534	-15.081722	-0.020534	1.004964	23.825105	
3	1.007898	-0.003102	-4.100680	0.003102	1.007898	-9.704640	
4	1.003059	-0.014582	6.353565	0.014582	1.003059	-13.745145	
5	1.006210	0.003244	-5.619801	-0.003244	1.006210	12.169227	
6	1.007301	-0.002011	-6.497982	0.002011	1.007301	-14.188326	
7	1.002886	-0.002209	-0.148183	0.002209	1.002886	4.963951	
8	1.006457	-0.005050	-3.250327	0.005050	1.006457	-7.870429	
9	1.002506	-0.019540	8.721669	0.019540	1.002506	-17.638773	
10	1.006666	0.020455	-18.597188	-0.020455	1.006666	12.850530	
11	1.003399	0.000322	-2.825938	-0.000322	1.003399	3.115714	
12	1.006979	-0.013480	1.610480	0.013480	1.006979	-26.248447	
13	1.004377	0.010944	-11.191698	-0.010944	1.004377	10.627651	
14	1.006412	-0.001048	-4.215775	0.001048	1.006412	-4.869469	
15	1.005271	-0.004817	-1.683054	0.004817	1.005271	-6.834815	
16	1.005593	0.006893	-10.023188	-0.006893	1.005593	5.004383	
17	1.005638	-0.000103	-4.320469	0.000103	1.005638	-3.140522	
18	1.004737	0.000099	-4.016113	-0.000099	1.004737	-2.386478	
19	1.004695	0.003055	-6.555049	-0.003055	1.004695	1.852710	
20	1.005223	-0.001355	-3.832746	0.001355	1.005223	-3.441052	
21	1.005482	0.001511	-5.953131	-0.001511	1.005482	0.238463	
22	1.005106	-0.000491	-4.150076	0.000491	1.005106	-2.467273	
23	1.004947	0.005242	-7.894232	-0.005242	1.004947	3.826810	
24	1.005602	-0.002527	-3.433201	0.002527	1.005602	-1.465168	
25	1.004656	-0.002690	-2.071936	0.002690	1.004656	-3.920983	
26	1.005336	0.001667	-6.711838	-0.001667	1.005336	1.623693	
27	1.004521	0.000938	-4.128304	-0.000938	1.004521	0.189720	
28	1.005069	-0.005601	-1.193129	0.005601	1.005069	-4.701324	
29	1.004171	0.004170	-6.932025	-0.004170	1.004171	4.892885	
30	1.006073	0.009133	-10.272820	-0.009133	1.006073	14.435902	
31	0.998111	-0.001303	4.411097	0.001303	0.998111	0.778425	
32	1.006814	-0.002211	-6.110643	0.002211	1.006814	-18.306216	
33	1.004817	0.005725	-7.609050	-0.005725	1.004817	7.013032	
34	1.004999	-0.006404	-0.072535	0.006404	1.004999	-15.895677	
35	1.005741	0.003356	-7.289161	-0.003356	1.005741	-1.524176	
36	1.004333	-0.005968	-0.465267	0.005968	1.004333	-11.032367	
37	1.005429	0.007483	-10.331225	-0.007483	1.005429	2.835740	
38	1.003962	-0.009859	3.311008	0.009859	1.003962	-13.350160	
39	1.005272	0.005867	-9.431429	-0.005867	1.005272	2.874579	
40	1.004955	-0.004774	-0.764994	0.004774	1.004955	-6.091561	
41	1.005909	0.001190	-5.898723	-0.001190	1.005909	-0.270484	
42	1.003306	-0.001972	-1.985133	0.001972	1.003306	-1.011257	
43	1.006239	0.003406	-8.161543	-0.003406	1.006239	1.554797	
44	1.004230	-0.007494	1.646588	0.007494	1.004230	-8.915868	
45	1.005234	0.003872	-7.650428	-0.003872	1.005234	2.531679	
46	1.003906	-0.003319	-1.175812	0.003319	1.003906	-5.094378	
47	1.004461	0.004085	-7.439218	-0.004085	1.004461	5.044828	
48	1.005145	-0.002889	-3.392380	0.002889	1.005145	-3.708275	
49	1.004596	0.002117	-5.039111	-0.002117	1.004596	-1.797994	
50	1.004309	-0.001927	-2.847769	0.001927	1.004309	-1.938224	
51	1.005102	0.001398	-5.920617	-0.001398	1.005102	-0.805652	
52	1.004524	-0.000424	-4.002142	0.000424	1.004524	-2.097777	
53	1.004644	0.000513	-5.043610	-0.000513	1.004644	-2.471011	
54	1.004271	-0.000456	-3.549880	0.000456	1.004271	-2.273050	
55	1.004734	0.000020	-5.235304	-0.000020	1.004734	-1.912817	
56	1.004509	0.001250	-5.211552	-0.001250	1.004509	-2.709879	
57	1.004437	-0.000052	-4.672752	0.000052	1.004437	-3.574061	
58	1.004272	-0.001428	-3.319639	0.001428	1.004272	-4.820787	
59	1.003786	-0.000162	-4.149088	0.000162	1.003786	-1.904438	
60	1.005246	0.007730	-10.854425	-0.007730	1.005246	3.082817	
61	1.002356	-0.010716	4.191584	0.010716	1.002356	-11.276753	
62	1.005075	0.027991	-21.144448	-0.027991	1.005075	25.946327	
63	1.003686	-0.023419	9.529360	0.023419	1.003686	-25.034367	
64	1.003215	0.006210	-8.632038	-0.006210	1.003215	5.743343	
65	1.004755	0.015124	-13.089192	-0.015124	1.004755	14.804464	
66	1.003510	-0.025165	9.748755	0.025165	1.003510	-28.122586	
67	1.003356	0.014203	-13.372720	-0.014203	1.003356	13.401120	
68	1.004628	-0.011730	0.993601	0.011730	1.004628	-12.072922	
69	1.003740	0.003291	-7.534197	-0.003291	1.003740	0.051530	
70	1.003874	-0.002549	-4.524476	0.002549	1.003874	-3.589449	
71	1.003681	0.003161	-7.502395	-0.003161	1.003681	1.223980	
72	1.004117	-0.005422	-2.745317	0.005422	1.004117	-7.763866	
73	1.002989	0.002194	-5.964523	-0.002194	1.002989	0.537420	
74	1.004753	-0.001403	-7.000261	0.001403	1.004753	-2.612567	
75	1.003521	-0.001735	-4.537885	0.001735	1.003521	-5.046110	
76	1.003815	0.000567	-7.007153	-0.000567	1.003815	-0.029381	
77	1.004371	0.000065	-7.229371	-0.000065	1.004371	-2.500989	
78	1.003211	-0.001294	-5.124110	0.001294	1.003211	-3.560507	
79	1.004323	0.003207	-9.163617	-0.003207	1.004323	0.949520	
80	1.003376	-0.000318	-6.021810	0.000318	1.003376	-2.309003	
81	1.003842	-0.000564	-6.628665	0.000564	1.003842	-2.129886	
82	1.003313	0.001369	-7.194588	-0.001369	1.003313	0.772698	
83	1.003913	0.001633	-8.000731	-0.001633	1.003913	-0.874024	
84	1.003634	-0.000362	-6.649965	0.000362	1.003634	-0.000179	
85	1.003554	0.001029	-7.476067	-0.001029	1.003554	-1.036152	
86	1.004072	-0.000747	-7.007438	0.000747	1.004072	-0.906032	
87	1.003520	0.001916	-8.063924	-0.001916	1.003520	1.835971	
88	1.004044	-0.001281	-6.767604	0.001281	1.004044	-2.547998	
89	1.003818	0.001899	-8.423844	-0.001899	1.003818	2.593208	
90	1.003600	-0.000559	-6.956442	0.000559	1.003600	-0.382207	
91	1.003924	0.000608	-7.562509	-0.000608	1.003924	0.309795	
92	1.003623	0.000248	-7.402956	-0.000248	1.003623	0.102342	
93	1.003416	0.001924	-8.247995	-0.001924	1.003416	2.067488	
94	1.004137	-0.001841	-6.862320	0.001841	1.004137	-2.456710	
95	1.004011	0.002046	-8.718945	-0.002046	1.004011	1.493896	
96	1.003342	-0.001485	-6.212083	0.001485	1.003342	-3.121316	
97	1.004139	0.001361	-8.784067	-0.001361	1.004139	1.295374	
98	1.004074	-0.002478	-6.499488	0.002478	1.004074	-5.019138	
99	1.003979	0.001912	-8.940156	-0.001912	1.003979	1.002086	
100	1.003581	-0.002893	-5.833487	0.002893	1.003581	-4.370951	
101	1.003659	0.001253	-8.156484	-0.001253	1.003659	-0.010288	
102	1.003878	0.000204	-7.721708	-0.000204	1.003878	-2.134931	
103	1.003997	-0.003384	-5.612076	0.003384	1.003997	-5.246088	
104	1.003529	0.002435	-8.724283	-0.002435	1.003529	1.268549	
105	1.004053	-0.002895	-5.940963	0.002895	1.004053	-5.589367	
106	1.003866	0.001861	-8.436646	-0.001861	1.003866	-1.100608	
107	1.003989	-0.003557	-5.577357	0.003557	1.003989	-5.368263	
108	1.003358	0.001657	-8.344429	-0.001657	1.003358	1.043614	
109	1.003993	-0.002046	-6.814010	0.002046	1.003993	-4.197152	
110	1.003779	0.000034	-8.040215	-0.000034	1.003779	-2.109000	
111	1.003916	0.000225	-8.148415	-0.000225	1.003916	-0.504947	
112	1.003368	0.000238	-7.986350	-0.000238	1.003368	-0.550783	
113	1.003996	0.000650	-8.882046	-0.000650	1.003996	-1.827150	
114	1.003688	-0.000856	-7.504634	0.000856	1.003688	-2.210724	
115	1.003994	0.001578	-9.355835	-0.001578	1.003994	0.790370	
116	1.003527	-0.000689	-7.645914	0.000689	1.003527	-2.519822	
117	1.003526	0.001423	-8.746246	-0.001423	1.003526	-0.885160	
118	1.004091	0.000256	-8.414138	-0.000256	1.004091	-1.606685	
119	1.003459	0.001195	-8.656827	-0.001195	1.003459	-0.162482	
120	1.003316	-0.000211	-7.490875	0.000211	1.003316	-2.304397	
121	1.004656	0.000974	-9.356978	-0.000974	1.004656	-1.748897	
122	1.003625	0.000296	-7.978950	-0.000296	1.003625	-0.672221	
123	1.003897	0.000538	-8.692467	-0.000538	1.003897	-0.792565	
124	1.003667	0.000167	-8.129337	-0.000167	1.003667	-1.736218	
125	1.004404	0.000088	-8.442854	-0.000088	1.004404	-1.637350	
126	1.003284	0.000608	-7.868397	-0.000608	1.003284	0.521710	
127	1.003959	-0.000243	-8.357802	0.000243	1.003959	-1.788703	
128	1.003652	-0.000071	-7.891045	0.000071	1.003652	-1.555858	
129	1.004399	0.000085	-8.747849	-0.000085	1.004399	-1.322500	
130	1.003205	-0.000290	-7.474468	0.000290	1.003205	-1.300998	
131	1.004533	0.000570	-9.058487	-0.000570	1.004533	-1.702128	
132	1.004352	-0.000585	-8.008585	0.000585	1.004352	-2.189732	
133	1.003464	0.001267	-8.707611	-0.001267	1.003464	0.561849	
134	1.003214	0.000664	-8.283455	-0.000664	1.003214	-1.035990	
135	1.004637	-0.000141	-8.692413	0.000141	1.004637	-3.161298	
136	1.003292	-0.000029	-6.973859	0.000029	1.003292	-1.047036	
137	1.003629	-0.000805	-6.730640	0.000805	1.003629	-2.971761	
138	1.003857	-0.000435	-7.746442	0.000435	1.003857	-3.024388	
139	1.004104	0.000157	-7.368997	-0.000157	1.004104	-2.457692	
140	1.003400	0.001160	-7.011881	-0.001160	1.003400	-0.409701	
141	1.003906	0.000390	-6.822843	-0.000390	1.003906	-2.066831	
142	1.003554	-0.003005	-5.131637	0.003005	1.003554	-5.271902	
143	1.003998	-0.000983	-7.056897	0.000983	1.003998	-1.458871	
144	1.003486	-0.002612	-6.149683	0.002612	1.003486	-3.451038	
145	1.003669	-0.000502	-6.256940	0.000502	1.003669	-2.882820	
146	1.003389	-0.001126	-6.777285	0.001126	1.003389	-1.172066	
147	1.003373	0.000419	-7.157485	-0.000419	1.003373	-1.076859	
148	1.003075	0.001580	-8.386728	-0.001580	1.003075	0.683881	
149	1.003677	-0.001002	-6.468662	0.001002	1.003677	-3.327763	
150	1.003150	0.001514	-8.980910	-0.001514	1.003150	1.029836	
151	1.003086	0.001201	-8.171260	-0.001201	1.003086	-0.321808	
152	1.003119	0.000532	-8.173759	-0.000532	1.003119	-1.848443	
153	1.003348	0.000853	-9.180465	-0.000853	1.003348	-0.038231	
154	1.002631	0.001278	-7.720450	-0.001278	1.002631	-0.440052	
155	1.003733	0.000717	-9.166974	-0.000717	1.003733	-1.158004	
156	1.002538	0.002173	-8.754015	-0.002173	1.002538	1.632777	
157	1.003691	0.000628	-7.898919	-0.000628	1.003691	-0.677630	
158	1.002582	0.003001	-8.118996	-0.003001	1.002582	1.130589	
159	1.003758	0.001069	-8.460505	-0.001069	1.003758	0.089470	
160	1.003065	0.000489	-6.491182	-0.000489	1.003065	-1.522453	
161	1.003103	-0.000331	-6.094563	0.000331	1.003103	-0.962298	
162	1.003723	0.001073	-8.411408	-0.001073	1.003723	-0.548944	
163	1.003248	-0.000642	-5.937033	0.000642	1.003248	-2.878846	
164	1.002911	0.001391	-7.405010	-0.001391	1.002911	0.513346	
165	1.003758	0.000721	-7.617656	-0.000721	1.003758	-1.138246	
166	1.003573	-0.000314	-6.161630	0.000314	1.003573	-2.543712	
167	1.003368	-0.000903	-5.702214	0.000903	1.003368	-3.240263	
168	1.003099	-0.000481	-5.475096	0.000481	1.003099	-1.652450	
169	1.003428	-0.000188	-6.048559	0.000188	1.003428	-2.885453	
170	1.003223	-0.001382	-5.003303	0.001382	1.003223	-2.720823	
171	1.003605	-0.000792	-5.358027	0.000792	1.003605	-2.890178	
172	1.003497	-0.001430	-4.886806	0.001430	1.003497	-2.914404	
173	1.003803	0.000193	-6.046046	-0.000193	1.003803	-1.951718	
174	1.003490	-0.001871	-4.616337	0.001871	1.003490	-3.509666	
175	1.003707	-0.000365	-5.468150	0.000365	1.003707	-1.612243	
176	1.003562	-0.001790	-4.550487	0.001790	1.003562	-3.972842	
177	1.003754	0.000150	-5.612698	-0.000150	1.003754	-0.833005	
178	1.003330	-0.001274	-4.487659	0.001274	1.003330	-2.884181	
179	1.004126	0.000195	-6.069384	-0.000195	1.004126	-0.989203	
180	1.003522	0.000154	-5.640347	-0.000154	1.003522	-0.976382	
181	1.003980	0.000368	-6.066595	-0.000368	1.003980	-1.690692	
182	1.003792	0.000117	-5.624343	-0.000117	1.003792	-1.102597	
183	1.004136	0.000659	-6.463768	-0.000659	1.004136	-1.090467	
184	1.003981	0.000807	-6.069619	-0.000807	1.003981	-0.653948	
185	1.003948	0.000197	-5.711750	-0.000197	1.003948	-1.701662	
186	1.003989	0.001488	-6.439631	-0.001488	1.003989	-0.088481	
187	1.003873	0.000200	-5.588548	-0.000200	1.003873	-0.790534	
188	1.004020	0.000911	-5.841191	-0.000911	1.004020	-0.839180	
189	1.003883	0.000397	-5.672976	-0.000397	1.003883	-1.297001	
190	1.003212	0.000893	-5.300271	-0.000893	1.003212	0.018009	
191	1.004097	0.000317	-5.563065	-0.000317	1.004097	-1.836909	
192	1.003165	0.000133	-4.854972	-0.000133	1.003165	-0.293923	
193	1.004974	0.001453	-6.750058	-0.001453	1.004974	-0.088386	
194	1.002591	-0.000014	-4.158970	0.000014	1.002591	-1.359879	
195	1.003781	0.000115	-5.061623	-0.000115	1.003781	-1.115454	
196	1.002743	0.000089	-4.130311	-0.000089	1.002743	-0.955746	
197	1.003243	0.000361	-4.545683	-0.000361	1.003243	-0.813777	
198	1.002941	-0.000560	-3.748117	0.000560	1.002941	-1.251516	
199	1.003572	0.000698	-4.884255	-0.000698	1.003572	-1.136548	
200	1.002774	0.000270	-3.830536	-0.000270	1.002774	-1.052896	
201	1.004238	-0.000473	-4.571569	0.000473	1.004238	-1.439567	
202	1.003112	0.000480	-4.303063	-0.000480	1.003112	-0.593618	
203	1.003743	0.000704	-4.833189	-0.000704	1.003743	-0.723208	
204	1.003085	0.000374	-4.014249	-0.000374	1.003085	-0.952899	
205	1.003018	-0.000638	-3.564502	0.000638	1.003018	-1.325994	
206	1.003295	-0.000458	-3.918535	0.000458	1.003295	-0.541474	
207	1.003557	-0.000420	-4.073591	0.000420	1.003557	-1.165953	
208	1.003199	-0.000635	-3.435709	0.000635	1.003199	-1.682429	
209	1.003517	0.000162	-4.029443	-0.000162	1.003517	-0.526276	
210	1.003393	-0.000572	-3.276921	0.000572	1.003393	0.172871	
211	1.003648	-0.000424	-3.289063	0.000424	1.003648	-1.839129	
212	1.003200	-0.000807	-2.406883	0.000807	1.003200	-0.596254	
213	1.004005	0.001914	-4.631477	-0.001914	1.004005	0.473034	
214	1.003223	-0.003777	-0.245250	0.003777	1.003223	-5.424632	
215	1.003888	0.001807	-4.220120	-0.001807	1.003888	1.110158	
216	1.003832	-0.000602	-2.430784	0.000602	1.003832	-2.827258	
217	1.003954	0.000546	-3.430223	-0.000546	1.003954	-1.771282	
218	1.003425	-0.000984	-1.417993	0.000984	1.003425	-2.331395	
219	1.004159	0.003804	-5.333629	-0.003804	1.004159	2.086361	
220	1.004149	-0.002153	-1.254036	0.002153	1.004149	-4.040280	
221	1.003763	0.002274	-3.648874	-0.002274	1.003763	-0.723396	
222	1.004016	-0.000832	-1.843830	0.000832	1.004016	-1.578336	
223	1.004075	0.002837	-4.161491	-0.002837	1.004075	0.796721	
224	1.003588	-0.001328	-1.277051	0.001328	1.003588	-2.224988	
225	1.004085	0.003542	-4.624604	-0.003542	1.004085	2.627858	
226	1.003601	-0.000856	-1.517954	0.000856	1.003601	-1.809077	
227	1.005035	0.001288	-3.869512	-0.001288	1.005035	-0.594168	
228	1.003121	-0.000702	-0.952882	0.000702	1.003121	-2.096196	
229	1.004235	0.001629	-2.726037	-0.001629	1.004235	-0.475031	
230	1.003640	-0.002430	-0.228014	0.002430	1.003640	-3.538654	
231	1.004882	0.001661	-3.326054	-0.001661	1.004882	-1.012988	
232	1.003781	-0.000566	-1.096724	0.000566	1.003781	-3.304881	
233	1.005059	0.000546	-2.666798	-0.000546	1.005059	-1.890077	
234	1.004075	-0.001212	-0.515532	0.001212	1.004075	-4.178971	
235	1.005334	0.000998	-2.773247	-0.000998	1.005334	-1.582380	
236	1.003996	-0.001015	-0.289793	0.001015	1.003996	-3.700089	
237	1.004499	-0.000138	-0.839327	0.000138	1.004499	-2.128070	
238	1.004069	-0.000860	-0.094162	0.000860	1.004069	-4.223761	
239	1.004017	0.000899	-1.156848	-0.000899	1.004017	-1.660835	
240	1.003760	-0.000441	0.224463	0.000441	1.003760	-1.733280	
241	1.004423	-0.000322	-0.194141	0.000322	1.004423	-2.740203	
242	1.003955	-0.000684	0.597716	0.000684	1.003955	-3.190882	
243	1.004147	-0.000047	0.271462	0.000047	1.004147	-2.149666	
244	1.003992	-0.000779	1.024733	0.000779	1.003992	-1.987308	
245	1.004283	0.000506	-0.123699	-0.000506	1.004283	-1.443726	
246	1.004302	0.000948	0.106498	-0.000948	1.004302	-1.556209	
247	1.004263	0.000942	0.002544	-0.000942	1.004263	-1.053546	
248	1.004528	0.001114	0.238846	-0.001114	1.004528	-1.090251	
249	1.004108	0.002550	-0.537942	-0.002550	1.004108	0.636878	
250	1.004656	-0.000116	1.125862	0.000116	1.004656	-1.623168	
251	1.004815	0.001262	0.404023	-0.001262	1.004815	-0.905561	
252	1.004837	0.002761	-0.087801	-0.002761	1.004837	0.428160	
253	1.005050	0.000576	1.062762	-0.000576	1.005050	-2.345073	
254	1.003642	0.002911	0.999101	-0.002911	1.003642	2.092737	
255	1.004678	0.001152	1.531102	-0.001152	1.004678	-0.460287	
256	1.004690	0.001508	1.108104	-0.001508	1.004690	-2.025874	
257	1.005499	0.001557	0.904470	-0.001557	1.005499	-1.232581	
258	1.003749	0.000234	2.855152	-0.000234	1.003749	-1.644457	
259	1.004606	-0.000116	2.150159	0.000116	1.004606	-1.692513	
260	1.005914	0.001827	0.388039	-0.001827	1.005914	-2.273291	
261	1.006837	-0.000251	0.968764	0.000251	1.006837	-2.870529	
262	1.005058	-0.000136	1.595136	0.000136	1.005058	-2.171193	
263	1.005262	-0.000396	1.727996	0.000396	1.005262	-2.809829	
264	1.005743	0.000005	1.515372	-0.000005	1.005743	-2.280309	
265	1.004649	-0.000921	2.877223	0.000921	1.004649	-2.213479	
266	1.005214	0.000159	1.774982	-0.000159	1.005214	-1.888577	
267	1.004974	-0.000654	2.609236	0.000654	1.004974	-1.555600	
268	1.005908	-0.001978	2.712044	0.001978	1.005908	-4.578365	
269	1.005453	-0.000966	2.514638	0.000966	1.005453	-6.086120	
270	1.005904	0.000369	1.308006	-0.000369	1.005904	-2.426677	
271	1.007019	-0.001710	1.343985	0.001710	1.007019	-4.492791	
272	1.005279	0.001079	1.354626	-0.001079	1.005279	-1.802271	
273	1.004547	-0.001802	3.010403	0.001802	1.004547	-5.385657	
274	1.003985	0.001510	1.606523	-0.001510	1.003985	-0.581728	
275	1.005373	-0.000552	1.214846	0.000552	1.005373	-2.489959	
276	1.005190	-0.000192	2.399213	0.000192	1.005190	-4.218369	
277	1.004771	0.002312	-0.095638	-0.002312	1.004771	0.706542	
278	1.005132	-0.001074	2.509476	0.001074	1.005132	-3.541502	
279	1.005340	0.002371	-0.538150	-0.002371	1.005340	1.587522	
280	1.007352	0.002763	-1.211432	-0.002763	1.007352	-1.291843	
281	1.004535	0.000808	1.249414	-0.000808	1.004535	-1.195105	
282	1.004222	0.001428	1.339286	-0.001428	1.004222	-0.111218	
283	1.005281	0.001199	0.653269	-0.001199	1.005281	-0.797600	
284	1.004888	0.001219	0.759060	-0.001219	1.004888	-1.557610	
285	1.004714	0.001652	0.555427	-0.001652	1.004714	-0.550283	
286	1.004125	0.000903	1.089985	-0.000903	1.004125	-1.196894	
287	1.003994	0.001860	0.741485	-0.001860	1.003994	-1.292131	
288	1.004388	0.001330	0.540911	-0.001330	1.004388	0.012804	
289	1.004231	0.000504	1.339300	-0.000504	1.004231	-3.183985	
290	1.004260	0.000843	1.449413	-0.000843	1.004260	0.122289	
291	1.004400	0.001563	0.470113	-0.001563	1.004400	-0.619685	
292	1.003957	0.000067	1.750657	-0.000067	1.003957	-1.393946	
293	1.003975	0.001064	0.418431	-0.001064	1.003975	-1.392100	
294	1.003932	-0.000815	1.597380	0.000815	1.003932	-1.658183	
295	1.004316	-0.000760	1.226327	0.000760	1.004316	-1.835611	
296	1.004504	0.000251	0.633034	-0.000251	1.004504	-2.122602	
297	1.004011	-0.001463	2.018497	0.001463	1.004011	-3.718560	
298	1.004231	-0.000826	1.234949	0.000826	1.004231	-1.287976	
299	1.004762	-0.001008	0.870965	0.001008	1.004762	-2.461680	
300	1.005136	0.000029	-0.447280	-0.000029	1.005136	-1.711252	
301	1.005200	-0.001350	0.730850	0.001350	1.005200	-3.895990	
302	1.005132	0.002775	-2.565840	-0.002775	1.005132	2.377038	
303	1.006070	-0.005208	2.963138	0.005208	1.006070	-5.154612	
304	1.004230	0.003213	-1.901287	-0.003213	1.004230	3.406854	
305	1.005747	-0.004373	1.610274	0.004373	1.005747	-4.716255	
306	1.004490	-0.001387	0.767072	0.001387	1.004490	-3.877804	
307	1.006021	0.005475	-5.152603	-0.005475	1.006021	4.262984	
308	1.004991	-0.004136	2.667832	0.004136	1.004991	-6.390405	
309	1.005140	0.001665	-2.399633	-0.001665	1.005140	0.099382	
310	1.005303	0.000860	-1.452731	-0.000860	1.005303	-1.208530	
311	1.005012	-0.000789	-0.618064	0.000789	1.005012	-3.615977	
312	1.005378	0.000807	-1.383180	-0.000807	1.005378	-0.031815	
313	1.005224	0.000830	-2.190389	-0.000830	1.005224	-1.681924	
314	1.004220	-0.001367	0.638891	0.001367	1.004220	-3.534741	
315	1.004625	0.000337	-1.172666	-0.000337	1.004625	-1.540474	
316	1.004694	-0.000407	-0.803801	0.000407	1.004694	-2.289116	
317	1.004748	0.001232	-1.780088	-0.001232	1.004748	-1.770741	
318	1.004830	-0.001081	-0.807287	0.001081	1.004830	-2.413108	
319	1.004605	0.000729	-1.721822	-0.000729	1.004605	-2.014187	
320	1.004507	-0.000082	-1.130351	0.000082	1.004507	-2.084508	
321	1.004913	-0.000413	-1.700937	0.000413	1.004913	-3.680006	
322	1.004476	0.000125	-1.771587	-0.000125	1.004476	-2.570721	
323	1.004421	-0.001050	-0.897213	0.001050	1.004421	-4.143532	
324	1.004675	-0.001500	-0.777985	0.001500	1.004675	-3.937597	
325	1.004545	0.001673	-3.858173	-0.001673	1.004545	-0.787173	
326	1.004173	-0.002074	-0.726389	0.002074	1.004173	-5.031285	
327	1.005461	0.002263	-5.546085	-0.002263	1.005461	-0.295494	
328	1.003987	-0.001588	-0.940292	0.001588	1.003987	-6.423183	
329	1.005068	-0.000109	-4.018796	0.000109	1.005068	-2.725134	
330	1.004925	0.000967	-4.196509	-0.000967	1.004925	-4.470653	
331	1.004480	-0.000052	-3.454524	0.000052	1.004480	-4.532632	
332	1.005035	0.000849	-4.680231	-0.000849	1.005035	-3.647389	
333	1.004491	0.001634	-4.565779	-0.001634	1.004491	-3.301344	
334	1.004991	-0.000352	-3.692520	0.000352	1.004991	-4.461419	
335	1.004665	0.002636	-5.321065	-0.002636	1.004665	-1.506833	
336	1.004930	-0.001570	-3.220666	0.001570	1.004930	-2.283281	
337	1.004882	0.004076	-6.464349	-0.004076	1.004882	0.946401	
338	1.004633	-0.000077	-4.515484	0.000077	1.004633	0.375638	
339	1.004422	0.000505	-3.752621	-0.000505	1.004422	-2.781395	
340	1.004702	-0.001059	-3.778166	0.001059	1.004702	0.135113	
341	1.004705	-0.000969	-3.467900	0.000969	1.004705	-2.147977	
342	1.004006	-0.000133	-3.451968	0.000133	1.004006	1.839704	
343	1.004494	-0.001007	-4.018869	0.001007	1.004494	0.004651	
344	1.005106	0.000484	-5.544128	-0.000484	1.005106	3.282198	
345	1.004568	0.000767	-4.979136	-0.000767	1.004568	2.025833	
346	1.004525	-0.000439	-4.530122	0.000439	1.004525	0.144241	
347	1.003953	-0.000285	-3.841714	0.000285	1.003953	-1.150634	
348	1.004994	-0.000551	-4.587502	0.000551	1.004994	-2.268788	
349	1.004177	-0.001940	-2.814166	0.001940	1.004177	-2.775122	
350	1.004257	-0.000265	-3.552151	0.000265	1.004257	-2.833836	
351	1.004428	-0.001500	-3.005636	0.001500	1.004428	-1.286887	
352	1.004016	-0.001005	-2.974992	0.001005	1.004016	-2.833013	
353	1.004992	-0.001108	-4.424602	0.001108	1.004992	-2.026905	
354	1.003786	-0.001761	-2.667212	0.001761	1.003786	-2.753154	
355	1.004959	-0.000298	-5.213917	0.000298	1.004959	-2.335586	
356	1.004314	-0.002245	-3.205293	0.002245	1.004314	-2.590240	
357	1.004270	0.000112	-4.811398	-0.000112	1.004270	-1.764318	
358	1.004870	-0.000689	-5.375208	0.000689	1.004870	-1.516908	
359	1.004239	-0.003158	-2.924757	0.003158	1.004239	-2.873024	
360	1.004330	-0.000193	-5.005094	0.000193	1.004330	-1.905332	
361	1.004752	-0.003264	-2.880485	0.003264	1.004752	-2.917475	
362	1.004095	0.003431	-7.124605	-0.003431	1.004095	3.515338	
363	1.004988	-0.005351	-2.248671	0.005351	1.004988	-5.863421	
364	1.004656	0.002122	-5.784728	-0.002122	1.004656	2.631555	
365	1.004278	-0.000949	-4.198290	0.000949	1.004278	-1.298324	
366	1.005046	0.001879	-6.982488	-0.001879	1.005046	2.050129	
367	1.004337	-0.001134	-3.897515	0.001134	1.004337	-0.731717	
368	1.004141	0.002209	-5.821846	-0.002209	1.004141	1.367081	
369	1.004514	0.000382	-5.290224	-0.000382	1.004514	0.123455	
370	1.003413	0.002086	-5.252010	-0.002086	1.003413	1.846853	
371	1.004278	-0.000069	-5.411826	0.000069	1.004278	-1.959943	
372	1.003689	0.004127	-6.634297	-0.004127	1.003689	3.952244	
373	1.003667	0.000989	-5.499573	-0.000989	1.003667	-0.807817	
374	1.003623	0.001338	-5.783312	-0.001338	1.003623	-1.201796	
375	1.003594	0.002065	-6.205590	-0.002065	1.003594	-0.088694	
376	1.002885	0.001543	-5.373059	-0.001543	1.002885	-0.958929	
377	1.004469	-0.002122	-5.284898	0.002122	1.004469	-6.058629	
378	1.003047	-0.001703	-3.726853	0.001703	1.003047	-4.984218	
379	1.003322	0.000748	-6.503734	-0.000748	1.003322	-1.850538	
380	1.003943	-0.001280	-6.083733	0.001280	1.003943	-5.775183	
381	1.003437	-0.000979	-5.727813	0.000979	1.003437	-3.613623	
382	1.003349	-0.002064	-5.342883	0.002064	1.003349	-5.936419	
383	1.004334	-0.002541	-5.996687	0.002541	1.004334	-6.858456	
384	1.003312	-0.001401	-5.917202	0.001401	1.003312	-3.816722	
385	1.003658	-0.004600	-4.714804	0.004600	1.003658	-7.870502	
386	1.002954	0.001778	-7.940377	-0.001778	1.002954	-1.365461	
387	1.003746	-0.002259	-6.994449	0.002259	1.003746	-3.845357	
388	1.002087	-0.002370	-5.090971	0.002370	1.002087	-3.244093	
389	1.003809	0.001323	-9.886875	-0.001323	1.003809	-0.820718	
390	1.002843	-0.007894	-3.164602	0.007894	1.002843	-10.092469	
391	1.002970	0.002706	-11.080134	-0.002706	1.002970	1.233183	
392	1.002591	-0.003895	-6.551151	0.003895	1.002591	-5.855203	
393	1.003297	0.000285	-10.477505	-0.000285	1.003297	-1.116490	
394	1.002127	-0.003422	-6.993436	0.003422	1.002127	-5.448427	
395	1.002552	0.001393	-10.799515	-0.001393	1.002552	-0.182979	
396	1.002812	-0.003199	-8.637484	0.003199	1.002812	-5.506828	
397	1.002362	-0.000600	-10.061280	0.000600	1.002362	-2.235221	
398	1.001515	-0.000314	-9.617941	0.000314	1.001515	-1.831111	
399	1.002433	-0.002519	-9.598916	0.002519	1.002433	-4.091976	
400	1.001811	-0.000639	-10.418833	0.000639	1.001811	-0.991266	
401	1.001912	-0.000578	-11.042975	0.000578	1.001912	-2.066967	
402	1.002079	-0.000477	-11.232365	0.000477	1.002079	-2.167734	
403	1.002172	-0.001001	-11.675268	0.001001	1.002172	-1.730278	
404	1.001341	-0.000391	-11.616965	0.000391	1.001341	-0.899658	
405	1.001705	-0.000510	-12.027978	0.000510	1.001705	-2.304124	
406	1.001482	-0.000316	-12.333850	0.000316	1.001482	-0.455077	
407	1.001073	-0.000353	-12.335931	0.000353	1.001073	-1.141574	
408	1.001160	-0.000962	-12.499065	0.000962	1.001160	-1.632933	
409	1.001690	-0.000579	-13.520996	0.000579	1.001690	-1.741328	
410	1.000712	-0.001351	-12.966949	0.001351	1.000712	-1.475237	
411	1.001137	-0.000083	-14.395563	0.000083	1.001137	-1.327823	
412	1.001111	-0.001801	-13.264401	0.001801	1.001111	-3.552782	
413	1.000962	0.000236	-15.341196	-0.000236	1.000962	-0.140626	
414	1.000798	-0.001287	-14.676324	0.001287	1.000798	-2.133828	
415	1.001003	0.000206	-15.594544	-0.000206	1.001003	-1.558697	
416	1.000829	-0.001119	-15.189460	0.001119	1.000829	-1.988251	
417	1.000512	0.000356	-16.135603	-0.000356	1.000512	-0.742970	
418	1.000779	-0.000732	-15.728912	0.000732	1.000779	-3.040369	
419	1.000898	-0.001632	-15.537064	0.001632	1.000898	-3.137066	
420	1.000149	-0.001127	-16.176679	0.001127	1.000149	-1.236345	
421	1.000257	-0.001783	-16.682969	0.001783	1.000257	-3.841065	
422	1.000708	-0.001306	-18.658698	0.001306	1.000708	-2.614371	
423	1.000326	-0.001280	-18.681286	0.001280	1.000326	-2.231975	
424	1.000475	-0.000623	-19.789516	0.000623	1.000475	-1.337696	
425	1.000560	-0.001976	-17.923633	0.001976	1.000560	-3.319703	
426	1.000514	-0.000807	-19.512134	0.000807	1.000514	-0.070180	
427	1.000302	-0.000650	-20.266092	0.000650	1.000302	1.716182	
428	1.000471	-0.002226	-19.355423	0.002226	1.000471	-1.435469	
429	1.000799	-0.000815	-20.665275	0.000815	1.000799	1.563792	
430	1.000425	-0.002852	-19.501103	0.002852	1.000425	-0.146660	
431	1.000788	-0.001274	-20.912005	0.001274	1.000788	-0.864457	
432	1.000835	-0.001827	-20.781536	0.001827	1.000835	0.144773	
433	1.000082	-0.000603	-21.520748	0.000603	1.000082	-0.065008	
434	1.000809	-0.002430	-20.610388	0.002430	1.000809	-1.473279	
435	1.000077	-0.000556	-21.437174	0.000556	1.000077	-1.006295	
436	1.000214	-0.001465	-21.188041	0.001465	1.000214	0.514721	
437	1.000021	-0.002370	-20.671642	0.002370	1.000021	-2.835889	
438	0.999082	-0.001104	-20.796365	0.001104	0.999082	0.101926	
439	1.000055	-0.002136	-21.407425	0.002136	1.000055	-1.247312	
440	1.000112	-0.003220	-21.112399	0.003220	1.000112	-2.654333	
441	0.999209	-0.002021	-21.300621	0.002021	0.999209	-0.751369	
442	0.999857	-0.001781	-22.532114	0.001781	0.999857	-0.357651	
443	0.999088	-0.002446	-21.583881	0.002446	0.999088	-1.281132	
444	0.998687	-0.001554	-22.097074	0.001554	0.998687	0.264372	
445	0.998807	-0.000841	-23.157565	0.000841	0.998807	0.214576	
446	0.998912	-0.001382	-23.249668	0.001382	0.998912	-0.537704	
447	1.000092	-0.002335	-24.031914	0.002335	1.000092	-2.413800	
448	0.998591	-0.001013	-24.162905	0.001013	0.998591	-0.552775	
449	1.003214	-0.003167	-27.485444	0.003167	1.003214	-4.832773	
450	0.999540	-0.000234	-25.737811	0.000234	0.999540	-0.482219	
451	0.999158	-0.002802	-24.433026	0.002802	0.999158	-2.087370	
452	1.000496	-0.000459	-27.329394	0.000459	1.000496	0.316816	
453	1.001286	-0.002951	-27.393254	0.002951	1.001286	-2.402270	
454	1.000364	-0.000462	-28.335098	0.000462	1.000364	1.311736	
455	1.000499	-0.001357	-28.525169	0.001357	1.000499	-1.029318	
456	1.001666	-0.002361	-29.418930	0.002361	1.001666	-1.325115	
457	1.001432	-0.001326	-30.541773	0.001326	1.001432	-0.184774	
458	1.001492	-0.001689	-30.569261	0.001689	1.001492	0.546001	
459	1.000610	-0.002843	-30.096021	0.002843	1.000610	-0.675142	
460	1.000582	-0.004140	-29.829893	0.004140	1.000582	0.945526	
461	1.001580	-0.003379	-31.013891	0.003379	1.001580	-1.118136	
462	1.002644	-0.003110	-32.357348	0.003110	1.002644	-0.565462	
463	1.003511	-0.005827	-31.691305	0.005827	1.003511	-2.464965	
464	1.003094	-0.003066	-33.873064	0.003066	1.003094	-1.078186	
465	1.003334	-0.003095	-34.424120	0.003095	1.003334	-1.371136	
466	1.003780	-0.003470	-35.372191	0.003470	1.003780	-1.801258	
467	1.004934	-0.001621	-37.870675	0.001621	1.004934	-1.627422	
468	1.004571	-0.003450	-37.199076	0.003450	1.004571	-3.672652	
469	1.005940	-0.002907	-38.695168	0.002907	1.005940	-4.853625	
470	1.006809	-0.002598	-39.495584	0.002598	1.006809	-4.974492	
471	1.006517	-0.003136	-39.308025	0.003136	1.006517	-6.299999	
472	1.007037	0.000890	-43.212297	-0.000890	1.007037	-2.270115	
473	1.007741	0.000601	-43.686153	-0.000601	1.007741	-4.214440	
474	1.007233	0.000308	-44.601817	-0.000308	1.007233	-4.443589	
475	1.008500	0.000027	-46.674512	-0.000027	1.008500	-4.561055	
476	1.007874	0.001228	-47.465962	-0.001228	1.007874	-3.069330	
477	1.007485	0.001575	-47.035595	-0.001575	1.007485	-1.885656	
478	1.005962	0.000204	-44.341497	-0.000204	1.005962	-2.658522	
479	1.006450	0.001313	-46.123619	-0.001313	1.006450	-2.241383	
480	1.005992	-0.000081	-45.298070	0.000081	1.005992	-2.114721	
481	1.006883	0.001148	-47.232373	-0.001148	1.006883	-2.571091	
482	1.006416	-0.000571	-45.940156	0.000571	1.006416	-4.176645	
483	1.007327	0.001435	-48.504895	-0.001435	1.007327	-3.278369	
484	1.006699	-0.000758	-46.605921	0.000758	1.006699	-3.713456	
485	1.004666	0.000333	-43.249967	-0.000333	1.004666	-1.738025	
486	1.007782	-0.000280	-48.611779	0.000280	1.007782	-3.079988	
487	1.007426	0.000962	-47.997647	-0.000962	1.007426	-1.937458	
488	1.005711	-0.000062	-45.497073	0.000062	1.005711	-1.433122	
489	1.007730	-0.000915	-47.789628	0.000915	1.007730	-2.607599	
490	1.007038	0.001127	-48.226064	-0.001127	1.007038	-0.351246	
491	1.006120	-0.002375	-44.219643	0.002375	1.006120	-3.511613	
492	1.006601	0.000866	-47.609404	-0.000866	1.006601	-0.655192	
493	1.007530	-0.001445	-47.207210	0.001445	1.007530	-2.471722	
494	1.009245	0.000296	-50.919402	-0.000296	1.009245	-1.753969	
495	1.009358	-0.003210	-49.220191	0.003210	1.009358	-4.818924	
496	1.004728	0.002455	-44.981054	-0.002455	1.004728	-2.510936	
497	1.006471	-0.001922	-44.679263	0.001922	1.006471	-5.844249	
498	1.008429	0.001124	-49.322882	-0.001124	1.008429	-4.989143	
499	1.009882	-0.000653	-49.257020	0.000653	1.009882	-9.349777	
500	1.007901	0.001084	-47.620070	-0.001084	1.007901	-4.040364	
501	1.010581	-0.000267	-48.941699	0.000267	1.010581	-9.712558	
502	1.006914	-0.000130	-44.541724	0.000130	1.006914	-5.899871	
503	1.007769	0.001871	-46.250134	-0.001871	1.007769	-3.976813	
504	1.008064	-0.000186	-45.014312	0.000186	1.008064	-5.634772	
505	1.007237	-0.002875	-43.573009	0.002875	1.007237	-5.205125	
506	1.006621	0.006479	-47.240694	-0.006479	1.006621	2.871458	
507	1.007067	-0.001352	-42.310166	0.001352	1.007067	0.603277	
508	1.008731	0.003736	-48.784021	-0.003736	1.008731	1.910649	
509	1.007441	-0.000083	-43.513818	0.000083	1.007441	0.540486	
510	1.008008	0.002741	-46.614687	-0.002741	1.008008	2.413728	
511	1.008805	-0.000380	-44.913784	0.000380	1.008805	-1.703002	
512	1.008617	0.001356	-45.419322	-0.001356	1.008617	-0.977031	
513	1.009978	-0.001185	-45.671767	0.001185	1.009978	-3.572187	
514	1.010818	0.000856	-46.846290	-0.000856	1.010818	-4.121680	
515	1.011572	-0.000951	-46.632284	0.000951	1.011572	-7.844193	
516	1.010337	0.001133	-46.957926	-0.001133	1.010337	-4.908656	
517	1.012354	-0.001403	-46.316961	0.001403	1.012354	-8.765335	
518	1.013370	0.000679	-47.880932	-0.000679	1.013370	-7.558935	
519	1.013710	-0.000774	-47.242232	0.000774	1.013710	-9.684565	
520	1.012585	-0.002097	-45.084945	0.002097	1.012585	-9.031546	
521	1.013194	-0.001030	-45.937000	0.001030	1.013194	-9.228850	
522	1.013752	-0.001175	-45.922005	0.001175	1.013752	-9.651801	
523	1.013261	-0.000154	-45.626152	0.000154	1.013261	-7.580286	
524	1.014962	-0.001308	-46.035131	0.001308	1.014962	-9.536868	
525	1.015589	-0.000323	-46.805088	0.000323	1.015589	-8.514400	
526	1.014790	-0.001965	-44.414817	0.001965	1.014790	-8.992994	
527	1.015710	-0.001259	-45.599511	0.001259	1.015710	-8.130787	
528	1.014583	0.000600	-46.278869	-0.000600	1.014583	-6.331626	
529	1.016245	-0.002703	-43.744106	0.002703	1.016245	-10.754061	
530	1.015427	0.001278	-45.874052	-0.001278	1.015427	-6.626376	
531	1.016032	-0.003755	-42.127446	0.003755	1.016032	-10.189477	
532	1.016024	0.000229	-43.455400	-0.000229	1.016024	-8.632214	
533	1.010907	-0.003378	-36.242346	0.003378	1.010907	-7.951906	
534	1.002765	-0.002008	-23.534964	0.002008	1.002765	-4.092372	
535	1.009282	-0.001191	-32.200965	0.001191	1.009282	-5.724931	
536	1.005751	0.003008	-30.210710	-0.003008	1.005751	-1.585223	
537	1.015369	-0.012890	-30.870118	0.012890	1.015369	-17.167210	
538	1.016566	0.000908	-40.229895	-0.000908	1.016566	-8.147338	
539	1.003817	-0.003847	-22.088365	0.003847	1.003817	-3.766231	
540	1.006705	0.001928	-29.949193	-0.001928	1.006705	-0.352150	
541	1.007848	-0.009702	-22.611420	0.009702	1.007848	-11.936042	
542	0.998135	-0.005741	-14.669679	0.005741	0.998135	-4.199153	
543	1.020412	0.004509	-43.417674	-0.004509	1.020412	-3.395187	
544	0.993700	-0.011416	-5.146112	0.011416	0.993700	-10.440839	
545	1.010886	-0.001611	-29.101446	0.001611	1.010886	-10.751682	
546	1.011555	0.001726	-31.616606	-0.001726	1.011555	-5.088840	
547	1.005577	-0.002770	-22.103845	0.002770	1.005577	-5.483480	
548	1.006438	0.001641	-26.510517	-0.001641	1.006438	-2.614455	
549	1.011041	-0.003372	-28.961179	0.003372	1.011041	-9.064012	
550	1.007837	-0.001608	-23.934973	0.001608	1.007837	-5.069926	
551	1.009856	-0.001573	-25.628918	0.001573	1.009856	-7.681465	
552	1.007567	-0.000916	-23.493257	0.000916	1.007567	-4.375959	
553	1.010026	-0.002012	-25.600234	0.002012	1.010026	-6.143735	
554	1.004218	-0.000970	-19.016902	0.000970	1.004218	-3.393225	
555	1.005964	-0.002719	-19.110295	0.002719	1.005964	-7.705025	
556	1.004646	-0.000081	-19.547675	0.000081	1.004646	-3.848859	
557	1.005273	-0.004341	-17.291971	0.004341	1.005273	-7.237650	
558	1.005703	-0.002542	-18.250837	0.002542	1.005703	-6.398952	
559	1.013022	-0.000108	-26.085174	0.000108	1.013022	-5.876507	
560	1.006706	-0.002568	-18.831869	0.002568	1.006706	-5.830841	
561	1.007263	-0.000280	-20.614567	0.000280	1.007263	-2.272369	
562	1.006499	-0.002382	-17.868662	0.002382	1.006499	-4.429781	
563	1.006737	-0.000186	-18.964148	0.000186	1.006737	-2.863042	
564	1.006610	-0.002747	-16.877536	0.002747	1.006610	-5.762318	
565	1.008775	-0.000313	-20.744630	0.000313	1.008775	-4.132878	
566	1.006249	-0.000764	-17.325649	0.000764	1.006249	-2.151270	
567	1.010767	-0.002062	-21.656571	0.002062	1.010767	-5.716835	
568	1.006746	-0.001376	-16.760434	0.001376	1.006746	-3.856237	
569	1.007127	-0.001499	-17.113359	0.001499	1.007127	-4.495079	
570	1.008321	-0.001576	-18.408184	0.001576	1.008321	-3.373645	
571	1.009614	-0.002214	-17.705757	0.002214	1.009614	-5.846198	
572	1.006927	-0.002230	-15.314720	0.002230	1.006927	-4.750894	
573	1.007797	-0.001614	-16.484919	0.001614	1.007797	-3.950165	
574	1.008363	-0.004452	-15.233532	0.004452	1.008363	-6.722972	
575	1.007931	-0.000012	-16.562949	0.000012	1.007931	-1.750179	
576	1.008602	-0.003757	-14.862391	0.003757	1.008602	-7.666416	
577	1.007984	-0.002899	-14.747568	0.002899	1.007984	-5.422420	
578	1.007459	-0.003472	-13.391757	0.003472	1.007459	-5.444164	
579	1.009886	-0.002651	-15.417748	0.002651	1.009886	-5.235516	
580	1.008223	-0.002674	-13.530536	0.002674	1.008223	-5.974695	
581	1.009190	-0.003317	-13.966488	0.003317	1.009190	-6.042332	
582	1.009330	-0.002553	-13.813132	0.002553	1.009330	-5.497197	
583	1.008931	-0.002655	-13.349441	0.002655	1.008931	-5.952525	
584	1.012989	-0.001520	-14.925222	0.001520	1.012989	-5.647111	
585	1.008977	-0.000135	-14.300667	0.000135	1.008977	-4.417814	
586	1.008903	-0.000694	-13.216057	0.000694	1.008903	-4.124572	
587	1.009532	-0.002213	-12.539275	0.002213	1.009532	-4.510647	
588	1.008165	-0.000751	-12.134180	0.000751	1.008165	-3.381628	
589	1.009270	-0.003990	-10.258488	0.003990	1.009270	-5.846032	
590	1.012910	-0.003264	-11.500645	0.003264	1.012910	-6.556133	
591	1.008836	0.001487	-12.345948	-0.001487	1.008836	-1.914056	
592	1.009129	-0.003438	-9.172054	0.003438	1.009129	-5.516487	
593	1.008350	-0.000645	-10.216408	0.000645	1.008350	-2.929858	
594	1.009148	-0.004407	-7.254638	0.004407	1.009148	-6.439326	
595	1.012773	-0.000079	-11.213149	0.000079	1.012773	-4.311723	
596	1.007659	-0.001422	-6.830328	0.001422	1.007659	-4.131576	
597	1.008571	0.005559	-11.347071	-0.005559	1.008571	2.438617	
598	1.004467	0.002597	-5.999668	-0.002597	1.004467	-0.229942	
599	1.009839	-0.000550	-8.490432	0.000550	1.009839	-2.843667	
600	1.006486	0.001062	-5.702210	-0.001062	1.006486	-1.733813	
601	1.006122	0.001108	-5.608565	-0.001108	1.006122	-1.380277	
602	1.005462	0.000454	-4.938871	-0.000454	1.005462	-2.542675	
603	1.006623	0.001533	-6.325355	-0.001533	1.006623	-0.540292	
604	1.005263	0.000847	-4.476291	-0.000847	1.005263	-2.520192	
605	1.005801	-0.000494	-3.719969	0.000494	1.005801	-3.399691	
606	1.004214	-0.000562	-2.447171	0.000562	1.004214	-2.403619	
607	1.007089	-0.003782	-2.342246	0.003782	1.007089	-7.155063	
608	1.005603	-0.000794	-3.101264	0.000794	1.005603	-3.908678	
609	1.006265	-0.003802	-2.271036	0.003802	1.006265	-6.449269	
610	1.006016	-0.001747	-3.345380	0.001747	1.006016	-3.791363	
611	1.006033	-0.001652	-3.270949	0.001652	1.006033	-4.246108	
612	1.005400	-0.002322	-2.353245	0.002322	1.005400	-5.165442	
613	1.005202	-0.002324	-2.211601	0.002324	1.005202	-3.576307	
614	1.005752	-0.002373	-2.696165	0.002373	1.005752	-3.869167	
615	1.005593	-0.001482	-3.375757	0.001482	1.005593	-1.920320	
616	1.004605	-0.001783	-2.316849	0.001783	1.004605	-3.147885	
617	1.004560	-0.001694	-2.744543	0.001694	1.004560	-2.410865	
618	1.005839	0.000121	-3.921914	-0.000121	1.005839	-1.619727	
619	1.005451	-0.000961	-3.210656	0.000961	1.005451	-2.745033	
620	1.004771	0.001306	-3.789951	-0.001306	1.004771	-0.728775	
621	1.005034	-0.000656	-2.880426	0.000656	1.005034	-1.405068	
622	1.006081	0.003477	-5.250552	-0.003477	1.006081	0.906930	
623	1.004347	-0.002601	-0.673917	0.002601	1.004347	-4.050329	
624	1.006318	0.003791	-4.680509	-0.003791	1.006318	4.038679	
625	1.004824	0.000536	-1.980824	-0.000536	1.004824	-5.081799	
626	1.005633	0.006716	-6.014734	-0.006716	1.005633	5.455383	
627	1.004166	-0.001217	0.374658	0.001217	1.004166	-1.861295	
628	1.006082	0.007193	-5.482596	-0.007193	1.006082	3.218858	
629	1.003496	0.002964	-0.527052	-0.002964	1.003496	0.440164	
630	1.005949	-0.001998	1.288617	0.001998	1.005949	-5.107815	
631	1.004301	0.003082	-1.796288	-0.003082	1.004301	1.706776	
632	1.005699	-0.001088	0.543041	0.001088	1.005699	-3.530354	
633	1.003962	0.002817	-1.491258	-0.002817	1.003962	1.561993	
634	1.004655	-0.004811	3.797195	0.004811	1.004655	-6.351156	
635	1.004449	0.003683	-1.790749	-0.003683	1.004449	4.315427	
636	1.005038	-0.003522	3.078638	0.003522	1.005038	-3.982676	
637	1.004127	0.003658	-1.208228	-0.003658	1.004127	3.567683	
638	1.004849	-0.004731	3.895523	0.004731	1.004849	-4.754286	
639	1.004556	0.000952	0.427704	-0.000952	1.004556	0.576170	
640	1.004782	-0.001330	1.964734	0.001330	1.004782	-1.469827	
641	1.004772	-0.001803	2.526957	0.001803	1.004772	-3.441370	
642	1.004745	-0.002176	2.838078	0.002176	1.004745	-2.963758	
643	1.004883	-0.000333	1.791694	0.000333	1.004883	-1.965076	
644	1.004897	-0.001352	2.670216	0.001352	1.004897	-2.205204	
645	1.007329	-0.000338	1.135261	0.000338	1.007329	-3.031919	
646	1.004576	-0.001640	3.168776	0.001640	1.004576	-3.009206	
647	1.005233	-0.000408	2.614518	0.000408	1.005233	-1.164823	
648	1.003823	-0.005619	6.635905	0.005619	1.003823	-9.047244	
649	1.006716	0.003946	-1.410887	-0.003946	1.006716	0.844439	
650	1.004198	0.003543	1.718879	-0.003543	1.004198	1.934366	
651	1.003989	-0.008344	8.816846	0.008344	1.003989	-14.202727	
652	1.007221	0.007442	-2.214855	-0.007442	1.007221	-0.994412	
653	1.005571	0.006869	-0.584295	-0.006869	1.005571	2.193489	
654	1.003520	-0.002534	7.578250	0.002534	1.003520	-3.771812	
655	1.005996	0.008553	-0.710563	-0.008553	1.005996	7.352009	
656	1.003753	-0.000119	7.316390	0.000119	1.003753	1.411587	
657	1.005828	-0.002700	5.313277	0.002700	1.005828	-2.853521	
658	1.003214	0.002745	4.890310	-0.002745	1.003214	14.447816	
659	1.006060	-0.007714	4.967242	0.007714	1.006060	-10.360831	
660	1.004894	-0.002597	3.566811	0.002597	1.004894	-3.041181	
661	1.005554	-0.003171	4.523374	0.003171	1.005554	-4.423663	
662	1.004764	-0.004961	6.166489	0.004961	1.004764	-5.899843	
663	1.005740	-0.010476	9.336101	0.010476	1.005740	-12.765597	
664	1.005483	0.000352	2.394725	-0.000352	1.005483	-2.263044	
665	1.005277	-0.007250	7.475356	0.007250	1.005277	-9.859669	
666	1.005656	-0.002698	4.737274	0.002698	1.005656	-5.355248	
667	1.005930	-0.000826	3.109801	0.000826	1.005930	-3.149600	
668	1.004676	-0.003215	5.630441	0.003215	1.004676	-7.160557	
669	1.006321	-0.005542	6.153737	0.005542	1.006321	-8.787877	
670	1.005802	-0.000138	2.943433	0.000138	1.005802	-5.844600	
671	1.006073	-0.003444	4.372624	0.003444	1.006073	-7.310393	
672	1.005820	0.000969	2.071623	-0.000969	1.005820	-2.285641	
673	1.006196	-0.004190	5.419046	0.004190	1.006196	-12.817090	
674	1.006246	-0.009095	6.938207	0.009095	1.006246	-12.571875	
675	1.006843	0.007959	-3.970327	-0.007959	1.006843	4.400554	
676	1.005380	-0.007000	8.429074	0.007000	1.005380	-8.015917	
677	1.007065	0.001088	0.943240	-0.001088	1.007065	-1.467882	
678	1.006730	0.014128	-5.689187	-0.014128	1.006730	15.775614	
679	1.006183	-0.016272	12.508855	0.016272	1.006183	-16.411838	
680	1.007935	0.012671	-10.533788	-0.012671	1.007935	27.025516	
681	1.003036	0.042902	-20.271136	-0.042902	1.003036	47.628256	
682	1.005059	-0.034453	19.858828	0.034453	1.005059	-50.610573	
683	1.007540	-0.003726	1.657382	0.003726	1.007540	-16.914426	
684	1.007104	0.013558	-7.208913	-0.013558	1.007104	3.773698	
685	1.006421	-0.007188	5.345658	0.007188	1.006421	-15.317413	
686	1.007794	0.000143	0.550146	-0.000143	1.007794	-5.727740	
687	1.006729	-0.005646	4.193518	0.005646	1.006729	-8.116842	
688	1.007208	0.000649	-0.236359	-0.000649	1.007208	-4.400450	
689	1.006543	-0.008465	6.205278	0.008465	1.006543	-10.435379	
690	1.007861	0.002892	-2.513202	-0.002892	1.007861	-3.715038	
691	1.007053	-0.011936	8.135536	0.011936	1.007053	-11.069852	
692	1.007350	-0.000328	0.653990	0.000328	1.007350	-4.280251	
693	1.007108	-0.003300	1.508155	0.003300	1.007108	-1.480907	
694	1.007293	-0.004132	2.685744	0.004132	1.007293	-4.517970	
695	1.006586	-0.006900	4.649530	0.006900	1.006586	-7.868196	
696	1.007861	-0.000546	-1.119811	0.000546	1.007861	-2.674442	
697	1.007500	-0.002008	1.162879	0.002008	1.007500	-4.901295	
698	1.006984	-0.010897	5.721377	0.010897	1.006984	-10.613967	
699	1.007359	0.004533	-3.929443	-0.004533	1.007359	2.761985	
700	1.007770	-0.005298	2.237858	0.005298	1.007770	-6.300148	
701	1.008035	-0.003774	1.714678	0.003774	1.008035	-6.076678	
702	1.006819	-0.008454	3.416066	0.008454	1.006819	-8.610346	
703	1.009386	-0.001647	-3.158438	0.001647	1.009386	-1.534078	
704	1.009115	0.001547	-4.500517	-0.001547	1.009115	-3.430392	
705	1.008727	-0.008291	0.738475	0.008291	1.008727	-7.248738	
706	1.010212	0.007865	-9.807346	-0.007865	1.010212	2.842968	
707	1.007635	0.002615	-4.388548	-0.002615	1.007635	2.155273	
708	1.011035	0.010879	-11.883571	-0.010879	1.011035	6.038614	
709	1.012887	-0.010376	-0.762077	0.010376	1.012887	-7.060409	
710	1.012376	0.014816	-16.250968	-0.014816	1.012376	6.127786	
711	1.011204	0.001294	-6.618297	-0.001294	1.011204	0.521638	
712	1.014344	0.003392	-11.144367	-0.003392	1.014344	-6.895091	
713	1.009460	0.022338	-16.921633	-0.022338	1.009460	21.505228	
714	1.011120	-0.007471	-2.581714	0.007471	1.011120	-12.184776	
715	1.010633	0.008563	-12.006481	-0.008563	1.010633	2.333450	
716	1.009386	-0.003210	-3.690775	0.003210	1.009386	-5.233627	
717	1.013827	0.006593	-12.790132	-0.006593	1.013827	0.592428	
718	1.008951	-0.016214	4.881297	0.016214	1.008951	-17.722541	
719	1.014509	0.010432	-15.831200	-0.010432	1.014509	4.569552	
720	1.010028	-0.002661	-4.131677	0.002661	1.010028	-5.690620	
721	1.010358	-0.001444	-4.899536	0.001444	1.010358	-5.604205	
722	1.008868	-0.003269	-2.293330	0.003269	1.008868	-6.575183	
723	1.010339	0.002563	-8.392436	-0.002563	1.010339	6.218419	
724	1.008721	0.004439	-6.922313	-0.004439	1.008721	-0.245818	
725	1.009293	-0.012282	2.802984	0.012282	1.009293	-14.636612	
726	1.009512	0.010253	-12.074722	-0.010253	1.009512	10.369869	
727	1.010169	-0.011839	1.825326	0.011839	1.010169	-14.752162	
728	1.009160	-0.001523	-4.741428	0.001523	1.009160	-6.718985	
729	1.008588	0.001883	-5.366705	-0.001883	1.008588	-0.017270	
730	1.010164	-0.008882	-1.035791	0.008882	1.010164	-13.886825	
731	1.010302	0.001223	-8.009940	-0.001223	1.010302	-4.360757	
732	1.010836	0.000353	-7.243637	-0.000353	1.010836	-5.384019	
733	1.008093	-0.009770	1.024401	0.009770	1.008093	-14.633627	
734	1.011959	0.004872	-12.422955	-0.004872	1.011959	-1.411528	
735	1.010288	-0.004997	-3.647072	0.004997	1.010288	-11.119124	
736	1.010531	0.000063	-8.197475	-0.000063	1.010531	-5.943289	
737	1.008143	-0.001691	-5.599769	0.001691	1.008143	-2.268512	
738	1.010936	-0.001987	-7.376612	0.001987	1.010936	-6.597674	
739	1.010396	0.002612	-10.181956	-0.002612	1.010396	-1.494923	
740	1.011408	-0.003061	-6.462637	0.003061	1.011408	-6.181169	
741	1.011045	-0.000533	-8.582955	0.000533	1.011045	-3.516741	
742	1.012207	-0.001358	-8.945508	0.001358	1.012207	-5.285516	
743	1.010686	-0.003352	-8.379027	0.003352	1.010686	-7.203464	
744	1.011692	0.002440	-12.523326	-0.002440	1.011692	-2.408632	
745	1.010997	-0.006289	-7.084454	0.006289	1.010997	-9.790057	
746	1.010809	0.000151	-9.778354	-0.000151	1.010809	-4.205689	
747	1.011811	-0.001465	-9.648331	0.001465	1.011811	-7.353398	
748	1.013177	-0.001081	-11.278430	0.001081	1.013177	-6.243706	
749	1.015198	-0.003154	-10.851253	0.003154	1.015198	-9.943520	
