0	1.000000	0.000000	0.000000	0.000000	1.000000	0.000000	
1	0.996903	0.000566	-10.566942	-0.000566	0.996903	0.456739	
2	1.000002	-0.000004	-0.006954	0.000004	1.000002	-0.004494	
3	0.993686	0.000756	-19.379945	-0.000756	0.993686	1.127005	
4	0.997237	0.000232	-9.407216	-0.000232	0.997237	0.304458	
5	0.997290	0.000391	-8.923580	-0.000391	0.997290	0.498136	
6	0.997183	0.000301	-8.382048	-0.000301	0.997183	0.644804	
7	0.999998	0.000001	-0.001628	-0.000001	0.999998	0.000611	
8	0.997933	0.000718	-17.581917	-0.000718	0.997933	-0.281355	
9	0.999880	0.000378	-8.620652	-0.000378	0.999880	-1.024263	
10	0.999827	0.000301	-7.906888	-0.000301	0.999827	-1.047166	
11	0.999937	0.000294	-7.150057	-0.000294	0.999937	-0.936294	
12	1.000000	-0.000000	0.000039	0.000000	1.000000	-0.000109	
13	1.000345	0.000597	-12.589078	-0.000597	1.000345	-1.955157	
14	0.999493	0.001693	-4.137639	-0.001693	0.999493	-0.084004	
15	0.999909	0.001392	-3.006122	-0.001392	0.999909	-0.737850	
16	1.000144	0.001053	-2.131830	-0.001053	1.000144	-0.963740	
17	0.999999	-0.000001	0.000772	0.000001	0.999999	0.000624	
18	1.000797	0.001546	-2.188707	-0.001546	1.000797	-2.417400	
19	1.000398	0.000483	-0.251186	-0.000483	1.000398	-1.102100	
20	1.000263	0.000351	-0.067105	-0.000351	1.000263	-0.788828	
21	1.000066	0.000159	0.012777	-0.000159	1.000066	-0.229603	
22	1.000002	-0.000002	0.000232	0.000002	1.000002	0.000438	
23	1.000298	-0.000034	0.801917	0.000034	1.000298	-0.539177	
24	1.000237	-0.000220	0.623399	0.000220	1.000237	-0.419973	
25	1.000108	-0.000385	0.688922	0.000385	1.000108	-0.147774	
26	1.000011	-0.000247	0.832369	0.000247	1.000011	0.191713	
27	1.000000	0.000000	-0.000220	-0.000000	1.000000	-0.000037	
28	1.000124	-0.000143	0.478483	0.000143	1.000124	-0.209491	
29	1.000065	-0.000132	0.109829	0.000132	1.000065	-0.157302	
30	0.999890	-0.000064	0.011757	0.000064	0.999890	0.286641	
31	0.999786	-0.000163	0.233585	0.000163	0.999786	0.419094	
32	1.000000	-0.000000	0.000037	0.000000	1.000000	0.000007	
33	0.999662	-0.000169	0.323686	0.000169	0.999662	0.813571	
34	0.999797	-0.000101	0.092727	0.000101	0.999797	0.260615	
35	1.000020	-0.000006	-0.168042	0.000006	1.000020	-0.103264	
36	1.000129	0.000017	-0.156469	-0.000017	1.000129	-0.344523	
37	1.000003	0.000001	-0.002680	-0.000001	1.000003	-0.003526	
38	1.000114	0.000030	-0.365727	-0.000030	1.000114	0.002248	
39	1.000048	-0.000042	-0.108045	0.000042	1.000048	0.035798	
40	0.999992	0.000080	-0.157588	-0.000080	0.999992	-0.133285	
41	1.000460	-0.000010	-0.260242	0.000010	1.000460	-0.549910	
42	1.000002	0.000005	-0.002327	-0.000005	1.000002	0.000579	
43	1.000854	0.000180	-0.592699	-0.000180	1.000854	-0.618455	
44	1.000137	-0.000031	-0.269831	0.000031	1.000137	-0.026614	
45	1.000134	0.000042	-0.391928	-0.000042	1.000134	-0.038572	
46	0.999965	0.000134	-0.782208	-0.000134	0.999965	-0.017319	
47	1.000000	-0.000001	-0.000173	0.000001	1.000000	-0.000966	
48	1.000435	0.000845	-2.707154	-0.000845	1.000435	-0.078054	
49	1.000173	0.000307	-1.157999	-0.000307	1.000173	-0.190937	
50	1.000280	0.000249	-1.107632	-0.000249	1.000280	-0.322743	
51	1.000263	0.000113	-0.978330	-0.000113	1.000263	-0.339436	
52	1.000000	0.000002	-0.000377	-0.000002	1.000000	0.000643	
53	1.001426	0.000124	-1.258928	-0.000124	1.001426	-1.018214	
54	1.000769	-0.000117	-0.460894	0.000117	1.000769	-0.749463	
55	1.000945	0.000018	-0.596400	-0.000018	1.000945	-1.108452	
56	1.001092	0.000088	-0.813312	-0.000088	1.001092	-1.166977	
57	1.000003	-0.000000	-0.000929	0.000000	1.000003	-0.001546	
58	1.002063	0.000216	-1.313159	-0.000216	1.002063	-1.790034	
59	1.000947	0.000099	-0.862259	-0.000099	1.000947	-0.774237	
60	1.000816	-0.000091	-0.553363	0.000091	1.000816	-0.749091	
61	1.000929	-0.000011	-0.680729	0.000011	1.000929	-0.969091	
62	0.999999	-0.000005	0.001307	0.000005	0.999999	-0.001431	
63	1.001475	0.000057	-0.787027	-0.000057	1.001475	-1.211480	
64	1.000981	-0.000212	-0.339513	0.000212	1.000981	-0.714054	
65	1.000989	-0.000202	-0.231283	0.000202	1.000989	-0.719805	
66	1.001076	-0.000290	-0.221406	0.000290	1.001076	-0.738372	
67	1.000000	-0.000001	0.000410	0.000001	1.000000	-0.000748	
68	1.001752	-0.000409	0.071091	0.000409	1.001752	-0.969884	
69	1.001013	-0.000591	0.216726	0.000591	1.001013	-0.805318	
70	1.001447	-0.000620	0.381592	0.000620	1.001447	-1.385905	
71	1.001626	-0.000631	0.623732	0.000631	1.001626	-1.581368	
72	1.000000	-0.000001	-0.000090	0.000001	1.000000	-0.000173	
73	1.003140	-0.001567	3.309939	0.001567	1.003140	-2.884710	
74	1.001883	-0.000971	2.385683	0.000971	1.001883	-1.754851	
75	1.001934	-0.001269	2.915351	0.001269	1.001934	-1.897640	
76	1.001999	-0.001495	2.941262	0.001495	1.001999	-1.782312	
77	1.000000	-0.000001	0.000039	0.000001	1.000000	-0.000583	
78	1.003467	-0.002769	6.339892	0.002769	1.003467	-2.682620	
79	1.001265	-0.001468	3.290555	0.001468	1.001265	-1.317587	
80	1.001227	-0.001524	3.347134	0.001524	1.001227	-1.491728	
81	1.001391	-0.001471	3.747802	0.001471	1.001391	-1.715416	
82	1.000001	-0.000001	0.000165	0.000001	1.000001	-0.000565	
83	1.000272	-0.000557	13.058436	0.000557	1.000272	-1.071001	
84	1.000446	-0.000805	7.803575	0.000805	1.000446	-0.630606	
85	1.000476	-0.000793	9.145469	0.000793	1.000476	-0.709142	
86	1.000570	-0.000843	11.079154	0.000843	1.000570	-0.628480	
87	1.000014	-0.000012	0.011231	0.000012	1.000014	-0.009682	
88	1.000483	-0.000315	27.801336	0.000315	1.000483	0.525261	
89	1.001187	-0.000861	15.390308	0.000861	1.001187	0.120735	
90	1.001203	-0.000904	16.237538	0.000904	1.001203	0.082034	
91	1.001136	-0.001113	17.316212	0.001113	1.001136	0.136211	
92	1.000009	0.000003	-0.018648	-0.000003	1.000009	-0.003304	
93	1.001024	-0.001937	39.126505	0.001937	1.001024	0.435817	
94	1.000876	-0.001208	21.111402	0.001208	1.000876	0.192388	
95	1.002644	-0.002330	20.677926	0.002330	1.002644	-0.679322	
96	1.001645	-0.001837	22.717090	0.001837	1.001645	-0.184326	
97	1.000017	0.000001	-0.020920	-0.000001	1.000017	-0.002744	
98	1.000152	-0.001704	51.045280	0.001704	1.000152	0.875233	
99	1.003445	-0.002392	23.431855	0.002392	1.003445	-0.902284	
100	1.000803	-0.001288	26.378295	0.001288	1.000803	0.256510	
101	0.999973	-0.001728	26.791700	0.001728	0.999973	-0.457806	
102	1.000010	0.000003	-0.009684	-0.000003	1.000010	-0.000588	
103	1.000284	-0.000968	53.754095	0.000968	1.000284	-0.405327	
104	1.000108	-0.000764	26.182605	0.000764	1.000108	-0.334199	
105	1.000728	-0.001192	25.080582	0.001192	1.000728	-0.732949	
106	1.001452	-0.002106	23.674083	0.002106	1.001452	-1.470189	
107	0.999995	-0.000005	0.007185	0.000005	0.999995	-0.002044	
108	1.002369	-0.001675	48.978668	0.001675	1.002369	-1.153743	
109	1.002586	-0.003046	22.239725	0.003046	1.002586	-2.502696	
110	1.000238	-0.001161	24.319302	0.001161	1.000238	-0.780896	
111	1.001985	-0.002063	22.552003	0.002063	1.001985	-1.688894	
112	1.000011	-0.000003	-0.005545	0.000003	1.000011	-0.005787	
113	1.000802	-0.000148	47.703469	0.000148	1.000802	-0.007862	
114	0.999788	-0.001034	23.119168	0.001034	0.999788	-0.620857	
115	1.000923	-0.000865	21.705784	0.000865	1.000923	-0.689628	
116	1.000912	-0.000637	20.486380	0.000637	1.000912	-0.675392	
117	0.999994	-0.000005	0.008545	0.000005	0.999994	-0.003674	
118	1.000525	-0.000275	36.318489	0.000275	1.000525	0.098440	
119	0.999374	-0.001224	15.046445	0.001224	0.999374	-0.790315	
120	0.999303	-0.002118	13.217191	0.002118	0.999303	-1.375691	
121	0.999265	-0.001680	12.302687	0.001680	0.999265	-1.140694	
122	1.000000	-0.000001	-0.000458	0.000001	1.000000	-0.001168	
123	0.999952	-0.000201	21.539071	0.000201	0.999952	-0.190850	
124	0.998989	-0.000847	8.836697	0.000847	0.998989	-0.728690	
125	1.000448	-0.000849	6.733713	0.000849	1.000448	-0.690918	
126	1.000578	-0.002214	4.581180	0.002214	1.000578	-1.363414	
127	1.000001	-0.000001	-0.000329	0.000001	1.000001	-0.000664	
128	1.001102	-0.001912	4.279569	0.001912	1.001102	-1.355482	
129	0.999720	-0.000810	0.612392	0.000810	0.999720	-0.534408	
130	0.999859	-0.000577	0.424726	0.000577	0.999859	-0.046016	
131	0.999746	-0.000520	0.402401	0.000520	0.999746	-0.009722	
132	1.000002	0.000001	0.000733	-0.000001	1.000002	-0.000122	
133	0.999915	-0.000076	-0.016040	0.000076	0.999915	-0.235549	
134	0.999395	-0.000368	-0.169439	0.000368	0.999395	-0.223815	
135	0.999509	-0.000225	-0.417343	0.000225	0.999509	-0.031229	
136	0.999648	-0.000242	-0.465305	0.000242	0.999648	-0.259187	
137	1.000000	0.000000	-0.001060	-0.000000	1.000000	0.000156	
138	1.000220	0.000064	-0.589712	-0.000064	1.000220	-0.852450	
139	0.999579	-0.000142	-0.667988	0.000142	0.999579	-0.198213	
140	0.999543	0.000038	-0.971205	-0.000038	0.999543	-0.210190	
141	0.999505	0.000062	-0.999712	-0.000062	0.999505	-0.030974	
142	1.000000	-0.000000	-0.000129	0.000000	1.000000	-0.000111	
143	0.999547	0.000488	-1.827434	-0.000488	0.999547	0.441382	
144	0.999481	0.000098	-0.785168	-0.000098	0.999481	0.177679	
145	0.999462	0.000033	-0.714723	-0.000033	0.999462	0.121548	
146	0.999405	-0.000108	-0.569103	0.000108	0.999405	0.206285	
147	0.999995	0.000004	-0.000604	-0.000004	0.999995	0.007514	
148	0.999248	0.000274	-1.225061	-0.000274	0.999248	1.287313	
149	0.999465	-0.000063	-0.837829	0.000063	0.999465	0.275960	
150	0.999344	-0.000069	-0.843538	0.000069	0.999344	0.310514	
151	0.999421	0.000053	-0.987733	-0.000053	0.999421	0.498811	
152	1.000000	-0.000000	0.000130	0.000000	1.000000	-0.000138	
153	0.999407	-0.000048	-1.357452	0.000048	0.999407	1.263353	
154	0.999502	-0.000221	-0.682099	0.000221	0.999502	0.679263	
155	0.999630	-0.000200	-0.550236	0.000200	0.999630	0.695074	
156	0.999626	-0.000441	-0.226431	0.000441	0.999626	0.601610	
157	1.000000	0.000001	-0.000123	-0.000001	1.000000	0.000728	
158	0.999590	-0.000438	-0.069084	0.000438	0.999590	1.351934	
159	0.999990	-0.000466	-0.009837	0.000466	0.999990	0.434473	
160	0.999912	-0.000583	-0.018196	0.000583	0.999912	0.528626	
161	1.000081	-0.000497	-0.280148	0.000497	1.000081	0.285201	
162	1.000000	0.000000	0.000003	-0.000000	1.000000	0.000003	
163	1.000459	-0.000518	-0.287222	0.000518	1.000459	0.624436	
164	1.000244	-0.000504	-0.308245	0.000504	1.000244	0.102755	
165	1.000304	-0.000236	-0.470553	0.000236	1.000304	0.141312	
166	1.000533	-0.000182	-0.379646	0.000182	1.000533	-0.069212	
167	1.000000	-0.000000	-0.000077	0.000000	1.000000	-0.000379	
168	1.001349	-0.000152	-1.030386	0.000152	1.001349	-0.963429	
169	1.000802	-0.000034	-0.639276	0.000034	1.000802	-0.484285	
170	1.000784	-0.000325	-0.575254	0.000325	1.000784	-0.357024	
171	1.000971	-0.000337	-0.739672	0.000337	1.000971	-0.367747	
172	1.000000	-0.000001	0.000248	0.000001	1.000000	-0.000331	
173	1.002064	-0.000313	-1.250090	0.000313	1.002064	-0.724457	
174	1.001001	-0.000307	-0.615659	0.000307	1.001001	-0.333806	
175	1.000706	-0.000468	-0.545277	0.000468	1.000706	-0.091544	
176	1.000406	-0.000266	-0.456560	0.000266	1.000406	0.483790	
177	1.000000	-0.000001	0.000108	0.000001	1.000000	0.001211	
178	1.001196	-0.000225	-0.886817	0.000225	1.001196	0.178010	
179	1.000585	-0.000245	-0.564321	0.000245	1.000585	-0.176958	
180	1.000616	-0.000202	-0.570560	0.000202	1.000616	0.022210	
181	1.000474	-0.000339	-0.485592	0.000339	1.000474	0.416776	
182	0.999999	0.000003	-0.000842	-0.000003	0.999999	0.003235	
183	1.001575	-0.000238	-1.551930	0.000238	1.001575	-0.126272	
184	1.000797	-0.000178	-0.934593	0.000178	1.000797	-0.383403	
185	1.000653	-0.000250	-0.876992	0.000250	1.000653	-0.081651	
186	1.000281	-0.000088	-0.672221	0.000088	1.000281	0.056664	
187	1.000001	-0.000002	0.000095	0.000002	1.000001	0.000040	
188	1.000938	-0.000041	-1.205813	0.000041	1.000938	-0.115290	
189	1.000371	-0.000196	-0.851549	0.000196	1.000371	-0.233104	
190	1.000417	-0.000045	-1.078665	0.000045	1.000417	0.009940	
191	1.000361	-0.000057	-1.144664	0.000057	1.000361	0.037341	
192	1.000000	0.000000	-0.000058	-0.000000	1.000000	0.000084	
193	1.001728	0.000565	-3.570326	-0.000565	1.001728	-0.170834	
194	1.000802	0.000330	-1.801805	-0.000330	1.000802	-0.048326	
195	1.000474	0.000163	-1.582981	-0.000163	1.000474	0.181491	
196	1.000654	0.000135	-1.722892	-0.000135	1.000654	0.138162	
197	1.000003	0.000004	-0.006556	-0.000004	1.000003	-0.000257	
198	1.001462	0.000542	-3.152128	-0.000542	1.001462	-0.231925	
199	1.000476	-0.000164	-1.096585	0.000164	1.000476	-0.178918	
200	1.000428	-0.000175	-0.996663	0.000175	1.000428	0.028345	
201	1.000371	-0.000033	-0.751628	0.000033	1.000371	0.015363	
202	0.999999	-0.000000	0.000414	0.000000	0.999999	0.001315	
203	1.000937	-0.000120	-0.954846	0.000120	1.000937	0.220682	
204	1.000331	-0.000160	-0.597461	0.000160	1.000331	0.534714	
205	1.000229	-0.000137	-0.569851	0.000137	1.000229	0.659075	
206	1.000165	-0.000149	-0.820273	0.000149	1.000165	0.428693	
207	1.000005	-0.000003	-0.004461	0.000003	1.000005	0.000571	
208	1.000883	0.000090	-2.168458	-0.000090	1.000883	0.691856	
209	1.000240	0.000077	-0.744332	-0.000077	1.000240	0.191886	
210	1.000441	-0.000066	-0.478087	0.000066	1.000441	-0.120638	
211	1.000631	-0.000104	-0.428128	0.000104	1.000631	-0.108973	
212	1.000001	-0.000002	-0.001264	0.000002	1.000001	0.000480	
213	1.001018	-0.000279	-0.682556	0.000279	1.001018	-0.006645	
214	1.000344	-0.000343	-0.292982	0.000343	1.000344	0.127598	
215	1.000532	-0.000276	-0.526805	0.000276	1.000532	0.198143	
216	1.000619	-0.000202	-0.396836	0.000202	1.000619	0.106810	
217	1.000005	0.000000	-0.002603	-0.000000	1.000005	0.000544	
218	1.001103	-0.000526	-1.040624	0.000526	1.001103	0.065232	
219	1.000887	-0.000225	-0.678776	0.000225	1.000887	-0.262451	
220	1.000804	-0.000130	-0.703267	0.000130	1.000804	-0.315017	
221	1.000977	-0.000188	-0.823412	0.000188	1.000977	-0.451041	
222	1.000003	-0.000004	-0.002110	0.000004	1.000003	-0.001060	
223	1.001516	-0.000329	-1.233533	0.000329	1.001516	-0.328685	
224	1.000624	-0.000277	-0.620625	0.000277	1.000624	-0.090407	
225	1.000533	-0.000305	-0.515492	0.000305	1.000533	-0.104506	
226	1.000665	-0.000293	-0.540665	0.000293	1.000665	-0.099055	
227	0.999999	-0.000000	0.000785	0.000000	0.999999	0.001873	
228	1.001467	-0.000750	-0.051315	0.000750	1.001467	-0.140524	
229	1.000651	-0.000686	0.403020	0.000686	1.000651	-0.148102	
230	1.000919	-0.000715	0.575307	0.000715	1.000919	-0.143315	
231	1.000950	-0.000633	0.385539	0.000633	1.000950	-0.552365	
232	1.000000	0.000000	-0.000326	-0.000000	1.000000	0.000142	
233	1.001379	-0.000927	0.782405	0.000927	1.001379	-0.465621	
234	1.000547	-0.000472	0.292586	0.000472	1.000547	-0.138400	
235	1.000639	-0.000636	0.287382	0.000636	1.000639	-0.397143	
236	1.000574	-0.000648	0.387225	0.000648	1.000574	-0.532347	
237	1.000000	-0.000000	0.000153	0.000000	1.000000	0.000657	
238	1.000728	-0.000918	-0.380285	0.000918	1.000728	-0.480862	
239	1.000309	-0.000266	-0.695606	0.000266	1.000309	-0.016607	
240	1.000242	-0.000134	-1.047315	0.000134	1.000242	-0.063715	
241	1.000082	-0.000009	-1.244233	0.000009	1.000082	0.082064	
242	1.000000	-0.000000	0.000039	0.000000	1.000000	0.000115	
243	1.000225	0.000849	-2.828174	-0.000849	1.000225	0.540413	
244	1.000269	0.000313	-2.137075	-0.000313	1.000269	0.162463	
245	0.999922	0.000514	-2.521553	-0.000514	0.999922	0.397423	
246	0.999889	0.000479	-2.720908	-0.000479	0.999889	0.618962	
247	1.000001	-0.000001	-0.000268	0.000001	1.000001	0.000501	
248	1.001600	-0.000576	-7.620277	0.000576	1.001600	0.244327	
249	0.999265	0.000885	-4.031600	-0.000885	0.999265	1.181462	
250	0.999085	0.001090	-4.375577	-0.001090	0.999085	1.282654	
251	0.999151	0.001088	-4.137707	-0.001088	0.999151	1.069257	
252	0.999996	-0.000000	0.001429	0.000000	0.999996	0.002183	
253	1.000015	-0.000669	-9.231411	0.000669	1.000015	-0.240585	
254	0.999234	0.001106	-4.329889	-0.001106	0.999234	0.665077	
255	0.999079	0.001267	-4.344624	-0.001267	0.999079	0.814740	
256	0.999189	0.001162	-4.608216	-0.001162	0.999189	0.752039	
257	1.000003	-0.000001	-0.001692	0.000001	1.000003	-0.001147	
258	1.000247	-0.000420	-11.730653	0.000420	1.000247	-0.412153	
259	0.999194	0.001520	-5.230519	-0.001520	0.999194	0.664854	
260	0.997936	0.002408	-4.553062	-0.002408	0.997936	1.607457	
261	1.000186	-0.000152	-6.422473	0.000152	1.000186	-0.886206	
262	1.000000	0.000001	-0.000526	-0.000001	1.000000	0.000942	
263	0.999983	-0.000453	-12.245788	0.000453	0.999983	-1.271431	
264	0.998964	0.001525	-5.168091	-0.001525	0.998964	0.633440	
265	0.999157	0.001502	-4.875678	-0.001502	0.999157	0.479961	
266	0.999058	0.001287	-4.796103	-0.001287	0.999058	0.326884	
267	1.000005	0.000001	-0.007604	-0.000001	1.000005	-0.001376	
268	1.000243	-0.000170	-11.375269	0.000170	1.000243	-1.400224	
269	0.999047	0.001382	-4.539599	-0.001382	0.999047	0.272943	
270	0.998922	0.001230	-4.568144	-0.001230	0.998922	0.568495	
271	0.998795	0.001310	-4.577613	-0.001310	0.998795	0.879224	
272	0.999999	0.000000	-0.000034	-0.000000	0.999999	0.000085	
273	1.000008	-0.000281	-11.309292	0.000281	1.000008	0.206864	
274	0.998780	0.001560	-5.172561	-0.001560	0.998780	1.169714	
275	0.999315	0.000518	-6.003045	-0.000518	0.999315	0.645890	
276	0.998764	0.001368	-5.378716	-0.001368	0.998764	1.341815	
277	1.000000	-0.000000	0.000120	0.000000	1.000000	-0.000217	
278	0.999988	-0.000286	-12.102518	0.000286	0.999988	0.581025	
279	0.998782	0.001259	-4.818109	-0.001259	0.998782	1.312484	
280	0.998765	0.001272	-4.936895	-0.001272	0.998765	1.308403	
281	0.998695	0.001633	-5.356295	-0.001633	0.998695	1.408520	
282	1.000000	-0.000000	0.000127	0.000000	1.000000	-0.000021	
283	1.000118	-0.000145	-14.193860	0.000145	1.000118	-0.133903	
284	1.000094	-0.000225	-7.080449	0.000225	1.000094	-0.288973	
285	0.998373	0.002097	-5.507784	-0.002097	0.998373	1.478526	
286	0.999869	-0.000042	-6.726095	0.000042	0.999869	-0.085867	
287	1.000000	-0.000000	-0.000046	0.000000	1.000000	-0.000038	
288	1.000385	-0.000116	-13.179601	0.000116	1.000385	-1.194161	
289	0.999974	-0.000047	-6.253766	0.000047	0.999974	-0.441350	
290	0.999494	0.001046	-5.692209	-0.001046	0.999494	0.453384	
291	0.998969	0.001424	-4.886611	-0.001424	0.998969	0.834957	
292	0.999999	0.000000	0.000535	-0.000000	0.999999	0.000156	
293	1.000400	-0.000072	-11.395439	0.000072	1.000400	-0.618421	
294	0.999278	0.001555	-4.646416	-0.001555	0.999278	0.765234	
295	0.999250	0.001607	-4.421371	-0.001607	0.999250	0.948415	
296	0.999222	0.001613	-4.489706	-0.001613	0.999222	0.977110	
297	1.000001	0.000001	-0.000605	-0.000001	1.000001	0.000549	
298	1.000243	-0.000017	-10.715274	0.000017	1.000243	-0.589760	
299	0.999055	0.001270	-4.340243	-0.001270	0.999055	0.555620	
300	0.999177	0.001399	-4.492343	-0.001399	0.999177	0.530715	
301	0.999202	0.001300	-4.539791	-0.001300	0.999202	0.570642	
302	1.000000	0.000000	0.000147	-0.000000	1.000000	0.000100	
303	1.000446	-0.000055	-10.169789	0.000055	1.000446	-0.805253	
304	0.999450	0.001550	-4.065129	-0.001550	0.999450	0.576256	
305	0.999301	0.001217	-3.504197	-0.001217	0.999301	0.427801	
306	0.999372	0.000945	-2.947535	-0.000945	0.999372	0.292445	
307	1.000000	-0.000001	-0.000206	0.000001	1.000000	-0.000342	
308	0.999109	0.001866	-4.552351	-0.001866	0.999109	0.622383	
309	0.999782	0.000438	-1.849226	-0.000438	0.999782	-0.199367	
310	0.999932	0.000382	-1.536226	-0.000382	0.999932	-0.488692	
311	0.999925	0.000363	-1.380449	-0.000363	0.999925	-0.454193	
312	1.000000	0.000000	-0.000329	-0.000000	1.000000	0.000138	
313	1.000157	0.001012	-2.387409	-0.001012	1.000157	-0.713246	
314	1.000087	0.000184	-0.785209	-0.000184	1.000087	-0.668588	
315	1.000170	0.000113	-0.393519	-0.000113	1.000170	-0.792882	
316	1.000207	-0.000146	-0.025587	0.000146	1.000207	-0.910416	
317	1.000000	-0.000000	0.000217	0.000000	1.000000	0.000628	
318	1.001110	-0.000022	0.063593	0.000022	1.001110	-1.426828	
319	1.000602	-0.000403	0.733286	0.000403	1.000602	-1.073833	
320	1.000803	-0.000740	1.275613	0.000740	1.000803	-1.379062	
321	1.000797	-0.000678	1.436773	0.000678	1.000797	-1.356553	
322	1.000000	0.000000	-0.000086	-0.000000	1.000000	0.000157	
323	1.001658	-0.001198	3.398174	0.001198	1.001658	-2.120581	
324	0.999781	-0.001116	2.441765	0.001116	0.999781	-1.046185	
325	0.999893	-0.001107	2.380518	0.001107	0.999893	-0.979701	
326	0.999715	-0.001148	2.598768	0.001148	0.999715	-0.931170	
327	1.000000	0.000001	-0.000193	-0.000001	1.000000	0.000382	
328	0.998149	-0.000175	8.131921	0.000175	0.998149	-0.593409	
329	1.000030	-0.001656	3.757412	0.001656	1.000030	-1.333149	
330	0.999888	-0.001603	4.017935	0.001603	0.999888	-1.035099	
331	1.000093	-0.001600	4.050140	0.001600	1.000093	-1.143384	
332	0.999999	-0.000001	0.001191	0.000001	0.999999	-0.001502	
333	0.998409	-0.000556	10.646102	0.000556	0.998409	-0.808471	
334	1.001018	-0.002497	4.089817	0.002497	1.001018	-1.796324	
335	0.998962	-0.000975	6.133756	0.000975	0.998962	-0.551825	
336	1.000881	-0.002630	5.000397	0.002630	1.000881	-1.737001	
337	1.000002	-0.000000	0.000980	0.000000	1.000002	-0.001001	
338	0.998215	-0.000643	14.037421	0.000643	0.998215	-0.427428	
339	1.001311	-0.003068	5.479438	0.003068	1.001311	-2.173423	
340	0.998638	-0.000885	7.944464	0.000885	0.998638	-0.490976	
341	0.998472	-0.000777	8.259423	0.000777	0.998472	-0.314132	
342	1.000000	-0.000002	0.009392	0.000002	1.000000	-0.001777	
343	0.996562	-0.000805	17.927240	0.000805	0.996562	-0.297860	
344	0.998924	-0.000922	8.436032	0.000922	0.998924	-0.414039	
345	0.999099	-0.000928	8.375625	0.000928	0.999099	-0.554423	
346	0.998978	-0.000972	8.584739	0.000972	0.998978	-0.514124	
347	1.000002	-0.000001	0.002754	0.000001	1.000002	-0.002801	
348	0.998412	-0.000645	17.923306	0.000645	0.998412	-0.541464	
349	0.998730	-0.000888	8.985030	0.000888	0.998730	-0.482192	
350	1.000185	-0.001936	7.780893	0.001936	1.000185	-1.364609	
351	1.000724	-0.003095	7.427291	0.003095	1.000724	-2.044478	
352	1.000003	-0.000000	-0.001194	0.000000	1.000003	-0.001133	
353	0.997544	-0.000439	19.115081	0.000439	0.997544	-0.038301	
354	0.998927	-0.000928	9.184526	0.000928	0.998927	-0.303039	
355	0.999066	-0.000747	9.391184	0.000747	0.999066	-0.343332	
356	0.999130	-0.001231	9.373156	0.001231	0.999130	-0.564942	
357	0.999998	-0.000004	0.006975	0.000004	0.999998	0.000779	
358	0.997771	-0.000583	20.882500	0.000583	0.997771	0.281771	
359	0.999164	-0.000842	10.414513	0.000842	0.999164	-0.003238	
360	0.998844	-0.001485	10.793942	0.001485	0.998844	-0.221423	
361	0.999495	-0.000965	10.858978	0.000965	0.999495	-0.154916	
362	0.999999	-0.000002	0.003237	0.000002	0.999999	-0.003045	
363	0.999484	-0.000642	22.996944	0.000642	0.999484	0.296957	
364	1.000393	-0.000656	11.035638	0.000656	1.000393	-0.412545	
365	1.000441	-0.000905	11.109305	0.000905	1.000441	-0.643647	
366	1.000291	-0.000900	11.419382	0.000900	1.000291	-0.564255	
367	1.000003	0.000001	-0.001771	-0.000001	1.000003	0.000280	
368	1.000870	-0.000202	24.018940	0.000202	1.000870	0.116844	
369	1.001069	-0.000876	11.334460	0.000876	1.001069	-0.501975	
370	1.000898	-0.000878	11.446395	0.000878	1.000898	-0.480910	
371	1.000800	-0.001203	11.322066	0.001203	1.000800	-0.794070	
372	1.000004	-0.000002	-0.000492	0.000002	1.000004	-0.000907	
373	1.001708	-0.000941	22.912835	0.000941	1.001708	-0.733386	
374	1.001024	-0.000698	10.745523	0.000698	1.001024	-0.498756	
375	1.001076	-0.000824	10.439868	0.000824	1.001076	-0.591651	
376	1.000817	-0.001160	10.315712	0.001160	1.000817	-0.865318	
377	1.000000	0.000001	0.000455	-0.000001	1.000000	-0.000175	
378	1.000958	-0.000256	21.831310	0.000256	1.000958	-0.944886	
379	1.000836	-0.001341	10.105500	0.001341	1.000836	-1.583285	
380	1.000794	-0.001417	9.662556	0.001417	1.000794	-1.682857	
381	1.000935	-0.000933	9.724945	0.000933	1.000935	-1.037422	
382	1.000004	-0.000001	0.001353	0.000001	1.000004	-0.001026	
383	1.002046	-0.000710	19.841743	0.000710	1.002046	-1.725808	
384	1.001427	-0.000775	9.135209	0.000775	1.001427	-1.327434	
385	1.001224	-0.001248	9.061879	0.001248	1.001224	-1.508405	
386	1.001237	-0.001272	9.076829	0.001272	1.001237	-1.715853	
387	0.999997	-0.000004	0.010060	0.000004	0.999997	-0.000790	
388	1.001267	-0.000374	20.036913	0.000374	1.001267	-1.454032	
389	1.001099	-0.001371	8.948893	0.001371	1.001099	-1.412517	
390	1.002378	-0.002756	7.536575	0.002756	1.002378	-2.441862	
391	1.001039	-0.001071	8.506673	0.001071	1.001039	-1.165902	
392	0.999994	0.000003	0.003961	-0.000003	0.999994	0.004045	
393	0.999010	-0.000183	19.998164	0.000183	0.999010	-0.627066	
394	1.003183	-0.003951	6.831097	0.003951	1.003183	-2.915254	
395	1.004450	-0.004215	5.257189	0.004215	1.004450	-3.682059	
396	1.001162	-0.001345	8.047579	0.001345	1.001162	-1.185131	
397	0.999995	-0.000004	0.004811	0.000004	0.999995	-0.003487	
398	0.999936	-0.000450	18.636304	0.000450	0.999936	-0.917990	
399	1.001278	-0.001334	7.517739	0.001334	1.001278	-1.099128	
400	1.001129	-0.001085	7.632477	0.001085	1.001129	-0.760130	
401	1.001456	-0.000850	7.046109	0.000850	1.001456	-0.713918	
402	0.999999	0.000000	0.000349	-0.000000	0.999999	0.000568	
403	1.001151	-0.000737	15.346662	0.000737	1.001151	-0.503342	
404	1.003903	-0.004010	4.149054	0.004010	1.003903	-3.062530	
405	1.003547	-0.004336	4.395026	0.004336	1.003547	-2.905966	
406	1.000973	-0.001745	6.441401	0.001745	1.000973	-0.567992	
407	0.999999	-0.000000	0.000904	0.000000	0.999999	0.000036	
408	1.000601	-0.000404	15.146040	0.000404	1.000601	0.942541	
409	1.003714	-0.004323	4.050234	0.004323	1.003714	-2.881765	
410	1.002242	-0.003494	5.397678	0.003494	1.002242	-1.816141	
411	1.001081	-0.000859	6.551776	0.000859	1.001081	-0.066470	
412	1.000000	0.000000	0.000006	-0.000000	1.000000	0.000300	
413	1.000935	-0.000187	15.412890	0.000187	1.000935	1.040562	
414	1.001710	-0.002241	6.566650	0.002241	1.001710	-1.260034	
415	1.001053	-0.001639	7.321390	0.001639	1.001053	-1.061252	
416	1.001087	-0.001228	7.362589	0.001228	1.001087	-0.747492	
417	1.000003	-0.000007	0.002964	0.000007	1.000003	-0.002069	
418	1.001258	-0.000488	15.546683	0.000488	1.001258	0.262851	
419	1.003512	-0.004064	4.348307	0.004064	1.003512	-3.013769	
420	1.003042	-0.004281	4.485292	0.004281	1.003042	-2.935359	
421	1.000433	-0.001017	6.504103	0.001017	1.000433	-0.667101	
422	1.000000	-0.000000	-0.000041	0.000000	1.000000	-0.000038	
423	1.000064	-0.000188	14.558207	0.000188	1.000064	0.083511	
424	1.001914	-0.003434	5.380536	0.003434	1.001914	-2.223064	
425	1.002634	-0.004073	5.210014	0.004073	1.002634	-2.988859	
426	1.004821	-0.004864	3.273956	0.004864	1.004821	-4.319072	
427	1.000001	-0.000003	0.000473	0.000003	1.000001	-0.002303	
428	1.000359	-0.000346	15.024233	0.000346	1.000359	0.777917	
429	1.001387	-0.003212	5.631476	0.003212	1.001387	-1.477115	
430	1.001161	-0.003821	5.467149	0.003821	1.001161	-1.678707	
431	1.001642	-0.003582	4.908940	0.003582	1.001642	-1.785238	
432	1.000001	0.000001	-0.000933	-0.000001	1.000001	0.000539	
433	1.000169	-0.000455	12.605693	0.000455	1.000169	1.321370	
434	1.000707	-0.002543	4.727642	0.002543	1.000707	-0.855394	
435	1.000992	-0.002738	4.443408	0.002738	1.000992	-1.007846	
436	1.001052	-0.002690	4.405125	0.002690	1.001052	-1.066246	
437	0.999999	-0.000000	0.001181	0.000000	0.999999	-0.000111	
438	1.000081	-0.000384	11.285083	0.000384	1.000081	1.085293	
439	1.000915	-0.002393	4.664452	0.002393	1.000915	-0.828611	
440	1.001063	-0.002277	4.626876	0.002277	1.001063	-1.100606	
441	1.000858	-0.002597	4.813913	0.002597	1.000858	-1.203044	
442	1.000000	0.000000	-0.000228	-0.000000	1.000000	0.000119	
443	1.000063	-0.000349	12.307228	0.000349	1.000063	0.885493	
444	1.001835	-0.003159	4.682220	0.003159	1.001835	-1.707187	
445	0.999725	-0.000567	6.511684	0.000567	0.999725	0.342595	
446	1.002677	-0.003899	4.459254	0.003899	1.002677	-2.588509	
447	0.999999	0.000000	0.001349	-0.000000	0.999999	0.000250	
448	1.000239	-0.000460	14.165085	0.000460	1.000239	0.470059	
449	1.002567	-0.003961	4.815320	0.003961	1.002567	-2.562411	
450	0.999969	-0.000882	7.427154	0.000882	0.999969	-0.066809	
451	0.999727	-0.000794	7.400083	0.000794	0.999727	-0.147100	
452	1.000001	0.000000	-0.001062	-0.000000	1.000001	0.000107	
453	0.999294	-0.000476	14.638949	0.000476	0.999294	0.276481	
454	1.000140	-0.001956	6.661886	0.001956	1.000140	-0.789883	
455	0.999885	-0.001217	7.142434	0.001217	0.999885	-0.492289	
456	1.001391	-0.002956	6.289639	0.002956	1.001391	-2.000743	
457	1.000002	-0.000001	0.000452	0.000001	1.000002	-0.000913	
458	1.000016	-0.000592	16.378360	0.000592	1.000016	-0.432230	
459	0.999485	-0.000652	8.624965	0.000652	0.999485	0.110197	
460	1.001453	-0.002839	6.999652	0.002839	1.001453	-1.424288	
461	0.999684	-0.000511	8.525929	0.000511	0.999684	0.381764	
462	1.000000	-0.000001	0.001856	0.000001	1.000000	-0.001046	
463	0.999654	-0.000323	16.899259	0.000323	0.999654	0.917278	
464	0.999435	-0.000907	9.132124	0.000907	0.999435	0.148620	
465	1.002268	-0.004118	7.051074	0.004118	1.002268	-2.918761	
466	0.999583	-0.000788	9.454696	0.000788	0.999583	-0.207545	
467	1.000000	-0.000001	0.004644	0.000001	1.000000	0.000561	
468	0.999489	-0.000431	18.587224	0.000431	0.999489	2.270685	
469	0.999434	-0.000618	9.080517	0.000618	0.999434	0.920853	
470	1.000907	-0.002741	7.339117	0.002741	1.000907	-1.188831	
471	0.999461	-0.000688	8.051371	0.000688	0.999461	0.160915	
472	1.000001	0.000000	-0.000495	-0.000000	1.000001	0.000182	
473	0.999430	-0.000373	16.096682	0.000373	0.999430	1.059567	
474	0.999302	-0.000926	8.111619	0.000926	0.999302	-0.034061	
475	1.001008	-0.002556	6.727358	0.002556	1.001008	-1.608130	
476	1.000170	-0.002897	7.067284	0.002897	1.000170	-1.786111	
477	1.000001	0.000001	0.001163	-0.000001	1.000001	0.000886	
478	0.999379	-0.000536	15.210126	0.000536	0.999379	-0.267975	
479	0.999970	-0.002157	6.556790	0.002157	0.999970	-1.312314	
480	0.999652	-0.001806	7.068215	0.001806	0.999652	-1.013003	
481	0.999513	-0.000492	7.739014	0.000492	0.999513	-0.249317	
482	0.999999	-0.000000	0.000034	0.000000	0.999999	-0.000116	
483	0.999499	-0.000340	15.662713	0.000340	0.999499	-0.331139	
484	0.999380	-0.000485	7.936877	0.000485	0.999380	-0.238533	
485	0.999397	-0.000492	7.661463	0.000492	0.999397	-0.049219	
486	0.999286	-0.000612	7.540942	0.000612	0.999286	-0.129046	
487	0.999999	0.000000	0.001208	-0.000000	0.999999	0.000032	
488	0.999345	-0.000530	14.707197	0.000530	0.999345	0.961981	
489	0.999430	-0.000506	7.376905	0.000506	0.999430	0.907847	
490	0.999639	-0.002472	6.948795	0.002472	0.999639	-0.292609	
491	0.999312	-0.000509	7.654140	0.000509	0.999312	1.027436	
492	1.000001	-0.000004	0.002380	0.000004	1.000001	-0.002166	
493	0.999067	-0.000536	15.169883	0.000536	0.999067	2.373076	
494	0.999347	-0.000483	8.131235	0.000483	0.999347	1.063004	
495	0.999056	-0.000693	8.536493	0.000693	0.999056	0.886197	
496	0.999101	-0.000745	8.869571	0.000745	0.999101	0.665942	
497	1.000001	-0.000001	0.002126	0.000001	1.000001	-0.001369	
498	0.999264	-0.000614	17.762389	0.000614	0.999264	1.233990	
499	0.999351	-0.001067	8.633724	0.001067	0.999351	0.334197	
500	0.999491	-0.001031	8.294541	0.001031	0.999491	0.168302	
501	0.999938	-0.001467	7.633586	0.001467	0.999938	-0.089999	
502	0.999999	0.000000	0.000319	-0.000000	0.999999	0.000308	
503	0.999056	-0.000460	15.814233	0.000460	0.999056	0.844840	
504	0.999027	-0.001042	7.611659	0.001042	0.999027	-0.522578	
505	0.999023	-0.000875	7.736994	0.000875	0.999023	-0.420538	
506	0.999103	-0.000988	7.718301	0.000988	0.999103	-0.328679	
507	1.000000	-0.000000	-0.000043	0.000000	1.000000	0.000055	
508	0.999019	-0.000472	16.174713	0.000472	0.999019	0.055400	
509	0.999088	-0.001816	8.131760	0.001816	0.999088	-0.930766	
510	0.999087	-0.000696	8.312179	0.000696	0.999087	-0.389872	
511	0.999321	-0.000444	8.153070	0.000444	0.999321	-0.282698	
512	1.000000	0.000000	-0.000104	-0.000000	1.000000	0.000055	
513	0.999022	-0.000569	15.761433	0.000569	0.999022	-0.519820	
514	0.999260	-0.001022	7.559354	0.001022	0.999260	-0.809870	
515	0.999272	-0.001065	7.536587	0.001065	0.999272	-0.934951	
516	0.999274	-0.001034	7.375475	0.001034	0.999274	-0.812345	
517	1.000001	-0.000000	-0.000457	0.000000	1.000001	-0.000552	
518	0.998905	-0.000619	14.504559	0.000619	0.998905	-0.771679	
519	0.999291	-0.000730	7.099758	0.000730	0.999291	-0.782865	
520	0.999210	-0.000549	7.109995	0.000549	0.999210	-0.661715	
521	0.999285	-0.000550	6.924888	0.000550	0.999285	-0.486495	
522	1.000001	-0.000001	0.000200	0.000001	1.000001	-0.001590	
523	1.000108	-0.000199	12.904806	0.000199	1.000108	-0.574651	
524	1.000677	-0.002016	5.190997	0.002016	1.000677	-1.328474	
525	1.000829	-0.001706	4.988062	0.001706	1.000829	-1.173393	
526	1.001021	-0.001602	4.813833	0.001602	1.001021	-1.119011	
527	1.000000	0.000000	-0.000005	-0.000000	1.000000	0.000002	
528	1.000545	-0.000239	10.857249	0.000239	1.000545	-0.777509	
529	1.000961	-0.001490	4.682444	0.001490	1.000961	-1.209826	
530	1.001000	-0.001589	4.646815	0.001589	1.001000	-1.121487	
531	1.000716	-0.001586	4.697250	0.001586	1.000716	-1.041160	
532	1.000000	-0.000000	0.000000	0.000000	1.000000	0.000000	
533	1.000533	-0.000372	9.965504	0.000372	1.000533	-0.913629	
534	1.000619	-0.001542	4.320028	0.001542	1.000619	-1.090635	
535	1.000781	-0.001327	4.099502	0.001327	1.000781	-1.020805	
536	1.000627	-0.001450	4.088401	0.001450	1.000627	-1.086280	
537	1.000000	-0.000000	0.000002	0.000000	1.000000	-0.000002	
538	1.001203	-0.000309	8.816324	0.000309	1.001203	-1.159338	
539	1.000669	-0.001557	4.038785	0.001557	1.000669	-0.769472	
540	1.000904	-0.001273	3.686615	0.001273	1.000904	-0.900036	
541	1.001083	-0.001264	3.457468	0.001264	1.001083	-1.260873	
542	0.999999	0.000000	0.000640	-0.000000	0.999999	0.000170	
543	1.001114	-0.000312	7.707043	0.000312	1.001114	-0.760909	
544	1.000573	-0.001113	3.360656	0.001113	1.000573	-0.502736	
545	1.000696	-0.001131	3.277266	0.001131	1.000696	-0.691428	
546	1.000755	-0.001204	3.459988	0.001204	1.000755	-0.741475	
547	1.000000	0.000001	0.002543	-0.000001	1.000000	0.002270	
548	1.001263	-0.000177	7.373783	0.000177	1.001263	0.481212	
