0	1.000000	0.000000	0.000000	0.000000	1.000000	0.000000	
1	0.999975	-0.000074	1.009378	0.000074	0.999975	0.238514	
2	0.999957	-0.000011	0.964178	0.000011	0.999957	0.354605	
3	0.999886	-0.000055	0.993911	0.000055	0.999886	0.448059	
4	0.999945	-0.000028	0.921056	0.000028	0.999945	0.392700	
5	0.999957	-0.000140	0.997286	0.000140	0.999957	0.309431	
6	0.999916	-0.000140	1.057497	0.000140	0.999916	0.381434	
7	0.999976	-0.000042	1.094085	0.000042	0.999976	0.421733	
8	1.000030	-0.000088	1.140919	0.000088	1.000030	0.479503	
9	0.999980	0.000017	1.195412	-0.000017	0.999980	0.572142	
10	1.000031	0.000056	1.219077	-0.000056	1.000031	0.514775	
11	0.999980	0.000041	1.177497	-0.000041	0.999980	0.630276	
12	1.000033	0.000062	1.136498	-0.000062	1.000033	0.503417	
13	0.999917	0.000053	1.141469	-0.000053	0.999917	0.518137	
14	0.999953	0.000026	1.101668	-0.000026	0.999953	0.545810	
15	0.999904	0.000027	1.134665	-0.000027	0.999904	0.497424	
16	0.999904	-0.000035	1.153072	0.000035	0.999904	0.515215	
17	1.000055	-0.000028	1.145457	0.000028	1.000055	0.418273	
18	0.999979	-0.000126	1.279763	0.000126	0.999979	0.418518	
19	1.000093	-0.000117	1.306668	0.000117	1.000093	0.430599	
20	1.000066	-0.000153	1.443685	0.000153	1.000066	0.393081	
21	1.000086	-0.000185	1.656027	0.000185	1.000086	0.447541	
22	1.000048	-0.000172	1.867819	0.000172	1.000048	0.472628	
23	1.000033	-0.000270	2.105266	0.000270	1.000033	0.490317	
24	1.000127	-0.000242	2.208309	0.000242	1.000127	0.466720	
25	1.000200	-0.000209	2.311908	0.000209	1.000200	0.390422	
26	1.000199	-0.000154	2.387503	0.000154	1.000199	0.429017	
27	0.999855	-0.000371	2.512295	0.000371	0.999855	0.517545	
28	1.000068	-0.000214	2.461626	0.000214	1.000068	0.487873	
29	0.999700	-0.000182	2.506623	0.000182	0.999700	0.645630	
30	1.000312	-0.000127	2.364107	0.000127	1.000312	0.496748	
31	1.000136	-0.000197	2.410825	0.000197	1.000136	0.605876	
32	1.000224	-0.000163	2.403521	0.000163	1.000224	0.641389	
33	1.000144	-0.000255	2.560295	0.000255	1.000144	0.755507	
34	1.000219	-0.000198	2.641105	0.000198	1.000219	0.773282	
35	1.000303	-0.000200	2.745180	0.000200	1.000303	0.849382	
36	1.000348	-0.000193	2.882692	0.000193	1.000348	0.945908	
37	1.000373	-0.000233	3.009862	0.000233	1.000373	0.981809	
38	1.000404	-0.000257	3.358908	0.000257	1.000404	1.009490	
39	1.000625	-0.000324	3.689583	0.000324	1.000625	1.155090	
40	1.000681	-0.000328	4.051930	0.000328	1.000681	1.304088	
41	1.000805	-0.000307	4.332191	0.000307	1.000805	1.245685	
42	1.000805	-0.000369	4.690199	0.000369	1.000805	1.143094	
43	1.001189	-0.000352	5.063754	0.000352	1.001189	0.982662	
44	0.999909	-0.000884	7.296441	0.000884	0.999909	1.060025	
45	1.000071	-0.000865	7.898650	0.000865	1.000071	0.805597	
46	0.999952	-0.000906	8.755974	0.000906	0.999952	0.670361	
47	0.999984	-0.000971	9.536013	0.000971	0.999984	0.527219	
48	1.000057	-0.001068	10.309983	0.001068	1.000057	0.147131	
49	1.000423	-0.001227	11.097129	0.001227	1.000423	-0.391688	
50	1.000192	-0.001267	12.158791	0.001267	1.000192	-0.681189	
51	1.000410	-0.001342	13.182101	0.001342	1.000410	-1.064065	
52	0.999794	-0.001434	14.679018	0.001434	0.999794	-1.272892	
53	0.999641	-0.001545	15.954245	0.001545	0.999641	-1.448006	
54	0.999796	-0.001678	17.105677	0.001678	0.999796	-1.591958	
55	0.999447	-0.002006	18.432695	0.002006	0.999447	-1.853556	
56	0.999867	-0.002428	19.342055	0.002428	0.999867	-2.097299	
57	0.999544	-0.002389	20.521701	0.002389	0.999544	-1.962076	
58	0.999005	-0.002424	21.687997	0.002424	0.999005	-1.812708	
59	0.999178	-0.002503	22.452665	0.002503	0.999178	-1.917561	
60	0.999795	-0.002637	22.988204	0.002637	0.999795	-2.106782	
61	0.999459	-0.002612	23.796227	0.002612	0.999459	-2.125837	
62	0.999006	-0.002684	24.412287	0.002684	0.999006	-2.048529	
63	0.999699	-0.002351	24.486365	0.002351	0.999699	-1.853381	
64	1.000200	-0.002228	24.491499	0.002228	1.000200	-1.810510	
65	1.000270	-0.002342	24.450869	0.002342	1.000270	-1.901947	
66	1.000207	-0.002112	24.674035	0.002112	1.000207	-1.687219	
67	0.999650	-0.002185	25.249850	0.002185	0.999650	-1.529590	
68	0.999534	-0.002275	25.527443	0.002275	0.999534	-1.595767	
69	0.999345	-0.002620	25.842962	0.002620	0.999345	-1.718871	
70	0.998592	-0.003010	26.336057	0.003010	0.998592	-1.932214	
71	0.998083	-0.003430	26.436420	0.003430	0.998083	-2.039213	
72	1.001226	-0.003188	23.581227	0.003188	1.001226	-2.749616	
73	1.000031	-0.003693	24.021010	0.003693	1.000031	-2.987947	
74	1.000190	-0.003578	23.139527	0.003578	1.000190	-2.915847	
75	1.000231	-0.003708	22.247127	0.003708	1.000231	-3.046012	
76	1.000011	-0.003165	21.156571	0.003165	1.000011	-2.498559	
77	0.999858	-0.002525	19.536369	0.002525	0.999858	-1.931561	
78	1.000233	-0.002515	17.171758	0.002515	1.000233	-1.982320	
79	1.000505	-0.002160	14.778722	0.002160	1.000505	-1.430054	
80	1.000595	-0.001474	12.478103	0.001474	1.000595	-0.801267	
81	1.000857	-0.001512	10.427567	0.001512	1.000857	-0.990418	
82	1.000168	-0.001089	9.382344	0.001089	1.000168	-0.635662	
83	1.000324	-0.000914	7.382859	0.000914	1.000324	-0.704334	
84	1.000698	-0.000839	4.804579	0.000839	1.000698	-0.835396	
85	1.000749	-0.001007	2.430165	0.001007	1.000749	-0.995656	
86	0.999811	-0.000352	1.182690	0.000352	0.999811	-0.179834	
87	0.999698	-0.000219	-0.165227	0.000219	0.999698	-0.070330	
88	0.999709	-0.000202	-0.933275	0.000202	0.999709	-0.076837	
89	0.999463	0.000170	-1.334742	-0.000170	0.999463	0.097592	
90	0.999488	0.000097	-2.114022	-0.000097	0.999488	-0.295217	
91	0.998550	0.000513	-1.851237	-0.000513	0.998550	-0.110460	
92	0.999320	0.000016	-3.316067	-0.000016	0.999320	-0.764412	
93	0.999010	0.000273	-3.428551	-0.000273	0.999010	-0.633360	
94	0.998988	0.000216	-3.528739	-0.000216	0.998988	-0.928262	
95	0.999249	0.000285	-3.766085	-0.000285	0.999249	-1.070229	
96	0.999122	0.000314	-3.679114	-0.000314	0.999122	-0.907003	
97	0.999307	0.000179	-4.032818	-0.000179	0.999307	-0.870953	
98	0.998744	0.000300	-3.933287	-0.000300	0.998744	-0.722712	
99	0.997935	0.000343	-3.671073	-0.000343	0.997935	-0.444817	
100	0.998191	-0.000108	-4.389611	0.000108	0.998191	-0.703035	
101	0.998697	0.000256	-5.226622	-0.000256	0.998697	-0.552447	
102	0.997824	0.000414	-4.383319	-0.000414	0.997824	-0.135665	
103	0.998819	0.001195	-5.576734	-0.001195	0.998819	0.318946	
104	0.999734	0.000873	-6.859261	-0.000873	0.999734	-0.057121	
105	0.999771	0.000941	-7.208286	-0.000941	0.999771	0.101608	
106	0.997159	0.000654	-4.471351	-0.000654	0.997159	0.554246	
107	1.000164	0.000609	-7.634519	-0.000609	1.000164	0.405341	
108	0.999808	0.000429	-6.826791	-0.000429	0.999808	0.571174	
109	0.998489	0.000436	-5.022423	-0.000436	0.998489	1.104966	
110	0.994810	0.000228	-1.058027	-0.000228	0.994810	1.690104	
111	0.995736	0.000528	-2.133438	-0.000528	0.995736	1.671533	
112	0.998730	0.000779	-5.397583	-0.000779	0.998730	1.179740	
113	0.998647	0.001067	-5.235473	-0.001067	0.998647	1.143252	
114	0.997745	0.000496	-4.050099	-0.000496	0.997745	0.485352	
115	0.996319	0.001436	-2.398720	-0.001436	0.996319	1.495533	
116	0.997012	0.000257	-2.825453	-0.000257	0.997012	0.635632	
117	0.998156	0.000170	-3.803530	-0.000170	0.998156	0.648284	
118	0.998407	-0.000281	-3.725208	0.000281	0.998407	0.588011	
119	0.998223	-0.000261	-3.465072	0.000261	0.998223	0.656057	
120	0.998351	-0.000130	-3.587925	0.000130	0.998351	0.590616	
121	0.998550	-0.000068	-3.915539	0.000068	0.998550	0.390219	
122	0.998369	0.000041	-4.085010	-0.000041	0.998369	0.280202	
123	0.999591	0.000691	-5.894550	-0.000691	0.999591	0.475950	
124	0.999281	0.000632	-6.259554	-0.000632	0.999281	0.375813	
125	0.998740	0.000604	-6.552111	-0.000604	0.998740	0.555790	
126	0.999182	0.000757	-7.920598	-0.000757	0.999182	0.793245	
127	0.998896	0.000639	-8.546193	-0.000639	0.998896	1.067098	
128	0.999478	0.000931	-10.185262	-0.000931	0.999478	1.499432	
129	0.999468	0.000896	-10.908105	-0.000896	0.999468	1.529810	
130	0.999238	0.001279	-11.088465	-0.001279	0.999238	1.878225	
131	0.999738	0.001136	-11.842746	-0.001136	0.999738	1.760227	
132	0.999940	0.001253	-12.314516	-0.001253	0.999940	1.858296	
133	0.999974	0.001296	-12.448514	-0.001296	0.999974	1.914932	
134	1.000157	0.001109	-12.559601	-0.001109	1.000157	1.649163	
135	0.999753	0.001036	-12.252758	-0.001036	0.999753	1.533773	
136	0.999892	0.001321	-12.395946	-0.001321	0.999892	1.638949	
137	1.000189	0.001399	-12.695894	-0.001399	1.000189	1.700785	
138	0.998860	0.002049	-11.318885	-0.002049	0.998860	2.081022	
139	0.999609	0.001153	-12.014992	-0.001153	0.999609	1.265035	
140	0.999194	0.001657	-11.771941	-0.001657	0.999194	1.802998	
141	0.998012	0.000976	-10.777788	-0.000976	0.998012	1.532478	
142	0.998312	-0.000034	-10.993871	0.000034	0.998312	0.568864	
143	0.998746	0.000497	-11.584946	-0.000497	0.998746	0.887009	
144	0.999017	0.000657	-11.824036	-0.000657	0.999017	0.790988	
145	0.999119	0.000924	-11.918733	-0.000924	0.999119	0.994990	
146	0.998245	0.001119	-11.062233	-0.001119	0.998245	1.289230	
147	0.998751	0.001284	-11.263279	-0.001284	0.998751	1.290861	
148	0.999286	0.001311	-11.467503	-0.001311	0.999286	1.254219	
149	0.999611	0.001133	-11.182272	-0.001133	0.999611	1.150564	
150	0.999801	0.000859	-10.516888	-0.000859	0.999801	1.044264	
151	1.000176	0.000823	-9.889566	-0.000823	1.000176	1.023769	
152	1.000127	0.000707	-9.031359	-0.000707	1.000127	1.035973	
153	0.999942	0.000767	-8.031858	-0.000767	0.999942	1.051549	
154	0.999741	0.000643	-6.909827	-0.000643	0.999741	0.908386	
155	0.999827	0.000272	-5.967342	-0.000272	0.999827	0.385499	
156	0.999220	-0.000486	-4.384698	0.000486	0.999220	-0.148543	
157	0.999268	-0.000641	-3.942006	0.000641	0.999268	-0.376895	
158	0.999225	-0.000653	-3.801084	0.000653	0.999225	-0.458460	
159	0.998787	-0.000485	-3.404620	0.000485	0.998787	-0.127548	
160	0.998748	-0.000460	-3.498252	0.000460	0.998748	-0.087371	
161	0.998903	-0.000822	-3.747501	0.000822	0.998903	-0.302137	
162	0.998973	-0.000484	-3.850543	0.000484	0.998973	0.055374	
163	0.999082	-0.000351	-3.942857	0.000351	0.999082	0.000533	
164	0.999221	-0.000309	-3.826339	0.000309	0.999221	0.057518	
165	0.999515	-0.000213	-3.358177	0.000213	0.999515	0.109460	
166	0.999794	0.000060	-2.231277	-0.000060	0.999794	0.284123	
167	1.000178	0.000146	-1.068784	-0.000146	1.000178	0.089087	
168	1.000303	0.000223	0.121476	-0.000223	1.000303	0.007356	
169	1.000460	0.000187	1.214123	-0.000187	1.000460	-0.186333	
170	1.001027	0.000036	2.506465	-0.000036	1.001027	-0.488234	
171	1.000396	-0.000279	5.380091	0.000279	1.000396	-0.658599	
172	1.000170	-0.000697	7.929639	0.000697	1.000170	-1.117442	
173	0.999931	-0.001031	10.146452	0.001031	0.999931	-1.425456	
174	0.999820	-0.001338	11.713027	0.001338	0.999820	-1.732900	
175	1.000066	-0.001553	12.598668	0.001553	1.000066	-2.032592	
176	1.000507	-0.001744	12.951214	0.001744	1.000507	-2.257215	
177	1.000100	-0.001576	13.494297	0.001576	1.000100	-1.964272	
178	1.000392	-0.001430	13.249888	0.001430	1.000392	-1.837905	
179	1.000150	-0.001519	13.228751	0.001519	1.000150	-1.742142	
180	1.000251	-0.001534	12.718987	0.001534	1.000251	-1.796172	
181	1.000641	-0.001851	11.966807	0.001851	1.000641	-2.075429	
182	1.000242	-0.002051	11.898160	0.002051	1.000242	-2.098964	
183	1.000056	-0.002093	11.749709	0.002093	1.000056	-2.110458	
184	0.999951	-0.002184	11.471381	0.002184	0.999951	-2.120677	
185	1.000318	-0.002059	10.971982	0.002059	1.000318	-1.944693	
186	1.000482	-0.001876	10.460366	0.001876	1.000482	-1.656147	
187	0.999948	-0.001494	10.906925	0.001494	0.999948	-1.040877	
188	0.999737	-0.001194	11.164025	0.001194	0.999737	-0.516649	
189	1.000597	-0.000791	10.666652	0.000791	1.000597	-0.341079	
190	1.000944	-0.000679	10.606027	0.000679	1.000944	-0.364787	
191	1.000467	-0.001140	11.176601	0.001140	1.000467	-0.573843	
192	1.000287	-0.001320	11.486327	0.001320	1.000287	-0.642713	
193	1.000396	-0.001500	11.398593	0.001500	1.000396	-0.867327	
194	1.000291	-0.001749	11.512966	0.001749	1.000291	-1.005636	
195	1.000507	-0.001905	11.330567	0.001905	1.000507	-1.072380	
196	1.000252	-0.001978	11.400780	0.001978	1.000252	-1.094206	
197	0.999806	-0.002215	11.260018	0.002215	0.999806	-1.230372	
198	1.000328	-0.002015	10.467979	0.002015	1.000328	-1.223723	
199	1.000488	-0.002201	9.602818	0.002201	1.000488	-1.355309	
200	0.999943	-0.001782	9.701128	0.001782	0.999943	-1.101624	
201	0.999836	-0.001784	9.014447	0.001784	0.999836	-1.187682	
202	0.999091	-0.001901	9.123016	0.001901	0.999091	-1.034187	
203	1.000294	-0.001585	8.359518	0.001585	1.000294	-1.063946	
204	1.000229	-0.001410	8.016809	0.001410	1.000229	-0.794762	
205	1.000405	-0.001425	7.595410	0.001425	1.000405	-0.815312	
206	1.000431	-0.002061	6.824652	0.002061	1.000431	-1.178498	
207	1.001062	-0.001043	6.239113	0.001043	1.001062	-0.719683	
208	1.000397	-0.000926	6.680891	0.000926	1.000397	-0.591441	
209	1.002565	-0.000506	4.416409	0.000506	1.002565	-0.938045	
210	1.000487	-0.000880	6.174154	0.000880	1.000487	-1.084783	
211	1.000302	-0.000560	6.181930	0.000560	1.000302	-1.025516	
212	1.000199	-0.000620	6.117743	0.000620	1.000199	-1.245359	
213	1.000309	-0.000708	5.823138	0.000708	1.000309	-1.497988	
214	1.001724	-0.000099	4.245813	0.000099	1.001724	-1.370819	
215	1.001782	-0.000100	3.986350	0.000100	1.001782	-1.440096	
216	1.001606	-0.000258	4.208607	0.000258	1.001606	-1.507439	
217	1.001152	-0.000106	4.544954	0.000106	1.001152	-1.493534	
218	1.001755	-0.000847	3.696269	0.000847	1.001755	-2.087834	
219	1.001286	-0.000402	4.016328	0.000402	1.001286	-1.973520	
220	1.000603	-0.000769	4.473965	0.000769	1.000603	-1.983856	
221	1.000567	-0.000615	4.529707	0.000615	1.000567	-1.973468	
222	1.000065	-0.000693	4.842514	0.000693	1.000065	-1.951167	
223	1.000583	-0.000748	4.515947	0.000748	1.000583	-2.085550	
224	1.000100	-0.000730	5.144519	0.000730	1.000100	-1.908505	
225	1.000932	-0.000237	4.147652	0.000237	1.000932	-1.471115	
226	1.001240	-0.000403	3.661671	0.000403	1.001240	-1.234393	
227	1.001227	-0.000466	3.460492	0.000466	1.001227	-1.027218	
228	1.001144	-0.000605	3.319356	0.000605	1.001144	-0.869363	
229	1.001000	-0.000401	3.128215	0.000401	1.001000	-0.694137	
230	1.001212	-0.000350	2.815135	0.000350	1.001212	-0.561825	
231	1.000964	-0.000021	2.692907	0.000021	1.000964	-0.542472	
232	1.001072	0.000070	2.319538	-0.000070	1.001072	-0.580280	
233	1.000968	0.000014	2.347340	-0.000014	1.000968	-0.696197	
234	1.001041	0.000212	2.154094	-0.000212	1.001041	-0.875248	
235	1.000991	0.000367	2.137285	-0.000367	1.000991	-0.902272	
236	1.000955	0.000318	2.076187	-0.000318	1.000955	-0.939463	
237	1.000919	0.000080	2.021249	-0.000080	1.000919	-1.021897	
238	1.000800	-0.000080	1.948984	0.000080	1.000800	-1.053836	
239	1.000873	0.000034	1.829694	-0.000034	1.000873	-0.905148	
240	1.000935	-0.000215	1.680399	0.000215	1.000935	-0.953101	
241	1.001067	-0.000138	1.255046	0.000138	1.001067	-0.899345	
242	1.001064	-0.000090	0.821561	0.000090	1.001064	-0.874889	
243	1.001147	-0.000016	0.545295	0.000016	1.001147	-0.765413	
244	1.001298	0.000185	0.327761	-0.000185	1.001298	-0.631215	
245	1.000971	0.000177	0.276960	-0.000177	1.000971	-0.640098	
246	1.000808	0.000176	0.135229	-0.000176	1.000808	-0.582296	
247	1.000772	0.000107	-0.040924	-0.000107	1.000772	-0.752223	
248	1.000680	0.000049	-0.056643	-0.000049	1.000680	-0.788884	
249	1.000543	0.000066	-0.173871	-0.000066	1.000543	-0.809682	
250	1.000558	0.000041	-0.395688	-0.000041	1.000558	-0.767727	
251	1.000249	0.000089	-0.803385	-0.000089	1.000249	-0.568260	
252	1.000136	0.000035	-1.261411	-0.000035	1.000136	-0.258735	
253	0.999771	0.000087	-2.103288	-0.000087	0.999771	0.113928	
254	0.999569	0.000135	-2.745060	-0.000135	0.999569	0.333417	
255	0.999555	0.000369	-3.062247	-0.000369	0.999555	0.672732	
256	0.999648	0.000532	-3.297011	-0.000532	0.999648	0.863229	
257	0.999675	0.000641	-3.508327	-0.000641	0.999675	0.759582	
258	0.999637	0.000509	-3.722338	-0.000509	0.999637	0.435175	
259	0.999252	0.000281	-3.795065	-0.000281	0.999252	0.196946	
260	0.999111	0.000081	-3.936542	-0.000081	0.999111	-0.112596	
261	0.999989	0.000332	-4.589490	-0.000332	0.999989	-0.231610	
262	0.999544	0.000165	-4.480907	-0.000165	0.999544	0.149359	
263	1.000756	0.000656	-5.456007	-0.000656	1.000756	0.182761	
264	0.999735	0.000428	-4.813845	-0.000428	0.999735	0.421061	
265	0.999454	0.000485	-4.803473	-0.000485	0.999454	0.545244	
266	1.000327	0.000567	-6.241673	-0.000567	1.000327	0.363052	
267	0.999902	0.000207	-6.515206	-0.000207	0.999902	0.050929	
268	1.000045	0.000286	-6.809219	-0.000286	1.000045	-0.057810	
269	0.998489	0.000055	-5.384654	-0.000055	0.998489	0.185074	
270	0.997097	0.000297	-4.422391	-0.000297	0.997097	0.645398	
271	0.999506	0.000962	-6.627719	-0.000962	0.999506	0.702588	
272	0.997713	0.000565	-4.946083	-0.000565	0.997713	0.986293	
273	0.998641	0.001216	-6.595495	-0.001216	0.998641	1.334923	
274	0.996128	0.000230	-4.124542	-0.000230	0.996128	1.489814	
275	0.995052	-0.000146	-3.235857	0.000146	0.995052	1.677340	
276	0.998676	0.001014	-6.639701	-0.001014	0.998676	1.922321	
277	0.998707	0.000863	-6.445190	-0.000863	0.998707	1.974670	
278	0.997671	0.000276	-5.176125	-0.000276	0.997671	1.715786	
279	0.995917	-0.000231	-3.429462	0.000231	0.995917	1.492278	
280	0.997414	-0.000927	-4.261319	0.000927	0.997414	0.499468	
281	0.996509	-0.000593	-3.485287	0.000593	0.996509	0.768306	
282	0.995862	-0.000026	-2.932935	0.000026	0.995862	1.336730	
283	0.997040	0.000557	-4.385921	-0.000557	0.997040	1.493306	
284	0.997180	-0.000641	-4.234734	0.000641	0.997180	0.347388	
285	0.995651	0.000522	-2.907230	-0.000522	0.995651	1.719819	
286	0.997957	0.000603	-4.681305	-0.000603	0.997957	1.577172	
287	0.997385	0.000111	-3.829725	-0.000111	0.997385	1.478533	
288	0.996234	0.000026	-2.775621	-0.000026	0.996234	1.662153	
289	0.997603	-0.000403	-4.046411	0.000403	0.997603	0.980893	
290	0.998935	0.000149	-5.625003	-0.000149	0.998935	1.165430	
291	0.998435	-0.000232	-5.179476	0.000232	0.998435	0.888303	
292	0.998602	-0.000106	-5.510257	0.000106	0.998602	0.812904	
293	0.996233	-0.000379	-2.942298	0.000379	0.996233	1.208791	
294	0.998361	0.000694	-5.507279	-0.000694	0.998361	1.379696	
295	0.996040	0.000281	-3.182137	-0.000281	0.996040	1.792558	
296	0.997596	0.000022	-4.963328	-0.000022	0.997596	0.987804	
297	0.996103	-0.000235	-4.021324	0.000235	0.996103	1.065481	
298	0.997299	0.000200	-5.283135	-0.000200	0.997299	1.062926	
299	0.998872	0.001151	-7.052194	-0.001151	0.998872	1.476889	
300	0.996735	0.000475	-4.439071	-0.000475	0.996735	1.457601	
301	0.999292	0.001044	-6.792512	-0.001044	0.999292	1.197459	
302	0.998734	0.001157	-5.962492	-0.001157	0.998734	1.461531	
303	0.999044	0.000599	-5.982073	-0.000599	0.999044	0.839373	
304	0.998496	-0.000192	-4.677824	0.000192	0.998496	0.446739	
305	0.998250	-0.000164	-4.363897	0.000164	0.998250	0.473458	
306	0.998080	-0.000342	-3.890042	0.000342	0.998080	0.513239	
307	0.998277	-0.000473	-3.698061	0.000473	0.998277	0.282070	
308	0.998315	-0.000669	-3.244849	0.000669	0.998315	0.150668	
309	0.998537	-0.000701	-2.844738	0.000701	0.998537	0.398091	
310	0.998982	-0.000178	-2.543213	0.000178	0.998982	1.052568	
311	0.998997	-0.000731	-2.049210	0.000731	0.998997	0.836025	
312	0.999200	-0.000203	-1.628452	0.000203	0.999200	1.427634	
313	0.999445	-0.000406	-0.902791	0.000406	0.999445	1.560372	
314	0.999704	-0.000478	-0.299381	0.000478	0.999704	1.725169	
315	0.999958	-0.000489	0.521383	0.000489	0.999958	1.931193	
316	1.000075	-0.000377	0.907892	0.000377	1.000075	2.117063	
317	1.000098	-0.000274	1.177474	0.000274	1.000098	2.335446	
318	1.000143	-0.000265	1.290545	0.000265	1.000143	2.441147	
319	1.000187	-0.000401	1.305633	0.000401	1.000187	2.567655	
320	1.000651	0.000027	0.784914	-0.000027	1.000651	2.931706	
321	1.000326	-0.000361	0.766036	0.000361	1.000326	2.638472	
322	1.000271	-0.000415	0.523072	0.000415	1.000271	2.583098	
323	1.000153	-0.000576	0.467654	0.000576	1.000153	2.313754	
324	1.000234	-0.000561	0.602965	0.000561	1.000234	2.039903	
325	1.000110	-0.000680	0.925605	0.000680	1.000110	1.758854	
326	1.000090	-0.000606	1.194371	0.000606	1.000090	1.360477	
327	1.000257	-0.000497	1.490536	0.000497	1.000257	0.819490	
328	1.000346	-0.000312	1.839545	0.000312	1.000346	0.610969	
329	1.000686	-0.000222	1.924711	0.000222	1.000686	0.193649	
330	1.000636	-0.000190	2.264426	0.000190	1.000636	-0.004111	
331	1.000694	0.000075	2.397968	-0.000075	1.000694	-0.148895	
332	1.000705	0.000138	2.469754	-0.000138	1.000705	-0.242075	
333	1.000677	-0.000160	2.396486	0.000160	1.000677	-0.500531	
334	1.000765	-0.000074	2.473003	0.000074	1.000765	-0.403136	
335	1.000735	-0.000212	2.553793	0.000212	1.000735	-0.552144	
336	1.000821	-0.000282	2.549580	0.000282	1.000821	-0.663048	
337	1.000775	-0.000206	2.609778	0.000206	1.000775	-0.618377	
338	1.000814	-0.000302	2.635408	0.000302	1.000814	-0.701953	
339	1.000819	-0.000288	2.689056	0.000288	1.000819	-0.649777	
340	1.000932	-0.000272	2.705855	0.000272	1.000932	-0.495754	
341	1.001028	-0.000243	2.721858	0.000243	1.001028	-0.370982	
342	1.000998	-0.000275	2.716799	0.000275	1.000998	-0.354874	
343	1.000954	-0.000283	2.701207	0.000283	1.000954	-0.397695	
344	1.000805	-0.000416	2.747330	0.000416	1.000805	-0.580683	
345	1.000835	-0.000344	2.680531	0.000344	1.000835	-0.717655	
346	1.000811	-0.000258	2.509214	0.000258	1.000811	-0.665478	
347	1.000738	-0.000237	2.409580	0.000237	1.000738	-0.505651	
348	1.000758	-0.000215	2.274559	0.000215	1.000758	-0.362613	
349	1.000868	-0.000368	2.223280	0.000368	1.000868	-0.262242	
350	1.000779	-0.000357	2.329471	0.000357	1.000779	-0.117296	
351	1.001049	-0.000464	2.295227	0.000464	1.001049	-0.247097	
352	1.001252	-0.000231	2.322580	0.000231	1.001252	-0.173269	
353	1.001053	-0.000368	2.452845	0.000368	1.001053	-0.400186	
354	1.000918	-0.000268	2.409080	0.000268	1.000918	-0.605816	
355	1.000946	-0.000446	2.136730	0.000446	1.000946	-0.718785	
356	1.000966	-0.000620	1.974554	0.000620	1.000966	-0.712618	
357	1.001015	-0.000479	1.773711	0.000479	1.001015	-0.406755	
358	1.001168	-0.000681	1.537518	0.000681	1.001168	-0.526899	
359	1.000844	-0.000666	1.485920	0.000666	1.000844	-0.322182	
360	1.001040	-0.000632	1.290272	0.000632	1.001040	-0.454041	
361	1.000784	-0.000452	1.383025	0.000452	1.000784	-0.500676	
362	1.000397	-0.000518	1.565336	0.000518	1.000397	-0.619219	
363	1.000839	-0.000433	1.231854	0.000433	1.000839	-1.039910	
364	1.000373	-0.000633	1.384047	0.000633	1.000373	-1.147832	
365	1.000737	-0.000694	1.236723	0.000694	1.000737	-1.155777	
366	1.000818	-0.000508	1.100313	0.000508	1.000818	-0.787490	
367	1.000612	-0.000351	1.302017	0.000351	1.000612	-0.286010	
368	1.001044	-0.000270	1.091280	0.000270	1.001044	-0.263551	
369	1.000416	-0.000160	1.620345	0.000160	1.000416	-0.285718	
370	1.000665	-0.000405	1.677156	0.000405	1.000665	-0.514931	
371	1.000812	-0.000530	1.781409	0.000530	1.000812	-0.808113	
372	1.000513	-0.000765	2.146791	0.000765	1.000513	-1.316194	
373	1.000563	-0.000527	2.658002	0.000527	1.000563	-1.518202	
374	1.000766	-0.000550	3.014172	0.000550	1.000766	-1.636035	
375	1.000894	-0.000492	3.356139	0.000492	1.000894	-1.585861	
376	1.001125	-0.000749	3.603541	0.000749	1.001125	-1.720104	
377	1.000764	-0.001013	4.692436	0.001013	1.000764	-1.911566	
378	1.001824	-0.000711	4.465716	0.000711	1.001824	-1.899137	
379	1.001216	-0.001354	5.692023	0.001354	1.001216	-2.420694	
380	1.001537	-0.001641	6.324710	0.001641	1.001537	-2.797930	
381	1.000253	-0.001850	8.030092	0.001850	1.000253	-3.275442	
382	0.999795	-0.001506	9.083906	0.001506	0.999795	-3.346651	
383	1.000575	-0.001963	9.112455	0.001963	1.000575	-4.160668	
384	1.000459	-0.001698	9.729303	0.001698	1.000459	-4.134550	
385	1.000592	-0.001412	10.242487	0.001412	1.000592	-4.112177	
386	1.001264	-0.001353	10.143722	0.001353	1.001264	-4.232807	
387	1.001513	-0.000959	10.495544	0.000959	1.001513	-3.987058	
388	1.001132	-0.001068	11.067291	0.001068	1.001132	-4.085462	
389	1.000749	-0.001305	11.339381	0.001305	1.000749	-4.066085	
390	1.000762	-0.001268	11.133335	0.001268	1.000762	-4.003275	
391	1.000613	-0.001288	10.771884	0.001288	1.000613	-3.774468	
392	1.000415	-0.001686	10.509011	0.001686	1.000415	-3.630059	
393	1.000329	-0.001698	9.945202	0.001698	1.000329	-3.302587	
394	1.000138	-0.001690	9.367562	0.001690	1.000138	-2.778087	
395	1.000481	-0.001465	8.362419	0.001465	1.000481	-2.243502	
396	1.000388	-0.001605	7.482823	0.001605	1.000388	-1.814488	
397	1.000806	-0.001452	5.989744	0.001452	1.000806	-1.387235	
398	1.001338	-0.000789	4.100079	0.000789	1.001338	-0.875163	
399	1.001142	-0.000834	3.601033	0.000834	1.001142	-0.730452	
400	1.000832	-0.000701	3.360411	0.000701	1.000832	-0.560940	
401	1.001202	-0.000420	2.805090	0.000420	1.001202	-0.551206	
402	1.001084	-0.000315	2.442036	0.000315	1.001084	-0.504428	
403	1.001112	-0.000190	2.038661	0.000190	1.001112	-0.529658	
404	1.000979	-0.000369	1.848136	0.000369	1.000979	-0.762856	
405	1.000961	-0.000424	1.551362	0.000424	1.000961	-0.841502	
406	1.000932	-0.000501	1.273043	0.000501	1.000932	-0.713035	
407	1.000980	-0.000517	1.112215	0.000517	1.000980	-0.674872	
408	1.001323	-0.000528	0.818258	0.000528	1.001323	-0.824455	
409	1.000996	-0.000281	0.763415	0.000281	1.000996	-0.515586	
410	1.000773	-0.000400	0.204251	0.000400	1.000773	-0.347437	
411	1.000334	-0.000588	-0.678796	0.000588	1.000334	0.011352	
412	1.000348	-0.000752	-1.358754	0.000752	1.000348	0.203001	
413	1.000593	-0.000409	-2.002266	0.000409	1.000593	0.316951	
414	0.999989	-0.000178	-2.239750	0.000178	0.999989	0.703878	
415	1.000144	0.000264	-2.605051	-0.000264	1.000144	0.803782	
416	0.999978	0.000304	-2.907377	-0.000304	0.999978	0.727423	
417	0.999609	0.000477	-3.337029	-0.000477	0.999609	0.581137	
418	0.999645	0.000069	-3.910830	-0.000069	0.999645	0.204948	
419	0.999523	-0.000171	-3.969085	0.000171	0.999523	0.018426	
420	0.999541	-0.000092	-3.684003	0.000092	0.999541	0.273731	
421	0.999241	0.000039	-3.389340	-0.000039	0.999241	0.643745	
422	0.999633	-0.000074	-3.763128	0.000074	0.999633	0.712217	
423	0.999613	0.000034	-3.980701	-0.000034	0.999613	0.792075	
424	0.999502	0.000012	-4.171402	-0.000012	0.999502	0.824643	
425	1.000036	0.000044	-4.517878	-0.000044	1.000036	0.708568	
426	0.999794	0.000076	-4.684721	-0.000076	0.999794	0.740714	
427	1.000708	0.000631	-5.745734	-0.000631	1.000708	0.880086	
428	1.000138	0.000770	-5.575258	-0.000770	1.000138	1.124195	
429	0.999453	0.000241	-4.860538	-0.000241	0.999453	0.954837	
430	0.999726	0.000651	-5.749975	-0.000651	0.999726	1.222621	
431	0.999272	0.000185	-4.948728	-0.000185	0.999272	1.101107	
432	0.999032	0.000356	-5.014495	-0.000356	0.999032	1.233269	
433	0.999284	0.000545	-5.539559	-0.000545	0.999284	1.326379	
434	0.999805	0.000577	-6.445561	-0.000577	0.999805	1.100021	
435	1.000231	0.001071	-6.261944	-0.001071	1.000231	1.074417	
436	0.997926	0.000805	-4.018756	-0.000805	0.997926	1.287726	
437	0.999126	0.000677	-4.628093	-0.000677	0.999126	0.955758	
438	0.998615	0.000758	-4.202964	-0.000758	0.998615	1.130342	
439	0.998571	0.000883	-4.033189	-0.000883	0.998571	1.181292	
440	0.996484	0.000796	-1.794391	-0.000796	0.996484	1.436143	
441	0.998589	0.001071	-3.261369	-0.001071	0.998589	1.342380	
442	0.998873	0.000391	-3.369583	-0.000391	0.998873	0.478215	
443	0.998911	0.000476	-3.197786	-0.000476	0.998911	0.318370	
444	0.998558	0.000914	-2.712185	-0.000914	0.998558	0.684845	
445	0.998711	0.000913	-2.767702	-0.000913	0.998711	0.857764	
446	0.998270	0.001146	-2.240431	-0.001146	0.998270	1.514474	
447	0.999057	0.000274	-2.670545	-0.000274	0.999057	0.931716	
448	0.999124	0.000623	-2.520327	-0.000623	0.999124	1.293431	
449	0.999216	0.000097	-2.898188	-0.000097	0.999216	0.924069	
450	0.998717	0.000301	-2.790607	-0.000301	0.998717	0.958759	
451	0.998730	0.000362	-3.044335	-0.000362	0.998730	0.811531	
452	0.997914	0.000902	-2.440953	-0.000902	0.997914	0.980186	
453	0.998387	0.000178	-3.148242	-0.000178	0.998387	0.061376	
454	0.997380	0.000499	-2.464313	-0.000499	0.997380	0.816133	
455	0.998246	0.000098	-3.652367	-0.000098	0.998246	0.993680	
456	0.999267	0.000396	-5.512750	-0.000396	0.999267	1.192498	
457	0.997912	-0.000075	-4.301635	0.000075	0.997912	1.153931	
458	0.996149	0.000250	-3.715366	-0.000250	0.996149	1.731543	
459	0.998960	0.000633	-7.219550	-0.000633	0.998960	1.498858	
460	0.998642	0.000871	-7.308898	-0.000871	0.998642	1.894115	
461	0.998622	0.000888	-7.534825	-0.000888	0.998622	2.044891	
462	0.998777	0.000956	-7.786998	-0.000956	0.998777	2.091781	
463	0.998383	0.001361	-7.482942	-0.001361	0.998383	2.670900	
464	0.999111	0.001052	-7.987224	-0.001052	0.999111	2.465954	
465	0.999105	0.001184	-7.588756	-0.001184	0.999105	2.403393	
466	0.999231	0.001039	-6.880246	-0.001039	0.999231	2.100909	
467	0.997796	0.000459	-4.335835	-0.000459	0.997796	1.598094	
468	0.997813	0.000412	-3.390238	-0.000412	0.997813	1.210601	
469	0.998365	0.000444	-2.992101	-0.000444	0.998365	0.884370	
470	0.998552	0.000237	-2.153520	-0.000237	0.998552	0.282378	
471	0.998925	0.000204	-1.796527	-0.000204	0.998925	-0.033481	
472	0.998865	0.000530	-1.076934	-0.000530	0.998865	0.075291	
473	0.999361	0.000251	-0.816508	-0.000251	0.999361	0.014794	
474	0.999327	0.000353	-0.402299	-0.000353	0.999327	0.361235	
475	0.999474	0.000269	-0.040590	-0.000269	0.999474	0.435137	
476	0.999557	0.000092	0.439474	-0.000092	0.999557	0.183406	
477	0.999677	0.000151	0.819885	-0.000151	0.999677	-0.014188	
478	0.999923	0.000087	0.822792	-0.000087	0.999923	-0.317243	
479	1.000175	0.000204	0.785647	-0.000204	1.000175	-0.628571	
480	1.000107	0.000025	0.755522	-0.000025	1.000107	-0.743727	
481	1.000060	-0.000104	0.857075	0.000104	1.000060	-0.427611	
482	1.000486	0.000035	0.711653	-0.000035	1.000486	-0.142206	
483	1.000460	0.000043	0.919495	-0.000043	1.000460	0.175338	
484	1.000532	0.000195	1.044678	-0.000195	1.000532	0.266941	
485	1.000643	0.000099	1.204618	-0.000099	1.000643	0.012183	
486	1.000709	0.000106	1.747445	-0.000106	1.000709	-0.130593	
487	1.000769	0.000135	2.092411	-0.000135	1.000769	-0.373599	
488	1.000897	0.000194	2.436493	-0.000194	1.000897	-0.746202	
489	1.000995	0.000023	2.700597	-0.000023	1.000995	-1.113769	
490	1.001330	0.000060	1.984404	-0.000060	1.001330	-0.824905	
491	1.001183	-0.000181	1.488319	0.000181	1.001183	-0.493285	
492	1.000896	-0.000131	1.432966	0.000131	1.000896	-0.177841	
493	1.000691	-0.000028	1.620810	0.000028	1.000691	0.194413	
494	1.000882	0.000213	1.649022	-0.000213	1.000882	0.296473	
495	1.001069	0.000049	1.378159	-0.000049	1.001069	-0.015744	
496	1.001263	0.000442	1.273199	-0.000442	1.001263	-0.057536	
497	1.000958	0.000351	1.367518	-0.000351	1.000958	-0.608825	
498	1.001293	0.000316	1.054443	-0.000316	1.001293	-0.931980	
499	1.001198	0.000261	1.245891	-0.000261	1.001198	-0.856337	
500	1.001170	0.000086	1.362872	-0.000086	1.001170	-0.540913	
501	1.000697	-0.000285	1.637926	0.000285	1.000697	-0.240612	
502	1.001229	-0.000067	1.288400	0.000067	1.001229	0.096975	
503	1.000693	-0.000120	1.644220	0.000120	1.000693	-0.077958	
504	1.000940	-0.000078	1.300878	0.000078	1.000940	-0.104042	
505	1.000800	-0.000023	1.553736	0.000023	1.000800	-0.340824	
506	1.000879	0.000001	1.469484	-0.000001	1.000879	-0.525903	
507	1.000520	-0.000282	1.948855	0.000282	1.000520	-1.110751	
