0	1.000000	0.000000	0.000000	0.000000	1.000000	0.000000	
1	0.999949	-0.000005	0.020135	0.000005	0.999949	0.074627	
2	0.999927	-0.000040	0.047789	0.000040	0.999927	0.055106	
3	0.999935	-0.000015	0.033259	0.000015	0.999935	0.012970	
4	0.999927	-0.000032	0.036839	0.000032	0.999927	0.013339	
5	0.999926	-0.000031	0.038260	0.000031	0.999926	0.014748	
6	0.999914	-0.000024	0.036485	0.000024	0.999914	0.041044	
7	0.999902	-0.000025	0.042676	0.000025	0.999902	0.043983	
8	0.999891	-0.000026	0.048659	0.000026	0.999891	0.033899	
9	0.999904	-0.000008	0.052823	0.000008	0.999904	0.035038	
10	0.999912	-0.000020	0.050380	0.000020	0.999912	0.028559	
11	0.999918	-0.000013	0.049669	0.000013	0.999918	0.026668	
12	0.999934	-0.000020	0.039091	0.000020	0.999934	0.013933	
13	0.999953	-0.000011	0.049207	0.000011	0.999953	0.012940	
14	0.999950	-0.000014	0.054575	0.000014	0.999950	0.013342	
15	0.999944	-0.000006	0.014750	0.000006	0.999944	0.011784	
16	0.999948	0.000001	0.013571	-0.000001	0.999948	0.012170	
17	0.999964	0.000018	-0.007258	-0.000018	0.999964	0.013552	
18	0.999966	0.000018	-0.006287	-0.000018	0.999966	0.015211	
19	0.999974	0.000018	-0.012339	-0.000018	0.999974	0.012725	
20	0.999985	0.000006	0.005435	-0.000006	0.999985	0.004289	
21	0.999984	0.000003	0.013455	-0.000003	0.999984	0.006746	
22	0.999985	0.000004	0.009484	-0.000004	0.999985	0.004382	
23	0.999982	-0.000003	0.001609	0.000003	0.999982	-0.012273	
24	0.999984	-0.000004	0.002733	0.000004	0.999984	-0.013047	
25	0.999979	-0.000002	0.001940	0.000002	0.999979	-0.026180	
26	0.999982	-0.000007	0.004518	0.000007	0.999982	-0.026623	
27	0.999972	-0.000034	0.026670	0.000034	0.999972	0.000706	
28	0.999969	-0.000031	0.025317	0.000031	0.999969	0.005033	
29	0.999964	-0.000024	0.027666	0.000024	0.999964	0.009993	
30	0.999970	-0.000007	0.010159	0.000007	0.999970	0.010135	
31	0.999970	-0.000005	0.009769	0.000005	0.999970	0.010710	
32	0.999971	0.000010	0.005042	-0.000010	0.999971	0.013321	
33	0.999971	0.000010	0.005728	-0.000010	0.999971	0.014380	
34	0.999978	0.000019	0.004409	-0.000019	0.999978	0.004393	
35	0.999974	0.000014	0.006227	-0.000014	0.999974	0.002409	
36	0.999990	0.000021	0.003512	-0.000021	0.999990	-0.029252	
37	0.999990	0.000031	0.003831	-0.000031	0.999990	-0.020254	
38	0.999986	0.000033	-0.002743	-0.000033	0.999986	0.014654	
39	0.999986	0.000027	-0.000442	-0.000027	0.999986	0.011077	
40	1.000002	0.000028	-0.011628	-0.000028	1.000002	0.017291	
41	1.000012	0.000035	-0.018043	-0.000035	1.000012	0.022964	
42	1.000011	0.000040	-0.016347	-0.000040	1.000011	0.042037	
43	1.000010	0.000030	-0.012040	-0.000030	1.000010	0.041536	
44	1.000009	0.000023	-0.008175	-0.000023	1.000009	0.037163	
45	1.000000	0.000010	0.001265	-0.000010	1.000000	-0.008569	
46	0.999994	0.000004	0.006978	-0.000004	0.999994	-0.014670	
47	0.999996	0.000013	0.000836	-0.000013	0.999996	-0.058473	
48	0.999995	0.000013	-0.001488	-0.000013	0.999995	-0.053775	
49	1.000001	-0.000005	-0.004972	0.000005	1.000001	-0.000951	
50	0.999998	-0.000013	-0.003111	0.000013	0.999998	-0.002588	
51	0.999996	-0.000017	-0.000490	0.000017	0.999996	-0.001966	
52	1.000000	-0.000025	0.000090	0.000025	1.000000	-0.007352	
53	0.999994	-0.000027	0.002564	0.000027	0.999994	-0.016221	
54	0.999987	-0.000021	0.004444	0.000021	0.999987	-0.015657	
55	0.999986	-0.000018	0.006143	0.000018	0.999986	-0.015568	
56	0.999986	-0.000019	0.005516	0.000019	0.999986	-0.014245	
57	0.999974	-0.000007	0.015680	0.000007	0.999974	0.045715	
58	0.999995	-0.000033	0.028334	0.000033	0.999995	0.132636	
59	0.999992	-0.000030	0.031858	0.000030	0.999992	0.137125	
60	0.999989	-0.000032	0.006911	0.000032	0.999989	0.013087	
61	0.999983	-0.000013	0.004197	0.000013	0.999983	-0.003806	
62	0.999985	-0.000015	0.006456	0.000015	0.999985	-0.009752	
63	0.999982	-0.000007	0.008708	0.000007	0.999982	-0.017869	
64	0.999980	-0.000003	0.006701	0.000003	0.999980	-0.014236	
65	0.999980	-0.000011	0.007414	0.000011	0.999980	-0.003865	
66	0.999976	-0.000010	0.011934	0.000010	0.999976	0.012582	
67	0.999989	-0.000015	0.006039	0.000015	0.999989	0.007584	
68	0.999986	-0.000005	0.003468	0.000005	0.999986	0.023104	
69	0.999993	0.000004	-0.001414	-0.000004	0.999993	0.009013	
70	0.999992	0.000012	-0.004772	-0.000012	0.999992	0.010256	
71	0.999993	0.000025	-0.011255	-0.000025	0.999993	-0.001613	
72	0.999993	0.000028	-0.010490	-0.000028	0.999993	0.002138	
73	0.999991	0.000017	0.005079	-0.000017	0.999991	0.024358	
74	0.999992	-0.000010	0.013270	0.000010	0.999992	0.079576	
75	0.999998	0.000003	0.009889	-0.000003	0.999998	0.054903	
76	0.999989	0.000013	0.018535	-0.000013	0.999989	0.062537	
77	0.999981	0.000011	0.022510	-0.000011	0.999981	0.052589	
78	0.999986	0.000021	0.015239	-0.000021	0.999986	0.002151	
79	0.999994	0.000048	0.000239	-0.000048	0.999994	-0.010169	
80	0.999995	0.000066	-0.003629	-0.000066	0.999995	-0.030783	
81	1.000005	0.000016	0.010868	-0.000016	1.000005	0.010809	
82	1.000007	0.000016	0.013455	-0.000016	1.000007	0.009578	
83	1.000023	0.000016	0.006669	-0.000016	1.000023	0.003704	
84	1.000036	0.000027	0.027676	-0.000027	1.000036	0.034539	
85	1.000043	0.000023	0.054368	-0.000023	1.000043	0.033537	
86	1.000027	0.000040	0.037035	-0.000040	1.000027	0.042419	
87	1.000050	0.000018	0.150903	-0.000018	1.000050	0.003318	
88	1.000026	0.000027	0.161260	-0.000027	1.000026	-0.026036	
89	1.000007	0.000059	0.168374	-0.000059	1.000007	-0.191529	
90	1.000008	0.000049	0.193148	-0.000049	1.000008	-0.246602	
91	0.999989	0.000023	0.171462	-0.000023	0.999989	-0.186580	
92	0.999988	-0.000006	0.152219	0.000006	0.999988	0.016997	
93	0.999986	0.000003	0.162542	-0.000003	0.999986	0.062670	
94	1.000002	-0.000012	0.197881	0.000012	1.000002	0.114320	
95	0.999992	0.000040	0.218351	-0.000040	0.999992	0.096118	
96	0.999973	0.000008	0.164604	-0.000008	0.999973	0.001251	
97	0.999961	0.000051	0.065203	-0.000051	0.999961	-0.193902	
98	0.999955	0.000051	0.073051	-0.000051	0.999955	-0.212996	
99	0.999946	0.000051	0.082714	-0.000051	0.999946	-0.190082	
100	0.999974	0.000058	-0.003916	-0.000058	0.999974	-0.147234	
101	0.999878	0.000058	-0.111223	-0.000058	0.999878	-0.126641	
102	0.999928	0.000030	-0.201480	-0.000030	0.999928	-0.197222	
103	0.999881	0.000089	-0.262106	-0.000089	0.999881	-0.135444	
104	0.999840	0.000092	-0.539313	-0.000092	0.999840	-0.027522	
105	0.999745	0.000152	-0.746343	-0.000152	0.999745	-0.048078	
106	0.999742	0.000232	-1.098583	-0.000232	0.999742	-0.153868	
107	0.999578	0.000214	-1.506836	-0.000214	0.999578	-0.335669	
108	0.999521	0.000302	-1.948803	-0.000302	0.999521	-0.554077	
109	0.999513	0.000347	-2.267862	-0.000347	0.999513	-0.756526	
110	0.999341	0.000345	-2.408581	-0.000345	0.999341	-0.780318	
111	0.999316	0.000379	-2.605482	-0.000379	0.999316	-0.802468	
112	0.999325	0.000383	-2.611178	-0.000383	0.999325	-0.837641	
113	0.999343	0.000422	-2.707366	-0.000422	0.999343	-0.933657	
114	0.999354	0.000511	-2.730128	-0.000511	0.999354	-1.006139	
115	0.999429	0.000403	-2.864114	-0.000403	0.999429	-1.082171	
116	0.999474	0.000430	-3.056868	-0.000430	0.999474	-1.110757	
117	0.999342	0.000414	-3.115219	-0.000414	0.999342	-0.985822	
118	0.999258	0.000328	-3.111674	-0.000328	0.999258	-0.843287	
119	0.999400	0.000375	-3.371960	-0.000375	0.999400	-0.594813	
120	0.999449	0.000407	-3.582542	-0.000407	0.999449	-0.038974	
121	0.999151	0.000405	-3.667074	-0.000405	0.999151	0.526049	
122	0.999210	0.000295	-3.909787	-0.000295	0.999210	0.846771	
123	0.999273	0.000288	-4.297593	-0.000288	0.999273	0.887702	
124	0.999384	0.000587	-5.001187	-0.000587	0.999384	1.154647	
125	0.998916	0.000244	-4.693438	-0.000244	0.998916	1.036685	
126	0.998249	0.000418	-4.435135	-0.000418	0.998249	0.962184	
127	0.999957	0.001098	-6.496372	-0.001098	0.999957	0.894520	
128	0.999637	0.001026	-6.657719	-0.001026	0.999637	0.953698	
129	0.999989	0.001085	-7.507127	-0.001085	0.999989	0.939502	
130	0.999898	0.001091	-7.879631	-0.001091	0.999898	1.058520	
131	0.999835	0.001135	-8.398102	-0.001135	0.999835	1.257878	
132	0.999466	0.001090	-8.668566	-0.001090	0.999466	1.637617	
133	0.999582	0.001231	-9.314713	-0.001231	0.999582	1.659164	
134	0.999440	0.001446	-9.690907	-0.001446	0.999440	1.887536	
135	0.999437	0.001430	-10.118313	-0.001430	0.999437	1.936315	
136	0.999212	0.001411	-10.408271	-0.001411	0.999212	1.849106	
137	0.999323	0.001475	-11.154615	-0.001475	0.999323	1.781695	
138	0.999054	0.001515	-11.579158	-0.001515	0.999054	1.746526	
139	0.999302	0.001685	-12.562270	-0.001685	0.999302	1.682221	
140	0.999208	0.001890	-13.089839	-0.001890	0.999208	1.704132	
141	0.999175	0.001992	-13.771832	-0.001992	0.999175	1.783081	
142	0.999264	0.001933	-14.610986	-0.001933	0.999264	1.679895	
143	0.999224	0.002095	-15.534305	-0.002095	0.999224	1.954656	
144	0.999553	0.001891	-16.773034	-0.001891	0.999553	1.797253	
145	0.999533	0.001985	-17.530430	-0.001985	0.999533	1.912912	
146	0.999845	0.001954	-18.467273	-0.001954	0.999845	1.895218	
147	0.999960	0.002404	-19.059740	-0.002404	0.999960	2.134025	
148	0.999818	0.002339	-19.020709	-0.002339	0.999818	2.173299	
149	1.000106	0.002375	-19.193618	-0.002375	1.000106	2.175003	
150	1.000146	0.002387	-18.908973	-0.002387	1.000146	2.222647	
151	0.999829	0.002217	-17.843721	-0.002217	0.999829	2.199967	
152	0.999883	0.002232	-16.839229	-0.002232	0.999883	2.102965	
153	0.999806	0.001995	-15.291985	-0.001995	0.999806	1.868546	
154	0.999542	0.002146	-13.608444	-0.002146	0.999542	1.907659	
155	0.999619	0.001802	-11.871384	-0.001802	0.999619	1.430435	
156	0.999498	0.001499	-9.790963	-0.001499	0.999498	1.169365	
157	0.999358	0.001176	-7.796780	-0.001176	0.999358	0.870521	
158	0.999617	0.001051	-6.284535	-0.001051	0.999617	0.700815	
159	0.999060	0.000452	-3.996508	-0.000452	0.999060	0.492708	
160	0.999356	0.000354	-2.962995	-0.000354	0.999356	0.437103	
161	0.999639	0.000297	-2.239683	-0.000297	0.999639	0.366995	
162	0.999646	0.000244	-1.253962	-0.000244	0.999646	0.353073	
163	0.999910	0.000319	-0.672326	-0.000319	0.999910	0.356142	
164	1.000018	0.000173	0.118681	-0.000173	1.000018	0.215328	
165	1.000069	0.000105	0.630884	-0.000105	1.000069	0.146845	
166	1.000249	0.000024	1.051389	-0.000024	1.000249	0.009520	
167	1.000268	0.000018	1.449958	-0.000018	1.000268	-0.011485	
168	1.000411	-0.000064	2.007063	0.000064	1.000411	-0.106592	
169	1.000487	-0.000200	2.515772	0.000200	1.000487	-0.254769	
170	1.000600	-0.000214	2.963238	0.000214	1.000600	-0.294106	
171	1.000647	-0.000185	3.365742	0.000185	1.000647	-0.225026	
172	1.000760	-0.000237	3.804626	0.000237	1.000760	-0.253159	
173	1.000692	-0.000240	4.086022	0.000240	1.000692	-0.225394	
174	1.000781	-0.000184	4.182345	0.000184	1.000781	-0.186886	
175	1.000758	-0.000258	4.442114	0.000258	1.000758	-0.347771	
176	1.000821	-0.000304	4.549900	0.000304	1.000821	-0.453878	
177	1.000755	-0.000398	4.567010	0.000398	1.000755	-0.542212	
178	1.000777	-0.000431	4.465576	0.000431	1.000777	-0.537594	
179	1.000689	-0.000397	4.399741	0.000397	1.000689	-0.450016	
180	1.000537	-0.000412	4.440662	0.000412	1.000537	-0.318374	
181	1.000401	-0.000540	4.358084	0.000540	1.000401	-0.321979	
182	1.000304	-0.000578	4.238052	0.000578	1.000304	-0.295181	
183	1.000370	-0.000536	4.029404	0.000536	1.000370	-0.321400	
184	1.000468	-0.000528	3.907040	0.000528	1.000468	-0.462265	
185	1.000586	-0.000583	3.739317	0.000583	1.000586	-0.555617	
186	1.000511	-0.000669	3.690799	0.000669	1.000511	-0.559394	
187	1.000394	-0.000715	3.688724	0.000715	1.000394	-0.488556	
188	1.000096	-0.000915	3.736875	0.000915	1.000096	-0.504723	
189	1.000105	-0.000881	3.647298	0.000881	1.000105	-0.528307	
190	1.000141	-0.000678	3.543235	0.000678	1.000141	-0.434029	
191	1.000079	-0.000856	3.648998	0.000856	1.000079	-0.515555	
192	0.999906	-0.000725	3.735082	0.000725	0.999906	-0.487681	
193	1.000044	-0.000696	3.685150	0.000696	1.000044	-0.662403	
194	1.000008	-0.000670	3.682297	0.000670	1.000008	-0.640216	
195	1.000123	-0.000517	3.501297	0.000517	1.000123	-0.483432	
196	0.999758	-0.000646	3.548113	0.000646	0.999758	-0.378801	
197	1.000056	-0.000587	3.473378	0.000587	1.000056	-0.341385	
198	1.000104	-0.000435	3.433501	0.000435	1.000104	-0.192856	
199	1.000259	-0.000282	3.478827	0.000282	1.000259	-0.133880	
200	1.000181	-0.000370	3.708293	0.000370	1.000181	-0.185653	
201	1.000218	-0.000427	3.821103	0.000427	1.000218	-0.252562	
202	1.000279	-0.000472	3.953652	0.000472	1.000279	-0.336132	
203	1.000307	-0.000616	4.128718	0.000616	1.000307	-0.379012	
204	1.000417	-0.000675	4.220396	0.000675	1.000417	-0.421991	
205	1.000526	-0.000416	4.316195	0.000416	1.000526	-0.289307	
206	1.000611	-0.000499	4.468334	0.000499	1.000611	-0.269243	
207	1.000596	-0.000519	4.649945	0.000519	1.000596	-0.357144	
208	1.000658	-0.000596	4.681567	0.000596	1.000658	-0.580476	
209	1.000151	-0.000977	5.365628	0.000977	1.000151	-0.754163	
210	1.000889	-0.000685	4.861541	0.000685	1.000889	-0.777549	
211	0.999969	-0.001274	6.138764	0.001274	0.999969	-0.922953	
212	1.000174	-0.001430	6.142580	0.001430	1.000174	-1.059209	
213	1.000917	-0.000739	5.372230	0.000739	1.000917	-0.820700	
214	1.000199	-0.001474	6.428158	0.001474	1.000199	-1.017211	
215	0.999979	-0.001443	6.736963	0.001443	0.999979	-0.952621	
216	1.000060	-0.001564	6.754858	0.001564	1.000060	-1.031382	
217	1.000041	-0.001741	6.620192	0.001741	1.000041	-1.129199	
218	1.000123	-0.001914	6.319422	0.001914	1.000123	-1.351644	
219	1.000503	-0.001063	5.361144	0.001063	1.000503	-0.930912	
220	1.000635	-0.000947	5.313400	0.000947	1.000635	-0.906492	
221	0.999948	-0.001616	6.528920	0.001616	0.999948	-1.152708	
222	0.999684	-0.001502	6.844807	0.001502	0.999684	-0.962326	
223	0.999954	-0.001464	6.605731	0.001464	0.999954	-1.032128	
224	1.000015	-0.001401	6.458921	0.001401	1.000015	-1.047271	
225	1.000067	-0.001352	6.458251	0.001352	1.000067	-0.967915	
226	0.999931	-0.001333	6.523355	0.001333	0.999931	-0.911186	
227	1.000049	-0.001305	6.302787	0.001305	1.000049	-0.901364	
228	0.999975	-0.001252	6.315468	0.001252	0.999975	-0.864114	
229	1.000759	-0.000541	5.006950	0.000541	1.000759	-0.644740	
230	1.000920	-0.000640	4.727596	0.000640	1.000920	-0.733537	
231	1.000687	-0.000518	4.470783	0.000518	1.000687	-0.588243	
232	0.999804	-0.001176	5.146450	0.001176	0.999804	-0.838699	
233	1.000279	-0.000594	3.753258	0.000594	1.000279	-0.602168	
234	1.000336	-0.000512	2.951212	0.000512	1.000336	-0.600042	
235	1.000081	-0.000445	2.403942	0.000445	1.000081	-0.483474	
236	1.000001	-0.000308	1.600144	0.000308	1.000001	-0.399978	
237	0.999934	-0.000298	0.851577	0.000298	0.999934	-0.344972	
238	0.999771	-0.000261	0.050897	0.000261	0.999771	-0.286054	
239	0.999650	-0.000344	-0.678655	0.000344	0.999650	-0.276479	
240	0.999523	-0.000344	-1.016067	0.000344	0.999523	-0.204022	
241	0.999465	-0.000221	-1.394047	0.000221	0.999465	-0.111555	
242	0.999384	-0.000002	-1.887325	0.000002	0.999384	0.123999	
243	0.999242	0.000012	-2.194321	-0.000012	0.999242	0.168730	
244	0.999242	0.000100	-2.501942	-0.000100	0.999242	0.255078	
245	0.999068	0.000154	-2.809560	-0.000154	0.999068	0.367192	
246	0.999106	0.000259	-3.245835	-0.000259	0.999106	0.447736	
247	0.999010	0.000203	-3.633296	-0.000203	0.999010	0.459709	
248	0.998888	0.000192	-3.861012	-0.000192	0.998888	0.467290	
249	0.998885	0.000281	-4.133737	-0.000281	0.998885	0.559798	
