0	1.000000	0.000000	0.000000	0.000000	1.000000	0.000000	
1	1.000510	0.000111	3.723931	-0.000111	1.000510	-0.155446	
2	1.000482	0.000121	3.555206	-0.000121	1.000482	-0.514833	
3	1.000436	-0.000044	3.289803	0.000044	1.000436	-0.214043	
4	1.000365	-0.000152	3.181116	0.000152	1.000365	0.032038	
5	1.000397	0.000003	2.900231	-0.000003	1.000397	-0.143874	
6	1.000418	0.000160	2.587203	-0.000160	1.000418	-0.536103	
7	1.000449	0.000217	2.399584	-0.000217	1.000449	-0.557033	
8	1.000381	0.000025	2.406569	-0.000025	1.000381	-0.332704	
9	1.000429	0.000139	2.362110	-0.000139	1.000429	-0.042568	
10	1.000375	-0.000002	2.315016	0.000002	1.000375	-0.065441	
11	1.000384	-0.000104	2.310356	0.000104	1.000384	-0.359112	
12	1.000417	0.000246	2.282635	-0.000246	1.000417	-0.751185	
13	1.000402	0.000057	2.264032	-0.000057	1.000402	-0.495333	
14	1.000305	-0.000084	2.516305	0.000084	1.000305	-0.139415	
15	1.000495	0.000022	2.427488	-0.000022	1.000495	-0.077901	
16	1.000401	0.000336	2.247540	-0.000336	1.000401	-0.296013	
17	1.000326	0.000084	2.098591	-0.000084	1.000326	-0.665526	
18	1.000347	0.000041	2.173534	-0.000041	1.000347	-0.588219	
19	1.000437	0.000145	2.157344	-0.000145	1.000437	-0.554846	
20	1.000394	-0.000054	2.036353	0.000054	1.000394	-0.206285	
21	1.000280	-0.000121	2.057128	0.000121	1.000280	-0.073280	
22	1.000393	0.000048	2.084382	-0.000048	1.000393	-0.563190	
23	1.000359	0.000287	1.815186	-0.000287	1.000359	-0.705815	
24	1.000340	0.000090	1.731859	-0.000090	1.000340	-0.641829	
25	1.000385	0.000006	1.668515	-0.000006	1.000385	-0.375052	
26	1.000333	0.000123	1.375265	-0.000123	1.000333	-0.251872	
27	1.000184	0.000142	1.016074	-0.000142	1.000184	-0.512623	
28	1.000034	0.000055	0.844083	-0.000055	1.000034	-0.725670	
29	1.000099	0.000147	0.977012	-0.000147	1.000099	-0.573740	
30	1.000034	0.000064	0.594833	-0.000064	1.000034	-0.561675	
31	0.999969	0.000042	0.158038	-0.000042	0.999969	-0.637800	
32	0.999621	-0.000042	0.000690	0.000042	0.999621	-0.458848	
33	1.000024	-0.000089	-0.267572	0.000089	1.000024	-0.809383	
34	0.999971	-0.000169	-0.237206	0.000169	0.999971	-0.663802	
35	0.999885	-0.000197	-0.479042	0.000197	0.999885	-0.632611	
36	0.999615	-0.000155	-0.815427	0.000155	0.999615	-0.612012	
37	0.999655	-0.000032	-1.192514	0.000032	0.999655	-0.653388	
38	0.999626	0.000041	-2.078354	-0.000041	0.999626	-0.871313	
39	0.999441	-0.000055	-2.481884	0.000055	0.999441	-0.920069	
40	0.999178	-0.000023	-3.275325	0.000023	0.999178	-0.775087	
41	0.999094	-0.000019	-3.678441	0.000019	0.999094	-0.824206	
42	0.998659	0.000174	-3.635652	-0.000174	0.998659	-0.824782	
43	0.998899	-0.000064	-4.133825	0.000064	0.998899	-0.866575	
44	0.998475	-0.000021	-4.124838	0.000021	0.998475	-0.797540	
45	0.998021	-0.000031	-3.805503	0.000031	0.998021	-0.799860	
46	0.997298	-0.000028	-3.803018	0.000028	0.997298	-0.762414	
47	0.996468	-0.000087	-3.892923	0.000087	0.996468	-0.746518	
48	0.996233	-0.000230	-4.200447	0.000230	0.996233	-0.526589	
49	0.997478	-0.000261	-5.958211	0.000261	0.997478	-0.677957	
50	0.996634	-0.000290	-6.002195	0.000290	0.996634	-0.696739	
51	0.996191	-0.000177	-6.291276	0.000177	0.996191	-0.751694	
52	0.995503	-0.000196	-6.262459	0.000196	0.995503	-0.951290	
53	0.995206	-0.000357	-6.615497	0.000357	0.995206	-0.869732	
54	0.994489	-0.000226	-6.289637	0.000226	0.994489	-0.386829	
55	0.993730	-0.000354	-6.032652	0.000354	0.993730	0.014873	
56	0.992937	-0.000388	-5.682958	0.000388	0.992937	0.160464	
57	0.992989	-0.000160	-5.706825	0.000160	0.992989	0.340531	
58	0.993429	-0.000154	-6.224250	0.000154	0.993429	0.413896	
59	0.993478	-0.000028	-6.328441	0.000028	0.993478	0.454645	
60	0.992503	-0.000189	-5.431502	0.000189	0.992503	0.536237	
61	0.993161	-0.000120	-5.922017	0.000120	0.993161	0.746520	
62	0.993494	-0.000206	-6.083073	0.000206	0.993494	0.787299	
63	0.993956	0.000130	-6.314839	-0.000130	0.993956	0.874293	
64	0.994150	-0.000094	-6.794357	0.000094	0.994150	0.757548	
65	0.994708	0.000031	-7.213029	-0.000031	0.994708	0.783099	
66	0.995553	0.000102	-8.081877	-0.000102	0.995553	0.613486	
67	0.997278	0.000750	-9.193540	-0.000750	0.997278	0.467692	
68	0.996657	0.000139	-9.322634	-0.000139	0.996657	0.337852	
69	0.997390	0.000222	-9.888665	-0.000222	0.997390	0.441872	
70	0.997351	0.000114	-9.768356	-0.000114	0.997351	0.388830	
71	0.997764	0.000142	-9.990661	-0.000142	0.997764	0.326907	
72	0.998539	0.000120	-10.033150	-0.000120	0.998539	0.160598	
73	0.998472	0.000304	-9.543957	-0.000304	0.998472	0.287145	
74	0.998909	0.000383	-9.267711	-0.000383	0.998909	0.122945	
75	0.999250	0.000468	-8.697221	-0.000468	0.999250	0.106098	
76	0.999560	0.000313	-8.330256	-0.000313	0.999560	-0.090079	
77	0.999882	0.000139	-8.060270	-0.000139	0.999882	-0.227792	
78	0.999911	0.000096	-7.704235	-0.000096	0.999911	-0.312415	
79	0.999515	-0.000045	-7.039825	0.000045	0.999515	-0.316136	
80	1.000007	0.000048	-7.572344	-0.000048	1.000007	-0.343080	
81	0.999831	0.000305	-7.334678	-0.000305	0.999831	-0.365990	
82	0.998136	0.000150	-5.154027	-0.000150	0.998136	-0.180869	
83	0.998157	0.000088	-4.662252	-0.000088	0.998157	-0.193447	
84	0.999782	0.000258	-5.840857	-0.000258	0.999782	-0.180051	
85	0.998673	0.000182	-4.026364	-0.000182	0.998673	0.047879	
86	0.998816	-0.000141	-3.618532	0.000141	0.998816	-0.018066	
87	0.998776	-0.000098	-3.051382	0.000098	0.998776	0.092195	
88	0.999044	0.000067	-2.557480	-0.000067	0.999044	0.094949	
89	0.999055	0.000151	-2.080633	-0.000151	0.999055	0.143203	
90	0.999197	0.000123	-1.549298	-0.000123	0.999197	0.022310	
91	0.999437	0.000236	-0.993856	-0.000236	0.999437	0.168223	
92	0.999543	0.000096	-0.851476	-0.000096	0.999543	0.327704	
93	0.999568	0.000003	-0.878165	-0.000003	0.999568	0.325096	
94	0.999542	-0.000084	-0.669576	0.000084	0.999542	0.378759	
95	0.999478	0.000077	-0.632895	-0.000077	0.999478	0.357698	
96	0.999286	0.000100	-0.564949	-0.000100	0.999286	0.270277	
97	0.999217	0.000184	-0.388186	-0.000184	0.999217	0.312342	
98	0.999271	0.000167	-0.200075	-0.000167	0.999271	0.472219	
99	0.999303	0.000210	0.386346	-0.000210	0.999303	0.540332	
100	0.999684	0.000049	0.921863	-0.000049	0.999684	0.532889	
101	1.000150	0.000125	1.021711	-0.000125	1.000150	0.676016	
102	1.000012	0.000124	1.416371	-0.000124	1.000012	0.637191	
103	1.000251	0.000186	2.114797	-0.000186	1.000251	0.347726	
104	1.000541	0.000062	2.810905	-0.000062	1.000541	0.198604	
105	1.000764	0.000088	3.238037	-0.000088	1.000764	0.204809	
106	1.001005	0.000106	3.434832	-0.000106	1.001005	0.137384	
107	1.001085	0.000153	3.669181	-0.000153	1.001085	0.259943	
108	1.001258	0.000259	3.711581	-0.000259	1.001258	0.332015	
109	1.001356	0.000405	4.030168	-0.000405	1.001356	0.387019	
110	1.001593	0.000008	4.259552	-0.000008	1.001593	0.167969	
111	1.000062	-0.000270	5.925947	0.000270	1.000062	0.176480	
112	0.999942	-0.000375	6.322659	0.000375	0.999942	0.015987	
113	0.999862	-0.000376	6.376995	0.000376	0.999862	-0.084975	
114	1.000243	-0.000255	6.075718	0.000255	1.000243	-0.072870	
115	0.999819	-0.000298	6.977599	0.000298	0.999819	0.092577	
116	0.999822	-0.000244	7.525855	0.000244	0.999822	0.222383	
117	0.999744	-0.000319	8.112716	0.000319	0.999744	0.106819	
118	0.999742	-0.000273	8.406797	0.000273	0.999742	0.141430	
119	0.999491	-0.000597	8.544174	0.000597	0.999491	-0.010763	
120	0.999890	-0.000536	8.756550	0.000536	0.999890	0.118859	
121	0.999832	-0.000516	9.047218	0.000516	0.999832	0.025229	
122	0.999782	-0.000452	9.298896	0.000452	0.999782	-0.158517	
123	0.999713	-0.000414	9.535900	0.000414	0.999713	-0.137423	
124	0.999719	-0.000318	9.544483	0.000318	0.999719	-0.103062	
125	0.999683	-0.000414	9.530487	0.000414	0.999683	-0.041611	
126	0.999582	-0.000753	9.123448	0.000753	0.999582	-0.202850	
127	0.999642	-0.000748	8.982951	0.000748	0.999642	-0.235422	
128	0.999745	-0.000621	8.805750	0.000621	0.999745	-0.310405	
129	0.999964	-0.000436	8.584761	0.000436	0.999964	-0.208319	
130	0.999695	-0.000442	8.551082	0.000442	0.999695	-0.172434	
131	0.999572	-0.000259	8.613916	0.000259	0.999572	-0.150277	
132	0.999567	-0.000237	8.634144	0.000237	0.999567	-0.071211	
133	0.999586	-0.000394	8.601736	0.000394	0.999586	-0.172336	
134	0.999469	-0.000520	8.537844	0.000520	0.999469	-0.157467	
135	0.999573	-0.000494	8.465244	0.000494	0.999573	-0.112612	
136	0.999622	-0.000403	8.392705	0.000403	0.999622	-0.110307	
137	0.999564	-0.000468	8.429071	0.000468	0.999564	-0.164450	
138	0.999443	-0.000324	8.434666	0.000324	0.999443	-0.168457	
139	1.003456	0.000090	4.578984	-0.000090	1.003456	-0.247829	
140	0.999409	-0.000363	8.597953	0.000363	0.999409	-0.038899	
141	0.999412	-0.000385	8.793812	0.000385	0.999412	-0.013539	
142	0.999264	-0.000469	8.783636	0.000469	0.999264	-0.095642	
143	0.999440	-0.000363	8.818558	0.000363	0.999440	-0.037323	
144	0.999196	-0.000516	9.016812	0.000516	0.999196	0.043811	
145	0.999145	-0.000515	9.075927	0.000515	0.999145	0.259920	
146	0.999088	-0.000474	9.211022	0.000474	0.999088	0.451479	
147	0.998950	-0.000476	9.431148	0.000476	0.998950	0.410197	
148	0.999296	-0.000361	9.345583	0.000361	0.999296	0.439631	
149	0.998830	-0.000397	9.575680	0.000397	0.998830	0.682038	
150	0.998913	-0.000478	9.587347	0.000478	0.998913	0.691680	
151	0.998880	-0.000580	9.393093	0.000580	0.998880	0.779610	
152	0.999098	-0.000423	9.036613	0.000423	0.999098	0.904546	
153	0.999008	-0.000595	9.003203	0.000595	0.999008	0.692513	
154	1.001208	-0.000375	6.253425	0.000375	1.001208	0.276838	
155	0.999011	-0.000445	8.972577	0.000445	0.999011	0.713270	
156	0.998892	-0.000511	8.735370	0.000511	0.998892	0.772167	
157	0.999004	-0.000447	8.434379	0.000447	0.999004	0.828002	
158	0.998851	-0.000444	8.155123	0.000444	0.998851	0.809223	
159	0.999528	-0.000704	7.310101	0.000704	0.999528	0.474028	
160	0.998851	-0.000697	7.305233	0.000697	0.998851	0.400283	
161	0.998400	-0.000550	6.148250	0.000550	0.998400	0.692156	
162	0.999225	-0.000730	6.726059	0.000730	0.999225	0.722355	
163	0.999391	-0.000564	6.717628	0.000564	0.999391	0.643210	
164	0.999856	-0.000441	5.132808	0.000441	0.999856	0.526949	
165	1.000046	-0.000398	4.260452	0.000398	1.000046	0.730909	
166	1.000020	-0.000242	3.909396	0.000242	1.000020	0.985982	
167	0.999783	-0.000228	3.769726	0.000228	0.999783	1.057267	
168	0.999449	-0.000474	3.437284	0.000474	0.999449	0.767122	
169	0.999487	-0.000395	3.176115	0.000395	0.999487	0.907933	
170	0.998773	-0.000235	3.226589	0.000235	0.998773	1.213220	
171	0.999284	-0.000228	2.924824	0.000228	0.999284	1.077998	
172	0.999492	-0.000380	2.699947	0.000380	0.999492	1.064114	
173	0.999631	-0.000226	2.565339	0.000226	0.999631	1.140458	
174	0.999617	-0.000360	2.331805	0.000360	0.999617	1.090252	
175	0.999631	-0.000437	2.149622	0.000437	0.999631	1.080221	
176	0.999556	-0.000348	2.171221	0.000348	0.999556	1.127910	
177	0.999784	-0.000256	2.146333	0.000256	0.999784	1.157447	
178	0.999502	-0.000316	2.316582	0.000316	0.999502	1.029364	
179	0.999841	-0.000272	2.393693	0.000272	0.999841	0.976547	
180	0.999638	-0.000265	2.458687	0.000265	0.999638	1.035131	
181	0.999415	-0.000232	2.408163	0.000232	0.999415	1.048583	
182	0.999620	-0.000237	2.197401	0.000237	0.999620	0.984727	
183	0.999581	-0.000158	2.216483	0.000158	0.999581	0.964333	
184	1.000048	-0.000326	2.071740	0.000326	1.000048	0.891722	
185	0.999693	-0.000282	1.929022	0.000282	0.999693	0.853922	
186	0.999623	-0.000293	1.567747	0.000293	0.999623	0.702420	
187	0.999616	-0.000406	1.272891	0.000406	0.999616	0.559443	
188	0.999636	-0.000325	0.963155	0.000325	0.999636	0.595721	
189	0.999712	-0.000303	0.412214	0.000303	0.999712	0.542565	
190	0.999450	-0.000188	0.054011	0.000188	0.999450	0.599452	
191	0.999214	-0.000149	0.033472	0.000149	0.999214	0.596615	
192	0.999464	-0.000219	0.003892	0.000219	0.999464	0.362161	
193	0.999453	-0.000242	-0.040908	0.000242	0.999453	0.311790	
194	0.999443	-0.000254	-0.025347	0.000254	0.999443	0.040500	
195	0.999507	-0.000313	-0.035504	0.000313	0.999507	0.048119	
196	0.999424	-0.000152	-0.084809	0.000152	0.999424	0.001290	
197	0.999544	-0.000100	-0.215822	0.000100	0.999544	-0.007254	
198	0.999500	-0.000144	-0.301053	0.000144	0.999500	-0.027271	
199	0.999533	-0.000163	-0.318689	0.000163	0.999533	-0.024553	
200	0.999645	-0.000172	-0.305789	0.000172	0.999645	-0.016578	
201	0.999519	-0.000170	-0.132782	0.000170	0.999519	-0.053494	
202	0.999623	-0.000093	0.078574	0.000093	0.999623	-0.055435	
203	0.999594	-0.000162	0.111910	0.000162	0.999594	0.121375	
204	0.999548	-0.000238	0.203615	0.000238	0.999548	0.180885	
205	0.999585	-0.000110	0.161279	0.000110	0.999585	0.150865	
206	0.999536	-0.000067	0.169210	0.000067	0.999536	0.039856	
207	0.999589	-0.000107	0.118929	0.000107	0.999589	0.004355	
208	0.999546	-0.000063	0.119327	0.000063	0.999546	0.195403	
209	0.999558	-0.000039	0.137561	0.000039	0.999558	0.215367	
210	0.999490	-0.000143	0.120311	0.000143	0.999490	0.227482	
211	0.999626	-0.000212	0.043889	0.000212	0.999626	0.226926	
212	0.999569	-0.000076	0.043433	0.000076	0.999569	0.233891	
213	0.999742	-0.000037	0.011074	0.000037	0.999742	0.247404	
214	0.999743	-0.000154	-0.033306	0.000154	0.999743	0.206279	
215	0.999636	-0.000205	-0.018758	0.000205	0.999636	0.262268	
216	0.999586	-0.000166	-0.105838	0.000166	0.999586	0.308375	
217	0.999583	-0.000199	-0.168456	0.000199	0.999583	0.351019	
218	0.999637	-0.000176	-0.000486	0.000176	0.999637	0.415560	
219	0.999823	-0.000051	0.053373	0.000051	0.999823	0.456846	
220	0.999739	-0.000156	-0.062398	0.000156	0.999739	0.343895	
221	0.999678	-0.000198	-0.112469	0.000198	0.999678	0.281964	
222	0.999665	-0.000235	-0.305203	0.000235	0.999665	0.316672	
223	0.999620	-0.000124	-0.563206	0.000124	0.999620	0.390054	
224	0.999592	-0.000233	-0.751983	0.000233	0.999592	0.299197	
225	0.999617	-0.000295	-1.044131	0.000295	0.999617	0.359462	
226	0.999604	-0.000208	-1.245626	0.000208	0.999604	0.299753	
227	0.999548	-0.000253	-1.387966	0.000253	0.999548	0.326835	
228	0.999616	-0.000283	-1.414256	0.000283	0.999616	0.408474	
229	0.999556	-0.000212	-1.534577	0.000212	0.999556	0.434325	
230	0.999591	-0.000222	-1.746249	0.000222	0.999591	0.435124	
231	0.999526	-0.000230	-2.061516	0.000230	0.999526	0.450764	
232	0.999511	-0.000350	-2.400051	0.000350	0.999511	0.322403	
233	0.999511	-0.000315	-2.504175	0.000315	0.999511	0.446572	
234	0.999468	-0.000371	-2.529174	0.000371	0.999468	0.400752	
235	0.999537	-0.000295	-2.585756	0.000295	0.999537	0.413508	
236	0.999634	-0.000328	-2.743212	0.000328	0.999634	0.287376	
237	0.999792	-0.000289	-2.864917	0.000289	0.999792	0.341028	
238	1.000410	-0.000261	-3.057167	0.000261	1.000410	0.168038	
239	1.001050	-0.000241	-3.536745	0.000241	1.001050	0.029811	
240	1.001164	0.000009	-3.531259	-0.000009	1.001164	-0.065575	
241	1.001196	-0.000190	-3.656842	0.000190	1.001196	-0.216606	
242	1.000953	-0.000227	-3.570377	0.000227	1.000953	-0.173266	
243	1.001302	-0.000305	-3.889077	0.000305	1.001302	-0.319001	
244	1.001356	-0.000175	-4.050791	0.000175	1.001356	-0.256275	
245	1.001346	-0.000403	-4.264517	0.000403	1.001346	-0.332744	
246	1.001465	-0.000375	-4.436801	0.000375	1.001465	-0.412220	
247	1.001526	-0.000281	-4.344855	0.000281	1.001526	-0.412763	
248	1.001643	-0.000208	-4.381199	0.000208	1.001643	-0.433792	
249	1.001949	-0.000200	-4.486752	0.000200	1.001949	-0.466475	
250	1.001919	-0.000184	-4.584044	0.000184	1.001919	-0.498457	
251	1.001874	-0.000088	-4.567691	0.000088	1.001874	-0.399169	
252	1.002150	-0.000082	-4.772693	0.000082	1.002150	-0.413505	
253	1.002137	-0.000079	-4.587745	0.000079	1.002137	-0.388180	
254	1.002200	-0.000070	-4.520694	0.000070	1.002200	-0.362615	
255	1.002386	-0.000017	-4.360516	0.000017	1.002386	-0.379013	
256	1.002615	-0.000179	-4.407562	0.000179	1.002615	-0.534146	
257	1.002912	-0.000178	-4.439545	0.000178	1.002912	-0.622424	
258	1.003202	-0.000192	-4.487354	0.000192	1.003202	-0.625788	
259	1.003050	-0.000359	-4.263651	0.000359	1.003050	-0.549598	
260	1.003194	-0.000287	-4.296846	0.000287	1.003194	-0.542641	
261	1.003489	-0.000267	-4.457234	0.000267	1.003489	-0.545980	
262	1.003561	-0.000221	-4.308943	0.000221	1.003561	-0.258855	
263	1.003798	-0.000206	-4.404612	0.000206	1.003798	-0.262222	
264	1.003824	-0.000218	-4.389902	0.000218	1.003824	-0.163817	
265	1.003759	-0.000100	-4.365256	0.000100	1.003759	-0.112171	
266	1.003710	-0.000075	-4.246756	0.000075	1.003710	-0.152773	
267	1.003703	-0.000102	-4.114438	0.000102	1.003703	-0.203556	
268	1.003639	0.000011	-4.011460	-0.000011	1.003639	-0.315864	
269	1.004020	0.000230	-3.858714	-0.000230	1.004020	-0.237829	
270	1.004240	0.000081	-3.980283	-0.000081	1.004240	-0.342411	
271	1.004361	0.000195	-3.807957	-0.000195	1.004361	-0.505424	
272	1.004389	0.000124	-3.838836	-0.000124	1.004389	-0.646541	
273	1.004126	0.000217	-3.456461	-0.000217	1.004126	-0.545446	
274	1.003965	0.000112	-3.121111	-0.000112	1.003965	-0.576418	
275	1.003917	0.000252	-2.627570	-0.000252	1.003917	-0.283771	
276	1.004031	0.000360	-2.200455	-0.000360	1.004031	-0.562423	
277	1.003479	0.000381	-1.822048	-0.000381	1.003479	-0.754568	
278	1.002757	0.000435	-1.442741	-0.000435	1.002757	-0.659153	
279	1.002381	0.000344	-1.410702	-0.000344	1.002381	-0.750054	
280	1.001847	0.000352	-1.050627	-0.000352	1.001847	-0.373227	
281	1.001665	0.000293	-1.079673	-0.000293	1.001665	-0.588668	
282	1.001580	0.000267	-1.086017	-0.000267	1.001580	-0.450473	
283	1.001541	0.000308	-1.110863	-0.000308	1.001541	-0.451430	
284	1.001627	0.000352	-1.007896	-0.000352	1.001627	-0.370152	
285	1.001520	0.000281	-1.060912	-0.000281	1.001520	-0.335773	
286	1.001140	0.000443	-1.078754	-0.000443	1.001140	-0.320094	
287	1.001144	0.000515	-1.124859	-0.000515	1.001144	-0.303272	
288	1.001100	0.000418	-1.149167	-0.000418	1.001100	-0.173152	
289	1.000918	0.000133	-1.083141	-0.000133	1.000918	-0.077115	
290	1.001113	0.000421	-0.941158	-0.000421	1.001113	-0.122156	
291	1.001098	0.000436	-0.968654	-0.000436	1.001098	-0.136803	
292	1.000995	0.000354	-1.079042	-0.000354	1.000995	-0.123511	
293	1.000924	0.000424	-1.093831	-0.000424	1.000924	-0.219699	
294	1.000828	0.000504	-1.431722	-0.000504	1.000828	-0.121129	
295	1.000882	0.000503	-1.611705	-0.000503	1.000882	-0.022635	
296	1.001161	0.000478	-1.828249	-0.000478	1.001161	-0.062524	
297	1.001335	0.000445	-2.195986	-0.000445	1.001335	-0.179319	
298	1.001257	0.000470	-2.292110	-0.000470	1.001257	-0.306860	
299	1.001385	0.000432	-2.460866	-0.000432	1.001385	-0.309086	
300	1.001295	0.000435	-2.647950	-0.000435	1.001295	-0.340468	
301	1.001144	0.000471	-2.825241	-0.000471	1.001144	-0.347820	
302	1.000864	0.000418	-3.210740	-0.000418	1.000864	-0.270491	
303	1.000198	0.000567	-3.342861	-0.000567	1.000198	0.080784	
304	1.000305	0.000534	-4.114495	-0.000534	1.000305	0.047086	
305	0.999822	0.000572	-4.186875	-0.000572	0.999822	-0.117873	
306	0.999664	0.000498	-4.269788	-0.000498	0.999664	-0.031789	
307	0.999424	0.000307	-4.175387	-0.000307	0.999424	0.179304	
308	0.999375	0.000319	-4.257638	-0.000319	0.999375	0.079485	
309	0.999429	0.000223	-4.361630	-0.000223	0.999429	-0.062787	
310	0.999411	0.000166	-4.317329	-0.000166	0.999411	-0.128241	
311	0.999460	0.000166	-4.565080	-0.000166	0.999460	-0.110832	
312	0.999882	0.000234	-5.659575	-0.000234	0.999882	-0.166801	
313	0.998974	0.000126	-4.923486	-0.000126	0.998974	0.099666	
314	1.000445	0.000498	-6.883285	-0.000498	1.000445	0.004246	
315	0.999064	0.000614	-6.175527	-0.000614	0.999064	0.112380	
316	1.000469	0.000418	-7.984150	-0.000418	1.000469	-0.044328	
317	1.000489	0.000567	-8.568623	-0.000567	1.000489	0.237842	
318	0.999583	0.001164	-7.993200	-0.001164	0.999583	0.667879	
319	1.000285	0.000973	-9.235218	-0.000973	1.000285	0.345150	
320	1.000224	0.001085	-10.103072	-0.001085	1.000224	0.153294	
321	1.000198	0.000949	-10.607091	-0.000949	1.000198	0.096217	
322	1.000599	0.000968	-11.305258	-0.000968	1.000599	0.343423	
323	1.000375	0.000502	-12.265556	-0.000502	1.000375	0.284612	
324	0.999958	0.001117	-12.140244	-0.001117	0.999958	0.465903	
325	0.999973	0.001151	-12.483727	-0.001151	0.999973	0.046598	
326	1.000361	0.000703	-13.270177	-0.000703	1.000361	-0.097897	
327	1.000281	0.000600	-13.449943	-0.000600	1.000281	-0.017540	
328	1.000467	0.000842	-13.840763	-0.000842	1.000467	0.179696	
329	1.000173	0.000801	-14.287682	-0.000801	1.000173	0.137987	
330	1.000358	0.000746	-14.783795	-0.000746	1.000358	-0.332352	
331	1.000162	0.000708	-15.330363	-0.000708	1.000162	-0.258832	
332	1.000841	0.000457	-16.606000	-0.000457	1.000841	-0.333484	
333	1.000323	0.000634	-16.803198	-0.000634	1.000323	-0.288005	
334	1.000125	0.000638	-17.314967	-0.000638	1.000125	-0.396395	
335	1.000252	0.000781	-18.243043	-0.000781	1.000252	-0.304774	
336	0.997774	0.001177	-17.657130	-0.001177	0.997774	0.485913	
337	0.991739	0.001662	-14.557641	-0.001662	0.991739	2.774287	
338	0.989992	0.001653	-14.140116	-0.001653	0.989992	3.215259	
339	0.989568	0.001068	-14.462311	-0.001068	0.989568	3.521696	
340	0.987932	0.001412	-13.532672	-0.001412	0.987932	4.265547	
341	0.988020	0.001039	-13.830795	-0.001039	0.988020	4.174324	
342	0.988046	0.001511	-14.041195	-0.001511	0.988046	4.247915	
343	0.987325	0.001442	-13.378242	-0.001442	0.987325	4.780094	
344	0.987396	0.001611	-13.102922	-0.001611	0.987396	4.906504	
345	0.988715	0.000546	-13.962880	-0.000546	0.988715	4.063929	
346	0.987979	0.001080	-12.941112	-0.001080	0.987979	4.576209	
347	0.988407	0.000702	-13.086811	-0.000702	0.988407	4.372925	
348	0.989517	0.000961	-13.124820	-0.000961	0.989517	3.839085	
349	0.989345	0.001480	-12.597927	-0.001480	0.989345	4.131102	
350	0.990661	0.001403	-13.717070	-0.001403	0.990661	3.688296	
351	0.991461	0.001324	-14.287830	-0.001324	0.991461	3.374979	
352	0.991623	0.001592	-14.667884	-0.001592	0.991623	3.471915	
353	0.991504	0.001523	-14.837598	-0.001523	0.991504	3.436613	
354	0.992488	0.001650	-15.627880	-0.001650	0.992488	3.201772	
355	0.993138	0.000596	-16.576967	-0.000596	0.993138	2.253160	
356	0.992925	0.001502	-15.978749	-0.001502	0.992925	2.659109	
357	0.992901	0.001721	-15.891733	-0.001721	0.992901	2.765648	
358	0.993720	0.001259	-16.290168	-0.001259	0.993720	2.308779	
359	0.994176	0.001105	-16.457635	-0.001105	0.994176	2.085137	
360	0.994698	0.000787	-16.990945	-0.000787	0.994698	1.754971	
361	0.994539	0.000874	-16.977846	-0.000874	0.994539	1.704698	
362	0.995195	0.001072	-17.647607	-0.001072	0.995195	1.557527	
363	0.994476	0.001242	-16.826714	-0.001242	0.994476	1.628437	
364	0.995230	0.000799	-17.402688	-0.000799	0.995230	1.133580	
365	0.995319	0.000592	-17.035417	-0.000592	0.995319	1.068289	
366	0.995163	0.000802	-16.076843	-0.000802	0.995163	1.129583	
367	0.996686	0.000243	-16.826659	-0.000243	0.996686	0.578355	
368	0.997025	0.000813	-16.169266	-0.000813	0.997025	0.995263	
369	0.997037	0.000309	-15.705562	-0.000309	0.997037	0.596273	
370	0.997425	0.000327	-15.268071	-0.000327	0.997425	0.350988	
371	0.998271	0.000093	-15.466784	-0.000093	0.998271	0.029280	
372	0.998488	0.000072	-15.064384	-0.000072	0.998488	-0.122577	
373	0.998481	0.000215	-14.532194	-0.000215	0.998481	-0.046406	
374	0.998503	0.000403	-14.005465	-0.000403	0.998503	0.076009	
375	0.998288	0.001040	-13.241124	-0.001040	0.998288	0.520423	
376	0.998946	0.000693	-12.697343	-0.000693	0.998946	0.245492	
377	0.992502	0.001063	-4.868284	-0.001063	0.992502	1.293228	
378	0.999293	0.000700	-9.341489	-0.000700	0.999293	0.297816	
379	0.999304	0.000483	-7.744034	-0.000483	0.999304	0.204947	
380	0.994687	0.000779	-1.556232	-0.000779	0.994687	0.952844	
381	0.997923	0.000112	-3.039797	-0.000112	0.997923	0.155772	
382	0.998049	0.000464	-1.945204	-0.000464	0.998049	0.301402	
383	0.998741	0.000439	-1.355717	-0.000439	0.998741	0.270511	
384	0.999354	0.000498	-0.466176	-0.000498	0.999354	0.168326	
385	0.999742	0.000358	0.096579	-0.000358	0.999742	0.180381	
386	0.999979	0.000339	0.563279	-0.000339	0.999979	0.201697	
387	0.999986	0.000288	0.718480	-0.000288	0.999986	0.170873	
388	1.000195	0.000260	0.837468	-0.000260	1.000195	0.144590	
389	1.000400	0.000289	1.256970	-0.000289	1.000400	0.143240	
390	1.000727	0.000317	1.764350	-0.000317	1.000727	0.154001	
391	1.000753	0.000301	2.184711	-0.000301	1.000753	0.127969	
392	1.001050	0.000300	2.139106	-0.000300	1.001050	0.080286	
393	1.001118	0.000352	2.233242	-0.000352	1.001118	0.128870	
394	1.001203	0.000321	2.346154	-0.000321	1.001203	0.257234	
395	1.001168	0.000127	2.173590	-0.000127	1.001168	0.057334	
396	1.001160	0.000335	2.405531	-0.000335	1.001160	0.143102	
397	1.001460	0.000154	2.312482	-0.000154	1.001460	0.071281	
398	1.001272	0.000337	2.728121	-0.000337	1.001272	0.194439	
399	1.001590	0.000214	2.615061	-0.000214	1.001590	0.073348	
400	1.001364	0.000322	2.804855	-0.000322	1.001364	0.245794	
401	1.001354	0.000287	2.627056	-0.000287	1.001354	0.255147	
402	1.000978	0.000298	2.547802	-0.000298	1.000978	0.275319	
403	1.000618	0.000299	2.403711	-0.000299	1.000618	0.270149	
404	1.000660	0.000118	1.475814	-0.000118	1.000660	0.087092	
405	1.000497	0.000221	0.969425	-0.000221	1.000497	0.121361	
406	0.999979	0.000211	0.784681	-0.000211	0.999979	0.365188	
407	0.999622	0.000273	0.601424	-0.000273	0.999622	0.506277	
408	0.999567	0.000435	0.857486	-0.000435	0.999567	0.492054	
409	0.999584	0.000459	1.128630	-0.000459	0.999584	0.551072	
410	0.999898	0.000375	0.957527	-0.000375	0.999898	0.380657	
411	0.999819	0.000367	1.133328	-0.000367	0.999819	0.398738	
412	0.999871	0.000260	1.268489	-0.000260	0.999871	0.257537	
413	0.999956	0.000349	1.552282	-0.000349	0.999956	0.279391	
414	1.000185	0.000219	1.608618	-0.000219	1.000185	0.210701	
415	1.000598	0.000167	1.752347	-0.000167	1.000598	0.191955	
416	1.000496	0.000201	1.980241	-0.000201	1.000496	0.217746	
417	1.000389	0.000234	1.811303	-0.000234	1.000389	0.184388	
418	1.000824	0.000186	1.381464	-0.000186	1.000824	0.090926	
419	1.000319	0.000553	1.762305	-0.000553	1.000319	0.406538	
420	1.000273	0.000471	1.724255	-0.000471	1.000273	0.324242	
421	1.000551	0.000296	1.234481	-0.000296	1.000551	0.145110	
422	1.000143	0.000403	1.082423	-0.000403	1.000143	0.316739	
423	1.000102	0.000220	0.683237	-0.000220	1.000102	0.166401	
424	1.000031	0.000136	0.436282	-0.000136	1.000031	0.114800	
425	0.999924	0.000335	0.477260	-0.000335	0.999924	0.358590	
426	0.999808	0.000325	0.470267	-0.000325	0.999808	0.413549	
427	0.999791	0.000350	0.447169	-0.000350	0.999791	0.409613	
428	0.999807	0.000297	0.403553	-0.000297	0.999807	0.414971	
429	0.999795	0.000302	0.404258	-0.000302	0.999795	0.347770	
430	0.999779	0.000240	0.426259	-0.000240	0.999779	0.445408	
431	0.999842	0.000231	0.355832	-0.000231	0.999842	0.337891	
432	0.999736	0.000275	0.402812	-0.000275	0.999736	0.280338	
433	0.999795	0.000341	0.348518	-0.000341	0.999795	0.213375	
434	0.999718	0.000421	0.413971	-0.000421	0.999718	0.212177	
435	0.999746	0.000422	0.393582	-0.000422	0.999746	0.253519	
436	0.999691	0.000433	0.398030	-0.000433	0.999691	0.305497	
437	0.999770	0.000492	0.335251	-0.000492	0.999770	0.387401	
438	0.999782	0.000525	0.357348	-0.000525	0.999782	0.369358	
439	0.999803	0.000396	0.375928	-0.000396	0.999803	0.269096	
440	0.999846	0.000261	0.266385	-0.000261	0.999846	0.208236	
441	0.999789	0.000266	0.337509	-0.000266	0.999789	0.171850	
442	0.999594	0.000442	0.518248	-0.000442	0.999594	0.191714	
443	0.999647	0.000461	0.468396	-0.000461	0.999647	0.165050	
444	0.999631	0.000512	0.495879	-0.000512	0.999631	0.253311	
445	0.999716	0.000525	0.430427	-0.000525	0.999716	0.398742	
446	0.999710	0.000600	0.366589	-0.000600	0.999710	0.394610	
447	0.999704	0.000488	0.336929	-0.000488	0.999704	0.283160	
448	0.999710	0.000352	0.343878	-0.000352	0.999710	0.228855	
449	0.999712	0.000329	0.372650	-0.000329	0.999712	0.260065	
450	0.999699	0.000251	0.388968	-0.000251	0.999699	0.142828	
451	0.999754	0.000167	0.328814	-0.000167	0.999754	0.056170	
452	0.999913	0.000247	0.302759	-0.000247	0.999913	0.132844	
453	0.999994	0.000340	0.303299	-0.000340	0.999994	0.253480	
454	1.000007	0.000402	0.243537	-0.000402	1.000007	0.293573	
455	1.000118	0.000479	0.319935	-0.000479	1.000118	0.312249	
456	1.000016	0.000445	0.330331	-0.000445	1.000016	0.308965	
457	0.999990	0.000465	0.513244	-0.000465	0.999990	0.237934	
458	1.000087	0.000491	0.624019	-0.000491	1.000087	0.234631	
459	1.000067	0.000422	0.696341	-0.000422	1.000067	0.263885	
460	1.000039	0.000530	0.870211	-0.000530	1.000039	0.001584	
461	1.000120	0.000409	0.849735	-0.000409	1.000120	-0.020321	
462	1.000149	0.000258	0.851154	-0.000258	1.000149	-0.002888	
463	1.000258	0.000176	0.849258	-0.000176	1.000258	0.009331	
464	1.000333	0.000207	0.812183	-0.000207	1.000333	-0.006636	
465	1.000431	0.000229	0.852642	-0.000229	1.000431	-0.017519	
466	1.000473	0.000272	0.863046	-0.000272	1.000473	0.032528	
467	1.000486	0.000302	0.962060	-0.000302	1.000486	0.225358	
468	1.000516	0.000336	0.989291	-0.000336	1.000516	0.199907	
469	1.000437	0.000288	1.018730	-0.000288	1.000437	0.001441	
470	1.000518	0.000269	0.930949	-0.000269	1.000518	0.030190	
471	1.000489	0.000239	1.040686	-0.000239	1.000489	0.094478	
472	1.000508	0.000249	1.098398	-0.000249	1.000508	0.031685	
473	1.000470	0.000180	1.116110	-0.000180	1.000470	0.031050	
474	1.000476	0.000111	1.143762	-0.000111	1.000476	0.013699	
475	1.000579	0.000064	1.167280	-0.000064	1.000579	0.055789	
476	1.000695	0.000046	0.982622	-0.000046	1.000695	0.032190	
477	1.000706	0.000074	0.887999	-0.000074	1.000706	0.032337	
478	1.000664	0.000080	0.922724	-0.000080	1.000664	0.043669	
479	1.000742	0.000150	1.001397	-0.000150	1.000742	0.132632	
480	1.000870	0.000172	1.217509	-0.000172	1.000870	0.047917	
481	1.000801	0.000133	1.199266	-0.000133	1.000801	-0.165150	
482	1.000780	-0.000000	1.190093	0.000000	1.000780	-0.062876	
483	1.000792	0.000034	1.104073	-0.000034	1.000792	-0.025695	
484	1.000755	0.000155	1.145849	-0.000155	1.000755	0.008620	
485	1.000906	0.000074	1.536420	-0.000074	1.000906	-0.083363	
486	1.000974	0.000006	1.651897	-0.000006	1.000974	-0.246384	
487	1.001047	-0.000019	1.880631	0.000019	1.001047	-0.326239	
488	1.001172	-0.000048	1.840669	0.000048	1.001172	-0.355300	
489	1.001113	-0.000121	1.737942	0.000121	1.001113	-0.415461	
490	1.001245	-0.000050	1.758918	0.000050	1.001245	-0.580461	
491	1.001434	0.000061	1.715981	-0.000061	1.001434	-0.387670	
492	1.001540	0.000079	1.755442	-0.000079	1.001540	-0.304722	
493	1.001478	0.000293	1.911755	-0.000293	1.001478	-0.507001	
494	1.001706	0.000420	2.061070	-0.000420	1.001706	-0.511780	
495	1.001797	0.000292	2.464200	-0.000292	1.001797	-0.635888	
496	1.001843	0.000138	2.707684	-0.000138	1.001843	-0.989485	
497	1.002702	0.000512	2.121175	-0.000512	1.002702	-0.892791	
498	1.001727	0.000021	3.139004	-0.000021	1.001727	-1.162983	
499	1.001811	0.000269	3.264033	-0.000269	1.001811	-1.123162	
500	1.001940	0.000193	3.431625	-0.000193	1.001940	-1.225957	
501	1.002215	0.000380	3.382717	-0.000380	1.002215	-1.164698	
502	1.002367	0.000280	3.488862	-0.000280	1.002367	-1.259303	
503	1.003963	0.000468	2.371993	-0.000468	1.003963	-1.353676	
504	1.002679	0.000018	3.779839	-0.000018	1.002679	-1.633975	
505	1.004811	0.000558	1.730532	-0.000558	1.004811	-1.452165	
506	1.003052	0.000460	3.404314	-0.000460	1.003052	-1.552262	
507	1.004942	0.001082	1.668126	-0.001082	1.004942	-1.338305	
508	1.005239	0.001013	1.471318	-0.001013	1.005239	-1.163996	
509	1.001248	-0.000097	5.747161	0.000097	1.001248	-1.582962	
510	1.000674	-0.000515	6.416111	0.000515	1.000674	-1.873978	
511	1.001976	-0.000044	5.108897	0.000044	1.001976	-1.502781	
512	1.000482	-0.000632	6.733422	0.000632	1.000482	-1.863183	
513	1.000930	-0.000555	6.652430	0.000555	1.000930	-1.818730	
514	1.001193	-0.000720	6.711221	0.000720	1.001193	-1.746114	
515	1.005847	0.000249	2.343100	-0.000249	1.005847	-1.232431	
516	1.002016	-0.000556	6.484500	0.000556	1.002016	-1.267007	
517	1.003326	-0.000068	5.317256	0.000068	1.003326	-0.784688	
518	1.001899	-0.000351	6.944788	0.000351	1.001899	-0.780490	
519	1.003540	0.000035	5.451910	-0.000035	1.003540	-0.711073	
520	1.001480	-0.000949	7.523046	0.000949	1.001480	-1.152020	
521	1.001481	-0.000795	7.491858	0.000795	1.001481	-0.992494	
522	1.008032	-0.000133	1.201283	0.000133	1.008032	-1.089432	
523	1.001729	-0.000994	7.375852	0.000994	1.001729	-1.152150	
524	1.002213	-0.001046	6.772907	0.001046	1.002213	-1.416930	
525	1.002234	-0.000883	6.813777	0.000883	1.002234	-1.147872	
526	1.007794	-0.000039	1.569272	0.000039	1.007794	-0.734509	
527	1.002190	-0.000589	6.854465	0.000589	1.002190	-0.733593	
528	1.005461	-0.000043	3.620385	0.000043	1.005461	-0.574652	
529	1.001659	-0.000769	7.419014	0.000769	1.001659	-0.710827	
530	1.004514	-0.000736	4.579667	0.000736	1.004514	-1.170681	
531	1.001554	-0.001188	7.497195	0.001188	1.001554	-1.211989	
532	1.005384	-0.000651	3.474553	0.000651	1.005384	-1.137942	
533	1.001728	-0.001447	7.248233	0.001447	1.001728	-1.325571	
534	1.001397	-0.000959	7.438497	0.000959	1.001397	-0.930823	
535	1.001820	-0.001030	6.742483	0.001030	1.001820	-0.855521	
536	1.002015	-0.000996	6.315094	0.000996	1.002015	-0.875798	
537	1.002016	-0.000646	6.218441	0.000646	1.002016	-0.510783	
538	1.002289	-0.000794	5.682863	0.000794	1.002289	-0.726223	
539	1.005402	-0.000800	2.377598	0.000800	1.005402	-1.087835	
540	1.001716	-0.001409	5.855914	0.001409	1.001716	-1.001913	
541	1.001488	-0.001329	5.927122	0.001329	1.001488	-0.931444	
542	1.004826	-0.001030	2.343742	0.001030	1.004826	-1.378268	
543	1.001577	-0.001042	5.422032	0.001042	1.001577	-0.976565	
544	1.001648	-0.000959	5.208758	0.000959	1.001648	-0.664431	
545	1.003139	-0.000507	3.574143	0.000507	1.003139	-0.465420	
546	1.004950	-0.000658	1.802592	0.000658	1.004950	-0.756422	
547	1.002864	-0.000711	3.623327	0.000711	1.002864	-0.610118	
548	1.001670	-0.001173	4.856271	0.001173	1.001670	-0.856302	
549	1.000871	-0.001140	5.559286	0.001140	1.000871	-0.757012	
550	1.004193	-0.001133	2.340015	0.001133	1.004193	-1.219755	
551	1.004658	-0.000987	2.013980	0.000987	1.004658	-1.121035	
552	1.001116	-0.000411	5.708831	0.000411	1.001116	-0.281001	
553	1.000609	-0.000938	6.066824	0.000938	1.000609	-0.625005	
554	1.000862	-0.000540	6.070732	0.000540	1.000862	-0.154562	
555	1.000665	-0.000777	6.567606	0.000777	1.000665	-0.250201	
556	1.000447	-0.001012	7.042238	0.001012	1.000447	-0.385035	
557	1.003946	-0.001309	3.430067	0.001309	1.003946	-1.341501	
558	1.002024	-0.000662	5.440517	0.000662	1.002024	-0.673039	
559	1.000508	-0.000661	6.977299	0.000661	1.000508	-0.370999	
560	1.002782	-0.000626	4.691158	0.000626	1.002782	-0.392160	
561	1.000605	-0.000348	7.415298	0.000348	1.000605	0.004965	
562	1.002351	-0.000514	5.439312	0.000514	1.002351	-0.376831	
563	1.000551	-0.000602	7.422302	0.000602	1.000551	-0.382384	
564	1.000409	-0.001311	7.193389	0.001311	1.000409	-0.674128	
565	1.001411	-0.000911	6.098015	0.000911	1.001411	-0.446633	
566	1.000326	-0.000890	7.046251	0.000890	1.000326	-0.476895	
567	1.000631	-0.000621	6.619566	0.000621	1.000631	-0.348538	
568	1.000325	-0.000805	6.717783	0.000805	1.000325	-0.450674	
569	1.000102	-0.000489	6.797186	0.000489	1.000102	-0.268366	
570	0.999970	-0.000786	6.787368	0.000786	0.999970	-0.367556	
571	1.000085	-0.000933	6.477300	0.000933	1.000085	-0.487368	
572	1.001417	-0.000803	4.790529	0.000803	1.001417	-0.396705	
573	1.000448	-0.000969	5.892144	0.000969	1.000448	-0.443957	
574	1.001606	-0.000674	4.445737	0.000674	1.001606	-0.580456	
575	0.999887	-0.000741	6.313617	0.000741	0.999887	-0.205116	
576	0.999777	-0.000619	6.406383	0.000619	0.999777	-0.051922	
577	1.001146	-0.000441	4.671185	0.000441	1.001146	-0.103966	
578	0.999734	-0.000746	5.931801	0.000746	0.999734	-0.205262	
579	0.999802	-0.000552	5.748883	0.000552	0.999802	-0.195334	
580	1.000837	-0.000748	4.111033	0.000748	1.000837	-0.280618	
581	1.000885	-0.000611	3.817394	0.000611	1.000885	-0.214045	
582	1.000931	-0.000506	3.472411	0.000506	1.000931	-0.193192	
583	1.000789	-0.000354	3.310851	0.000354	1.000789	-0.241497	
584	1.000584	-0.000315	3.015501	0.000315	1.000584	-0.279484	
585	1.000414	-0.000220	2.713335	0.000220	1.000414	-0.141865	
586	1.000272	-0.000282	2.438455	0.000282	1.000272	-0.085026	
587	1.000323	-0.000348	2.149457	0.000348	1.000323	-0.192046	
588	1.000448	-0.000179	1.806459	0.000179	1.000448	-0.087468	
589	1.000292	-0.000348	1.754610	0.000348	1.000292	-0.168476	
590	1.000251	-0.000253	1.264085	0.000253	1.000251	-0.237334	
591	1.000092	-0.000250	0.801706	0.000250	1.000092	-0.129479	
592	0.999920	-0.000233	0.253425	0.000233	0.999920	-0.303776	
593	0.999707	-0.000018	-0.066048	0.000018	0.999707	-0.269404	
594	0.999669	-0.000000	-0.256436	0.000000	0.999669	-0.502938	
595	0.999592	-0.000034	-0.275322	0.000034	0.999592	-0.578795	
596	0.999536	-0.000083	-0.587079	0.000083	0.999536	-0.456158	
597	0.999455	-0.000176	-0.838799	0.000176	0.999455	-0.459149	
598	0.999364	-0.000212	-1.260957	0.000212	0.999364	-0.454469	
599	0.999355	-0.000213	-1.910369	0.000213	0.999355	-0.445121	
600	0.999238	-0.000309	-2.517088	0.000309	0.999238	-0.208612	
601	0.998668	-0.000313	-3.057513	0.000313	0.998668	-0.136399	
602	0.998721	-0.000315	-3.727426	0.000315	0.998721	-0.337873	
603	0.998668	-0.000242	-4.287994	0.000242	0.998668	-0.297219	
604	0.999800	-0.000030	-6.471857	0.000030	0.999800	0.019092	
605	0.999904	0.000044	-6.918637	-0.000044	0.999904	0.171405	
606	0.999805	-0.000051	-7.247485	0.000051	0.999805	0.127075	
607	0.999838	0.000076	-7.407377	-0.000076	0.999838	0.130903	
608	0.999955	0.000065	-7.233704	-0.000065	0.999955	0.095915	
609	0.999702	0.000021	-6.817252	-0.000021	0.999702	0.028575	
610	0.999920	0.000061	-6.769937	-0.000061	0.999920	0.055788	
611	0.998664	-0.000020	-5.306104	0.000020	0.998664	0.167833	
612	0.999851	0.000191	-6.490030	-0.000191	0.999851	0.089799	
613	0.999931	0.000274	-6.743478	-0.000274	0.999931	0.233637	
614	0.999852	0.000373	-6.854677	-0.000373	0.999852	0.120576	
615	0.999919	0.000233	-7.224837	-0.000233	0.999919	0.041320	
616	1.000001	0.000197	-7.427185	-0.000197	1.000001	0.227678	
617	0.998430	-0.000182	-5.433230	0.000182	0.998430	0.163185	
618	0.999774	0.000137	-6.739579	-0.000137	0.999774	0.228647	
619	0.998560	-0.000174	-4.864316	0.000174	0.998560	0.134208	
620	0.998503	-0.000230	-4.322844	0.000230	0.998503	0.071764	
621	0.998435	-0.000034	-3.784082	0.000034	0.998435	0.229953	
622	0.998637	-0.000128	-3.380780	0.000128	0.998637	0.182356	
623	0.998759	-0.000299	-3.122460	0.000299	0.998759	-0.005555	
624	0.998830	-0.000212	-2.749316	0.000212	0.998830	0.076598	
625	0.998938	-0.000026	-2.402204	0.000026	0.998938	0.259824	
626	0.998962	0.000011	-2.120880	-0.000011	0.998962	0.249132	
627	0.999021	0.000055	-1.936642	-0.000055	0.999021	0.305507	
628	0.998979	0.000050	-1.828837	-0.000050	0.998979	0.321833	
629	0.998862	-0.000051	-1.631709	0.000051	0.998862	0.274535	
630	0.998670	-0.000311	-1.698684	0.000311	0.998670	0.016346	
631	0.998912	-0.000272	-1.878275	0.000272	0.998912	0.116889	
632	0.998737	-0.000247	-1.686303	0.000247	0.998737	0.403433	
633	0.998795	-0.000328	-1.738609	0.000328	0.998795	0.285795	
634	0.998871	-0.000133	-1.830742	0.000133	0.998871	0.242343	
635	0.998839	-0.000140	-1.826014	0.000140	0.998839	0.277118	
636	0.998927	0.000081	-1.818115	-0.000081	0.998927	0.448260	
637	0.998847	-0.000024	-1.750808	0.000024	0.998847	0.267524	
638	0.998888	0.000004	-1.645596	-0.000004	0.998888	0.170168	
639	0.998875	0.000049	-1.401276	-0.000049	0.998875	0.318665	
640	0.998752	0.000031	-1.211572	-0.000031	0.998752	0.513364	
641	0.998692	0.000036	-1.174615	-0.000036	0.998692	0.371836	
642	0.998717	0.000067	-1.081014	-0.000067	0.998717	0.291832	
643	0.998871	0.000154	-1.009273	-0.000154	0.998871	0.355272	
644	0.998851	-0.000029	-0.999545	0.000029	0.998851	0.420139	
645	0.998851	-0.000154	-1.008154	0.000154	0.998851	0.304208	
646	0.999020	-0.000125	-1.014328	0.000125	0.999020	0.295617	
647	0.999109	-0.000141	-0.918194	0.000141	0.999109	0.323831	
648	0.999052	-0.000206	-0.788770	0.000206	0.999052	0.271985	
649	0.998861	-0.000144	-0.678202	0.000144	0.998861	0.322897	
650	0.999002	0.000017	-0.834751	-0.000017	0.999002	0.372757	
651	0.998853	0.000083	-0.825766	-0.000083	0.998853	0.418246	
652	0.998857	0.000052	-0.870853	-0.000052	0.998857	0.341161	
653	0.998993	0.000081	-0.930935	-0.000081	0.998993	0.375879	
654	0.999001	0.000013	-0.973629	-0.000013	0.999001	0.525042	
655	0.999062	-0.000117	-0.855568	0.000117	0.999062	0.440563	
656	0.999221	0.000002	-0.777562	-0.000002	0.999221	0.433892	
657	0.999135	0.000071	-0.603202	-0.000071	0.999135	0.486037	
658	0.999113	0.000147	-0.512385	-0.000147	0.999113	0.431505	
659	0.999050	0.000060	-0.590063	-0.000060	0.999050	0.429835	
660	0.998994	0.000075	-0.562342	-0.000075	0.998994	0.455929	
661	0.999156	0.000101	-0.644401	-0.000101	0.999156	0.436744	
662	0.998976	-0.000081	-0.604457	0.000081	0.998976	0.416109	
663	0.999016	-0.000121	-0.707991	0.000121	0.999016	0.374642	
664	0.999039	-0.000149	-0.672327	0.000149	0.999039	0.393797	
665	0.999203	-0.000132	-0.753481	0.000132	0.999203	0.407522	
666	0.999180	-0.000145	-0.628546	0.000145	0.999180	0.341055	
667	0.999182	-0.000030	-0.525051	0.000030	0.999182	0.431387	
668	0.999261	-0.000083	-0.436779	0.000083	0.999261	0.388401	
669	0.999332	-0.000074	-0.321764	0.000074	0.999332	0.385100	
670	0.999352	-0.000016	-0.173639	0.000016	0.999352	0.360909	
671	0.999440	0.000007	-0.110314	-0.000007	0.999440	0.401069	
672	0.999500	0.000059	-0.009599	-0.000059	0.999500	0.503088	
673	0.999653	-0.000044	0.058991	0.000044	0.999653	0.346153	
674	0.999760	0.000080	0.038075	-0.000080	0.999760	0.300648	
675	0.999985	0.000116	0.178798	-0.000116	0.999985	0.370325	
676	0.999941	-0.000099	0.033024	0.000099	0.999941	0.376697	
677	1.000071	-0.000145	-0.020604	0.000145	1.000071	0.368803	
678	1.000262	-0.000157	0.037448	0.000157	1.000262	0.422654	
679	1.000098	-0.000195	-0.181944	0.000195	1.000098	0.354143	
680	1.000309	-0.000164	0.068119	0.000164	1.000309	0.266211	
681	1.000223	-0.000083	-0.003996	0.000083	1.000223	0.403902	
682	1.000101	-0.000199	0.024311	0.000199	1.000101	0.480111	
683	1.000184	-0.000280	0.155403	0.000280	1.000184	0.300820	
684	1.000223	-0.000198	0.209262	0.000198	1.000223	0.442505	
685	1.000225	-0.000182	0.248543	0.000182	1.000225	0.478271	
686	1.000274	-0.000136	0.441785	0.000136	1.000274	0.371725	
687	1.000315	-0.000157	0.768448	0.000157	1.000315	0.428524	
688	1.000472	-0.000104	0.994061	0.000104	1.000472	0.539424	
689	1.000608	-0.000049	1.524349	0.000049	1.000608	0.491802	
690	1.000786	-0.000053	1.920077	0.000053	1.000786	0.352223	
691	1.000933	-0.000120	2.260354	0.000120	1.000933	0.336200	
692	1.001189	-0.000069	2.561642	0.000069	1.001189	0.236744	
693	1.001213	-0.000134	3.314333	0.000134	1.001213	0.192924	
694	1.001363	-0.000037	3.780990	0.000037	1.001363	0.198672	
695	1.001802	0.000037	4.369417	-0.000037	1.001802	0.251067	
696	1.000025	-0.000204	7.087471	0.000204	1.000025	0.222778	
697	1.002868	0.000122	5.011328	-0.000122	1.002868	0.168354	
698	0.999954	-0.000130	8.486727	0.000130	0.999954	0.323829	
699	1.002381	0.000018	6.181044	-0.000018	1.002381	0.092546	
700	0.999870	-0.000201	9.022101	0.000201	0.999870	0.173942	
701	0.999837	-0.000197	9.091998	0.000197	0.999837	0.199756	
702	0.999888	-0.000373	8.801293	0.000373	0.999888	-0.020094	
703	0.999969	-0.000251	8.654825	0.000251	0.999969	-0.014771	
704	0.999938	-0.000231	8.252493	0.000231	0.999938	-0.027842	
705	0.999834	-0.000214	8.178252	0.000214	0.999834	0.012770	
706	0.999913	-0.000381	8.233114	0.000381	0.999913	-0.098368	
707	0.999730	-0.000177	8.107024	0.000177	0.999730	0.021114	
708	0.999997	-0.000174	7.943943	0.000174	0.999997	0.100587	
709	0.999837	-0.000279	8.050762	0.000279	0.999837	0.051478	
710	0.999901	-0.000272	7.882824	0.000272	0.999901	-0.044399	
711	1.000011	-0.000241	6.910477	0.000241	1.000011	-0.021686	
712	1.001081	-0.000045	4.350646	0.000045	1.001081	-0.099197	
713	1.000896	-0.000001	3.663380	0.000001	1.000896	-0.051799	
714	1.000625	-0.000005	2.820621	0.000005	1.000625	0.061216	
715	1.000483	0.000042	2.285402	-0.000042	1.000483	0.197015	
716	1.000425	0.000035	2.020489	-0.000035	1.000425	0.307577	
717	1.000167	-0.000201	1.822204	0.000201	1.000167	0.206411	
718	1.000236	0.000070	1.436408	-0.000070	1.000236	0.519883	
719	1.000219	-0.000082	1.196165	0.000082	1.000219	0.614369	
720	1.000174	-0.000035	1.152261	0.000035	1.000174	0.587740	
721	1.000105	-0.000035	1.080644	0.000035	1.000105	0.581115	
722	1.000224	-0.000220	1.001480	0.000220	1.000224	0.554842	
723	1.000113	-0.000149	1.087863	0.000149	1.000113	0.578435	
724	1.000056	-0.000070	1.164148	0.000070	1.000056	0.621751	
725	1.000154	-0.000104	1.115578	0.000104	1.000154	0.453475	
726	1.000157	-0.000242	1.127028	0.000242	1.000157	0.331578	
727	1.000192	-0.000152	1.057802	0.000152	1.000192	0.294753	
728	1.000248	0.000193	1.059835	-0.000193	1.000248	0.309448	
729	1.000295	0.000191	1.032829	-0.000191	1.000295	0.299640	
730	1.000339	0.000235	1.007101	-0.000235	1.000339	0.218977	
731	1.000309	0.000442	1.021590	-0.000442	1.000309	0.190013	
732	1.000356	0.000186	0.955516	-0.000186	1.000356	0.062830	
733	1.000258	0.000130	0.914996	-0.000130	1.000258	0.021785	
734	1.000309	0.000151	0.730372	-0.000151	1.000309	-0.133238	
735	1.000198	0.000075	0.617345	-0.000075	1.000198	-0.168679	
736	1.000142	0.000174	0.426449	-0.000174	1.000142	-0.087597	
737	0.999969	0.000232	0.274541	-0.000232	0.999969	-0.073079	
738	1.000135	0.000363	-0.046940	-0.000363	1.000135	-0.072538	
739	1.000322	0.000395	-0.211174	-0.000395	1.000322	-0.053094	
740	1.000586	0.000337	-0.468586	-0.000337	1.000586	-0.235812	
741	1.000937	0.000381	-0.706316	-0.000381	1.000937	-0.329026	
742	1.001194	0.000349	-0.858598	-0.000349	1.001194	-0.439378	
743	1.001317	0.000080	-1.203598	-0.000080	1.001317	-0.634845	
744	1.001234	0.000363	-1.332410	-0.000363	1.001234	-0.437678	
745	1.000885	0.000228	-1.307303	-0.000228	1.000885	-0.494048	
746	1.001137	0.000461	-1.501981	-0.000461	1.001137	-0.427383	
747	1.001220	0.000510	-1.692345	-0.000510	1.001220	-0.361222	
748	1.001177	0.000425	-1.748289	-0.000425	1.001177	-0.418926	
749	1.001173	0.000492	-1.566003	-0.000492	1.001173	-0.428705	
750	1.001336	0.000517	-1.592002	-0.000517	1.001336	-0.463872	
751	1.001197	0.000289	-1.527944	-0.000289	1.001197	-0.546102	
752	1.001083	0.000304	-1.530871	-0.000304	1.001083	-0.378622	
753	1.000961	0.000535	-1.597421	-0.000535	1.000961	-0.198323	
754	1.000926	0.000288	-1.783168	-0.000288	1.000926	-0.262409	
755	1.000855	0.000423	-1.867371	-0.000423	1.000855	-0.182748	
756	1.000927	0.000462	-2.087910	-0.000462	1.000927	-0.246130	
757	1.000897	0.000291	-2.251069	-0.000291	1.000897	-0.297734	
758	1.000869	0.000345	-2.319511	-0.000345	1.000869	-0.203404	
759	1.000910	0.000275	-2.507368	-0.000275	1.000910	-0.346597	
760	1.000560	0.000172	-2.483099	-0.000172	1.000560	-0.292226	
761	1.000369	0.000244	-2.496370	-0.000244	1.000369	-0.221286	
762	1.000269	0.000353	-2.528924	-0.000353	1.000269	-0.122800	
763	1.000240	0.000285	-2.678840	-0.000285	1.000240	-0.132690	
764	1.000004	0.000274	-2.695441	-0.000274	1.000004	-0.168333	
765	1.000037	0.000313	-2.744658	-0.000313	1.000037	-0.103041	
766	1.000091	0.000188	-2.917131	-0.000188	1.000091	-0.219897	
767	1.000081	0.000192	-3.041865	-0.000192	1.000081	-0.187805	
768	1.000018	0.000341	-2.995761	-0.000341	1.000018	-0.054264	
769	0.999938	0.000202	-3.180230	-0.000202	0.999938	-0.118351	
770	0.999888	0.000154	-3.223550	-0.000154	0.999888	-0.178613	
771	0.999823	0.000162	-3.360465	-0.000162	0.999823	-0.122407	
772	0.999757	0.000371	-3.403564	-0.000371	0.999757	-0.198922	
773	0.999690	0.000607	-3.231187	-0.000607	0.999690	-0.007751	
774	0.998993	0.000382	-2.754821	-0.000382	0.998993	0.231858	
775	0.999527	0.000275	-3.183203	-0.000275	0.999527	-0.006422	
776	0.999659	0.000364	-3.185074	-0.000364	0.999659	-0.128296	
777	0.999647	0.000415	-3.098333	-0.000415	0.999647	-0.139663	
778	0.999509	0.000173	-2.895484	-0.000173	0.999509	-0.077706	
779	0.999327	0.000275	-2.744149	-0.000275	0.999327	0.035248	
780	0.999408	0.000185	-2.798791	-0.000185	0.999408	-0.128487	
781	0.999444	0.000427	-2.676204	-0.000427	0.999444	-0.023390	
782	0.999516	0.000467	-2.530023	-0.000467	0.999516	0.234392	
783	0.999359	0.000483	-2.395991	-0.000483	0.999359	0.188277	
784	0.999627	0.000607	-2.513511	-0.000607	0.999627	0.188235	
785	0.999351	0.000415	-2.388483	-0.000415	0.999351	0.026060	
786	0.999530	0.000419	-2.465860	-0.000419	0.999530	-0.019220	
787	0.998832	0.000387	-2.030885	-0.000387	0.998832	0.057927	
788	0.999521	0.000491	-2.780192	-0.000491	0.999521	-0.042230	
789	0.999492	0.000477	-2.838177	-0.000477	0.999492	-0.036102	
790	0.999524	0.000605	-2.744578	-0.000605	0.999524	0.050011	
791	0.999535	0.000617	-2.530709	-0.000617	0.999535	0.045272	
792	0.999712	0.000531	-2.397198	-0.000531	0.999712	0.047383	
793	0.999875	0.000533	-2.352546	-0.000533	0.999875	0.152358	
794	0.999740	0.000418	-2.113105	-0.000418	0.999740	0.026529	
795	0.999967	0.000560	-2.273167	-0.000560	0.999967	-0.030194	
796	1.000058	0.000591	-2.177715	-0.000591	1.000058	0.061074	
797	0.999923	0.000494	-1.875816	-0.000494	0.999923	0.076437	
798	0.999754	0.000460	-1.834199	-0.000460	0.999754	-0.064916	
799	0.999795	0.000539	-1.860861	-0.000539	0.999795	0.002956	
800	0.999858	0.000529	-2.060229	-0.000529	0.999858	0.063655	
801	0.999837	0.000474	-2.224562	-0.000474	0.999837	0.113032	
802	0.999994	0.000423	-2.741178	-0.000423	0.999994	0.055499	
803	0.999953	0.000372	-2.765941	-0.000372	0.999953	-0.077367	
804	0.999837	0.000368	-3.249868	-0.000368	0.999837	-0.014969	
805	0.999239	0.000249	-3.493847	-0.000249	0.999239	0.042145	
806	0.999203	0.000426	-3.487056	-0.000426	0.999203	0.038718	
807	0.999155	0.000414	-3.418464	-0.000414	0.999155	0.019614	
808	0.999064	0.000397	-3.565009	-0.000397	0.999064	0.026090	
809	0.998974	0.000517	-3.550972	-0.000517	0.998974	0.101904	
810	0.998959	0.000440	-3.524847	-0.000440	0.998959	0.009356	
811	0.999016	0.000408	-3.583551	-0.000408	0.999016	-0.030716	
812	0.999128	0.000422	-3.516878	-0.000422	0.999128	0.114365	
813	0.999049	0.000376	-3.446660	-0.000376	0.999049	0.107422	
814	0.998882	0.000355	-3.382460	-0.000355	0.998882	-0.016284	
815	0.998957	0.000557	-3.584380	-0.000557	0.998957	0.069363	
816	0.998977	0.000536	-3.797882	-0.000536	0.998977	0.314781	
817	0.996714	0.000906	-2.110277	-0.000906	0.996714	0.794615	
818	0.999542	0.000690	-4.964871	-0.000690	0.999542	-0.035148	
819	0.998592	0.000737	-4.284323	-0.000737	0.998592	0.237703	
820	0.998419	0.000544	-4.503808	-0.000544	0.998419	0.478987	
821	0.998102	0.000418	-4.063721	-0.000418	0.998102	0.334935	
822	0.998587	0.000515	-4.080358	-0.000515	0.998587	0.260337	
823	0.998532	0.000485	-3.686353	-0.000485	0.998532	0.326293	
824	0.998551	0.000473	-3.515491	-0.000473	0.998551	0.341353	
825	0.998656	0.000475	-3.278137	-0.000475	0.998656	0.312533	
826	0.998647	0.000485	-2.994845	-0.000485	0.998647	0.370875	
827	0.998711	0.000337	-2.893681	-0.000337	0.998711	0.282985	
828	0.998934	0.000363	-2.662237	-0.000363	0.998934	0.157940	
829	0.999142	0.000475	-2.693500	-0.000475	0.999142	0.281742	
830	0.999155	0.000528	-2.470255	-0.000528	0.999155	0.275758	
831	0.999158	0.000576	-2.263099	-0.000576	0.999158	0.347853	
832	0.999224	0.000461	-2.038578	-0.000461	0.999224	0.259523	
833	0.999164	0.000335	-2.098200	-0.000335	0.999164	0.161469	
834	0.999159	0.000454	-2.097218	-0.000454	0.999159	0.224718	
835	0.999171	0.000323	-1.988909	-0.000323	0.999171	0.240966	
836	0.999248	0.000351	-1.907380	-0.000351	0.999248	-0.007155	
837	0.999249	0.000378	-1.756905	-0.000378	0.999249	0.033855	
838	0.999342	0.000328	-1.652814	-0.000328	0.999342	0.119606	
839	0.999470	0.000310	-1.555827	-0.000310	0.999470	0.168271	
840	0.999611	0.000366	-1.428242	-0.000366	0.999611	0.091431	
841	0.999663	0.000305	-1.327663	-0.000305	0.999663	0.029026	
842	0.999745	0.000346	-1.399516	-0.000346	0.999745	0.082803	
843	0.999722	0.000266	-1.443727	-0.000266	0.999722	-0.032402	
844	0.999745	0.000360	-1.536786	-0.000360	0.999745	-0.011514	
845	0.999725	0.000290	-1.339885	-0.000290	0.999725	-0.026760	
846	0.999826	0.000277	-1.217810	-0.000277	0.999826	-0.127874	
847	0.999771	0.000236	-1.112877	-0.000236	0.999771	-0.017526	
848	0.999717	0.000268	-0.943060	-0.000268	0.999717	0.074443	
849	0.999832	0.000319	-0.750593	-0.000319	0.999832	-0.024836	
850	1.000008	0.000247	-0.647903	-0.000247	1.000008	-0.089987	
851	1.000156	0.000309	-0.542172	-0.000309	1.000156	-0.059425	
852	1.000340	0.000235	-0.380742	-0.000235	1.000340	-0.110892	
853	1.000427	0.000092	-0.325827	-0.000092	1.000427	-0.113434	
854	1.000605	0.000095	-0.155406	-0.000095	1.000605	-0.189386	
