0	1.000000	0.000000	0.000000	0.000000	1.000000	0.000000	
1	0.999925	0.000044	0.008327	-0.000044	0.999925	0.039771	
2	0.999926	0.000055	0.004674	-0.000055	0.999926	0.058959	
3	0.999906	0.000061	-0.001508	-0.000061	0.999906	0.072516	
4	0.999898	0.000073	-0.007995	-0.000073	0.999898	0.086238	
5	0.999862	0.000067	0.015653	-0.000067	0.999862	0.086928	
6	0.999858	0.000058	0.019612	-0.000058	0.999858	0.064888	
7	0.999852	0.000041	0.024912	-0.000041	0.999852	0.037633	
8	0.999830	0.000029	0.038218	-0.000029	0.999830	0.048133	
9	0.999794	0.000036	0.048520	-0.000036	0.999794	0.070271	
10	0.999791	0.000027	0.051198	-0.000027	0.999791	0.079226	
11	0.999780	0.000039	0.053905	-0.000039	0.999780	0.091154	
12	0.999767	0.000027	0.065388	-0.000027	0.999767	0.099506	
13	0.999751	0.000023	0.079594	-0.000023	0.999751	0.108091	
14	0.999747	0.000016	0.096051	-0.000016	0.999747	0.105918	
15	0.999754	0.000009	0.088665	-0.000009	0.999754	0.088663	
16	0.999733	0.000011	0.112175	-0.000011	0.999733	0.095701	
17	0.999764	0.000017	0.100110	-0.000017	0.999764	0.093397	
18	0.999719	0.000014	0.109708	-0.000014	0.999719	0.107199	
19	0.999723	0.000023	0.113775	-0.000023	0.999723	0.109140	
20	0.999715	0.000035	0.159564	-0.000035	0.999715	0.108467	
21	0.999674	0.000043	0.176412	-0.000043	0.999674	0.148096	
22	0.999716	0.000039	0.204743	-0.000039	0.999716	0.197403	
23	0.999715	0.000048	0.215751	-0.000048	0.999715	0.215705	
24	0.999717	0.000024	0.277507	-0.000024	0.999717	0.206853	
25	0.999760	-0.000001	0.338031	0.000001	0.999760	0.206487	
26	0.999801	-0.000020	0.407816	0.000020	0.999801	0.198521	
27	0.999815	-0.000056	0.506123	0.000056	0.999815	0.200140	
28	0.999865	-0.000079	0.562505	0.000079	0.999865	0.205600	
29	0.999868	-0.000087	0.658345	0.000087	0.999868	0.267166	
30	1.000114	-0.000107	0.749173	0.000107	1.000114	0.171730	
31	0.999975	-0.000074	0.994735	0.000074	0.999975	0.251923	
32	1.000199	-0.000020	1.146421	0.000020	1.000199	0.269634	
33	1.000279	-0.000089	1.526461	0.000089	1.000279	0.249774	
34	1.000370	-0.000105	1.801862	0.000105	1.000370	0.263248	
35	1.000394	-0.000151	2.082933	0.000151	1.000394	0.241605	
36	1.000487	-0.000119	2.332721	0.000119	1.000487	0.266839	
37	1.000547	-0.000148	2.688327	0.000148	1.000547	0.428659	
38	1.000836	-0.000114	2.880444	0.000114	1.000836	0.464340	
39	1.000876	-0.000142	3.297829	0.000142	1.000876	0.515600	
40	1.000958	-0.000044	3.513686	0.000044	1.000958	0.535615	
41	1.001037	-0.000075	3.782423	0.000075	1.001037	0.580665	
42	1.001046	-0.000108	4.047873	0.000108	1.001046	0.594580	
43	1.001060	-0.000129	4.410530	0.000129	1.001060	0.588958	
44	1.001198	-0.000172	4.694142	0.000172	1.001198	0.491881	
45	1.000409	-0.000573	6.165603	0.000573	1.000409	0.428421	
46	1.000322	-0.000673	6.740983	0.000673	1.000322	0.316709	
47	1.000502	-0.000738	6.928365	0.000738	1.000502	0.073278	
48	1.000193	-0.000767	7.456881	0.000767	1.000193	-0.020859	
49	1.000362	-0.000901	7.612927	0.000901	1.000362	-0.415200	
50	1.000783	-0.000862	7.349658	0.000862	1.000783	-0.656061	
51	1.001968	-0.000264	6.156061	0.000264	1.001968	-0.766287	
52	1.000907	-0.000978	7.757025	0.000978	1.000907	-0.957922	
53	1.000230	-0.000956	8.438945	0.000956	1.000230	-0.765516	
54	1.000323	-0.000915	8.446691	0.000915	1.000323	-0.706636	
55	1.000289	-0.001015	8.495116	0.001015	1.000289	-0.668163	
56	1.000283	-0.001054	8.720764	0.001054	1.000283	-0.699092	
57	1.000249	-0.001035	8.858505	0.001035	1.000249	-0.706118	
58	1.000574	-0.001204	9.000046	0.001204	1.000574	-0.932059	
59	1.000415	-0.001251	9.317442	0.001251	1.000415	-1.017706	
60	1.000392	-0.001364	9.504737	0.001364	1.000392	-1.270748	
61	1.000522	-0.001514	9.558711	0.001514	1.000522	-1.532816	
62	1.000425	-0.001341	9.704891	0.001341	1.000425	-1.290462	
63	1.000306	-0.001121	9.768895	0.001121	1.000306	-0.869976	
64	1.000267	-0.000925	9.868270	0.000925	1.000267	-0.657438	
65	1.000271	-0.000690	9.904111	0.000690	1.000271	-0.463620	
66	0.999667	-0.000822	10.554869	0.000822	0.999667	-0.439869	
67	1.000407	-0.000532	9.911106	0.000532	1.000407	-0.444182	
68	1.000359	-0.000759	9.939256	0.000759	1.000359	-0.627686	
69	1.000234	-0.001002	9.861965	0.001002	1.000234	-0.925025	
70	1.000275	-0.001242	9.717920	0.001242	1.000275	-1.254030	
71	1.000277	-0.001289	9.525175	0.001289	1.000277	-1.337699	
72	1.000245	-0.001312	9.231230	0.001312	1.000245	-1.346199	
73	1.000321	-0.001147	8.829735	0.001147	1.000321	-1.238369	
74	1.000378	-0.000919	8.186639	0.000919	1.000378	-1.115887	
75	1.002623	-0.000126	5.239879	0.000126	1.002623	-1.217947	
76	1.000649	-0.000667	6.666203	0.000667	1.000649	-1.132159	
77	1.000755	-0.000870	6.153186	0.000870	1.000755	-1.463293	
78	1.003092	0.000584	2.955721	-0.000584	1.003092	-1.114396	
79	1.001238	-0.000246	4.461905	0.000246	1.001238	-1.379327	
80	1.001086	-0.000192	4.103359	0.000192	1.001086	-1.343551	
81	1.001204	-0.000160	3.729784	0.000160	1.001204	-1.321297	
82	1.000927	-0.000252	3.832654	0.000252	1.000927	-1.152470	
83	1.000506	-0.000520	4.275221	0.000520	1.000506	-0.966997	
84	1.001390	-0.000361	3.194528	0.000361	1.001390	-0.847477	
85	1.001049	-0.000481	3.286558	0.000481	1.001049	-0.585659	
86	1.001044	-0.000280	2.822357	0.000280	1.001044	-0.201837	
87	1.000791	-0.000208	2.446049	0.000208	1.000791	-0.003335	
88	1.000813	-0.000065	1.770710	0.000065	1.000813	0.086736	
89	1.000595	0.000063	1.346038	-0.000063	1.000595	0.247335	
90	1.000349	0.000250	0.906858	-0.000250	1.000349	0.357829	
91	1.000045	0.000365	0.699825	-0.000365	1.000045	0.461035	
92	1.000241	0.000145	0.225813	-0.000145	1.000241	0.080562	
93	1.000051	0.000012	-0.100087	-0.000012	1.000051	-0.108393	
94	0.999746	0.000002	-0.069945	-0.000002	0.999746	-0.091136	
95	0.999539	0.000056	-0.052724	-0.000056	0.999539	-0.051872	
96	0.999453	0.000152	0.016558	-0.000152	0.999453	0.156785	
97	0.999685	0.000248	-0.239911	-0.000248	0.999685	0.286160	
98	0.999549	0.000353	-0.241727	-0.000353	0.999549	0.424085	
99	0.999485	0.000471	-0.367590	-0.000471	0.999485	0.537700	
100	0.999012	0.000231	-0.050455	-0.000231	0.999012	0.476970	
101	0.999169	0.000199	-0.262733	-0.000199	0.999169	0.510831	
102	0.999644	0.000697	-0.873188	-0.000697	0.999644	0.911651	
103	0.998728	0.000421	-0.075423	-0.000421	0.998728	0.935801	
104	0.998646	0.000429	-0.040203	-0.000429	0.998646	0.912394	
105	0.998456	0.000596	0.054126	-0.000596	0.998456	0.997639	
106	0.998373	0.000517	0.127560	-0.000517	0.998373	0.887911	
107	0.998212	0.000301	0.124990	-0.000301	0.998212	0.733150	
108	0.998262	0.000186	0.027267	-0.000186	0.998262	0.668958	
109	0.997931	0.000237	0.204170	-0.000237	0.997931	0.818060	
110	0.997831	0.000360	0.263148	-0.000360	0.997831	0.850115	
111	0.998545	0.000275	-0.379504	-0.000275	0.998545	0.662663	
112	0.998233	0.000533	-0.058619	-0.000533	0.998233	1.015881	
113	0.998786	0.000155	-0.543038	-0.000155	0.998786	0.375204	
114	0.998849	0.000364	-0.511776	-0.000364	0.998849	0.634363	
115	0.998973	0.000167	-0.595185	-0.000167	0.998973	0.398079	
116	0.999045	0.000085	-0.668169	-0.000085	0.999045	0.293293	
117	0.999043	0.000069	-0.659407	-0.000069	0.999043	0.297630	
118	0.998857	0.000282	-0.434698	-0.000282	0.998857	0.564531	
119	0.999104	0.000223	-0.839241	-0.000223	0.999104	0.326954	
120	0.998823	0.000333	-0.535012	-0.000333	0.998823	0.538004	
121	0.999201	0.000050	-1.053797	-0.000050	0.999201	0.390961	
122	0.999306	-0.000021	-1.113266	0.000021	0.999306	0.353069	
123	0.999507	-0.000070	-1.285138	0.000070	0.999507	0.311912	
124	0.998526	-0.000063	-0.198692	0.000063	0.998526	0.311463	
125	0.999649	-0.000026	-1.207181	0.000026	0.999649	0.175862	
126	0.999688	0.000185	-1.111393	-0.000185	0.999688	0.374130	
127	0.999799	0.000137	-1.075904	-0.000137	0.999799	0.334353	
128	0.999677	0.000081	-0.952172	-0.000081	0.999677	0.259301	
129	0.999630	0.000103	-0.936562	-0.000103	0.999630	0.358130	
130	0.999663	0.000199	-1.022730	-0.000199	0.999663	0.491033	
131	0.999572	0.000193	-1.054100	-0.000193	0.999572	0.430918	
132	0.999560	-0.000029	-1.181657	0.000029	0.999560	0.131325	
133	0.998807	0.000112	-0.456602	-0.000112	0.998807	0.155208	
134	0.999280	0.000252	-0.925795	-0.000252	0.999280	0.194795	
135	0.999380	0.000469	-0.820501	-0.000469	0.999380	0.320595	
136	0.999004	0.000505	-0.487734	-0.000505	0.999004	0.489529	
137	0.999258	0.000566	-0.414790	-0.000566	0.999258	0.382578	
138	0.999424	0.000414	-0.455294	-0.000414	0.999424	0.266312	
139	0.999321	0.000334	-0.026700	-0.000334	0.999321	0.264501	
140	0.999476	0.000214	-0.057275	-0.000214	0.999476	0.403604	
141	0.999451	0.000214	0.453399	-0.000214	0.999451	0.592492	
142	0.999540	0.000113	0.689659	-0.000113	0.999540	0.533775	
143	0.999617	0.000008	0.754707	-0.000008	0.999617	0.389252	
144	0.999593	-0.000025	0.912313	0.000025	0.999593	0.366080	
145	0.999578	-0.000003	0.935967	0.000003	0.999578	0.258370	
146	0.999564	0.000149	1.018143	-0.000149	0.999564	0.053586	
147	0.999751	0.000240	0.895655	-0.000240	0.999751	-0.200124	
148	0.999620	0.000249	1.041035	-0.000249	0.999620	-0.440398	
149	0.999724	0.000281	0.836040	-0.000281	0.999724	-0.514947	
150	0.999932	0.000194	0.598367	-0.000194	0.999932	-0.526859	
151	0.999999	0.000020	0.388733	-0.000020	0.999999	-0.397098	
152	1.000121	-0.000023	0.246240	0.000023	1.000121	-0.167227	
153	1.000164	-0.000014	0.219141	0.000014	1.000164	0.107340	
154	1.000169	-0.000041	0.029918	0.000041	1.000169	0.285747	
155	1.000195	0.000015	-0.242351	-0.000015	1.000195	0.372496	
156	1.000181	0.000135	-0.590939	-0.000135	1.000181	0.330380	
157	1.000110	0.000436	-0.780185	-0.000436	1.000110	0.527300	
158	1.000064	0.000327	-0.975903	-0.000327	1.000064	0.248291	
159	0.999947	0.000255	-0.996098	-0.000255	0.999947	0.152669	
160	0.999950	0.000251	-0.903688	-0.000251	0.999950	0.058755	
161	0.999861	0.000221	-0.791103	-0.000221	0.999861	-0.060181	
162	0.999884	0.000214	-0.801015	-0.000214	0.999884	-0.114201	
163	0.999991	0.000141	-0.984171	-0.000141	0.999991	-0.222684	
164	0.999986	0.000191	-1.114148	-0.000191	0.999986	-0.124590	
165	1.000128	0.000045	-1.539181	-0.000045	1.000128	-0.166216	
166	1.000097	0.000220	-1.643971	-0.000220	1.000097	-0.003650	
167	1.000217	0.000343	-1.803966	-0.000343	1.000217	0.123792	
168	1.000298	0.000586	-2.015199	-0.000586	1.000298	0.182986	
169	1.000351	0.000960	-2.221223	-0.000960	1.000351	0.339488	
170	1.000181	0.000734	-2.351801	-0.000734	1.000181	0.131091	
171	1.000175	0.000924	-2.433566	-0.000924	1.000175	0.138510	
172	1.000324	0.000602	-3.026071	-0.000602	1.000324	-0.141444	
173	1.000344	0.000496	-3.302478	-0.000496	1.000344	-0.131469	
174	1.000363	0.000463	-3.384339	-0.000463	1.000363	-0.109058	
175	1.001158	0.000677	-3.865874	-0.000677	1.001158	-0.040717	
176	1.000525	0.000346	-3.117717	-0.000346	1.000525	0.034471	
177	1.000728	0.000069	-3.012926	-0.000069	1.000728	0.065219	
178	1.001150	0.000015	-2.987265	-0.000015	1.001150	0.141442	
179	1.000969	-0.000004	-2.587279	0.000004	1.000969	0.218906	
180	1.001080	0.000179	-2.234871	-0.000179	1.001080	0.299425	
181	1.001203	0.000370	-1.886519	-0.000370	1.001203	0.393059	
182	1.001440	0.000558	-1.554614	-0.000558	1.001440	0.453708	
183	1.001010	0.000610	-1.467032	-0.000610	1.001010	0.372078	
184	1.001000	0.000629	-1.607650	-0.000629	1.001000	0.380287	
185	1.001314	0.000489	-1.730662	-0.000489	1.001314	0.204888	
186	1.001415	0.000250	-1.687433	-0.000250	1.001415	0.046528	
187	1.001361	0.000106	-1.462197	-0.000106	1.001361	-0.126422	
188	1.001516	0.000044	-0.993664	-0.000044	1.001516	-0.263865	
189	1.001585	-0.000076	-0.718692	0.000076	1.001585	-0.296060	
190	1.001671	-0.000009	-0.624206	0.000009	1.001671	-0.224910	
191	1.001710	0.000173	-0.589130	-0.000173	1.001710	-0.081912	
192	1.001650	0.000029	-0.668215	-0.000029	1.001650	-0.085758	
193	1.001044	-0.000146	-0.502225	0.000146	1.001044	-0.112744	
194	1.000861	-0.000173	-0.234198	0.000173	1.000861	-0.166023	
195	1.001458	0.000036	-0.136306	-0.000036	1.001458	-0.056765	
196	1.001501	-0.000185	-0.291597	0.000185	1.001501	-0.257936	
197	1.001430	-0.000107	-0.223089	0.000107	1.001430	-0.202725	
198	1.001313	-0.000237	-0.177952	0.000237	1.001313	-0.119254	
199	1.001513	-0.000199	-0.280854	0.000199	1.001513	-0.089380	
200	1.001391	-0.000124	-0.024216	0.000124	1.001391	-0.121894	
201	1.001253	-0.000177	0.299774	0.000177	1.001253	-0.163156	
202	1.001117	-0.000254	0.720599	0.000254	1.001117	-0.248854	
203	1.001110	-0.000271	1.095112	0.000271	1.001110	-0.256667	
204	1.001335	-0.000407	0.881496	0.000407	1.001335	-0.397255	
205	1.001190	-0.000472	1.046901	0.000472	1.001190	-0.341374	
206	1.001508	-0.000420	0.683648	0.000420	1.001508	-0.324490	
207	1.001585	-0.000567	0.563767	0.000567	1.001585	-0.412863	
208	1.001091	-0.000366	1.261304	0.000366	1.001091	-0.307329	
209	1.000993	-0.000407	1.114114	0.000407	1.000993	-0.294014	
210	1.001015	-0.000251	1.072834	0.000251	1.001015	-0.299004	
211	1.000547	-0.000354	1.251300	0.000354	1.000547	-0.247192	
212	1.000996	-0.000325	0.958581	0.000325	1.000996	-0.396193	
213	1.000705	-0.000397	1.010239	0.000397	1.000705	-0.389446	
214	1.000504	-0.000228	1.076339	0.000228	1.000504	-0.154148	
215	1.000622	-0.000362	0.945190	0.000362	1.000622	-0.165553	
216	1.000275	-0.000305	1.183575	0.000305	1.000275	-0.031569	
217	1.000251	-0.000292	1.210067	0.000292	1.000251	0.061084	
218	1.000559	-0.000203	1.100587	0.000203	1.000559	0.154234	
219	1.000926	-0.000398	0.566983	0.000398	1.000926	0.050859	
220	1.000534	-0.000307	0.983135	0.000307	1.000534	-0.080661	
221	1.000715	-0.000185	0.981673	0.000185	1.000715	-0.022389	
222	1.000374	-0.000684	1.134763	0.000684	1.000374	-0.218081	
223	1.000320	-0.000883	1.321037	0.000883	1.000320	-0.375061	
224	1.000096	-0.000934	1.513259	0.000934	1.000096	-0.345396	
225	1.000874	-0.000750	1.220023	0.000750	1.000874	-0.514854	
226	1.000274	-0.000753	1.415910	0.000753	1.000274	-0.323166	
227	1.000399	-0.000607	1.287264	0.000607	1.000399	-0.283367	
228	1.000421	-0.000541	1.229002	0.000541	1.000421	-0.179211	
229	1.000193	-0.000415	1.440474	0.000415	1.000193	-0.036390	
230	0.999789	-0.000417	1.755199	0.000417	0.999789	0.096566	
231	0.999627	-0.000436	1.992517	0.000436	0.999627	0.116009	
232	0.999777	-0.000669	2.088058	0.000669	0.999777	-0.190977	
233	0.999530	-0.001080	2.223206	0.001080	0.999530	-0.441192	
234	0.999590	-0.001165	2.275878	0.001165	0.999590	-0.657084	
235	0.999589	-0.001111	2.392090	0.001111	0.999589	-0.659327	
236	0.999151	-0.001495	2.542259	0.001495	0.999151	-0.756875	
237	0.999162	-0.001381	2.594378	0.001381	0.999162	-0.626074	
238	0.999207	-0.001286	2.565196	0.001286	0.999207	-0.508716	
239	0.999430	-0.001093	2.323009	0.001093	0.999430	-0.459931	
240	0.999782	-0.000817	2.095086	0.000817	0.999782	-0.293549	
241	0.999939	-0.000560	1.852698	0.000560	0.999939	-0.167570	
242	0.999929	-0.000651	1.684245	0.000651	0.999929	-0.078440	
243	0.999451	-0.000797	1.720739	0.000797	0.999451	-0.014218	
244	0.999126	-0.000684	1.823741	0.000684	0.999126	-0.006006	
245	0.999306	-0.000519	1.927155	0.000519	0.999306	-0.113901	
246	0.999293	-0.000656	1.695521	0.000656	0.999293	-0.215790	
247	0.999064	-0.000747	1.641063	0.000747	0.999064	-0.227963	
248	0.999074	-0.000798	1.717105	0.000798	0.999074	-0.301153	
249	0.998486	-0.000939	2.176770	0.000939	0.998486	-0.508732	
