0	1.000000	0.000000	0.000000	0.000000	1.000000	0.000000	
1	0.999935	-0.000519	1.129427	0.000519	0.999935	-0.350401	
2	0.999954	-0.000933	1.866127	0.000933	0.999954	-0.449493	
3	0.999884	-0.000552	1.203877	0.000552	0.999884	-0.226572	
4	1.000857	-0.000724	1.032290	0.000724	1.000857	-0.807901	
5	1.001283	-0.000410	-0.022536	0.000410	1.001283	-0.940258	
6	1.001616	-0.000359	-0.437466	0.000359	1.001616	-1.090995	
7	1.002423	-0.000345	-1.019078	0.000345	1.002423	-1.485259	
8	1.001716	-0.000163	-0.887962	0.000163	1.001716	-1.135036	
9	1.001819	-0.000081	-1.043075	0.000081	1.001819	-1.165135	
10	1.002771	-0.000054	-1.832824	0.000054	1.002771	-1.690059	
11	1.001993	-0.000041	-1.437256	0.000041	1.001993	-1.136189	
12	1.003029	-0.000065	-2.144263	0.000065	1.003029	-1.470763	
13	1.001896	0.000024	-1.353552	-0.000024	1.001896	-0.764939	
14	1.001979	0.000025	-1.450814	-0.000025	1.001979	-0.815830	
15	1.002837	0.000101	-2.354605	-0.000101	1.002837	-1.214148	
16	1.002041	0.000025	-1.666711	-0.000025	1.002041	-0.954977	
17	1.003115	0.000340	-2.804401	-0.000340	1.003115	-1.194204	
18	1.002023	0.000148	-1.930911	-0.000148	1.002023	-0.753246	
19	1.002124	0.000194	-2.132714	-0.000194	1.002124	-0.682111	
20	1.003005	0.000539	-3.226876	-0.000539	1.003005	-0.782945	
21	1.002106	0.000285	-2.272506	-0.000285	1.002106	-0.711235	
22	1.003169	0.000483	-3.277501	-0.000483	1.003169	-1.083286	
23	1.002064	0.000329	-2.121225	-0.000329	1.002064	-0.780939	
24	1.002165	0.000278	-2.246834	-0.000278	1.002165	-0.901567	
25	1.003129	0.000400	-3.409213	-0.000400	1.003129	-1.302792	
26	1.002089	0.000420	-2.289328	-0.000420	1.002089	-0.743258	
27	1.002591	0.000612	-3.121283	-0.000612	1.002591	-0.816183	
28	1.001461	0.000411	-1.940216	-0.000411	1.001461	-0.489754	
29	1.001307	0.000313	-1.664708	-0.000313	1.001307	-0.583215	
30	1.002003	0.000320	-2.276440	-0.000320	1.002003	-1.066061	
31	1.001246	0.000157	-1.313346	-0.000157	1.001246	-0.793789	
32	1.002020	0.000152	-1.982632	-0.000152	1.002020	-1.328861	
33	1.001032	0.000129	-1.082347	-0.000129	1.001032	-0.743924	
34	1.000735	0.000121	-0.901771	-0.000121	1.000735	-0.673036	
35	1.000905	0.000183	-1.245943	-0.000183	1.000905	-1.058250	
36	1.000406	0.000232	-0.799717	-0.000232	1.000406	-0.759644	
37	1.000422	0.000279	-1.047962	-0.000279	1.000422	-1.107839	
38	1.000550	0.000419	-1.123488	-0.000419	1.000550	-0.894766	
39	1.000405	0.000234	-0.920129	-0.000234	1.000405	-0.984845	
40	1.000770	0.000554	-1.622030	-0.000554	1.000770	-1.715973	
41	1.000560	0.000353	-1.132393	-0.000353	1.000560	-1.098069	
42	1.000892	0.000567	-1.716805	-0.000567	1.000892	-1.744059	
43	1.000483	0.000246	-1.151890	-0.000246	1.000483	-1.183238	
44	1.000527	0.000423	-1.177116	-0.000423	1.000527	-1.089274	
45	1.000854	0.000662	-1.732208	-0.000662	1.000854	-1.870057	
46	1.000498	0.000295	-0.940925	-0.000295	1.000498	-1.228415	
47	1.000680	0.000474	-1.439644	-0.000474	1.000680	-1.866941	
48	1.000019	0.000381	-0.707224	-0.000381	1.000019	-0.965152	
49	0.999501	0.000372	-0.357747	-0.000372	0.999501	-0.820185	
50	0.998179	0.000459	0.277899	-0.000459	0.998179	-0.902870	
51	0.997765	0.000322	0.830938	-0.000322	0.997765	-0.158165	
52	0.995716	0.000469	1.907571	-0.000469	0.995716	0.206839	
53	0.996648	0.000318	1.628863	-0.000318	0.996648	0.494068	
54	0.996391	0.000159	1.960335	-0.000159	0.996391	0.597249	
55	0.993857	0.000126	3.656584	-0.000126	0.993857	1.259377	
56	0.995379	0.000024	2.940654	-0.000024	0.995379	1.195424	
57	0.993189	-0.000159	4.685901	0.000159	0.993189	1.803179	
58	0.995174	-0.000130	3.279249	0.000130	0.995174	1.366004	
59	0.995338	-0.000087	3.223752	0.000087	0.995338	1.396289	
60	0.992918	-0.000210	4.941228	0.000210	0.992918	2.067414	
61	0.995450	-0.000153	3.123212	0.000153	0.995450	1.481954	
62	0.998158	-0.000146	1.371609	0.000146	0.998158	0.286174	
63	0.999836	-0.000049	0.135717	0.000049	0.999836	-0.145759	
64	0.999920	-0.000050	0.101378	0.000050	0.999920	-0.086956	
65	0.999943	-0.000138	0.332355	0.000138	0.999943	-0.233555	
66	0.999911	-0.000064	0.194859	0.000064	0.999911	-0.156145	
67	0.999851	-0.000305	0.666218	0.000305	0.999851	-0.376941	
68	0.999900	-0.000242	0.576462	0.000242	0.999900	-0.227995	
69	0.999920	-0.000378	0.746436	0.000378	0.999920	-0.322831	
70	0.999907	-0.000599	1.488055	0.000599	0.999907	-0.603886	
71	0.999910	-0.000486	1.138358	0.000486	0.999910	-0.497358	
72	1.000020	-0.000813	1.976110	0.000813	1.000020	-1.035729	
73	1.000018	-0.000645	1.372795	0.000645	1.000018	-0.940774	
74	1.000086	-0.000681	1.357066	0.000681	1.000086	-0.949175	
75	1.000130	-0.001197	2.417895	0.001197	1.000130	-1.400840	
76	0.999906	-0.000819	1.695291	0.000819	0.999906	-0.807625	
77	0.999742	-0.001277	2.797425	0.001277	0.999742	-0.839862	
78	0.999762	-0.000938	1.962030	0.000938	0.999762	-0.406521	
79	0.999727	-0.000875	1.910065	0.000875	0.999727	-0.223331	
80	0.999525	-0.001282	2.978607	0.001282	0.999525	-0.277986	
81	0.999747	-0.000835	1.783077	0.000835	0.999747	-0.218459	
82	0.999594	-0.001170	2.743634	0.001170	0.999594	-0.352805	
83	0.999700	-0.000860	1.594227	0.000860	0.999700	-0.260330	
84	0.999720	-0.000773	1.540099	0.000773	0.999720	-0.141567	
85	0.999549	-0.001074	2.499054	0.001074	0.999549	0.026528	
86	0.999968	-0.000693	1.212374	0.000693	0.999968	-0.049172	
87	1.000340	-0.000894	1.705585	0.000894	1.000340	-0.148891	
88	1.000611	-0.000562	0.599794	0.000562	1.000611	-0.192207	
89	1.000782	-0.000610	0.591543	0.000610	1.000782	-0.319384	
90	1.001697	-0.000803	0.807736	0.000803	1.001697	-0.703020	
91	1.001376	-0.000639	0.249848	0.000639	1.001376	-0.712516	
92	1.001502	-0.000533	0.087363	0.000533	1.001502	-0.784760	
93	1.002110	-0.000751	0.513398	0.000751	1.002110	-1.292491	
94	1.001604	-0.000655	0.185772	0.000655	1.001604	-1.114100	
95	1.002397	-0.000980	0.660594	0.000980	1.002397	-1.703613	
96	1.001581	-0.000747	0.367863	0.000747	1.001581	-1.176269	
97	1.001129	-0.000725	0.614558	0.000725	1.001129	-0.848310	
98	0.999504	-0.001235	2.701411	0.001235	0.999504	-0.180769	
99	0.999700	-0.000805	1.880809	0.000805	0.999700	-0.027567	
100	0.999565	-0.001229	2.954452	0.001229	0.999565	-0.022059	
101	0.999715	-0.000948	1.968173	0.000948	0.999715	-0.129965	
102	0.999805	-0.000866	1.970132	0.000866	0.999805	-0.083649	
103	0.999304	-0.001484	3.503972	0.001484	0.999304	-0.121779	
104	0.999792	-0.001085	2.310682	0.001085	0.999792	-0.297288	
105	0.999776	-0.001433	3.175555	0.001433	0.999776	-0.354463	
106	0.999811	-0.001018	2.223601	0.001018	0.999811	-0.278354	
107	0.999877	-0.001050	2.217712	0.001050	0.999877	-0.256106	
108	0.999734	-0.001405	3.339838	0.001405	0.999734	-0.305237	
109	0.999793	-0.000891	2.018930	0.000891	0.999793	-0.180776	
110	0.999547	-0.001254	2.811411	0.001254	0.999547	-0.113556	
111	0.999761	-0.000688	1.716667	0.000688	0.999761	0.106413	
112	0.999583	-0.000572	1.757407	0.000572	0.999583	0.396056	
113	0.999348	-0.001032	2.785263	0.001032	0.999348	0.756962	
114	0.999497	-0.000582	1.648264	0.000582	0.999497	0.819761	
115	0.999095	-0.001050	2.706546	0.001050	0.999095	1.662139	
116	0.999331	-0.000578	1.705506	0.000578	0.999331	1.398740	
117	1.000083	-0.000527	1.266977	0.000527	1.000083	1.190682	
118	1.001313	-0.000671	0.898913	0.000671	1.001313	1.285159	
119	1.001174	-0.000294	0.224847	0.000294	1.001174	0.769661	
120	1.002254	-0.000493	-0.255541	0.000493	1.002254	0.779558	
121	1.001931	-0.000241	-0.517831	0.000241	1.001931	0.220892	
122	1.001918	-0.000167	-0.677065	0.000167	1.001918	0.090470	
123	1.003487	-0.000044	-1.653726	0.000044	1.003487	-0.228550	
124	1.002245	-0.000003	-1.213820	0.000003	1.002245	-0.146129	
125	1.003451	0.000163	-2.151477	-0.000163	1.003451	-0.117078	
126	1.002443	0.000152	-1.699013	-0.000152	1.002443	-0.052237	
127	1.002182	0.000116	-1.590676	-0.000116	1.002182	0.124433	
128	1.003337	0.000587	-2.702622	-0.000587	1.003337	0.518511	
129	1.002520	0.000184	-1.867204	-0.000184	1.002520	0.281605	
130	1.003874	0.000253	-2.839438	-0.000253	1.003874	0.579766	
131	1.002813	0.000208	-2.048306	-0.000208	1.002813	0.283443	
132	1.002715	0.000203	-2.118264	-0.000203	1.002715	0.386526	
133	1.003922	0.000356	-3.107071	-0.000356	1.003922	0.503893	
134	1.002734	0.000343	-2.203745	-0.000343	1.002734	0.291290	
135	1.004192	0.000490	-3.398641	-0.000490	1.004192	0.282504	
136	1.002997	0.000399	-2.512127	-0.000399	1.002997	-0.149224	
137	1.002971	0.000377	-2.516718	-0.000377	1.002971	-0.209498	
138	1.004635	0.000727	-4.197636	-0.000727	1.004635	-0.627363	
139	1.003279	0.000514	-2.983176	-0.000514	1.003279	-0.711664	
140	1.004983	0.000896	-4.600129	-0.000896	1.004983	-1.076102	
141	1.003334	0.000562	-3.043739	-0.000562	1.003334	-0.847951	
142	1.003366	0.000452	-2.935848	-0.000452	1.003366	-0.916049	
143	1.004922	0.000706	-4.171766	-0.000706	1.004922	-1.185565	
144	1.003183	0.000263	-2.437743	-0.000263	1.003183	-0.754444	
145	1.004692	0.000331	-3.236525	-0.000331	1.004692	-0.904103	
146	1.003052	0.000127	-1.928410	-0.000127	1.003052	-0.481975	
147	1.003120	0.000079	-1.911491	-0.000079	1.003120	-0.414700	
148	1.004473	0.000090	-2.565694	-0.000090	1.004473	-0.554753	
149	1.002927	-0.000022	-1.475647	0.000022	1.002927	-0.397671	
150	1.004632	-0.000067	-2.366344	0.000067	1.004632	-0.882426	
151	1.003050	0.000037	-1.716003	-0.000037	1.003050	-0.616195	
152	1.003039	0.000072	-1.865220	-0.000072	1.003039	-0.675073	
153	1.004693	0.000147	-2.862265	-0.000147	1.004693	-1.227602	
154	1.003133	0.000185	-1.905290	-0.000185	1.003133	-0.877099	
155	1.004797	0.000258	-3.189549	-0.000258	1.004797	-1.474571	
156	1.002928	0.000229	-2.147679	-0.000229	1.002928	-0.819870	
157	1.002874	0.000182	-2.023846	-0.000182	1.002874	-0.779804	
158	1.004286	0.000267	-2.823420	-0.000267	1.004286	-0.939438	
159	1.002712	0.000187	-1.792530	-0.000187	1.002712	-0.453135	
160	1.004230	0.000310	-2.923781	-0.000310	1.004230	-0.725502	
161	1.002288	0.000219	-1.619432	-0.000219	1.002288	-0.312960	
162	1.002322	0.000229	-1.612214	-0.000229	1.002322	-0.350514	
163	1.001379	0.000194	-0.927341	-0.000194	1.001379	0.123739	
164	0.999962	0.000117	0.086159	-0.000117	0.999962	0.461907	
165	0.999844	0.000142	0.214390	-0.000142	0.999844	0.468389	
166	0.999964	0.000028	0.104247	-0.000028	0.999964	0.085453	
167	0.999975	0.000048	0.026799	-0.000048	0.999975	0.028670	
168	1.000197	0.000084	-0.350215	-0.000084	1.000197	-0.347360	
169	1.000280	0.000122	-0.593827	-0.000122	1.000280	-0.665988	
170	1.000575	0.000121	-0.831861	-0.000121	1.000575	-1.240983	
171	1.000172	0.000132	-0.334106	-0.000132	1.000172	-0.528749	
172	1.000159	0.000240	-0.399692	-0.000240	1.000159	-0.295578	
173	1.000097	0.000284	-0.719459	-0.000284	1.000097	-0.114748	
174	0.999982	0.000260	-0.512852	-0.000260	0.999982	0.115626	
175	0.999943	0.000118	-0.170766	-0.000118	0.999943	0.047163	
176	1.000101	0.000098	-0.132148	-0.000098	1.000101	-0.264517	
177	1.000186	-0.000014	-0.030558	0.000014	1.000186	-0.612185	
178	1.000485	-0.000004	-0.197837	0.000004	1.000485	-1.205920	
179	1.000259	-0.000165	-0.051524	0.000165	1.000259	-0.924201	
180	1.000318	0.000008	-0.099816	-0.000008	1.000318	-0.886210	
181	1.000390	-0.000068	-0.059268	0.000068	1.000390	-1.140156	
182	1.000193	-0.000022	0.071202	0.000022	1.000193	-0.564797	
183	1.000082	-0.000029	0.055240	0.000029	1.000082	-0.349086	
184	0.999947	-0.000004	0.042350	0.000004	0.999947	-0.038191	
185	0.999883	0.000027	0.059014	-0.000027	0.999883	0.065788	
186	0.999708	0.000115	0.087394	-0.000115	0.999708	0.508802	
187	0.999870	0.000064	0.087605	-0.000064	0.999870	0.183855	
188	0.999945	0.000069	-0.029743	-0.000069	0.999945	0.086964	
189	0.999920	0.000030	0.019860	-0.000030	0.999920	0.042518	
190	0.999929	0.000004	0.054231	-0.000004	0.999929	0.028827	
191	0.999673	-0.000155	0.610611	0.000155	0.999673	0.249084	
192	0.999790	-0.000269	0.777837	0.000269	0.999790	0.103108	
193	0.999786	-0.000480	1.128471	0.000480	0.999786	-0.108914	
194	0.999733	-0.000435	0.972204	0.000435	0.999733	-0.060250	
195	0.999754	-0.000446	1.096631	0.000446	0.999754	-0.028761	
196	0.999644	-0.000605	1.587281	0.000605	0.999644	0.067551	
197	0.999620	-0.000393	1.159702	0.000393	0.999620	0.283667	
198	0.999460	-0.000585	1.796719	0.000585	0.999460	0.441650	
199	0.999720	-0.000494	1.178871	0.000494	0.999720	0.234591	
200	0.999736	-0.000420	1.053778	0.000420	0.999736	0.262181	
201	0.999413	-0.000594	1.780035	0.000594	0.999413	0.531479	
202	0.999686	-0.000542	1.205205	0.000542	0.999686	0.293689	
203	0.999489	-0.000569	1.849878	0.000569	0.999489	0.513626	
204	0.999728	-0.000536	1.354665	0.000536	0.999728	0.116880	
205	0.999843	-0.000571	1.239635	0.000571	0.999843	-0.036463	
206	1.000253	-0.000889	1.682492	0.000889	1.000253	-0.566445	
207	1.000483	-0.000573	0.823898	0.000573	1.000483	-0.663942	
208	1.001325	-0.000610	0.389622	0.000610	1.001325	-1.153677	
209	1.000873	-0.000194	-0.081378	0.000194	1.000873	-0.525810	
210	1.000924	-0.000082	-0.362148	0.000082	1.000924	-0.312569	
211	1.001489	-0.000033	-0.876585	0.000033	1.001489	-0.272888	
212	1.001086	0.000009	-0.656000	-0.000009	1.001086	-0.062217	
213	1.001849	-0.000025	-1.093363	0.000025	1.001849	-0.258858	
214	1.001332	-0.000055	-0.749545	0.000055	1.001332	-0.296597	
215	1.001476	-0.000014	-0.872759	0.000014	1.001476	-0.383433	
216	1.002339	-0.000056	-1.309185	0.000056	1.002339	-0.783666	
217	1.001726	-0.000035	-0.959585	0.000035	1.001726	-0.763318	
218	1.002478	-0.000050	-1.373515	0.000050	1.002478	-1.053946	
219	1.001725	-0.000026	-0.965886	0.000026	1.001725	-0.789253	
220	1.001677	-0.000010	-0.919994	0.000010	1.001677	-0.702213	
221	1.002450	-0.000061	-1.339213	0.000061	1.002450	-0.971721	
222	1.001687	0.000039	-1.047767	-0.000039	1.001687	-0.560683	
223	1.002374	0.000074	-1.524206	-0.000074	1.002374	-0.720834	
224	1.001693	0.000076	-1.152057	-0.000076	1.001693	-0.540900	
225	1.001662	0.000086	-1.086861	-0.000086	1.001662	-0.528079	
226	1.002392	0.000037	-1.546350	-0.000037	1.002392	-0.757193	
227	1.001527	0.000056	-1.026078	-0.000056	1.001527	-0.399541	
228	1.001932	0.000049	-1.302347	-0.000049	1.001932	-0.510374	
229	1.001419	-0.000028	-0.864122	0.000028	1.001419	-0.475894	
230	1.001500	-0.000051	-0.863273	0.000051	1.001500	-0.601611	
231	1.002172	0.000018	-1.295351	-0.000018	1.002172	-0.905903	
232	1.001495	0.000017	-0.977987	-0.000017	1.001495	-0.638057	
233	1.002203	0.000043	-1.359427	-0.000043	1.002203	-0.964088	
234	1.001552	0.000033	-0.908145	-0.000033	1.001552	-0.710233	
235	1.001538	-0.000042	-0.803463	0.000042	1.001538	-0.788521	
236	1.002194	-0.000000	-1.104688	0.000000	1.002194	-1.177056	
237	1.001542	-0.000085	-0.742010	0.000085	1.001542	-0.848803	
238	1.001717	-0.000196	-0.559978	0.000196	1.001717	-1.140679	
239	1.000609	-0.000262	0.119953	0.000262	1.000609	-0.744355	
240	1.000530	-0.000297	0.244497	0.000297	1.000530	-0.850551	
241	1.000627	-0.000396	0.479421	0.000396	1.000627	-1.222058	
242	1.000432	-0.000407	0.460198	0.000407	1.000432	-1.022117	
243	1.000342	-0.000781	1.151324	0.000781	1.000342	-1.533577	
244	1.000285	-0.000652	1.083678	0.000652	1.000285	-1.214216	
245	1.000050	-0.000797	1.603451	0.000797	1.000050	-1.235371	
246	1.000088	-0.001302	2.446017	0.001302	1.000088	-1.713765	
247	0.999943	-0.000930	1.719640	0.000930	0.999943	-0.977689	
248	0.999686	-0.001502	3.222842	0.001502	0.999686	-0.902123	
249	0.999593	-0.001182	2.637893	0.001182	0.999593	-0.483691	
250	0.999537	-0.001174	2.846958	0.001174	0.999537	-0.423826	
251	0.999447	-0.001974	4.483083	0.001974	0.999447	-0.974862	
252	0.999750	-0.001353	2.849464	0.001353	0.999750	-0.900478	
253	0.999717	-0.002347	4.608106	0.002347	0.999717	-1.479085	
254	1.000750	-0.001463	2.804624	0.001463	1.000750	-1.274919	
255	1.000967	-0.001538	2.848414	0.001538	1.000967	-1.217571	
256	1.002512	-0.002381	4.025084	0.002381	1.002512	-2.163789	
257	1.001576	-0.002031	2.734916	0.002031	1.001576	-1.679326	
258	1.001461	-0.001836	3.057971	0.001836	1.001461	-1.475511	
259	1.003997	-0.000370	4.983978	0.000370	1.003997	-1.228175	
260	1.002340	-0.002007	3.141339	0.002007	1.002340	-2.002723	
261	1.005116	-0.000638	4.676269	0.000638	1.005116	-2.284126	
262	1.003551	-0.001641	2.735657	0.001641	1.003551	-2.425769	
263	1.003323	-0.002019	2.533472	0.002019	1.003323	-2.761883	
264	1.005958	-0.001091	3.638521	0.001091	1.005958	-3.120016	
265	1.002960	-0.001910	2.187994	0.001910	1.002960	-2.594763	
266	1.006070	-0.001924	2.165318	0.001924	1.006070	-3.748167	
267	1.003976	-0.001249	0.752486	0.001249	1.003976	-2.408061	
268	1.003966	-0.001152	0.536132	0.001152	1.003966	-2.332809	
269	1.005446	-0.001775	0.724842	0.001775	1.005446	-3.381432	
270	1.003737	-0.000967	-0.061344	0.000967	1.003737	-2.297595	
271	1.005502	-0.001474	-0.477700	0.001474	1.005502	-3.554334	
272	1.003576	-0.000715	-0.722285	0.000715	1.003576	-2.207733	
273	1.003246	-0.000397	-0.742588	0.000397	1.003246	-1.826276	
274	1.003348	-0.000770	-0.378091	0.000770	1.003348	-2.147474	
275	1.002415	-0.000448	-0.451115	0.000448	1.002415	-1.588836	
276	1.003197	-0.000376	-1.235218	0.000376	1.003197	-2.098721	
277	1.002498	-0.000042	-1.236755	0.000042	1.002498	-1.488032	
278	1.002391	0.000038	-1.320675	-0.000038	1.002391	-1.377065	
279	1.003458	0.000063	-2.193794	-0.000063	1.003458	-1.977051	
280	1.001890	0.000218	-1.234853	-0.000218	1.001890	-0.957192	
281	1.001072	-0.000012	-0.651063	0.000012	1.001072	-1.048092	
282	1.000658	0.000040	-0.258511	-0.000040	1.000658	-0.623430	
283	1.000725	-0.000063	-0.046657	0.000063	1.000725	-0.690163	
284	1.000973	-0.000330	0.106718	0.000330	1.000973	-1.719081	
285	1.000928	-0.000151	-0.175332	0.000151	1.000928	-1.471390	
286	1.001577	-0.000335	-0.406749	0.000335	1.001577	-2.754227	
287	1.001186	-0.000168	-0.461631	0.000168	1.001186	-1.841849	
288	1.001192	-0.000124	-0.599297	0.000124	1.001192	-1.836392	
289	1.001501	-0.000223	-0.887257	0.000223	1.001501	-2.787070	
290	1.001154	-0.000168	-0.567601	0.000168	1.001154	-1.948913	
291	1.001442	-0.000381	-0.794793	0.000381	1.001442	-3.087244	
292	1.001501	-0.000051	-0.817938	0.000051	1.001501	-2.308558	
293	1.001302	-0.000104	-0.663457	0.000104	1.001302	-2.230879	
294	1.001975	-0.000144	-1.121693	0.000144	1.001975	-3.617752	
295	1.001385	0.000076	-1.108745	-0.000076	1.001385	-2.165318	
296	1.001602	0.000055	-1.410344	-0.000055	1.001602	-3.062915	
297	1.000988	0.000119	-0.868201	-0.000119	1.000988	-1.686105	
298	1.001116	0.000184	-1.067679	-0.000184	1.001116	-1.606783	
299	1.001348	0.000000	-1.397380	-0.000000	1.001348	-2.493550	
300	1.001047	0.000329	-1.300613	-0.000329	1.001047	-1.530423	
301	1.001700	0.000362	-2.156627	-0.000362	1.001700	-2.519780	
302	1.001081	0.000477	-1.766161	-0.000477	1.001081	-1.274609	
303	1.001002	0.000752	-2.196994	-0.000752	1.001002	-0.975702	
304	1.001791	0.001641	-4.615609	-0.001641	1.001791	-0.890587	
305	1.000969	0.001375	-3.342354	-0.001375	1.000969	-0.075166	
306	1.000942	0.002310	-5.210349	-0.002310	1.000942	0.018649	
307	1.001166	0.001578	-4.018963	-0.001578	1.001166	-0.236913	
308	1.001356	0.001754	-4.276027	-0.001754	1.001356	-0.280448	
309	1.006107	0.003382	-8.097423	-0.003382	1.006107	-1.868409	
310	1.001260	0.001868	-4.417508	-0.001868	1.001260	-0.198752	
311	1.004031	0.003261	-6.651514	-0.003261	1.004031	-0.982850	
312	1.000668	0.001655	-3.182312	-0.001655	1.000668	-0.140647	
313	1.000818	0.001681	-3.623538	-0.001681	1.000818	-0.165143	
314	0.999740	0.001649	-5.652093	-0.001649	0.999740	-0.193829	
315	1.000637	0.001857	-4.091645	-0.001857	1.000637	0.480240	
316	1.000284	0.003276	-6.040845	-0.003276	1.000284	1.885909	
317	1.000482	0.002047	-4.417875	-0.002047	1.000482	1.488051	
318	1.000410	0.001990	-4.533806	-0.001990	1.000410	1.610211	
319	1.004887	0.006245	-9.150961	-0.006245	1.004887	1.433345	
320	1.001441	0.001999	-4.746028	-0.001999	1.001441	0.827686	
321	0.999292	0.000214	-7.575993	-0.000214	0.999292	0.042116	
322	1.001721	0.003521	-5.561957	-0.003521	1.001721	1.417619	
323	1.002393	0.003204	-5.269516	-0.003204	1.002393	1.062062	
324	1.004293	0.006585	-8.542028	-0.006585	1.004293	2.097029	
325	0.998942	0.002538	-4.100789	-0.002538	0.998942	2.292977	
326	1.004396	0.006277	-9.248477	-0.006277	1.004396	1.967785	
327	0.999192	0.002741	-4.947752	-0.002741	0.999192	2.147876	
328	0.999728	0.002385	-5.380760	-0.002385	0.999728	1.873787	
329	0.997048	0.000688	-8.715714	-0.000688	0.997048	1.710145	
330	1.005154	0.005204	-8.858704	-0.005204	1.005154	0.615966	
331	0.996513	0.000742	-12.717092	-0.000742	0.996513	1.707453	
332	0.997612	0.000644	-9.414286	-0.000644	0.997612	1.327585	
333	0.997263	0.000761	-9.763174	-0.000761	0.997263	1.368464	
334	0.995120	0.001330	-14.912807	-0.001330	0.995120	2.096175	
335	0.996616	0.000660	-10.027677	-0.000660	0.996616	1.121561	
336	0.994680	0.000826	-16.691664	-0.000826	0.994680	1.098074	
337	0.997169	0.000533	-12.380965	-0.000533	0.997169	0.461810	
338	0.996772	0.001188	-12.625118	-0.001188	0.996772	1.064460	
339	0.996608	0.001501	-21.433581	-0.001501	0.996608	1.699359	
340	0.996884	0.000930	-15.532040	-0.000930	0.996884	1.533086	
341	0.997156	0.000928	-17.474743	-0.000928	0.997156	1.578915	
342	0.995779	0.001559	-28.511906	-0.001559	0.995779	2.232956	
343	0.997109	0.001476	-19.441970	-0.001476	0.997109	1.401693	
344	0.995825	0.002025	-30.282821	-0.002025	0.995825	1.610071	
345	0.997292	0.001764	-20.988964	-0.001764	0.997292	1.067038	
346	0.997367	0.001480	-21.013434	-0.001480	0.997367	0.783739	
347	0.995473	0.002423	-31.750815	-0.002423	0.995473	1.577802	
348	0.997084	0.001681	-20.854015	-0.001681	0.997084	1.093416	
349	0.996089	0.002402	-32.046424	-0.002402	0.996089	1.686697	
350	0.997816	0.001744	-21.602829	-0.001744	0.997816	1.420132	
351	0.997357	0.001630	-21.621695	-0.001630	0.997357	1.744388	
352	0.995971	0.002349	-32.223216	-0.002349	0.995971	3.105512	
353	0.998886	0.002375	-1.402464	-0.002375	0.998886	2.240722	
354	0.997267	0.002439	-31.938534	-0.002439	0.997267	3.377375	
355	0.999312	0.001513	-21.467139	-0.001513	0.999312	1.620944	
356	0.998963	0.001509	-21.209806	-0.001509	0.998963	1.602712	
357	0.998206	0.002625	-31.420511	-0.002625	0.998206	2.441474	
358	0.999552	0.001847	-20.502901	-0.001847	0.999552	1.400865	
359	0.997132	0.002909	-28.413124	-0.002909	0.997132	3.074212	
360	0.997985	0.002102	-18.567275	-0.002102	0.997985	1.900537	
361	1.000234	0.003808	-2.921555	-0.003808	1.000234	2.219392	
362	0.996322	0.001708	-27.796768	-0.001708	0.996322	0.677138	
363	1.000334	0.005087	-3.954614	-0.005087	1.000334	2.560611	
364	0.996159	0.002485	-26.547071	-0.002485	0.996159	-0.212780	
365	0.996696	0.001910	-16.928309	-0.001910	0.996696	0.163548	
366	0.996699	0.001374	-17.115714	-0.001374	0.996699	-0.150665	
367	0.995053	0.002210	-25.985145	-0.002210	0.995053	-0.090821	
368	0.996927	0.001508	-17.198641	-0.001508	0.996927	0.171854	
369	1.003925	0.003723	-4.910905	-0.003723	1.003925	-0.256590	
370	1.003400	0.005241	-5.715338	-0.005241	1.003400	1.159902	
371	0.996261	0.001594	-16.787529	-0.001594	0.996261	1.369566	
372	0.996541	0.002653	-27.523996	-0.002653	0.996541	2.010396	
373	0.998602	0.001508	-19.270321	-0.001508	0.998602	1.272008	
374	1.000196	0.003053	-30.518516	-0.003053	1.000196	2.317603	
375	0.998397	0.001822	-19.297946	-0.001822	0.998397	2.205456	
376	0.998396	0.002114	-19.474806	-0.002114	0.998396	2.588283	
377	0.997079	0.002364	-29.186563	-0.002364	0.997079	3.810402	
378	0.998004	0.001655	-18.251882	-0.001655	0.998004	2.837275	
379	0.998761	0.003350	-27.988380	-0.003350	0.998761	4.427611	
380	0.999697	0.002125	-18.763966	-0.002125	0.999697	2.786757	
381	1.000487	0.002284	-18.827636	-0.002284	1.000487	2.563784	
382	0.999921	0.003380	-27.522519	-0.003380	0.999921	4.326705	
383	0.999857	0.001995	-17.995800	-0.001995	0.999857	2.565565	
384	1.000035	0.003587	-26.607619	-0.003587	1.000035	3.826453	
385	1.000615	0.004932	-3.953591	-0.004932	1.000615	2.979615	
386	1.000166	0.003976	-2.801888	-0.003976	1.000166	2.474472	
387	1.000143	0.002758	-24.810442	-0.002758	1.000143	2.575960	
388	1.000459	0.001885	-16.397451	-0.001885	1.000459	1.566458	
389	0.999919	0.002668	-24.182330	-0.002668	0.999919	2.479316	
390	1.000593	0.001776	-16.046476	-0.001776	1.000593	1.561615	
391	1.000053	0.001790	-15.433599	-0.001790	1.000053	1.922650	
392	1.000114	0.002642	-22.789695	-0.002642	1.000114	2.869536	
393	1.000814	0.002122	-15.408563	-0.002122	1.000814	1.895383	
394	0.999696	0.002004	-21.548976	-0.002004	0.999696	2.688840	
395	1.000395	0.001769	-13.788234	-0.001769	1.000395	1.935008	
396	0.999760	0.001404	-12.876175	-0.001404	0.999760	2.137144	
397	1.000014	0.002030	-19.141405	-0.002030	1.000014	2.908541	
398	0.999947	0.001216	-12.266405	-0.001216	0.999947	1.949849	
399	1.000467	0.002048	-18.003606	-0.002048	1.000467	2.758618	
400	1.000408	0.001441	-11.586391	-0.001441	1.000408	1.810791	
401	1.000324	0.001533	-11.322197	-0.001533	1.000324	1.934018	
402	0.999729	0.001711	-16.194928	-0.001711	0.999729	3.273702	
403	0.990036	0.002957	3.316472	-0.002957	0.990036	7.210766	
404	0.999738	0.001529	-14.658348	-0.001529	0.999738	3.085224	
405	0.990178	0.004927	1.291864	-0.004927	0.990178	8.653907	
406	0.991423	0.003854	0.428852	-0.003854	0.991423	6.872175	
407	1.000335	0.001679	-13.842221	-0.001679	1.000335	2.669904	
408	0.994516	0.003816	-1.942523	-0.003816	0.994516	5.698836	
409	0.999967	0.001421	-11.407321	-0.001421	0.999967	2.624870	
410	1.000195	0.002802	-5.912035	-0.002802	1.000195	2.480910	
411	1.000894	0.001389	-6.654783	-0.001389	1.000894	1.656927	
412	1.002299	0.001566	-9.943054	-0.001566	1.002299	2.239156	
413	1.001195	0.002199	-5.382587	-0.002199	1.001195	2.162359	
414	1.003478	0.002007	-8.726992	-0.002007	1.003478	2.561565	
415	1.001278	0.001431	-3.873732	-0.001431	1.001278	1.631651	
416	1.001575	0.001293	-3.428979	-0.001293	1.001575	1.212722	
417	1.002551	0.001431	-4.362253	-0.001431	1.002551	1.066449	
418	1.001663	0.000708	-2.579115	-0.000708	1.001663	0.508130	
419	1.002561	0.001155	-4.138098	-0.001155	1.002561	1.036972	
420	1.001965	0.000767	-2.846183	-0.000767	1.001965	0.813560	
421	1.002060	0.000741	-2.582076	-0.000741	1.002060	0.930849	
422	1.003628	0.000869	-3.838665	-0.000869	1.003628	0.877758	
423	1.002181	0.000277	-2.126218	-0.000277	1.002181	0.272608	
424	1.002368	0.000146	-2.124356	-0.000146	1.002368	-0.055754	
425	1.003748	0.000002	-2.586741	-0.000002	1.003748	-0.565257	
426	1.002516	-0.000117	-1.250993	0.000117	1.002516	-0.536720	
427	1.004157	-0.000360	-1.797898	0.000360	1.004157	-1.366868	
428	1.002778	-0.000432	-1.072066	0.000432	1.002778	-1.102049	
429	1.002766	-0.000506	-0.950996	0.000506	1.002766	-1.157504	
430	1.004129	-0.000723	-0.910049	0.000723	1.004129	-1.801618	
431	1.002732	-0.000591	-0.268134	0.000591	1.002732	-1.260218	
432	1.002650	-0.001010	0.508744	0.001010	1.002650	-1.443747	
433	1.000499	-0.000738	1.071340	0.000738	1.000499	-0.422817	
434	0.999794	-0.000797	1.853234	0.000797	0.999794	-0.114649	
435	0.999509	-0.001238	3.455951	0.001238	0.999509	-0.210886	
436	0.999519	-0.000996	2.597074	0.000996	0.999519	-0.343209	
437	0.999795	-0.001887	3.504932	0.001887	0.999795	-1.258249	
438	0.999885	-0.001470	2.257111	0.001470	0.999885	-1.145440	
439	0.999669	-0.001258	2.413493	0.001258	0.999669	-0.697425	
440	0.999334	-0.001560	3.896905	0.001560	0.999334	-0.543870	
441	0.999593	-0.001112	2.324944	0.001112	0.999593	-0.326902	
442	0.999130	-0.001624	3.817512	0.001624	0.999130	-0.319809	
443	0.999557	-0.001291	2.528320	0.001291	0.999557	-0.578272	
444	1.000060	-0.001425	2.468432	0.001425	1.000060	-1.095278	
445	0.999450	-0.002452	5.406868	0.002452	0.999450	-1.881759	
446	0.999956	-0.001945	3.767856	0.001945	0.999956	-1.716936	
447	0.999203	-0.001216	6.961310	0.001216	0.999203	-1.033483	
448	0.999565	-0.001988	4.214802	0.001988	0.999565	-1.051672	
449	0.999289	-0.001903	4.315944	0.001903	0.999289	-0.647545	
450	0.994572	-0.003755	8.598375	0.003755	0.994572	0.536580	
451	0.999562	-0.001814	4.114107	0.001814	0.999562	-0.957973	
452	0.998858	-0.001936	6.762854	0.001936	0.998858	-1.164716	
453	1.000024	-0.001774	3.306757	0.001774	1.000024	-1.362465	
454	0.999564	-0.001678	3.555732	0.001678	0.999564	-0.977014	
455	0.996658	-0.002815	5.831070	0.002815	0.996658	-0.137229	
456	0.999660	-0.001314	2.651076	0.001314	0.999660	-0.589466	
457	0.999583	-0.001765	3.791409	0.001765	0.999583	-0.749542	
458	0.999850	-0.001183	2.448370	0.001183	0.999850	-0.795869	
459	0.999960	-0.001390	2.828110	0.001390	0.999960	-1.136667	
460	0.995844	-0.003989	6.993649	0.003989	0.995844	-0.777544	
461	0.999773	-0.001890	3.494775	0.001890	0.999773	-1.461931	
462	1.000238	-0.003045	5.995879	0.003045	1.000238	-2.358403	
463	0.999480	-0.002145	4.353741	0.002145	0.999480	-1.186703	
464	0.999313	-0.002030	4.212001	0.002030	0.999313	-0.908311	
465	0.998576	-0.002589	6.284492	0.002589	0.998576	-0.694628	
466	0.998295	-0.001643	4.133733	0.001643	0.998295	0.039822	
467	0.997468	-0.001871	5.320355	0.001871	0.997468	0.380549	
468	0.998219	-0.000853	2.687481	0.000853	0.998219	0.359450	
469	0.998110	-0.000563	2.372155	0.000563	0.998110	0.552940	
470	0.997354	-0.000599	3.021844	0.000599	0.997354	1.031555	
471	0.998652	0.000011	1.149776	-0.000011	0.998652	0.774939	
472	0.998093	-0.000151	1.624573	0.000151	0.998093	1.041375	
473	0.998584	-0.000006	1.112475	0.000006	0.998584	0.881376	
474	0.998713	0.000072	0.895300	-0.000072	0.998713	0.914078	
475	0.998305	0.000397	0.794966	-0.000397	0.998305	1.527861	
476	0.998850	0.000458	0.139833	-0.000458	0.998850	1.220532	
477	0.998213	0.000627	0.114612	-0.000627	0.998213	2.048027	
478	0.998603	0.000517	0.255540	-0.000517	0.998603	1.508359	
479	0.998631	0.000462	0.302313	-0.000462	0.998631	1.457451	
480	0.998132	0.000717	0.102405	-0.000717	0.998132	2.124754	
481	0.998414	0.000567	-0.176180	-0.000567	0.998414	1.660006	
482	0.998400	0.001374	-1.728002	-0.001374	0.998400	2.631209	
483	0.998569	0.001120	-1.094340	-0.001120	0.998569	1.896486	
484	0.998595	0.001041	-0.827184	-0.001041	0.998595	1.720920	
485	0.999484	0.001507	-2.474814	-0.001507	0.999484	1.530372	
486	0.999837	0.001128	-2.089054	-0.001128	0.999837	0.738063	
487	0.999527	0.001505	-2.782191	-0.001505	0.999527	1.170013	
488	0.999660	0.001224	-1.725371	-0.001224	0.999660	1.006399	
489	0.999725	0.001350	-1.869174	-0.001350	0.999725	1.095027	
490	0.999978	0.002172	-4.046703	-0.002172	0.999978	1.430531	
491	1.000006	0.001564	-3.011271	-0.001564	1.000006	0.848736	
492	1.000069	0.002214	-4.430066	-0.002214	1.000069	1.080076	
493	0.999925	0.001443	-2.378034	-0.001443	0.999925	0.679107	
494	0.999799	0.001268	-2.087670	-0.001268	0.999799	0.586245	
495	1.000199	0.001724	-3.790998	-0.001724	1.000199	0.658777	
496	0.999998	0.001235	-2.433019	-0.001235	0.999998	0.595953	
497	1.000289	0.001643	-3.456100	-0.001643	1.000289	0.668617	
498	0.999868	0.001257	-2.029763	-0.001257	0.999868	0.746957	
499	0.999986	0.001290	-2.469280	-0.001290	0.999986	0.781030	
500	1.000244	0.001847	-4.100438	-0.001847	1.000244	0.977159	
501	0.999922	0.001183	-2.045104	-0.001183	0.999922	0.725563	
502	0.999903	0.001580	-2.554880	-0.001580	0.999903	1.169940	
503	0.999752	0.001144	-1.713126	-0.001144	0.999752	1.048953	
504	0.999714	0.000992	-1.704344	-0.000992	0.999714	1.038859	
505	0.999872	0.001280	-2.549831	-0.001280	0.999872	1.279638	
506	0.999768	0.000734	-1.091323	-0.000734	0.999768	0.806714	
507	0.999809	0.000586	-0.696760	-0.000586	0.999809	0.517623	
508	0.999917	0.000640	-1.304002	-0.000640	0.999917	0.371068	
509	0.999883	0.000342	-0.783531	-0.000342	0.999883	0.041445	
510	1.000006	0.000728	-1.666453	-0.000728	1.000006	0.205873	
511	0.999842	0.000543	-0.870469	-0.000543	0.999842	0.357757	
512	0.999825	0.000683	-1.078070	-0.000683	0.999825	0.553926	
513	0.999989	0.001275	-2.591628	-0.001275	0.999989	1.049721	
514	1.000054	0.000963	-1.717378	-0.000963	1.000054	0.763222	
515	1.000876	0.001044	-2.948490	-0.001044	1.000876	0.261512	
516	1.000686	0.000823	-1.857380	-0.000823	1.000686	0.122708	
517	1.001009	0.000732	-2.067335	-0.000732	1.001009	-0.077928	
518	1.002066	0.001120	-4.015265	-0.001120	1.002066	-0.108984	
519	1.001150	0.000767	-2.407411	-0.000767	1.001150	0.199480	
520	1.001960	0.001278	-3.761358	-0.001278	1.001960	0.408445	
521	1.001552	0.000838	-2.651154	-0.000838	1.001552	0.107131	
522	1.001519	0.000724	-2.558230	-0.000724	1.001519	-0.027932	
523	1.002396	0.000970	-3.596627	-0.000970	1.002396	-0.348430	
524	1.001598	0.000416	-1.887361	-0.000416	1.001598	-0.466402	
525	1.002250	0.000631	-2.591953	-0.000631	1.002250	-0.510979	
526	1.001472	0.000418	-1.675131	-0.000418	1.001472	-0.107868	
527	1.001421	0.000372	-1.446276	-0.000372	1.001421	0.041702	
528	1.002075	0.000431	-1.798983	-0.000431	1.002075	0.071079	
529	1.001356	0.000204	-1.092034	-0.000204	1.001356	0.073411	
530	1.002116	0.000347	-1.978324	-0.000347	1.002116	0.061434	
531	1.001370	0.000302	-1.398955	-0.000302	1.001370	0.237365	
532	1.001147	0.000336	-1.175537	-0.000336	1.001147	0.406256	
533	1.001507	0.000543	-1.597576	-0.000543	1.001507	0.937411	
534	1.000973	0.000358	-1.090722	-0.000358	1.000973	0.669600	
535	1.001568	0.000330	-1.578114	-0.000330	1.001568	0.883899	
536	1.000504	0.000204	-0.484025	-0.000204	1.000504	0.708258	
537	1.000266	0.000091	-0.092283	-0.000091	1.000266	0.692772	
538	1.000413	0.000176	-0.423256	-0.000176	1.000413	0.889932	
539	1.000146	0.000076	-0.173915	-0.000076	1.000146	0.657379	
540	0.999858	0.000113	0.107113	-0.000113	0.999858	1.230590	
541	0.999685	0.000185	0.102252	-0.000185	0.999685	1.033048	
542	0.999653	0.000176	0.022179	-0.000176	0.999653	1.022531	
543	0.999750	0.000267	-0.291315	-0.000267	0.999750	1.276452	
544	0.999746	0.000232	-0.200976	-0.000232	0.999746	0.914229	
545	0.999742	0.000343	-0.471274	-0.000343	0.999742	1.307689	
546	0.999873	0.000305	-0.510667	-0.000305	0.999873	0.955417	
547	0.999884	0.000342	-0.569117	-0.000342	0.999884	0.990872	
548	0.999760	0.000369	-0.839057	-0.000369	0.999760	1.669787	
549	0.999782	0.000628	-0.842963	-0.000628	0.999782	1.389331	
550	0.999331	0.000622	-1.277770	-0.000622	0.999331	2.601974	
551	0.999526	0.000687	-1.158207	-0.000687	0.999526	2.267162	
552	0.999352	0.000738	-1.197808	-0.000738	0.999352	2.553222	
553	0.999076	0.001484	-2.499783	-0.001484	0.999076	4.487292	
554	0.999468	0.001023	-1.940984	-0.001023	0.999468	3.024076	
555	0.999299	0.001419	-3.062727	-0.001419	0.999299	4.589945	
556	0.999546	0.001088	-2.392981	-0.001088	0.999546	2.973734	
557	0.999492	0.001215	-2.661275	-0.001215	0.999492	3.009402	
558	1.000178	0.000557	-5.599982	-0.000557	1.000178	4.021936	
559	0.999715	0.001676	-3.680228	-0.001676	0.999715	3.056758	
560	1.001635	0.002657	-7.458692	-0.002657	1.001635	3.290347	
561	1.000077	0.001836	-4.102947	-0.001836	1.000077	2.337493	
562	1.001505	0.001680	-5.390831	-0.001680	1.001505	1.426982	
563	1.003388	0.000608	-9.369334	-0.000608	1.003388	0.303193	
564	1.002043	0.001718	-5.497387	-0.001718	1.002043	0.582756	
565	1.004812	0.000878	-10.116946	-0.000878	1.004812	-1.278623	
566	1.003116	0.001607	-6.083227	-0.001607	1.003116	-0.587237	
567	1.003391	0.001598	-6.126910	-0.001598	1.003391	-0.841785	
568	1.005784	0.001540	-9.829262	-0.001540	1.005784	-2.176425	
569	1.003645	0.001446	-5.891558	-0.001446	1.003645	-1.221131	
570	1.006511	0.002006	-9.877967	-0.002006	1.006511	-2.451608	
571	1.004839	0.001393	-6.584209	-0.001393	1.004839	-1.858097	
572	1.004931	0.001376	-6.524221	-0.001376	1.004931	-1.936733	
573	1.007266	0.001698	-9.450087	-0.001698	1.007266	-3.168469	
574	1.005099	0.001212	-6.153585	-0.001212	1.005099	-2.157141	
575	1.007725	0.001316	-8.912997	-0.001316	1.007725	-3.576769	
576	1.005232	0.000862	-5.534020	-0.000862	1.005232	-2.312429	
577	1.004636	0.000652	-4.562716	-0.000652	1.004636	-2.074198	
578	1.007741	0.000776	-7.261818	-0.000776	1.007741	-3.388895	
579	1.005326	0.000411	-4.723473	-0.000411	1.005326	-2.301582	
580	1.007665	0.000425	-6.409801	-0.000425	1.007665	-3.430690	
581	1.005029	0.000136	-3.869210	-0.000136	1.005029	-2.283792	
582	1.005291	0.000111	-3.960778	-0.000111	1.005291	-2.361582	
583	1.007327	0.000154	-5.157353	-0.000154	1.007327	-3.377918	
584	1.004928	-0.000126	-3.249200	0.000126	1.004928	-2.359329	
585	1.005740	-0.000090	-3.484239	0.000090	1.005740	-2.753114	
586	1.002899	-0.000117	-1.719653	0.000117	1.002899	-1.478796	
587	1.002285	0.000001	-1.477229	-0.000001	1.002285	-1.263112	
588	1.002022	0.000167	-1.659355	-0.000167	1.002022	-1.713933	
589	1.000901	0.000045	-1.072552	-0.000045	1.000901	-1.405615	
590	1.000971	0.000472	-1.247551	-0.000472	1.000971	-1.622003	
591	1.001710	0.000220	-1.686669	-0.000220	1.001710	-3.497923	
592	1.001248	0.000309	-1.395100	-0.000309	1.001248	-2.564905	
593	1.001982	0.000143	-1.673993	-0.000143	1.001982	-4.276690	
594	1.001776	-0.000079	-1.283554	0.000079	1.001776	-3.038461	
595	1.001502	-0.000101	-0.764536	0.000101	1.001502	-2.749488	
596	1.000589	-0.000261	0.306741	0.000261	1.000589	-3.238462	
597	0.999743	-0.000246	0.942354	0.000246	0.999743	-1.911404	
598	0.998491	-0.000743	2.705689	0.000743	0.998491	-2.896217	
599	0.998872	-0.000505	1.894645	0.000505	0.998872	-1.902780	
600	0.998689	-0.000686	2.328307	0.000686	0.998689	-2.066070	
601	0.996252	-0.000208	5.216848	0.000208	0.996252	-3.621854	
602	0.999078	-0.000862	2.434813	0.000862	0.999078	-2.640453	
603	0.996550	-0.001179	5.937568	0.001179	0.996550	-4.365119	
604	0.998734	-0.001003	3.133638	0.001003	0.998734	-2.618200	
605	0.997973	-0.001380	4.388245	0.001380	0.997973	-2.692764	
606	0.995157	-0.000395	9.238587	0.000395	0.995157	-3.393438	
607	0.997428	-0.001553	6.124827	0.001553	0.997428	-2.783759	
608	0.994492	-0.000639	11.744778	0.000639	0.994492	-3.646691	
609	0.996736	-0.000980	8.203406	0.000980	0.996736	-2.769203	
610	0.996576	-0.004727	8.287448	0.004727	0.996576	-3.453691	
611	0.994164	-0.001081	14.486821	0.001081	0.994164	-3.425316	
612	0.996248	-0.001262	9.679481	0.001262	0.996248	-2.478813	
613	0.993720	-0.000740	15.186612	0.000740	0.993720	-2.825480	
614	0.995732	-0.000689	9.798771	0.000689	0.995732	-1.706925	
615	0.995494	-0.000759	9.626908	0.000759	0.995494	-1.660260	
616	0.992373	-0.001436	14.440631	0.001436	0.992373	-2.129174	
617	0.999406	-0.004034	5.254119	0.004034	0.999406	-4.027112	
618	0.992373	-0.000861	13.216191	0.000861	0.992373	-1.961305	
619	0.995533	-0.001986	7.639213	0.001986	0.995533	-1.536901	
620	0.996843	-0.002515	6.543450	0.002515	0.996843	-1.875207	
621	0.992790	-0.000603	13.134227	0.000603	0.992790	-1.090273	
622	0.995005	-0.001345	8.905413	0.001345	0.995005	-0.965330	
623	0.992136	-0.000794	14.934003	0.000794	0.992136	-0.925922	
624	0.995490	-0.004824	9.355230	0.004824	0.995490	-2.537157	
625	0.993033	-0.005986	11.554354	0.005986	0.993033	-1.743973	
626	0.992607	-0.000891	17.157767	0.000891	0.992607	-1.400935	
627	0.995099	-0.000868	11.443667	0.000868	0.995099	-1.079820	
628	0.992929	-0.001022	17.332716	0.001022	0.992929	-1.560863	
629	0.995368	-0.000817	11.834941	0.000817	0.995368	-1.216259	
630	0.995615	-0.006399	11.143327	0.006399	0.995615	-3.485921	
631	0.993031	-0.001121	18.663242	0.001121	0.993031	-1.535820	
632	0.994812	-0.001366	13.115522	0.001366	0.994812	-1.151243	
633	0.993418	-0.001201	20.215616	0.001201	0.993418	-1.583198	
634	0.994947	-0.000933	14.618149	0.000933	0.994947	-0.879285	
635	0.994751	-0.001022	14.692526	0.001022	0.994751	-0.760821	
636	0.993385	-0.001401	22.239130	0.001401	0.993385	-0.968583	
637	0.995465	-0.001000	15.063925	0.001000	0.995465	-0.667620	
638	0.993554	-0.001227	22.609598	0.001227	0.993554	-0.770485	
639	0.995557	-0.001103	15.389619	0.001103	0.995557	-0.694275	
640	0.995987	-0.001235	14.952188	0.001235	0.995987	-0.901876	
641	0.993816	-0.001330	23.262998	0.001330	0.993816	-0.510627	
642	0.995652	-0.001112	15.964875	0.001112	0.995652	-0.640538	
643	0.994141	-0.001455	24.429357	0.001455	0.994141	-0.773823	
644	0.995752	-0.001308	16.738693	0.001308	0.995752	-0.560267	
645	0.995512	-0.001150	17.440447	0.001150	0.995512	-0.265704	
646	0.997451	-0.001534	23.633308	0.001534	0.997451	-1.217334	
647	0.995742	-0.001610	18.725756	0.001610	0.995742	-0.594946	
648	0.994639	-0.002493	28.224472	0.002493	0.994639	-1.310490	
649	0.997010	-0.001377	19.098661	0.001377	0.997010	-1.116444	
650	0.996235	-0.001437	20.624339	0.001437	0.996235	-0.961908	
651	0.994346	-0.002816	33.072369	0.002816	0.994346	-2.149686	
652	0.998271	-0.001564	20.527554	0.001564	0.998271	-2.038830	
653	0.995339	-0.002732	33.190513	0.002732	0.995339	-2.627173	
654	0.998469	-0.002121	20.711166	0.002121	0.998469	-2.282445	
655	0.997144	-0.001605	21.237331	0.001605	0.997144	-1.366839	
656	0.994193	-0.002916	32.590286	0.002916	0.994193	-1.473132	
657	1.000249	-0.000522	16.575289	0.000522	1.000249	-0.686118	
658	0.994992	-0.002685	29.832595	0.002685	0.994992	-0.839234	
659	0.996452	-0.001485	19.286328	0.001485	0.996452	-0.104485	
660	0.997682	-0.001574	17.873849	0.001574	0.997682	-0.623136	
661	0.994662	-0.003094	28.612659	0.003094	0.994662	-0.375601	
662	1.001107	-0.000380	13.229674	0.000380	1.001107	-0.418817	
663	0.994274	-0.003055	28.508324	0.003055	0.994274	0.382095	
664	0.997645	-0.000785	16.823724	0.000785	0.997645	1.053613	
665	0.997165	-0.001360	17.677907	0.001360	0.997165	0.517191	
666	0.995948	-0.002857	27.072766	0.002857	0.995948	0.145790	
667	1.000206	-0.001541	14.757130	0.001541	1.000206	-0.619235	
668	0.997588	-0.002507	25.096173	0.002507	0.997588	-0.325849	
669	0.999356	-0.001515	15.261985	0.001515	0.999356	-0.417258	
670	0.998684	-0.001372	15.274997	0.001372	0.998684	-0.132671	
671	0.998380	-0.002190	22.442893	0.002190	0.998380	-0.308732	
672	0.998385	-0.001483	14.934193	0.001483	0.998385	-0.024854	
673	0.998147	-0.001202	15.220410	0.001202	0.998147	0.343090	
674	0.997646	-0.001873	22.569941	0.001873	0.997646	0.407132	
675	0.997900	-0.001491	15.241268	0.001491	0.997900	0.414781	
676	0.996095	-0.002600	23.845784	0.002600	0.996095	0.805373	
677	1.000098	-0.001465	13.783951	0.001465	1.000098	-0.108333	
678	1.000220	-0.001382	13.809164	0.001382	1.000220	-0.137248	
679	0.999744	-0.002481	22.154862	0.002481	0.999744	-0.134694	
680	1.000160	-0.001376	14.080878	0.001376	1.000160	-0.010606	
681	0.999460	-0.002422	21.805640	0.002422	0.999460	0.158622	
682	0.999760	-0.001618	13.632391	0.001618	0.999760	-0.012471	
683	0.999654	-0.001567	13.407387	0.001567	0.999654	0.060408	
684	0.999598	-0.001976	19.903082	0.001976	0.999598	0.223858	
685	0.999909	-0.001099	12.471956	0.001099	0.999909	0.148989	
686	0.999567	-0.001649	18.142746	0.001649	0.999567	0.338374	
687	0.999885	-0.001281	11.070518	0.001281	0.999885	0.097237	
688	1.000221	-0.001171	10.476627	0.001171	1.000221	0.067121	
689	0.999764	-0.001699	15.764192	0.001699	0.999764	0.106828	
690	1.000332	-0.001388	9.799928	0.001388	1.000332	-0.340302	
691	1.000473	-0.001617	14.172556	0.001617	1.000473	-0.240482	
692	0.992560	-0.004412	10.188697	0.004412	0.992560	1.001918	
693	1.001139	-0.001230	7.372748	0.001230	1.001139	-0.300222	
694	1.000871	-0.001573	11.902285	0.001573	1.000871	0.080303	
695	1.000481	-0.000984	7.721336	0.000984	1.000481	0.192285	
696	0.999599	-0.001119	11.754753	0.001119	0.999599	1.073380	
697	1.003641	-0.004830	3.210879	0.004830	1.003641	-4.328020	
698	1.000346	-0.000895	6.206087	0.000895	1.000346	0.535897	
699	0.999895	-0.000936	9.481111	0.000936	0.999895	1.383741	
700	0.999273	-0.002244	5.881812	0.002244	0.999273	-0.290175	
701	0.999633	-0.000686	8.703137	0.000686	0.999633	1.246268	
702	0.999644	-0.002353	4.871283	0.002353	0.999644	-0.672639	
703	0.999623	-0.002334	4.731040	0.002334	0.999623	-0.734132	
704	1.000054	-0.000896	7.454235	0.000896	1.000054	0.330705	
705	0.999641	-0.002119	4.472611	0.002119	0.999641	-0.868001	
706	0.999106	-0.002847	6.844047	0.002847	0.999106	-1.079257	
707	0.999758	-0.001881	3.800054	0.001881	0.999758	-0.931290	
708	0.999880	-0.001685	3.391603	0.001685	0.999880	-0.892661	
709	1.000249	-0.002312	4.369976	0.002312	1.000249	-1.284786	
710	1.000393	-0.001247	2.222392	0.001247	1.000393	-0.785015	
711	1.000984	-0.001589	2.711490	0.001589	1.000984	-1.131400	
712	1.001179	-0.000769	0.975800	0.000769	1.001179	-0.844010	
713	1.001260	-0.000746	0.720110	0.000746	1.001260	-0.888879	
714	1.001986	-0.000994	0.733097	0.000994	1.001986	-1.285781	
715	1.001622	-0.000469	0.058625	0.000469	1.001622	-0.888113	
716	1.002551	-0.000745	-0.088959	0.000745	1.002551	-1.271807	
717	1.001464	-0.000378	-0.277035	0.000378	1.001464	-0.571633	
718	1.001617	-0.000362	-0.315558	0.000362	1.001617	-0.562893	
719	1.002720	-0.000670	-0.409990	0.000670	1.002720	-0.955805	
720	1.001829	-0.000397	-0.430742	0.000397	1.001829	-0.559347	
721	1.003050	-0.000604	-0.629402	0.000604	1.003050	-1.063057	
722	1.002049	-0.000410	-0.450958	0.000410	1.002049	-0.796185	
723	1.002071	-0.000465	-0.373795	0.000465	1.002071	-0.879683	
724	1.003063	-0.000733	-0.262444	0.000733	1.003063	-1.447063	
725	1.002067	-0.000642	-0.022832	0.000642	1.002067	-1.003887	
726	1.003035	-0.001122	0.341827	0.001122	1.003035	-1.454348	
727	1.001956	-0.000776	0.240971	0.000776	1.001956	-0.910457	
728	1.001873	-0.000849	0.390502	0.000849	1.001873	-0.874232	
729	1.002667	-0.001300	0.918551	0.001300	1.002667	-1.438971	
730	1.001569	-0.000846	0.611482	0.000846	1.001569	-0.957301	
731	1.002097	-0.001341	1.447940	0.001341	1.002097	-1.466560	
732	1.001180	-0.000901	0.911322	0.000901	1.001180	-1.012800	
733	1.001064	-0.000867	0.936960	0.000867	1.001064	-0.909457	
734	1.001512	-0.001372	1.736580	0.001372	1.001512	-1.225538	
735	1.001083	-0.000831	1.095057	0.000831	1.001083	-0.716282	
736	1.000979	-0.001393	2.077176	0.001393	1.000979	-0.783339	
737	1.000918	-0.000897	1.237251	0.000897	1.000918	-0.484854	
738	1.001179	-0.000986	1.145449	0.000986	1.001179	-0.685759	
739	1.001405	-0.001393	1.910105	0.001393	1.001405	-0.751708	
740	1.000932	-0.000967	1.451907	0.000967	1.000932	-0.401766	
741	1.001708	-0.001305	1.659876	0.001305	1.001708	-0.532545	
742	1.000992	-0.000849	1.272485	0.000849	1.000992	-0.223945	
743	1.001051	-0.000795	1.088728	0.000795	1.001051	-0.240834	
744	1.002158	-0.001038	0.948101	0.001038	1.002158	-0.526723	
745	1.001094	-0.000563	0.597670	0.000563	1.001094	-0.055622	
746	1.002100	-0.000777	0.421571	0.000777	1.002100	-0.049593	
747	1.001035	-0.000400	0.209331	0.000400	1.001035	0.253177	
748	1.001270	-0.000328	-0.078814	0.000328	1.001270	0.361665	
749	1.001755	-0.000328	-0.190634	0.000328	1.001755	0.890555	
750	1.001152	-0.000228	-0.174309	0.000228	1.001152	0.592787	
751	1.001752	-0.000177	-0.578450	0.000177	1.001752	1.043650	
752	1.001519	-0.000057	-0.840646	0.000057	1.001519	0.457776	
753	1.001451	-0.000013	-0.860172	0.000013	1.001451	0.470791	
754	1.002234	0.000187	-1.637578	-0.000187	1.002234	0.678253	
755	1.001543	0.000359	-1.511704	-0.000359	1.001543	0.485545	
756	1.002720	0.000367	-2.759770	-0.000367	1.002720	0.174809	
757	1.001774	0.000429	-1.997868	-0.000429	1.001774	0.126413	
758	1.001947	0.000447	-2.132237	-0.000447	1.001947	-0.081106	
759	1.003032	0.000615	-3.214354	-0.000615	1.003032	-0.352344	
760	1.001938	0.000290	-1.920480	-0.000290	1.001938	-0.227331	
761	1.001797	0.000183	-1.486598	-0.000183	1.001797	-0.176362	
762	1.002702	-0.000012	-1.604659	0.000012	1.002702	-0.296843	
763	1.001818	-0.000176	-0.888792	0.000176	1.001818	-0.120319	
764	1.002747	-0.000332	-0.950227	0.000332	1.002747	-0.130148	
765	1.001656	-0.000243	-0.518720	0.000243	1.001656	0.011568	
766	1.001658	-0.000249	-0.430395	0.000249	1.001658	-0.018307	
767	1.002764	-0.000361	-0.748309	0.000361	1.002764	-0.264672	
768	1.001675	-0.000281	-0.475965	0.000281	1.001675	-0.191173	
769	1.002859	-0.000456	-0.664081	0.000456	1.002859	-0.542639	
770	1.001809	-0.000376	-0.366125	0.000376	1.001809	-0.366862	
771	1.001864	-0.000385	-0.297094	0.000385	1.001864	-0.401580	
772	1.002746	-0.000557	-0.412196	0.000557	1.002746	-0.689832	
773	1.001815	-0.000351	-0.416224	0.000351	1.001815	-0.433980	
774	1.002696	-0.000551	-0.565493	0.000551	1.002696	-0.754617	
775	1.001738	-0.000278	-0.298150	0.000278	1.001738	-0.558668	
776	1.001730	-0.000400	-0.231698	0.000400	1.001730	-0.676298	
777	1.002754	-0.000702	-0.449989	0.000702	1.002754	-1.236093	
778	1.001677	-0.000476	-0.330617	0.000476	1.001677	-0.780202	
779	1.002709	-0.000739	-0.412152	0.000739	1.002709	-1.033218	
780	1.001578	-0.000533	-0.044091	0.000533	1.001578	-0.492555	
781	1.001664	-0.000525	-0.027657	0.000525	1.001664	-0.512521	
782	1.002333	-0.000779	0.089196	0.000779	1.002333	-0.701431	
783	1.001763	-0.000654	0.079742	0.000654	1.001763	-0.597183	
784	1.002690	-0.000909	0.242588	0.000909	1.002690	-0.814102	
785	1.001628	-0.000720	0.434378	0.000720	1.001628	-0.435189	
786	1.001554	-0.000704	0.566798	0.000704	1.001554	-0.442705	
787	1.002505	-0.001122	0.838872	0.001122	1.002505	-0.635900	
788	1.001691	-0.000668	0.430094	0.000668	1.001691	-0.478144	
789	1.002691	-0.000988	0.466497	0.000988	1.002691	-0.801159	
790	1.001816	-0.000568	0.060917	0.000568	1.001816	-0.554502	
791	1.001792	-0.000469	-0.079067	0.000469	1.001792	-0.353616	
792	1.002781	-0.000505	-0.121084	0.000505	1.002781	-0.537213	
793	1.001955	-0.000536	-0.168295	0.000536	1.001955	-0.591156	
794	1.003093	-0.000976	-0.170228	0.000976	1.003093	-1.445014	
795	1.002240	-0.000578	-0.312755	0.000578	1.002240	-1.357235	
796	1.002373	-0.000510	-0.486073	0.000510	1.002373	-1.558137	
797	1.003506	-0.000866	-0.544060	0.000866	1.003506	-2.393660	
798	1.002322	-0.000629	-0.324821	0.000629	1.002322	-1.575014	
799	1.003168	-0.000972	-0.125752	0.000972	1.003168	-2.106366	
800	1.001888	-0.000800	0.038223	0.000800	1.001888	-1.304247	
801	1.001984	-0.000868	0.020109	0.000868	1.001984	-1.382333	
802	1.002898	-0.001172	-0.086052	0.001172	1.002898	-2.037977	
803	1.002000	-0.000657	-0.311419	0.000657	1.002000	-1.432745	
804	1.002938	-0.000912	-0.585599	0.000912	1.002938	-1.993320	
805	1.001846	-0.000615	-0.664358	0.000615	1.001846	-1.286771	
806	1.002013	-0.000401	-1.126695	0.000401	1.002013	-1.227258	
807	1.003113	-0.000385	-1.767082	0.000385	1.003113	-1.892145	
808	1.001941	-0.000222	-1.245377	0.000222	1.001941	-1.275500	
809	1.003321	-0.000237	-2.078165	0.000237	1.003321	-2.057454	
810	1.002109	-0.000121	-1.583401	0.000121	1.002109	-1.380192	
811	1.002218	-0.000072	-1.773010	0.000072	1.002218	-1.465294	
812	1.003177	-0.000158	-2.464467	0.000158	1.003177	-2.081869	
813	1.001945	-0.000077	-1.615784	0.000077	1.001945	-1.245469	
814	1.002966	0.000174	-2.724882	-0.000174	1.002966	-1.484718	
815	1.002043	0.000080	-2.146665	-0.000080	1.002043	-0.891317	
816	1.001954	0.000173	-2.239540	-0.000173	1.001954	-0.757653	
817	1.002586	0.000418	-3.116534	-0.000418	1.002586	-0.738690	
818	1.001602	0.000286	-1.880615	-0.000286	1.001602	-0.417342	
819	1.001979	0.000422	-2.376099	-0.000422	1.001979	-0.613004	
820	1.001073	0.000210	-1.262465	-0.000210	1.001073	-0.475954	
821	1.001062	0.000063	-1.105207	-0.000063	1.001062	-0.625146	
822	1.001682	-0.000040	-1.579361	0.000040	1.001682	-1.129600	
823	1.001094	0.000016	-1.065027	-0.000016	1.001094	-0.711522	
824	1.001514	0.000067	-1.539369	-0.000067	1.001514	-0.896160	
825	1.001035	-0.000015	-0.999496	0.000015	1.001035	-0.478536	
826	1.000867	0.000090	-1.006995	-0.000090	1.000867	-0.186801	
827	1.000876	0.000314	-1.589949	-0.000314	1.000876	0.183448	
828	1.000267	0.000406	-1.379848	-0.000406	1.000267	0.448649	
829	1.000741	0.000957	-2.744765	-0.000957	1.000741	0.438365	
830	1.000277	0.000573	-1.594014	-0.000573	1.000277	0.154339	
831	1.000023	0.000586	-1.351075	-0.000586	1.000023	0.204586	
832	1.000355	0.000847	-1.959182	-0.000847	1.000355	0.148617	
833	1.000060	0.000349	-1.097020	-0.000349	1.000060	0.128388	
834	1.000240	0.000479	-1.572124	-0.000479	1.000240	0.064889	
835	1.000125	0.000220	-0.809376	-0.000220	1.000125	-0.015341	
836	1.000180	0.000152	-0.580835	-0.000152	1.000180	-0.118699	
837	1.000202	0.000166	-0.798272	-0.000166	1.000202	-0.166723	
838	1.000085	0.000131	-0.723319	-0.000131	1.000085	0.076262	
839	1.000159	0.000194	-0.959557	-0.000194	1.000159	0.192895	
840	0.999992	0.000161	-0.386721	-0.000161	0.999992	0.359913	
841	1.000015	0.000242	-0.353439	-0.000242	1.000015	0.296409	
842	1.000174	0.000367	-0.797215	-0.000367	1.000174	0.177291	
843	1.000050	0.000215	-0.566498	-0.000215	1.000050	0.090830	
844	0.999974	0.000169	-0.422421	-0.000169	0.999974	0.079172	
845	0.999873	0.000190	-0.289146	-0.000190	0.999873	0.219207	
846	0.999801	0.000096	0.010609	-0.000096	0.999801	0.242206	
847	0.999644	0.000053	0.134886	-0.000053	0.999644	0.474865	
848	0.999760	-0.000079	0.166969	0.000079	0.999760	0.230826	
849	0.999802	-0.000120	0.164256	0.000120	0.999802	0.114126	
850	0.999763	0.000067	0.164877	-0.000067	0.999763	0.263571	
851	0.999706	-0.000090	0.324957	0.000090	0.999706	0.317934	
852	0.999700	0.000017	0.279930	-0.000017	0.999700	0.569482	
853	0.999684	-0.000033	0.231918	0.000033	0.999684	0.526626	
854	0.999633	-0.000023	0.238213	0.000023	0.999633	0.648447	
855	0.999470	0.000033	0.356340	-0.000033	0.999470	0.995352	
856	0.999645	0.000075	0.112335	-0.000075	0.999645	0.589406	
857	0.999986	0.000373	-0.626700	-0.000373	0.999986	0.186293	
858	0.999999	0.000258	-0.381235	-0.000258	0.999999	-0.102858	
859	1.000025	0.000176	-0.208139	-0.000176	1.000025	-0.125172	
860	0.999886	-0.000051	0.222062	0.000051	0.999886	-0.054459	
861	0.999687	-0.000233	0.473764	0.000233	0.999687	0.230550	
862	0.999505	-0.000308	0.616022	0.000308	0.999505	0.580844	
863	0.999644	-0.000217	0.462448	0.000217	0.999644	0.476533	
864	0.999648	-0.000150	0.416318	0.000150	0.999648	0.517041	
865	0.999520	0.000201	0.262700	-0.000201	0.999520	1.035434	
866	0.999675	0.000303	-0.203980	-0.000303	0.999675	0.890243	
867	0.999517	0.000400	-0.333353	-0.000400	0.999517	1.249088	
868	0.999669	0.000360	-0.264651	-0.000360	0.999669	1.005205	
869	0.999777	0.000334	-0.406298	-0.000334	0.999777	0.919869	
870	0.999742	0.000853	-1.133219	-0.000853	0.999742	1.575573	
871	1.000022	0.000720	-1.121353	-0.000720	1.000022	1.244592	
872	1.000102	0.001229	-1.792325	-0.001229	1.000102	2.400866	
873	1.000056	0.000703	-1.034305	-0.000703	1.000056	1.746900	
874	1.000320	0.000617	-1.072958	-0.000617	1.000320	1.555939	
875	1.000485	0.000911	-1.605013	-0.000911	1.000485	2.587832	
876	1.000534	0.000383	-0.889446	-0.000383	1.000534	1.660457	
877	1.001267	0.000528	-1.286732	-0.000528	1.001267	2.432636	
878	1.000895	0.000238	-0.485654	-0.000238	1.000895	1.672958	
879	1.000730	0.000294	-0.178280	-0.000294	1.000730	1.976790	
880	1.001523	-0.000195	-0.001558	0.000195	1.001523	2.849002	
881	1.000879	0.000057	0.315590	-0.000057	1.000879	2.128330	
882	1.003793	0.000099	0.141934	-0.000099	1.003793	3.870928	
883	1.000817	-0.000445	1.413042	0.000445	1.000817	2.012892	
884	1.000730	-0.000601	1.743645	0.000601	1.000730	1.938923	
885	1.004513	-0.000234	1.671914	0.000234	1.004513	3.348686	
886	1.001502	-0.000935	1.672968	0.000935	1.001502	0.955206	
887	1.004814	-0.000626	1.947578	0.000626	1.004814	1.333991	
888	1.001935	-0.001235	1.818585	0.001235	1.001935	-0.323687	
889	1.002331	-0.001468	1.662407	0.001468	1.002331	-1.054555	
890	1.005467	-0.001689	1.394053	0.001689	1.005467	-2.578352	
891	1.003185	-0.001587	0.790068	0.001587	1.003185	-2.367073	
892	1.005914	-0.002171	0.503245	0.002171	1.005914	-4.477637	
893	1.004192	-0.001519	0.263789	0.001519	1.004192	-3.298535	
894	1.003974	-0.001435	0.142678	0.001435	1.003974	-3.112961	
895	1.006099	-0.001698	-0.479701	0.001698	1.006099	-4.565147	
896	1.004333	-0.000925	-0.733205	0.000925	1.004333	-3.001576	
897	1.005237	-0.001485	-0.765263	0.001485	1.005237	-4.071428	
898	1.003121	-0.000736	-0.673988	0.000736	1.003121	-2.396609	
899	1.003181	-0.000657	-0.833787	0.000657	1.003181	-2.349233	
900	1.004584	-0.000743	-1.581965	0.000743	1.004584	-3.221788	
901	1.003068	-0.000299	-1.446447	0.000299	1.003068	-1.953858	
902	1.004549	-0.000359	-2.411374	0.000359	1.004549	-2.701832	
903	1.003476	-0.000008	-1.977019	0.000008	1.003476	-1.737215	
904	1.003365	0.000089	-2.139685	-0.000089	1.003365	-1.645628	
905	1.005018	0.000420	-3.491890	-0.000420	1.005018	-2.370552	
906	1.003828	0.000543	-2.625464	-0.000543	1.003828	-1.560039	
907	1.005040	0.000319	-3.438272	-0.000319	1.005040	-2.267600	
908	1.003669	0.000352	-2.444642	-0.000352	1.003669	-1.537646	
909	1.003398	0.000239	-2.265443	-0.000239	1.003398	-1.416770	
910	1.005077	0.000445	-3.354795	-0.000445	1.005077	-2.081163	
911	1.003455	0.000236	-2.267742	-0.000236	1.003455	-1.415900	
912	1.004429	0.000251	-3.019548	-0.000251	1.004429	-1.854950	
913	1.002486	0.000145	-1.648030	-0.000145	1.002486	-0.986543	
914	1.002096	0.000017	-1.376978	-0.000017	1.002096	-1.081465	
915	1.002088	0.000123	-1.299828	-0.000123	1.002088	-1.132616	
916	1.001072	0.000054	-0.705309	-0.000054	1.001072	-0.795121	
917	1.001309	-0.000040	-0.822082	0.000040	1.001309	-1.370722	
918	1.000895	-0.000041	-0.516663	0.000041	1.000895	-1.146242	
919	1.001094	-0.000086	-0.644096	0.000086	1.001094	-1.392219	
920	1.001373	-0.000110	-0.823379	0.000110	1.001373	-2.112616	
921	1.000883	-0.000058	-0.562704	0.000058	1.000883	-1.449177	
922	1.001621	-0.000024	-0.956706	0.000024	1.001621	-2.423875	
923	1.001265	0.000054	-0.801449	-0.000054	1.001265	-1.708923	
924	1.001164	0.000122	-0.849054	-0.000122	1.001164	-1.618180	
925	1.001633	0.000061	-1.092709	-0.000061	1.001633	-2.503910	
926	1.001190	0.000029	-0.846254	-0.000029	1.001190	-1.516619	
927	1.001187	-0.000072	-0.771227	0.000072	1.001187	-1.521054	
928	1.001180	-0.000141	-0.904664	0.000141	1.001180	-2.146064	
929	1.000976	-0.000028	-0.846122	0.000028	1.000976	-1.410434	
930	1.001174	0.000002	-1.257495	-0.000002	1.001174	-2.045142	
931	1.001423	0.000258	-1.269949	-0.000258	1.001423	-1.319949	
932	1.000865	0.000314	-1.150530	-0.000314	1.000865	-1.115504	
933	1.001513	0.000465	-1.972678	-0.000465	1.001513	-2.028352	
934	1.001021	0.000424	-1.577041	-0.000424	1.001021	-1.236788	
935	1.001779	0.000718	-2.827511	-0.000718	1.001779	-2.253819	
936	1.001272	0.000596	-1.998292	-0.000596	1.001272	-1.433030	
937	1.001518	0.000630	-2.200695	-0.000630	1.001518	-1.619724	
938	1.001907	0.001098	-3.658144	-0.001098	1.001907	-2.363749	
939	1.001542	0.000968	-2.952089	-0.000968	1.001542	-1.561196	
940	1.002240	0.001924	-5.354739	-0.001924	1.002240	-2.103163	
941	1.001449	0.001533	-3.832274	-0.001533	1.001449	-1.263659	
942	1.001399	0.001662	-4.161263	-0.001662	1.001399	-1.191800	
943	1.006269	0.003316	-8.641428	-0.003316	1.006269	-2.609456	
944	1.001448	0.002124	-5.099600	-0.002124	1.001448	-0.885087	
945	0.999532	0.000448	-8.162322	-0.000448	0.999532	-2.995785	
946	0.999546	0.000522	-5.344142	-0.000522	0.999546	-2.070633	
947	1.006033	0.003149	-7.492484	-0.003149	1.006033	-2.332190	
948	0.998981	0.000336	-10.345598	-0.000336	0.998981	-3.797568	
949	0.999047	0.000661	-7.915969	-0.000661	0.999047	-2.575962	
950	0.998375	0.000711	-13.724035	-0.000711	0.998375	-4.068537	
951	0.999125	0.000705	-10.532381	-0.000705	0.999125	-2.720649	
952	0.999152	0.000748	-11.495511	-0.000748	0.999152	-2.642158	
953	0.998403	0.000783	-18.562118	-0.000783	0.998403	-3.556504	
954	0.999066	0.000821	-13.469520	-0.000821	0.999066	-2.031086	
955	0.997825	0.001043	-20.933572	-0.001043	0.997825	-2.107419	
956	0.998465	0.001126	-14.170832	-0.001126	0.998465	-0.768831	
957	0.998362	0.001223	-14.341448	-0.001223	0.998362	-0.437391	
958	0.997502	0.001532	-21.899093	-0.001532	0.997502	-0.904117	
959	0.998034	0.001336	-14.542280	-0.001336	0.998034	-0.303974	
960	0.996630	0.001737	-22.473554	-0.001737	0.996630	-0.200042	
961	0.997383	0.001083	-14.807047	-0.001083	0.997383	0.049825	
962	0.997376	0.001081	-14.763406	-0.001081	0.997376	0.444496	
963	0.995804	0.001810	-22.206109	-0.001810	0.995804	1.570720	
964	0.997327	0.000931	-14.697893	-0.000931	0.997327	1.355566	
965	0.995586	0.001472	-21.739802	-0.001472	0.995586	3.102653	
966	0.997431	0.000881	-14.389500	-0.000881	0.997431	2.172612	
967	0.997276	0.001039	-13.722998	-0.001039	0.997276	2.402281	
968	0.996093	0.001622	-20.078511	-0.001622	0.996093	3.499191	
969	0.996858	0.001052	-12.243623	-0.001052	0.996858	2.108632	
970	0.996085	0.001403	-19.192242	-0.001403	0.996085	2.391210	
971	0.997168	0.000999	-12.032852	-0.000999	0.997168	1.484049	
972	0.997046	0.001051	-11.501783	-0.001051	0.997046	1.521127	
973	0.995895	0.001423	-17.543012	-0.001423	0.995895	2.461427	
974	0.996775	0.000881	-11.078366	-0.000881	0.996775	2.081881	
975	0.995577	0.001218	-17.064528	-0.001218	0.995577	3.213593	
976	0.996737	0.001010	-10.450433	-0.001010	0.996737	2.342077	
977	0.996586	0.000971	-10.053565	-0.000971	0.996586	2.281003	
978	0.994668	0.001391	-14.523445	-0.001391	0.994668	2.934538	
979	0.995516	0.001131	-8.532771	-0.001131	0.995516	2.381687	
980	0.993505	0.001082	-12.053052	-0.001082	0.993505	3.151390	
981	0.995334	0.000662	-7.301808	-0.000662	0.995334	2.232843	
982	0.994934	0.000605	-6.587131	-0.000605	0.994934	2.451807	
983	0.992264	0.001610	-9.325719	-0.001610	0.992264	4.235729	
984	0.994397	0.000626	-5.718302	-0.000626	0.994397	2.563952	
985	0.991541	0.001315	-8.332512	-0.001315	0.991541	4.245396	
986	0.993371	0.001170	-4.578123	-0.001170	0.993371	3.207532	
987	0.993722	0.000786	-4.855798	-0.000786	0.993722	2.819032	
988	0.990919	0.001454	-8.060931	-0.001454	0.990919	4.252119	
989	0.993987	0.000446	-5.579700	-0.000446	0.993987	2.369079	
990	0.990756	0.001523	-8.861399	-0.001523	0.990756	4.535186	
991	0.993873	0.000741	-6.006944	-0.000741	0.993873	2.620083	
992	0.993571	0.000742	-5.933757	-0.000742	0.993571	2.636788	
993	0.990998	0.001280	-10.119744	-0.001280	0.990998	3.554565	
994	0.992714	0.000864	-5.886061	-0.000864	0.992714	2.580131	
995	0.991064	0.001241	-11.222652	-0.001241	0.991064	3.188368	
996	0.993483	0.000863	-6.832130	-0.000863	0.993483	1.950656	
997	0.993365	0.001197	-6.689819	-0.001197	0.993365	2.138323	
998	0.990435	0.001799	-10.055313	-0.001799	0.990435	2.982998	
999	0.994502	0.000864	-7.400580	-0.000864	0.994502	1.455406	
1000	0.991109	0.001244	-11.052419	-0.001244	0.991109	2.879120	
1001	0.993613	0.000982	-7.043553	-0.000982	0.993613	2.392551	
1002	0.994462	0.001207	-7.469765	-0.001207	0.994462	2.534213	
1003	0.990599	0.001466	-11.066360	-0.001466	0.990599	4.136358	
1004	0.994147	0.001642	-7.973665	-0.001642	0.994147	3.296690	
1005	0.993288	0.001315	-14.361158	-0.001315	0.993288	3.706323	
1006	0.996227	0.001198	-9.948872	-0.001198	0.996227	2.314498	
1007	0.996227	0.001445	-9.797505	-0.001445	0.996227	2.468959	
1008	0.993933	0.001606	-14.152411	-0.001606	0.993933	3.436651	
1009	0.998345	0.001456	-10.594210	-0.001456	0.998345	1.786229	
1010	0.995744	0.001277	-9.377457	-0.001277	0.995744	2.307713	
1011	0.994931	0.001240	-15.312404	-0.001240	0.994931	2.911282	
1012	0.996054	0.001326	-9.935306	-0.001326	0.996054	2.421727	
1013	0.994197	0.001351	-14.905417	-0.001351	0.994197	3.428479	
1014	0.995538	0.001192	-9.586945	-0.001192	0.995538	2.708487	
1015	0.995994	0.000931	-9.935682	-0.000931	0.995994	2.279379	
1016	0.992564	0.001625	-14.325463	-0.001625	0.992564	4.193051	
1017	0.995760	0.000988	-9.776958	-0.000988	0.995760	2.475311	
1018	0.991741	0.001581	-13.343512	-0.001581	0.991741	4.445007	
1019	0.994845	0.001285	-8.543418	-0.001285	0.994845	2.992992	
1020	0.995675	0.001119	-9.045448	-0.001119	0.995675	2.651152	
1021	0.992089	0.001554	-12.667953	-0.001554	0.992089	4.491481	
1022	1.006906	0.008929	-11.590060	-0.008929	1.006906	2.025031	
1023	0.991824	0.001234	-11.818897	-0.001234	0.991824	4.237255	
1024	0.994109	0.006426	-6.476607	-0.006426	0.994109	6.257802	
1025	1.000167	0.001245	-10.740451	-0.001245	1.000167	0.804833	
1026	1.000148	0.001658	-16.844071	-0.001658	1.000148	1.484846	
1027	1.000953	0.001302	-11.539669	-0.001302	1.000953	0.802057	
1028	1.001009	0.001723	-16.844673	-0.001723	1.001009	1.321438	
1029	1.009551	0.008704	-14.288017	-0.008704	1.009551	1.055083	
1030	1.008218	0.007885	-13.334738	-0.007885	1.008218	1.827206	
1031	1.000248	0.001618	-15.258755	-0.001618	1.000248	1.763236	
1032	0.998603	0.004769	-7.426618	-0.004769	0.998603	3.948716	
1033	1.000663	0.001719	-14.083700	-0.001719	1.000663	1.621422	
1034	1.004464	0.005718	-10.125140	-0.005718	1.004464	1.983573	
1035	1.006359	0.006031	-10.060283	-0.006031	1.006359	0.927004	
1036	1.000191	0.001243	-11.778268	-0.001243	1.000191	1.500039	
1037	1.000421	0.003807	-6.745940	-0.003807	1.000421	2.446177	
1038	1.000571	0.001144	-11.794400	-0.001144	1.000571	1.117376	
1039	1.004526	0.004326	-8.766945	-0.004326	1.004526	0.726740	
1040	1.001453	0.003510	-7.373664	-0.003510	1.001453	1.787641	
1041	1.000585	0.001308	-11.579130	-0.001308	1.000585	0.976421	
1042	1.001679	0.001845	-7.998146	-0.001845	1.001679	0.804592	
1043	1.001082	0.001185	-12.123642	-0.001185	1.001082	0.916867	
1044	1.001640	0.001870	-7.804628	-0.001870	1.001640	0.880425	
1045	1.004929	0.004647	-9.504324	-0.004647	1.004929	0.898949	
1046	1.002114	0.001259	-12.608496	-0.001259	1.002114	0.713549	
1047	1.002978	0.002265	-8.779485	-0.002265	1.002978	0.685064	
1048	1.002843	0.001204	-12.799073	-0.001204	1.002843	0.432652	
1049	1.004927	0.004365	-9.168975	-0.004365	1.004927	0.817499	
1050	1.002859	0.002555	-8.117219	-0.002555	1.002859	0.808490	
