0	1.000000	0.000000	0.000000	0.000000	1.000000	0.000000	
1	1.000160	0.000094	-0.771521	-0.000094	1.000160	0.999724	
2	1.000192	-0.000068	-0.980212	0.000068	1.000192	1.147408	
3	1.000241	-0.000201	-0.907050	0.000201	1.000241	1.375743	
4	1.000489	-0.000640	-1.066993	0.000640	1.000489	1.677242	
5	1.000219	-0.000419	-1.069442	0.000419	1.000219	2.149633	
6	1.000494	-0.000609	-1.130330	0.000609	1.000494	2.198078	
7	1.000711	-0.000691	-1.285363	0.000691	1.000711	2.322268	
8	1.001384	-0.000849	-1.542509	0.000849	1.001384	2.408749	
9	1.001965	-0.000744	-1.800047	0.000744	1.001965	2.221321	
10	1.002634	-0.000819	-2.199660	0.000819	1.002634	2.075755	
11	1.003254	-0.001148	-2.392525	0.001148	1.003254	1.886090	
12	1.003863	-0.001197	-2.855100	0.001197	1.003863	1.858911	
13	1.004547	-0.001167	-3.228093	0.001167	1.004547	1.540606	
14	1.004325	-0.000984	-3.005070	0.000984	1.004325	1.679358	
15	1.004110	-0.000708	-2.843889	0.000708	1.004110	1.767832	
16	1.005453	-0.001048	-3.480232	0.001048	1.005453	1.567056	
17	1.005693	-0.000765	-3.691426	0.000765	1.005693	1.353536	
18	1.006260	-0.000769	-3.936812	0.000769	1.006260	1.314436	
19	1.006778	-0.000861	-4.122645	0.000861	1.006778	1.158911	
20	1.007329	-0.000928	-4.307997	0.000928	1.007329	0.677667	
21	1.008246	-0.000755	-4.716417	0.000755	1.008246	0.392481	
22	1.008777	-0.000741	-4.923881	0.000741	1.008777	0.172714	
23	1.009389	-0.000306	-5.262317	0.000306	1.009389	0.098267	
24	1.011701	-0.000284	-6.559314	0.000284	1.011701	-0.074945	
25	1.011916	-0.000462	-6.462246	0.000462	1.011916	-0.398404	
26	1.014923	-0.000036	-8.501754	0.000036	1.014923	-0.827807	
27	1.017380	-0.000117	-9.919243	0.000117	1.017380	-1.474132	
28	1.017748	-0.000140	-10.046202	0.000140	1.017748	-1.542918	
29	1.020113	0.000225	-11.698575	-0.000225	1.020113	-1.348608	
30	1.021616	0.000264	-12.605167	-0.000264	1.021616	-1.960233	
31	1.021846	0.000328	-12.698985	-0.000328	1.021846	-2.556558	
32	1.023800	0.000318	-14.002034	-0.000318	1.023800	-2.993937	
33	1.024819	0.000324	-14.604411	-0.000324	1.024819	-2.786814	
34	1.025783	0.000321	-15.146569	-0.000321	1.025783	-3.154379	
35	1.025854	0.000392	-15.082856	-0.000392	1.025854	-3.427964	
36	1.025915	0.000699	-15.245148	-0.000699	1.025915	-2.998130	
37	1.023527	0.000658	-13.158754	-0.000658	1.023527	-2.723203	
38	1.027813	0.000814	-16.199208	-0.000814	1.027813	-3.523666	
39	1.028199	0.000778	-16.200921	-0.000778	1.028199	-4.158377	
40	1.029374	0.000281	-17.009240	-0.000281	1.029374	-4.855745	
41	1.031001	0.000051	-17.780843	-0.000051	1.031001	-5.296491	
42	1.020158	0.000818	-10.297881	-0.000818	1.020158	-3.163597	
43	1.030511	0.000319	-17.410365	-0.000319	1.030511	-5.070652	
44	1.032303	0.000146	-18.391130	-0.000146	1.032303	-5.851002	
45	1.032234	-0.000005	-18.310339	0.000005	1.032234	-6.326251	
46	1.033830	-0.000030	-19.031556	0.000030	1.033830	-7.129290	
47	1.033717	-0.000418	-19.310210	0.000418	1.033717	-7.623396	
48	1.032325	-0.000343	-18.320753	0.000343	1.032325	-7.304996	
49	1.033152	-0.000492	-18.850440	0.000492	1.033152	-7.668526	
50	1.032175	-0.000843	-18.866790	0.000843	1.032175	-7.814864	
51	1.028190	-0.000318	-16.418935	0.000318	1.028190	-6.465333	
52	1.024987	-0.000394	-14.574011	0.000394	1.024987	-5.433638	
53	1.012788	0.000555	-6.544238	-0.000555	1.012788	-2.054664	
54	1.005892	-0.000516	-2.418260	0.000516	1.005892	0.029348	
55	1.000955	-0.000648	0.692739	0.000648	1.000955	1.431267	
56	1.000609	-0.000485	1.089056	0.000485	1.000609	1.494991	
57	1.000387	-0.000593	1.293560	0.000593	1.000387	1.097132	
58	1.000972	-0.000450	1.056151	0.000450	1.000972	1.106842	
59	1.001135	-0.000486	0.933921	0.000486	1.001135	1.057813	
60	1.000976	-0.000371	1.166272	0.000371	1.000976	1.012544	
61	1.001209	-0.000460	1.333414	0.000460	1.001209	1.038445	
62	1.001590	-0.000532	1.403822	0.000532	1.001590	0.919727	
63	1.001485	-0.000539	1.564408	0.000539	1.001485	0.871608	
64	1.001795	-0.000536	1.558436	0.000536	1.001795	0.711276	
65	1.001302	-0.000705	1.595812	0.000705	1.001302	0.586386	
66	1.001687	-0.000401	1.922765	0.000401	1.001687	0.639456	
67	1.001327	-0.000455	1.820839	0.000455	1.001327	0.635970	
68	1.001474	-0.000371	1.482770	0.000371	1.001474	0.589969	
69	1.001213	-0.000176	1.340221	0.000176	1.001213	0.713489	
70	1.001274	-0.000081	1.010190	0.000081	1.001274	0.538404	
71	1.001007	0.000199	0.734828	-0.000199	1.001007	0.211173	
72	1.000804	0.000484	0.171123	-0.000484	1.000804	-0.115797	
73	1.000492	0.000516	-0.365242	-0.000516	1.000492	-0.451769	
74	1.000123	0.000651	-0.918372	-0.000651	1.000123	-0.693201	
75	0.999991	0.000972	-1.461806	-0.000972	0.999991	-1.025806	
76	1.000137	0.001051	-1.806575	-0.001051	1.000137	-1.413678	
77	1.000132	0.000922	-1.919669	-0.000922	1.000132	-1.649591	
78	0.999973	0.001291	-1.813763	-0.001291	0.999973	-1.743002	
79	0.999788	0.001049	-2.104524	-0.001049	0.999788	-1.875522	
80	0.999788	0.001264	-2.486950	-0.001264	0.999788	-1.867026	
81	0.999619	0.000913	-2.736215	-0.000913	0.999619	-1.696513	
82	0.999475	0.001016	-3.006763	-0.001016	0.999475	-1.347885	
83	0.999120	0.000622	-2.612444	-0.000622	0.999120	-1.095024	
84	0.997652	0.000506	-2.114782	-0.000506	0.997652	-0.427736	
85	0.996772	0.000464	-1.903707	-0.000464	0.996772	-0.369634	
86	0.996183	0.000494	-2.060947	-0.000494	0.996183	-0.264238	
87	0.996805	0.000347	-2.372503	-0.000347	0.996805	-0.287959	
88	0.996193	0.000352	-2.133435	-0.000352	0.996193	-0.383184	
89	0.995795	0.000288	-2.023001	-0.000288	0.995795	-0.279955	
90	0.995542	0.000364	-1.777885	-0.000364	0.995542	-0.210554	
91	0.996120	0.000331	-2.050137	-0.000331	0.996120	-0.327495	
92	0.995783	0.000406	-1.797904	-0.000406	0.995783	-0.428849	
93	0.995934	0.000341	-1.596198	-0.000341	0.995934	-0.458917	
94	0.995827	0.000205	-1.595423	-0.000205	0.995827	-0.283225	
95	0.995904	0.000360	-1.503684	-0.000360	0.995904	-0.141837	
96	0.996306	0.000116	-1.860677	-0.000116	0.996306	0.021125	
97	0.995602	0.000542	-1.368657	-0.000542	0.995602	0.164224	
98	0.996668	0.000218	-1.519389	-0.000218	0.996668	-0.189668	
99	0.995857	0.000520	-1.136396	-0.000520	0.995857	0.200442	
100	0.995671	0.000562	-0.909169	-0.000562	0.995671	0.402139	
101	0.996261	0.000366	-1.158235	-0.000366	0.996261	0.231559	
102	0.996290	0.000164	-0.940124	-0.000164	0.996290	0.231093	
103	0.996413	0.000276	-0.732975	-0.000276	0.996413	0.427106	
104	0.996049	0.000368	-0.359867	-0.000368	0.996049	0.347063	
105	0.996051	0.000561	-0.009746	-0.000561	0.996051	0.412114	
106	0.996042	0.000263	0.261081	-0.000263	0.996042	0.625127	
107	0.996107	0.000383	0.694476	-0.000383	0.996107	0.762498	
108	0.996087	0.000973	1.006980	-0.000973	0.996087	0.905031	
109	0.996092	0.000681	1.434093	-0.000681	0.996092	0.946481	
110	0.995741	0.000458	1.584405	-0.000458	0.995741	1.247353	
111	0.995954	0.000376	1.584020	-0.000376	0.995954	1.185056	
112	0.996079	0.000224	1.694273	-0.000224	0.996079	1.204193	
113	0.996014	0.000166	1.749518	-0.000166	0.996014	1.375508	
114	0.995595	0.000375	2.133641	-0.000375	0.995595	1.591691	
115	0.995460	0.000547	2.078272	-0.000547	0.995460	1.693420	
116	0.995587	0.000483	2.023685	-0.000483	0.995587	1.648363	
117	0.995421	0.000032	2.321858	-0.000032	0.995421	1.512081	
118	0.995731	0.000728	2.119159	-0.000728	0.995731	1.668696	
119	0.995481	0.000620	2.308326	-0.000620	0.995481	1.634844	
120	0.995710	0.000457	2.174159	-0.000457	0.995710	1.441203	
121	0.995681	0.000486	2.306468	-0.000486	0.995681	1.401058	
122	0.995371	0.000230	2.529412	-0.000230	0.995371	1.225963	
123	0.996185	0.000094	2.058310	-0.000094	0.996185	1.095683	
124	0.995997	0.000302	2.149525	-0.000302	0.995997	1.158529	
125	0.995911	0.000825	2.057752	-0.000825	0.995911	1.051933	
126	0.996027	0.000826	1.947438	-0.000826	0.996027	0.663332	
127	0.996743	0.000688	1.705745	-0.000688	0.996743	0.290990	
128	0.996773	0.000677	1.570082	-0.000677	0.996773	0.045577	
129	0.996547	0.000562	1.741610	-0.000562	0.996547	0.175593	
130	0.996754	0.000535	1.602069	-0.000535	0.996754	0.302541	
131	0.996769	0.000548	1.548692	-0.000548	0.996769	0.332104	
132	0.997482	0.000628	1.256690	-0.000628	0.997482	0.043903	
133	0.997639	0.000808	1.075139	-0.000808	0.997639	-0.074614	
134	0.997942	0.000887	0.943751	-0.000887	0.997942	-0.114545	
135	0.998039	0.000845	0.925043	-0.000845	0.998039	-0.147438	
136	0.997792	0.000545	1.013199	-0.000545	0.997792	-0.295737	
137	0.998235	0.000670	0.795580	-0.000670	0.998235	-0.378464	
138	0.999209	0.000911	0.199724	-0.000911	0.999209	-0.726928	
139	0.999618	0.000724	-0.079218	-0.000724	0.999618	-0.874254	
140	0.999798	0.000717	-0.136260	-0.000717	0.999798	-0.993810	
141	0.999674	0.000813	-0.122167	-0.000813	0.999674	-1.013612	
142	0.999789	0.000598	-0.056382	-0.000598	0.999789	-0.928210	
143	1.000078	0.000555	-0.194382	-0.000555	1.000078	-0.990808	
144	1.000092	0.000290	-0.256475	-0.000290	1.000092	-1.333566	
145	1.000165	0.000232	-0.309588	-0.000232	1.000165	-1.333835	
146	1.000074	-0.000106	-0.142954	0.000106	1.000074	-1.554120	
147	1.000100	-0.000192	-0.121876	0.000192	1.000100	-1.321029	
148	1.000460	-0.000241	-0.423269	0.000241	1.000460	-1.200241	
149	1.000425	0.000153	-0.416068	-0.000153	1.000425	-0.952105	
150	1.000102	0.000297	-0.109361	-0.000297	1.000102	-0.664173	
151	1.000106	0.000402	-0.096094	-0.000402	1.000106	-0.654758	
152	1.000025	0.000366	-0.009497	-0.000366	1.000025	-0.638125	
153	0.999983	0.000388	-0.003445	-0.000388	0.999983	-0.474021	
154	0.999868	0.000509	0.084293	-0.000509	0.999868	-0.410395	
155	0.999868	0.000465	0.087007	-0.000465	0.999868	-0.364533	
156	0.999630	0.000564	0.192187	-0.000564	0.999630	-0.302522	
157	0.999588	0.000747	0.311783	-0.000747	0.999588	0.029925	
158	0.999630	0.000650	0.257439	-0.000650	0.999630	0.017949	
159	0.999532	0.000395	0.279442	-0.000395	0.999532	-0.114683	
160	0.999490	0.000477	0.295330	-0.000477	0.999490	0.023273	
161	0.999712	0.000298	0.149483	-0.000298	0.999712	-0.174245	
162	0.999827	0.000140	0.080008	-0.000140	0.999827	-0.098993	
163	0.999955	0.000032	0.010616	-0.000032	0.999955	-0.220914	
164	0.999705	-0.000070	0.069912	0.000070	0.999705	-0.426508	
165	0.999920	-0.000154	-0.005492	0.000154	0.999920	-0.274373	
166	0.999697	-0.000103	0.034599	0.000103	0.999697	-0.332953	
167	0.999740	0.000112	0.047709	-0.000112	0.999740	-0.178205	
168	0.999636	-0.000129	0.100262	0.000129	0.999636	-0.400857	
169	0.999798	-0.000120	0.025075	0.000120	0.999798	-0.430738	
170	0.999700	-0.000285	-0.004638	0.000285	0.999700	-0.348192	
171	0.999790	-0.000343	-0.042704	0.000343	0.999790	-0.362367	
172	1.000022	-0.000437	-0.094720	0.000437	1.000022	-0.513926	
173	0.999997	-0.000508	-0.104924	0.000508	0.999997	-0.427279	
174	1.000266	-0.000418	-0.270110	0.000418	1.000266	-0.449578	
175	1.000187	-0.000551	-0.192484	0.000551	1.000187	-0.510716	
176	1.000326	-0.000296	-0.209950	0.000296	1.000326	-0.360738	
177	1.000306	-0.000318	-0.166498	0.000318	1.000306	-0.333317	
178	1.000325	-0.000246	-0.292876	0.000246	1.000325	-0.383051	
179	1.000354	-0.000332	-0.315503	0.000332	1.000354	-0.423753	
180	1.000301	-0.000250	-0.279413	0.000250	1.000301	-0.327942	
181	1.000132	-0.000217	-0.102698	0.000217	1.000132	-0.244034	
182	1.000156	-0.000194	-0.253223	0.000194	1.000156	-0.293857	
183	1.000040	-0.000278	-0.134149	0.000278	1.000040	-0.297223	
184	1.000012	-0.000611	-0.155361	0.000611	1.000012	-0.306417	
185	1.000105	-0.000426	-0.147575	0.000426	1.000105	0.058934	
186	1.000156	-0.000412	-0.258345	0.000412	1.000156	0.205917	
187	1.000191	-0.000503	-0.228300	0.000503	1.000191	0.527290	
188	0.999882	-0.000655	0.054473	0.000655	0.999882	0.629602	
189	0.999853	-0.000828	0.036393	0.000828	0.999853	0.747389	
190	0.999698	-0.001035	0.196793	0.001035	0.999698	1.102517	
191	0.999630	-0.001083	0.115807	0.001083	0.999630	1.079911	
192	0.999746	-0.001193	0.024828	0.001193	0.999746	0.954544	
193	1.000169	-0.001992	-0.363390	0.001992	1.000169	0.459013	
194	0.999624	-0.001231	0.216965	0.001231	0.999624	1.470270	
195	0.999601	-0.001293	0.256934	0.001293	0.999601	1.557506	
196	0.999819	-0.001447	0.091056	0.001447	0.999819	1.363063	
197	0.999947	-0.001682	0.029183	0.001682	0.999947	1.240487	
198	0.999968	-0.001432	0.168610	0.001432	0.999968	1.341366	
199	1.000296	-0.001385	-0.157661	0.001385	1.000296	1.211865	
200	1.000263	-0.001369	-0.041933	0.001369	1.000263	1.000911	
201	0.999975	-0.001056	0.301444	0.001056	0.999975	1.119665	
202	1.000226	-0.001083	0.219886	0.001083	1.000226	1.212734	
203	1.000213	-0.001049	0.172401	0.001049	1.000213	1.137175	
204	1.000379	-0.000860	0.132273	0.000860	1.000379	1.132300	
205	1.000330	-0.000848	0.327261	0.000848	1.000330	1.230112	
206	1.000396	-0.000892	0.230567	0.000892	1.000396	0.986029	
207	1.000294	-0.000794	0.357676	0.000794	1.000294	1.153091	
208	1.000344	-0.000861	0.301858	0.000861	1.000344	0.960797	
209	1.000385	-0.000687	0.442645	0.000687	1.000385	0.840099	
210	1.000266	-0.000545	0.708776	0.000545	1.000266	0.894762	
211	1.000513	-0.000479	0.420769	0.000479	1.000513	0.856885	
212	1.000438	-0.000621	0.599831	0.000621	1.000438	0.770629	
213	1.000302	-0.000480	0.671514	0.000480	1.000302	0.823661	
214	1.000254	-0.000293	0.636020	0.000293	1.000254	0.939694	
215	1.000368	-0.000371	0.611853	0.000371	1.000368	0.870666	
216	1.000210	-0.000323	0.474099	0.000323	1.000210	0.668394	
217	0.999894	-0.000327	0.520473	0.000327	0.999894	0.597633	
218	0.999966	-0.000360	0.521292	0.000360	0.999966	0.448312	
219	0.999960	-0.000099	0.427171	0.000099	0.999960	0.393958	
220	0.999894	-0.000141	0.457860	0.000141	0.999894	0.331110	
221	1.000038	-0.000154	0.416489	0.000154	1.000038	0.249477	
222	1.000185	0.000210	0.363418	-0.000210	1.000185	0.326143	
223	1.000331	-0.000285	0.188059	0.000285	1.000331	0.026397	
224	1.000239	0.000055	0.246305	-0.000055	1.000239	0.264170	
225	1.000152	0.000117	0.383651	-0.000117	1.000152	0.339797	
226	1.000294	0.000202	0.282975	-0.000202	1.000294	0.268354	
227	1.000076	0.000372	0.282149	-0.000372	1.000076	0.323748	
228	1.000358	0.000283	0.218557	-0.000283	1.000358	0.189220	
229	1.000221	0.000381	0.253357	-0.000381	1.000221	0.204781	
230	1.000078	0.000232	0.257896	-0.000232	1.000078	0.185206	
231	0.999982	0.000250	0.282289	-0.000250	0.999982	0.150262	
232	0.999963	0.000293	0.401757	-0.000293	0.999963	0.146746	
233	0.999938	0.000143	0.437109	-0.000143	0.999938	0.057366	
234	0.999919	0.000170	0.373586	-0.000170	0.999919	0.036711	
235	0.999913	0.000278	0.426977	-0.000278	0.999913	0.063652	
236	1.000080	0.000310	0.334536	-0.000310	1.000080	0.104891	
237	1.000302	0.000328	0.233854	-0.000328	1.000302	0.155112	
238	1.000426	0.000214	0.013840	-0.000214	1.000426	0.160112	
239	1.000686	0.000052	-0.101346	-0.000052	1.000686	0.121908	
240	1.000751	0.000083	-0.057125	-0.000083	1.000751	0.232336	
241	1.000757	-0.000007	0.013526	0.000007	1.000757	0.140272	
242	1.000317	0.000128	0.036438	-0.000128	1.000317	0.162447	
243	1.000143	0.000031	0.125664	-0.000031	1.000143	0.079293	
244	1.000318	-0.000062	0.240775	0.000062	1.000318	-0.044924	
245	1.000222	0.000019	0.305318	-0.000019	1.000222	-0.048789	
246	0.999845	0.000181	0.272432	-0.000181	0.999845	0.021781	
247	0.999774	0.000379	0.300702	-0.000379	0.999774	0.077051	
248	0.999781	0.000093	0.492967	-0.000093	0.999781	-0.125938	
249	0.999626	0.000252	0.484974	-0.000252	0.999626	-0.530748	
250	0.990205	0.000267	7.227855	-0.000267	0.990205	0.163385	
251	0.985441	-0.000111	12.855707	0.000111	0.985441	-3.847478	
252	0.989287	-0.001014	15.641524	0.001014	0.989287	-12.787208	
253	0.993557	-0.001292	18.384548	0.001292	0.993557	-16.761964	
254	0.992076	-0.001626	22.354621	0.001626	0.992076	-15.375566	
255	0.990541	-0.002263	23.277586	0.002263	0.990541	-13.025796	
256	0.991740	-0.002605	21.989514	0.002605	0.991740	-13.057318	
257	0.990724	-0.002535	23.280855	0.002535	0.990724	-13.360807	
258	0.991207	-0.002675	22.595674	0.002675	0.991207	-14.136079	
259	0.994156	-0.002993	21.085866	0.002993	0.994156	-16.948166	
260	1.001604	-0.001826	15.870623	0.001826	1.001604	-16.857417	
261	1.002631	-0.001618	12.313707	0.001618	1.002631	-14.063395	
262	1.000452	-0.001319	10.175213	0.001319	1.000452	-11.750335	
263	1.000729	-0.001133	8.249745	0.001133	1.000729	-9.342284	
264	1.000747	-0.000820	6.628023	0.000820	1.000747	-7.453800	
265	1.002062	0.001458	3.392960	-0.001458	1.002062	-4.525745	
266	0.999916	0.000535	3.857845	-0.000535	0.999916	-4.889306	
267	1.000359	0.000353	3.176762	-0.000353	1.000359	-4.836452	
268	0.999364	0.000009	3.326127	-0.000009	0.999364	-4.420754	
269	0.999650	0.000080	2.930626	-0.000080	0.999650	-4.061893	
270	1.000579	0.001075	1.615094	-0.001075	1.000579	-2.709642	
271	1.000127	0.000531	1.407287	-0.000531	1.000127	-2.698133	
272	0.999759	0.000449	1.221182	-0.000449	0.999759	-2.072497	
273	0.999778	-0.000056	0.990380	0.000056	0.999778	-1.976075	
274	0.999482	-0.000058	1.028571	0.000058	0.999482	-1.421883	
