0	1.000000	0.000000	0.000000	0.000000	1.000000	0.000000	
1	1.001936	-0.005365	4.762753	0.005365	1.001936	-4.532581	
2	1.002725	-0.006383	4.291175	0.006383	1.002725	-5.877083	
3	0.993646	-0.000838	13.628016	0.000838	0.993646	1.772875	
4	0.993311	-0.000981	14.510417	0.000981	0.993311	1.718324	
5	0.992599	-0.001165	15.663684	0.001165	0.992599	1.736108	
6	1.005721	-0.006840	2.910668	0.006840	1.005721	-7.589195	
7	1.006445	-0.007356	2.708070	0.007356	1.006445	-8.455803	
8	0.992762	-0.001329	17.786781	0.001329	0.992762	0.916475	
9	1.008669	-0.008142	1.717775	0.008142	1.008669	-10.258708	
10	0.993060	-0.001385	18.872095	0.001385	0.993060	0.572498	
11	0.993222	-0.001361	19.198716	0.001361	0.993222	0.657242	
12	0.993162	-0.001431	19.833341	0.001431	0.993162	0.681658	
13	0.993063	-0.001241	20.328032	0.001241	0.993063	0.896223	
14	0.993567	-0.001279	20.453433	0.001279	0.993567	0.757501	
15	0.994066	-0.001338	20.010906	0.001338	0.994066	0.686342	
16	0.993764	-0.001414	20.306363	0.001414	0.993764	0.591551	
17	0.992490	-0.001462	21.979302	0.001462	0.992490	0.710967	
18	0.992850	-0.001311	21.993997	0.001311	0.992850	0.647809	
19	0.993329	-0.001378	21.961784	0.001378	0.993329	0.520003	
20	0.992456	-0.001395	22.927578	0.001395	0.992456	0.906366	
21	0.993633	-0.001405	22.342009	0.001405	0.993633	0.586998	
22	0.993468	-0.001729	22.809009	0.001729	0.993468	0.467637	
23	0.992739	-0.001553	23.712114	0.001553	0.992739	0.932442	
24	0.993793	-0.001728	23.808714	0.001728	0.993793	0.532983	
25	0.993874	-0.001888	24.652059	0.001888	0.993874	0.080028	
26	0.994416	-0.002187	24.882643	0.002187	0.994416	-0.451462	
27	0.993985	-0.002144	25.652362	0.002144	0.993985	-0.130513	
28	0.993524	-0.001960	26.581089	0.001960	0.993524	0.412299	
29	0.993409	-0.002077	27.063918	0.002077	0.993409	0.432288	
30	0.993703	-0.002142	27.026363	0.002142	0.993703	0.285037	
31	0.994066	-0.002475	26.896629	0.002475	0.994066	-0.048897	
32	0.994041	-0.002474	27.056354	0.002474	0.994041	-0.098935	
33	0.994750	-0.002432	27.044976	0.002432	0.994750	-0.283695	
34	0.995609	-0.002241	26.553866	0.002241	0.995609	-0.600255	
35	0.995973	-0.002333	26.596996	0.002333	0.995973	-0.863234	
36	0.996056	-0.002356	26.627630	0.002356	0.996056	-1.003729	
37	0.995751	-0.002449	26.503830	0.002449	0.995751	-0.953812	
38	0.995732	-0.002323	26.491849	0.002323	0.995732	-0.733491	
39	0.995980	-0.002119	26.149538	0.002119	0.995980	-0.442697	
40	0.995982	-0.002376	25.571589	0.002376	0.995982	-0.851753	
41	0.996084	-0.002015	24.267462	0.002015	0.996084	-0.991323	
42	1.000939	-0.006153	4.358722	0.006153	1.000939	-4.835393	
43	1.001290	-0.002738	1.507934	0.002738	1.001290	-2.984487	
44	1.001476	-0.007718	5.293432	0.007718	1.001476	-6.044784	
45	1.001642	-0.005329	3.319693	0.005329	1.001642	-4.926958	
46	1.001295	-0.005246	3.334697	0.005246	1.001295	-4.429972	
47	1.001901	-0.004782	2.614996	0.004782	1.001901	-4.292355	
48	1.002122	-0.004701	2.496379	0.004701	1.002122	-4.636344	
49	1.002344	-0.005771	2.963734	0.005771	1.002344	-5.367352	
50	1.001184	-0.002469	1.247318	0.002469	1.001184	-2.818409	
51	1.003392	-0.005258	2.024143	0.005258	1.003392	-5.928978	
52	1.002607	-0.004556	2.320614	0.004556	1.002607	-5.578932	
53	1.002860	-0.003035	1.198580	0.003035	1.002860	-4.498253	
54	0.997929	-0.002208	20.651901	0.002208	0.997929	-2.868458	
55	1.001096	-0.004227	2.253917	0.004227	1.001096	-3.677589	
56	0.998361	-0.002393	20.962524	0.002393	0.998361	-2.207023	
57	1.001389	-0.005342	4.528263	0.005342	1.001389	-4.865485	
58	1.003982	-0.005719	2.194330	0.005719	1.003982	-6.619955	
59	1.001324	-0.003217	18.607372	0.003217	1.001324	-4.235381	
60	0.999135	-0.002515	20.390718	0.002515	0.999135	-3.134170	
61	0.999734	-0.002597	19.770772	0.002597	0.999734	-2.810922	
62	0.999427	-0.002402	19.857590	0.002402	0.999427	-1.999384	
63	0.999740	-0.002239	18.608069	0.002239	0.999740	-1.810273	
64	1.000003	-0.001667	17.808594	0.001667	1.000003	-1.495019	
65	1.000224	-0.001749	17.177041	0.001749	1.000224	-1.304238	
66	1.001424	-0.001957	15.561329	0.001957	1.001424	-1.537625	
67	1.000613	-0.002617	16.017525	0.002617	1.000613	-2.051503	
68	1.000524	-0.001880	15.314075	0.001880	1.000524	-1.390875	
69	1.000685	-0.001753	14.651853	0.001753	1.000685	-1.278309	
70	1.000317	-0.002103	15.146159	0.002103	1.000317	-1.248324	
71	1.000401	-0.002314	14.549001	0.002314	1.000401	-1.443991	
72	1.000381	-0.002461	14.337055	0.002461	1.000381	-1.662191	
73	1.000653	-0.001871	13.991403	0.001871	1.000653	-1.366399	
74	1.001172	-0.001936	13.201057	0.001936	1.001172	-1.338142	
75	1.001466	-0.001752	12.565050	0.001752	1.001466	-1.216196	
76	1.000871	-0.002123	11.711267	0.002123	1.000871	-1.489856	
77	1.000477	-0.001744	11.983080	0.001744	1.000477	-1.323794	
78	1.000067	-0.002102	11.923566	0.002102	1.000067	-1.378379	
79	1.010656	-0.008410	0.404085	0.008410	1.010656	-11.115906	
80	1.009745	-0.008617	1.266167	0.008617	1.009745	-10.989740	
81	1.009127	-0.008424	1.489713	0.008424	1.009127	-10.623375	
82	1.008746	-0.008472	1.698377	0.008472	1.008746	-10.300877	
83	1.007688	-0.010146	2.963068	0.010146	1.007688	-11.654511	
84	1.001250	-0.001338	8.818760	0.001338	1.001250	-1.259400	
85	1.002058	-0.003165	7.952712	0.003165	1.002058	-2.758763	
86	1.003662	-0.005406	6.615602	0.005406	1.003662	-4.962099	
87	0.992049	-0.006563	11.940201	0.006563	0.992049	-0.706764	
88	0.993056	-0.006359	10.174342	0.006359	0.993056	-0.688899	
89	1.002721	-0.000913	7.781580	0.000913	1.002721	-1.893419	
90	1.003096	-0.001331	7.098886	0.001331	1.003096	-2.122958	
91	1.003823	-0.003299	5.959552	0.003299	1.003823	-3.431919	
92	1.003232	-0.000852	6.887815	0.000852	1.003232	-1.434928	
93	0.999376	-0.005853	7.770086	0.005853	0.999376	-3.143732	
94	0.994146	-0.005384	9.071184	0.005384	0.994146	-0.704028	
95	0.992996	-0.006621	9.664160	0.006621	0.992996	-0.559423	
96	1.003939	-0.000936	7.927112	0.000936	1.003939	-1.906076	
97	0.993074	-0.006500	9.915951	0.006500	0.993074	-0.608896	
98	0.993605	-0.006798	9.942945	0.006798	0.993605	-1.091263	
99	1.004265	-0.001000	7.636477	0.001000	1.004265	-2.202424	
100	0.993836	-0.005106	9.266174	0.005106	0.993836	-0.851512	
101	1.003378	-0.001066	6.902263	0.001066	1.003378	-1.579160	
102	0.994522	-0.005907	9.483417	0.005907	0.994522	-1.068165	
103	0.995251	-0.006352	9.157213	0.006352	0.995251	-1.409495	
104	1.002468	-0.003455	5.820968	0.003455	1.002468	-3.028505	
105	1.001167	-0.000611	6.709570	0.000611	1.001167	-0.865384	
106	0.996071	-0.005746	7.854890	0.005746	0.996071	-1.379357	
107	1.001904	-0.002603	5.292489	0.002603	1.001904	-2.281119	
108	1.002071	-0.002983	4.980940	0.002983	1.002071	-2.614810	
109	1.001768	-0.003889	4.470126	0.003889	1.001768	-3.387141	
110	1.000833	-0.003019	4.787874	0.003019	1.000833	-2.301321	
111	1.001663	-0.002310	4.491640	0.002310	1.001663	-2.120805	
112	1.000862	-0.002957	4.507967	0.002957	1.000862	-2.382504	
113	1.000825	-0.002587	4.362024	0.002587	1.000825	-1.986596	
114	1.000804	-0.002377	4.015060	0.002377	1.000804	-1.871764	
115	1.001307	-0.002394	3.072222	0.002394	1.001307	-2.251104	
116	1.000606	-0.001638	2.858855	0.001638	1.000606	-1.303175	
117	1.000309	-0.001463	2.566774	0.001463	1.000309	-0.970057	
118	1.000228	-0.001272	2.207795	0.001272	1.000228	-0.872801	
119	1.000595	-0.001089	1.735470	0.001089	1.000595	-1.056125	
120	1.000578	-0.000955	1.356165	0.000955	1.000578	-0.994193	
121	1.000707	-0.000736	1.062603	0.000736	1.000707	-0.879385	
122	1.000652	-0.000705	1.028423	0.000705	1.000652	-0.812611	
123	1.000739	-0.000743	0.986373	0.000743	1.000739	-0.795396	
124	1.000751	-0.000672	0.982948	0.000672	1.000751	-0.586475	
125	1.000806	-0.000738	0.885574	0.000738	1.000806	-0.550083	
126	1.000727	-0.000704	0.791249	0.000704	1.000727	-0.550897	
127	1.000595	-0.000724	0.804747	0.000724	1.000595	-0.564065	
128	1.000515	-0.000725	0.787494	0.000725	1.000515	-0.579344	
129	1.000610	-0.000690	0.717935	0.000690	1.000610	-0.745688	
130	1.000789	-0.000805	0.740096	0.000805	1.000789	-0.934022	
131	1.000604	-0.001051	1.079695	0.001051	1.000604	-0.988046	
132	1.000571	-0.001117	1.294666	0.001117	1.000571	-0.963372	
133	1.000511	-0.001152	1.453579	0.001152	1.000511	-0.928393	
134	1.000636	-0.001097	1.314767	0.001097	1.000636	-1.098937	
135	1.000584	-0.001019	1.217419	0.001019	1.000584	-1.054723	
136	1.000516	-0.000808	1.047307	0.000808	1.000516	-0.723501	
137	1.000499	-0.000882	1.019390	0.000882	1.000499	-0.775217	
138	1.000454	-0.000886	1.019956	0.000886	1.000454	-0.754507	
139	1.000463	-0.000992	1.058557	0.000992	1.000463	-0.775731	
140	1.000321	-0.001118	1.261047	0.001118	1.000321	-0.728034	
141	0.999995	-0.000953	1.175907	0.000953	0.999995	-0.512723	
142	0.999837	-0.000750	1.009487	0.000750	0.999837	-0.386013	
143	0.999913	-0.000728	0.790440	0.000728	0.999913	-0.446595	
144	0.999842	-0.000589	0.659735	0.000589	0.999842	-0.341221	
145	0.999843	-0.000582	0.779183	0.000582	0.999843	-0.319015	
146	0.999902	-0.000607	0.801255	0.000607	0.999902	-0.371074	
147	0.999918	-0.000541	0.648483	0.000541	0.999918	-0.294850	
148	0.999941	-0.000445	0.483979	0.000445	0.999941	-0.212367	
149	0.999990	-0.000250	0.095730	0.000250	0.999990	-0.122025	
150	1.000076	-0.000193	0.049896	0.000193	1.000076	-0.176527	
151	1.000023	-0.000200	0.172086	0.000200	1.000023	-0.086109	
152	0.999864	-0.000472	0.592612	0.000472	0.999864	-0.042229	
153	0.999986	-0.000565	0.703110	0.000565	0.999986	-0.436225	
154	0.999968	-0.000645	0.792773	0.000645	0.999968	-0.382443	
155	0.999956	-0.000507	0.802098	0.000507	0.999956	-0.257917	
156	0.999979	-0.000502	0.786704	0.000502	0.999979	-0.303722	
157	0.999974	-0.000581	0.807834	0.000581	0.999974	-0.429840	
158	0.999975	-0.000494	0.752970	0.000494	0.999975	-0.299474	
159	0.999928	-0.000496	0.908703	0.000496	0.999928	-0.232233	
160	0.999950	-0.000555	1.000556	0.000555	0.999950	-0.300461	
161	1.000012	-0.000575	0.963741	0.000575	1.000012	-0.374727	
162	0.999976	-0.000524	0.993574	0.000524	0.999976	-0.267770	
163	1.000002	-0.000658	1.084885	0.000658	1.000002	-0.337607	
164	1.000022	-0.000703	1.072477	0.000703	1.000022	-0.401688	
165	1.000048	-0.000689	1.039586	0.000689	1.000048	-0.441553	
166	1.000052	-0.000553	0.709860	0.000553	1.000052	-0.316685	
167	1.000052	-0.000438	0.592220	0.000438	1.000052	-0.253268	
168	1.000153	-0.000479	0.454393	0.000479	1.000153	-0.314698	
169	1.000194	-0.000504	0.552736	0.000504	1.000194	-0.343382	
170	1.000202	-0.000391	0.540785	0.000391	1.000202	-0.275493	
171	1.000192	-0.000425	0.599601	0.000425	1.000192	-0.281856	
172	1.000203	-0.000409	0.637266	0.000409	1.000203	-0.287387	
173	1.000178	-0.000531	0.737767	0.000531	1.000178	-0.364249	
174	1.000103	-0.000628	0.837469	0.000628	1.000103	-0.373921	
175	1.000147	-0.000624	0.754023	0.000624	1.000147	-0.410709	
176	1.000119	-0.000590	0.649558	0.000590	1.000119	-0.395793	
177	1.000243	-0.000562	0.512248	0.000562	1.000243	-0.434697	
178	1.000246	-0.000447	0.377707	0.000447	1.000246	-0.345018	
179	1.000264	-0.000388	0.276356	0.000388	1.000264	-0.284321	
180	1.000347	-0.000447	0.280001	0.000447	1.000347	-0.329862	
181	1.000333	-0.000304	0.171067	0.000304	1.000333	-0.265765	
182	1.000325	-0.000312	0.182690	0.000312	1.000325	-0.283113	
183	1.000219	-0.000313	0.229877	0.000313	1.000219	-0.239423	
184	1.000300	-0.000284	0.189129	0.000284	1.000300	-0.240037	
185	1.000364	-0.000281	0.170295	0.000281	1.000364	-0.285808	
186	1.000333	-0.000179	0.145393	0.000179	1.000333	-0.237351	
187	1.000414	-0.000198	0.071636	0.000198	1.000414	-0.276037	
188	1.000397	-0.000145	0.099853	0.000145	1.000397	-0.227852	
189	1.000463	-0.000138	0.003998	0.000138	1.000463	-0.224144	
190	1.000471	-0.000145	-0.018353	0.000145	1.000471	-0.232781	
191	1.000426	-0.000209	0.087428	0.000209	1.000426	-0.259917	
192	1.000448	-0.000199	0.211295	0.000199	1.000448	-0.221809	
193	1.000411	-0.000216	0.364201	0.000216	1.000411	-0.246096	
194	1.000359	-0.000225	0.404069	0.000225	1.000359	-0.257088	
195	1.000328	-0.000148	0.353368	0.000148	1.000328	-0.280160	
196	1.000269	-0.000145	0.331966	0.000145	1.000269	-0.248897	
197	1.000219	-0.000216	0.369251	0.000216	1.000219	-0.197891	
198	1.000282	-0.000236	0.342157	0.000236	1.000282	-0.281397	
199	1.000220	-0.000221	0.338049	0.000221	1.000220	-0.282063	
200	1.000193	-0.000192	0.305820	0.000192	1.000193	-0.240014	
201	1.000119	-0.000018	0.171126	0.000018	1.000119	-0.149992	
202	1.000047	0.000054	0.298287	-0.000054	1.000047	-0.125040	
203	0.999910	0.000048	0.237230	-0.000048	0.999910	-0.076755	
204	0.999828	-0.000005	0.242914	0.000005	0.999828	0.034659	
205	0.999966	-0.000112	0.183085	0.000112	0.999966	-0.066108	
206	0.999953	-0.000199	0.165569	0.000199	0.999953	-0.080355	
207	0.999951	-0.000194	0.057498	0.000194	0.999951	0.008961	
208	1.000123	-0.000143	-0.161165	0.000143	1.000123	0.005142	
209	1.000022	0.000003	-0.340709	-0.000003	1.000022	0.119200	
210	0.999956	-0.000093	-0.487088	0.000093	0.999956	0.063306	
211	0.999982	0.000259	-0.653494	-0.000259	0.999982	0.244440	
212	0.999894	0.000213	-0.545055	-0.000213	0.999894	0.171692	
213	0.999984	0.000283	-0.531900	-0.000283	0.999984	0.207242	
214	0.999988	0.000309	-0.704377	-0.000309	0.999988	0.216508	
215	0.999818	0.000529	-0.895027	-0.000529	0.999818	0.634635	
216	0.999794	0.000587	-1.031487	-0.000587	0.999794	0.826056	
217	0.999831	0.000601	-1.175755	-0.000601	0.999831	0.933832	
218	0.999943	0.000593	-1.211763	-0.000593	0.999943	0.931877	
219	1.000125	0.000581	-1.203651	-0.000581	1.000125	0.747644	
220	1.000239	0.000569	-1.159203	-0.000569	1.000239	0.560124	
221	1.000253	0.000631	-1.144926	-0.000631	1.000253	0.602743	
222	1.000213	0.000585	-1.099867	-0.000585	1.000213	0.801759	
223	1.000285	0.000513	-0.999814	-0.000513	1.000285	0.820950	
224	1.000061	0.000385	-0.699493	-0.000385	1.000061	0.945962	
225	1.000144	0.000461	-0.591786	-0.000461	1.000144	0.862009	
226	1.000096	0.000339	-0.576567	-0.000339	1.000096	0.722356	
227	1.000074	0.000408	-0.510317	-0.000408	1.000074	0.756338	
228	1.000408	0.000630	-0.686109	-0.000630	1.000408	0.675824	
229	1.000535	0.000482	-0.548006	-0.000482	1.000535	0.450621	
230	1.000429	0.000293	-0.278337	-0.000293	1.000429	0.427905	
231	1.000399	0.000185	-0.068448	-0.000185	1.000399	0.469607	
232	1.000296	-0.000017	0.248865	0.000017	1.000296	0.418410	
233	1.000101	-0.000212	0.713997	0.000212	1.000101	0.388103	
234	1.000091	-0.000287	0.951005	0.000287	1.000091	0.364121	
235	1.000023	-0.000185	1.021938	0.000185	1.000023	0.448107	
236	0.999789	-0.000173	1.033116	0.000173	0.999789	0.470219	
237	0.999853	-0.000014	0.593445	0.000014	0.999853	0.307108	
238	1.000111	0.000107	0.065870	-0.000107	1.000111	0.294653	
239	1.000130	0.000414	-0.583280	-0.000414	1.000130	0.443695	
240	1.000241	0.000498	-0.819156	-0.000498	1.000241	0.497375	
241	1.000123	0.000423	-0.573911	-0.000423	1.000123	0.638727	
242	0.999984	0.000353	-0.299352	-0.000353	0.999984	0.696329	
243	0.999938	0.000338	-0.223224	-0.000338	0.999938	0.667043	
244	1.000047	0.000271	-0.266971	-0.000271	1.000047	0.563547	
245	1.000184	0.000171	-0.245767	-0.000171	1.000184	0.570162	
246	1.000071	0.000107	-0.313308	-0.000107	1.000071	0.620621	
247	0.999954	0.000070	-0.483434	-0.000070	0.999954	0.551594	
248	1.000046	0.000358	-0.750123	-0.000358	1.000046	0.507940	
249	0.999800	0.000637	-0.960151	-0.000637	0.999800	0.676724	
250	0.999976	0.000590	-1.158519	-0.000590	0.999976	0.561836	
251	0.999954	0.000679	-1.206769	-0.000679	0.999954	0.468774	
252	1.000014	0.000617	-1.176776	-0.000617	1.000014	0.386719	
253	0.999957	0.000431	-0.860584	-0.000431	0.999957	0.204515	
254	1.000053	0.000351	-0.811682	-0.000351	1.000053	0.189799	
255	0.999781	0.000497	-0.677594	-0.000497	0.999781	0.345366	
256	0.999894	0.000402	-0.756856	-0.000402	0.999894	0.258095	
257	0.999776	0.000639	-0.768006	-0.000639	0.999776	0.427152	
258	0.999808	0.000589	-0.675380	-0.000589	0.999808	0.426754	
259	0.999847	0.000502	-0.479929	-0.000502	0.999847	0.275402	
260	0.999915	0.000412	-0.546678	-0.000412	0.999915	0.196782	
261	1.000016	0.000326	-0.528797	-0.000326	1.000016	0.090828	
262	1.000084	0.000323	-0.479240	-0.000323	1.000084	0.084736	
263	1.000161	0.000232	-0.450715	-0.000232	1.000161	0.003335	
264	1.000203	0.000103	-0.353670	-0.000103	1.000203	-0.117169	
265	0.999943	0.000016	-0.061465	-0.000016	0.999943	0.043950	
266	0.999999	-0.000167	0.197692	0.000167	0.999999	-0.107657	
267	0.999997	-0.000669	0.785682	0.000669	0.999997	-0.512066	
268	1.000006	-0.001115	1.339727	0.001115	1.000006	-0.702263	
269	0.999840	-0.001564	2.043152	0.001564	0.999840	-0.813083	
270	0.999670	-0.001685	2.270360	0.001685	0.999670	-0.839856	
271	1.000409	-0.001720	1.825436	0.001720	1.000409	-1.200565	
272	1.000149	-0.001472	1.660949	0.001472	1.000149	-0.954500	
273	1.000222	-0.001384	1.586873	0.001384	1.000222	-0.872007	
274	1.000199	-0.001312	1.766282	0.001312	1.000199	-0.859828	
275	1.000389	-0.001321	1.459076	0.001321	1.000389	-0.860897	
276	0.999950	-0.001274	1.721645	0.001274	0.999950	-0.653873	
277	1.000208	-0.001374	1.610651	0.001374	1.000208	-0.786189	
278	1.000025	-0.001383	1.881090	0.001383	1.000025	-0.731596	
279	1.000349	-0.001746	1.912914	0.001746	1.000349	-1.018738	
280	1.000059	-0.001642	2.130355	0.001642	1.000059	-0.839132	
281	0.999992	-0.001635	2.061269	0.001635	0.999992	-0.859921	
282	1.000526	-0.001491	1.641764	0.001491	1.000526	-1.004461	
283	1.000278	-0.001480	1.867297	0.001480	1.000278	-0.883123	
284	1.000142	-0.001845	2.107804	0.001845	1.000142	-1.033166	
285	1.000157	-0.001882	2.296922	0.001882	1.000157	-1.123799	
286	0.999978	-0.001801	2.145347	0.001801	0.999978	-0.908433	
287	0.999824	-0.001715	2.169700	0.001715	0.999824	-0.728088	
288	0.999895	-0.001814	2.211040	0.001814	0.999895	-0.956605	
289	1.000037	-0.001470	2.067595	0.001470	1.000037	-0.894526	
290	0.999640	-0.001361	2.172250	0.001361	0.999640	-0.519795	
291	0.999767	-0.001437	2.234788	0.001437	0.999767	-0.622192	
292	0.999507	-0.001868	3.121336	0.001868	0.999507	-0.888300	
293	0.998853	-0.002115	3.780606	0.002115	0.998853	-0.664125	
294	0.999176	-0.002341	3.945519	0.002341	0.999176	-0.866618	
295	0.999349	-0.002371	4.296713	0.002371	0.999349	-0.939293	
296	0.999549	-0.002257	4.238343	0.002257	0.999549	-1.025310	
297	0.998887	-0.002358	4.328745	0.002358	0.998887	-0.837698	
298	0.999256	-0.002439	4.586560	0.002439	0.999256	-0.935476	
299	0.999415	-0.002405	4.869606	0.002405	0.999415	-1.073648	
300	0.999286	-0.002697	5.319660	0.002697	0.999286	-1.155040	
301	0.999316	-0.002765	5.545195	0.002765	0.999316	-1.164012	
302	0.998866	-0.002834	5.791961	0.002834	0.998866	-0.977759	
303	0.999332	-0.004178	5.356769	0.004178	0.999332	-2.093294	
304	0.999084	-0.002999	5.670549	0.002999	0.999084	-1.280251	
305	0.999107	-0.002934	5.611038	0.002934	0.999107	-1.234738	
306	0.999299	-0.003040	5.466812	0.003040	0.999299	-1.321175	
307	0.998973	-0.003261	5.506598	0.003261	0.998973	-1.312741	
308	0.999010	-0.002973	5.155216	0.002973	0.999010	-1.231903	
309	0.998960	-0.002809	4.905976	0.002809	0.998960	-1.097651	
310	0.999439	-0.002652	4.430209	0.002652	0.999439	-1.146623	
311	0.999146	-0.002790	4.115319	0.002790	0.999146	-1.207424	
312	0.999270	-0.002481	3.683601	0.002481	0.999270	-1.031695	
313	0.999304	-0.002294	3.238295	0.002294	0.999304	-0.778984	
314	0.999676	-0.002193	3.040746	0.002193	0.999676	-0.954258	
315	0.999426	-0.002306	3.094985	0.002306	0.999426	-0.905299	
316	0.999329	-0.002131	3.076193	0.002131	0.999329	-0.905168	
317	0.999246	-0.002120	3.281838	0.002120	0.999246	-0.812481	
318	0.999030	-0.002098	3.262790	0.002098	0.999030	-0.810899	
319	0.999034	-0.002163	3.273744	0.002163	0.999034	-0.785352	
320	0.999072	-0.001980	3.049248	0.001980	0.999072	-0.591960	
321	0.999265	-0.001905	2.788081	0.001905	0.999265	-0.633968	
322	0.999303	-0.001775	2.528952	0.001775	0.999303	-0.617318	
323	0.999331	-0.001287	2.179540	0.001287	0.999331	-0.384770	
324	0.999221	-0.001224	1.962345	0.001224	0.999221	-0.310471	
325	0.999441	-0.001144	1.939295	0.001144	0.999441	-0.373677	
326	0.999630	-0.001051	1.507162	0.001051	0.999630	-0.413687	
327	0.999475	-0.000940	1.456541	0.000940	0.999475	-0.257092	
328	0.999617	-0.001083	1.603111	0.001083	0.999617	-0.408527	
329	0.999072	-0.001514	2.035926	0.001514	0.999072	-0.514540	
330	0.999395	-0.001621	2.286613	0.001621	0.999395	-0.710337	
331	0.999328	-0.001598	2.266093	0.001598	0.999328	-0.532501	
332	0.999595	-0.001351	1.930478	0.001351	0.999595	-0.523079	
333	0.999646	-0.001323	1.865970	0.001323	0.999646	-0.623182	
334	0.999756	-0.001001	1.414281	0.001001	0.999756	-0.578065	
335	0.999859	-0.000704	1.022960	0.000704	0.999859	-0.472273	
336	0.999783	-0.000454	0.740515	0.000454	0.999783	-0.168983	
337	0.999760	-0.000543	0.671645	0.000543	0.999760	-0.234956	
338	0.999859	-0.000375	0.576340	0.000375	0.999859	-0.224476	
339	0.999582	-0.000774	0.806422	0.000774	0.999582	-0.313076	
340	0.999774	-0.000703	0.856947	0.000703	0.999774	-0.285733	
341	0.999723	-0.000921	1.193815	0.000921	0.999723	-0.349286	
342	0.999853	-0.000882	1.204299	0.000882	0.999853	-0.375776	
343	0.999829	-0.000964	1.297703	0.000964	0.999829	-0.371713	
344	0.999966	-0.000983	1.304566	0.000983	0.999966	-0.496749	
345	1.000085	-0.001036	1.501984	0.001036	1.000085	-0.670228	
346	1.000137	-0.001130	1.699499	0.001130	1.000137	-0.759875	
347	0.999752	-0.001412	2.210248	0.001412	0.999752	-0.652327	
348	1.000063	-0.001520	2.352924	0.001520	1.000063	-0.880698	
349	0.999868	-0.001437	2.325208	0.001437	0.999868	-0.731657	
350	1.000032	-0.001184	1.811217	0.001184	1.000032	-0.708901	
351	1.000030	-0.000983	1.398859	0.000983	1.000030	-0.578848	
352	1.000061	-0.000875	1.124208	0.000875	1.000061	-0.522654	
353	1.000002	-0.000698	0.942429	0.000698	1.000002	-0.432800	
354	0.999954	-0.000521	0.911372	0.000521	0.999954	-0.293528	
355	0.999846	-0.000621	0.784285	0.000621	0.999846	-0.246205	
356	0.999841	-0.000471	0.731206	0.000471	0.999841	-0.131914	
357	0.999908	-0.000293	0.579469	0.000293	0.999908	-0.091888	
358	1.000051	-0.000016	0.339071	0.000016	1.000051	-0.002365	
359	1.000169	0.000017	0.291917	-0.000017	1.000169	0.094114	
360	1.000232	0.000204	-0.138131	-0.000204	1.000232	0.178186	
361	1.000307	0.000215	-0.432707	-0.000215	1.000307	0.064263	
362	1.000055	0.000488	-0.454396	-0.000488	1.000055	0.373103	
363	0.999850	0.000365	-0.404905	-0.000365	0.999850	0.313953	
364	0.999663	0.000410	-0.496467	-0.000410	0.999663	0.315313	
365	0.999824	0.000614	-0.702903	-0.000614	0.999824	0.254472	
366	0.999804	0.000644	-0.755899	-0.000644	0.999804	0.334242	
367	0.999753	0.000860	-0.816086	-0.000860	0.999753	0.528186	
368	0.999985	0.000964	-1.147410	-0.000964	0.999985	0.515397	
369	1.000050	0.001345	-1.653754	-0.001345	1.000050	0.705655	
370	1.000236	0.001877	-2.015460	-0.001877	1.000236	0.996104	
371	1.000205	0.001957	-2.008879	-0.001957	1.000205	1.166039	
372	1.000097	0.001606	-1.549740	-0.001606	1.000097	0.957401	
373	0.999874	0.001266	-1.096859	-0.001266	0.999874	0.760539	
374	1.000246	0.000895	-0.983907	-0.000895	1.000246	0.380880	
375	1.000309	0.000851	-0.928566	-0.000851	1.000309	0.364981	
376	0.999850	0.000810	-0.813499	-0.000810	0.999850	0.466143	
377	0.999748	0.001023	-1.067923	-0.001023	0.999748	0.643311	
378	0.999601	0.001240	-1.290122	-0.001240	0.999601	0.845250	
379	0.999585	0.001625	-1.590399	-0.001625	0.999585	1.065462	
380	1.000128	0.001915	-1.986976	-0.001915	1.000128	0.997826	
381	1.000025	0.002046	-2.008515	-0.002046	1.000025	1.162193	
382	0.999992	0.002209	-2.139961	-0.002209	0.999992	1.329707	
383	1.000245	0.002133	-2.242368	-0.002133	1.000245	1.251254	
384	1.000332	0.002176	-2.349500	-0.002176	1.000332	1.232147	
385	1.000421	0.001734	-2.108296	-0.001734	1.000421	1.075084	
386	1.000126	0.001440	-1.618052	-0.001440	1.000126	1.272985	
387	0.999804	0.001184	-1.235059	-0.001184	0.999804	1.495836	
388	0.999534	0.001053	-1.082793	-0.001053	0.999534	1.671392	
389	0.999562	0.000968	-0.899830	-0.000968	0.999562	1.640680	
390	0.999737	0.001053	-0.901257	-0.001053	0.999737	1.590024	
391	1.000528	0.000864	-1.192051	-0.000864	1.000528	1.099905	
392	1.002431	0.000750	-2.349336	-0.000750	1.002431	0.146425	
393	1.002496	0.000741	-2.423232	-0.000741	1.002496	0.175337	
394	1.001994	0.000702	-2.238984	-0.000702	1.001994	0.402662	
395	1.002177	0.000957	-2.465919	-0.000957	1.002177	0.535788	
396	1.002375	0.000912	-2.545716	-0.000912	1.002375	0.487712	
397	1.002292	0.001140	-2.533847	-0.001140	1.002292	0.526069	
398	1.002309	0.001178	-2.577893	-0.001178	1.002309	0.388057	
399	1.002248	0.001150	-2.508949	-0.001150	1.002248	0.372473	
400	1.002004	0.001160	-2.426066	-0.001160	1.002004	0.479622	
401	1.002497	0.001212	-2.516962	-0.001212	1.002497	0.239284	
402	1.001803	0.000945	-2.103626	-0.000945	1.001803	0.389104	
403	1.001860	0.001106	-2.212011	-0.001106	1.001860	0.486030	
404	1.001726	0.001164	-2.017059	-0.001164	1.001726	0.523142	
405	1.001406	0.001081	-1.914768	-0.001081	1.001406	0.544441	
406	1.001443	0.001206	-2.074995	-0.001206	1.001443	0.602738	
407	1.001380	0.001251	-2.054099	-0.001251	1.001380	0.625353	
408	1.001150	0.001364	-2.088534	-0.001364	1.001150	0.766187	
409	1.001170	0.001576	-2.294903	-0.001576	1.001170	0.786071	
410	1.001197	0.001697	-2.431419	-0.001697	1.001197	0.816230	
411	1.001130	0.001791	-2.495921	-0.001791	1.001130	0.860992	
412	1.001053	0.001825	-2.455289	-0.001825	1.001053	1.049291	
413	1.001006	0.001888	-2.401953	-0.001888	1.001006	1.354735	
414	1.000729	0.001917	-2.363593	-0.001917	1.000729	1.708680	
415	1.000873	0.002163	-2.599002	-0.002163	1.000873	1.855050	
416	1.001008	0.001951	-2.474242	-0.001951	1.001008	1.652021	
417	1.001302	0.001799	-2.485203	-0.001799	1.001302	1.583459	
418	1.001719	0.001618	-2.556712	-0.001618	1.001719	1.286822	
419	1.001567	0.001562	-2.270116	-0.001562	1.001567	1.279440	
420	1.001909	0.001391	-2.307289	-0.001391	1.001909	0.939243	
421	1.002195	0.001130	-2.315468	-0.001130	1.002195	0.545464	
422	1.003097	0.001288	-2.913212	-0.001288	1.003097	0.194207	
423	1.003437	0.000929	-2.801273	-0.000929	1.003437	-0.241639	
424	1.004132	0.000818	-2.855165	-0.000818	1.004132	-0.673857	
425	1.003800	0.000571	-2.250611	-0.000571	1.003800	-0.553432	
426	1.003180	0.000310	-1.655116	-0.000310	1.003180	-0.391188	
427	1.003355	0.000225	-1.650138	-0.000225	1.003355	-0.491571	
428	1.004335	0.000217	-2.193051	-0.000217	1.004335	-0.863103	
429	1.004313	0.000398	-2.563958	-0.000398	1.004313	-0.870828	
430	1.004999	0.000529	-3.115352	-0.000529	1.004999	-1.282358	
431	1.004432	0.000601	-2.974556	-0.000601	1.004432	-1.160612	
432	1.004629	0.000531	-3.082021	-0.000531	1.004629	-1.436837	
433	1.004176	0.000482	-2.802563	-0.000482	1.004176	-1.369093	
434	1.003133	0.000344	-2.132935	-0.000344	1.003133	-1.081871	
435	1.002599	0.000112	-1.603192	-0.000112	1.002599	-1.194303	
436	1.002167	-0.000010	-1.120400	0.000010	1.002167	-1.134888	
437	1.001654	-0.000036	-0.763361	0.000036	1.001654	-0.863365	
438	1.001192	0.000034	-0.596346	-0.000034	1.001192	-0.554391	
439	1.000840	0.000114	-0.527918	-0.000114	1.000840	-0.285015	
440	1.000723	0.000265	-0.564721	-0.000265	1.000723	-0.140901	
441	1.000612	0.000328	-0.649695	-0.000328	1.000612	-0.108911	
442	1.000649	0.000419	-0.745848	-0.000419	1.000649	-0.107357	
443	1.000474	0.000216	-0.416990	-0.000216	1.000474	-0.217763	
444	1.000446	0.000184	-0.338414	-0.000184	1.000446	-0.182217	
445	1.000253	0.000089	-0.026872	-0.000089	1.000253	-0.056055	
446	1.000219	0.000047	0.002999	-0.000047	1.000219	-0.092551	
447	1.000456	0.000163	-0.200606	-0.000163	1.000456	-0.232384	
448	1.000424	0.000090	-0.095318	-0.000090	1.000424	-0.191555	
449	1.000427	0.000138	-0.249051	-0.000138	1.000427	-0.173369	
450	1.000474	0.000338	-0.372080	-0.000338	1.000474	-0.126219	
451	1.000729	0.000366	-0.395761	-0.000366	1.000729	-0.230494	
452	1.000794	0.000378	-0.454801	-0.000378	1.000794	-0.262050	
453	1.000585	0.000245	-0.334004	-0.000245	1.000585	-0.268239	
454	1.000772	0.000323	-0.625632	-0.000323	1.000772	-0.301158	
455	1.000476	0.000443	-0.878557	-0.000443	1.000476	0.050294	
456	1.000607	0.000524	-1.173438	-0.000524	1.000607	0.024121	
457	1.000727	0.000485	-1.347260	-0.000485	1.000727	-0.265602	
458	1.000772	0.000644	-1.451930	-0.000644	1.000772	-0.258436	
459	1.000850	0.000678	-1.667749	-0.000678	1.000850	-0.311780	
460	1.000426	0.000929	-1.928128	-0.000929	1.000426	-0.437646	
461	0.999365	0.001080	-1.885921	-0.001080	0.999365	-0.756704	
462	0.998440	0.001744	-2.511009	-0.001744	0.998440	-0.891283	
463	1.003234	0.001388	-4.024302	-0.001388	1.003234	-2.454393	
464	1.003435	0.001889	-4.607651	-0.001889	1.003435	-1.850783	
465	1.002978	0.002729	-5.033554	-0.002729	1.002978	-0.960528	
466	0.999321	0.002855	-4.517336	-0.002855	0.999321	0.625425	
467	1.000510	0.003440	-5.684465	-0.003440	1.000510	0.575030	
468	1.005974	0.003503	-7.612444	-0.003503	1.005974	-1.853768	
469	1.006124	0.004511	-9.077452	-0.004511	1.006124	-1.666525	
470	1.007945	0.005564	-11.376772	-0.005564	1.007945	-1.310606	
471	0.995502	0.000869	-9.388705	-0.000869	0.995502	-0.188311	
472	0.995233	0.001096	-10.798665	-0.001096	0.995233	0.292700	
473	0.994798	0.001468	-11.755879	-0.001468	0.994798	0.686354	
474	0.995365	0.001426	-12.977158	-0.001426	0.995365	0.207470	
475	0.994904	0.001973	-13.866486	-0.001973	0.994904	0.244353	
476	0.994940	0.001616	-15.154801	-0.001616	0.994940	0.069890	
477	0.993912	0.001684	-15.387253	-0.001684	0.993912	0.454721	
478	0.993221	0.002146	-15.353759	-0.002146	0.993221	0.703440	
479	0.994846	0.001777	-17.325146	-0.001777	0.994846	0.554319	
480	0.994610	0.001806	-17.642151	-0.001806	0.994610	0.919910	
481	0.997152	0.002055	-19.346992	-0.002055	0.997152	0.353967	
482	0.993784	0.001964	-18.911988	-0.001964	0.993784	0.979893	
483	1.020080	0.012866	-25.592349	-0.012866	1.020080	-2.568394	
484	0.994145	0.001957	-20.390806	-0.001957	0.994145	0.862178	
485	1.021435	0.015142	-26.660453	-0.015142	1.021435	-2.462276	
486	0.994046	0.001898	-20.893853	-0.001898	0.994046	1.478984	
487	0.994352	0.002204	-21.531570	-0.002204	0.994352	1.818813	
488	0.994400	0.002195	-22.085451	-0.002195	0.994400	1.968341	
489	0.993851	0.002727	-22.757322	-0.002727	0.993851	2.828079	
490	0.993791	0.002262	-22.669785	-0.002262	0.993791	2.713325	
491	0.992338	0.002346	-22.087079	-0.002346	0.992338	3.397745	
492	0.992236	0.002457	-21.756086	-0.002457	0.992236	3.751943	
493	0.993099	0.002780	-21.965444	-0.002780	0.993099	4.072483	
494	0.992679	0.002281	-21.656804	-0.002281	0.992679	3.613591	
495	1.007405	0.005646	-9.362302	-0.005646	1.007405	-0.887075	
496	0.993242	0.002195	-21.292737	-0.002195	0.993242	3.255524	
497	0.998958	0.002764	-2.201377	-0.002764	0.998958	2.210669	
498	0.999034	0.002970	-2.114012	-0.002970	0.999034	2.483144	
499	1.000284	0.001930	-1.869831	-0.001930	1.000284	1.047299	
500	1.001770	0.002691	-3.460687	-0.002691	1.001770	0.814801	
501	1.002465	0.003013	-4.224291	-0.003013	1.002465	0.554303	
502	0.999685	0.008791	-7.817048	-0.008791	0.999685	5.840052	
503	1.003444	0.003024	-5.109105	-0.003024	1.003444	-0.318413	
504	0.999696	0.004047	-3.927490	-0.004047	0.999696	2.464079	
505	1.001546	0.000389	-1.542279	-0.000389	1.001546	-1.281753	
506	1.001963	-0.000409	-1.007400	0.000409	1.001963	-1.934549	
507	1.002360	0.000015	-1.561376	-0.000015	1.002360	-1.730454	
508	0.999399	0.000354	0.414747	-0.000354	0.999399	0.371397	
509	0.999140	0.001768	-0.763392	-0.001768	0.999140	1.630450	
510	1.000071	0.001361	-1.274167	-0.001361	1.000071	0.845564	
511	0.999500	0.003471	-2.975957	-0.003471	0.999500	2.219748	
512	0.999728	0.002885	-1.982905	-0.002885	0.999728	1.907164	
513	1.001153	0.002099	-1.882654	-0.002099	1.001153	0.448162	
514	0.995282	0.001885	-15.900860	-0.001885	0.995282	2.288471	
515	0.995670	0.002714	-15.847581	-0.002714	0.995670	2.859375	
516	1.000039	0.002361	-1.509815	-0.002361	1.000039	1.342699	
517	0.998819	0.002017	-0.588356	-0.002017	0.998819	2.154014	
518	0.996905	0.003225	-0.989918	-0.003225	0.996905	4.043953	
519	1.000151	-0.000153	-0.189177	0.000153	1.000151	-0.427545	
520	0.999492	0.001037	-0.276955	-0.001037	0.999492	0.679182	
521	0.998788	0.002156	-0.587182	-0.002156	0.998788	1.830172	
522	0.999343	0.002471	-1.122762	-0.002471	0.999343	1.700034	
523	0.999495	0.002304	-0.982400	-0.002304	0.999495	1.565876	
524	0.997945	0.003979	-1.768430	-0.003979	0.997945	3.637535	
525	0.999430	0.001923	-0.983473	-0.001923	0.999430	1.477512	
526	1.000854	0.002051	-1.999731	-0.002051	1.000854	0.638899	
527	1.001305	0.001661	-1.960379	-0.001661	1.001305	-0.059344	
528	1.001029	0.003199	-2.966434	-0.003199	1.001029	1.328760	
529	1.002188	0.000404	-1.812527	-0.000404	1.002188	-1.602760	
530	1.001293	0.001899	-2.166469	-0.001899	1.001293	0.098075	
531	1.001397	0.003030	-2.947365	-0.003030	1.001397	1.035600	
532	1.000733	0.001926	-1.528518	-0.001926	1.000733	1.041040	
533	1.000002	0.000248	-0.035689	-0.000248	1.000002	0.260140	
534	0.999723	0.001958	-0.896395	-0.001958	0.999723	1.539812	
535	0.999066	0.001809	-0.445061	-0.001809	0.999066	1.520908	
536	1.016039	0.012979	-22.461899	-0.012979	1.016039	0.499107	
537	0.998857	-0.001306	1.840322	0.001306	0.998857	-0.448862	
538	1.000188	0.001157	-1.014126	-0.001157	1.000188	0.209583	
539	1.000374	0.001338	-1.558923	-0.001338	1.000374	0.285735	
540	1.019400	0.013062	-24.896773	-0.013062	1.019400	-1.120621	
541	1.017249	0.013676	-22.281800	-0.013676	1.017249	-0.140244	
542	1.000648	0.002413	-2.177253	-0.002413	1.000648	1.152666	
543	0.999493	0.002091	-16.913261	-0.002091	0.999493	1.293605	
544	0.999668	0.001946	-15.938625	-0.001946	0.999668	1.075366	
545	1.000051	0.001593	-1.059631	-0.001593	1.000051	0.729612	
546	1.013301	0.009971	-17.338531	-0.009971	1.013301	-0.419207	
547	0.987548	0.009773	0.123025	-0.009773	0.987548	13.077879	
548	0.989418	0.008740	-1.789612	-0.008740	0.989418	10.756682	
549	0.990251	0.007342	-1.998380	-0.007342	0.990251	9.209280	
550	0.990190	0.007587	-0.566424	-0.007587	0.990190	10.197058	
551	0.991809	0.009038	-2.049443	-0.009038	0.991809	10.530069	
552	0.990565	0.007410	-1.652033	-0.007410	0.990565	9.494826	
553	1.007381	0.009871	-13.879565	-0.009871	1.007381	3.204335	
554	0.991500	0.008033	-1.214178	-0.008033	0.991500	10.311352	
555	0.992975	0.006976	-2.739357	-0.006976	0.992975	8.029774	
556	0.999599	0.001269	-9.055550	-0.001269	0.999599	0.661167	
557	0.998384	0.007625	-6.399153	-0.007625	0.998384	5.812646	
558	1.000693	0.003164	-7.398594	-0.003164	1.000693	1.939240	
559	0.999939	0.004228	-6.553537	-0.004228	0.999939	2.489936	
560	0.997241	0.005760	-4.502064	-0.005760	0.997241	5.353516	
561	0.996944	0.005676	-4.022973	-0.005676	0.996944	5.582009	
562	0.999974	0.003566	-5.829513	-0.003566	0.999974	2.378107	
563	1.000263	0.003410	-5.754466	-0.003410	1.000263	1.971804	
564	1.000156	0.003198	-5.232307	-0.003198	1.000156	1.952022	
565	0.999841	0.003085	-4.490931	-0.003085	0.999841	2.194817	
566	1.000124	0.002460	-4.204745	-0.002460	1.000124	1.473252	
567	1.000193	0.002501	-3.943797	-0.002501	1.000193	1.379672	
568	1.000172	0.002122	-3.611435	-0.002122	1.000172	1.222770	
569	1.000195	0.001904	-3.313459	-0.001904	1.000195	1.124767	
570	1.000105	0.001975	-3.332595	-0.001975	1.000105	1.227827	
571	1.000321	0.002262	-3.511858	-0.002262	1.000321	1.205560	
572	1.000082	0.002458	-3.291701	-0.002458	1.000082	1.521717	
573	0.999920	0.002134	-2.975316	-0.002134	0.999920	1.444680	
574	0.999862	0.001994	-2.923027	-0.001994	0.999862	1.299637	
575	1.000603	0.001989	-3.072356	-0.001989	1.000603	0.889236	
576	1.000860	0.001784	-2.922430	-0.001784	1.000860	0.644342	
577	1.001083	0.001500	-2.855186	-0.001500	1.001083	0.509603	
578	1.001369	0.001323	-2.720933	-0.001323	1.001369	0.195865	
579	1.001258	0.001335	-2.654976	-0.001335	1.001258	0.213489	
580	1.001241	0.001460	-2.810495	-0.001460	1.001241	0.442234	
581	1.001495	0.001574	-3.151385	-0.001574	1.001495	0.363282	
582	1.001529	0.001477	-2.935175	-0.001477	1.001529	0.206287	
583	1.001420	0.001433	-2.862482	-0.001433	1.001420	0.233652	
584	1.001247	0.001388	-2.679873	-0.001388	1.001247	0.314086	
585	1.001225	0.001371	-2.597301	-0.001371	1.001225	0.300271	
586	1.001275	0.001467	-2.630032	-0.001467	1.001275	0.302015	
587	1.001159	0.001324	-2.616309	-0.001324	1.001159	0.306855	
588	1.001196	0.001555	-2.917162	-0.001555	1.001196	0.560343	
589	0.999957	0.002375	-2.384794	-0.002375	0.999957	2.069791	
590	1.000428	0.001128	-1.863225	-0.001128	1.000428	0.897434	
591	1.000844	0.001181	-2.515657	-0.001181	1.000844	0.993232	
592	1.000296	0.001375	-2.414383	-0.001375	1.000296	1.626185	
593	0.999684	0.001370	-1.932530	-0.001370	0.999684	1.812678	
594	1.000366	0.001557	-2.901806	-0.001557	1.000366	1.466916	
595	1.000747	0.001724	-3.267438	-0.001724	1.000747	1.022140	
596	1.000803	0.001603	-3.154152	-0.001603	1.000803	0.763975	
597	1.000915	0.001395	-3.043621	-0.001395	1.000915	0.582453	
598	1.000894	0.001434	-3.105567	-0.001434	1.000894	0.780668	
599	1.000678	0.001377	-2.937578	-0.001377	1.000678	0.949066	
600	1.000532	0.001400	-2.887530	-0.001400	1.000532	1.036735	
601	1.000300	0.001578	-2.723920	-0.001578	1.000300	1.275436	
602	1.000462	0.001692	-2.842314	-0.001692	1.000462	1.350343	
603	1.000392	0.001612	-2.790895	-0.001612	1.000392	1.463520	
604	1.000403	0.001656	-2.760479	-0.001656	1.000403	1.574630	
605	1.000355	0.001576	-2.653988	-0.001576	1.000355	1.520419	
606	1.000292	0.001405	-2.506227	-0.001405	1.000292	1.540733	
607	1.000356	0.001278	-2.373327	-0.001278	1.000356	1.426938	
608	1.000313	0.001124	-2.191171	-0.001124	1.000313	1.477608	
609	1.000284	0.001124	-2.171206	-0.001124	1.000284	1.656841	
610	1.000263	0.001034	-2.173611	-0.001034	1.000263	1.654345	
611	1.000508	0.001015	-2.286905	-0.001015	1.000508	1.758869	
612	1.000707	0.001133	-2.558857	-0.001133	1.000707	1.780232	
613	1.000127	0.001027	-1.907544	-0.001027	1.000127	1.923245	
614	1.001213	0.001172	-2.852757	-0.001172	1.001213	1.605425	
615	1.001585	0.001295	-3.195469	-0.001295	1.001585	1.576220	
616	1.001802	0.001305	-3.435015	-0.001305	1.001802	1.454893	
617	1.001307	0.001286	-2.935934	-0.001286	1.001307	1.631046	
618	1.002734	0.001563	-4.613109	-0.001563	1.002734	1.310069	
619	1.002912	0.001677	-4.962544	-0.001677	1.002912	1.291488	
620	1.000460	0.001354	-2.440786	-0.001354	1.000460	2.045755	
621	1.004023	0.001820	-5.905422	-0.001820	1.004023	1.131745	
622	1.006041	0.001555	-7.384325	-0.001555	1.006041	0.444931	
623	1.005570	0.001521	-6.620830	-0.001521	1.005570	0.345345	
624	1.006965	0.001348	-7.710580	-0.001348	1.006965	0.201105	
625	1.002754	0.001780	-4.160498	-0.001780	1.002754	1.676457	
626	1.008104	0.001133	-8.294664	-0.001133	1.008104	-0.184385	
627	1.006395	0.001662	-6.877694	-0.001662	1.006395	0.586548	
628	1.006074	0.001635	-6.562318	-0.001635	1.006074	0.262391	
629	1.006584	0.001516	-6.856607	-0.001516	1.006584	-0.030869	
630	1.003500	0.001224	-3.847745	-0.001224	1.003500	0.491658	
631	1.007575	0.001164	-7.247787	-0.001164	1.007575	-1.089012	
632	1.008480	0.001146	-7.934927	-0.001146	1.008480	-1.420877	
633	1.006453	0.001559	-6.302671	-0.001559	1.006453	-0.874404	
634	1.007163	0.000952	-6.486761	-0.000952	1.007163	-1.460971	
635	1.005532	0.001077	-5.068814	-0.001077	1.005532	-0.900671	
636	1.006153	0.001204	-5.638727	-0.001204	1.006153	-1.323729	
637	1.005947	0.000996	-5.211100	-0.000996	1.005947	-1.484806	
638	1.006291	0.000748	-5.518733	-0.000748	1.006291	-1.903011	
639	1.008011	0.000762	-6.816644	-0.000762	1.008011	-2.678601	
640	1.007553	0.000637	-6.147254	-0.000637	1.007553	-2.775444	
641	1.007669	0.000291	-5.984901	-0.000291	1.007669	-3.208703	
642	1.007283	0.000360	-5.525050	-0.000360	1.007283	-3.096956	
643	1.006574	0.000195	-4.767037	-0.000195	1.006574	-2.921716	
644	1.007056	0.000201	-5.180138	-0.000201	1.007056	-2.938436	
645	1.006028	-0.000937	-3.390280	0.000937	1.006028	-3.597050	
646	1.005917	0.000217	-4.183523	-0.000217	1.005917	-2.471544	
647	1.004019	0.000373	-2.792058	-0.000373	1.004019	-1.788959	
648	1.002211	-0.000039	-1.186665	0.000039	1.002211	-1.282121	
649	1.000562	-0.000355	0.114799	0.000355	1.000562	-0.583976	
650	0.999883	-0.000056	0.340061	0.000056	0.999883	-0.086117	
651	0.999736	0.000016	0.233424	-0.000016	0.999736	0.033569	
652	1.000073	-0.000552	0.359905	0.000552	1.000073	-0.706250	
653	0.999703	-0.000796	0.623403	0.000796	0.999703	-0.485278	
654	0.999829	-0.000473	0.529832	0.000473	0.999829	-0.310674	
655	0.999760	-0.000175	0.227198	0.000175	0.999760	0.007508	
656	0.999802	0.000065	0.041804	-0.000065	0.999802	0.277098	
657	0.999876	0.000188	0.271292	-0.000188	0.999876	0.173857	
658	0.999998	-0.000013	0.336554	0.000013	0.999998	-0.065750	
659	1.000120	-0.000127	0.236646	0.000127	1.000120	-0.281180	
660	1.000167	0.000043	-0.205727	-0.000043	1.000167	-0.224839	
661	1.000241	-0.000016	-0.415918	0.000016	1.000241	-0.351782	
662	1.000259	-0.000346	-0.022576	0.000346	1.000259	-0.430722	
663	1.000297	-0.000455	0.257686	0.000455	1.000297	-0.429214	
664	1.000242	-0.000431	0.479134	0.000431	1.000242	-0.454715	
665	1.000425	-0.000532	0.458769	0.000532	1.000425	-0.604589	
666	1.000437	-0.000524	0.433986	0.000524	1.000437	-0.525425	
667	1.000356	-0.000349	0.316489	0.000349	1.000356	-0.385946	
668	1.000366	-0.000342	0.401551	0.000342	1.000366	-0.357119	
669	1.000562	-0.000596	0.524203	0.000596	1.000562	-0.691395	
670	1.000680	-0.000608	0.694986	0.000608	1.000680	-0.872996	
671	1.000806	-0.000894	0.974739	0.000894	1.000806	-1.152695	
672	1.000819	-0.000935	1.132884	0.000935	1.000819	-1.170137	
673	1.000239	-0.001410	2.125444	0.001410	1.000239	-1.370795	
674	1.000445	-0.001512	1.950885	0.001512	1.000445	-1.561820	
675	0.999776	-0.001639	2.771101	0.001639	0.999776	-1.435630	
676	0.999712	-0.001933	3.162572	0.001933	0.999712	-1.817006	
677	0.999522	-0.002228	3.995879	0.002228	0.999522	-1.976113	
678	0.999511	-0.002763	4.636524	0.002763	0.999511	-2.424112	
679	1.002822	-0.003673	2.327730	0.003673	1.002822	-4.672602	
680	1.000098	-0.003492	5.131354	0.003492	1.000098	-3.160055	
681	0.997856	-0.002890	7.831806	0.002890	0.997856	-2.126412	
682	0.998105	-0.003545	8.221770	0.003545	0.998105	-2.595890	
683	1.006586	-0.005408	0.815324	0.005408	1.006586	-7.760259	
684	1.006218	-0.005511	0.823002	0.005511	1.006218	-7.282786	
685	1.007772	-0.004266	-0.916591	0.004266	1.007772	-7.505841	
686	1.008220	-0.006279	0.079690	0.006279	1.008220	-9.254796	
687	1.007283	-0.005830	2.207421	0.005830	1.007283	-8.041687	
688	1.008228	-0.006139	0.918438	0.006139	1.008228	-9.019270	
689	1.009255	-0.008196	1.307829	0.008196	1.009255	-11.231804	
690	1.008720	-0.007719	3.739993	0.007719	1.008720	-9.993208	
691	0.996618	-0.001942	15.166650	0.001942	0.996618	-1.251778	
692	0.995906	-0.002379	16.153150	0.002379	0.995906	-1.430711	
693	0.996115	-0.002380	16.184993	0.002380	0.996115	-1.571638	
694	0.995792	-0.002875	16.666777	0.002875	0.995792	-1.755085	
695	0.995950	-0.002688	16.901383	0.002688	0.995950	-1.662942	
696	0.998004	-0.001075	14.719971	0.001075	0.998004	-0.902090	
697	0.995508	-0.002831	17.316510	0.002831	0.995508	-2.095469	
698	0.995386	-0.002593	17.364989	0.002593	0.995386	-1.823098	
699	0.994465	-0.002922	18.186753	0.002922	0.994465	-1.662488	
700	0.995544	-0.001587	17.138177	0.001587	0.995544	-0.260152	
701	0.994867	-0.002187	18.333530	0.002187	0.994867	-0.475956	
702	0.995062	-0.002175	18.604611	0.002175	0.995062	-0.473901	
703	0.994936	-0.001996	19.348707	0.001996	0.994936	-0.400809	
704	0.995014	-0.002255	19.774943	0.002255	0.995014	-0.819513	
705	0.994734	-0.001213	20.319832	0.001213	0.994734	-0.099778	
706	0.994485	-0.001432	20.658456	0.001432	0.994485	-0.433824	
707	0.994669	-0.001480	20.511499	0.001480	0.994669	-0.638670	
708	0.994201	-0.001408	21.143390	0.001408	0.994201	-0.397080	
709	0.994599	-0.001510	20.756895	0.001510	0.994599	-0.410811	
710	0.994554	-0.001064	20.839392	0.001064	0.994554	-0.125971	
711	0.994943	-0.001663	20.449465	0.001663	0.994943	-0.786188	
712	0.997946	-0.003142	17.656098	0.003142	0.997946	-3.330153	
713	0.994542	-0.002481	20.681007	0.002481	0.994542	-1.909805	
714	0.994162	-0.001558	20.613335	0.001558	0.994162	-1.281663	
715	1.014235	-0.011813	1.671995	0.011813	1.014235	-14.900231	
716	0.994687	-0.001913	20.392396	0.001913	0.994687	-0.878878	
717	0.994122	-0.001757	20.825032	0.001757	0.994122	-0.649318	
718	0.994653	-0.001866	20.331220	0.001866	0.994653	-0.889381	
719	0.994860	-0.001858	20.186308	0.001858	0.994860	-1.015345	
720	1.004949	-0.005486	1.112452	0.005486	1.004949	-6.653249	
721	0.994369	-0.001654	20.231553	0.001654	0.994369	-0.045185	
722	0.994108	-0.001809	20.458986	0.001809	0.994108	0.015908	
723	0.999809	-0.001928	1.519404	0.001928	0.999809	-1.336496	
724	1.000161	-0.002233	1.450282	0.002233	1.000161	-1.628164	
725	0.999223	-0.003090	3.338655	0.003090	0.999223	-1.457744	
726	0.996575	-0.004642	5.698614	0.004642	0.996575	-0.902823	
727	1.000299	-0.003028	2.287792	0.003028	1.000299	-2.032816	
728	0.983707	-0.009581	21.766847	0.009581	0.983707	0.650162	
729	0.984407	-0.007300	20.540810	0.007300	0.984407	1.417832	
730	0.999151	-0.001529	1.520398	0.001529	0.999151	-0.666605	
731	1.007082	-0.012018	5.191711	0.012018	1.007082	-10.563024	
732	1.008288	-0.008006	0.815649	0.008006	1.008288	-10.189319	
733	1.006980	-0.006136	0.972078	0.006136	1.006980	-7.804385	
734	0.996948	-0.001350	2.985506	0.001350	0.996948	0.979900	
735	1.004641	-0.005258	1.642277	0.005258	1.004641	-5.927113	
736	1.001624	-0.013978	9.433870	0.013978	1.001624	-9.887798	
737	0.990480	-0.006844	17.134217	0.006844	0.990480	-0.746539	
738	1.005495	-0.007906	2.591676	0.007906	1.005495	-8.179372	
739	1.005205	-0.007123	2.595947	0.007123	1.005205	-7.384605	
740	1.004514	-0.008250	4.591398	0.008250	1.004514	-7.460118	
741	0.994754	-0.001329	13.383250	0.001329	0.994754	0.989306	
742	0.989329	-0.009567	16.113853	0.009567	0.989329	-1.227447	
743	0.995695	-0.013086	13.324901	0.013086	0.995695	-6.676476	
744	1.001666	-0.010370	7.119524	0.010370	1.001666	-8.475415	
745	0.999605	-0.000913	0.609028	0.000913	0.999605	-0.384407	
746	1.004112	-0.010384	5.569650	0.010384	1.004112	-8.870486	
747	1.006973	-0.008206	2.259764	0.008206	1.006973	-8.921460	
748	1.001927	-0.005157	9.042950	0.005157	1.001927	-3.746035	
749	0.989643	-0.011633	17.353478	0.011633	0.989643	-2.471929	
750	0.991419	-0.011918	16.937013	0.011918	0.991419	-4.497297	
751	0.996767	-0.001146	12.152557	0.001146	0.996767	0.596705	
752	0.996199	-0.001594	12.421230	0.001594	0.996199	0.162677	
753	0.990552	-0.010398	16.485793	0.010398	0.990552	-2.940756	
754	0.990146	-0.009645	16.157111	0.009645	0.990146	-1.938637	
755	0.997836	-0.000273	10.835206	0.000273	0.997836	0.562460	
756	0.997670	-0.000152	10.796631	0.000152	0.997670	0.860178	
757	1.004953	-0.007891	4.610418	0.007891	1.004953	-8.064261	
758	0.997948	-0.000076	10.883884	0.000076	0.997948	0.944849	
759	0.997716	0.000613	10.892265	-0.000613	0.997716	1.415483	
760	0.998235	-0.000005	10.795876	0.000005	0.998235	0.845077	
761	0.995797	-0.009286	13.207249	0.009286	0.995797	-4.626339	
762	1.007289	-0.007502	2.191509	0.007502	1.007289	-9.117637	
763	1.005419	-0.007408	3.445018	0.007408	1.005419	-8.108967	
764	0.994285	-0.005593	12.390084	0.005593	0.994285	-1.471371	
765	0.999821	-0.006425	7.991127	0.006425	0.999821	-4.008564	
766	1.001114	-0.009233	7.278396	0.009233	1.001114	-7.376085	
767	1.003943	-0.006183	4.262223	0.006183	1.003943	-5.825560	
768	1.003571	-0.006011	3.257371	0.006011	1.003571	-6.062495	
769	1.003059	-0.007459	5.272541	0.007459	1.003059	-6.450588	
770	0.999832	-0.005661	7.418675	0.005661	0.999832	-3.448489	
771	1.003227	-0.007378	4.921871	0.007378	1.003227	-6.809264	
772	1.001718	-0.008312	6.608547	0.008312	1.001718	-7.035140	
773	0.997631	-0.006081	8.251466	0.006081	0.997631	-2.410985	
774	0.999136	-0.009180	8.517131	0.009180	0.999136	-6.531362	
775	1.003624	-0.006383	4.280169	0.006383	1.003624	-5.897541	
776	0.999145	-0.004336	7.005281	0.004336	0.999145	-2.278835	
777	0.997418	-0.005190	7.867654	0.005190	0.997418	-1.733510	
778	0.998001	-0.002795	7.933957	0.002795	0.998001	-1.057230	
779	1.000624	-0.003184	6.129701	0.003184	1.000624	-2.003871	
780	0.998801	-0.003931	7.025569	0.003931	0.998801	-1.855960	
781	0.997590	-0.002591	7.966710	0.002591	0.997590	-0.628300	
782	1.002629	-0.004516	4.635026	0.004516	1.002629	-3.720334	
783	0.998494	-0.003795	7.072671	0.003795	0.998494	-1.805537	
784	0.999614	-0.000052	6.847736	0.000052	0.999614	0.116278	
785	0.999450	-0.003836	6.316828	0.003836	0.999450	-2.229134	
786	1.002829	-0.005364	3.820235	0.005364	1.002829	-5.049987	
787	0.998158	-0.003182	7.289010	0.003182	0.998158	-1.334762	
788	1.001697	-0.005719	4.902161	0.005719	1.001697	-4.368821	
789	0.999726	-0.003804	4.841950	0.003804	0.999726	-2.465893	
790	1.000091	-0.004270	5.510487	0.004270	1.000091	-3.201619	
791	1.000359	-0.004322	3.867930	0.004322	1.000359	-3.182127	
792	1.003334	-0.005281	2.397985	0.005281	1.003334	-5.127586	
793	1.000688	-0.003942	4.590901	0.003942	1.000688	-2.966893	
794	1.000490	-0.004009	4.735740	0.004009	1.000490	-3.012874	
795	0.998284	-0.003829	6.095722	0.003829	0.998284	-1.634026	
796	1.000152	-0.003899	5.024395	0.003899	1.000152	-2.505671	
797	1.001320	-0.003991	3.968068	0.003991	1.001320	-3.619303	
798	1.002170	-0.004815	3.728965	0.004815	1.002170	-4.565474	
799	0.998301	-0.004154	5.651206	0.004154	0.998301	-1.690346	
800	0.999820	-0.003869	4.736368	0.003869	0.999820	-2.424879	
801	1.002361	-0.004376	3.251122	0.004376	1.002361	-4.307078	
802	1.000518	-0.004009	4.151998	0.004009	1.000518	-3.051505	
803	1.000403	-0.004287	4.996842	0.004287	1.000403	-2.902420	
804	1.001335	-0.004205	4.654574	0.004205	1.001335	-3.277470	
805	1.001110	-0.003946	4.400394	0.003946	1.001110	-3.350429	
806	1.001497	-0.003741	3.544914	0.003741	1.001497	-3.236076	
807	1.000475	-0.003455	3.772954	0.003455	1.000475	-2.379275	
808	1.000434	-0.003689	3.938509	0.003689	1.000434	-2.646576	
809	1.002384	-0.004039	3.004090	0.004039	1.002384	-4.110689	
810	0.999521	-0.004105	4.286087	0.004105	0.999521	-2.544502	
811	1.002630	-0.004179	3.095212	0.004179	1.002630	-4.000154	
812	1.003359	-0.004454	2.601913	0.004454	1.003359	-4.596786	
813	1.002117	-0.003720	3.534366	0.003720	1.002117	-3.539432	
814	1.002931	-0.003725	2.738831	0.003725	1.002931	-3.919078	
815	1.003298	-0.003884	2.909215	0.003884	1.003298	-4.041639	
816	1.004100	-0.003571	2.782667	0.003571	1.004100	-4.032870	
817	1.004382	-0.003377	2.634340	0.003377	1.004382	-4.133301	
818	1.003947	-0.003687	2.723445	0.003687	1.003947	-4.236572	
819	1.001065	-0.004031	3.785538	0.004031	1.001065	-3.044779	
820	1.000665	-0.003931	3.930341	0.003931	1.000665	-2.790040	
821	1.003766	-0.003368	2.689798	0.003368	1.003766	-3.922529	
822	1.003731	-0.003798	2.499985	0.003798	1.003731	-4.320594	
823	1.004084	-0.002937	2.470751	0.002937	1.004084	-3.472809	
