0	1.000000	0.000000	0.000000	0.000000	1.000000	0.000000	
1	0.999348	0.000415	-0.202297	-0.000415	0.999348	0.484664	
2	0.999318	0.000491	-0.311881	-0.000491	0.999318	0.563288	
3	0.999313	0.000294	-0.010814	-0.000294	0.999313	0.407914	
4	0.999059	0.000436	-0.166901	-0.000436	0.999059	0.595013	
5	0.999330	0.000409	-0.186290	-0.000409	0.999330	0.500151	
6	0.999228	0.000420	-0.097363	-0.000420	0.999228	0.554561	
7	0.999276	0.000451	-0.184732	-0.000451	0.999276	0.540130	
8	0.999280	0.000342	0.021523	-0.000342	0.999280	0.413600	
9	0.998882	0.000519	-0.075068	-0.000519	0.998882	0.645486	
10	0.999167	0.000431	-0.086914	-0.000431	0.999167	0.532632	
11	0.999093	0.000404	-0.060445	-0.000404	0.999093	0.532702	
12	0.999115	0.000444	-0.115230	-0.000444	0.999115	0.574989	
13	0.999165	0.000348	0.072140	-0.000348	0.999165	0.467047	
14	0.998939	0.000450	-0.031840	-0.000450	0.998939	0.649988	
15	0.999071	0.000485	-0.137425	-0.000485	0.999071	0.609801	
16	0.999126	0.000424	-0.109802	-0.000424	0.999126	0.569318	
17	0.999435	0.000438	-0.263089	-0.000438	0.999435	0.487359	
18	0.999199	0.000282	0.085658	-0.000282	0.999199	0.432432	
19	0.999110	0.000474	-0.149234	-0.000474	0.999110	0.617580	
20	0.999210	0.000431	-0.103127	-0.000431	0.999210	0.554409	
21	0.999342	0.000427	-0.200731	-0.000427	0.999342	0.534285	
22	0.999173	0.000451	-0.121802	-0.000451	0.999173	0.612554	
23	0.999242	0.000296	0.094888	-0.000296	0.999242	0.490908	
24	0.998926	0.000528	-0.004254	-0.000528	0.998926	0.730452	
25	0.999231	0.000482	-0.121284	-0.000482	0.999231	0.594380	
26	0.999200	0.000476	-0.097319	-0.000476	0.999200	0.611486	
27	0.999269	0.000483	-0.176876	-0.000483	0.999269	0.601385	
28	0.999236	0.000339	0.071103	-0.000339	0.999236	0.518735	
29	0.999045	0.000626	-0.228300	-0.000626	0.999045	0.841039	
30	0.999211	0.000573	-0.283914	-0.000573	0.999211	0.661922	
31	0.998925	0.000542	-0.019154	-0.000542	0.998925	0.718055	
32	0.999138	0.000661	-0.272788	-0.000661	0.999138	0.711345	
33	0.999305	0.000511	-0.178474	-0.000511	0.999305	0.507864	
34	0.999134	0.000690	-0.350900	-0.000690	0.999134	0.688169	
35	0.999114	0.000645	-0.348537	-0.000645	0.999114	0.623466	
36	0.999135	0.000695	-0.495726	-0.000695	0.999135	0.709189	
37	0.999174	0.000830	-0.726310	-0.000830	0.999174	0.777024	
38	1.000097	0.000394	-0.604683	-0.000394	1.000097	0.219308	
39	1.000041	0.000279	-0.468003	-0.000279	1.000041	0.105335	
40	0.999936	0.000255	-0.400749	-0.000255	0.999936	0.142480	
41	1.000056	0.000232	-0.403432	-0.000232	1.000056	0.087816	
42	1.000014	0.000147	-0.228406	-0.000147	1.000014	0.055686	
43	0.999909	0.000106	-0.116720	-0.000106	0.999909	0.058281	
44	1.000016	0.000143	-0.233151	-0.000143	1.000016	0.062511	
45	1.000030	0.000091	-0.169909	-0.000091	1.000030	0.027555	
46	1.000042	0.000034	-0.041419	-0.000034	1.000042	-0.000172	
47	0.999969	0.000040	0.034322	-0.000040	0.999969	0.024755	
48	0.999898	0.000019	0.104030	-0.000019	0.999898	0.028861	
49	0.999976	0.000031	0.022688	-0.000031	0.999976	0.019969	
50	0.999934	0.000079	-0.044943	-0.000079	0.999934	0.054811	
51	0.999983	0.000002	0.032040	-0.000002	0.999983	-0.006401	
52	0.999880	-0.000008	0.112819	0.000008	0.999880	-0.008796	
53	0.999899	0.000011	0.044120	-0.000011	0.999899	0.000860	
54	0.999950	-0.000033	0.080729	0.000033	0.999950	-0.033369	
55	0.999930	-0.000012	0.007910	0.000012	0.999930	-0.010418	
56	0.999923	0.000005	-0.013217	-0.000005	0.999923	0.019036	
57	0.999923	0.000015	-0.028514	-0.000015	0.999923	0.030821	
58	0.999955	0.000022	-0.035357	-0.000022	0.999955	0.007626	
59	0.999920	0.000032	-0.014698	-0.000032	0.999920	0.029743	
60	0.999903	0.000026	-0.008329	-0.000026	0.999903	0.036742	
61	0.999869	0.000037	-0.003485	-0.000037	0.999869	0.048899	
62	0.999877	0.000047	-0.012679	-0.000047	0.999877	0.055092	
63	0.999910	0.000084	-0.014534	-0.000084	0.999910	0.074548	
64	0.999903	0.000097	0.017148	-0.000097	0.999903	0.099275	
65	0.999934	0.000090	0.039026	-0.000090	0.999934	0.089712	
66	0.999915	0.000126	0.007928	-0.000126	0.999915	0.120368	
67	0.999918	0.000145	0.017745	-0.000145	0.999918	0.135448	
68	0.999871	0.000202	-0.001852	-0.000202	0.999871	0.181312	
69	0.999866	0.000184	0.061026	-0.000184	0.999866	0.167270	
70	0.999890	0.000252	-0.079813	-0.000252	0.999890	0.188969	
71	0.999804	0.000299	-0.077898	-0.000299	0.999804	0.233609	
72	0.999847	0.000291	-0.133559	-0.000291	0.999847	0.221168	
73	0.999842	0.000270	-0.192444	-0.000270	0.999842	0.220391	
74	0.999853	0.000286	-0.239102	-0.000286	0.999853	0.236890	
75	0.999839	0.000222	-0.158385	-0.000222	0.999839	0.201579	
76	0.999845	0.000225	-0.164057	-0.000225	0.999845	0.196283	
77	0.999862	0.000226	-0.178198	-0.000226	0.999862	0.216603	
78	0.999891	0.000269	-0.297320	-0.000269	0.999891	0.233382	
79	0.999878	0.000293	-0.289271	-0.000293	0.999878	0.252601	
80	0.999922	0.000288	-0.343566	-0.000288	0.999922	0.250403	
81	0.999918	0.000231	-0.271837	-0.000231	0.999918	0.223828	
82	0.999915	0.000232	-0.399499	-0.000232	0.999915	0.193773	
83	0.999892	0.000214	-0.354547	-0.000214	0.999892	0.154868	
84	0.999904	0.000218	-0.367224	-0.000218	0.999904	0.166045	
85	0.999944	0.000211	-0.400434	-0.000211	0.999944	0.155583	
86	0.999924	0.000193	-0.312307	-0.000193	0.999924	0.141771	
87	0.999948	0.000182	-0.291799	-0.000182	0.999948	0.107220	
88	0.999041	0.000441	-0.222946	-0.000441	0.999041	0.532234	
89	0.998969	0.000705	-0.503337	-0.000705	0.998969	0.773473	
90	0.999208	0.000677	-0.607495	-0.000677	0.999208	0.679195	
91	0.999240	0.000667	-0.650312	-0.000667	0.999240	0.679828	
92	0.999231	0.000776	-0.882697	-0.000776	0.999231	0.787474	
93	0.999367	0.000600	-0.712871	-0.000600	0.999367	0.612773	
94	0.999064	0.000691	-0.729343	-0.000691	0.999064	0.792680	
95	0.999317	0.000704	-0.792818	-0.000704	0.999317	0.722752	
96	0.999351	0.000577	-0.696856	-0.000577	0.999351	0.593851	
97	0.999441	0.000546	-0.722726	-0.000546	0.999441	0.527818	
98	0.999424	0.000346	-0.351556	-0.000346	0.999424	0.426214	
99	0.999198	0.000503	-0.432087	-0.000503	0.999198	0.600589	
100	0.999310	0.000508	-0.462400	-0.000508	0.999310	0.584519	
101	0.999266	0.000460	-0.451367	-0.000460	0.999266	0.554337	
102	0.999324	0.000500	-0.549845	-0.000500	0.999324	0.561834	
103	0.999449	0.000351	-0.434245	-0.000351	0.999449	0.398080	
104	0.999100	0.000440	-0.406285	-0.000440	0.999100	0.544297	
105	0.999334	0.000451	-0.498085	-0.000451	0.999334	0.464905	
106	0.999291	0.000430	-0.393902	-0.000430	0.999291	0.468507	
107	0.999257	0.000510	-0.459635	-0.000510	0.999257	0.545557	
108	1.000290	0.000047	-0.418398	-0.000047	1.000290	-0.070038	
109	1.000288	0.000123	-0.469399	-0.000123	1.000288	0.012681	
110	0.999194	0.000449	-0.378493	-0.000449	0.999194	0.535424	
111	0.999115	0.000483	-0.307987	-0.000483	0.999115	0.611132	
112	0.999270	0.000491	-0.445127	-0.000491	0.999270	0.587160	
113	0.999374	0.000394	-0.292979	-0.000394	0.999374	0.476956	
114	0.999233	0.000496	-0.408723	-0.000496	0.999233	0.577210	
115	0.999661	0.000384	-0.548674	-0.000384	0.999661	0.344049	
116	0.999462	0.000398	-0.447817	-0.000398	0.999462	0.438226	
117	0.999474	0.000493	-0.628894	-0.000493	0.999474	0.494409	
118	0.999578	0.000389	-0.469687	-0.000389	0.999578	0.384573	
119	0.999251	0.000545	-0.472174	-0.000545	0.999251	0.574331	
120	0.999376	0.000580	-0.491392	-0.000580	0.999376	0.659884	
121	0.999382	0.000552	-0.415582	-0.000552	0.999382	0.627713	
122	0.999457	0.000558	-0.545363	-0.000558	0.999457	0.511332	
123	0.999467	0.000342	-0.311695	-0.000342	0.999467	0.320547	
124	0.999203	0.000530	-0.393527	-0.000530	0.999203	0.550460	
125	0.999437	0.000486	-0.469239	-0.000486	0.999437	0.440867	
126	0.999413	0.000503	-0.486768	-0.000503	0.999413	0.506909	
127	0.999498	0.000528	-0.488487	-0.000528	0.999498	0.474704	
128	0.999586	0.000335	-0.383190	-0.000335	0.999586	0.299386	
129	0.999345	0.000475	-0.479578	-0.000475	0.999345	0.396910	
130	0.999556	0.000363	-0.558490	-0.000363	0.999556	0.316126	
131	0.999531	0.000438	-0.572190	-0.000438	0.999531	0.429981	
132	0.999720	0.000493	-0.758344	-0.000493	0.999720	0.398296	
133	1.000524	0.000111	-0.513867	-0.000111	1.000524	-0.074460	
134	1.000604	0.000157	-0.656934	-0.000157	1.000604	0.024594	
135	0.999420	0.000425	-0.481066	-0.000425	0.999420	0.461399	
136	0.999394	0.000443	-0.485334	-0.000443	0.999394	0.504188	
137	0.999585	0.000499	-0.602160	-0.000499	0.999585	0.470045	
138	0.999645	0.000379	-0.382723	-0.000379	0.999645	0.357106	
139	0.999442	0.000545	-0.590639	-0.000545	0.999442	0.581042	
140	0.999647	0.000690	-0.790161	-0.000690	0.999647	0.609328	
141	0.999580	0.000741	-0.995024	-0.000741	0.999580	0.638748	
142	0.999617	0.000792	-1.379372	-0.000792	0.999617	0.576100	
143	0.999647	0.000969	-1.799960	-0.000969	0.999647	0.675692	
144	0.999349	0.001464	-2.493169	-0.001464	0.999349	1.046125	
145	0.999291	0.001469	-2.305117	-0.001469	0.999291	1.043306	
146	0.999437	0.001273	-2.178361	-0.001273	0.999437	0.881086	
147	0.999466	0.001257	-2.056813	-0.001257	0.999466	0.899421	
148	0.999779	0.000946	-1.649604	-0.000946	0.999779	0.617984	
149	0.999294	0.001155	-1.519577	-0.001155	0.999294	0.972718	
150	0.999420	0.001057	-1.381113	-0.001057	0.999420	0.888852	
151	0.999506	0.000877	-1.138740	-0.000877	0.999506	0.730185	
152	0.999365	0.000717	-0.759642	-0.000717	0.999365	0.636449	
153	0.999481	0.000402	-0.216788	-0.000402	0.999481	0.370183	
154	0.999104	0.000350	-0.088762	-0.000350	0.999104	0.461432	
155	0.999181	0.000249	-0.037892	-0.000249	0.999181	0.341504	
156	0.999133	0.000332	-0.077578	-0.000332	0.999133	0.465065	
157	0.999235	0.000449	-0.289653	-0.000449	0.999235	0.511118	
158	1.000178	0.000115	-0.198791	-0.000115	1.000178	0.056693	
159	1.000215	0.000282	-0.417349	-0.000282	1.000215	0.141314	
160	0.999218	0.000651	-0.583300	-0.000651	0.999218	0.661179	
161	0.999337	0.000755	-0.662775	-0.000755	0.999337	0.679993	
162	1.000312	0.000749	-1.455998	-0.000749	1.000312	0.408752	
163	1.000242	0.000528	-1.084007	-0.000528	1.000242	0.223966	
164	0.999803	0.000339	-0.275171	-0.000339	0.999803	0.440025	
165	0.999690	0.000151	0.241149	-0.000151	0.999690	0.496602	
166	0.999448	0.000103	0.518655	-0.000103	0.999448	0.643066	
167	0.999480	-0.000186	0.807820	0.000186	0.999480	0.432351	
168	0.999908	-0.000232	0.527791	0.000232	0.999908	0.362335	
169	0.999237	-0.000200	1.034908	0.000200	0.999237	0.838738	
170	0.999742	-0.000457	0.694524	0.000457	0.999742	0.697742	
171	0.999562	-0.000473	0.873420	0.000473	0.999562	0.828697	
172	0.999486	-0.000534	0.968803	0.000534	0.999486	0.988809	
173	0.999216	-0.000599	1.270200	0.000599	0.999216	1.374776	
174	0.998584	-0.000593	1.772442	0.000593	0.998584	2.122257	
175	0.998778	-0.000708	1.770200	0.000708	0.998778	2.309943	
176	0.998672	-0.000707	1.835225	0.000707	0.998672	2.662623	
177	0.998348	-0.000852	1.996354	0.000852	0.998348	2.803334	
178	0.998266	-0.000741	1.898087	0.000741	0.998266	2.831250	
179	0.998730	-0.000641	1.760787	0.000641	0.998730	2.409525	
180	0.998811	-0.000646	1.616290	0.000646	0.998811	1.968293	
181	0.999230	-0.000557	1.419663	0.000557	0.999230	1.255235	
182	0.999410	-0.000585	1.516556	0.000585	0.999410	0.856185	
183	0.999222	-0.000641	1.814201	0.000641	0.999222	0.874761	
184	0.999531	-0.000645	1.764285	0.000645	0.999531	0.568744	
185	0.999752	-0.000748	1.683537	0.000748	0.999752	0.248342	
186	0.999871	-0.000736	1.788302	0.000736	0.999871	0.010783	
187	1.000035	-0.000705	1.732164	0.000705	1.000035	-0.405947	
188	1.000221	-0.000813	1.578815	0.000813	1.000221	-0.659122	
189	1.000217	-0.000779	1.653299	0.000779	1.000217	-0.662119	
190	1.000367	-0.000823	1.636934	0.000823	1.000367	-0.812600	
191	1.000304	-0.000789	1.733941	0.000789	1.000304	-0.819222	
192	1.000436	-0.000712	1.592951	0.000712	1.000436	-0.991082	
193	1.000378	-0.000720	1.546206	0.000720	1.000378	-1.001629	
194	1.000381	-0.000642	1.485294	0.000642	1.000381	-1.044065	
195	1.000306	-0.000540	1.296301	0.000540	1.000306	-0.926389	
196	1.000291	-0.000468	1.137012	0.000468	1.000291	-0.862901	
197	1.000390	-0.000420	0.910729	0.000420	1.000390	-0.867281	
198	1.000379	-0.000425	0.746754	0.000425	1.000379	-0.856982	
199	1.000335	-0.000313	0.487018	0.000313	1.000335	-0.792493	
200	1.000139	-0.000197	0.498917	0.000197	1.000139	-0.608447	
201	1.000282	-0.000163	0.377535	0.000163	1.000282	-0.750728	
202	1.000242	-0.000150	0.173961	0.000150	1.000242	-0.695662	
203	1.000291	-0.000028	-0.029684	0.000028	1.000291	-0.775565	
204	1.000272	-0.000073	0.000289	0.000073	1.000272	-0.681328	
205	1.000310	0.000048	-0.108601	-0.000048	1.000310	-0.672605	
206	1.000256	0.000003	-0.155568	-0.000003	1.000256	-0.609741	
207	1.000381	0.000011	-0.236474	-0.000011	1.000381	-0.785669	
208	1.000365	-0.000069	-0.158769	0.000069	1.000365	-0.818781	
209	1.000504	-0.000081	-0.209442	0.000081	1.000504	-1.072925	
210	1.000475	0.000003	-0.213279	-0.000003	1.000475	-0.950002	
211	1.000512	-0.000019	-0.273018	0.000019	1.000512	-1.027579	
212	1.000507	-0.000092	-0.307951	0.000092	1.000507	-0.876385	
213	1.000514	0.000069	-0.314458	-0.000069	1.000514	-0.788137	
214	1.000445	0.000077	-0.201791	-0.000077	1.000445	-0.620290	
215	1.000368	0.000098	-0.255977	-0.000098	1.000368	-0.560877	
216	1.000236	0.000035	-0.118282	-0.000035	1.000236	-0.460556	
217	1.000161	0.000090	-0.090505	-0.000090	1.000161	-0.487933	
218	1.000109	0.000133	-0.091699	-0.000133	1.000109	-0.402924	
219	1.000051	0.000084	0.012453	-0.000084	1.000051	-0.358867	
220	1.000019	0.000071	0.067137	-0.000071	1.000019	-0.243131	
221	1.000073	0.000097	-0.003903	-0.000097	1.000073	-0.182449	
222	1.000104	0.000095	-0.016352	-0.000095	1.000104	-0.195121	
223	1.000234	0.000095	-0.109169	-0.000095	1.000234	-0.216607	
224	1.000200	0.000040	-0.120314	-0.000040	1.000200	-0.220555	
225	1.000163	0.000000	-0.095083	-0.000000	1.000163	-0.244387	
226	1.000179	0.000033	-0.115268	-0.000033	1.000179	-0.292377	
227	1.000152	0.000036	-0.072478	-0.000036	1.000152	-0.372841	
228	1.000126	0.000049	-0.063372	-0.000049	1.000126	-0.318925	
229	1.000125	-0.000001	-0.068350	0.000001	1.000125	-0.411451	
230	1.000204	-0.000010	-0.107166	0.000010	1.000204	-0.463586	
231	1.000091	-0.000031	-0.017563	0.000031	1.000091	-0.427265	
232	1.000067	0.000032	-0.030728	-0.000032	1.000067	-0.287164	
233	1.000169	-0.000002	-0.094977	0.000002	1.000169	-0.313770	
234	1.000048	-0.000013	-0.026097	0.000013	1.000048	-0.184109	
235	1.000078	-0.000016	-0.063295	0.000016	1.000078	-0.152984	
236	1.000053	0.000047	-0.078030	-0.000047	1.000053	0.041681	
237	1.000036	0.000031	-0.079062	-0.000031	1.000036	0.121364	
238	1.000167	-0.000008	-0.113993	0.000008	1.000167	0.070408	
239	1.000060	-0.000116	-0.009212	0.000116	1.000060	-0.007485	
240	1.000018	0.000010	-0.123386	-0.000010	1.000018	0.140012	
241	0.999971	0.000123	-0.273015	-0.000123	0.999971	0.197845	
242	1.000170	0.000508	-1.133011	-0.000508	1.000170	0.248487	
243	1.000106	0.000847	-1.709401	-0.000847	1.000106	0.214421	
244	1.000173	0.001045	-2.195743	-0.001045	1.000173	0.177407	
245	1.000168	0.001213	-2.468053	-0.001213	1.000168	0.254143	
246	1.000198	0.001125	-2.315081	-0.001125	1.000198	0.184431	
247	1.000211	0.000943	-1.897686	-0.000943	1.000211	0.109607	
248	1.000133	0.000832	-1.630846	-0.000832	1.000133	0.094387	
249	1.000161	0.000811	-1.429074	-0.000811	1.000161	0.072188	
250	1.000151	0.000711	-1.362697	-0.000711	1.000151	0.131677	
251	1.000129	0.000568	-1.148922	-0.000568	1.000129	0.126949	
252	1.000071	0.000599	-0.960518	-0.000599	1.000071	0.269713	
253	1.000098	0.000420	-0.802354	-0.000420	1.000098	0.243819	
254	1.000020	0.000486	-0.711695	-0.000486	1.000020	0.356067	
255	0.999984	0.000681	-0.723201	-0.000681	0.999984	0.406566	
256	0.999961	0.000630	-0.604845	-0.000630	0.999961	0.431628	
257	0.999909	0.000508	-0.667781	-0.000508	0.999909	0.367284	
258	1.000004	0.000580	-0.873037	-0.000580	1.000004	0.265554	
259	1.000010	0.000694	-0.871579	-0.000694	1.000010	0.300612	
260	1.000174	0.000765	-0.973047	-0.000765	1.000174	0.212391	
261	1.000164	0.000692	-1.022071	-0.000692	1.000164	0.198024	
262	1.000090	0.000712	-1.329270	-0.000712	1.000090	0.168693	
263	1.000109	0.000931	-1.851165	-0.000931	1.000109	0.256518	
264	1.000216	0.000930	-2.133581	-0.000930	1.000216	0.174343	
265	1.000158	0.001205	-2.859092	-0.001205	1.000158	0.249596	
266	1.000069	0.003113	-6.429625	-0.003113	1.000069	1.087365	
267	1.000362	0.000763	-11.680419	-0.000763	1.000362	-1.764571	
268	1.000486	0.000925	-15.024941	-0.000925	1.000486	-2.333772	
269	1.000641	0.001486	-19.834028	-0.001486	1.000641	-2.304616	
270	1.001420	0.001288	-27.665202	-0.001288	1.001420	-2.744828	
271	1.001159	0.002394	-35.042621	-0.002394	1.001159	-1.956312	
272	1.001616	0.004187	-42.359167	-0.004187	1.001616	-1.329470	
273	1.003994	0.003093	-45.560043	-0.003093	1.003994	-2.301114	
274	1.002253	0.003323	-44.537750	-0.003323	1.002253	-1.697240	
275	1.000262	0.003550	-40.771629	-0.003550	1.000262	-0.949443	
276	0.998996	0.003201	-34.239974	-0.003201	0.998996	-0.552484	
277	0.997876	0.004403	-28.946559	-0.004403	0.997876	-0.328547	
278	0.995849	0.002632	-25.605790	-0.002632	0.995849	-1.354602	
279	0.998516	0.002547	-29.713672	-0.002547	0.998516	-2.289270	
280	0.999053	0.002604	-35.932974	-0.002604	0.999053	-2.435842	
281	0.999692	0.002739	-40.897129	-0.002739	0.999692	-2.568156	
282	0.999605	0.003146	-43.336279	-0.003146	0.999605	-2.218853	
283	0.998354	0.003256	-42.481035	-0.003256	0.998354	-1.524342	
284	0.998059	0.002275	-37.479810	-0.002275	0.998059	-1.582628	
285	0.997016	0.001948	-24.926862	-0.001948	0.997016	-1.465211	
286	0.998881	0.001027	-12.085257	-0.001027	0.998881	-2.324445	
287	1.000459	0.001382	-2.493379	-0.001382	1.000459	-1.671279	
288	1.001092	-0.001339	2.028816	0.001339	1.001092	-3.242996	
289	1.001177	-0.002305	4.320022	0.002305	1.001177	-3.522903	
290	1.000126	0.000055	7.932823	-0.000055	1.000126	-2.146529	
291	1.000228	-0.000030	11.011729	0.000030	1.000228	-1.839986	
292	0.999981	-0.000575	14.701428	0.000575	0.999981	-1.482405	
293	1.000659	-0.000865	18.427895	0.000865	1.000659	-0.655370	
294	1.000305	-0.001099	21.616107	0.001099	1.000305	-0.198669	
295	1.000473	-0.001111	23.549300	0.001111	1.000473	-0.128539	
296	0.999919	-0.000742	24.096766	0.000742	0.999919	-0.011018	
297	1.000205	-0.001311	23.056650	0.001311	1.000205	-0.282039	
298	1.000507	-0.001162	21.731676	0.001162	1.000507	0.047980	
299	0.999853	-0.001026	20.875216	0.001026	0.999853	0.348382	
300	0.999990	-0.000857	19.135776	0.000857	0.999990	0.256152	
301	1.000231	-0.000913	17.529640	0.000913	1.000231	-0.203460	
302	0.999739	-0.001282	16.395100	0.001282	0.999739	-0.798184	
303	1.000429	-0.001029	15.193994	0.001029	1.000429	-0.828931	
304	1.000443	-0.000821	14.280080	0.000821	1.000443	-0.822816	
305	1.000928	-0.000849	12.991278	0.000849	1.000928	-0.807661	
306	1.000589	-0.000637	12.655256	0.000637	1.000589	-0.438881	
307	1.000866	-0.000854	11.629938	0.000854	1.000866	-0.630184	
308	1.000193	-0.000503	11.448021	0.000503	1.000193	-0.337684	
309	1.000589	-0.000583	10.564859	0.000583	1.000589	-0.333446	
310	1.000213	-0.000613	10.078460	0.000613	1.000213	-0.353193	
311	1.000359	-0.000457	9.117887	0.000457	1.000359	-0.070611	
312	1.000170	-0.000551	8.576155	0.000551	1.000170	-0.029066	
313	1.001340	-0.004335	6.544812	0.004335	1.001340	-2.798638	
314	1.000063	-0.000808	6.988229	0.000808	1.000063	-0.119105	
315	0.999935	-0.002094	5.837001	0.002094	0.999935	-0.814325	
316	1.000463	-0.002693	4.964653	0.002693	1.000463	-1.269967	
317	0.999131	-0.004397	5.664819	0.004397	0.999131	-1.130890	
318	1.000542	-0.002653	5.377317	0.002653	1.000542	-1.049629	
319	1.000278	-0.002764	5.610933	0.002764	1.000278	-1.002009	
320	1.000131	-0.003236	5.574847	0.003236	1.000131	-1.161151	
321	0.999200	-0.004163	6.121212	0.004163	0.999200	-1.211697	
322	1.000200	-0.003106	5.206472	0.003106	1.000200	-1.103089	
323	1.000009	-0.002907	5.045335	0.002907	1.000009	-0.899202	
324	0.999903	-0.002669	4.658101	0.002669	0.999903	-0.892830	
325	0.999811	-0.002451	4.020270	0.002451	0.999811	-0.801183	
326	1.000164	-0.002084	3.703613	0.002084	1.000164	-0.815329	
327	0.999834	-0.002138	3.586862	0.002138	0.999834	-0.828744	
328	0.999934	-0.001938	3.531854	0.001938	0.999934	-0.832130	
329	0.999757	-0.002048	3.677010	0.002048	0.999757	-0.834676	
330	0.999771	-0.002154	3.887081	0.002154	0.999771	-1.084911	
331	0.999628	-0.002202	4.000442	0.002202	0.999628	-0.968191	
332	0.999635	-0.002291	3.930223	0.002291	0.999635	-0.962100	
333	0.999744	-0.002217	3.720466	0.002217	0.999744	-0.715654	
334	0.999695	-0.002062	3.682899	0.002062	0.999695	-0.611303	
335	0.999566	-0.002069	3.536933	0.002069	0.999566	-0.482644	
336	0.999634	-0.002072	3.605625	0.002072	0.999634	-0.598016	
337	0.999613	-0.001825	3.446193	0.001825	0.999613	-0.409539	
338	0.999437	-0.001830	3.406949	0.001830	0.999437	-0.371423	
339	0.999686	-0.001865	3.238650	0.001865	0.999686	-0.489298	
340	0.999626	-0.001896	3.337755	0.001896	0.999626	-0.495787	
341	0.999561	-0.001940	3.234539	0.001940	0.999561	-0.505580	
342	0.999763	-0.001590	2.932200	0.001590	0.999763	-0.328566	
343	0.999874	-0.001509	2.765844	0.001509	0.999874	-0.254085	
344	0.999566	-0.001400	2.806049	0.001400	0.999566	-0.207293	
345	0.999660	-0.001392	2.736401	0.001392	0.999660	-0.114063	
346	0.999594	-0.001234	2.759046	0.001234	0.999594	0.055703	
347	0.999498	-0.000971	2.396052	0.000971	0.999498	0.283127	
348	0.999514	-0.000489	1.406771	0.000489	0.999514	0.364570	
349	0.999755	0.000043	0.325554	-0.000043	0.999755	0.425020	
350	0.999988	0.000113	-0.285095	-0.000113	0.999988	0.122978	
351	1.000083	-0.000082	-0.213637	0.000082	1.000083	-0.112420	
352	1.000108	-0.000188	-0.149000	0.000188	1.000108	-0.265016	
353	1.000016	-0.000199	-0.149975	0.000199	1.000016	-0.206479	
354	1.000240	0.000225	-0.003439	-0.000225	1.000240	-0.049178	
355	1.000208	-0.000234	-0.034402	0.000234	1.000208	-0.135404	
356	0.999749	-0.000185	0.330094	0.000185	0.999749	0.159932	
357	0.999741	-0.000401	0.782637	0.000401	0.999741	0.145735	
358	0.999710	-0.000738	1.349131	0.000738	0.999710	0.181736	
359	0.999671	-0.000689	1.407480	0.000689	0.999671	0.269623	
360	0.999918	-0.000823	1.245438	0.000823	0.999918	0.082987	
361	1.000070	-0.000513	1.112385	0.000513	1.000070	0.130465	
362	0.999797	-0.000476	1.145693	0.000476	0.999797	0.051983	
363	0.999852	-0.000370	1.283845	0.000370	0.999852	0.062649	
364	1.000131	-0.000204	1.129578	0.000204	1.000131	-0.016604	
365	0.999941	-0.000328	0.997879	0.000328	0.999941	-0.146625	
366	1.000148	-0.000323	0.795285	0.000323	1.000148	-0.269892	
367	1.000222	-0.000287	0.640825	0.000287	1.000222	-0.249741	
368	1.000141	-0.000382	0.663988	0.000382	1.000141	-0.233929	
369	1.000143	-0.000248	0.483292	0.000248	1.000143	-0.189017	
370	1.000135	-0.000042	0.147419	0.000042	1.000135	-0.123337	
371	1.000147	0.000291	-0.025936	-0.000291	1.000147	0.113313	
372	1.000183	0.000471	-0.274802	-0.000471	1.000183	0.181871	
373	1.000237	0.000492	-0.337248	-0.000492	1.000237	0.162055	
374	1.000324	0.000421	-0.355849	-0.000421	1.000324	-0.005084	
375	1.000289	0.000569	-0.356869	-0.000569	1.000289	0.101059	
376	1.000120	0.000606	-0.386953	-0.000606	1.000120	0.097733	
377	1.000241	0.000677	-0.807960	-0.000677	1.000241	0.053348	
378	1.000222	0.000783	-1.089512	-0.000783	1.000222	0.059317	
379	1.000248	0.000868	-1.401220	-0.000868	1.000248	0.049795	
380	1.000520	0.001122	-1.960114	-0.001122	1.000520	0.051215	
381	1.000518	0.001296	-2.299478	-0.001296	1.000518	0.182028	
382	1.000625	0.001383	-2.477249	-0.001383	1.000625	0.221508	
383	1.000533	0.001249	-2.315225	-0.001249	1.000533	0.189673	
384	1.000365	0.001261	-2.235926	-0.001261	1.000365	0.337567	
385	1.000339	0.001229	-2.284145	-0.001229	1.000339	0.408205	
386	1.000355	0.001173	-2.264886	-0.001173	1.000355	0.477387	
387	1.000335	0.001100	-2.156214	-0.001100	1.000335	0.529234	
388	1.000024	0.000768	-1.484997	-0.000768	1.000024	0.531428	
389	1.000048	0.000622	-1.108852	-0.000622	1.000048	0.429402	
390	0.999997	0.000558	-0.996792	-0.000558	0.999997	0.415014	
391	1.000162	0.000393	-0.922401	-0.000393	1.000162	0.295986	
392	0.999954	0.000567	-0.784158	-0.000567	0.999954	0.415723	
393	0.999930	0.000708	-0.856195	-0.000708	0.999930	0.472233	
394	0.999797	0.000734	-0.830474	-0.000734	0.999797	0.496867	
395	0.999687	0.000652	-0.836226	-0.000652	0.999687	0.433780	
396	0.999603	0.000668	-0.772934	-0.000668	0.999603	0.462678	
397	0.999624	0.000607	-0.583262	-0.000607	0.999624	0.416150	
398	0.999646	0.000774	-0.614281	-0.000774	0.999646	0.479625	
399	0.999754	0.000892	-0.656789	-0.000892	0.999754	0.503396	
400	0.999741	0.000872	-0.486730	-0.000872	0.999741	0.500477	
401	0.999678	0.000626	-0.228709	-0.000626	0.999678	0.421254	
402	0.999761	0.000393	-0.041911	-0.000393	0.999761	0.269018	
403	0.999699	0.000263	0.109071	-0.000263	0.999699	0.177190	
404	0.999582	0.000193	0.097208	-0.000193	0.999582	0.127757	
405	0.999603	0.000313	-0.004477	-0.000313	0.999603	0.111342	
406	0.999676	0.000353	-0.002524	-0.000353	0.999676	0.131998	
407	0.999807	0.000163	0.126205	-0.000163	0.999807	0.072335	
408	0.999309	0.000458	0.277413	-0.000458	0.999309	0.301648	
409	0.999719	-0.000147	0.453229	0.000147	0.999719	0.130297	
410	0.999671	-0.000188	0.698463	0.000188	0.999671	0.272270	
411	0.999597	-0.000372	1.077797	0.000372	0.999597	0.265536	
412	0.999413	-0.000530	1.352734	0.000530	0.999413	0.332927	
413	0.999419	-0.000815	1.860180	0.000815	0.999419	0.279521	
414	0.999556	-0.001126	2.491066	0.001126	0.999556	0.068160	
415	0.999627	-0.001356	3.113909	0.001356	0.999627	-0.138864	
416	0.999646	-0.001699	3.833380	0.001699	0.999646	-0.334081	
417	0.999656	-0.001855	4.195270	0.001855	0.999656	-0.455624	
418	0.999641	-0.001877	4.417346	0.001877	0.999641	-0.485730	
419	0.999672	-0.002243	4.809315	0.002243	0.999672	-0.574332	
420	0.999356	-0.002435	5.614413	0.002435	0.999356	-0.361545	
421	0.999326	-0.002722	6.136224	0.002722	0.999326	-0.359180	
422	0.999390	-0.000588	6.667596	0.000588	0.999390	1.015836	
423	0.997405	-0.002769	7.356310	0.002769	0.997405	0.226234	
424	0.999869	-0.001764	6.256777	0.001764	0.999869	0.145598	
425	0.999036	-0.000484	7.048339	0.000484	0.999036	1.340401	
426	0.999858	-0.002174	6.487631	0.002174	0.999858	0.137387	
427	0.997832	-0.002898	6.824425	0.002898	0.997832	0.163625	
428	0.999079	-0.002685	5.708167	0.002685	0.999079	-0.181091	
429	0.999346	-0.002762	5.052348	0.002762	0.999346	-0.389198	
430	0.999446	-0.002046	4.804541	0.002046	0.999446	0.113343	
431	0.999412	-0.002050	4.686614	0.002050	0.999412	0.046881	
432	0.999263	-0.002221	4.466363	0.002221	0.999263	-0.152880	
433	0.999476	-0.002044	4.173382	0.002044	0.999476	-0.312358	
434	0.999491	-0.001727	3.917104	0.001727	0.999491	-0.119733	
435	0.999473	-0.001646	3.653917	0.001646	0.999473	-0.061394	
436	0.999463	-0.001563	3.330356	0.001563	0.999463	-0.001965	
437	0.999484	-0.001676	3.083258	0.001676	0.999484	-0.200539	
438	0.999687	-0.001421	2.774583	0.001421	0.999687	-0.277312	
439	0.999738	-0.001298	2.641361	0.001298	0.999738	-0.203176	
440	0.999862	-0.000974	2.470895	0.000974	0.999862	0.072376	
441	0.999579	-0.001220	2.506753	0.001220	0.999579	0.351006	
442	0.999515	-0.001062	2.613297	0.001062	0.999515	0.696579	
443	0.999139	-0.001401	2.846702	0.001401	0.999139	1.065749	
444	0.999367	-0.000804	2.635411	0.000804	0.999367	1.251317	
445	0.999302	-0.001380	2.647966	0.001380	0.999302	0.925829	
446	0.999317	-0.001343	2.692248	0.001343	0.999317	0.694175	
447	0.999894	-0.001119	2.617030	0.001119	0.999894	0.450067	
448	0.999967	-0.001406	2.684910	0.001406	0.999967	0.064365	
449	1.000051	-0.001334	2.674658	0.001334	1.000051	-0.218846	
450	1.000009	-0.001754	2.823018	0.001754	1.000009	-0.753954	
451	1.000046	-0.001589	3.339502	0.001589	1.000046	-0.789242	
452	0.999937	-0.002008	3.499623	0.002008	0.999937	-0.943789	
453	1.000049	-0.001705	3.610408	0.001705	1.000049	-0.855222	
454	0.999870	-0.001809	3.950523	0.001809	0.999870	-0.847476	
455	1.000014	-0.001695	3.976426	0.001695	1.000014	-0.881979	
456	1.000069	-0.001626	3.827958	0.001626	1.000069	-0.898336	
457	1.000201	-0.001617	3.210035	0.001617	1.000201	-1.051349	
458	1.000077	-0.001286	2.702101	0.001286	1.000077	-0.713702	
459	0.999988	-0.001082	2.395670	0.001082	0.999988	-0.482621	
460	0.999865	-0.000790	2.007672	0.000790	0.999865	-0.268472	
461	0.999874	-0.000560	1.612140	0.000560	0.999874	-0.113799	
462	0.999896	-0.000403	1.251040	0.000403	0.999896	-0.090887	
463	0.999959	-0.000362	1.088058	0.000362	0.999959	-0.171623	
464	0.999924	-0.000329	1.176873	0.000329	0.999924	-0.180086	
465	1.000084	-0.000409	1.110223	0.000409	1.000084	-0.275233	
466	1.000091	-0.000363	1.003722	0.000363	1.000091	-0.312011	
467	1.000068	-0.000380	0.960417	0.000380	1.000068	-0.321850	
468	1.000107	-0.000336	0.917839	0.000336	1.000107	-0.313169	
469	1.000140	-0.000303	0.804370	0.000303	1.000140	-0.304573	
470	1.000108	-0.000296	0.770402	0.000296	1.000108	-0.328826	
471	1.000112	-0.000209	0.640156	0.000209	1.000112	-0.256728	
472	1.000183	-0.000220	0.491643	0.000220	1.000183	-0.290096	
473	1.000140	-0.000204	0.537151	0.000204	1.000140	-0.254765	
474	1.000199	-0.000155	0.412626	0.000155	1.000199	-0.321338	
475	1.000208	-0.000171	0.429131	0.000171	1.000208	-0.278137	
476	1.000211	-0.000124	0.346975	0.000124	1.000211	-0.320813	
477	1.000178	-0.000058	0.251914	0.000058	1.000178	-0.266381	
478	1.000187	0.000014	0.297283	-0.000014	1.000187	-0.157801	
479	1.000199	-0.000073	0.401099	0.000073	1.000199	-0.278208	
480	1.000160	-0.000182	0.424503	0.000182	1.000160	-0.289316	
481	1.000167	-0.000169	0.469015	0.000169	1.000167	-0.330837	
482	1.000240	-0.000102	0.272569	0.000102	1.000240	-0.387492	
483	1.000367	-0.000064	0.105331	0.000064	1.000367	-0.515577	
484	1.000364	-0.000082	0.066863	0.000082	1.000364	-0.614679	
485	1.000414	0.000005	-0.048219	-0.000005	1.000414	-0.736975	
486	1.000325	-0.000014	-0.019058	0.000014	1.000325	-0.619837	
487	1.000415	-0.000025	0.057813	0.000025	1.000415	-0.649009	
488	1.000340	-0.000093	0.194266	0.000093	1.000340	-0.550172	
489	1.000355	-0.000170	0.325793	0.000170	1.000355	-0.571905	
490	1.000343	-0.000172	0.349447	0.000172	1.000343	-0.539264	
491	1.000294	-0.000164	0.313582	0.000164	1.000294	-0.553046	
492	1.000282	-0.000090	0.239778	0.000090	1.000282	-0.468011	
493	1.000267	0.000015	0.120915	-0.000015	1.000267	-0.436575	
494	1.000212	0.000032	0.008490	-0.000032	1.000212	-0.391435	
495	1.000165	0.000081	0.006506	-0.000081	1.000165	-0.347696	
496	1.000160	0.000092	0.047420	-0.000092	1.000160	-0.385782	
497	1.000010	0.000118	0.150174	-0.000118	1.000010	-0.279700	
498	0.999994	0.000100	0.179237	-0.000100	0.999994	-0.278549	
499	1.000027	0.000119	0.151066	-0.000119	1.000027	-0.222858	
500	0.999958	0.000138	0.224755	-0.000138	0.999958	-0.075776	
501	0.999942	0.000079	0.244712	-0.000079	0.999942	-0.043853	
502	0.999863	0.000061	0.257515	-0.000061	0.999863	-0.000196	
503	0.999942	0.000030	0.172178	-0.000030	0.999942	-0.146291	
504	0.999863	0.000011	0.219121	-0.000011	0.999863	-0.064434	
505	0.999858	0.000006	0.192335	-0.000006	0.999858	-0.112689	
506	0.999774	0.000073	0.092625	-0.000073	0.999774	0.063027	
507	0.999852	0.000128	-0.071909	-0.000128	0.999852	-0.051252	
508	0.999848	0.000111	-0.031000	-0.000111	0.999848	-0.034843	
509	0.999720	0.000168	0.055513	-0.000168	0.999720	0.023450	
510	0.999747	0.000124	0.063114	-0.000124	0.999747	0.011115	
511	0.999617	0.000080	0.354742	-0.000080	0.999617	0.085947	
512	0.999544	0.000082	0.452030	-0.000082	0.999544	0.093455	
513	0.999661	0.000051	0.336789	-0.000051	0.999661	0.005305	
514	0.999566	0.000116	0.334473	-0.000116	0.999566	0.123464	
515	0.999545	0.000085	0.348158	-0.000085	0.999545	0.129043	
516	0.999613	0.000061	0.295084	-0.000061	0.999613	0.111142	
517	0.999464	0.000057	0.392870	-0.000057	0.999464	0.154488	
518	0.999464	0.000041	0.415556	-0.000041	0.999464	0.166694	
519	0.999480	-0.000032	0.443849	0.000032	0.999480	0.167311	
520	0.999558	-0.000106	0.489852	0.000106	0.999558	0.140575	
521	0.999528	-0.000055	0.461788	0.000055	0.999528	0.138870	
522	0.999488	-0.000080	0.508086	0.000080	0.999488	0.156455	
523	0.999432	-0.000095	0.543282	0.000095	0.999432	0.213234	
524	0.999475	-0.000020	0.520509	0.000020	0.999475	0.207153	
