0	1.000000	0.000000	0.000000	0.000000	1.000000	0.000000	
1	0.999957	0.000014	0.286678	-0.000014	0.999957	-0.006952	
2	0.999958	-0.000054	0.267715	0.000054	0.999958	-0.026525	
3	0.999962	-0.000056	0.250133	0.000056	0.999962	-0.027505	
4	0.999999	-0.000011	0.013248	0.000011	0.999999	-0.008805	
5	0.999999	-0.000023	-0.003797	0.000023	0.999999	-0.016146	
6	0.999938	-0.000166	-0.076616	0.000166	0.999938	-0.074542	
7	1.000078	-0.000035	-0.427474	0.000035	1.000078	-0.002541	
8	1.000042	0.000051	-0.490099	-0.000051	1.000042	0.059987	
9	0.999974	-0.000012	-0.011496	0.000012	0.999974	0.013596	
10	1.000018	0.000011	-0.016784	-0.000011	1.000018	0.011920	
11	1.000014	0.000154	-0.160143	-0.000154	1.000014	0.185161	
12	1.000032	0.000183	-0.115349	-0.000183	1.000032	0.189825	
13	0.999948	0.000134	0.118919	-0.000134	0.999948	0.126659	
14	1.000010	0.000148	0.041178	-0.000148	1.000010	0.178636	
15	1.000054	-0.000031	-0.105765	0.000031	1.000054	0.024424	
16	1.000038	0.000047	-0.386387	-0.000047	1.000038	0.070076	
17	1.000013	0.000053	-0.295367	-0.000053	1.000013	0.078579	
18	0.999982	0.000045	-0.014792	-0.000045	0.999982	0.048555	
19	0.999958	0.000020	0.001125	-0.000020	0.999958	0.026148	
20	1.000040	0.000054	-0.172768	-0.000054	1.000040	0.039160	
21	1.000017	0.000131	-0.291566	-0.000131	1.000017	0.075201	
22	1.000001	-0.000003	-0.059142	0.000003	1.000001	-0.005905	
23	0.999994	-0.000015	0.020700	0.000015	0.999994	-0.007796	
24	1.000061	-0.000110	-0.175847	0.000110	1.000061	-0.102269	
25	1.000022	0.000001	-0.104315	-0.000001	1.000022	-0.008703	
26	1.000001	0.000013	-0.006133	-0.000013	1.000001	0.012141	
27	0.999987	-0.000040	0.125422	0.000040	0.999987	-0.027970	
28	0.999985	-0.000034	0.061826	0.000034	0.999985	-0.024358	
29	1.000022	0.000008	-0.020516	-0.000008	1.000022	-0.010111	
30	0.999917	-0.000014	0.398706	0.000014	0.999917	0.065113	
31	1.000020	-0.000057	0.082486	0.000057	1.000020	-0.025949	
32	0.999996	0.000008	0.033813	-0.000008	0.999996	0.009521	
33	1.000044	-0.000080	-0.257612	0.000080	1.000044	-0.055286	
34	1.000026	0.000064	-0.451501	-0.000064	1.000026	0.067775	
35	1.000086	0.000127	-0.187554	-0.000127	1.000086	0.104124	
36	0.999948	0.000214	0.155402	-0.000214	0.999948	0.225741	
37	0.999926	0.000243	0.194105	-0.000243	0.999926	0.241708	
38	0.999992	0.000049	0.210827	-0.000049	0.999992	0.019415	
39	0.999981	-0.000021	0.241475	0.000021	0.999981	-0.029164	
40	1.000016	-0.000110	-0.030321	0.000110	1.000016	-0.062821	
41	1.000058	-0.000012	-0.162884	0.000012	1.000058	-0.071271	
42	1.000057	0.000027	-0.234627	-0.000027	1.000057	-0.057211	
43	1.000072	0.000064	-0.181585	-0.000064	1.000072	0.007568	
44	0.999955	-0.000091	0.094242	0.000091	0.999955	-0.048593	
45	1.000015	-0.000086	-0.051783	0.000086	1.000015	-0.098223	
46	1.000032	0.000054	-0.105648	-0.000054	1.000032	-0.031247	
47	1.000003	0.000051	0.276247	-0.000051	1.000003	-0.010211	
48	0.999946	-0.000025	0.396983	0.000025	0.999946	-0.030686	
49	0.999943	-0.000052	0.297315	0.000052	0.999943	-0.034651	
50	1.000046	0.000020	-0.089255	-0.000020	1.000046	-0.005552	
51	0.999968	0.000099	-0.053516	-0.000099	0.999968	0.040942	
52	1.000127	0.000091	-0.541007	-0.000091	1.000127	-0.039741	
53	0.999969	0.000164	-0.039668	-0.000164	0.999969	0.157787	
54	0.999977	0.000055	0.034042	-0.000055	0.999977	0.049018	
55	0.999992	0.000112	0.014940	-0.000112	0.999992	0.078991	
56	1.000004	0.000147	0.025147	-0.000147	1.000004	0.088651	
57	0.999977	0.000061	0.370245	-0.000061	0.999977	0.021829	
58	0.999973	0.000022	0.369288	-0.000022	0.999973	0.025978	
59	0.999989	-0.000080	-0.024691	0.000080	0.999989	-0.078578	
60	1.000090	-0.000005	-0.574022	0.000005	1.000090	-0.081325	
61	1.000124	-0.000037	-0.606767	0.000037	1.000124	-0.116169	
62	1.000043	-0.000043	-0.462006	0.000043	1.000043	0.014938	
63	0.999952	-0.000088	-0.237223	0.000088	0.999952	-0.019114	
64	1.000084	0.000083	-0.453317	-0.000083	1.000084	-0.010184	
65	1.000002	0.000019	-0.007597	-0.000019	1.000002	0.015074	
66	0.999978	0.000019	0.106919	-0.000019	0.999978	0.031990	
67	0.999927	-0.000061	0.370806	0.000061	0.999927	0.035743	
68	0.999991	-0.000020	0.039943	0.000020	0.999991	-0.001008	
69	1.000009	0.000018	-0.014016	-0.000018	1.000009	0.007365	
70	0.999965	0.000048	0.035883	-0.000048	0.999965	0.047397	
71	1.000007	0.000041	-0.038427	-0.000041	1.000007	0.036635	
72	0.999980	0.000065	-0.016174	-0.000065	0.999980	0.053851	
73	1.000044	0.000041	-0.093294	-0.000041	1.000044	-0.002728	
74	0.999983	0.000053	0.023264	-0.000053	0.999983	0.043246	
75	0.999982	0.000037	0.038266	-0.000037	0.999982	0.038438	
76	0.999993	0.000021	0.005891	-0.000021	0.999993	0.017668	
77	1.000029	0.000058	-0.035790	-0.000058	1.000029	0.030098	
78	0.999991	0.000028	0.062318	-0.000028	0.999991	0.026647	
79	0.999985	0.000020	0.138825	-0.000020	0.999985	0.016181	
80	0.999990	-0.000005	0.011152	0.000005	0.999990	-0.005752	
81	1.000000	0.000142	0.199937	-0.000142	1.000000	0.099879	
82	0.999967	0.000020	0.399175	-0.000020	0.999967	0.007431	
83	0.999958	0.000006	0.275876	-0.000006	0.999958	0.011332	
84	0.999903	-0.000096	0.425113	0.000096	0.999903	-0.046635	
85	1.000035	-0.000135	-0.045595	0.000135	1.000035	-0.101753	
86	1.000042	0.000079	-0.282885	-0.000079	1.000042	0.070825	
87	0.999977	0.000169	-0.010830	-0.000169	0.999977	0.148562	
88	0.999987	0.000077	0.011176	-0.000077	0.999987	0.061632	
89	0.999990	0.000120	0.003270	-0.000120	0.999990	0.099054	
90	0.999953	0.000114	0.283930	-0.000114	0.999953	0.134307	
91	0.999981	0.000061	0.022969	-0.000061	0.999981	0.111554	
92	1.000006	0.000066	-0.017286	-0.000066	1.000006	0.103233	
93	1.000026	0.000054	-0.031838	-0.000054	1.000026	0.060431	
94	1.000042	0.000119	-0.328340	-0.000119	1.000042	0.146940	
95	1.000020	0.000165	-0.125591	-0.000165	1.000020	0.159803	
96	0.999991	0.000056	0.008091	-0.000056	0.999991	0.051341	
97	1.000046	0.000042	-0.046633	-0.000042	1.000046	0.027831	
98	1.000024	0.000166	0.256432	-0.000166	1.000024	0.149997	
99	0.999896	0.000066	0.481286	-0.000066	0.999896	0.087272	
100	0.999971	-0.000088	0.410656	0.000088	0.999971	-0.057291	
101	0.999992	0.000035	0.024228	-0.000035	0.999992	0.028255	
102	1.000022	-0.000044	-0.216454	0.000044	1.000022	-0.035794	
103	1.000002	0.000009	-0.279480	-0.000009	1.000002	-0.015112	
104	1.000030	-0.000028	-0.260626	0.000028	1.000030	-0.063352	
105	1.000046	0.000007	-0.159281	-0.000007	1.000046	0.014129	
106	0.999899	0.000003	0.373806	-0.000003	0.999899	0.022084	
107	0.999991	0.000026	0.046749	-0.000026	0.999991	0.017165	
108	0.999992	0.000045	0.011165	-0.000045	0.999992	0.035408	
109	0.999987	0.000018	0.028891	-0.000018	0.999987	0.019532	
110	1.000003	0.000053	-0.037503	-0.000053	1.000003	0.070300	
111	0.999982	0.000045	-0.001338	-0.000045	0.999982	0.052277	
112	1.000031	0.000087	-0.046062	-0.000087	1.000031	0.040262	
113	1.000018	0.000270	0.111171	-0.000270	1.000018	0.189349	
114	0.999919	0.000112	0.562931	-0.000112	0.999919	0.092959	
115	0.999943	0.000020	0.104650	-0.000020	0.999943	0.058994	
116	1.000015	0.000035	-0.029699	-0.000035	1.000015	0.026810	
117	1.000057	0.000041	-0.122124	-0.000041	1.000057	0.031624	
118	1.000040	0.000134	-0.159209	-0.000134	1.000040	0.132894	
119	1.000036	0.000073	-0.038918	-0.000073	1.000036	0.066502	
120	1.000017	0.000059	-0.048217	-0.000059	1.000017	0.050193	
121	1.000000	0.000073	0.043860	-0.000073	1.000000	0.050146	
122	0.999979	0.000057	0.397260	-0.000057	0.999979	0.008221	
123	0.999906	0.000057	0.367940	-0.000057	0.999906	0.037677	
124	1.000008	-0.000084	-0.010806	0.000084	1.000008	-0.086498	
125	1.000059	-0.000126	-0.286271	0.000126	1.000059	-0.134894	
126	1.000073	-0.000037	-0.463511	0.000037	1.000073	-0.046680	
127	1.000044	0.000081	-0.169008	-0.000081	1.000044	0.016695	
128	1.000006	0.000069	-0.010875	-0.000069	1.000006	0.037952	
129	1.000014	0.000029	-0.016001	-0.000029	1.000014	0.008861	
130	0.999987	0.000094	0.112938	-0.000094	0.999987	0.051793	
131	0.999928	-0.000002	0.359092	0.000002	0.999928	-0.021276	
132	1.000059	-0.000016	-0.142491	0.000016	1.000059	-0.066431	
133	1.000038	0.000024	-0.309748	-0.000024	1.000038	-0.049864	
134	0.999987	0.000008	-0.218712	-0.000008	0.999987	-0.053112	
135	1.000058	0.000028	-0.271521	-0.000028	1.000058	-0.004217	
136	0.999940	0.000117	0.283332	-0.000117	0.999940	0.097129	
137	1.000018	0.000174	0.345213	-0.000174	1.000018	0.077168	
138	0.999916	0.000174	0.443075	-0.000174	0.999916	0.132829	
139	0.999914	0.000133	0.363447	-0.000133	0.999914	0.156919	
140	1.000079	-0.000029	-0.144570	0.000029	1.000079	-0.032672	
141	1.000030	0.000035	-0.073308	-0.000035	1.000030	0.019787	
142	1.000102	-0.000075	-0.379843	0.000075	1.000102	-0.073506	
143	1.000098	-0.000023	-0.438319	0.000023	1.000098	-0.038812	
144	1.000043	0.000016	-0.025255	-0.000016	1.000043	0.013380	
145	1.000038	-0.000018	-0.051740	0.000018	1.000038	-0.027542	
146	1.000035	0.000001	-0.086628	-0.000001	1.000035	-0.024954	
147	1.000070	0.000015	-0.188830	-0.000015	1.000070	-0.041512	
148	1.000042	0.000045	-0.259302	-0.000045	1.000042	0.027727	
149	1.000057	0.000050	-0.336146	-0.000050	1.000057	0.016058	
150	1.000046	0.000045	-0.269714	-0.000045	1.000046	0.035632	
151	1.000028	0.000007	-0.303520	-0.000007	1.000028	0.031518	
152	1.000073	0.000038	-0.460035	-0.000038	1.000073	0.042786	
153	1.000036	-0.000022	-0.308965	0.000022	1.000036	-0.003941	
154	1.000014	0.000008	-0.332348	-0.000008	1.000014	0.022787	
155	1.000073	0.000026	-0.392269	-0.000026	1.000073	0.031909	
156	1.000041	0.000085	-0.012758	-0.000085	1.000041	0.079528	
157	1.000004	0.000089	0.266800	-0.000089	1.000004	0.147013	
158	0.999978	-0.000083	0.407330	0.000083	0.999978	-0.011900	
159	1.000010	0.000042	0.014175	-0.000042	1.000010	0.026438	
160	1.000060	0.000024	-0.073715	-0.000024	1.000060	-0.000387	
161	1.000049	0.000000	-0.070839	-0.000000	1.000049	-0.016231	
162	0.999956	0.000135	0.124788	-0.000135	0.999956	0.103610	
163	1.000013	0.000041	0.272698	-0.000041	1.000013	0.011916	
164	0.999979	0.000071	0.363926	-0.000071	0.999979	0.070906	
165	0.999974	0.000027	0.358337	-0.000027	0.999974	0.007520	
166	1.000020	0.000038	0.042600	-0.000038	1.000020	0.028440	
167	0.999981	-0.000006	0.125697	0.000006	0.999981	0.017938	
168	1.000076	-0.000026	-0.398615	0.000026	1.000076	-0.057444	
169	0.999994	0.000075	-0.036944	-0.000075	0.999994	0.070027	
170	1.000033	0.000107	-0.019349	-0.000107	1.000033	0.089731	
171	1.000008	0.000127	-0.026801	-0.000127	1.000008	0.073336	
172	1.000104	0.000108	-0.230479	-0.000108	1.000104	-0.016237	
173	1.000072	0.000167	-0.110709	-0.000167	1.000072	0.098652	
174	0.999991	0.000134	0.114977	-0.000134	0.999991	0.161889	
175	1.000027	0.000036	-0.216673	-0.000036	1.000027	0.084308	
176	1.000025	0.000038	-0.142472	-0.000038	1.000025	0.085767	
177	1.000037	0.000051	-0.512250	-0.000051	1.000037	0.069544	
178	1.000049	0.000041	-0.516096	-0.000041	1.000049	0.031439	
179	1.000068	0.000077	-0.273562	-0.000077	1.000068	0.047998	
180	1.000023	0.000088	-0.087946	-0.000088	1.000023	0.061579	
181	1.000011	0.000137	-0.004173	-0.000137	1.000011	0.105268	
182	0.999990	0.000072	0.084480	-0.000072	0.999990	0.050176	
183	1.000011	0.000095	0.015479	-0.000095	1.000011	0.073112	
184	1.000051	0.000060	-0.155091	-0.000060	1.000051	0.068313	
185	1.000042	0.000066	-0.138933	-0.000066	1.000042	0.069658	
186	1.000007	0.000069	-0.026054	-0.000069	1.000007	0.050077	
187	1.000058	0.000135	0.011037	-0.000135	1.000058	0.078842	
188	0.999917	0.000079	0.377694	-0.000079	0.999917	0.108077	
189	0.999953	-0.000057	0.385400	0.000057	0.999953	0.066656	
190	1.000030	-0.000028	-0.009880	0.000028	1.000030	0.007938	
191	1.000055	-0.000000	-0.319686	0.000000	1.000055	-0.021938	
192	1.000076	0.000012	-0.043430	-0.000012	1.000076	-0.042204	
193	0.999977	-0.000024	0.102877	0.000024	0.999977	0.052964	
194	1.000023	-0.000012	0.064360	0.000012	1.000023	0.011007	
195	1.000060	0.000035	-0.049342	-0.000035	1.000060	0.009253	
196	1.000040	0.000061	-0.006478	-0.000061	1.000040	0.030038	
197	0.999982	0.000055	0.305310	-0.000055	0.999982	0.032300	
198	1.000062	-0.000093	0.097984	0.000093	1.000062	-0.077588	
199	1.000072	-0.000017	-0.424629	0.000017	1.000072	0.003471	
200	1.000099	0.000055	-0.507757	-0.000055	1.000099	0.002021	
201	1.000102	0.000074	-0.432986	-0.000074	1.000102	0.042687	
202	1.000055	0.000137	-0.370731	-0.000137	1.000055	0.136011	
203	1.000055	0.000139	-0.359482	-0.000139	1.000055	0.112419	
204	1.000046	0.000083	-0.034917	-0.000083	1.000046	0.064286	
205	0.999975	0.000215	0.245106	-0.000215	0.999975	0.209559	
206	0.999953	0.000083	0.581877	-0.000083	0.999953	0.092188	
207	1.000005	0.000045	0.126409	-0.000045	1.000005	0.033539	
208	1.000024	0.000005	-0.031454	-0.000005	1.000024	-0.028170	
209	1.000126	0.000037	-0.457848	-0.000037	1.000126	-0.087513	
210	1.000000	0.000129	-0.091402	-0.000129	1.000000	0.085278	
211	0.999991	0.000171	-0.005116	-0.000171	0.999991	0.119434	
212	1.000023	0.000155	-0.060416	-0.000155	1.000023	0.095481	
213	1.000081	0.000126	-0.068279	-0.000126	1.000081	0.070260	
214	1.000022	0.000028	0.015090	-0.000028	1.000022	0.017072	
215	1.000068	-0.000007	0.222290	0.000007	1.000068	-0.042864	
216	1.000035	0.000017	0.098083	-0.000017	1.000035	-0.012015	
217	1.000054	0.000062	0.003168	-0.000062	1.000054	-0.000719	
218	1.000081	0.000041	-0.011156	-0.000041	1.000081	-0.008265	
219	1.000100	0.000012	-0.079777	-0.000012	1.000100	-0.013533	
220	1.000146	0.000162	-0.206482	-0.000162	1.000146	-0.016712	
221	1.000115	0.000136	-0.180351	-0.000136	1.000115	-0.028469	
222	1.000037	0.000079	0.320726	-0.000079	1.000037	0.052873	
223	1.000019	-0.000018	0.338639	0.000018	1.000019	-0.013104	
224	1.000101	-0.000051	-0.137403	0.000051	1.000101	-0.059737	
225	1.000121	0.000054	-0.474027	-0.000054	1.000121	0.003125	
226	1.000093	0.000025	-0.574294	-0.000025	1.000093	-0.075943	
227	1.000099	0.000106	-0.493988	-0.000106	1.000099	0.025488	
228	1.000015	0.000073	0.052735	-0.000073	1.000015	0.041564	
229	1.000061	0.000139	0.085746	-0.000139	1.000061	0.086893	
230	1.000011	0.000135	0.117196	-0.000135	1.000011	0.098251	
231	1.000099	0.000085	0.018964	-0.000085	1.000099	0.001148	
232	1.000072	0.000079	-0.033619	-0.000079	1.000072	0.042302	
233	1.000054	0.000033	-0.033638	-0.000033	1.000054	0.018218	
234	1.000131	0.000058	-0.372398	-0.000058	1.000131	-0.007255	
235	1.000116	0.000034	-0.303877	-0.000034	1.000116	-0.012978	
236	1.000106	0.000005	-0.185586	-0.000005	1.000106	0.018815	
237	0.999936	0.000075	0.111689	-0.000075	0.999936	0.121441	
238	0.999992	-0.000004	0.086876	0.000004	0.999992	0.008778	
239	1.000127	0.000090	-0.234611	-0.000090	1.000127	0.076716	
240	0.999962	-0.000014	0.206521	0.000014	0.999962	0.028794	
241	0.999939	-0.000019	0.356356	0.000019	0.999939	0.124000	
242	0.999942	-0.000017	0.339752	0.000017	0.999942	0.121198	
243	0.999959	-0.000018	0.072064	0.000018	0.999959	0.041556	
244	0.999985	-0.000013	0.046825	0.000013	0.999985	0.032342	
245	0.999983	-0.000013	0.045612	0.000013	0.999983	0.030196	
246	1.000200	0.000057	-0.633049	-0.000057	1.000200	-0.125223	
247	1.000030	0.000080	-0.040413	-0.000080	1.000030	0.042543	
248	0.999963	0.000114	0.417483	-0.000114	0.999963	0.114854	
249	0.999878	0.000010	0.816104	-0.000010	0.999878	0.175307	
250	1.000028	0.000034	0.510371	-0.000034	1.000028	0.016953	
251	0.999940	0.000137	0.166003	-0.000137	0.999940	0.133278	
252	1.000004	0.000112	0.028529	-0.000112	1.000004	0.096007	
253	1.000011	0.000053	-0.031134	-0.000053	1.000011	0.045784	
254	1.000013	0.000094	-0.144181	-0.000094	1.000013	0.093049	
255	1.000011	0.000096	-0.214638	-0.000096	1.000011	0.105485	
256	1.000048	0.000103	-0.102232	-0.000103	1.000048	0.070914	
257	0.999999	0.000184	-0.103431	-0.000184	0.999999	0.158493	
258	1.000028	0.000030	-0.014816	-0.000030	1.000028	0.011410	
259	1.000000	0.000036	-0.172637	-0.000036	1.000000	0.005440	
260	1.000204	0.000065	-0.483743	-0.000065	1.000204	-0.009254	
261	1.000052	0.000189	-0.405159	-0.000189	1.000052	0.136665	
262	1.000049	0.000156	-0.124960	-0.000156	1.000049	0.103603	
263	0.999910	0.000152	0.336119	-0.000152	0.999910	0.131122	
264	1.000038	0.000067	0.130731	-0.000067	1.000038	0.001016	
265	0.999992	0.000018	0.177363	-0.000018	0.999992	0.009094	
266	1.000035	-0.000090	0.067887	0.000090	1.000035	-0.088246	
267	1.000064	-0.000151	-0.381339	0.000151	1.000064	-0.111640	
268	1.000073	0.000006	-0.360921	-0.000006	1.000073	-0.024197	
269	1.000014	0.000040	-0.018082	-0.000040	1.000014	0.030265	
270	1.000020	0.000155	0.075815	-0.000155	1.000020	0.133560	
271	0.999933	0.000045	0.396569	-0.000045	0.999933	0.084509	
272	1.000071	0.000028	-0.013261	-0.000028	1.000071	-0.000306	
273	0.999996	0.000072	0.013310	-0.000072	0.999996	0.057585	
274	1.000078	0.000112	0.107710	-0.000112	1.000078	0.028359	
275	0.999965	0.000037	0.066402	-0.000037	0.999965	0.028487	
276	1.000039	0.000016	-0.034282	-0.000016	1.000039	0.001238	
277	1.000040	0.000006	-0.110169	-0.000006	1.000040	-0.014872	
278	1.000058	0.000155	-0.473293	-0.000155	1.000058	0.082832	
279	0.999991	0.000055	-0.050569	-0.000055	0.999991	0.050109	
280	0.999996	0.000001	0.116835	-0.000001	0.999996	0.036105	
281	1.000044	0.000072	-0.126504	-0.000072	1.000044	0.085662	
282	1.000074	0.000051	-0.101164	-0.000051	1.000074	0.030349	
283	1.000028	0.000007	-0.115479	-0.000007	1.000028	0.009367	
284	1.000093	-0.000009	-0.185737	0.000009	1.000093	-0.017734	
285	1.000020	0.000049	-0.041096	-0.000049	1.000020	0.047359	
286	1.000081	0.000115	-0.337414	-0.000115	1.000081	0.062269	
287	1.000013	0.000233	-0.152417	-0.000233	1.000013	0.181503	
288	0.999964	0.000130	0.358288	-0.000130	0.999964	0.113852	
289	0.999950	0.000037	0.466491	-0.000037	0.999950	0.045334	
290	1.000072	0.000024	0.057074	-0.000024	1.000072	-0.010857	
291	1.000029	-0.000035	-0.035625	0.000035	1.000029	-0.041091	
292	1.000201	0.000016	-0.552053	-0.000016	1.000201	-0.145923	
293	1.000016	0.000068	0.301255	-0.000068	1.000016	0.038606	
294	0.999962	-0.000029	0.369963	0.000029	0.999962	-0.032363	
295	1.000011	0.000055	0.127717	-0.000055	1.000011	0.040248	
296	1.000018	0.000051	0.107558	-0.000051	1.000018	0.033775	
297	0.999980	0.000077	0.077635	-0.000077	0.999980	0.070863	
298	1.000030	0.000055	0.197231	-0.000055	1.000030	0.054013	
299	0.999927	0.000129	0.364622	-0.000129	0.999927	0.153575	
300	1.000063	0.000046	0.077245	-0.000046	1.000063	-0.013496	
301	1.000013	0.000038	-0.018439	-0.000038	1.000013	0.026899	
302	1.000052	0.000016	-0.048461	-0.000016	1.000052	-0.005247	
303	1.000008	0.000038	-0.007219	-0.000038	1.000008	0.020040	
304	1.000131	0.000142	-0.311232	-0.000142	1.000131	-0.048306	
305	0.999972	0.000200	0.084106	-0.000200	0.999972	0.148928	
306	1.000036	0.000073	0.181460	-0.000073	1.000036	0.011949	
307	0.999921	0.000129	0.259331	-0.000129	0.999921	0.114657	
308	1.000004	-0.000045	0.052304	0.000045	1.000004	-0.032522	
309	1.000084	-0.000016	-0.585301	0.000016	1.000084	-0.040746	
310	1.000175	0.000040	-0.692135	-0.000040	1.000175	-0.050117	
311	0.999973	-0.000020	-0.285126	0.000020	0.999973	0.049226	
312	1.000040	0.000084	-0.031214	-0.000084	1.000040	0.076324	
313	0.999924	0.000202	0.160630	-0.000202	0.999924	0.169563	
314	1.000087	0.000148	0.068580	-0.000148	1.000087	0.043548	
315	1.000017	0.000030	0.007793	-0.000030	1.000017	0.029464	
316	1.000056	0.000020	0.056731	-0.000020	1.000056	-0.017670	
317	1.000032	0.000008	0.055725	-0.000008	1.000032	-0.015492	
318	1.000028	-0.000005	-0.011715	0.000005	1.000028	-0.022598	
319	1.000031	0.000013	-0.017375	-0.000013	1.000031	0.010032	
320	1.000009	-0.000026	0.016894	0.000026	1.000009	-0.003351	
321	1.000011	-0.000134	-0.113149	0.000134	1.000011	-0.065479	
322	1.000109	0.000082	-0.518671	-0.000082	1.000109	0.009195	
323	0.999945	0.000128	0.127280	-0.000128	0.999945	0.141914	
324	0.999950	-0.000107	0.304550	0.000107	0.999950	-0.011722	
325	0.999833	-0.000031	0.244164	0.000031	0.999833	0.150394	
326	1.000068	-0.000058	-0.071133	0.000058	1.000068	-0.017146	
327	0.999989	0.000024	0.064853	-0.000024	0.999989	0.050593	
328	0.999991	-0.000000	0.088603	0.000000	0.999991	-0.024790	
329	0.999995	0.000036	0.051605	-0.000036	0.999995	-0.000698	
330	1.000079	0.000066	-0.070701	-0.000066	1.000079	-0.002198	
331	0.999903	0.000229	0.234246	-0.000229	0.999903	0.207849	
332	0.999946	0.000009	0.669620	-0.000009	0.999946	0.034847	
333	0.999955	-0.000055	0.489646	0.000055	0.999955	0.014083	
334	1.000066	-0.000095	-0.352059	0.000095	1.000066	-0.106436	
335	1.000104	-0.000041	-0.679701	0.000041	1.000104	-0.095668	
336	1.000108	-0.000011	-0.639897	0.000011	1.000108	-0.031903	
337	0.999935	0.000182	-0.089876	-0.000182	0.999935	0.201369	
338	1.000036	0.000046	-0.024706	-0.000046	1.000036	0.025087	
339	1.000010	0.000082	-0.029776	-0.000082	1.000010	0.076733	
340	1.000006	0.000155	0.145964	-0.000155	1.000006	0.132722	
341	0.999858	0.000033	0.641065	-0.000033	0.999858	0.093390	
342	1.000004	-0.000028	0.296203	0.000028	1.000004	-0.122987	
343	0.999981	-0.000006	-0.012279	0.000006	0.999981	-0.005577	
344	1.000010	0.000042	0.138273	-0.000042	1.000010	-0.053879	
345	0.999950	0.000040	0.174694	-0.000040	0.999950	0.003805	
346	0.999972	0.000044	0.107067	-0.000044	0.999972	0.032863	
347	0.999931	0.000015	0.242932	-0.000015	0.999931	0.018021	
348	1.000046	-0.000028	-0.123190	0.000028	1.000046	-0.109050	
349	1.000025	0.000003	-0.094184	-0.000003	1.000025	-0.077351	
350	1.000004	-0.000028	-0.035869	0.000028	1.000004	-0.058246	
351	0.999984	-0.000053	-0.295992	0.000053	0.999984	-0.036659	
352	1.000008	-0.000029	-0.308447	0.000029	1.000008	-0.024628	
353	0.999906	0.000059	0.076022	-0.000059	0.999906	0.107418	
354	0.999937	0.000062	0.142694	-0.000062	0.999937	0.077843	
355	0.999898	0.000114	0.145816	-0.000114	0.999898	0.104221	
356	0.999876	0.000113	0.175933	-0.000113	0.999876	0.133294	
357	0.999835	0.000134	0.281868	-0.000134	0.999835	0.199249	
358	0.999824	0.000151	0.292252	-0.000151	0.999824	0.212530	
359	0.999912	0.000045	-0.044412	-0.000045	0.999912	0.121004	
360	0.999952	0.000190	-0.430365	-0.000190	0.999952	0.226418	
361	0.999912	0.000214	-0.225315	-0.000214	0.999912	0.174126	
362	1.000045	0.000150	-0.374448	-0.000150	1.000045	0.090693	
363	0.999904	0.000095	0.300809	-0.000095	0.999904	0.185764	
364	0.999938	0.000002	0.344457	-0.000002	0.999938	0.093077	
365	0.999958	0.000006	0.060168	-0.000006	0.999958	0.028734	
366	1.000021	-0.000038	-0.190847	0.000038	1.000021	-0.044924	
367	1.000009	0.000017	-0.161355	-0.000017	1.000009	0.003454	
368	1.000014	-0.000026	-0.113714	0.000026	1.000014	-0.009119	
369	1.000012	0.000009	-0.024298	-0.000009	1.000012	-0.014608	
370	1.000022	0.000053	-0.066548	-0.000053	1.000022	-0.047115	
371	0.999898	0.000198	0.227041	-0.000198	0.999898	0.128828	
372	0.999945	0.000087	0.616163	-0.000087	0.999945	0.031851	
373	0.999914	0.000012	0.809162	-0.000012	0.999914	0.034683	
374	0.999974	-0.000043	0.379996	0.000043	0.999974	-0.071193	
375	1.000006	0.000010	-0.314548	-0.000010	1.000006	-0.010748	
376	1.000129	0.000093	-0.581020	-0.000093	1.000129	-0.052200	
377	1.000009	0.000085	-0.035546	-0.000085	1.000009	0.041261	
378	1.000012	0.000072	-0.032838	-0.000072	1.000012	0.035608	
379	0.999986	0.000237	-0.092535	-0.000237	0.999986	0.145724	
380	0.999944	0.000204	0.133778	-0.000204	0.999944	0.107034	
381	0.999849	0.000094	0.706295	-0.000094	0.999849	0.103624	
382	0.999883	0.000049	0.325368	-0.000049	0.999883	0.044138	
383	0.999935	0.000119	-0.013385	-0.000119	0.999935	0.108646	
384	0.999948	0.000118	-0.085844	-0.000118	0.999948	0.118398	
385	0.999803	0.000070	0.059383	-0.000070	0.999803	0.142369	
386	0.999965	0.000045	0.020276	-0.000045	0.999965	0.050834	
387	0.999935	0.000109	-0.096520	-0.000109	0.999935	0.139844	
388	0.999981	0.000071	-0.112230	-0.000071	0.999981	0.077245	
389	0.999977	0.000021	-0.008781	-0.000021	0.999977	0.068598	
390	0.999976	0.000081	-0.010552	-0.000081	0.999976	0.112978	
391	0.999792	0.000210	0.305500	-0.000210	0.999792	0.224544	
392	0.999927	0.000060	0.195334	-0.000060	0.999927	0.058027	
393	0.999908	0.000036	0.211882	-0.000036	0.999908	0.037407	
394	0.999952	0.000006	0.127585	-0.000006	0.999952	0.011386	
395	0.999940	0.000002	0.171037	-0.000002	0.999940	-0.047355	
396	0.999935	0.000022	0.117991	-0.000022	0.999935	0.010959	
397	1.000000	0.000024	-0.037309	-0.000024	1.000000	0.014997	
398	0.999971	0.000061	-0.155893	-0.000061	0.999971	0.071679	
399	0.999946	0.000065	-0.156425	-0.000065	0.999946	0.072672	
400	0.999936	0.000045	0.017391	-0.000045	0.999936	0.055019	
401	0.999933	0.000016	0.171449	-0.000016	0.999933	0.110858	
402	0.999909	-0.000156	0.296879	0.000156	0.999909	0.027069	
403	0.999886	-0.000110	0.290489	0.000110	0.999886	0.006853	
404	0.999935	-0.000030	0.129767	0.000030	0.999935	0.027277	
405	1.000070	-0.000039	-0.098070	0.000039	1.000070	-0.034175	
406	1.000036	0.000068	-0.025603	-0.000068	1.000036	0.056979	
407	0.999897	0.000021	0.535716	-0.000021	0.999897	0.072163	
408	0.999961	0.000079	0.467522	-0.000079	0.999961	0.079084	
409	0.999970	0.000087	0.481124	-0.000087	0.999970	0.062314	
410	0.999881	0.000093	0.202080	-0.000093	0.999881	0.105474	
411	0.999925	0.000108	0.160382	-0.000108	0.999925	0.105803	
412	0.999902	0.000059	0.260080	-0.000059	0.999902	0.069701	
413	1.000096	-0.000030	-0.263887	0.000030	1.000096	-0.058702	
414	0.999950	0.000040	0.077462	-0.000040	0.999950	0.033447	
415	0.999882	0.000048	0.234185	-0.000048	0.999882	0.077044	
416	0.999935	0.000026	0.128060	-0.000026	0.999935	0.041360	
417	0.999986	0.000084	-0.083496	-0.000084	0.999986	0.086877	
418	0.999973	0.000087	-0.054554	-0.000087	0.999973	0.082567	
419	0.999877	0.000154	0.033841	-0.000154	0.999877	0.184686	
420	0.999980	0.000107	-0.125931	-0.000107	0.999980	0.132178	
421	0.999960	0.000150	0.018398	-0.000150	0.999960	0.128304	
422	1.000003	0.000066	-0.013116	-0.000066	1.000003	0.055004	
423	1.000036	0.000025	-0.020062	-0.000025	1.000036	0.025884	
424	0.999928	0.000019	0.108408	-0.000019	0.999928	0.051204	
425	1.000003	-0.000034	-0.003365	0.000034	1.000003	-0.025659	
426	1.000073	-0.000019	-0.221441	0.000019	1.000073	-0.040782	
427	1.000090	0.000067	-0.584974	-0.000067	1.000090	0.045612	
428	1.000124	0.000007	-0.414075	-0.000007	1.000124	-0.006721	
429	0.999956	0.000166	0.258755	-0.000166	0.999956	0.190395	
430	0.999822	0.000203	0.477274	-0.000203	0.999822	0.241330	
431	0.999944	0.000191	0.104544	-0.000191	0.999944	0.152917	
432	0.999965	0.000238	0.095960	-0.000238	0.999965	0.188863	
433	0.999893	0.000079	0.437020	-0.000079	0.999893	0.129359	
434	1.000026	-0.000045	-0.023566	0.000045	1.000026	-0.024874	
435	1.000076	0.000156	-0.357864	-0.000156	1.000076	0.116825	
436	1.000058	0.000140	-0.328295	-0.000140	1.000058	0.101133	
437	0.999903	0.000264	0.199823	-0.000264	0.999903	0.245936	
438	0.999927	0.000105	0.541109	-0.000105	0.999927	0.101453	
439	0.999955	0.000056	0.311984	-0.000056	0.999955	0.059404	
440	1.000087	-0.000067	-0.191129	0.000067	1.000087	-0.075606	
441	1.000159	0.000032	-0.236863	-0.000032	1.000159	-0.012332	
442	1.000088	-0.000054	-0.174607	0.000054	1.000088	-0.059350	
443	1.000010	-0.000045	-0.050194	0.000045	1.000010	-0.035552	
444	1.000035	0.000035	-0.075854	-0.000035	1.000035	0.016733	
445	1.000039	-0.000085	0.156925	0.000085	1.000039	-0.123123	
446	0.999993	0.000035	0.203366	-0.000035	0.999993	-0.018673	
447	0.999998	0.000015	0.248926	-0.000015	0.999998	-0.010833	
448	1.000097	-0.000019	0.026707	0.000019	1.000097	-0.031712	
449	1.000129	0.000035	-0.159179	-0.000035	1.000129	-0.036283	
450	1.000008	0.000154	0.040866	-0.000154	1.000008	0.106210	
451	1.000072	0.000044	0.111999	-0.000044	1.000072	0.024316	
452	0.999919	0.000102	0.372933	-0.000102	0.999919	0.073949	
453	0.999995	0.000202	0.374375	-0.000202	0.999995	0.094502	
454	1.000139	0.000093	0.216845	-0.000093	1.000139	0.022154	
455	1.000035	0.000035	0.521064	-0.000035	1.000035	0.002487	
456	1.000111	-0.000084	0.277352	0.000084	1.000111	-0.103337	
457	1.000040	-0.000040	-0.007674	0.000040	1.000040	-0.076079	
458	1.000083	-0.000064	-0.221463	0.000064	1.000083	-0.108051	
459	1.000063	-0.000091	-0.278796	0.000091	1.000063	-0.188354	
460	1.000066	0.000040	-0.242966	-0.000040	1.000066	-0.029698	
461	1.000031	0.000007	-0.173241	-0.000007	1.000031	0.018948	
462	1.000032	0.000034	-0.152566	-0.000034	1.000032	0.033337	
463	1.000047	0.000088	-0.199649	-0.000088	1.000047	0.070240	
464	1.000084	0.000117	-0.211290	-0.000117	1.000084	0.084404	
465	1.000029	0.000057	-0.031094	-0.000057	1.000029	0.069938	
466	1.000125	-0.000075	-0.224911	0.000075	1.000125	-0.055709	
467	1.000032	0.000062	-0.326080	-0.000062	1.000032	0.072130	
468	1.000125	0.000008	-0.363207	-0.000008	1.000125	0.010009	
469	1.000056	0.000142	0.204187	-0.000142	1.000056	0.109631	
470	1.000018	0.000050	0.030207	-0.000050	1.000018	0.043654	
471	1.000026	0.000050	-0.175065	-0.000050	1.000026	0.011949	
472	1.000153	0.000046	-0.426093	-0.000046	1.000153	-0.043395	
473	1.000122	0.000081	-0.067485	-0.000081	1.000122	0.037455	
474	0.999961	0.000056	0.390105	-0.000056	0.999961	0.085017	
475	1.000091	-0.000008	-0.231567	0.000008	1.000091	-0.038837	
476	1.000128	0.000023	-0.380398	-0.000023	1.000128	-0.009227	
477	1.000090	0.000102	-0.232865	-0.000102	1.000090	0.149919	
478	0.999903	0.000126	0.375447	-0.000126	0.999903	0.183075	
479	1.000010	0.000052	0.200047	-0.000052	1.000010	0.109931	
480	1.000010	0.000063	0.213762	-0.000063	1.000010	0.096294	
481	1.000020	0.000020	0.339988	-0.000020	1.000020	0.050204	
482	1.000039	0.000035	0.285503	-0.000035	1.000039	0.049953	
483	0.999956	-0.000023	0.427566	0.000023	0.999956	0.005965	
484	1.000052	-0.000034	0.027156	0.000034	1.000052	-0.048488	
485	1.000034	0.000013	0.197581	-0.000013	1.000034	-0.050291	
486	1.000001	-0.000106	0.425209	0.000106	1.000001	-0.070785	
487	1.000006	-0.000049	0.130061	0.000049	1.000006	0.019577	
488	1.000000	0.000048	0.020592	-0.000048	1.000000	0.048743	
489	0.999979	0.000111	0.176138	-0.000111	0.999979	0.075524	
490	1.000085	0.000070	0.031937	-0.000070	1.000085	0.032672	
491	1.000020	0.000045	0.178243	-0.000045	1.000020	0.037315	
492	1.000001	0.000014	0.219354	-0.000014	1.000001	0.022682	
493	1.000130	-0.000010	-0.277268	0.000010	1.000130	-0.008327	
494	1.000025	0.000009	-0.122143	-0.000009	1.000025	0.070490	
495	1.000018	0.000065	-0.023192	-0.000065	1.000018	0.061829	
496	1.000022	0.000047	-0.036169	-0.000047	1.000022	0.054402	
497	1.000000	0.000056	-0.018736	-0.000056	1.000000	0.048416	
498	1.000055	0.000080	-0.269739	-0.000080	1.000055	0.072636	
499	0.999974	0.000092	0.205945	-0.000092	0.999974	0.075408	
500	1.000001	-0.000049	0.108955	0.000049	1.000001	-0.046183	
501	1.000033	0.000090	-0.134278	-0.000090	1.000033	0.094545	
502	1.000045	0.000012	-0.227121	-0.000012	1.000045	-0.007084	
503	1.000062	0.000049	-0.355685	-0.000049	1.000062	0.032620	
504	0.999999	0.000066	-0.000599	-0.000066	0.999999	0.057588	
505	1.000030	0.000009	-0.069495	-0.000009	1.000030	0.012885	
506	1.000124	0.000081	-0.285537	-0.000081	1.000124	0.055359	
507	1.000094	0.000070	-0.157195	-0.000070	1.000094	0.058311	
508	1.000121	0.000045	-0.164450	-0.000045	1.000121	0.024949	
509	0.999925	0.000023	0.142366	-0.000023	0.999925	0.068820	
510	1.000047	-0.000094	-0.103490	0.000094	1.000047	-0.055225	
511	1.000181	0.000165	-0.752245	-0.000165	1.000181	0.041152	
512	1.000070	0.000182	-0.136809	-0.000182	1.000070	0.091798	
513	1.000036	0.000081	-0.009304	-0.000081	1.000036	0.054997	
514	1.000008	0.000213	0.087857	-0.000213	1.000008	0.163399	
515	0.999921	0.000027	0.307428	-0.000027	0.999921	0.035075	
516	1.000040	-0.000005	0.047196	0.000005	1.000040	0.023976	
517	0.999972	0.000073	0.082845	-0.000073	0.999972	0.074517	
518	0.999983	0.000054	0.052679	-0.000054	0.999983	0.052359	
519	0.999976	0.000056	0.066167	-0.000056	0.999976	0.045607	
520	0.999989	-0.000000	0.041839	0.000000	0.999989	-0.010490	
521	1.000085	-0.000028	-0.111472	0.000028	1.000085	-0.054548	
522	0.999988	0.000071	0.294137	-0.000071	0.999988	-0.045915	
523	1.000061	0.000079	0.271720	-0.000079	1.000061	-0.025785	
524	1.000008	0.000079	0.232942	-0.000079	1.000008	0.014716	
525	1.000041	0.000047	-0.005559	-0.000047	1.000041	0.030165	
526	1.000091	0.000056	-0.066401	-0.000056	1.000091	0.028340	
527	0.999995	0.000246	0.115421	-0.000246	0.999995	0.224524	
528	1.000132	-0.000049	-0.147750	0.000049	1.000132	-0.065290	
529	1.000066	0.000127	-0.458447	-0.000127	1.000066	0.059074	
530	1.000160	0.000001	-0.458978	-0.000001	1.000160	-0.049440	
531	1.000084	0.000138	-0.101681	-0.000138	1.000084	0.087461	
532	0.999983	0.000164	0.170769	-0.000164	0.999983	0.129272	
533	1.000077	0.000085	0.299356	-0.000085	1.000077	0.035232	
534	1.000087	0.000093	0.279734	-0.000093	1.000087	0.031750	
535	1.000061	0.000047	-0.034823	-0.000047	1.000061	0.011492	
536	1.000013	0.000033	-0.010183	-0.000033	1.000013	0.019000	
537	1.000006	0.000044	-0.007635	-0.000044	1.000006	0.003399	
538	1.000087	-0.000002	-0.186183	0.000002	1.000087	-0.072159	
539	1.000096	0.000047	-0.580305	-0.000047	1.000096	-0.064098	
540	1.000093	0.000145	-0.268824	-0.000145	1.000093	0.071255	
541	1.000050	0.000064	-0.099899	-0.000064	1.000050	0.107855	
542	1.000034	0.000055	-0.045985	-0.000055	1.000034	0.073523	
543	0.999948	0.000068	0.324011	-0.000068	0.999948	0.106182	
544	1.000072	0.000005	0.230340	-0.000005	1.000072	-0.077578	
545	1.000028	0.000047	0.012558	-0.000047	1.000028	0.000128	
546	1.000074	0.000040	-0.062185	-0.000040	1.000074	-0.028626	
547	1.000056	0.000010	0.020362	-0.000010	1.000056	-0.024696	
548	1.000006	0.000019	0.009759	-0.000019	1.000006	0.004688	
549	1.000009	0.000030	0.016436	-0.000030	1.000009	0.011509	
550	0.999994	0.000028	0.211154	-0.000028	0.999994	0.027140	
551	1.000006	0.000022	0.201317	-0.000022	1.000006	0.026801	
552	1.000010	0.000033	0.249579	-0.000033	1.000010	0.062619	
553	0.999936	-0.000097	0.045420	0.000097	0.999936	0.067593	
554	1.000104	-0.000142	-0.252923	0.000142	1.000104	-0.094671	
555	1.000063	0.000009	-0.050684	-0.000009	1.000063	0.003042	
556	1.000019	0.000002	-0.014846	-0.000002	1.000019	0.006206	
557	1.000048	0.000002	-0.031645	-0.000002	1.000048	-0.003519	
558	1.000041	-0.000031	-0.035489	0.000031	1.000041	-0.028659	
559	1.000105	0.000027	-0.203120	-0.000027	1.000105	-0.011989	
560	0.999884	0.000206	0.337238	-0.000206	0.999884	0.211575	
561	0.999894	0.000017	0.386908	-0.000017	0.999894	0.062333	
562	0.999983	0.000089	0.249027	-0.000089	0.999983	0.057332	
563	1.000007	0.000006	0.197299	-0.000006	1.000007	-0.007426	
564	1.000063	-0.000027	-0.043107	0.000027	1.000063	-0.033774	
565	1.000047	-0.000072	-0.133893	0.000072	1.000047	-0.031039	
566	1.000034	-0.000092	-0.146202	0.000092	1.000034	-0.038401	
567	1.000058	0.000096	-0.158011	-0.000096	1.000058	0.187531	
568	1.000046	0.000031	0.013316	-0.000031	1.000046	0.055371	
569	1.000035	-0.000029	-0.329831	0.000029	1.000035	-0.021811	
570	1.000154	0.000026	-0.602233	-0.000026	1.000154	-0.068787	
571	1.000044	0.000053	-0.067814	-0.000053	1.000044	0.017787	
572	1.000104	0.000032	0.022167	-0.000032	1.000104	0.010218	
573	0.999993	0.000145	0.135491	-0.000145	0.999993	0.138103	
574	1.000028	0.000090	0.261465	-0.000090	1.000028	0.080040	
575	0.999962	0.000046	0.077648	-0.000046	0.999962	0.051393	
576	1.000118	-0.000076	-0.235977	0.000076	1.000118	-0.089594	
577	1.000053	-0.000019	-0.529448	0.000019	1.000053	-0.029387	
578	1.000070	0.000132	-0.259802	-0.000132	1.000070	0.078276	
579	0.999981	0.000020	-0.021370	-0.000020	0.999981	0.028832	
580	1.000010	-0.000067	-0.103829	0.000067	1.000010	-0.037597	
581	0.999987	-0.000043	-0.030304	0.000043	0.999987	-0.017710	
582	1.000075	0.000059	-0.378740	-0.000059	1.000075	0.040069	
583	0.999976	0.000049	-0.007803	-0.000049	0.999976	0.041763	
584	1.000012	0.000058	0.026420	-0.000058	1.000012	0.039577	
585	0.999916	0.000046	0.350285	-0.000046	0.999916	0.068519	
586	0.999976	-0.000085	0.312429	0.000085	0.999976	-0.029475	
587	0.999995	-0.000022	0.009631	0.000022	0.999995	-0.014055	
588	1.000078	-0.000071	-0.297507	0.000071	1.000078	-0.097740	
589	1.000003	0.000015	-0.336751	-0.000015	1.000003	0.006922	
590	1.000072	0.000008	-0.124845	-0.000008	1.000072	-0.018781	
591	1.000023	-0.000041	-0.039541	0.000041	1.000023	-0.026675	
592	1.000026	-0.000035	-0.065078	0.000035	1.000026	-0.038052	
593	1.000023	0.000007	-0.016091	-0.000007	1.000023	-0.004475	
594	1.000021	-0.000004	-0.004571	0.000004	1.000021	-0.012967	
595	1.000002	0.000007	0.024180	-0.000007	1.000002	0.004041	
596	1.000003	0.000023	0.022071	-0.000023	1.000003	0.022120	
597	0.999982	0.000014	0.042573	-0.000014	0.999982	0.025239	
598	1.000058	-0.000055	-0.067844	0.000055	1.000058	-0.058479	
599	1.000004	0.000020	-0.016330	-0.000020	1.000004	0.067511	
