0	1.000000	0.000000	0.000000	0.000000	1.000000	0.000000	
1	1.000000	0.000000	0.000000	-0.000000	1.000000	0.000000	
2	0.999618	-0.000086	0.216025	0.000086	0.999618	-0.179979	
3	0.999712	-0.000044	0.068101	0.000044	0.999712	-0.211100	
4	0.999865	-0.000019	-0.007671	0.000019	0.999865	-0.264674	
5	0.999923	0.000016	-0.075705	-0.000016	0.999923	-0.221578	
6	1.000032	0.000126	-0.196965	-0.000126	1.000032	-0.304228	
7	0.999947	-0.000055	-0.138120	0.000055	0.999947	-0.191220	
8	0.999921	-0.000085	-0.132114	0.000085	0.999921	-0.179745	
9	0.999885	-0.000076	-0.202411	0.000076	0.999885	-0.162123	
10	0.999876	-0.000120	-0.244237	0.000120	0.999876	-0.191369	
11	0.999832	-0.000148	-0.705649	0.000148	0.999832	-0.223321	
12	0.999720	-0.000202	-0.594319	0.000202	0.999720	-0.093105	
13	0.999714	-0.000195	-0.644389	0.000195	0.999714	-0.056421	
14	0.999702	-0.000259	-0.794813	0.000259	0.999702	0.008760	
15	0.999665	-0.000299	-0.872646	0.000299	0.999665	0.054646	
16	0.999051	-0.000374	-2.000819	0.000374	0.999051	0.142291	
17	0.999444	-0.000277	-1.284724	0.000277	0.999444	0.015361	
18	0.999339	-0.000362	-1.328837	0.000362	0.999339	-0.016875	
19	0.999222	-0.000429	-1.496132	0.000429	0.999222	0.040302	
20	0.999105	-0.000491	-1.711642	0.000491	0.999105	0.084946	
21	0.995745	-0.001244	-2.545783	0.001244	0.995745	0.078947	
22	0.998557	-0.000510	-2.610624	0.000510	0.998557	-0.070929	
23	0.998402	-0.000569	-3.018186	0.000569	0.998402	-0.117312	
24	0.998119	-0.000592	-3.060024	0.000592	0.998119	-0.093964	
25	0.997998	-0.000674	-3.255765	0.000674	0.997998	-0.107029	
26	0.999923	0.000179	-11.568352	-0.000179	0.999923	-0.046084	
27	0.999160	-0.000283	-5.623493	0.000283	0.999160	-0.208609	
28	0.996042	-0.000930	-2.626902	0.000930	0.996042	-0.193775	
29	0.995571	-0.000986	-2.398648	0.000986	0.995571	-0.198333	
30	0.999584	-0.000199	-6.689145	0.000199	0.999584	-0.312121	
31	0.998946	-0.000437	-14.192003	0.000437	0.998946	-0.687173	
32	0.999148	-0.000070	-7.114912	0.000070	0.999148	-0.357640	
33	0.999242	-0.000004	-7.512897	0.000004	0.999242	-0.406892	
34	0.999218	0.000054	-7.686292	-0.000054	0.999218	-0.315636	
35	0.999330	0.000055	-7.979244	-0.000055	0.999330	-0.300178	
36	0.997964	0.000069	-16.101722	-0.000069	0.997964	-0.644278	
37	0.998890	0.000066	-8.186603	-0.000066	0.998890	-0.349902	
38	0.998801	0.000044	-8.224577	-0.000044	0.998801	-0.415266	
39	0.998880	0.000046	-8.340812	-0.000046	0.998880	-0.587700	
40	0.998857	0.000173	-8.179303	-0.000173	0.998857	-0.583105	
41	0.996979	-0.000107	-15.736012	0.000107	0.996979	-1.371308	
42	0.998610	0.000129	-7.626395	-0.000129	0.998610	-0.418750	
43	0.998752	0.000237	-7.317324	-0.000237	0.998752	-0.289114	
44	0.997509	-0.000112	-6.068787	0.000112	0.997509	-0.199554	
45	0.996486	-0.000298	-4.253023	0.000298	0.996486	-0.086590	
46	0.997183	0.000381	-12.524214	-0.000381	0.997183	-0.395992	
47	0.997142	-0.000182	-4.035392	0.000182	0.997142	-0.185596	
48	0.997696	-0.000099	-4.656939	0.000099	0.997696	-0.247308	
49	0.999008	0.000115	-5.647597	-0.000115	0.999008	-0.334811	
50	0.997363	-0.000376	-3.575516	0.000376	0.997363	-0.361944	
51	0.996522	-0.000157	-9.960273	0.000157	0.996522	-0.661369	
52	0.997335	-0.000275	-3.147343	0.000275	0.997335	-0.173796	
53	0.997249	-0.000145	-3.141913	0.000145	0.997249	-0.141444	
54	0.997328	-0.000014	-3.072703	0.000014	0.997328	-0.128610	
55	0.997093	0.000121	-2.972669	-0.000121	0.997093	-0.012856	
56	0.996606	0.000334	-8.577251	-0.000334	0.996606	-0.251232	
57	0.997240	-0.000126	-2.706334	0.000126	0.997240	-0.035150	
58	0.997236	-0.000114	-2.741997	0.000114	0.997236	0.032770	
59	0.997379	-0.000201	-2.740171	0.000201	0.997379	-0.019550	
60	0.997663	-0.000239	-2.863343	0.000239	0.997663	-0.070361	
61	0.996585	0.000558	-8.284595	-0.000558	0.996585	0.204857	
62	0.997314	-0.000099	-2.684263	0.000099	0.997314	0.162044	
63	0.997454	-0.000378	-2.788879	0.000378	0.997454	-0.001273	
64	0.997260	-0.000385	-2.659170	0.000385	0.997260	-0.023322	
65	0.997018	-0.000387	-2.531852	0.000387	0.997018	-0.055303	
66	0.996685	0.000057	-8.047634	-0.000057	0.996685	-0.209391	
67	0.997199	-0.000114	-2.622555	0.000114	0.997199	-0.024866	
68	0.997194	-0.000065	-2.625633	0.000065	0.997194	0.042490	
69	0.997296	-0.000004	-2.654343	0.000004	0.997296	0.066773	
70	0.997336	-0.000047	-2.678795	0.000047	0.997336	0.008927	
71	0.996639	-0.000150	-8.052356	0.000150	0.996639	-0.487676	
72	0.997061	-0.000407	-2.568020	0.000407	0.997061	-0.240577	
73	0.997176	-0.000459	-2.720649	0.000459	0.997176	-0.302826	
74	0.997169	-0.000269	-2.582621	0.000269	0.997169	-0.246751	
75	0.997063	-0.000143	-2.418855	0.000143	0.997063	-0.212734	
76	0.995912	0.000457	-7.257094	-0.000457	0.995912	-1.046950	
77	0.997458	0.000022	-2.510021	-0.000022	0.997458	-0.298262	
78	0.997229	0.000007	-2.381722	-0.000007	0.997229	-0.209971	
79	0.997179	0.000072	-2.318345	-0.000072	0.997179	-0.179018	
80	0.997045	0.000062	-2.226947	-0.000062	0.997045	-0.222056	
81	0.994089	0.000384	-5.048121	-0.000384	0.994089	-0.753355	
82	0.996865	-0.000055	-2.020789	0.000055	0.996865	-0.422652	
83	0.996799	-0.000032	-1.947309	0.000032	0.996799	-0.355008	
84	0.996667	-0.000049	-1.838249	0.000049	0.996667	-0.384894	
85	0.996914	-0.000024	-1.938679	0.000024	0.996914	-0.465143	
86	0.993921	0.000140	-4.602567	-0.000140	0.993921	-1.049785	
87	0.997178	-0.000106	-2.162099	0.000106	0.997178	-0.409690	
88	0.996536	-0.000150	-1.736884	0.000150	0.996536	-0.506776	
89	0.997251	-0.000129	-2.166687	0.000129	0.997251	-0.475030	
90	0.996937	-0.000127	-1.924677	0.000127	0.996937	-0.629873	
91	0.995441	0.000118	-5.625009	-0.000118	0.995441	-1.996095	
92	0.996946	0.000007	-1.696152	-0.000007	0.996946	-0.608240	
93	0.997110	-0.000035	-1.703590	0.000035	0.997110	-0.603059	
94	0.997004	0.000234	-1.522956	-0.000234	0.997004	-0.507939	
95	0.997218	0.000127	-1.478905	-0.000127	0.997218	-0.616880	
96	0.993736	0.000767	-2.577274	-0.000767	0.993736	-1.373234	
97	0.996862	0.000315	-0.986920	-0.000315	0.996862	-0.643451	
98	0.997133	0.000136	-1.207412	-0.000136	0.997133	-0.728188	
99	0.997256	0.000042	-1.181271	-0.000042	0.997256	-0.732256	
100	0.997300	-0.000086	-1.243046	0.000086	0.997300	-0.762500	
101	0.994153	0.000716	-2.063619	-0.000716	0.994153	-1.065600	
102	0.997601	0.000177	-1.298080	-0.000177	0.997601	-0.508982	
103	0.996950	0.000290	-0.903652	-0.000290	0.996950	-0.418089	
104	0.997182	0.000311	-1.038905	-0.000311	0.997182	-0.400415	
105	0.997527	0.000170	-1.303699	-0.000170	0.997527	-0.474550	
106	0.997537	-0.000056	-1.293464	0.000056	0.997537	-0.547184	
107	0.993953	0.000255	-1.641618	-0.000255	0.993953	-0.738110	
108	0.997650	-0.000667	-1.026288	0.000667	0.997650	-0.747172	
109	0.997473	-0.000331	-0.853632	0.000331	0.997473	-0.504955	
110	0.997456	-0.000159	-0.867623	0.000159	0.997456	-0.542850	
111	0.997552	0.000050	-0.770412	-0.000050	0.997552	-0.472948	
112	0.994801	0.000302	-0.574193	-0.000302	0.994801	-0.685286	
113	0.998161	-0.000039	-0.524785	0.000039	0.998161	-0.289635	
114	0.998200	-0.000054	-0.214505	0.000054	0.998200	-0.238572	
115	0.998254	0.000052	0.191006	-0.000052	0.998254	-0.169074	
116	0.998447	-0.000046	0.270680	0.000046	0.998447	-0.334751	
117	0.996413	0.000464	1.570252	-0.000464	0.996413	-0.578642	
118	0.999051	0.000028	0.341672	-0.000028	0.999051	-0.360998	
119	0.999092	0.000165	0.390445	-0.000165	0.999092	-0.237542	
120	0.999022	0.000110	0.590288	-0.000110	0.999022	-0.181488	
121	0.999187	0.000187	0.561576	-0.000187	0.999187	-0.201331	
122	0.997773	0.000238	2.128148	-0.000238	0.997773	-0.713460	
123	0.998853	-0.000050	1.271786	0.000050	0.998853	-0.622352	
124	0.998970	0.000053	1.321252	-0.000053	0.998970	-0.691379	
125	0.999284	0.000251	1.313555	-0.000251	0.999284	-0.688482	
126	0.999211	0.000291	1.529936	-0.000291	0.999211	-0.714070	
127	0.996666	0.000282	5.541607	-0.000282	0.996666	-1.656457	
128	0.999887	0.000596	1.824420	-0.000596	0.999887	-0.480315	
129	1.000009	0.000559	1.992201	-0.000559	1.000009	-0.481191	
130	1.000339	0.000529	1.962099	-0.000529	1.000339	-0.556529	
131	1.000222	0.000468	2.190372	-0.000468	1.000222	-0.595058	
132	1.003112	0.001836	2.662242	-0.001836	1.003112	-0.912537	
133	1.000816	0.000653	2.357826	-0.000653	1.000816	-0.515606	
134	1.001189	0.000925	2.287256	-0.000925	1.001189	-0.396478	
135	1.000985	0.001167	2.645112	-0.001167	1.000985	-0.340990	
136	0.999692	0.000925	4.113948	-0.000925	0.999692	-0.479940	
137	0.998057	0.000124	11.001645	-0.000124	0.998057	-2.432223	
138	0.998636	0.000203	6.046283	-0.000203	0.998636	-1.075939	
139	0.998338	0.000402	6.485621	-0.000402	0.998338	-0.858483	
140	1.005395	0.001273	-0.116902	-0.001273	1.005395	-0.430072	
141	0.998772	0.000698	6.936771	-0.000698	0.998772	-0.595461	
142	0.997080	0.000559	15.159839	-0.000559	0.997080	-1.988606	
143	0.998803	0.000778	7.541995	-0.000778	0.998803	-0.522951	
144	0.999664	0.000742	6.640454	-0.000742	0.999664	-0.760631	
145	1.006173	0.001497	0.165257	-0.001497	1.006173	-0.469495	
146	0.998467	0.000388	8.139021	-0.000388	0.998467	-1.190866	
147	0.996703	0.000172	16.829229	-0.000172	0.996703	-2.457120	
148	1.004778	0.001071	1.814032	-0.001071	1.004778	-0.453679	
149	1.006039	0.000957	0.658527	-0.000957	1.006039	-0.468579	
150	1.005048	0.001389	1.568313	-0.001389	1.005048	-0.105381	
151	0.998473	0.000858	8.212170	-0.000858	0.998473	-0.114901	
152	0.996102	0.001415	16.795140	-0.001415	0.996102	-0.447821	
153	1.000795	0.000833	5.171226	-0.000833	1.000795	-0.432231	
154	0.998066	0.000357	7.963367	-0.000357	0.998066	-0.652426	
155	0.998141	0.000363	7.679411	-0.000363	0.998141	-0.557437	
156	0.998344	0.000677	7.277899	-0.000677	0.998344	-0.227036	
157	0.997028	0.000438	13.809803	-0.000438	0.997028	-0.656744	
158	0.999942	0.000725	4.932174	-0.000725	0.999942	0.132588	
159	1.000434	0.000706	4.382793	-0.000706	1.000434	0.185634	
160	1.001286	0.000729	3.518502	-0.000729	1.001286	0.155138	
161	1.001381	0.000604	3.331239	-0.000604	1.001381	0.165082	
162	0.999537	0.000797	10.288983	-0.000797	0.999537	0.276096	
163	1.001957	0.000649	2.890196	-0.000649	1.001957	0.124082	
164	1.002249	0.000650	2.643373	-0.000650	1.002249	0.173680	
165	1.003102	0.000397	1.940670	-0.000397	1.003102	-0.065773	
166	1.001289	0.000732	3.693321	-0.000732	1.001289	0.385888	
167	1.010903	0.000992	-0.331036	-0.000992	1.010903	-0.115402	
168	1.003362	0.000411	1.753616	-0.000411	1.003362	-0.060597	
169	1.002737	0.000792	2.402244	-0.000792	1.002737	0.143943	
170	1.002663	0.000357	2.236000	-0.000357	1.002663	-0.110954	
171	1.002994	0.000836	2.259777	-0.000836	1.002994	0.204384	
172	1.001262	0.000511	9.154324	-0.000511	1.001262	-0.109719	
173	1.003061	0.000635	2.308082	-0.000635	1.003061	-0.060197	
174	1.002880	0.000412	2.347080	-0.000412	1.002880	-0.129563	
175	1.002672	0.000244	2.375305	-0.000244	1.002672	-0.264312	
176	1.002819	0.000441	2.504100	-0.000441	1.002819	-0.038102	
177	1.012138	0.000436	-0.807873	-0.000436	1.012138	-0.368588	
178	1.002401	0.000651	2.874710	-0.000651	1.002401	0.150059	
179	1.002259	0.000674	2.967223	-0.000674	1.002259	0.157224	
180	1.002397	0.000612	2.868420	-0.000612	1.002397	0.098294	
181	1.002551	0.000328	2.718454	-0.000328	1.002551	-0.029282	
182	1.011275	0.000054	0.461806	-0.000054	1.011275	-0.449814	
183	1.002903	0.000156	2.279840	-0.000156	1.002903	-0.066334	
184	1.002187	0.000381	2.685685	-0.000381	1.002187	0.062176	
185	1.002391	0.000150	2.428053	-0.000150	1.002391	-0.026130	
186	1.002284	0.000111	2.366872	-0.000111	1.002284	-0.033614	
187	1.008900	0.000127	0.236239	-0.000127	1.008900	-0.107487	
188	1.001691	-0.000054	2.136544	0.000054	1.001691	0.046123	
189	1.001698	0.000278	1.946368	-0.000278	1.001698	0.313999	
190	1.001727	0.000085	1.657840	-0.000085	1.001727	0.278628	
191	1.001730	0.000178	1.499704	-0.000178	1.001730	0.365272	
192	1.002780	0.000388	2.494553	-0.000388	1.002780	0.564228	
193	1.001097	0.000023	1.202411	-0.000023	1.001097	0.311199	
194	1.000495	-0.000035	1.047327	0.000035	1.000495	0.397707	
195	1.000365	0.000123	0.924064	-0.000123	1.000365	0.357990	
196	1.000088	0.000119	0.883002	-0.000119	1.000088	0.452709	
197	1.000371	-0.000037	1.094546	0.000037	1.000371	1.013395	
198	1.000117	0.000169	0.511212	-0.000169	1.000117	0.807109	
199	1.000205	0.000045	0.414966	-0.000045	1.000205	0.887403	
200	1.000384	0.000037	0.357042	-0.000037	1.000384	0.942679	
201	1.000421	-0.000100	0.392828	0.000100	1.000421	0.955539	
202	1.000727	-0.000759	0.685605	0.000759	1.000727	1.563380	
203	1.000318	-0.000336	0.612370	0.000336	1.000318	0.833908	
204	1.000351	-0.000454	0.595331	0.000454	1.000351	0.738061	
205	1.000287	-0.000511	0.710764	0.000511	1.000287	0.716618	
206	1.000446	-0.000672	0.624498	0.000672	1.000446	0.648081	
207	1.001672	-0.003053	0.665294	0.003053	1.001672	-0.147313	
208	1.000428	-0.000502	0.796759	0.000502	1.000428	0.628018	
209	1.000396	-0.000544	0.846809	0.000544	1.000396	0.604150	
210	1.000269	-0.000549	1.049314	0.000549	1.000269	0.683019	
211	1.000468	-0.000666	0.848015	0.000666	1.000468	0.686538	
212	1.000980	-0.001288	1.781555	0.001288	1.000980	1.360211	
213	1.000596	-0.000739	0.827020	0.000739	1.000596	0.600475	
214	1.000439	-0.000733	0.856742	0.000733	1.000439	0.643517	
215	1.000408	-0.000760	0.866733	0.000760	1.000408	0.573248	
216	1.000344	-0.000687	0.915620	0.000687	1.000344	0.664909	
217	1.000937	-0.001542	1.404638	0.001542	1.000937	1.385625	
218	1.000059	-0.000752	0.885617	0.000752	1.000059	0.927423	
219	1.000004	-0.000770	0.860531	0.000770	1.000004	1.002096	
220	1.000171	-0.000717	0.677178	0.000717	1.000171	1.009354	
221	1.000024	-0.001099	0.674621	0.001099	1.000024	0.889582	
222	1.000042	-0.001735	1.097037	0.001735	1.000042	1.931084	
223	1.000126	-0.001286	0.401792	0.001286	1.000126	0.721760	
224	1.000015	-0.001111	0.369324	0.001111	1.000015	0.789075	
225	1.000109	-0.000870	0.357288	0.000870	1.000109	0.992608	
226	0.999784	-0.001063	0.504928	0.001063	0.999784	0.964515	
227	0.999851	-0.001512	0.679624	0.001512	0.999851	2.058709	
228	0.999836	-0.000878	0.305450	0.000878	0.999836	0.868668	
229	0.999907	-0.000616	0.275505	0.000616	0.999907	0.965768	
230	0.999928	-0.000652	0.245319	0.000652	0.999928	0.922075	
231	0.999956	-0.000956	0.110531	0.000956	0.999956	0.856919	
232	0.999702	-0.001951	0.212338	0.001951	0.999702	1.691817	
233	0.999824	-0.001004	0.046267	0.001004	0.999824	0.791923	
234	0.999667	-0.000999	0.122294	0.000999	0.999667	0.725823	
235	0.999698	-0.001015	0.059719	0.001015	0.999698	0.672976	
236	0.999827	-0.000896	0.019179	0.000896	0.999827	0.757141	
237	1.000308	-0.001512	-0.293884	0.001512	1.000308	1.614107	
238	1.000537	-0.000640	-0.400375	0.000640	1.000537	0.634039	
239	1.000830	-0.000701	-0.595488	0.000701	1.000830	0.540561	
240	1.000964	-0.000580	-0.687440	0.000580	1.000964	0.550663	
241	1.001080	-0.000538	-0.714753	0.000538	1.001080	0.544808	
242	1.002512	-0.001200	-1.634150	0.001200	1.002512	1.027324	
243	1.001360	-0.000418	-0.838051	0.000418	1.001360	0.383879	
244	1.001338	-0.000484	-0.845727	0.000484	1.001338	0.180426	
245	1.001217	-0.000348	-0.729766	0.000348	1.001217	0.100899	
246	1.001344	-0.000156	-0.745373	0.000156	1.001344	0.070519	
247	1.002369	0.000058	-1.198426	-0.000058	1.002369	-0.597437	
248	1.001408	0.000162	-0.484828	-0.000162	1.001408	-0.509046	
249	1.001600	0.000226	-0.474391	-0.000226	1.001600	-0.655387	
250	1.001647	0.000132	-0.203801	-0.000132	1.001647	-0.761055	
251	1.001777	0.000277	0.072472	-0.000277	1.001777	-0.744925	
252	1.004586	0.000708	0.719104	-0.000708	1.004586	-1.711912	
253	1.002633	0.000330	0.707980	-0.000330	1.002633	-0.917733	
254	1.002671	0.000412	1.043969	-0.000412	1.002671	-0.865632	
255	1.002824	0.000443	1.284790	-0.000443	1.002824	-0.866628	
256	1.002807	0.000547	1.547023	-0.000547	1.002807	-0.940801	
257	1.003724	0.000157	6.664896	-0.000157	1.003724	-2.711074	
258	1.003151	0.000468	2.089287	-0.000468	1.003151	-1.118334	
259	1.002934	0.000417	2.493327	-0.000417	1.002934	-1.172220	
260	1.003851	0.000577	2.128131	-0.000577	1.003851	-1.308877	
261	1.004146	0.000886	2.031436	-0.000886	1.004146	-1.303745	
262	1.003527	-0.000785	10.848240	0.000785	1.003527	-5.235073	
263	1.003324	0.000520	3.352567	-0.000520	1.003324	-1.945953	
264	1.000642	-0.000340	6.606113	0.000340	1.000642	-2.431685	
265	1.003190	0.001338	3.594778	-0.001338	1.003190	-1.313597	
266	1.003367	0.001150	3.703338	-0.001150	1.003367	-1.412803	
267	1.001502	-0.000930	14.724305	0.000930	1.001502	-4.989951	
268	1.007012	0.001992	0.651896	-0.001992	1.007012	-0.854463	
269	1.003749	0.000998	4.235730	-0.000998	1.003749	-1.327255	
270	1.000432	-0.000323	8.000815	0.000323	1.000432	-1.999490	
271	1.007776	0.002154	0.555940	-0.002154	1.007776	-0.641516	
272	1.008385	0.002027	0.046959	-0.002027	1.008385	-0.824073	
273	1.001803	-0.000149	16.223291	0.000149	1.001803	-4.186550	
274	1.000857	-0.000336	8.007609	0.000336	1.000857	-2.138671	
275	1.000664	-0.000596	8.119675	0.000596	1.000664	-2.209916	
276	1.000530	-0.001483	7.941911	0.001483	1.000530	-3.011374	
277	1.000338	-0.000761	8.243560	0.000761	1.000338	-2.303180	
278	0.999275	-0.000103	17.399141	0.000103	0.999275	-3.025855	
279	1.006478	0.000231	0.661756	-0.000231	1.006478	-1.582742	
280	1.006811	0.001195	0.528068	-0.001195	1.006811	-0.779307	
281	1.005774	0.000823	1.216383	-0.000823	1.005774	-0.917345	
282	1.006086	0.000229	0.120393	-0.000229	1.006086	-1.267221	
283	1.013515	0.001803	-2.490798	-0.001803	1.013515	-0.600216	
284	1.003652	-0.000539	0.851709	0.000539	1.003652	-1.466525	
285	1.002581	-0.000089	1.984822	0.000089	1.002581	-0.796080	
286	1.001830	0.000007	2.262151	-0.000007	1.001830	-0.644636	
287	1.001269	0.000022	2.264638	-0.000022	1.001269	-0.517242	
288	1.006100	0.000009	-0.031086	-0.000009	1.006100	-1.162207	
289	1.000779	-0.000181	1.665190	0.000181	1.000779	-0.545012	
290	1.001332	-0.000130	1.017150	0.000130	1.001332	-0.568469	
291	1.000330	-0.000188	1.321783	0.000188	1.000330	-0.642211	
292	1.000476	-0.000049	1.009882	0.000049	1.000476	-0.757192	
293	1.000032	0.000704	2.224497	-0.000704	1.000032	-1.056062	
294	0.999688	0.000016	1.013192	-0.000016	0.999688	-0.729879	
295	0.999514	0.000069	1.098669	-0.000069	0.999514	-0.674860	
296	0.999422	-0.000045	1.079971	0.000045	0.999422	-0.760779	
297	0.999417	0.000001	0.928050	-0.000001	0.999417	-0.773685	
298	1.000042	0.001460	1.262817	-0.001460	1.000042	-0.502846	
299	0.999622	0.000020	0.777212	-0.000020	0.999622	-0.638757	
300	0.999728	0.000118	0.738260	-0.000118	0.999728	-0.614240	
301	0.999826	0.000129	0.652325	-0.000129	0.999826	-0.650844	
302	0.999543	0.000008	0.941687	-0.000008	0.999543	-0.760721	
303	0.998755	0.001141	2.603850	-0.001141	0.998755	-0.826050	
304	0.999423	-0.000073	1.242070	0.000073	0.999423	-0.807558	
305	0.999755	-0.000103	1.172722	0.000103	0.999755	-0.773602	
306	0.999818	-0.000105	1.284222	0.000105	0.999818	-0.744750	
307	0.999861	-0.000060	1.426589	0.000060	0.999861	-0.729397	
308	1.003659	0.001356	0.651599	-0.001356	1.003659	-0.938011	
309	1.000407	0.000135	1.930409	-0.000135	1.000407	-0.858470	
310	1.000849	0.000058	1.778600	-0.000058	1.000849	-1.017553	
311	1.000921	0.000431	2.075683	-0.000431	1.000921	-0.812028	
312	1.001180	0.000424	2.158442	-0.000424	1.001180	-0.961698	
313	0.999353	-0.000146	8.219654	0.000146	0.999353	-3.147504	
314	0.999495	-0.000240	4.043733	0.000240	0.999495	-1.449293	
315	1.002250	-0.000151	1.559340	0.000151	1.002250	-1.339385	
316	1.001896	0.000109	2.001699	-0.000109	1.001896	-1.165689	
317	0.998691	-0.000443	5.053153	0.000443	0.998691	-1.444450	
318	1.010287	0.000320	-0.546867	-0.000320	1.010287	-2.089602	
319	1.000844	0.000207	3.392869	-0.000207	1.000844	-0.868706	
320	1.003456	-0.000402	0.710708	0.000402	1.003456	-1.272033	
321	1.003284	-0.000358	1.451366	0.000358	1.003284	-1.175182	
322	1.002354	-0.000010	2.467990	0.000010	1.002354	-0.905242	
323	0.998586	-0.000591	12.635179	0.000591	0.998586	-1.497690	
324	1.003942	-0.000649	1.627500	0.000649	1.003942	-1.087309	
325	1.002559	-0.000376	2.994229	0.000376	1.002559	-0.786369	
326	0.999513	-0.001047	6.666191	0.001047	0.999513	-0.820161	
327	1.003818	-0.001164	2.727607	0.001164	1.003818	-0.842087	
328	0.999800	-0.000972	13.693557	0.000972	0.999800	-0.412728	
329	0.999338	-0.000940	7.021684	0.000940	0.999338	-0.236577	
330	1.003166	-0.000240	3.159605	0.000240	1.003166	-0.087369	
331	1.004166	-0.000149	2.253973	0.000149	1.004166	-0.248298	
332	1.005100	-0.000647	1.531244	0.000647	1.005100	-0.514602	
333	1.000367	-0.001092	13.207662	0.001092	1.000367	0.369383	
334	1.004673	-0.000540	2.053402	0.000540	1.004673	-0.243276	
335	1.003291	-0.000126	3.644071	0.000126	1.003291	0.089802	
336	1.003154	-0.000132	3.477165	0.000132	1.003154	-0.001407	
337	1.004629	-0.000534	1.952436	0.000534	1.004629	-0.384821	
338	1.014389	-0.001402	0.386554	0.001402	1.014389	-1.517027	
339	1.003681	0.000110	2.902067	-0.000110	1.003681	-0.080794	
340	1.004663	-0.000253	1.965370	0.000253	1.004663	-0.274511	
341	1.004685	0.000282	1.790284	-0.000282	1.004685	-0.134133	
342	1.005194	-0.000425	1.428950	0.000425	1.005194	-0.475969	
343	1.010634	-0.000573	1.745908	0.000573	1.010634	-1.101649	
344	1.005777	-0.000665	0.373844	0.000665	1.005777	-0.746645	
345	1.003109	0.000148	2.440736	-0.000148	1.003109	-0.120902	
346	1.004131	-0.000255	1.558855	0.000255	1.004131	-0.369168	
347	1.003818	-0.000107	1.711904	0.000107	1.003818	-0.237384	
348	1.003458	-0.000284	7.891122	0.000284	1.003458	-0.234058	
349	1.003625	0.000016	1.686751	-0.000016	1.003625	-0.286490	
350	1.003638	0.000054	1.634749	-0.000054	1.003638	-0.298063	
351	1.003160	0.000397	2.054707	-0.000397	1.003160	-0.053728	
352	1.003721	0.000393	1.623548	-0.000393	1.003721	-0.137008	
353	1.003585	0.000135	7.562265	-0.000135	1.003585	-0.280888	
354	1.003196	0.000717	2.103680	-0.000717	1.003196	0.084872	
355	1.003244	0.000746	2.045522	-0.000746	1.003244	0.011618	
356	1.003085	0.000470	2.037833	-0.000470	1.003085	-0.175024	
357	1.002911	0.000682	2.261318	-0.000682	1.002911	-0.045362	
358	1.003305	0.000597	7.524852	-0.000597	1.003305	0.228846	
359	1.003400	0.000338	1.650173	-0.000338	1.003400	-0.012200	
360	1.003372	0.000043	1.637013	-0.000043	1.003372	-0.184367	
361	1.003154	0.000081	1.847933	-0.000081	1.003154	-0.147301	
362	1.003094	-0.000232	1.805896	0.000232	1.003094	-0.311432	
363	1.001955	-0.001477	8.069074	0.001477	1.001955	-0.947732	
364	1.002509	0.000122	2.087611	-0.000122	1.002509	-0.105234	
365	1.002602	0.000019	1.780522	-0.000019	1.002602	-0.096746	
366	1.002633	0.000049	1.531832	-0.000049	1.002633	-0.017695	
367	1.002567	0.000275	1.493084	-0.000275	1.002567	0.215101	
368	1.004578	0.000833	2.153583	-0.000833	1.004578	0.616344	
369	1.001843	0.000412	1.074977	-0.000412	1.001843	0.476720	
370	1.001642	0.000388	0.876226	-0.000388	1.001642	0.604904	
371	1.001363	0.000309	0.675987	-0.000309	1.001363	0.452572	
372	1.000895	-0.000241	0.416108	0.000241	1.000895	0.208660	
373	1.000707	-0.000683	0.666788	0.000683	1.000707	0.544327	
374	0.999942	0.000195	0.079409	-0.000195	0.999942	0.498163	
375	0.999775	0.000139	-0.165917	-0.000139	0.999775	0.561719	
376	0.999693	0.000355	-0.144381	-0.000355	0.999693	0.809739	
377	0.999731	0.000552	-0.313925	-0.000552	0.999731	1.023436	
378	0.999676	0.000815	-1.646479	-0.000815	0.999676	1.908440	
379	0.999376	0.000080	-0.951079	-0.000080	0.999376	0.950182	
380	0.999037	0.000149	-1.078959	-0.000149	0.999037	0.957308	
381	0.998824	0.000163	-1.417138	-0.000163	0.998824	1.080915	
382	0.998561	0.000305	-1.423582	-0.000305	0.998561	1.162022	
383	0.999119	0.001499	-7.619678	-0.001499	0.999119	3.234692	
384	0.997573	-0.000047	-2.208820	0.000047	0.997573	1.046347	
385	0.995737	0.000146	-0.905125	-0.000146	0.995737	1.236646	
386	0.997287	-0.000099	-2.957788	0.000099	0.997287	1.192637	
387	0.996926	-0.000087	-3.176113	0.000087	0.996926	1.273875	
388	0.998444	0.001959	-12.858474	-0.001959	0.998444	4.328091	
389	0.996612	0.000017	-3.500032	-0.000017	0.996612	1.329609	
390	0.997839	0.000652	-5.450568	-0.000652	0.997839	1.727309	
391	0.993173	-0.000263	-0.680572	0.000263	0.993173	1.337264	
392	0.993873	0.000074	-1.365061	-0.000074	0.993873	1.605702	
393	0.998740	0.001627	-15.299860	-0.001627	0.998740	4.371092	
394	0.994526	0.000128	-2.207974	-0.000128	0.994526	1.678829	
395	0.998550	0.001853	-6.796796	-0.001853	0.998550	2.819562	
396	0.999101	0.001540	-7.358938	-0.001540	0.999101	2.620131	
397	0.995789	0.000275	-4.032789	-0.000275	0.995789	1.925584	
398	0.996801	0.000663	-13.754754	-0.000663	0.996801	4.134317	
399	0.993340	-0.000586	-1.200813	0.000586	0.993340	1.296860	
400	0.992098	-0.001020	-0.070564	0.001020	0.992098	1.009947	
401	0.998293	0.001715	-6.463407	-0.001715	0.998293	2.601951	
402	0.992707	-0.000727	-0.751591	0.000727	0.992707	1.187725	
403	0.982933	-0.002521	1.154278	0.002521	0.982933	1.813649	
404	0.998176	0.001836	-5.882406	-0.001836	0.998176	2.887356	
405	0.996050	0.000195	-3.619330	-0.000195	0.996050	1.806209	
406	0.993930	-0.000438	-0.910234	0.000438	0.993930	1.413872	
407	0.994669	-0.000087	-1.473471	0.000087	0.994669	1.454189	
408	0.982541	-0.002371	4.519817	0.002371	0.982541	1.183387	
409	0.995472	0.000075	-1.953764	-0.000075	0.995472	1.220082	
410	0.993875	-0.000745	-0.861876	0.000745	0.993875	0.838106	
411	0.998917	0.001016	-5.103524	-0.001016	0.998917	1.830702	
412	0.997888	0.000405	-3.393552	-0.000405	0.997888	1.488659	
413	0.997828	0.000457	-9.883188	-0.000457	0.997828	3.013153	
414	0.996378	-0.000495	-1.718829	0.000495	0.996378	1.009223	
415	0.996567	-0.000463	-1.946545	0.000463	0.996567	1.012873	
416	0.996693	-0.000321	-1.864361	0.000321	0.996693	1.048807	
417	0.996961	-0.000299	-1.967284	0.000299	0.996961	0.995219	
418	0.996075	0.001105	-6.672229	-0.001105	0.996075	3.546087	
419	0.997718	-0.000234	-2.213074	0.000234	0.997718	1.075414	
420	0.996668	-0.000480	-1.055344	0.000480	0.996668	1.008229	
421	0.997487	-0.000351	-1.768105	0.000351	0.997487	0.966359	
422	0.997717	-0.000251	-1.813305	0.000251	0.997717	0.890664	
423	0.991319	-0.001747	1.226885	0.001747	0.991319	0.921260	
424	0.998267	-0.000220	-1.728194	0.000220	0.998267	0.750609	
425	0.998537	-0.000157	-1.719144	0.000157	0.998537	0.667349	
426	0.998705	-0.000199	-1.622538	0.000199	0.998705	0.714775	
427	0.998949	-0.000376	-1.650212	0.000376	0.998949	0.671514	
428	0.995612	-0.001320	-0.755058	0.001320	0.995612	0.927152	
429	0.999162	-0.000309	-1.326817	0.000309	0.999162	0.520137	
430	0.999281	-0.000208	-1.317012	0.000208	0.999281	0.481010	
431	0.999306	-0.000221	-1.199653	0.000221	0.999306	0.446383	
432	0.999464	-0.000110	-1.086313	0.000110	0.999464	0.529993	
433	0.999708	-0.000554	-2.518368	0.000554	0.999708	0.886971	
434	0.999976	-0.000195	-1.034422	0.000195	0.999976	0.640602	
435	1.000186	-0.000197	-1.060820	0.000197	1.000186	0.623726	
436	1.000221	-0.000203	-0.956863	0.000203	1.000221	0.689990	
437	1.000321	-0.000298	-0.918031	0.000298	1.000321	0.662221	
438	1.001135	-0.000654	-1.849434	0.000654	1.001135	1.191723	
439	1.000756	-0.000345	-0.894545	0.000345	1.000756	0.493299	
440	1.000719	-0.000355	-0.772673	0.000355	1.000719	0.479085	
441	1.000848	-0.000298	-0.849133	0.000298	1.000848	0.505606	
442	1.000902	-0.000259	-0.883938	0.000259	1.000902	0.548583	
443	1.000947	-0.000225	-0.878394	0.000225	1.000947	0.594257	
444	1.002719	-0.000565	-2.183258	0.000565	1.002719	0.976523	
445	1.001354	-0.000262	-0.985145	0.000262	1.001354	0.476907	
446	1.001543	-0.000308	-1.079802	0.000308	1.001543	0.391352	
447	1.001451	-0.000265	-0.921617	0.000265	1.001451	0.389536	
448	1.001152	-0.000348	-0.711347	0.000348	1.001152	0.395766	
449	1.003135	-0.000545	-2.182404	0.000545	1.003135	0.618035	
450	1.001440	-0.000232	-1.031937	0.000232	1.001440	0.307028	
451	1.001349	-0.000097	-0.992449	0.000097	1.001349	0.387681	
452	1.001337	-0.000148	-1.028891	0.000148	1.001337	0.416174	
453	1.001344	-0.000203	-1.166575	0.000203	1.001344	0.363333	
454	1.003247	-0.000529	-3.025694	0.000529	1.003247	0.517856	
455	1.001433	-0.000272	-1.640558	0.000272	1.001433	0.308594	
456	1.001339	-0.000295	-1.807533	0.000295	1.001339	0.370084	
457	1.001228	-0.000381	-1.993596	0.000381	1.001228	0.344385	
458	1.001178	-0.000286	-2.289998	0.000286	1.001178	0.310750	
459	1.001598	-0.000455	-4.941662	0.000455	1.001598	0.648340	
460	1.001116	-0.000134	-2.811722	0.000134	1.001116	0.395702	
461	1.001063	-0.000093	-2.890770	0.000093	1.001063	0.474610	
462	1.001032	-0.000090	-2.867025	0.000090	1.001032	0.521509	
463	1.001023	-0.000298	-2.865777	0.000298	1.001023	0.471001	
464	1.000938	-0.000573	-4.829792	0.000573	1.000938	0.992393	
465	1.001172	-0.000338	-3.045485	0.000338	1.001172	0.303826	
466	1.000944	-0.000469	-3.109598	0.000469	1.000944	0.191154	
467	1.000945	-0.000440	-3.281746	0.000440	1.000945	0.173348	
468	1.000428	-0.000509	-3.096782	0.000509	1.000428	0.128777	
469	1.004336	-0.000039	-10.650858	0.000039	1.004336	0.554879	
470	1.000502	-0.000274	-3.609084	0.000274	1.000502	0.267441	
471	1.000596	-0.000278	-3.803569	0.000278	1.000596	0.258778	
472	1.001196	-0.000023	-4.413788	0.000023	1.001196	0.329626	
473	0.999899	-0.000302	-3.224590	0.000302	0.999899	0.306828	
474	1.004489	0.000012	-11.381914	-0.000012	1.004489	0.146038	
475	1.000896	-0.000511	-3.994626	0.000511	1.000896	-0.103289	
476	1.000616	-0.000525	-3.618172	0.000525	1.000616	-0.118477	
477	1.000199	-0.000523	-3.159645	0.000523	1.000199	-0.056085	
478	1.000940	-0.000446	-3.738176	0.000446	1.000940	-0.121750	
479	1.004690	0.000223	-10.314437	-0.000223	1.004690	0.044658	
480	1.000749	-0.000257	-3.304649	0.000257	1.000749	-0.015754	
481	1.000895	-0.000347	-3.357234	0.000347	1.000895	-0.067660	
482	1.000904	-0.000238	-3.138371	0.000238	1.000904	-0.085672	
483	1.001040	-0.000519	-3.201304	0.000519	1.001040	-0.313900	
484	1.004648	-0.000372	-8.732977	0.000372	1.004648	-0.589087	
485	1.001128	-0.000635	-2.891760	0.000635	1.001128	-0.426676	
486	1.001022	-0.000579	-2.724588	0.000579	1.001022	-0.397409	
487	1.001113	-0.000507	-2.689406	0.000507	1.001113	-0.340444	
488	1.001107	-0.000543	-2.605181	0.000543	1.001107	-0.219102	
489	1.004382	-0.000396	-6.559764	0.000396	1.004382	-0.301800	
490	1.001540	-0.000505	-2.425000	0.000505	1.001540	-0.173741	
491	1.001466	-0.000578	-2.220255	0.000578	1.001466	-0.159093	
492	1.001556	-0.000618	-2.050239	0.000618	1.001556	-0.226471	
493	1.001762	-0.000653	-1.940005	0.000653	1.001762	-0.310233	
494	1.004175	-0.000902	-3.519204	0.000902	1.004175	-0.473671	
495	1.001810	-0.000566	-1.319419	0.000566	1.001810	-0.258066	
496	1.002159	-0.000416	-1.370620	0.000416	1.002159	-0.267423	
497	1.002318	-0.000390	-1.419075	0.000390	1.002318	-0.354289	
498	1.002317	-0.000490	-1.390473	0.000490	1.002317	-0.347373	
499	1.004730	-0.000333	-2.515858	0.000333	1.004730	-0.211302	
500	1.002199	-0.000552	-1.214224	0.000552	1.002199	-0.227366	
501	1.002403	-0.000552	-1.183881	0.000552	1.002403	-0.203223	
502	1.002699	-0.000573	-1.243382	0.000573	1.002699	-0.254182	
503	1.002678	-0.000635	-1.163617	0.000635	1.002678	-0.307190	
504	1.004985	-0.000438	-1.526524	0.000438	1.004985	-0.168563	
505	1.002684	-0.000537	-0.874234	0.000537	1.002684	-0.406477	
506	1.002735	-0.000582	-0.828626	0.000582	1.002735	-0.512935	
507	1.002655	-0.000481	-0.623356	0.000481	1.002655	-0.441693	
508	1.002865	-0.000516	-0.499736	0.000516	1.002865	-0.417109	
509	1.006079	-0.000332	-0.446817	0.000332	1.006079	-0.466592	
510	1.003092	-0.000710	-0.136325	0.000710	1.003092	-0.646328	
511	1.003089	-0.000605	0.084003	0.000605	1.003089	-0.553477	
512	1.003146	-0.000612	0.251872	0.000612	1.003146	-0.563712	
513	1.003353	-0.000523	0.401820	0.000523	1.003353	-0.557481	
514	1.006889	-0.000195	2.024271	0.000195	1.006889	-0.656840	
515	1.003752	-0.000435	1.005105	0.000435	1.003752	-0.565491	
516	1.003679	-0.000407	1.356555	0.000407	1.003679	-0.598627	
517	1.003008	-0.000304	1.841292	0.000304	1.003008	-0.394301	
518	1.004006	-0.000429	1.992404	0.000429	1.004006	-0.448354	
519	1.005046	-0.001307	8.700755	0.001307	1.005046	-0.315080	
520	1.004661	-0.000784	2.801562	0.000784	1.004661	-0.603281	
521	1.004405	-0.000895	3.431959	0.000895	1.004405	-0.563944	
522	1.004690	-0.000678	3.413976	0.000678	1.004690	-0.508560	
523	1.003442	-0.000932	4.948444	0.000932	1.003442	-0.417131	
524	1.007169	-0.001933	10.980293	0.001933	1.007169	-1.041345	
525	1.002790	-0.001194	5.943210	0.001194	1.002790	-0.614147	
526	1.004932	-0.000771	4.030024	0.000771	1.004932	-0.691028	
527	1.003201	-0.001375	5.978918	0.001375	1.003201	-0.725740	
528	1.003719	-0.001404	5.759054	0.001404	1.003719	-0.867294	
529	1.006950	-0.001262	13.033021	0.001262	1.006950	-0.846113	
530	1.003879	-0.001171	5.924653	0.001171	1.003879	-0.943032	
531	1.006045	-0.000443	3.969232	0.000443	1.006045	-0.817736	
532	1.003425	-0.000943	6.356194	0.000943	1.003425	-0.747230	
533	1.003949	-0.001006	5.800797	0.001006	1.003949	-0.985735	
534	1.007450	-0.001324	12.994151	0.001324	1.007450	-1.146757	
535	1.008381	-0.000196	1.402324	0.000196	1.008381	-0.879591	
536	1.003767	-0.001638	5.935589	0.001638	1.003767	-1.031549	
537	1.003848	-0.001584	5.930212	0.001584	1.003848	-0.999440	
538	1.008085	-0.000517	1.824170	0.000517	1.008085	-1.214951	
539	1.005812	-0.000756	13.740734	0.000756	1.005812	-0.295549	
540	1.004169	-0.000601	5.107812	0.000601	1.004169	-0.522885	
541	1.004584	-0.000343	4.407104	0.000343	1.004584	-0.477213	
542	1.007205	-0.000537	1.789190	0.000537	1.007205	-1.133819	
543	1.002638	-0.001176	6.317941	0.001176	1.002638	-0.617296	
544	1.004947	-0.001201	13.401768	0.001201	1.004947	-0.439120	
545	1.004735	-0.000895	3.498430	0.000895	1.004735	-0.746702	
546	1.004554	-0.000823	3.383488	0.000823	1.004554	-0.702783	
547	1.005671	-0.000831	3.017841	0.000831	1.005671	-0.912248	
548	1.002596	-0.001308	5.786007	0.001308	1.002596	-0.634812	
549	1.004117	-0.001386	13.158969	0.001386	1.004117	-0.682660	
550	1.005206	-0.000556	2.814491	0.000556	1.005206	-0.919592	
551	1.002706	-0.001378	5.292079	0.001378	1.002706	-0.940480	
552	1.004521	-0.000597	3.273014	0.000597	1.004521	-0.805184	
553	1.005667	-0.000556	2.337378	0.000556	1.005667	-0.925837	
554	1.002499	-0.000620	13.511361	0.000620	1.002499	-0.175260	
555	1.003513	-0.000830	4.398678	0.000830	1.003513	-0.787786	
556	1.004372	-0.000508	3.277637	0.000508	1.004372	-0.795323	
557	1.003096	-0.000881	4.620778	0.000881	1.003096	-0.914970	
558	1.006283	-0.000873	1.609708	0.000873	1.006283	-1.458797	
559	1.001759	-0.000476	11.741122	0.000476	1.001759	-0.323744	
