0	1.000000	0.000000	0.000000	0.000000	1.000000	0.000000	
1	0.999107	-0.001320	2.494237	0.001320	0.999107	-1.715885	
2	0.999156	-0.001190	2.756765	0.001190	0.999156	-1.430265	
3	0.999066	-0.000566	3.221687	0.000566	0.999066	-0.563360	
4	0.999049	-0.000424	3.406246	0.000424	0.999049	-0.104293	
5	0.998999	-0.000429	3.454717	0.000429	0.998999	0.186123	
6	0.998851	-0.000010	4.041638	0.000010	0.998851	0.705198	
7	0.997238	-0.000011	4.507937	0.000011	0.997238	1.041509	
8	0.998851	-0.000029	4.408208	0.000029	0.998851	0.554775	
9	0.999995	-0.000724	4.420851	0.000724	0.999995	-0.319614	
10	0.996748	-0.000217	4.973530	0.000217	0.996748	0.285021	
11	1.001578	-0.001234	4.607361	0.001234	1.001578	-1.624021	
12	1.001875	-0.001237	4.411540	0.001237	1.001875	-1.748145	
13	1.001592	-0.001157	4.130033	0.001157	1.001592	-1.574249	
14	1.001233	-0.001001	3.558182	0.001001	1.001233	-1.169661	
15	1.001137	-0.000802	2.701622	0.000802	1.001137	-0.956823	
16	1.002231	-0.000791	2.013347	0.000791	1.002231	-1.125676	
17	1.001985	-0.000492	1.811791	0.000492	1.001985	-0.895490	
18	1.001823	-0.000480	1.362739	0.000480	1.001823	-0.660984	
19	1.001690	-0.000454	1.277043	0.000454	1.001690	-0.569124	
20	1.001712	-0.000595	1.424709	0.000595	1.001712	-0.537135	
21	1.000920	-0.000912	1.713531	0.000912	1.000920	-0.589569	
22	1.001312	-0.000690	1.887770	0.000690	1.001312	-0.732248	
23	1.001428	-0.000617	1.829436	0.000617	1.001428	-0.758288	
24	1.000628	-0.000794	1.516778	0.000794	1.000628	-0.859003	
25	1.001627	-0.000469	1.178618	0.000469	1.001627	-1.008870	
26	1.001204	-0.000474	1.186680	0.000474	1.001204	-0.864066	
27	1.001550	-0.000214	1.270381	0.000214	1.001550	-0.865570	
28	1.000518	-0.000678	1.459422	0.000678	1.000518	-0.748890	
29	1.001896	-0.000376	0.990701	0.000376	1.001896	-0.849845	
30	1.001704	-0.000698	0.867238	0.000698	1.001704	-0.875081	
31	1.001889	-0.000905	0.367340	0.000905	1.001889	-1.083634	
32	1.001367	-0.000654	0.419034	0.000654	1.001367	-0.794809	
33	1.000938	-0.000509	0.461905	0.000509	1.000938	-0.703698	
34	1.000334	-0.000523	0.602596	0.000523	1.000334	-0.639758	
35	0.999644	-0.000526	0.878726	0.000526	0.999644	-0.438700	
36	0.999187	-0.000486	1.084493	0.000486	0.999187	-0.168873	
37	0.999246	-0.000461	1.060037	0.000461	0.999246	0.024549	
38	0.999329	-0.000306	0.872895	0.000306	0.999329	0.298452	
39	0.999429	-0.000352	0.713534	0.000352	0.999429	0.495477	
40	0.999456	-0.000236	0.594712	0.000236	0.999456	0.538715	
41	0.999442	-0.000209	0.455456	0.000209	0.999442	0.473729	
42	0.999411	-0.000154	0.239892	0.000154	0.999411	0.454337	
43	0.999505	-0.000130	0.012715	0.000130	0.999505	0.209317	
44	0.999638	-0.000406	-0.285120	0.000406	0.999638	0.020255	
45	0.999630	-0.000357	-0.274700	0.000357	0.999630	0.376170	
46	0.999673	-0.000360	-0.306760	0.000360	0.999673	0.453515	
47	0.999745	-0.000362	-0.335350	0.000362	0.999745	0.868138	
48	0.999867	-0.000130	-0.275969	0.000130	0.999867	0.901696	
49	0.999764	-0.000223	-0.259053	0.000223	0.999764	0.769688	
50	0.999853	-0.000116	-0.463639	0.000116	0.999853	0.953047	
51	0.999738	-0.000169	-0.438608	0.000169	0.999738	0.750109	
52	0.999634	-0.000237	-0.294885	0.000237	0.999634	0.501351	
53	0.999656	-0.000375	-0.362308	0.000375	0.999656	0.161774	
54	0.999651	-0.000410	-0.274367	0.000410	0.999651	0.016984	
55	0.999740	-0.000494	-0.249941	0.000494	0.999740	-0.239143	
56	0.999662	-0.000436	-0.209723	0.000436	0.999662	-0.230892	
57	0.999742	-0.000486	-0.303946	0.000486	0.999742	-0.540295	
58	0.999701	-0.000525	-0.504068	0.000525	0.999701	-0.586522	
59	0.999778	-0.000554	-0.565741	0.000554	0.999778	-0.763528	
60	0.999762	-0.000603	-0.423783	0.000603	0.999762	-0.840837	
61	0.999792	-0.000525	-0.154414	0.000525	0.999792	-0.734839	
62	0.999770	-0.000687	-0.028377	0.000687	0.999770	-0.926960	
63	0.999613	-0.000756	0.338704	0.000756	0.999613	-0.989957	
64	0.999648	-0.000695	0.541925	0.000695	0.999648	-0.996223	
65	0.999504	-0.000632	0.911402	0.000632	0.999504	-0.961604	
66	0.999407	-0.000571	1.181737	0.000571	0.999407	-0.836385	
67	0.999278	-0.000616	1.398939	0.000616	0.999278	-0.692379	
68	0.999364	-0.000560	1.404519	0.000560	0.999364	-0.616532	
69	0.999318	-0.000623	1.416736	0.000623	0.999318	-0.459147	
70	0.999355	-0.000522	1.305717	0.000522	0.999355	-0.120572	
71	0.999448	-0.000471	1.150227	0.000471	0.999448	-0.063953	
72	0.999530	-0.000409	0.926956	0.000409	0.999530	-0.048193	
73	0.999538	-0.000412	0.729033	0.000412	0.999538	-0.094451	
74	0.999542	-0.000435	0.653363	0.000435	0.999542	-0.238834	
75	0.999525	-0.000447	0.625478	0.000447	0.999525	-0.317473	
76	0.999648	-0.000523	0.537649	0.000523	0.999648	-0.367671	
77	0.999695	-0.000682	0.446307	0.000682	0.999695	-0.339129	
78	0.999700	-0.000707	0.488641	0.000707	0.999700	-0.296966	
79	0.999604	-0.000574	0.771769	0.000574	0.999604	-0.229611	
80	0.999465	-0.000479	1.049765	0.000479	0.999465	-0.198805	
81	0.999597	-0.000763	0.968101	0.000763	0.999597	-0.502090	
82	0.999747	-0.000719	1.000239	0.000719	0.999747	-0.640711	
83	0.999870	-0.000685	1.137962	0.000685	0.999870	-0.703531	
84	0.999942	-0.000713	1.244601	0.000713	0.999942	-0.900501	
85	0.999631	-0.000784	1.774748	0.000784	0.999631	-0.834965	
86	0.999720	-0.000686	1.787721	0.000686	0.999720	-0.917149	
87	0.999450	-0.000811	2.153430	0.000811	0.999450	-0.859196	
88	0.999543	-0.000702	2.440929	0.000702	0.999543	-0.800043	
89	0.999596	-0.000745	2.612549	0.000745	0.999596	-0.592700	
90	0.999916	-0.000733	2.562601	0.000733	0.999916	-0.434210	
91	0.999907	-0.000909	2.429738	0.000909	0.999907	-0.335032	
92	1.000350	-0.000813	2.318049	0.000813	1.000350	-0.243598	
93	1.000796	-0.000732	1.951175	0.000732	1.000796	-0.280047	
94	1.001281	-0.000732	1.512596	0.000732	1.001281	-0.414645	
95	1.001681	-0.000681	1.187252	0.000681	1.001681	-0.558484	
96	1.002084	-0.000679	0.948765	0.000679	1.002084	-0.741385	
97	1.002051	-0.000556	1.158837	0.000556	1.002051	-0.791605	
98	1.002423	-0.000537	1.485283	0.000537	1.002423	-1.026225	
99	1.002646	-0.000655	1.908021	0.000655	1.002646	-1.286406	
100	1.000694	-0.000258	2.166812	0.000258	1.000694	-0.768637	
101	1.000886	-0.000325	2.007182	0.000325	1.000886	-0.941370	
102	1.002179	-0.000602	1.643098	0.000602	1.002179	-1.497080	
103	1.002543	-0.000713	1.038685	0.000713	1.002543	-1.639566	
104	1.002742	-0.000734	0.370450	0.000734	1.002742	-1.611458	
105	1.002927	-0.000875	-0.398803	0.000875	1.002927	-1.640388	
106	1.002734	-0.000740	-0.667029	0.000740	1.002734	-1.399641	
107	1.002621	-0.000646	-0.730961	0.000646	1.002621	-1.121232	
108	1.002427	-0.000652	-0.684906	0.000652	1.002427	-0.869710	
109	1.002023	-0.000599	-0.152519	0.000599	1.002023	-0.422200	
110	1.002029	-0.000642	0.004996	0.000642	1.002029	-0.390665	
111	1.002004	-0.000604	0.053318	0.000604	1.002004	-0.418638	
112	1.001733	-0.000460	0.408175	0.000460	1.001733	-0.394729	
113	1.001248	-0.000466	0.758305	0.000466	1.001248	-0.497874	
114	1.001714	-0.000541	0.804554	0.000541	1.001714	-0.970402	
115	1.001740	-0.000596	1.064529	0.000596	1.001740	-1.084370	
116	1.001431	-0.000485	1.769007	0.000485	1.001431	-0.839045	
117	1.001728	-0.000413	2.272677	0.000413	1.001728	-0.694147	
118	1.001398	-0.000379	2.619337	0.000379	1.001398	-0.463449	
119	1.001517	-0.000601	2.664937	0.000601	1.001517	-0.561330	
120	1.001577	-0.000576	2.389819	0.000576	1.001577	-0.706135	
121	1.000662	-0.000525	2.697336	0.000525	1.000662	-0.438398	
122	1.002162	-0.000884	2.431624	0.000884	1.002162	-1.130733	
123	1.000747	-0.000549	2.457467	0.000549	1.000747	-0.717919	
124	1.000012	-0.000533	2.652618	0.000533	1.000012	-0.395138	
125	0.999944	-0.000530	2.823294	0.000530	0.999944	-0.273542	
126	0.999587	-0.000466	3.154701	0.000466	0.999587	0.016690	
127	0.999925	-0.000488	2.891231	0.000488	0.999925	0.001406	
128	1.000150	-0.000462	2.739468	0.000462	1.000150	0.026193	
129	0.999885	-0.000474	2.854011	0.000474	0.999885	0.357888	
130	0.999889	-0.000231	3.066410	0.000231	0.999889	0.588665	
131	0.999533	-0.000104	3.486598	0.000104	0.999533	0.789078	
132	0.999637	-0.000154	3.320935	0.000154	0.999637	0.677554	
133	0.999590	-0.000158	3.455196	0.000158	0.999590	0.511746	
134	0.999116	-0.000202	3.759717	0.000202	0.999116	0.422068	
135	0.999386	-0.000331	3.851032	0.000331	0.999386	0.223897	
136	0.999372	-0.000442	3.884190	0.000442	0.999372	0.073017	
137	0.999352	-0.000465	3.994601	0.000465	0.999352	0.180857	
138	0.998858	-0.000231	4.510154	0.000231	0.998858	0.796624	
139	0.998611	0.000068	5.098933	-0.000068	0.998611	1.304777	
140	0.999773	-0.000823	6.047037	0.000823	0.999773	0.956038	
141	0.999539	-0.000732	6.521631	0.000732	0.999539	1.394109	
142	0.999424	-0.000537	6.447526	0.000537	0.999424	1.665880	
143	0.998444	0.000365	6.332346	-0.000365	0.998444	2.145714	
144	0.998591	0.000373	6.392965	-0.000373	0.998591	2.226889	
145	0.997859	0.000769	5.851835	-0.000769	0.997859	2.428160	
146	0.997738	0.001022	5.397050	-0.001022	0.997738	2.611846	
147	0.999748	0.000100	4.922848	-0.000100	0.999748	1.769988	
148	0.999046	0.000850	4.852798	-0.000850	0.999046	2.422579	
149	0.997675	0.001193	5.021694	-0.001193	0.997675	2.662254	
150	1.001095	-0.000611	4.999048	0.000611	1.001095	1.090945	
151	0.997267	0.001138	5.216740	-0.001138	0.997267	2.653601	
152	0.999247	0.000805	5.141941	-0.000805	0.999247	2.044702	
153	1.001012	-0.000293	5.362645	0.000293	1.001012	1.216713	
154	0.997455	0.001431	5.419292	-0.001431	0.997455	2.722633	
155	1.000708	0.000100	5.208091	-0.000100	1.000708	1.633857	
156	0.999467	0.001106	4.923817	-0.001106	0.999467	2.506870	
157	1.001633	-0.000234	4.713758	0.000234	1.001633	1.458467	
158	1.000460	0.000943	4.011029	-0.000943	1.000460	2.583192	
159	1.001837	-0.000160	3.621309	0.000160	1.001837	2.251187	
160	1.002196	0.000495	2.286000	-0.000495	1.002196	2.720171	
161	1.001852	0.001035	1.523472	-0.001035	1.001852	2.934268	
162	1.001081	0.001231	1.232016	-0.001231	1.001081	2.318696	
163	1.001163	0.000664	0.938871	-0.000664	1.001163	1.221597	
164	1.001829	0.000186	0.552741	-0.000186	1.001829	0.002383	
165	1.001937	0.000312	0.300457	-0.000312	1.001937	-0.251691	
166	1.001664	0.000286	0.429772	-0.000286	1.001664	-0.104170	
167	1.001625	0.000226	0.174073	-0.000226	1.001625	0.279452	
168	1.001533	0.000485	0.263326	-0.000485	1.001533	0.733474	
169	1.001516	0.000555	0.016243	-0.000555	1.001516	1.014565	
170	1.001668	0.000471	-0.454190	-0.000471	1.001668	0.989992	
171	1.001448	0.000561	-0.367853	-0.000561	1.001448	1.013926	
172	1.001192	0.000441	-0.161645	-0.000441	1.001192	0.772535	
173	1.001194	0.000520	0.167066	-0.000520	1.001194	0.616490	
174	1.001055	0.000307	0.503919	-0.000307	1.001055	0.420464	
175	1.000941	0.000545	1.317358	-0.000545	1.000941	0.515677	
176	1.000884	0.000494	1.861754	-0.000494	1.000884	0.517108	
177	1.000581	0.000458	2.133290	-0.000458	1.000581	0.556012	
178	1.000747	0.000566	1.671220	-0.000566	1.000747	0.649059	
179	1.000960	0.000434	0.667610	-0.000434	1.000960	0.522195	
180	1.000792	0.000233	0.054614	-0.000233	1.000792	0.263567	
181	1.000790	0.000217	-0.257275	-0.000217	1.000790	-0.096117	
182	1.000640	0.000179	-0.525071	-0.000179	1.000640	-0.178601	
183	1.000574	0.000236	-0.627705	-0.000236	1.000574	0.000440	
184	1.000393	0.000251	-0.406672	-0.000251	1.000393	0.378615	
185	1.000532	0.000190	-0.511318	-0.000190	1.000532	0.540789	
186	1.000604	0.000206	-0.666945	-0.000206	1.000604	0.583853	
187	1.000911	0.000172	-1.163752	-0.000172	1.000911	0.584178	
188	1.000880	0.000339	-1.223704	-0.000339	1.000880	0.492918	
189	1.001121	0.000188	-1.757191	-0.000188	1.001121	0.172605	
190	1.001623	0.000043	-2.787360	-0.000043	1.001623	-0.064012	
191	1.002025	0.000104	-3.460378	-0.000104	1.002025	-0.050139	
192	1.002668	0.000049	-4.233154	-0.000049	1.002668	0.070864	
193	1.002883	-0.000069	-4.699239	0.000069	1.002883	0.042234	
194	1.003293	0.000067	-5.076529	-0.000067	1.003293	0.236245	
195	1.003467	0.000049	-5.113000	-0.000049	1.003467	0.437999	
196	1.003699	0.000301	-4.910461	-0.000301	1.003699	0.647782	
197	1.003468	0.000099	-4.665483	-0.000099	1.003468	0.327229	
198	1.003499	0.000019	-4.459727	-0.000019	1.003499	-0.200409	
199	1.004033	-0.000181	-4.927319	0.000181	1.004033	-1.202437	
200	1.003858	-0.000629	-5.248056	0.000629	1.003858	-1.945681	
201	1.003968	-0.000477	-5.913255	0.000477	1.003968	-1.802063	
202	1.004147	-0.000509	-6.520239	0.000509	1.004147	-1.592067	
203	1.004176	-0.000274	-6.898430	0.000274	1.004176	-1.015830	
204	1.004419	-0.000155	-7.376041	0.000155	1.004419	-0.683777	
205	1.004272	-0.000083	-7.384591	0.000083	1.004272	-0.522422	
206	1.003621	0.000058	-6.602996	-0.000058	1.003621	-0.092295	
207	1.003433	0.000332	-6.037007	-0.000332	1.003433	0.344074	
208	1.002789	0.000377	-5.296813	-0.000377	1.002789	0.701483	
209	1.002615	0.000255	-5.121297	-0.000255	1.002615	0.736942	
210	1.002383	0.000120	-4.746168	-0.000120	1.002383	0.718636	
211	1.002279	-0.000067	-4.533833	0.000067	1.002279	0.547581	
212	1.002338	0.000369	-4.599019	-0.000369	1.002338	0.758197	
213	1.002060	0.000073	-4.911400	-0.000073	1.002060	0.516327	
214	1.002699	0.000353	-5.073632	-0.000353	1.002699	0.391887	
215	1.001349	-0.000044	-4.607690	0.000044	1.001349	0.285726	
216	1.001368	0.000246	-4.462399	-0.000246	1.001368	0.429918	
217	1.001128	-0.000071	-4.603914	0.000071	1.001128	0.582892	
218	1.001210	0.000113	-4.313399	-0.000113	1.001210	0.927480	
219	1.000834	0.000412	-3.258824	-0.000412	1.000834	1.452028	
220	1.000472	0.000404	-2.347788	-0.000404	1.000472	1.588959	
221	1.000579	0.000233	-1.494101	-0.000233	1.000579	1.229403	
222	1.000457	0.000310	-0.790283	-0.000310	1.000457	1.416737	
223	1.000782	0.000690	-0.321605	-0.000690	1.000782	1.921205	
224	1.000426	0.000083	-0.236647	-0.000083	1.000426	0.771282	
225	1.000679	0.000073	-0.861087	-0.000073	1.000679	0.821318	
226	1.000856	0.000074	-1.540387	-0.000074	1.000856	0.679882	
227	1.000684	-0.000081	-1.992873	0.000081	1.000684	0.454373	
228	1.001198	-0.000109	-2.742947	0.000109	1.001198	0.127067	
229	1.001045	0.000023	-2.910689	-0.000023	1.001045	0.203586	
230	1.001385	-0.000350	-3.434508	0.000350	1.001385	-0.189023	
231	1.001643	0.000042	-3.695171	-0.000042	1.001643	0.505262	
232	1.000823	0.000142	-2.838382	-0.000142	1.000823	0.943522	
233	1.001648	0.000279	-3.386678	-0.000279	1.001648	1.026468	
234	1.001675	0.000536	-3.465933	-0.000536	1.001675	1.525837	
235	1.001639	-0.000033	-4.052463	0.000033	1.001639	1.194923	
236	1.001695	-0.000044	-4.461564	0.000044	1.001695	0.899426	
237	1.001780	-0.000085	-4.840023	0.000085	1.001780	0.455246	
238	1.001266	-0.000089	-4.518466	0.000089	1.001266	0.205887	
239	1.001661	-0.000327	-5.001223	0.000327	1.001661	-0.214885	
240	1.001564	-0.000043	-4.948649	0.000043	1.001564	0.110778	
241	1.002028	-0.000264	-5.060531	0.000264	1.002028	-0.032317	
242	1.001287	0.000242	-4.029668	-0.000242	1.001287	0.764017	
243	1.001589	0.000449	-3.905614	-0.000449	1.001589	0.963934	
244	1.001298	0.000380	-3.542288	-0.000380	1.001298	1.004748	
245	1.001214	0.000098	-3.259178	-0.000098	1.001214	0.598776	
246	1.001175	0.000066	-3.245294	-0.000066	1.001175	0.406387	
247	1.000988	-0.000053	-3.250029	0.000053	1.000988	0.307587	
248	1.002218	0.000139	-4.178707	-0.000139	1.002218	0.285293	
249	1.001776	-0.000006	-3.980618	0.000006	1.001776	0.180776	
250	1.002239	0.000013	-4.477544	-0.000013	1.002239	0.055138	
251	1.002740	-0.000023	-4.861823	0.000023	1.002740	0.067313	
252	1.002638	0.000359	-4.669798	-0.000359	1.002638	0.307317	
253	1.002674	0.000114	-4.891856	-0.000114	1.002674	0.126509	
254	1.002316	-0.000092	-4.798395	0.000092	1.002316	0.004577	
255	1.002599	-0.000117	-5.139691	0.000117	1.002599	-0.156700	
256	1.002854	-0.000155	-5.506235	0.000155	1.002854	-0.182068	
257	1.002379	-0.000052	-5.525434	0.000052	1.002379	0.145079	
258	1.002785	-0.000055	-5.960022	0.000055	1.002785	-0.008184	
259	1.002913	0.000074	-6.374765	-0.000074	1.002913	0.061893	
260	1.002539	0.000033	-6.351730	-0.000033	1.002539	0.013208	
261	1.002347	-0.000306	-6.370020	0.000306	1.002347	-0.405591	
262	1.002408	-0.000421	-6.414880	0.000421	1.002408	-0.553685	
263	1.002196	-0.000595	-6.498341	0.000595	1.002196	-0.627513	
264	1.001964	-0.000615	-6.342119	0.000615	1.001964	-0.531094	
265	1.002030	-0.000343	-6.281957	0.000343	1.002030	-0.139406	
266	1.001770	-0.000164	-5.613838	0.000164	1.001770	0.137523	
267	1.001839	0.000049	-4.954316	-0.000049	1.001839	0.330845	
268	1.001940	0.000307	-4.212822	-0.000307	1.001940	0.663139	
269	1.002088	0.000341	-3.203895	-0.000341	1.002088	0.853487	
270	1.002200	0.000697	-2.263741	-0.000697	1.002200	1.487586	
271	1.002388	0.000195	-1.517965	-0.000195	1.002388	1.286372	
272	1.002613	0.000082	-0.916719	-0.000082	1.002613	1.296720	
273	1.002909	0.000314	-0.457496	-0.000314	1.002909	1.512658	
274	1.002833	0.000472	0.280738	-0.000472	1.002833	1.783599	
275	1.003132	0.000505	0.580635	-0.000505	1.003132	1.585353	
276	1.003085	0.000880	1.063221	-0.000880	1.003085	1.696647	
277	1.003322	0.000612	1.588186	-0.000612	1.003322	1.360291	
278	1.003516	0.000227	2.057375	-0.000227	1.003516	0.816941	
279	1.003110	0.000167	2.428036	-0.000167	1.003110	0.571829	
280	1.004244	-0.000734	2.585008	0.000734	1.004244	-0.418269	
281	1.003377	0.000116	2.467833	-0.000116	1.003377	0.102661	
282	1.005256	-0.000662	2.359064	0.000662	1.005256	-0.823321	
283	1.004981	-0.000682	2.192789	0.000682	1.004981	-0.942226	
284	1.005484	-0.000381	1.777833	0.000381	1.005484	-0.940692	
285	1.005557	-0.000865	1.537824	0.000865	1.005557	-1.300317	
286	1.005891	-0.000924	0.970581	0.000924	1.005891	-1.387387	
287	1.006129	-0.001056	0.708592	0.001056	1.006129	-1.471952	
288	1.006872	-0.000935	0.253439	0.000935	1.006872	-1.350193	
289	1.007276	-0.000808	0.020352	0.000808	1.007276	-1.193740	
290	1.007559	-0.000804	0.017902	0.000804	1.007559	-1.181507	
291	1.006169	-0.000161	0.158197	0.000161	1.006169	-0.557640	
292	1.007478	-0.001277	0.319746	0.001277	1.007478	-1.897979	
293	1.006843	-0.001364	0.411586	0.001364	1.006843	-2.230872	
294	1.006664	-0.001263	0.347492	0.001263	1.006664	-2.159803	
295	1.006581	-0.000503	0.434823	0.000503	1.006581	-1.451115	
296	1.007259	-0.000986	-0.628858	0.000986	1.007259	-1.861668	
297	1.007238	-0.000636	-1.000758	0.000636	1.007238	-1.238975	
298	1.007505	-0.000502	-1.438157	0.000502	1.007505	-1.037031	
299	1.007441	-0.000841	-1.542771	0.000841	1.007441	-1.330837	
300	1.006862	-0.001295	-1.396554	0.001295	1.006862	-1.694725	
301	1.005735	-0.001125	-1.355305	0.001125	1.005735	-1.582527	
302	1.006241	-0.001218	-1.329506	0.001218	1.006241	-1.869494	
303	1.006892	-0.000801	-1.643063	0.000801	1.006892	-1.793040	
304	1.006839	-0.000579	-1.463487	0.000579	1.006839	-1.583449	
305	1.003951	-0.000206	-0.504961	0.000206	1.003951	-0.423473	
306	1.005769	-0.000168	-1.156683	0.000168	1.005769	-0.626569	
307	1.007289	-0.000974	-1.199175	0.000974	1.007289	-1.341283	
308	1.007040	-0.001495	-0.924578	0.001495	1.007040	-1.550460	
309	1.006564	-0.001872	-0.436123	0.001872	1.006564	-1.613307	
310	1.003625	-0.000951	0.023362	0.000951	1.003625	-0.341455	
311	1.006481	-0.001354	-0.116617	0.001354	1.006481	-0.833947	
312	1.006775	-0.001484	0.230080	0.001484	1.006775	-1.291817	
313	1.004485	-0.000016	0.898041	0.000016	1.004485	-0.357536	
314	1.006568	-0.000914	0.947975	0.000914	1.006568	-1.963972	
315	1.007550	-0.001502	1.088488	0.001502	1.007550	-3.161134	
316	1.000729	-0.001047	2.668721	0.001047	1.000729	-1.300729	
317	1.006379	-0.002016	1.936259	0.002016	1.006379	-3.673466	
318	1.005501	-0.001869	2.529507	0.001869	1.005501	-3.131057	
319	1.005527	-0.001669	2.478260	0.001669	1.005527	-2.551174	
320	1.006517	-0.001280	2.140819	0.001280	1.006517	-2.092775	
321	1.000440	-0.000179	3.667556	0.000179	1.000440	0.182551	
322	1.006608	-0.000846	4.580980	0.000846	1.006608	-1.794106	
323	1.005825	-0.001144	6.500994	0.001144	1.005825	-2.207999	
324	1.006112	-0.001614	7.054492	0.001614	1.006112	-2.904857	
325	1.005204	-0.002080	7.098307	0.002080	1.005204	-3.274396	
326	1.005522	-0.002118	8.049177	0.002118	1.005522	-3.305258	
327	1.000570	-0.001369	11.506828	0.001369	1.000570	-1.541672	
328	1.005236	-0.001204	13.806498	0.001204	1.005236	-2.757236	
329	1.005921	-0.001453	16.693180	0.001453	1.005921	-2.750702	
330	1.001801	-0.001781	21.465568	0.001781	1.001801	-1.133314	
331	1.001049	-0.002561	25.989555	0.002561	1.001049	-1.183513	
332	1.003265	-0.003132	28.692173	0.003132	1.003265	-1.924690	
333	1.004712	-0.002437	28.497567	0.002437	1.004712	-1.596481	
334	1.001992	-0.001860	27.495333	0.001860	1.001992	0.739989	
335	1.006897	-0.001802	23.678155	0.001802	1.006897	1.441056	
336	1.005179	-0.000972	21.247723	0.000972	1.005179	4.697941	
337	1.005187	-0.000153	18.207622	0.000153	1.005187	6.581197	
338	1.006457	-0.000261	13.321828	0.000261	1.006457	6.802457	
339	1.006317	-0.000830	8.805530	0.000830	1.006317	5.402640	
340	1.004655	-0.001314	6.970259	0.001314	1.004655	3.888815	
341	1.004627	-0.001281	4.945662	0.001281	1.004627	1.845883	
342	1.002869	0.001064	2.338875	-0.001064	1.002869	1.310302	
343	1.003089	0.000248	0.040846	-0.000248	1.003089	-1.009961	
344	1.003487	-0.000507	-1.847441	0.000507	1.003487	-2.808642	
345	1.003331	-0.000668	-3.669630	0.000668	1.003331	-3.398145	
346	1.003230	-0.001228	-5.216614	0.001228	1.003230	-3.480195	
347	1.002720	-0.001737	-6.533366	0.001737	1.002720	-3.924150	
348	1.001022	-0.000722	-8.456069	0.000722	1.001022	-2.958443	
349	0.999132	-0.000568	-8.322422	0.000568	0.999132	-2.190010	
350	0.998992	-0.000416	-8.506938	0.000416	0.998992	-2.837898	
351	0.998320	-0.000277	-7.966282	0.000277	0.998320	-2.892455	
352	0.998174	-0.000116	-7.533354	0.000116	0.998174	-3.007085	
353	0.998688	-0.000097	-7.523460	0.000097	0.998688	-3.219711	
354	0.998985	0.000033	-7.171402	-0.000033	0.998985	-2.550703	
355	0.998991	0.000180	-6.778205	-0.000180	0.998991	-2.591111	
356	0.998444	0.000506	-7.055603	-0.000506	0.998444	-2.461723	
357	0.998827	0.000043	-8.044567	-0.000043	0.998827	-2.591708	
358	0.998601	-0.000082	-8.388167	0.000082	0.998601	-2.179633	
359	0.996527	-0.000085	-7.493628	0.000085	0.996527	0.389353	
360	0.995711	0.000274	-7.314975	-0.000274	0.995711	2.614550	
361	0.993278	0.000499	-7.418034	-0.000499	0.993278	3.786582	
362	0.992011	0.000480	-8.196278	-0.000480	0.992011	4.539778	
363	0.991748	0.000404	-8.468764	-0.000404	0.991748	3.901048	
364	0.989929	0.000401	-7.491939	-0.000401	0.989929	3.546841	
365	0.988828	0.000621	-7.160860	-0.000621	0.988828	3.905866	
366	0.989065	0.000322	-7.631991	-0.000322	0.989065	3.603802	
367	0.988393	0.000009	-7.373040	-0.000009	0.988393	4.293434	
368	0.988539	0.000114	-7.006042	-0.000114	0.988539	4.528364	
369	0.988204	0.000408	-6.781308	-0.000408	0.988204	4.413974	
370	0.988400	0.000494	-7.307853	-0.000494	0.988400	4.214230	
371	0.988542	0.000583	-7.971524	-0.000583	0.988542	4.213974	
372	0.988553	0.000936	-8.481738	-0.000936	0.988553	4.478520	
373	0.988441	0.001148	-8.917914	-0.001148	0.988441	4.527565	
374	0.988905	0.000609	-8.962809	-0.000609	0.988905	4.296283	
375	0.988323	0.000756	-8.570193	-0.000756	0.988323	4.779223	
376	0.988917	0.000755	-8.149744	-0.000755	0.988917	4.680077	
377	0.989188	0.000561	-7.933266	-0.000561	0.989188	5.369074	
378	0.989731	0.000707	-7.415802	-0.000707	0.989731	5.362768	
379	0.990053	0.000732	-6.986494	-0.000732	0.990053	5.571907	
380	0.990487	0.001211	-7.015149	-0.001211	0.990487	5.633472	
381	0.990978	0.001160	-6.601394	-0.001160	0.990978	5.341699	
382	0.990864	0.001394	-6.227217	-0.001394	0.990864	5.452942	
383	0.991588	0.001251	-6.000779	-0.001251	0.991588	4.748692	
384	0.991240	0.001024	-5.134533	-0.001024	0.991240	4.794648	
385	0.991386	0.000970	-5.118026	-0.000970	0.991386	4.184654	
386	0.992267	0.001169	-5.426448	-0.001169	0.992267	3.776665	
387	0.992333	0.001469	-5.343264	-0.001469	0.992333	3.805695	
388	0.993055	0.001347	-5.504116	-0.001347	0.993055	3.367671	
389	0.993340	0.001027	-6.056723	-0.001027	0.993340	3.094250	
390	0.993588	0.000944	-6.350491	-0.000944	0.993588	2.833911	
391	0.994190	0.000755	-6.876076	-0.000755	0.994190	2.545499	
392	0.994873	0.000751	-7.476346	-0.000751	0.994873	2.197635	
393	0.995499	0.001036	-7.895106	-0.001036	0.995499	2.241356	
394	0.995297	0.001361	-8.160619	-0.001361	0.995297	2.508662	
395	0.996152	0.001281	-9.002684	-0.001281	0.996152	2.067035	
396	0.997468	0.001286	-9.590307	-0.001286	0.997468	1.711520	
397	0.998088	0.001041	-10.164925	-0.001041	0.998088	1.380633	
398	0.999052	0.000790	-10.435482	-0.000790	0.999052	0.870464	
399	0.999444	0.000593	-10.493773	-0.000593	0.999444	0.962928	
400	0.999100	0.000521	-10.190198	-0.000521	0.999100	1.030214	
401	0.999155	0.000793	-9.569425	-0.000793	0.999155	0.917149	
402	0.998994	0.000977	-9.790565	-0.000977	0.998994	1.384274	
403	0.999070	0.001359	-9.409873	-0.001359	0.999070	1.268969	
404	0.999087	0.001321	-8.912210	-0.001321	0.999087	1.041805	
405	0.999116	0.000999	-9.075603	-0.000999	0.999116	1.016115	
406	0.999257	0.000865	-8.858497	-0.000865	0.999257	0.800887	
407	0.999241	0.000619	-8.727636	-0.000619	0.999241	0.593728	
408	0.998464	0.000777	-7.771204	-0.000777	0.998464	1.111250	
409	0.999042	0.000528	-8.331240	-0.000528	0.999042	0.582941	
410	0.999235	0.000669	-8.321779	-0.000669	0.999235	0.485549	
411	0.999381	0.000839	-8.289428	-0.000839	0.999381	0.488158	
412	0.999370	0.001011	-7.950976	-0.001011	0.999370	0.497980	
413	0.999544	0.000989	-7.746614	-0.000989	0.999544	0.631247	
414	0.999884	0.001060	-7.792843	-0.001060	0.999884	0.662830	
415	0.999453	0.000698	-7.348891	-0.000698	0.999453	0.516524	
416	0.999654	0.000494	-7.568353	-0.000494	0.999654	0.476079	
417	0.999360	0.000515	-7.278666	-0.000515	0.999360	0.609349	
418	0.999383	0.000536	-7.446948	-0.000536	0.999383	0.563709	
419	0.999396	0.000635	-7.696005	-0.000635	0.999396	0.506944	
420	0.999355	0.000922	-7.866905	-0.000922	0.999355	0.575412	
421	0.999316	0.000824	-7.627094	-0.000824	0.999316	0.579269	
422	0.999452	0.000892	-7.509231	-0.000892	0.999452	0.671242	
423	0.999498	0.000646	-7.048884	-0.000646	0.999498	0.370372	
424	0.999679	0.000532	-6.926527	-0.000532	0.999679	0.433499	
425	0.999712	0.000465	-6.755246	-0.000465	0.999712	0.505325	
426	0.999701	0.000501	-6.497237	-0.000501	0.999701	0.507815	
427	1.001491	-0.000239	-6.453375	0.000239	1.001491	-0.490420	
428	1.002644	-0.000244	-7.082071	0.000244	1.002644	-0.956399	
429	1.002904	0.000017	-6.767849	-0.000017	1.002904	-0.640260	
430	1.002604	-0.000073	-6.811035	0.000073	1.002604	-0.350936	
431	1.002727	-0.000093	-6.748353	0.000093	1.002727	-0.273564	
432	1.003327	-0.000206	-7.333083	0.000206	1.003327	-0.119811	
433	1.002884	-0.000130	-7.203712	0.000130	1.002884	0.501043	
434	1.004307	-0.000548	-8.159969	0.000548	1.004307	-0.141104	
435	1.003792	-0.000016	-7.625000	0.000016	1.003792	0.547068	
436	1.003592	0.000046	-8.359878	-0.000046	1.003592	0.713652	
437	1.004300	-0.000269	-8.951116	0.000269	1.004300	0.210821	
438	1.003350	0.000162	-8.575681	-0.000162	1.003350	0.760847	
439	1.002758	0.000273	-8.427543	-0.000273	1.002758	1.156087	
440	1.002416	0.000233	-8.580420	-0.000233	1.002416	1.277408	
441	1.003303	-0.000019	-8.985378	0.000019	1.003303	0.533025	
442	1.003213	-0.000297	-8.203363	0.000297	1.003213	-0.143827	
443	1.002586	0.000134	-8.600367	-0.000134	1.002586	-0.329566	
444	1.002580	0.000441	-9.144673	-0.000441	1.002580	-0.994375	
445	1.002892	0.000301	-9.497335	-0.000301	1.002892	-1.197741	
446	1.002028	0.000508	-9.067028	-0.000508	1.002028	-0.633697	
447	1.003525	-0.000209	-9.939640	0.000209	1.003525	-1.008591	
448	1.002418	0.000454	-9.489786	-0.000454	1.002418	0.189507	
449	1.001895	0.000427	-9.087962	-0.000427	1.001895	0.229151	
450	1.001549	0.000364	-8.955378	-0.000364	1.001549	0.243972	
451	1.001118	0.000510	-8.703049	-0.000510	1.001118	0.357588	
452	1.001263	0.000566	-8.887242	-0.000566	1.001263	0.157841	
453	1.000908	0.000703	-8.566040	-0.000703	1.000908	0.400073	
454	1.001110	0.000619	-8.540881	-0.000619	1.001110	0.302822	
455	1.000095	0.000544	-8.083123	-0.000544	1.000095	0.700515	
456	0.999923	0.000552	-8.031473	-0.000552	0.999923	0.747471	
457	1.000007	0.000563	-8.277167	-0.000563	1.000007	0.669336	
458	0.999822	0.000560	-8.170556	-0.000560	0.999822	0.544902	
459	0.999410	0.000505	-8.041401	-0.000505	0.999410	0.848406	
460	0.999227	0.000669	-8.082181	-0.000669	0.999227	0.965688	
461	0.999231	0.000644	-8.403778	-0.000644	0.999231	1.232873	
462	0.999200	0.000477	-8.609157	-0.000477	0.999200	1.055020	
463	0.999258	0.000601	-8.636233	-0.000601	0.999258	0.894591	
464	0.999291	0.000474	-8.759847	-0.000474	0.999291	0.707913	
465	0.999194	0.000490	-8.834814	-0.000490	0.999194	0.479091	
466	0.999399	0.000507	-8.911159	-0.000507	0.999399	0.343057	
467	0.999338	0.000466	-8.738937	-0.000466	0.999338	0.458838	
468	0.999350	0.000679	-8.518080	-0.000679	0.999350	0.489694	
469	0.999242	0.000762	-8.170231	-0.000762	0.999242	0.706925	
470	0.999262	0.000687	-8.330076	-0.000687	0.999262	0.613284	
471	0.999212	0.000639	-8.111916	-0.000639	0.999212	0.619620	
472	0.999208	0.000603	-7.937511	-0.000603	0.999208	0.546227	
473	0.999226	0.000529	-7.699161	-0.000529	0.999226	0.415803	
474	0.999399	0.000408	-8.153475	-0.000408	0.999399	0.115729	
475	0.999343	0.000371	-8.579538	-0.000371	0.999343	0.054547	
476	0.999511	0.000418	-9.485780	-0.000418	0.999511	0.125234	
477	0.999439	0.000571	-10.754142	-0.000571	0.999439	0.369009	
478	0.999442	0.000693	-12.109950	-0.000693	0.999442	0.456638	
479	0.999395	0.000851	-13.438369	-0.000851	0.999395	0.227701	
480	0.999552	0.000817	-14.810315	-0.000817	0.999552	-0.133930	
481	0.999463	0.000674	-16.111179	-0.000674	0.999463	-0.435842	
482	0.999675	0.000563	-17.176052	-0.000563	0.999675	-0.796389	
483	0.999591	0.000593	-17.148365	-0.000593	0.999591	-0.722690	
484	0.999370	0.000585	-16.519132	-0.000585	0.999370	-0.405021	
485	0.999412	0.000608	-15.970323	-0.000608	0.999412	-0.464894	
486	0.999210	0.000721	-14.776745	-0.000721	0.999210	-0.404741	
487	0.999418	0.000879	-13.961262	-0.000879	0.999418	-0.422117	
488	0.999657	0.000841	-12.872343	-0.000841	0.999657	-0.629343	
489	0.999881	0.000490	-11.995401	-0.000490	0.999881	-0.981600	
490	0.998781	0.000394	-10.000159	-0.000394	0.998781	-0.753084	
491	0.999154	0.000324	-9.151219	-0.000324	0.999154	-0.955909	
492	0.999166	0.000375	-8.243863	-0.000375	0.999166	-1.051190	
493	0.998167	0.000405	-6.185577	-0.000405	0.998167	-0.835155	
494	0.998585	0.000393	-5.449295	-0.000393	0.998585	-0.986681	
495	0.998249	-0.000058	-3.929025	0.000058	0.998249	-1.137454	
496	0.998763	-0.000556	-3.204442	0.000556	0.998763	-1.488095	
497	0.998071	-0.000509	-2.246145	0.000509	0.998071	-1.208344	
498	0.998004	-0.000486	-1.924116	0.000486	0.998004	-1.063973	
499	0.998667	-0.000456	-2.034566	0.000456	0.998667	-1.157399	
