0	1.000000	0.000000	0.000000	0.000000	1.000000	0.000000	
1	0.999923	0.000057	0.035022	-0.000057	0.999923	0.044254	
2	0.999941	0.000035	0.004904	-0.000035	0.999941	0.034187	
3	0.999947	0.000016	-0.011520	-0.000016	0.999947	0.033951	
4	0.999959	0.000004	-0.107987	-0.000004	0.999959	0.042514	
5	0.999817	0.000019	-0.197848	-0.000019	0.999817	0.098363	
6	0.999962	-0.000010	-0.159849	0.000010	0.999962	0.028390	
7	0.999828	0.000018	-0.392649	-0.000018	0.999828	0.056437	
8	0.999797	0.000026	-0.372579	-0.000026	0.999797	0.055654	
9	0.999722	-0.000016	-0.671819	0.000016	0.999722	0.050206	
10	0.999662	-0.000036	-0.875081	0.000036	0.999662	0.059687	
11	0.999581	0.000023	-1.251853	-0.000023	0.999581	0.148026	
12	0.999445	-0.000104	-1.427065	0.000104	0.999445	0.136589	
13	0.999430	-0.000105	-1.733166	0.000105	0.999430	0.155538	
14	0.999265	-0.000132	-2.028556	0.000132	0.999265	0.212767	
15	0.999165	-0.000178	-2.237820	0.000178	0.999165	0.216353	
16	0.999076	-0.000071	-2.588194	0.000071	0.999076	0.338096	
17	0.998947	-0.000282	-2.777011	0.000282	0.998947	0.160475	
18	0.998748	-0.000137	-3.105616	0.000137	0.998748	0.302733	
19	0.998861	-0.000177	-3.378536	0.000177	0.998861	0.231864	
20	0.998558	-0.000331	-3.377758	0.000331	0.998558	0.218876	
21	0.998697	-0.000273	-3.815127	0.000273	0.998697	0.281006	
22	0.998470	-0.000320	-3.843147	0.000320	0.998470	0.386088	
23	0.998345	-0.000388	-3.835928	0.000388	0.998345	0.406643	
24	0.999380	0.000369	-5.555353	-0.000369	0.999380	0.548720	
25	0.998159	-0.000467	-4.310008	0.000467	0.998159	0.408457	
26	0.998143	-0.000321	-4.574204	0.000321	0.998143	0.556572	
27	0.997994	-0.000373	-4.736011	0.000373	0.997994	0.523664	
28	0.999542	0.000635	-7.170065	-0.000635	0.999542	0.670533	
29	0.998144	-0.000341	-5.499101	0.000341	0.998144	0.469436	
30	0.998388	-0.000036	-6.100424	0.000036	0.998388	0.623127	
31	0.999448	0.000727	-7.937117	-0.000727	0.999448	0.809005	
32	0.999282	0.000594	-7.599390	-0.000594	0.999282	0.711339	
33	0.999743	0.000559	-8.753000	-0.000559	0.999743	0.555982	
34	0.999732	0.000506	-8.851087	-0.000506	0.999732	0.632640	
35	0.999792	0.000558	-9.271944	-0.000558	0.999792	0.650040	
36	0.999806	0.000514	-9.821608	-0.000514	0.999806	0.506300	
37	0.999687	0.000494	-9.656965	-0.000494	0.999687	0.441954	
38	0.999754	0.000564	-10.204856	-0.000564	0.999754	0.523577	
39	0.999582	0.000564	-10.505345	-0.000564	0.999582	0.620352	
40	0.999725	0.000554	-10.908136	-0.000554	0.999725	0.529701	
41	1.000021	0.000666	-11.773154	-0.000666	1.000021	0.576618	
42	1.000081	0.000792	-12.354055	-0.000792	1.000081	0.635240	
43	0.999014	0.000666	-11.690465	-0.000666	0.999014	0.934769	
44	0.999701	0.000806	-13.110968	-0.000806	0.999701	0.783023	
45	0.999679	0.000831	-13.820798	-0.000831	0.999679	0.795948	
46	0.999767	0.000943	-14.405357	-0.000943	0.999767	0.896032	
47	0.999715	0.001076	-15.286817	-0.001076	0.999715	0.999746	
48	0.999825	0.000776	-16.123544	-0.000776	0.999825	0.623120	
49	0.999716	0.000862	-16.742345	-0.000862	0.999716	0.782067	
50	0.999988	0.000851	-18.352081	-0.000851	0.999988	0.741761	
51	0.999817	0.001026	-19.048948	-0.001026	0.999817	0.959658	
52	0.999802	0.001276	-20.033887	-0.001276	0.999802	1.112232	
53	1.000075	0.001364	-21.480711	-0.001364	1.000075	1.031980	
54	1.000041	0.001389	-21.517526	-0.001389	1.000041	1.220781	
55	0.999839	0.001398	-21.959656	-0.001398	0.999839	1.201795	
56	1.000003	0.001475	-22.342090	-0.001475	1.000003	1.220543	
57	1.000205	0.001328	-22.393574	-0.001328	1.000205	1.010714	
58	1.000319	0.001385	-22.956663	-0.001385	1.000319	1.018752	
59	1.000803	0.001493	-23.909626	-0.001493	1.000803	0.822103	
60	1.001006	0.001535	-24.457758	-0.001535	1.001006	0.646064	
61	1.001155	0.001765	-25.373539	-0.001765	1.001155	0.740287	
62	1.001014	0.001604	-24.758352	-0.001604	1.001014	0.749322	
63	1.001261	0.001457	-24.566630	-0.001457	1.001261	0.736758	
64	1.001445	0.001409	-25.524184	-0.001409	1.001445	0.937014	
65	1.001397	0.001280	-24.817724	-0.001280	1.001397	0.839944	
66	1.001076	0.001342	-24.661565	-0.001342	1.001076	0.874988	
67	1.001232	0.001516	-24.732200	-0.001516	1.001232	0.697081	
68	1.000800	0.001428	-23.099788	-0.001428	1.000800	0.872779	
69	1.000980	0.001571	-22.302315	-0.001571	1.000980	0.809283	
70	1.000957	0.001422	-20.930279	-0.001422	1.000957	0.691583	
71	1.000491	0.001439	-19.078581	-0.001439	1.000491	1.030950	
72	1.001067	0.001461	-18.532260	-0.001461	1.001067	0.805425	
73	1.000516	0.001080	-15.172318	-0.001080	1.000516	0.591738	
74	1.000564	0.000984	-12.288069	-0.000984	1.000564	0.432302	
75	1.000462	0.000653	-9.418302	-0.000653	1.000462	0.130582	
76	0.998969	-0.000285	-4.444047	0.000285	0.998969	0.206841	
77	0.999511	-0.000139	-2.894482	0.000139	0.999511	0.253355	
78	0.999737	-0.000068	-1.389650	0.000068	0.999737	0.075629	
79	0.999868	0.000042	-0.519122	-0.000042	0.999868	0.088404	
80	0.999974	0.000091	0.125680	-0.000091	0.999974	0.087465	
81	1.000061	0.000115	0.462428	-0.000115	1.000061	0.059846	
82	1.000154	0.000075	0.506167	-0.000075	1.000154	0.018092	
83	1.000223	0.000033	0.544371	-0.000033	1.000223	-0.033491	
84	1.000191	-0.000009	0.489389	0.000009	1.000191	-0.050888	
85	1.000187	-0.000029	0.568433	0.000029	1.000187	-0.107258	
86	1.000263	0.000039	0.746213	-0.000039	1.000263	-0.110107	
87	1.000209	0.000127	0.601016	-0.000127	1.000209	-0.034078	
88	1.000156	0.000177	0.822568	-0.000177	1.000156	-0.006446	
89	1.000101	0.000106	1.013604	-0.000106	1.000101	-0.063699	
90	1.000039	0.000027	0.887002	-0.000027	1.000039	-0.114261	
91	1.000023	-0.000066	1.085922	0.000066	1.000023	-0.168590	
92	1.000019	-0.000039	0.934420	0.000039	1.000019	-0.094733	
93	1.000108	-0.000004	1.277788	0.000004	1.000108	-0.063729	
94	1.000196	-0.000010	1.737506	0.000010	1.000196	-0.054075	
95	1.000455	-0.000015	2.517264	0.000015	1.000455	-0.202236	
96	1.000557	0.000240	3.130665	-0.000240	1.000557	-0.106522	
97	1.000463	0.000277	4.023686	-0.000277	1.000463	-0.197078	
98	1.000866	0.000208	4.197309	-0.000208	1.000866	-0.267022	
99	1.000913	0.000350	4.621085	-0.000350	1.000913	-0.213273	
100	1.001122	0.000195	5.190856	-0.000195	1.001122	-0.474180	
101	0.999694	-0.000684	7.417581	0.000684	0.999694	-0.592127	
102	0.997738	-0.000878	9.260580	0.000878	0.997738	0.046877	
103	0.999419	-0.000844	9.470213	0.000844	0.999419	-0.512822	
104	0.999968	-0.000586	10.204507	0.000586	0.999968	-0.670177	
105	0.998215	-0.001345	12.029235	0.001345	0.998215	-0.538146	
106	0.998971	-0.000738	12.402774	0.000738	0.998971	-0.226791	
107	0.999775	-0.000843	12.625190	0.000843	0.999775	-0.537792	
108	0.999220	-0.001094	13.762546	0.001094	0.999220	-0.519139	
109	0.999833	-0.000944	13.190438	0.000944	0.999833	-0.705476	
110	0.999579	-0.000890	13.109069	0.000890	0.999579	-0.456921	
111	0.999817	-0.000867	12.964331	0.000867	0.999817	-0.561850	
112	0.996297	-0.001377	13.380308	0.001377	0.996297	0.294111	
113	0.999722	-0.000826	11.075424	0.000826	0.999722	-0.715039	
114	0.998852	-0.000764	10.133486	0.000764	0.998852	-0.245787	
115	1.001978	0.000721	5.665620	-0.000721	1.001978	-0.434267	
116	0.999674	-0.000538	6.685312	0.000538	0.999674	-0.409878	
117	1.000935	0.000219	3.913183	-0.000219	1.000935	-0.384967	
118	1.000492	0.000051	2.766879	-0.000051	1.000492	-0.308076	
119	1.000213	-0.000065	2.083265	0.000065	1.000213	-0.334460	
120	1.000218	0.000032	1.513736	-0.000032	1.000218	-0.069156	
121	1.000245	0.000041	1.111085	-0.000041	1.000245	-0.035267	
122	1.000133	0.000041	1.064727	-0.000041	1.000133	0.038322	
123	1.000010	0.000095	0.980591	-0.000095	1.000010	0.116867	
124	0.999954	0.000096	1.122004	-0.000096	0.999954	0.094345	
125	0.999974	0.000024	1.079367	-0.000024	0.999974	0.052590	
126	1.000083	0.000021	1.156697	-0.000021	1.000083	0.026431	
127	1.000090	0.000063	1.112257	-0.000063	1.000090	0.065201	
128	1.000058	0.000126	0.820608	-0.000126	1.000058	0.084973	
129	1.000130	0.000095	0.873470	-0.000095	1.000130	-0.005533	
130	1.000033	0.000017	0.676268	-0.000017	1.000033	-0.023603	
131	1.000151	0.000090	0.779972	-0.000090	1.000151	-0.039214	
132	1.000015	0.000037	0.534508	-0.000037	1.000015	-0.033166	
133	1.000035	0.000024	0.607228	-0.000024	1.000035	0.002275	
134	0.999974	-0.000022	0.593664	0.000022	0.999974	0.009786	
135	0.999976	-0.000013	0.624978	0.000013	0.999976	0.013328	
136	1.000051	-0.000069	0.733295	0.000069	1.000051	-0.023364	
137	0.999904	-0.000121	0.709885	0.000121	0.999904	-0.091464	
138	0.999931	-0.000101	0.682384	0.000101	0.999931	-0.041629	
139	0.999966	-0.000022	0.652347	0.000022	0.999966	-0.006524	
140	1.000044	-0.000004	0.578445	0.000004	1.000044	0.020271	
141	1.000092	0.000011	0.599276	-0.000011	1.000092	0.080473	
142	1.000101	-0.000076	0.586859	0.000076	1.000101	0.015809	
143	1.000107	0.000038	0.539161	-0.000038	1.000107	0.073384	
144	1.000099	0.000088	0.625336	-0.000088	1.000099	0.085016	
145	1.000128	0.000089	0.488211	-0.000089	1.000128	0.057023	
146	1.000054	0.000131	0.594924	-0.000131	1.000054	0.097346	
147	1.000119	0.000112	0.583167	-0.000112	1.000119	0.065535	
148	1.000153	0.000070	0.455091	-0.000070	1.000153	-0.025042	
149	1.000222	0.000091	0.538128	-0.000091	1.000222	-0.017177	
150	1.000233	0.000021	0.341327	-0.000021	1.000233	-0.038486	
151	1.000283	0.000032	0.443636	-0.000032	1.000283	-0.044366	
152	1.000250	0.000029	0.396511	-0.000029	1.000250	-0.052674	
153	1.000212	-0.000018	0.361995	0.000018	1.000212	-0.072569	
154	1.000135	0.000067	0.343158	-0.000067	1.000135	-0.006570	
155	1.000088	0.000118	0.409634	-0.000118	1.000088	0.010746	
156	1.000045	0.000118	0.291789	-0.000118	1.000045	0.039216	
157	1.000093	0.000084	0.264112	-0.000084	1.000093	0.008494	
158	1.000094	-0.000038	0.158421	0.000038	1.000094	-0.041120	
159	1.000190	-0.000128	0.162508	0.000128	1.000190	-0.139033	
160	1.000185	-0.000166	0.040201	0.000166	1.000185	-0.171633	
161	1.000281	-0.000157	0.117990	0.000157	1.000281	-0.179507	
162	1.000246	-0.000155	-0.036849	0.000155	1.000246	-0.167154	
163	1.000270	-0.000087	0.054793	0.000087	1.000270	-0.148842	
164	1.000189	-0.000010	-0.076633	0.000010	1.000189	-0.065692	
165	1.000152	-0.000023	-0.052737	0.000023	1.000152	-0.103034	
166	1.000149	0.000046	-0.022655	-0.000046	1.000149	-0.117643	
167	1.000220	0.000039	-0.161922	-0.000039	1.000220	-0.094002	
168	1.000196	-0.000013	-0.160076	0.000013	1.000196	-0.115332	
169	1.000219	-0.000045	-0.183920	0.000045	1.000219	-0.118692	
170	1.000187	-0.000069	-0.148904	0.000069	1.000187	-0.108312	
171	1.000284	-0.000079	-0.223896	0.000079	1.000284	-0.139499	
172	1.000323	-0.000088	-0.244547	0.000088	1.000323	-0.161166	
173	1.000240	-0.000084	-0.203928	0.000084	1.000240	-0.135815	
174	1.000299	-0.000050	-0.274527	0.000050	1.000299	-0.150120	
175	1.000153	-0.000016	-0.353175	0.000016	1.000153	-0.097807	
176	1.000170	-0.000021	-0.226483	0.000021	1.000170	-0.080785	
177	1.000116	-0.000027	-0.239165	0.000027	1.000116	-0.060491	
178	1.000109	-0.000068	-0.228616	0.000068	1.000109	-0.089280	
179	1.000068	-0.000087	-0.077385	0.000087	1.000068	-0.101633	
180	1.000162	-0.000055	-0.105230	0.000055	1.000162	-0.095066	
181	1.000107	0.000080	-0.095132	-0.000080	1.000107	-0.027133	
182	1.000137	0.000140	-0.146515	-0.000140	1.000137	0.029636	
183	1.000174	0.000118	-0.138865	-0.000118	1.000174	0.037200	
184	1.000091	0.000063	-0.161907	-0.000063	1.000091	0.006903	
185	0.999934	-0.000074	-0.090093	0.000074	0.999934	-0.042712	
186	0.999947	-0.000056	-0.161519	0.000056	0.999947	-0.060879	
187	0.999875	-0.000010	-0.228752	0.000010	0.999875	-0.003888	
188	0.999886	-0.000004	-0.470689	0.000004	0.999886	0.016998	
189	0.999991	0.000085	-0.544877	-0.000085	0.999991	0.071630	
190	1.000130	0.000164	-0.977090	-0.000164	1.000130	0.146667	
191	1.000068	0.000150	-1.101995	-0.000150	1.000068	0.164396	
192	1.000009	0.000159	-1.254996	-0.000159	1.000009	0.156395	
193	0.999831	0.000006	-1.335988	-0.000006	0.999831	0.077291	
194	0.999570	0.000082	-1.900098	-0.000082	0.999570	0.207941	
195	0.999534	0.000053	-2.089659	-0.000053	0.999534	0.226134	
196	0.999467	-0.000012	-2.602226	0.000012	0.999467	0.253950	
197	0.998972	-0.000089	-2.613867	0.000089	0.998972	0.448814	
198	0.999186	-0.000050	-3.301325	0.000050	0.999186	0.303179	
199	0.998636	-0.000213	-3.274309	0.000213	0.998636	0.319307	
200	0.998918	-0.000267	-4.222201	0.000267	0.998918	0.221444	
201	0.998553	-0.000433	-4.094050	0.000433	0.998553	0.228361	
202	0.998309	-0.000490	-4.428254	0.000490	0.998309	0.300969	
203	0.999869	0.000425	-6.509682	-0.000425	0.999869	0.427786	
204	0.998515	-0.000405	-5.038820	0.000405	0.998515	0.320090	
205	0.997937	-0.000388	-4.789186	0.000388	0.997937	0.509301	
206	1.000027	0.000484	-7.032018	-0.000484	1.000027	0.308518	
207	1.000067	0.000524	-7.516006	-0.000524	1.000067	0.315219	
208	1.000316	0.000554	-7.787105	-0.000554	1.000316	0.441061	
209	1.000090	0.000672	-8.322233	-0.000672	1.000090	0.659697	
210	0.999930	0.000654	-8.585919	-0.000654	0.999930	0.616300	
211	0.999606	0.000545	-8.828451	-0.000545	0.999606	0.503438	
212	0.999995	0.000600	-9.159128	-0.000600	0.999995	0.612802	
213	0.999753	0.000602	-8.906762	-0.000602	0.999753	0.641018	
214	0.999697	0.000511	-7.876407	-0.000511	0.999697	0.606125	
215	0.999695	0.000423	-6.959303	-0.000423	0.999695	0.641607	
216	0.999493	0.000308	-6.029017	-0.000308	0.999493	0.529722	
217	0.999564	0.000205	-5.618340	-0.000205	0.999564	0.281790	
218	0.998439	-0.000539	-4.148819	0.000539	0.998439	0.259922	
219	0.999565	0.000251	-5.588705	-0.000251	0.999565	0.338685	
220	0.998445	-0.000402	-3.749982	0.000402	0.998445	0.359247	
221	0.997659	-0.000473	-3.174794	0.000473	0.997659	0.705683	
222	0.998496	-0.000417	-3.776572	0.000417	0.998496	0.525149	
223	0.998670	-0.000086	-3.966093	0.000086	0.998670	0.440498	
224	0.998651	0.000028	-3.651563	-0.000028	0.998651	0.562237	
225	0.998644	0.000184	-3.381018	-0.000184	0.998644	0.607996	
226	0.999081	0.000364	-3.535689	-0.000364	0.999081	0.570582	
227	0.999023	0.000237	-2.899645	-0.000237	0.999023	0.580354	
228	0.999148	-0.000025	-2.386778	0.000025	0.999148	0.301462	
229	0.999347	-0.000235	-2.088964	0.000235	0.999347	0.115157	
230	0.999444	-0.000349	-1.974980	0.000349	0.999444	0.018506	
231	0.999681	-0.000311	-1.649730	0.000311	0.999681	0.042924	
232	0.999782	-0.000248	-1.419071	0.000248	0.999782	0.073081	
233	0.999910	-0.000152	-1.184184	0.000152	0.999910	0.125922	
234	0.999925	-0.000041	-0.886765	0.000041	0.999925	0.154538	
235	1.000001	0.000040	-0.844743	-0.000040	1.000001	0.135612	
236	1.000039	0.000036	-0.608802	-0.000036	1.000039	0.091617	
237	1.000041	0.000116	-0.453674	-0.000116	1.000041	0.117772	
238	1.000010	0.000156	-0.529650	-0.000156	1.000010	0.145462	
239	1.000022	0.000128	-0.349127	-0.000128	1.000022	0.077553	
240	0.999970	0.000121	-0.197501	-0.000121	0.999970	0.052333	
241	0.999973	0.000093	-0.280457	-0.000093	0.999973	-0.005575	
242	0.999924	0.000024	-0.234924	-0.000024	0.999924	-0.049153	
243	0.999983	-0.000030	-0.010876	0.000030	0.999983	-0.116133	
244	1.000044	-0.000052	-0.006674	0.000052	1.000044	-0.141043	
245	1.000080	-0.000076	0.006484	0.000076	1.000080	-0.204364	
246	1.000070	-0.000024	-0.002950	0.000024	1.000070	-0.159766	
247	1.000033	0.000007	-0.075062	-0.000007	1.000033	-0.156949	
248	1.000084	0.000018	-0.086441	-0.000018	1.000084	-0.141530	
249	1.000089	0.000078	-0.041758	-0.000078	1.000089	-0.092775	
