0	1.000000	0.000000	0.000000	0.000000	1.000000	0.000000	
1	1.000002	0.000008	-0.018471	-0.000008	1.000002	0.009767	
2	0.999997	-0.000006	-0.036214	0.000006	0.999997	-0.002099	
3	0.999920	-0.000005	-0.078400	0.000005	0.999920	0.020880	
4	1.000021	-0.000064	-0.412306	0.000064	1.000021	-0.034856	
5	1.000027	-0.000052	-0.333282	0.000052	1.000027	-0.031761	
6	0.999965	-0.000060	-0.493757	0.000060	0.999965	-0.016379	
7	0.999962	-0.000071	-0.524859	0.000071	0.999962	-0.028431	
8	0.999982	-0.000124	-0.690493	0.000124	0.999982	-0.067751	
9	0.999927	-0.000326	-1.890667	0.000326	0.999927	-0.213111	
10	0.999905	-0.000166	-1.113385	0.000166	0.999905	-0.080827	
11	0.999892	-0.000274	-1.328331	0.000274	0.999892	-0.168906	
12	0.999869	-0.000248	-1.605820	0.000248	0.999869	-0.154017	
13	0.999889	-0.000307	-1.827412	0.000307	0.999889	-0.211303	
14	0.999568	-0.000815	-4.159920	0.000815	0.999568	-0.477618	
15	0.999837	-0.000497	-2.341457	0.000497	0.999837	-0.327232	
16	0.999957	-0.000504	-2.699817	0.000504	0.999957	-0.367709	
17	1.000145	-0.000582	-2.990819	0.000582	1.000145	-0.458964	
18	1.000022	-0.000656	-3.038267	0.000656	1.000022	-0.488650	
19	0.999873	0.001040	-9.460563	-0.001040	0.999873	0.704036	
20	1.000087	-0.000779	-3.605455	0.000779	1.000087	-0.600756	
21	0.998490	-0.001489	-2.353395	0.001489	0.998490	-0.903342	
22	0.999698	-0.000805	-3.803269	0.000805	0.999698	-0.540811	
23	0.999934	-0.000925	-3.920057	0.000925	0.999934	-0.670481	
24	0.999693	0.001198	-12.055555	-0.001198	0.999693	0.848156	
25	0.997767	-0.000429	-3.636881	0.000429	0.997767	0.245746	
26	0.997973	-0.000488	-4.004397	0.000488	0.997973	0.154956	
27	0.997575	-0.000596	-3.983254	0.000596	0.997575	0.173338	
28	0.997547	-0.000501	-4.083602	0.000501	0.997547	0.286741	
29	0.999382	0.001364	-13.888994	-0.001364	0.999382	1.053929	
30	0.996893	-0.000642	-4.168791	0.000642	0.996893	0.301907	
31	0.996435	-0.000680	-4.092377	0.000680	0.996435	0.364075	
32	0.996290	-0.000744	-4.134595	0.000744	0.996290	0.360867	
33	0.999644	0.000905	-8.089673	-0.000905	0.999644	0.701139	
34	0.999344	0.001804	-18.228072	-0.001804	0.999344	1.380227	
35	0.999139	0.001084	-9.736322	-0.001084	0.999139	0.924630	
36	0.999626	0.001166	-11.364181	-0.001166	0.999626	0.797904	
37	0.999772	0.001459	-12.872150	-0.001459	0.999772	0.919281	
38	0.998547	0.001650	-13.382127	-0.001650	0.998547	1.497769	
39	0.999895	0.003028	-33.857144	-0.003028	0.999895	1.948822	
40	0.997492	0.002205	-18.552396	-0.002205	0.997492	1.988395	
41	0.999858	0.002002	-22.392321	-0.002002	0.999858	1.250271	
42	0.999851	0.002338	-24.203733	-0.002338	0.999851	1.450998	
43	0.999766	0.002197	-26.388929	-0.002197	0.999766	1.456376	
44	0.996962	0.005043	-57.200705	-0.005043	0.996962	3.898002	
45	0.999146	0.002305	-31.953689	-0.002305	0.999146	1.579715	
46	0.999891	0.002820	-34.248968	-0.002820	0.999891	1.966375	
47	1.002320	0.002032	-34.282229	-0.002032	1.002320	0.926856	
48	1.002765	0.001812	-33.585445	-0.001812	1.002765	0.584600	
49	1.006321	0.001876	-60.877639	-0.001876	1.006321	-0.546910	
50	0.998142	0.002664	-24.552175	-0.002664	0.998142	2.032499	
51	1.001049	0.001726	-21.770306	-0.001726	1.001049	0.935822	
52	0.998423	0.002051	-18.078060	-0.002051	0.998423	2.120466	
53	0.998170	0.001679	-15.592256	-0.001679	0.998170	1.764688	
54	1.003703	0.001964	-29.717803	-0.001964	1.003703	0.426126	
55	0.999318	0.001443	-12.642967	-0.001443	0.999318	0.725362	
56	1.000105	0.001381	-11.915297	-0.001381	1.000105	0.564392	
57	1.000111	0.001053	-10.749584	-0.001053	1.000111	0.574993	
58	1.007365	-0.001885	-11.092441	0.001885	1.007365	-2.770887	
59	0.999703	0.001871	-14.802372	-0.001871	0.999703	1.212556	
60	1.001452	-0.001253	-4.751475	0.001253	1.001452	-0.928274	
61	1.000922	-0.000819	-3.860210	0.000819	1.000922	-0.583847	
62	1.000662	-0.000468	-2.886407	0.000468	1.000662	-0.395551	
63	1.000394	-0.000268	-2.191351	0.000268	1.000394	-0.275344	
64	1.000527	-0.000463	-2.676166	0.000463	1.000527	-0.457542	
65	1.000122	-0.000174	-0.697537	0.000174	1.000122	-0.077542	
66	1.000059	0.000034	-0.293796	-0.000034	1.000059	0.053207	
67	0.999966	0.000147	0.119533	-0.000147	0.999966	0.125710	
68	0.999984	0.000123	0.228257	-0.000123	0.999984	0.090887	
69	0.999938	-0.000013	0.195674	0.000013	0.999938	0.050483	
70	0.999913	0.000050	0.231223	-0.000050	0.999913	-0.041476	
71	0.999922	0.000047	0.240170	-0.000047	0.999922	-0.015453	
72	0.999920	0.000041	0.085265	-0.000041	0.999920	0.035328	
73	0.999949	0.000005	0.044893	-0.000005	0.999949	0.019832	
74	0.999946	0.000001	0.064509	-0.000001	0.999946	0.129913	
75	0.999970	0.000033	0.132933	-0.000033	0.999970	0.041366	
76	0.999924	0.000036	0.180028	-0.000036	0.999924	0.046406	
77	0.999932	-0.000066	0.192944	0.000066	0.999932	-0.029549	
78	0.999881	-0.000097	0.438001	0.000097	0.999881	-0.071725	
79	0.999632	0.000206	1.555455	-0.000206	0.999632	0.181849	
80	0.999751	0.000167	1.256198	-0.000167	0.999751	0.161474	
81	0.999545	0.000251	1.732724	-0.000251	0.999545	0.269242	
82	0.999551	0.000284	2.128339	-0.000284	0.999551	0.309927	
83	0.999399	0.000407	2.647351	-0.000407	0.999399	0.345331	
84	0.995749	0.001036	8.209516	-0.001036	0.995749	1.423173	
85	0.999255	0.000499	3.693721	-0.000499	0.999255	0.416195	
86	0.998978	0.000682	4.043720	-0.000682	0.998978	0.622407	
87	0.999177	0.000658	4.103687	-0.000658	0.999177	0.605210	
88	0.999118	0.000664	4.420088	-0.000664	0.999118	0.613359	
89	0.999536	-0.001063	11.878374	0.001063	0.999536	-0.529959	
90	0.997684	0.000384	6.433786	-0.000384	0.997684	0.771044	
91	1.001040	0.000343	4.611235	-0.000343	1.001040	-0.140954	
92	1.001243	-0.000119	4.849357	0.000119	1.001243	-0.453333	
93	0.997318	0.000425	7.083306	-0.000425	0.997318	0.878963	
94	0.999867	-0.001306	13.105518	0.001306	0.999867	-0.743537	
95	0.997949	0.000110	7.073333	-0.000110	0.997949	0.598573	
96	0.996871	0.000567	7.267407	-0.000567	0.996871	1.113941	
97	0.997826	0.000389	6.634080	-0.000389	0.997826	0.755456	
98	1.001479	0.000015	4.653575	-0.000015	1.001479	-0.383645	
99	1.000063	-0.001103	11.849944	0.001103	1.000063	-0.725256	
100	0.999275	0.000605	4.710493	-0.000605	0.999275	0.568754	
101	0.998894	0.000653	4.730901	-0.000653	0.998894	0.690742	
102	0.999057	0.000501	4.499579	-0.000501	0.999057	0.531883	
103	0.999148	0.000511	4.312215	-0.000511	0.999148	0.515928	
104	0.999660	-0.000998	9.322848	0.000998	0.999660	-0.552501	
105	0.999204	0.000263	3.620612	-0.000263	0.999204	0.277527	
106	0.999203	0.000244	3.302553	-0.000244	0.999203	0.313962	
107	0.999457	0.000170	2.949152	-0.000170	0.999457	0.203678	
108	0.999490	0.000173	2.728296	-0.000173	0.999490	0.200986	
109	0.999090	0.000461	4.742918	-0.000461	0.999090	0.441282	
110	0.999545	0.000065	2.070746	-0.000065	0.999545	0.121519	
111	0.999627	0.000131	1.779642	-0.000131	0.999627	0.145195	
112	0.999738	-0.000181	1.545030	0.000181	0.999738	-0.042200	
113	0.999762	0.000107	1.305602	-0.000107	0.999762	0.121432	
114	0.999656	0.000248	2.374191	-0.000248	0.999656	0.189721	
115	0.999842	-0.000067	1.008186	0.000067	0.999842	0.000492	
116	0.999834	0.000078	0.893922	-0.000078	0.999834	0.097897	
117	0.999904	0.000045	0.817209	-0.000045	0.999904	0.067668	
118	0.999895	-0.000005	0.758017	0.000005	0.999895	0.061365	
119	0.999870	0.000034	1.197980	-0.000034	0.999870	0.093528	
120	0.999971	-0.000013	0.569869	0.000013	0.999971	-0.009811	
121	0.999896	-0.000047	0.617991	0.000047	0.999896	-0.022429	
122	0.999903	-0.000061	0.632820	0.000061	0.999903	-0.056758	
123	0.999950	-0.000014	0.477291	0.000014	0.999950	-0.018782	
124	0.999950	0.000109	1.104187	-0.000109	0.999950	0.050113	
125	0.999909	-0.000034	0.835662	0.000034	0.999909	-0.036361	
126	0.999910	0.000061	1.037069	-0.000061	0.999910	0.018384	
127	0.999894	0.000024	1.395927	-0.000024	0.999894	-0.052782	
128	0.999809	0.000196	2.281245	-0.000196	0.999809	0.063593	
129	1.001988	0.000019	6.518316	-0.000019	1.001988	-0.645234	
130	0.998239	0.000244	6.884979	-0.000244	0.998239	0.465957	
131	0.997321	0.000335	8.685668	-0.000335	0.997321	0.836867	
132	1.000813	-0.000978	9.341503	0.000978	1.000813	-0.710085	
133	0.999876	-0.001104	11.968395	0.001104	0.999876	-0.740274	
134	1.001121	-0.002557	30.327182	0.002557	1.001121	-2.463936	
135	1.001315	-0.001991	19.364253	0.001991	1.001315	-2.007356	
136	1.001233	-0.002501	22.386680	0.002501	1.001233	-2.446351	
137	1.002811	-0.002760	23.821090	0.002760	1.002811	-2.926355	
138	1.000680	-0.001819	26.995500	0.001819	1.000680	-1.582946	
139	0.998777	-0.005199	59.848727	0.005199	0.998777	-2.744120	
140	0.999263	-0.001457	28.874942	0.001457	0.999263	-0.491780	
141	0.999315	-0.001861	25.918277	0.001861	0.999315	-0.693361	
142	1.002774	-0.002584	19.733763	0.002584	1.002774	-2.075687	
143	1.001654	-0.001715	15.744559	0.001715	1.001654	-1.129351	
144	1.002737	-0.001418	17.362265	0.001418	1.002737	-0.674033	
145	0.999761	0.000712	3.121727	-0.000712	0.999761	0.649733	
146	0.999829	0.000317	1.617442	-0.000317	0.999829	0.232805	
147	1.000009	0.000077	0.838806	-0.000077	1.000009	-0.273294	
148	1.000048	0.000051	0.678139	-0.000051	1.000048	-0.318023	
149	0.999942	0.000380	1.770505	-0.000380	0.999942	-0.155143	
150	1.000159	0.000166	1.011667	-0.000166	1.000159	-0.024294	
151	1.000159	0.000206	1.232322	-0.000206	1.000159	0.110351	
152	1.000169	0.000331	1.695182	-0.000331	1.000169	0.215404	
153	1.000120	0.000476	1.979629	-0.000476	1.000120	0.321138	
154	1.002520	0.000263	3.868037	-0.000263	1.002520	-0.497642	
155	1.000177	0.000456	2.359874	-0.000456	1.000177	0.160804	
156	1.000097	0.000570	2.526498	-0.000570	1.000097	0.334414	
157	1.000305	0.000527	2.466004	-0.000527	1.000305	0.213571	
158	1.000191	0.000554	2.569579	-0.000554	1.000191	0.242155	
159	1.002912	0.000421	4.639695	-0.000421	1.002912	-0.654442	
160	1.000260	0.000519	2.590306	-0.000519	1.000260	0.214962	
161	0.999949	0.000534	2.821686	-0.000534	0.999949	0.231428	
162	1.000031	0.000535	2.668081	-0.000535	1.000031	0.169236	
163	0.999889	0.000479	2.695248	-0.000479	0.999889	0.134628	
164	0.997373	0.000523	7.538771	-0.000523	0.997373	0.436940	
165	0.999916	0.000499	2.474930	-0.000499	0.999916	-0.023940	
166	0.999874	0.000457	2.474036	-0.000457	0.999874	-0.075828	
167	0.999976	0.000468	2.336797	-0.000468	0.999976	-0.112391	
168	0.999906	0.000417	2.378483	-0.000417	0.999906	-0.122930	
169	0.999927	0.000884	4.325809	-0.000884	0.999927	-0.080999	
170	0.999888	0.000371	2.125409	-0.000371	0.999888	-0.075840	
171	0.999830	0.000266	2.071749	-0.000266	0.999830	0.003349	
172	1.000066	0.000201	1.658863	-0.000201	1.000066	-0.050176	
173	1.000004	0.000276	1.566481	-0.000276	1.000004	0.168197	
174	1.000630	0.000394	2.371760	-0.000394	1.000630	0.103518	
175	1.000068	0.000088	0.991357	-0.000088	1.000068	0.103416	
176	0.999998	0.000142	0.926348	-0.000142	0.999998	0.111329	
177	1.000005	0.000064	0.783142	-0.000064	1.000005	0.040512	
178	0.999965	0.000038	0.735040	-0.000038	0.999965	0.020949	
179	0.999956	0.000141	0.923599	-0.000141	0.999956	0.100118	
180	1.000021	0.000003	0.329330	-0.000003	1.000021	-0.004193	
181	0.999991	0.000028	0.129614	-0.000028	0.999991	0.029349	
182	1.000011	-0.000064	-0.017807	0.000064	1.000011	-0.005490	
183	1.000059	-0.000050	-0.072531	0.000050	1.000059	-0.001207	
184	0.999995	-0.000022	-0.249750	0.000022	0.999995	-0.001389	
185	1.000059	-0.000017	-0.139244	0.000017	1.000059	-0.014895	
186	1.000058	-0.000003	-0.211721	0.000003	1.000058	0.003988	
187	1.000060	-0.000006	-0.279275	0.000006	1.000060	-0.008084	
188	1.000016	-0.000028	-0.337613	0.000028	1.000016	-0.008706	
189	1.000032	-0.000160	-1.121654	0.000160	1.000032	-0.092997	
190	1.000018	-0.000125	-0.790640	0.000125	1.000018	-0.079943	
191	0.999953	-0.000083	-0.801212	0.000083	0.999953	-0.056996	
192	0.999963	-0.000045	-0.953979	0.000045	0.999963	0.001760	
193	1.000042	-0.000156	-1.250776	0.000156	1.000042	-0.076110	
194	1.000045	-0.000511	-3.501750	0.000511	1.000045	-0.262692	
195	1.000133	-0.000387	-2.556523	0.000387	1.000133	-0.271733	
196	1.000144	-0.000497	-3.213235	0.000497	1.000144	-0.388497	
197	1.000014	-0.000638	-3.838473	0.000638	1.000014	-0.436407	
198	1.002088	-0.000421	-6.478385	0.000421	1.002088	-0.818272	
199	0.998848	0.001490	-14.203081	-0.001490	0.998848	1.318984	
200	0.999844	0.001046	-8.834980	-0.001046	0.999844	0.628550	
201	0.999689	0.001075	-9.471129	-0.001075	0.999689	0.682063	
202	0.999069	0.001122	-9.810098	-0.001122	0.999069	0.867411	
203	0.999972	0.001147	-11.242157	-0.001147	0.999972	0.709041	
204	0.998600	0.002493	-23.639832	-0.002493	0.998600	2.096649	
205	1.000238	0.001290	-13.251341	-0.001290	1.000238	0.886428	
206	1.000056	0.001414	-13.362318	-0.001414	1.000056	1.018678	
207	0.999358	0.001458	-13.147334	-0.001458	0.999358	1.214889	
208	0.999135	0.001622	-13.337737	-0.001622	0.999135	1.308545	
209	0.999329	0.002284	-26.555113	-0.002284	0.999329	1.606450	
210	1.000086	0.001403	-13.574306	-0.001403	1.000086	0.886649	
211	1.000103	0.001255	-13.052822	-0.001255	1.000103	0.832154	
212	0.999673	0.001108	-12.458215	-0.001108	0.999673	0.838132	
213	1.000477	0.001197	-12.734096	-0.001197	1.000477	0.746259	
214	0.999015	0.002124	-23.109349	-0.002124	0.999015	1.888317	
215	1.000107	0.001291	-11.323249	-0.001291	1.000107	0.954822	
216	0.999921	0.001130	-10.734518	-0.001130	0.999921	0.899139	
217	0.999416	0.001285	-9.967092	-0.001285	0.999416	1.141005	
218	1.000193	0.001111	-10.171822	-0.001111	1.000193	0.841035	
219	0.998181	0.002118	-17.812600	-0.002118	0.998181	2.240370	
220	0.996890	-0.000498	-5.695744	0.000498	0.996890	0.741603	
221	0.999736	0.000826	-8.138778	-0.000826	0.999736	0.986504	
222	0.999526	0.000914	-7.682535	-0.000914	0.999526	1.105488	
223	0.997832	-0.000391	-5.315685	0.000391	0.997832	0.750161	
224	0.999024	0.001053	-13.537513	-0.001053	0.999024	2.040327	
225	1.002779	-0.000062	-7.366925	0.000062	1.002779	-0.100515	
226	1.002689	-0.000249	-6.870260	0.000249	1.002689	-0.159247	
227	0.998387	-0.000371	-4.071719	0.000371	0.998387	0.901221	
228	1.002043	-0.000072	-6.066845	0.000072	1.002043	0.157066	
229	0.999287	0.000930	-10.066739	-0.000930	0.999287	2.114034	
230	1.001106	-0.000560	-4.146201	0.000560	1.001106	-0.019918	
231	1.000572	-0.000459	-3.671482	0.000459	1.000572	0.113501	
232	1.000221	-0.000502	-3.241829	0.000502	1.000221	0.135122	
233	1.000333	-0.000301	-3.021468	0.000301	1.000333	0.236838	
234	1.001005	-0.000659	-5.494797	0.000659	1.001005	0.143229	
235	1.000292	-0.000209	-2.227456	0.000209	1.000292	0.134663	
236	1.000182	-0.000168	-1.764865	0.000168	1.000182	-0.000782	
237	0.999941	-0.000226	-1.206381	0.000226	0.999941	-0.110129	
238	1.000056	-0.000117	-1.002667	0.000117	1.000056	-0.139410	
239	1.000144	-0.000074	-1.348174	0.000074	1.000144	-0.117415	
240	0.999977	-0.000114	-0.338836	0.000114	0.999977	-0.026874	
241	1.000020	-0.000065	-0.185769	0.000065	1.000020	-0.011246	
242	0.999962	-0.000039	0.004118	0.000039	0.999962	0.020874	
243	0.999947	-0.000043	0.024946	0.000043	0.999947	0.002444	
244	0.999969	0.000011	0.026730	-0.000011	0.999969	-0.017901	
245	0.999943	0.000010	0.021567	-0.000010	0.999943	-0.089926	
246	0.999919	-0.000028	0.059337	0.000028	0.999919	-0.124575	
247	0.999947	0.000019	0.025043	-0.000019	0.999947	-0.001334	
248	0.999937	-0.000016	0.030608	0.000016	0.999937	-0.008752	
249	0.999947	-0.000008	0.017091	0.000008	0.999947	-0.005896	
250	0.999980	-0.000014	0.006233	0.000014	0.999980	-0.014371	
251	0.999979	-0.000026	0.003001	0.000026	0.999979	-0.003310	
252	0.999992	-0.000030	-0.011848	0.000030	0.999992	0.002793	
253	0.999983	-0.000019	0.003539	0.000019	0.999983	0.002104	
254	0.999969	-0.000030	0.006129	0.000030	0.999969	-0.001879	
255	0.999992	-0.000024	-0.003584	0.000024	0.999992	-0.008481	
256	1.000004	-0.000016	-0.010087	0.000016	1.000004	-0.003456	
257	0.999997	-0.000028	-0.002665	0.000028	0.999997	-0.020007	
258	0.999995	-0.000033	0.003519	0.000033	0.999995	-0.033470	
259	0.999996	-0.000038	0.010666	0.000038	0.999996	-0.060844	
260	1.000009	0.000002	-0.004752	-0.000002	1.000009	-0.008878	
261	1.000003	0.000014	-0.002412	-0.000014	1.000003	0.002812	
262	1.000011	0.000020	-0.004616	-0.000020	1.000011	0.006388	
263	1.000014	0.000017	-0.004039	-0.000017	1.000014	0.008527	
264	1.000034	0.000009	-0.017061	-0.000009	1.000034	0.002826	
265	1.000038	-0.000004	-0.030386	0.000004	1.000038	-0.002051	
266	1.000028	0.000002	-0.020495	-0.000002	1.000028	0.006088	
267	1.000018	-0.000000	-0.013213	0.000000	1.000018	0.002126	
268	1.000015	-0.000007	-0.010987	0.000007	1.000015	-0.002916	
269	1.000021	-0.000028	-0.014800	0.000028	1.000021	-0.020716	
270	1.000016	-0.000006	-0.005020	0.000006	1.000016	-0.007809	
271	1.000012	-0.000003	-0.000293	0.000003	1.000012	-0.007583	
272	1.000006	0.000000	-0.000617	-0.000000	1.000006	-0.006205	
273	1.000007	0.000005	-0.006370	-0.000005	1.000007	-0.003432	
274	1.000011	0.000027	-0.013298	-0.000027	1.000011	-0.001699	
275	1.000003	0.000023	0.015108	-0.000023	1.000003	0.005437	
276	1.000011	0.000012	-0.009827	-0.000012	1.000011	0.007961	
277	1.000024	0.000003	-0.019032	-0.000003	1.000024	0.009726	
278	1.000019	0.000008	-0.013621	-0.000008	1.000019	0.012268	
279	1.000027	0.000008	0.034097	-0.000008	1.000027	-0.006459	
280	1.000033	-0.000008	-0.020169	0.000008	1.000033	0.004898	
281	0.999996	0.000015	0.005685	-0.000015	0.999996	0.026601	
282	0.999978	-0.000001	0.015284	0.000001	0.999978	0.011747	
283	0.999992	-0.000006	0.006717	0.000006	0.999992	-0.001778	
284	0.999969	-0.000022	0.029789	0.000022	0.999969	-0.036271	
285	0.999987	-0.000031	0.013764	0.000031	0.999987	-0.028885	
286	0.999993	-0.000015	0.012764	0.000015	0.999993	-0.019226	
287	0.999993	-0.000027	0.009579	0.000027	0.999993	-0.020495	
288	1.000002	-0.000027	0.004655	0.000027	1.000002	-0.010924	
289	0.999976	-0.000051	0.019494	0.000051	0.999976	-0.013770	
290	1.000003	-0.000005	-0.002176	0.000005	1.000003	0.007458	
291	1.000011	-0.000008	-0.011316	0.000008	1.000011	0.006107	
292	1.000005	-0.000006	-0.010369	0.000006	1.000005	0.001645	
293	0.999995	-0.000005	0.000844	0.000005	0.999995	0.003980	
294	1.000004	-0.000013	-0.008280	0.000013	1.000004	0.006645	
295	0.999980	0.000013	0.011325	-0.000013	0.999980	0.022968	
296	0.999979	0.000003	0.010893	-0.000003	0.999979	0.013451	
297	0.999978	-0.000007	0.014226	0.000007	0.999978	0.007848	
298	0.999970	-0.000006	0.020290	0.000006	0.999970	0.006312	
299	0.999982	-0.000028	0.012935	0.000028	0.999982	0.010067	
300	1.000003	-0.000020	0.007326	0.000020	1.000003	-0.012777	
301	0.999967	-0.000033	0.023227	0.000033	0.999967	0.002977	
302	0.999987	-0.000036	0.004384	0.000036	0.999987	0.003323	
303	0.999979	-0.000034	0.007836	0.000034	0.999979	0.004247	
304	0.999928	-0.000036	0.034069	0.000036	0.999928	0.020752	
305	0.999971	-0.000009	0.006749	0.000009	0.999971	0.014191	
306	0.999954	0.000009	0.019949	-0.000009	0.999954	0.029395	
307	0.999965	-0.000010	0.014260	0.000010	0.999965	0.012899	
308	0.999961	0.000000	0.018253	-0.000000	0.999961	0.019075	
309	0.999918	-0.000028	0.033763	0.000028	0.999918	0.027399	
310	0.999962	0.000018	0.017530	-0.000018	0.999962	0.026188	
311	0.999983	0.000021	0.006031	-0.000021	0.999983	0.029338	
312	1.000002	0.000028	-0.007895	-0.000028	1.000002	0.040187	
313	1.000000	0.000014	-0.006772	-0.000014	1.000000	0.031394	
314	0.999986	-0.000038	-0.016904	0.000038	0.999986	-0.003304	
315	0.999992	-0.000005	0.009244	0.000005	0.999992	0.018860	
316	1.000012	-0.000004	-0.000942	0.000004	1.000012	0.011680	
317	1.000005	-0.000007	0.005549	0.000007	1.000005	0.006293	
318	0.999998	-0.000018	0.001862	0.000018	0.999998	0.003970	
319	0.999962	-0.000041	0.028168	0.000041	0.999962	0.005131	
320	0.999986	-0.000006	0.014848	0.000006	0.999986	0.003167	
321	0.999982	-0.000007	0.012000	0.000007	0.999982	0.008705	
322	0.999984	0.000014	0.018754	-0.000014	0.999984	0.014929	
323	0.999989	0.000011	0.012077	-0.000011	0.999989	0.015251	
324	0.999962	0.000017	0.024371	-0.000017	0.999962	0.020266	
325	0.999973	-0.000012	0.043175	0.000012	0.999973	-0.081471	
326	0.999984	-0.000007	0.007856	0.000007	0.999984	0.000727	
327	0.999969	0.000000	0.016137	-0.000000	0.999969	0.004925	
328	0.999975	0.000003	0.017678	-0.000003	0.999975	0.002483	
329	0.999942	-0.000060	0.012607	0.000060	0.999942	-0.059611	
330	0.999971	-0.000036	0.005925	0.000036	0.999971	-0.034430	
331	0.999970	-0.000028	0.012260	0.000028	0.999970	-0.067851	
332	0.999969	-0.000047	0.007398	0.000047	0.999969	-0.068869	
333	0.999951	-0.000047	0.013929	0.000047	0.999951	-0.080661	
334	0.999968	-0.000042	-0.000448	0.000042	0.999968	-0.076364	
335	0.999938	-0.000050	0.011142	0.000050	0.999938	-0.034079	
336	0.999960	-0.000043	0.002281	0.000043	0.999960	-0.024469	
337	0.999939	-0.000042	0.010079	0.000042	0.999939	-0.020110	
338	0.999958	-0.000041	-0.005402	0.000041	0.999958	-0.014317	
339	0.999913	-0.000059	-0.000483	0.000059	0.999913	-0.027726	
340	0.999958	-0.000010	0.001630	0.000010	0.999958	-0.003463	
341	0.999971	0.000001	0.005297	-0.000001	0.999971	0.008620	
342	0.999942	-0.000024	0.037869	0.000024	0.999942	-0.017208	
343	0.999982	-0.000007	-0.004024	0.000007	0.999982	-0.000648	
344	0.999938	-0.000074	-0.003635	0.000074	0.999938	-0.032624	
345	0.999994	-0.000039	-0.017414	0.000039	0.999994	-0.024507	
