0	1.000000	0.000000	0.000000	0.000000	1.000000	0.000000	
1	1.000000	-0.000000	0.000000	0.000000	1.000000	0.000000	
2	1.000425	-0.000178	-0.129608	0.000178	1.000425	-0.445734	
3	1.000361	-0.000179	-0.014696	0.000179	1.000361	-0.231878	
4	1.000340	-0.000136	-0.062599	0.000136	1.000340	-0.136979	
5	1.000355	-0.000187	0.012909	0.000187	1.000355	-0.173710	
6	1.000383	-0.000154	-0.012193	0.000154	1.000383	-0.149594	
7	1.000321	-0.000229	0.021129	0.000229	1.000321	-0.109037	
8	1.000465	-0.000081	-0.107760	0.000081	1.000465	-0.196957	
9	1.000447	-0.000134	-0.189320	0.000134	1.000447	-0.303341	
10	1.000399	-0.000126	-0.191436	0.000126	1.000399	-0.290063	
11	1.000750	-0.000152	-0.129078	0.000152	1.000750	-0.440752	
12	1.000471	-0.000144	-0.228414	0.000144	1.000471	-0.286134	
13	1.000722	-0.000050	-0.219356	0.000050	1.000722	-0.375456	
14	1.000559	-0.000081	-0.214696	0.000081	1.000559	-0.320158	
15	1.000756	-0.000054	-0.262364	0.000054	1.000756	-0.396432	
16	1.000531	-0.000088	-0.188067	0.000088	1.000531	-0.378758	
17	1.000371	-0.000055	-0.288025	0.000055	1.000371	-0.507449	
18	1.000507	-0.000323	-0.196391	0.000323	1.000507	-0.541068	
19	0.999711	-0.000393	0.229396	0.000393	0.999711	-0.198899	
20	0.999299	-0.000245	0.303365	0.000245	0.999299	0.065222	
21	0.999776	-0.000030	-0.109683	0.000030	0.999776	-0.012121	
22	0.998236	0.000149	0.367270	-0.000149	0.998236	0.718449	
23	0.999124	-0.000033	0.187372	0.000033	0.999124	0.354313	
24	0.998932	0.000056	0.080992	-0.000056	0.998932	0.387518	
25	0.999033	0.000119	0.031185	-0.000119	0.999033	0.360631	
26	0.998185	0.000067	0.599929	-0.000067	0.998185	0.666192	
27	0.995130	0.000308	1.800650	-0.000308	0.995130	1.935525	
28	0.998782	0.000090	0.326427	-0.000090	0.998782	0.536972	
29	0.999036	0.000173	-0.221034	-0.000173	0.999036	0.356253	
30	0.999063	0.000158	-0.294934	-0.000158	0.999063	0.391079	
31	0.998864	0.000254	-0.330143	-0.000254	0.998864	0.431961	
32	0.996702	0.000664	-0.700530	-0.000664	0.996702	1.294070	
33	0.997916	0.000212	-0.074829	-0.000212	0.997916	0.698488	
34	0.998445	0.000244	-0.393879	-0.000244	0.998445	0.532662	
35	0.999197	0.000347	-0.915688	-0.000347	0.999197	0.321709	
36	1.000244	0.000293	-1.361529	-0.000293	1.000244	-0.053014	
37	0.999956	0.000809	-2.690386	-0.000809	0.999956	0.220399	
38	1.000378	0.000152	-1.228087	-0.000152	1.000378	-0.157350	
39	1.000203	0.000191	-1.048674	-0.000191	1.000203	-0.107879	
40	1.000372	0.000204	-1.013031	-0.000204	1.000372	-0.190383	
41	0.999519	0.000362	-0.713949	-0.000362	0.999519	0.151919	
42	0.998456	0.000682	-1.477752	-0.000682	0.998456	0.581009	
43	0.999832	0.000349	-0.913453	-0.000349	0.999832	-0.013302	
44	0.999997	0.000405	-1.033540	-0.000405	0.999997	-0.059395	
45	1.000032	0.000298	-0.958338	-0.000298	1.000032	-0.051557	
46	1.000077	0.000334	-1.043449	-0.000334	1.000077	0.009016	
47	1.000303	0.000850	-2.860503	-0.000850	1.000303	0.050902	
48	1.000442	0.000190	-1.483188	-0.000190	1.000442	-0.281695	
49	1.000183	0.000281	-1.349960	-0.000281	1.000183	-0.132234	
50	0.999940	0.000246	-1.175961	-0.000246	0.999940	-0.028297	
51	0.999663	0.000291	-1.199032	-0.000291	0.999663	0.061241	
52	0.997857	0.000879	-2.026437	-0.000879	0.997857	0.871301	
53	0.999243	0.000501	-1.208718	-0.000501	0.999243	0.313886	
54	0.999277	0.000489	-1.387450	-0.000489	0.999277	0.229361	
55	0.999103	0.000582	-1.252159	-0.000582	0.999103	0.345453	
56	0.999440	0.000556	-1.598867	-0.000556	0.999440	0.220875	
57	0.998357	0.001104	-3.311831	-0.001104	0.998357	0.672988	
58	0.998929	0.000516	-1.497802	-0.000516	0.998929	0.473681	
59	0.998605	0.000589	-1.307426	-0.000589	0.998605	0.646917	
60	0.998635	0.000639	-1.307545	-0.000639	0.998635	0.675672	
61	0.999398	0.000551	-1.856676	-0.000551	0.999398	0.361238	
62	0.998030	0.001142	-3.218901	-0.001142	0.998030	1.120058	
63	0.998636	0.000581	-1.265493	-0.000581	0.998636	0.765104	
64	0.998936	0.000589	-1.335977	-0.000589	0.998936	0.602967	
65	0.999081	0.000540	-1.363991	-0.000540	0.999081	0.549561	
66	0.999188	0.000542	-1.412978	-0.000542	0.999188	0.452821	
67	0.999523	0.001092	-3.256612	-0.001092	0.999523	0.356622	
68	0.999890	0.000464	-1.484991	-0.000464	0.999890	-0.011120	
69	0.999799	0.000407	-1.408482	-0.000407	0.999799	-0.052919	
70	0.999843	0.000501	-1.440843	-0.000501	0.999843	-0.063097	
71	0.999849	0.000482	-1.329755	-0.000482	0.999849	-0.037846	
72	1.000258	0.000686	-2.624044	-0.000686	1.000258	-0.311200	
73	0.999718	0.000292	-0.949674	-0.000292	0.999718	-0.010518	
74	0.999660	0.000233	-0.647390	-0.000233	0.999660	-0.006144	
75	0.999556	0.000082	-0.275239	-0.000082	0.999556	0.034410	
76	0.999640	0.000000	0.012979	-0.000000	0.999640	0.099323	
77	0.999781	-0.000121	0.136102	0.000121	0.999781	-0.161808	
78	0.999628	-0.000132	0.208991	0.000132	0.999628	-0.013900	
79	0.999519	-0.000073	0.433833	0.000073	0.999519	0.059403	
80	0.999520	-0.000065	0.468056	0.000065	0.999520	0.025537	
81	0.999443	-0.000136	0.475289	0.000136	0.999443	-0.016278	
82	0.999541	-0.000261	0.888245	0.000261	0.999541	-0.418573	
83	0.999807	-0.000221	0.569666	0.000221	0.999807	-0.384722	
84	0.999789	-0.000238	0.553350	0.000238	0.999789	-0.404307	
85	0.999862	-0.000199	0.394395	0.000199	0.999862	-0.422635	
86	0.999846	-0.000247	0.450821	0.000247	0.999846	-0.335027	
87	0.998813	-0.000392	1.760831	0.000392	0.998813	-0.216504	
88	0.998154	-0.000167	1.783858	0.000167	0.998154	0.424919	
89	0.997592	-0.000143	2.046898	0.000143	0.997592	0.473960	
90	0.998407	-0.000224	1.538067	0.000224	0.998407	0.028849	
91	0.998748	-0.000277	1.362035	0.000277	0.998748	-0.238434	
92	0.996599	-0.000505	3.796458	0.000505	0.996599	-0.257871	
93	0.997776	-0.000194	1.923935	0.000194	0.997776	0.026983	
94	0.997717	-0.000246	1.941012	0.000246	0.997717	-0.049691	
95	0.998466	-0.000233	1.457674	0.000233	0.998466	-0.296907	
96	0.999559	-0.000243	0.696412	0.000243	0.999559	-0.757820	
97	1.000615	-0.000365	0.373014	0.000365	1.000615	-2.419174	
98	1.000126	-0.000081	-0.039996	0.000081	1.000126	-1.043537	
99	1.000296	-0.000064	-0.057666	0.000064	1.000296	-1.215331	
100	1.000215	-0.000125	-0.040766	0.000125	1.000215	-1.173194	
101	1.000356	-0.000122	-0.202111	0.000122	1.000356	-1.153726	
102	1.000551	-0.000202	-0.264543	0.000202	1.000551	-2.542269	
103	1.000178	-0.000132	-0.038352	0.000132	1.000178	-1.107786	
104	1.000191	-0.000020	-0.180964	0.000020	1.000191	-1.070693	
105	1.000205	-0.000048	-0.178658	0.000048	1.000205	-1.050276	
106	1.000068	-0.000004	-0.191124	0.000004	1.000068	-0.867619	
107	1.000482	0.000119	-0.170691	-0.000119	1.000482	-1.697372	
108	1.000022	-0.000051	-0.029849	0.000051	1.000022	-0.650514	
109	1.000154	-0.000003	-0.202784	0.000003	1.000154	-0.544743	
110	1.000049	-0.000068	-0.126707	0.000068	1.000049	-0.438118	
111	0.999941	-0.000122	-0.054985	0.000122	0.999941	-0.218931	
112	1.000724	-0.000103	-0.642829	0.000103	1.000724	-0.750652	
113	1.000958	-0.000087	-0.761072	0.000087	1.000958	-0.683409	
114	1.000762	-0.000112	-0.719233	0.000112	1.000762	-0.615411	
115	1.000557	-0.000068	-0.581100	0.000068	1.000557	-0.554352	
116	1.000041	-0.000080	-0.194483	0.000080	1.000041	-0.196671	
117	1.000259	0.000036	-0.142381	-0.000036	1.000259	-0.263012	
118	0.999967	-0.000142	-0.188258	0.000142	0.999967	-0.030975	
119	1.000063	-0.000162	-0.202576	0.000162	1.000063	0.032036	
120	1.000076	-0.000148	-0.161070	0.000148	1.000076	0.021844	
121	1.000112	-0.000162	-0.100206	0.000162	1.000112	-0.002209	
122	1.000257	-0.000100	-0.038867	0.000100	1.000257	-0.022515	
123	1.000069	-0.000133	-0.059716	0.000133	1.000069	0.080583	
124	0.999905	-0.000274	0.152737	0.000274	0.999905	0.086464	
125	0.999992	-0.000267	0.150314	0.000267	0.999992	0.000862	
126	0.999902	-0.000280	0.421257	0.000280	0.999902	0.001464	
127	0.999904	-0.000303	0.522035	0.000303	0.999904	0.037256	
128	0.999808	-0.000635	1.689522	0.000635	0.999808	0.180293	
129	0.999793	-0.000539	1.162167	0.000539	0.999793	0.032904	
130	0.999761	-0.000576	1.543205	0.000576	0.999761	0.055476	
131	0.999784	-0.000631	1.599741	0.000631	0.999784	-0.025781	
132	0.999756	-0.000775	1.536043	0.000775	0.999756	-0.117732	
133	0.999622	-0.001170	3.121555	0.001170	0.999622	-0.292082	
134	0.999649	-0.000577	1.624357	0.000577	0.999649	-0.058772	
135	0.999813	-0.000593	1.470000	0.000593	0.999813	-0.161877	
136	0.999816	-0.000473	1.201153	0.000473	0.999816	-0.174035	
137	0.999745	-0.000549	1.298888	0.000549	0.999745	-0.131424	
138	0.999795	-0.000963	2.592597	0.000963	0.999795	-0.089457	
139	1.000031	-0.000367	1.007294	0.000367	1.000031	-0.051933	
140	1.000002	-0.000321	1.004394	0.000321	1.000002	-0.045622	
141	0.999969	-0.000340	0.756262	0.000340	0.999969	-0.086794	
142	0.999992	-0.000340	0.750748	0.000340	0.999992	-0.076208	
143	0.999868	-0.000551	1.606245	0.000551	0.999868	-0.254554	
144	0.999894	-0.000191	0.812285	0.000191	0.999894	-0.007973	
145	0.999992	-0.000191	0.601386	0.000191	0.999992	-0.061899	
146	0.999936	-0.000155	0.518543	0.000155	0.999936	0.010099	
147	0.999886	-0.000116	0.544186	0.000116	0.999886	0.088463	
148	0.999821	-0.000183	0.798211	0.000183	0.999821	0.162170	
149	0.999970	-0.000118	0.335398	0.000118	0.999970	0.140126	
150	1.000056	-0.000065	0.434384	0.000065	1.000056	0.069007	
151	1.000030	-0.000024	0.215198	0.000024	1.000030	0.064516	
152	1.000087	-0.000021	0.187838	0.000021	1.000087	0.032740	
153	0.999993	-0.000065	0.238844	0.000065	0.999993	0.008816	
154	1.000068	0.000013	-0.041381	-0.000013	1.000068	0.012280	
155	1.000078	0.000044	-0.163272	-0.000044	1.000078	-0.004201	
156	1.000126	0.000046	-0.199603	-0.000046	1.000126	-0.049321	
157	1.000075	0.000032	-0.135926	-0.000032	1.000075	-0.058036	
158	1.000108	0.000010	-0.046652	-0.000010	1.000108	0.001781	
159	1.000105	-0.000043	-0.097196	0.000043	1.000105	-0.031447	
160	1.000130	-0.000003	-0.073708	0.000003	1.000130	0.010628	
161	1.000150	0.000007	-0.241911	-0.000007	1.000150	0.010277	
162	1.000167	0.000031	-0.234755	-0.000031	1.000167	0.020870	
163	1.000234	0.000282	-0.596804	-0.000282	1.000234	-0.111088	
164	1.000066	0.000232	-0.308137	-0.000232	1.000066	0.057371	
165	1.000000	0.000306	-0.383707	-0.000306	1.000000	0.132232	
166	1.000187	0.000296	-0.645195	-0.000296	1.000187	0.142026	
167	1.000304	0.000379	-0.759668	-0.000379	1.000304	0.183975	
168	1.000335	0.000575	-1.362726	-0.000575	1.000335	0.387716	
169	1.000459	0.000357	-1.030124	-0.000357	1.000459	0.096645	
170	1.000282	0.000363	-0.983458	-0.000363	1.000282	0.144644	
171	1.000225	0.000358	-0.966038	-0.000358	1.000225	0.078584	
172	1.000154	0.000336	-0.936334	-0.000336	1.000154	0.050628	
173	1.000244	0.000280	-1.311025	-0.000280	1.000244	0.050990	
174	0.999994	0.000220	-0.738430	-0.000220	0.999994	0.124079	
175	0.999940	0.000195	-0.702430	-0.000195	0.999940	0.212021	
176	1.000030	0.000132	-0.565696	-0.000132	1.000030	0.136505	
177	0.999946	0.000077	-0.436884	-0.000077	0.999946	0.117051	
178	1.000087	0.000005	-0.519346	-0.000005	1.000087	0.100881	
179	0.999893	-0.000114	-0.069492	0.000114	0.999893	0.062958	
180	0.999923	-0.000135	-0.077769	0.000135	0.999923	0.052748	
181	0.999885	-0.000143	-0.018395	0.000143	0.999885	0.007119	
182	0.999829	-0.000051	0.011568	0.000051	0.999829	0.057972	
183	0.999853	-0.000055	0.023434	0.000055	0.999853	0.143204	
184	0.999769	-0.000024	0.033986	0.000024	0.999769	0.096403	
185	0.999781	-0.000043	0.027407	0.000043	0.999781	0.119518	
186	0.999744	-0.000017	-0.143942	0.000017	0.999744	0.105583	
187	0.999858	0.000001	-0.245025	-0.000001	0.999858	0.108850	
188	1.000015	0.000124	-0.236565	-0.000124	1.000015	0.043587	
189	0.999999	0.000016	-0.309934	-0.000016	0.999999	0.007075	
190	1.000034	-0.000018	-0.273413	0.000018	1.000034	-0.024659	
191	1.000118	-0.000038	-0.336982	0.000038	1.000118	-0.074329	
192	1.000101	-0.000035	-0.262635	0.000035	1.000101	-0.085938	
193	1.000167	-0.000089	-0.288484	0.000089	1.000167	-0.154479	
194	1.000041	-0.000183	-0.202850	0.000183	1.000041	-0.172087	
195	1.000087	-0.000248	-0.167261	0.000248	1.000087	-0.159725	
196	1.000108	-0.000176	-0.187161	0.000176	1.000108	-0.023268	
197	1.000029	-0.000126	-0.065861	0.000126	1.000029	0.158629	
198	0.999876	-0.000129	0.327272	0.000129	0.999876	0.389449	
199	1.000078	0.000005	0.058844	-0.000005	1.000078	0.230155	
200	0.999986	0.000006	0.150319	-0.000006	0.999986	0.256510	
201	0.999995	-0.000018	0.057859	0.000018	0.999995	0.084312	
202	0.999989	-0.000077	0.139407	0.000077	0.999989	0.080495	
203	0.999910	-0.000237	0.464802	0.000237	0.999910	0.219393	
204	1.000076	-0.000192	-0.022863	0.000192	1.000076	0.108671	
205	1.000053	-0.000180	-0.054225	0.000180	1.000053	0.128858	
206	0.999954	-0.000056	-0.012908	0.000056	0.999954	0.283172	
207	0.999431	0.000012	0.423361	-0.000012	0.999431	0.545008	
208	0.998255	0.000092	1.032078	-0.000092	0.998255	1.439017	
209	0.999981	0.000079	-0.134096	-0.000079	0.999981	0.242840	
210	1.000104	0.000054	-0.104771	-0.000054	1.000104	0.193774	
211	1.000130	-0.000006	-0.048521	0.000006	1.000130	0.267811	
212	1.000127	0.000069	0.057667	-0.000069	1.000127	0.173370	
213	1.000012	-0.000192	0.772461	0.000192	1.000012	0.262593	
214	1.001227	0.000175	-0.570351	-0.000175	1.001227	-0.121531	
215	1.001631	0.000248	-0.761733	-0.000248	1.001631	-0.150154	
216	1.001434	0.000159	-0.408204	-0.000159	1.001434	-0.043831	
217	1.001439	0.000178	-0.387265	-0.000178	1.001439	0.038253	
218	1.001994	-0.000506	0.256880	0.000506	1.001994	0.120116	
219	1.001102	-0.000041	-0.214367	0.000041	1.001102	0.070722	
220	1.001195	0.000060	-0.146165	-0.000060	1.001195	0.121171	
221	1.001291	-0.000034	-0.109014	0.000034	1.001291	0.172025	
222	1.001163	-0.000090	-0.039324	0.000090	1.001163	0.200077	
223	1.001950	-0.000311	0.548173	0.000311	1.001950	0.888465	
224	1.000700	-0.000052	0.441399	0.000052	1.000700	0.569480	
225	1.000822	0.000005	0.382284	-0.000005	1.000822	0.515230	
226	1.000675	0.000032	0.418222	-0.000032	1.000675	0.619829	
227	1.000922	0.000194	0.256993	-0.000194	1.000922	0.517962	
228	1.002747	-0.000019	0.196698	0.000019	1.002747	0.703134	
229	1.001353	0.000226	-0.093310	-0.000226	1.001353	0.384251	
230	1.001567	0.000258	-0.223346	-0.000258	1.001567	0.256519	
231	1.001283	0.000228	-0.076685	-0.000228	1.001283	0.368840	
232	1.001607	0.000066	-0.244163	-0.000066	1.001607	0.076704	
233	1.003190	-0.000033	-0.962120	0.000033	1.003190	0.027998	
234	1.002295	0.000131	-0.766236	-0.000131	1.002295	-0.235742	
235	1.002288	0.000118	-0.777848	-0.000118	1.002288	-0.265579	
236	1.001704	0.000184	-0.439077	-0.000184	1.001704	-0.056408	
237	1.001952	0.000159	-0.621913	-0.000159	1.001952	-0.230563	
238	1.003837	-0.000289	-0.860711	0.000289	1.003837	-0.756529	
239	1.001502	0.000179	-0.203873	-0.000179	1.001502	-0.026297	
240	1.001377	0.000230	-0.121935	-0.000230	1.001377	0.057206	
241	1.001403	0.000103	-0.110967	-0.000103	1.001403	0.045449	
242	1.000793	0.000040	0.198465	-0.000040	1.000793	0.235631	
243	1.003641	-0.000228	-1.111845	0.000228	1.003641	-0.584754	
244	1.001546	0.000242	-0.459182	-0.000242	1.001546	-0.030159	
245	1.000496	0.000262	0.173844	-0.000262	1.000496	0.389869	
246	1.001296	0.000185	-0.400813	-0.000185	1.001296	0.033551	
247	1.000813	0.000213	-0.127717	-0.000213	1.000813	0.198189	
248	1.001852	0.000048	-0.518879	-0.000048	1.001852	0.124639	
249	1.000590	0.000251	-0.033399	-0.000251	1.000590	0.294995	
250	0.999813	0.000139	0.529188	-0.000139	0.999813	0.521902	
251	1.000531	0.000095	0.130593	-0.000095	1.000531	0.211528	
252	1.000693	0.000046	0.063396	-0.000046	1.000693	0.017842	
253	1.000344	-0.000071	0.587570	0.000071	1.000344	0.344661	
254	1.000191	0.000180	0.249926	-0.000180	1.000191	0.291344	
255	1.000156	0.000146	0.286277	-0.000146	1.000156	0.292243	
256	0.999700	0.000087	0.512454	-0.000087	0.999700	0.435151	
257	0.999816	0.000118	0.485779	-0.000118	0.999816	0.404878	
258	0.999565	0.000092	0.691666	-0.000092	0.999565	0.612456	
259	1.000045	0.000247	0.157834	-0.000247	1.000045	0.286726	
260	1.000106	0.000335	0.108668	-0.000335	1.000106	0.298855	
261	1.000091	0.000246	0.073425	-0.000246	1.000091	0.200149	
262	1.000141	0.000248	0.047625	-0.000248	1.000141	0.164025	
263	0.999974	0.000222	0.073626	-0.000222	0.999974	0.313381	
264	1.000070	0.000163	-0.084958	-0.000163	1.000070	0.119234	
265	1.000110	0.000205	-0.100448	-0.000205	1.000110	0.127925	
266	1.000128	0.000191	-0.110642	-0.000191	1.000128	0.097795	
267	1.000079	0.000197	-0.097915	-0.000197	1.000079	0.095192	
268	1.000217	0.000278	-0.327574	-0.000278	1.000217	-0.141878	
269	1.000147	0.000241	-0.214781	-0.000241	1.000147	0.009067	
270	1.000187	0.000216	-0.149779	-0.000216	1.000187	0.039346	
271	1.000212	0.000226	-0.156035	-0.000226	1.000212	0.076333	
272	1.000203	0.000234	-0.154793	-0.000234	1.000203	0.106672	
273	1.000138	0.000015	-0.094799	-0.000015	1.000138	0.101820	
274	1.000193	0.000140	-0.069116	-0.000140	1.000193	0.071865	
275	1.000195	0.000092	-0.056091	-0.000092	1.000195	-0.005937	
276	1.000206	0.000122	-0.086133	-0.000122	1.000206	-0.033403	
277	1.000190	0.000125	-0.076783	-0.000125	1.000190	-0.048766	
278	0.999850	-0.000008	0.002157	0.000008	0.999850	0.035606	
279	1.000005	0.000006	-0.052527	-0.000006	1.000005	-0.022979	
280	0.999970	0.000037	0.001367	-0.000037	0.999970	0.003145	
281	1.000003	0.000043	0.015938	-0.000043	1.000003	0.018660	
282	0.999964	0.000132	0.025721	-0.000132	0.999964	0.097621	
283	0.999881	0.000230	0.078691	-0.000230	0.999881	0.257966	
284	0.999949	0.000102	0.097037	-0.000102	0.999949	0.147076	
285	0.999929	0.000078	0.125547	-0.000078	0.999929	0.219650	
286	0.999966	0.000006	0.117300	-0.000006	0.999966	0.135673	
287	1.000055	-0.000044	0.154207	0.000044	1.000055	0.049192	
288	0.999819	0.000075	0.207824	-0.000075	0.999819	0.239045	
289	1.000011	0.000044	0.217725	-0.000044	1.000011	0.116181	
290	1.000074	0.000016	0.154410	-0.000016	1.000074	0.082472	
291	1.000131	-0.000008	0.165703	0.000008	1.000131	0.002979	
292	1.000145	0.000003	0.165630	-0.000003	1.000145	-0.037858	
293	1.000171	-0.000020	0.159581	0.000020	1.000171	-0.082613	
294	1.000210	0.000061	-0.012413	-0.000061	1.000210	-0.052782	
295	1.000209	0.000024	0.049390	-0.000024	1.000209	-0.048121	
296	1.000174	0.000095	0.037653	-0.000095	1.000174	0.054137	
297	1.000247	0.000114	-0.021206	-0.000114	1.000247	0.097662	
298	1.000264	0.000059	-0.027792	-0.000059	1.000264	0.054973	
299	1.000522	-0.000064	-0.099028	0.000064	1.000522	0.048020	
300	1.000300	-0.000087	-0.077429	0.000087	1.000300	0.013060	
301	1.000286	-0.000112	-0.060744	0.000112	1.000286	-0.007628	
302	1.000275	-0.000106	-0.040962	0.000106	1.000275	-0.030003	
303	1.000270	-0.000145	0.017565	0.000145	1.000270	-0.029542	
304	1.000271	-0.000208	0.018063	0.000208	1.000271	0.052682	
305	1.000066	-0.000034	0.136596	0.000034	1.000066	0.155019	
306	1.000074	-0.000028	0.122545	0.000028	1.000074	0.162388	
307	1.000081	0.000014	0.057741	-0.000014	1.000081	0.102145	
308	1.000082	0.000051	0.007002	-0.000051	1.000082	0.094326	
309	0.999771	0.000025	0.233487	-0.000025	0.999771	0.293264	
310	0.999926	-0.000040	0.118839	0.000040	0.999926	0.121382	
311	1.000021	-0.000076	0.093835	0.000076	1.000021	0.049294	
312	1.000054	-0.000057	0.073015	0.000057	1.000054	0.028680	
313	1.000070	-0.000107	0.137174	0.000107	1.000070	0.013086	
314	0.999801	-0.000126	0.485626	0.000126	0.999801	0.305337	
315	1.000000	-0.000273	0.382572	0.000273	1.000000	0.061437	
316	1.000047	-0.000372	0.466629	0.000372	1.000047	0.043304	
317	1.000052	-0.000460	0.510383	0.000460	1.000052	0.037098	
318	1.000022	-0.000406	0.463840	0.000406	1.000022	0.067866	
319	1.000000	-0.000418	0.732571	0.000418	1.000000	0.295853	
320	0.999976	-0.000235	0.497699	0.000235	0.999976	0.169017	
321	0.999879	-0.000271	0.574024	0.000271	0.999879	0.230273	
322	0.999876	-0.000169	0.519660	0.000169	0.999876	0.286927	
323	0.999938	0.000004	0.415481	-0.000004	0.999938	0.390054	
324	0.999644	-0.000277	0.946707	0.000277	0.999644	0.478019	
325	0.999680	0.000008	0.532556	-0.000008	0.999680	0.303980	
326	0.999633	-0.000055	0.602140	0.000055	0.999633	0.215485	
327	0.999515	0.000062	0.516809	-0.000062	0.999515	0.221333	
328	0.999560	0.000010	0.529158	-0.000010	0.999560	0.134489	
329	0.999475	-0.000346	1.044864	0.000346	0.999475	0.342568	
330	0.999412	-0.000206	0.839602	0.000206	0.999412	0.301865	
331	0.998900	-0.000311	1.147598	0.000311	0.998900	0.522633	
332	0.999367	-0.000309	1.216785	0.000309	0.999367	0.326519	
333	0.999395	-0.000402	1.330642	0.000402	0.999395	0.251544	
334	0.998797	-0.000967	2.673367	0.000967	0.998797	0.381451	
335	0.999459	-0.000447	1.350137	0.000447	0.999459	0.237839	
336	0.999925	-0.000430	1.141811	0.000430	0.999925	0.061988	
337	1.000426	-0.000416	0.855392	0.000416	1.000426	-0.153121	
338	1.000286	-0.000359	0.976388	0.000359	1.000286	-0.112246	
339	1.003295	-0.000726	0.243181	0.000726	1.003295	-1.274224	
340	1.000756	-0.000242	0.917708	0.000242	1.000756	-0.258532	
341	1.000378	-0.000353	1.190182	0.000353	1.000378	-0.196346	
342	0.999664	-0.000303	1.491881	0.000303	0.999664	0.016844	
343	0.999290	-0.000242	1.578344	0.000242	0.999290	0.164401	
344	0.999026	-0.000314	2.005450	0.000314	0.999026	0.189418	
345	0.999302	-0.000121	1.059915	0.000121	0.999302	0.130673	
346	0.999471	-0.000252	1.103740	0.000252	0.999471	0.007466	
347	0.999564	-0.000243	0.954873	0.000243	0.999564	0.078743	
348	0.999599	-0.000201	1.005486	0.000201	0.999599	0.224579	
349	0.999288	-0.000530	1.370580	0.000530	0.999288	0.468757	
350	0.999593	-0.000232	1.151901	0.000232	0.999593	0.262390	
351	0.999599	-0.000246	1.031137	0.000246	0.999599	0.297875	
352	0.999570	-0.000266	1.064175	0.000266	0.999570	0.341083	
353	0.999747	-0.000331	1.033215	0.000331	0.999747	0.165309	
354	0.999426	-0.000315	1.495424	0.000315	0.999426	0.503333	
355	0.999858	-0.000173	1.024468	0.000173	0.999858	0.236264	
356	0.999730	-0.000130	1.095096	0.000130	0.999730	0.414910	
357	0.999726	-0.000187	1.107742	0.000187	0.999726	0.353001	
358	0.999783	-0.000184	0.993844	0.000184	0.999783	0.322397	
359	0.999739	-0.000195	1.519640	0.000195	0.999739	0.394154	
360	0.999806	-0.000037	0.756260	0.000037	0.999806	0.114512	
361	0.999839	0.000015	0.600953	-0.000015	0.999839	0.098706	
362	0.999924	-0.000003	0.530435	0.000003	0.999924	0.049817	
363	0.999840	0.000028	0.535862	-0.000028	0.999840	0.192607	
364	0.999816	-0.000155	1.132841	0.000155	0.999816	0.429062	
365	0.999760	-0.000118	0.895759	0.000118	0.999760	0.481140	
366	0.999812	-0.000103	0.897762	0.000103	0.999812	0.491724	
367	0.999778	-0.000177	0.943898	0.000177	0.999778	0.522951	
368	0.999863	-0.000241	1.083391	0.000241	0.999863	0.486788	
369	0.999558	-0.000572	2.662122	0.000572	0.999558	1.023906	
370	0.999881	-0.000274	1.286091	0.000274	0.999881	0.497385	
371	0.999959	-0.000261	1.178279	0.000261	0.999959	0.405059	
372	0.999811	-0.000115	1.161286	0.000115	0.999811	0.462786	
373	0.999862	-0.000142	1.120977	0.000142	0.999862	0.381248	
374	0.999880	-0.000347	2.093405	0.000347	0.999880	0.451360	
375	0.999835	-0.000092	0.987324	0.000092	0.999835	0.389134	
376	0.999559	0.000039	0.958534	-0.000039	0.999559	0.555895	
377	0.999745	-0.000094	1.097521	0.000094	0.999745	0.457980	
378	0.999641	-0.000160	1.154855	0.000160	0.999641	0.529899	
379	0.999306	-0.000435	3.045184	0.000435	0.999306	0.886048	
380	0.999327	-0.000204	1.373701	0.000204	0.999327	0.632125	
381	0.999439	-0.000220	1.395242	0.000220	0.999439	0.590018	
382	0.999540	-0.000363	1.564909	0.000363	0.999540	0.456718	
383	0.999698	-0.000267	1.422509	0.000267	0.999698	0.389460	
384	0.999568	-0.000823	3.464714	0.000823	0.999568	0.507696	
385	1.000034	-0.000153	1.255489	0.000153	1.000034	0.293043	
386	1.000068	-0.000058	1.181918	0.000058	1.000068	0.315581	
387	0.999752	-0.000091	1.278686	0.000091	0.999752	0.450009	
388	0.999808	-0.000184	1.257941	0.000184	0.999808	0.424364	
389	0.999821	-0.000415	2.430768	0.000415	0.999821	0.553794	
390	1.000021	-0.000220	0.998507	0.000220	1.000021	0.350845	
391	1.000028	-0.000194	1.031615	0.000194	1.000028	0.328931	
392	1.000045	-0.000170	0.876586	0.000170	1.000045	0.242924	
393	1.000105	-0.000151	0.900238	0.000151	1.000105	0.220826	
394	1.000203	-0.000408	1.834218	0.000408	1.000203	0.285070	
395	1.000328	-0.000239	0.831617	0.000239	1.000328	0.116599	
396	1.000477	-0.000259	0.778141	0.000259	1.000477	0.038619	
397	1.000902	-0.000171	0.565567	0.000171	1.000902	-0.068717	
398	1.000857	-0.000169	0.608729	0.000169	1.000857	-0.057062	
399	1.000945	-0.000496	1.968100	0.000496	1.000945	-0.021376	
400	1.000819	-0.000228	0.813300	0.000228	1.000819	-0.074930	
401	1.000943	-0.000212	0.771403	0.000212	1.000943	-0.076923	
402	1.000890	-0.000308	0.864059	0.000308	1.000890	-0.062911	
403	1.000773	-0.000362	0.974089	0.000362	1.000773	0.006240	
404	1.000932	-0.000953	2.733500	0.000953	1.000932	-0.018734	
405	1.000534	-0.000480	1.215630	0.000480	1.000534	0.164092	
406	1.001450	-0.000511	0.665642	0.000511	1.001450	-0.309803	
407	1.001978	-0.000545	0.295603	0.000545	1.001978	-0.470117	
408	1.002086	-0.000554	0.382984	0.000554	1.002086	-0.481528	
409	1.007032	-0.000651	-0.650829	0.000651	1.007032	-1.420745	
410	1.002720	-0.000436	0.089457	0.000436	1.002720	-0.439280	
411	1.001861	-0.000357	0.595369	0.000357	1.001861	-0.090684	
412	1.002470	-0.000370	0.197624	0.000370	1.002470	-0.311636	
413	1.003540	-0.000414	-0.376161	0.000414	1.003540	-0.689318	
414	1.007529	-0.000688	-0.646381	0.000688	1.007529	-1.030728	
415	1.002845	-0.000369	-0.020135	0.000369	1.002845	-0.380187	
416	1.002293	-0.000213	-0.106181	0.000213	1.002293	-0.135358	
417	1.001636	-0.000485	0.761354	0.000485	1.001636	-0.155333	
418	1.001710	-0.000236	0.527930	0.000236	1.001710	0.037116	
419	1.001928	-0.000704	1.947859	0.000704	1.001928	0.573250	
420	1.001595	-0.000268	0.608062	0.000268	1.001595	0.138427	
421	1.001873	-0.000366	0.592728	0.000366	1.001873	0.100797	
422	1.002378	-0.000390	0.300537	0.000390	1.002378	-0.102627	
423	1.002911	-0.000412	-0.193557	0.000412	1.002911	-0.337848	
424	1.006828	-0.000636	-0.834077	0.000636	1.006828	-1.132956	
425	1.002323	-0.000486	0.099473	0.000486	1.002323	-0.381117	
426	1.002131	-0.000425	0.196575	0.000425	1.002131	-0.342812	
427	1.002477	-0.000427	-0.122042	0.000427	1.002477	-0.550186	
428	1.002883	-0.000350	-0.405262	0.000350	1.002883	-0.630179	
429	1.004858	-0.000540	-0.579499	0.000540	1.004858	-1.154113	
430	1.000679	-0.000113	0.511195	0.000113	1.000679	-0.018240	
431	1.000266	-0.000053	0.399289	0.000053	1.000266	-0.001959	
432	1.000244	0.000044	0.247256	-0.000044	1.000244	-0.039875	
433	1.000325	0.000096	0.076771	-0.000096	1.000325	-0.190350	
434	1.000194	-0.000061	0.051213	0.000061	1.000194	-0.390924	
435	1.000371	0.000114	-0.290248	-0.000114	1.000371	-0.239444	
436	1.000310	0.000104	-0.227387	-0.000104	1.000310	-0.163726	
437	1.000356	0.000147	-0.295150	-0.000147	1.000356	-0.090849	
438	1.000388	0.000080	-0.232168	-0.000080	1.000388	-0.194661	
439	1.000498	0.000036	-0.240254	-0.000036	1.000498	-0.171994	
440	1.000452	0.000041	-0.238217	-0.000041	1.000452	-0.118332	
441	1.000422	0.000019	-0.032346	-0.000019	1.000422	-0.229311	
442	1.000384	-0.000011	-0.082782	0.000011	1.000384	-0.220929	
443	1.000228	-0.000071	0.111277	0.000071	1.000228	-0.282973	
444	0.999954	0.000017	0.386995	-0.000017	0.999954	-0.229046	
445	0.999530	-0.000068	0.542288	0.000068	0.999530	-0.031531	
446	0.999400	0.000007	0.654302	-0.000007	0.999400	0.020762	
447	0.999258	0.000119	0.769983	-0.000119	0.999258	0.135285	
448	0.999165	0.000203	0.790555	-0.000203	0.999165	0.102009	
449	0.997279	0.000112	2.573184	-0.000112	0.997279	0.513181	
450	0.998794	0.000096	1.219596	-0.000096	0.998794	0.208171	
451	0.998957	0.000122	1.154618	-0.000122	0.998957	0.161799	
452	0.998819	0.000144	1.272594	-0.000144	0.998819	0.347273	
453	0.998711	0.000066	1.331566	-0.000066	0.998711	0.239864	
454	0.998298	-0.000127	1.994950	0.000127	0.998298	0.186448	
455	0.999026	-0.000031	1.024716	0.000031	0.999026	0.157417	
456	0.999283	-0.000110	0.892779	0.000110	0.999283	0.058097	
457	0.999338	-0.000138	0.830327	0.000138	0.999338	0.000817	
458	0.999658	-0.000082	0.401675	0.000082	0.999658	-0.042611	
459	0.999473	-0.000044	0.494753	0.000044	0.999473	-0.125889	
460	0.999615	0.000036	0.178820	-0.000036	0.999615	0.085121	
461	0.999624	0.000034	0.126372	-0.000034	0.999624	-0.083700	
462	0.999646	0.000111	0.088150	-0.000111	0.999646	-0.068315	
463	0.999573	0.000141	0.116586	-0.000141	0.999573	-0.065903	
464	0.999662	0.000167	0.043277	-0.000167	0.999662	-0.188762	
465	0.999557	0.000172	0.016403	-0.000172	0.999557	-0.455657	
466	0.999726	0.000063	0.016937	-0.000063	0.999726	-0.238521	
467	0.999785	0.000081	-0.141409	-0.000081	0.999785	-0.227685	
468	0.999856	0.000133	-0.189872	-0.000133	0.999856	-0.204749	
469	0.999826	0.000064	-0.192861	-0.000064	0.999826	-0.155052	
470	0.999606	0.000189	-0.379975	-0.000189	0.999606	-0.219199	
471	0.999735	0.000049	-0.123731	-0.000049	0.999735	-0.106847	
472	0.999693	0.000124	-0.148506	-0.000124	0.999693	-0.047592	
473	0.999830	0.000173	-0.295859	-0.000173	0.999830	-0.100008	
474	0.999659	0.000157	-0.239881	-0.000157	0.999659	-0.069030	
475	0.998883	-0.000067	-0.392264	0.000067	0.998883	-0.074035	
476	0.999632	0.000117	-0.413661	-0.000117	0.999632	-0.015310	
477	0.999757	0.000152	-0.520647	-0.000152	0.999757	-0.065057	
478	0.999609	0.000210	-0.458043	-0.000210	0.999609	0.043433	
479	0.999595	0.000215	-0.428397	-0.000215	0.999595	0.114902	
480	0.999829	0.000493	-0.834274	-0.000493	0.999829	0.009937	
481	0.999770	0.000195	-0.272526	-0.000195	0.999770	0.068522	
482	0.999707	0.000126	-0.132494	-0.000126	0.999707	0.045747	
483	0.999577	0.000028	-0.027477	-0.000028	0.999577	0.037160	
484	0.999819	0.000097	-0.046312	-0.000097	0.999819	-0.037217	
485	0.999940	0.000288	-0.176123	-0.000288	0.999940	-0.130155	
486	0.999860	0.000062	-0.011861	-0.000062	0.999860	-0.146057	
487	0.999978	0.000177	-0.195332	-0.000177	0.999978	-0.150463	
488	0.999961	0.000082	-0.277679	-0.000082	0.999961	-0.209205	
489	0.999851	0.000220	-0.314765	-0.000220	0.999851	-0.038223	
490	1.000390	0.000401	-0.967279	-0.000401	1.000390	-0.358160	
491	1.000160	0.000252	-0.544943	-0.000252	1.000160	-0.177624	
492	1.000064	0.000334	-0.457429	-0.000334	1.000064	-0.057389	
493	1.000022	0.000329	-0.488702	-0.000329	1.000022	-0.068666	
494	1.000046	0.000362	-0.396199	-0.000362	1.000046	0.069296	
495	0.999713	0.000154	-0.367364	-0.000154	0.999713	0.177600	
496	0.999957	0.000114	-0.090569	-0.000114	0.999957	0.123134	
497	0.999967	0.000109	0.064434	-0.000109	0.999967	0.129362	
498	0.999742	0.000050	0.209063	-0.000050	0.999742	0.269309	
499	0.999957	0.000105	0.109408	-0.000105	0.999957	0.211310	
500	0.999858	-0.000017	0.296423	0.000017	0.999858	0.214638	
