0	1.000000	0.000000	0.000000	0.000000	1.000000	0.000000	
1	0.999475	-0.000321	7.817354	0.000321	0.999475	0.005111	
2	0.999694	-0.000673	9.241723	0.000673	0.999694	-0.219218	
3	0.999619	-0.000862	11.111015	0.000862	0.999619	-0.066162	
4	0.999550	-0.000883	13.100265	0.000883	0.999550	-0.070287	
5	0.999930	-0.000846	14.407555	0.000846	0.999930	-0.369398	
6	0.999918	-0.001044	16.357493	0.001044	0.999918	-0.793561	
7	0.999711	-0.001055	18.331360	0.001055	0.999711	-0.780253	
8	0.999652	-0.001103	19.870144	0.001103	0.999652	-0.636923	
9	0.999610	-0.001496	21.929661	0.001496	0.999610	-0.663393	
10	0.999609	-0.001687	22.747880	0.001687	0.999609	-0.692412	
11	1.000039	-0.001741	24.176224	0.001741	1.000039	-1.148378	
12	0.999940	-0.001728	25.218258	0.001728	0.999940	-1.246532	
13	1.000075	-0.001758	25.331825	0.001758	1.000075	-1.435920	
14	1.000285	-0.001645	25.427749	0.001645	1.000285	-1.314375	
15	1.000614	-0.001530	25.168495	0.001530	1.000614	-1.147864	
16	0.999947	-0.001190	24.571751	0.001190	0.999947	-0.655964	
17	1.000378	-0.001248	24.188949	0.001248	1.000378	-0.835219	
18	1.000104	-0.001327	23.588958	0.001327	1.000104	-0.878082	
19	0.999931	-0.001394	22.435503	0.001394	0.999931	-1.030408	
20	0.999855	-0.001462	21.418072	0.001462	0.999855	-1.140886	
21	1.000069	-0.001321	18.185332	0.001321	1.000069	-1.205026	
22	1.000103	-0.001022	14.857535	0.001022	1.000103	-1.137791	
23	1.000324	-0.000948	11.770609	0.000948	1.000324	-1.338992	
24	1.000264	-0.000964	8.392297	0.000964	1.000264	-1.191453	
25	1.000211	-0.000796	5.772798	0.000796	1.000211	-0.851664	
26	1.001022	0.000002	2.375118	-0.000002	1.001022	-0.457145	
27	1.000516	-0.000111	1.096990	0.000111	1.000516	-0.281140	
28	1.000123	-0.000188	0.269584	0.000188	1.000123	-0.189511	
29	0.999888	-0.000189	-0.167198	0.000189	0.999888	-0.156891	
30	0.999762	-0.000191	-0.463800	0.000191	0.999762	-0.076126	
31	0.999792	-0.000151	-0.478449	0.000151	0.999792	-0.051953	
32	0.999949	-0.000124	-0.216628	0.000124	0.999949	-0.040507	
33	1.000017	-0.000083	-0.091605	0.000083	1.000017	-0.073309	
34	0.999983	-0.000076	-0.020139	0.000076	0.999983	-0.077089	
35	0.999971	-0.000097	0.000119	0.000097	0.999971	-0.119954	
36	0.999920	-0.000100	0.049632	0.000100	0.999920	-0.105970	
37	0.999944	-0.000062	0.046882	0.000062	0.999944	-0.046703	
38	1.000019	0.000009	-0.005866	-0.000009	1.000019	0.015886	
39	0.999990	0.000070	0.008665	-0.000070	0.999990	0.052945	
40	0.999983	0.000090	0.016811	-0.000090	0.999983	0.040087	
41	0.999975	0.000112	0.039151	-0.000112	0.999975	0.049835	
42	0.999976	0.000162	0.088380	-0.000162	0.999976	0.088677	
43	0.999911	0.000157	0.152053	-0.000157	0.999911	0.094278	
44	0.999890	0.000125	0.143215	-0.000125	0.999890	0.067661	
45	0.999885	0.000131	0.149668	-0.000131	0.999885	0.043621	
46	0.999878	0.000091	0.160684	-0.000091	0.999878	0.019570	
47	0.999891	0.000138	0.089550	-0.000138	0.999891	0.055428	
48	1.000006	0.000081	0.050333	-0.000081	1.000006	0.004273	
49	1.000026	0.000065	-0.002352	-0.000065	1.000026	0.003022	
50	0.999983	0.000077	-0.064376	-0.000077	0.999983	0.086977	
51	0.999993	0.000107	-0.004338	-0.000107	0.999993	0.042639	
52	0.999946	0.000096	0.030414	-0.000096	0.999946	0.050545	
53	0.999906	0.000060	0.051533	-0.000060	0.999906	0.037557	
54	0.999827	-0.000015	0.055386	0.000015	0.999827	0.010112	
55	0.999796	-0.000008	-0.153587	0.000008	0.999796	0.039343	
56	0.999729	-0.000066	-0.110440	0.000066	0.999729	0.018469	
57	0.999695	-0.000003	-0.315233	0.000003	0.999695	0.063072	
58	0.999664	-0.000028	-0.368150	0.000028	0.999664	0.051231	
59	0.999612	0.000003	-0.552166	-0.000003	0.999612	0.094105	
60	0.999670	0.000017	-0.702264	-0.000017	0.999670	0.108004	
61	0.999641	-0.000030	-0.873274	0.000030	0.999641	0.097395	
62	0.999596	-0.000031	-0.864750	0.000031	0.999596	0.104950	
63	0.999472	0.000068	-1.011786	-0.000068	0.999472	0.210821	
64	0.999500	-0.000109	-1.110290	0.000109	0.999500	0.067814	
65	0.999486	-0.000097	-0.960611	0.000097	0.999486	0.084327	
66	0.999442	-0.000128	-1.157425	0.000128	0.999442	0.089684	
67	0.999511	-0.000081	-1.073161	0.000081	0.999511	0.078436	
68	0.999557	-0.000110	-1.287621	0.000110	0.999557	0.068923	
69	0.999674	-0.000070	-1.295886	0.000070	0.999674	0.053404	
70	0.999598	0.000011	-1.230504	-0.000011	0.999598	0.140819	
71	0.999615	0.000015	-1.354512	-0.000015	0.999615	0.153260	
72	0.999678	0.000011	-1.312639	-0.000011	0.999678	0.121418	
73	0.999522	-0.000017	-1.479730	0.000017	0.999522	0.166938	
74	0.999564	-0.000073	-1.564718	0.000073	0.999564	0.127860	
75	0.999488	-0.000011	-1.565497	0.000011	0.999488	0.240340	
76	0.999490	-0.000121	-1.829888	0.000121	0.999490	0.140295	
77	0.999395	-0.000113	-1.808420	0.000113	0.999395	0.195546	
78	0.999472	-0.000018	-2.135375	0.000018	0.999472	0.256458	
79	0.999560	-0.000080	-2.135230	0.000080	0.999560	0.229396	
80	0.999247	-0.000141	-2.256196	0.000141	0.999247	0.281095	
81	0.999534	-0.000152	-2.551594	0.000152	0.999534	0.165421	
82	0.999439	-0.000093	-2.532410	0.000093	0.999439	0.241422	
83	0.999428	-0.000046	-2.765938	0.000046	0.999428	0.253180	
84	0.999219	-0.000125	-2.501264	0.000125	0.999219	0.210070	
85	0.999058	0.000030	-2.533067	-0.000030	0.999058	0.384335	
86	0.999537	-0.000007	-2.677031	0.000007	0.999537	0.235515	
87	0.999257	0.000129	-2.625801	-0.000129	0.999257	0.460914	
88	0.999471	0.000042	-2.586516	-0.000042	0.999471	0.313011	
89	0.999410	0.000063	-2.583913	-0.000063	0.999410	0.323071	
90	0.999341	0.000143	-2.580113	-0.000143	0.999341	0.380105	
91	0.999407	0.000114	-2.508738	-0.000114	0.999407	0.354858	
92	0.999359	0.000011	-2.547198	-0.000011	0.999359	0.300492	
93	0.999382	0.000086	-2.463879	-0.000086	0.999382	0.355205	
94	0.999175	0.000006	-2.336565	-0.000006	0.999175	0.383080	
95	0.999347	-0.000019	-2.520295	0.000019	0.999347	0.311175	
96	0.999357	-0.000062	-2.406192	0.000062	0.999357	0.216676	
97	0.999202	-0.000053	-2.443573	0.000053	0.999202	0.293779	
98	0.999286	0.000028	-2.483043	-0.000028	0.999286	0.349953	
99	0.999228	-0.000031	-2.425056	0.000031	0.999228	0.298569	
100	0.999233	0.000058	-2.551587	-0.000058	0.999233	0.425011	
101	0.999176	0.000120	-2.301208	-0.000120	0.999176	0.507097	
102	0.999220	0.000097	-2.499120	-0.000097	0.999220	0.509787	
103	0.999075	0.000015	-2.139970	-0.000015	0.999075	0.489876	
104	0.999141	0.000100	-2.104875	-0.000100	0.999141	0.492222	
105	0.999236	0.000093	-2.051102	-0.000093	0.999236	0.434396	
106	0.999304	-0.000011	-1.813880	0.000011	0.999304	0.280721	
107	0.999455	0.000034	-1.816241	-0.000034	0.999455	0.255679	
108	0.999394	0.000059	-1.661766	-0.000059	0.999394	0.287020	
109	0.999432	0.000138	-1.430901	-0.000138	0.999432	0.336260	
110	0.999481	0.000138	-1.375674	-0.000138	0.999481	0.308233	
111	0.999607	0.000170	-1.172638	-0.000170	0.999607	0.297106	
112	0.999563	0.000156	-1.303958	-0.000156	0.999563	0.309422	
113	0.999543	0.000195	-1.314429	-0.000195	0.999543	0.362513	
114	0.999578	0.000005	-1.178414	-0.000005	0.999578	0.209787	
115	0.999407	-0.000052	-1.358524	0.000052	0.999407	0.195739	
116	0.999293	-0.000050	-1.418839	0.000050	0.999293	0.273903	
117	0.999214	-0.000043	-1.440482	0.000043	0.999214	0.297585	
118	0.999249	-0.000039	-1.502364	0.000039	0.999249	0.309978	
119	0.999286	-0.000017	-1.527651	0.000017	0.999286	0.350395	
120	0.999377	0.000048	-1.577094	-0.000048	0.999377	0.393954	
121	0.999370	-0.000029	-1.694252	0.000029	0.999370	0.372136	
122	0.999328	-0.000004	-1.696640	0.000004	0.999328	0.347778	
123	0.999350	0.000061	-1.741258	-0.000061	0.999350	0.387811	
124	0.999304	0.000089	-1.628801	-0.000089	0.999304	0.390567	
125	0.999291	0.000025	-1.501323	-0.000025	0.999291	0.363257	
126	0.999320	0.000005	-1.445931	-0.000005	0.999320	0.320694	
127	0.999540	-0.000082	-1.405099	0.000082	0.999540	0.195329	
128	0.999589	-0.000021	-1.263691	0.000021	0.999589	0.227383	
129	0.999649	-0.000052	-0.846959	0.000052	0.999649	0.171170	
130	0.999776	-0.000015	-0.730420	0.000015	0.999776	0.124113	
131	0.999808	-0.000026	-0.470105	0.000026	0.999808	0.073226	
132	0.999924	-0.000030	-0.043892	0.000030	0.999924	0.046888	
133	0.999984	0.000041	0.107142	-0.000041	0.999984	0.058662	
134	1.000018	0.000023	0.058064	-0.000023	1.000018	0.063590	
135	1.000108	0.000028	0.059138	-0.000028	1.000108	0.068407	
136	1.000084	-0.000009	0.027212	0.000009	1.000084	0.057884	
137	1.000037	-0.000038	-0.000473	0.000038	1.000037	0.015086	
138	1.000029	0.000006	0.016443	-0.000006	1.000029	0.035856	
139	1.000040	0.000032	0.015452	-0.000032	1.000040	0.032289	
140	1.000034	0.000021	0.030297	-0.000021	1.000034	0.011824	
141	1.000054	0.000025	0.013380	-0.000025	1.000054	0.007029	
142	1.000106	-0.000011	-0.023463	0.000011	1.000106	-0.014215	
143	1.000108	0.000037	-0.022071	-0.000037	1.000108	0.005211	
144	1.000123	0.000089	-0.038273	-0.000089	1.000123	0.013482	
145	1.000152	0.000083	-0.072644	-0.000083	1.000152	-0.012968	
146	1.000138	0.000108	-0.068278	-0.000108	1.000138	0.000823	
147	1.000196	0.000029	-0.096647	-0.000029	1.000196	-0.046377	
148	1.000320	0.000008	-0.162030	-0.000008	1.000320	-0.083789	
149	1.000344	-0.000028	-0.158052	0.000028	1.000344	-0.092104	
150	1.000362	-0.000051	-0.150831	0.000051	1.000362	-0.065620	
151	1.000408	-0.000100	-0.166855	0.000100	1.000408	-0.096328	
152	1.000419	-0.000146	-0.159635	0.000146	1.000419	-0.110166	
153	1.000336	-0.000133	-0.132435	0.000133	1.000336	-0.092985	
154	1.000246	-0.000118	-0.097600	0.000118	1.000246	-0.080482	
155	1.000220	-0.000038	-0.080133	0.000038	1.000220	-0.068156	
156	1.000085	-0.000081	-0.026602	0.000081	1.000085	-0.059691	
157	1.000059	-0.000078	-0.038312	0.000078	1.000059	-0.069741	
158	0.999977	-0.000023	0.012427	0.000023	0.999977	-0.029795	
159	0.999857	-0.000016	0.084828	0.000016	0.999857	-0.002231	
160	0.999879	-0.000068	0.082462	0.000068	0.999879	-0.017691	
161	0.999954	-0.000118	0.058347	0.000118	0.999954	-0.036188	
162	0.999983	-0.000167	0.072822	0.000167	0.999983	-0.051686	
163	1.000066	-0.000121	0.117551	0.000121	1.000066	-0.053135	
164	1.000072	-0.000120	0.035729	0.000120	1.000072	-0.057512	
165	0.999976	-0.000126	0.102765	0.000126	0.999976	-0.049052	
166	0.999957	-0.000135	0.115175	0.000135	0.999957	-0.058752	
167	0.999937	-0.000056	0.166241	0.000056	0.999937	-0.015176	
168	0.999838	-0.000034	0.152065	0.000034	0.999838	0.033871	
169	0.999914	-0.000041	0.289836	0.000041	0.999914	0.026480	
170	1.000106	0.000062	0.415807	-0.000062	1.000106	0.035235	
171	1.000089	0.000026	0.577062	-0.000026	1.000089	0.001095	
172	1.000019	0.000015	0.767672	-0.000015	1.000019	0.007413	
173	1.000175	0.000077	0.973369	-0.000077	1.000175	-0.007062	
174	1.000351	0.000088	1.201674	-0.000088	1.000351	-0.047958	
175	1.000349	-0.000080	1.603346	0.000080	1.000349	-0.133970	
176	1.000513	-0.000113	1.746137	0.000113	1.000513	-0.169876	
177	1.000655	-0.000038	2.049912	0.000038	1.000655	-0.192938	
178	1.000424	0.000049	2.359313	-0.000049	1.000424	-0.122423	
179	1.000521	0.000056	2.474651	-0.000056	1.000521	-0.246021	
180	1.000569	0.000208	2.811280	-0.000208	1.000569	-0.145290	
181	1.000789	0.000329	2.945135	-0.000329	1.000789	-0.186118	
182	1.000927	0.000274	3.115225	-0.000274	1.000927	-0.247272	
183	1.000948	0.000404	3.237985	-0.000404	1.000948	-0.242304	
184	1.001199	0.000524	3.356707	-0.000524	1.001199	-0.127423	
185	1.001229	0.000481	3.593401	-0.000481	1.001229	-0.193901	
186	1.001364	0.000512	3.849601	-0.000512	1.001364	-0.201481	
187	1.001433	0.000357	4.071787	-0.000357	1.001433	-0.341370	
188	0.999835	-0.000675	6.387302	0.000675	0.999835	-0.399082	
189	1.001948	0.000295	4.809877	-0.000295	1.001948	-0.507567	
190	0.999538	-0.000809	7.621873	0.000809	0.999538	-0.351068	
191	0.999848	-0.000693	7.787945	0.000693	0.999848	-0.405058	
192	1.002104	0.000522	5.601872	-0.000522	1.002104	-0.447009	
193	1.001222	0.000185	6.533399	-0.000185	1.001222	-0.418174	
194	0.999367	-0.000803	8.648109	0.000803	0.999367	-0.365185	
195	0.999221	-0.000890	8.711783	0.000890	0.999221	-0.397294	
196	0.998884	-0.001092	8.944372	0.001092	0.998884	-0.481398	
197	0.998688	-0.001041	9.039783	0.001041	0.998688	-0.491202	
198	0.998772	-0.000763	8.787139	0.000763	0.998772	-0.314562	
199	1.003415	0.001211	3.775551	-0.001211	1.003415	-0.533996	
200	0.998988	-0.000665	8.446782	0.000665	0.998988	-0.330768	
201	0.998848	-0.000408	7.756688	0.000408	0.998848	-0.054755	
202	0.998741	-0.000488	7.395431	0.000488	0.998741	-0.105306	
203	1.000814	0.000647	4.095921	-0.000647	1.000814	-0.021274	
204	1.000648	0.000702	3.389079	-0.000702	1.000648	0.172463	
205	1.000545	0.000498	2.663748	-0.000498	1.000545	0.100308	
206	1.000404	0.000345	2.174446	-0.000345	1.000404	0.111145	
207	1.000207	0.000104	1.714098	-0.000104	1.000207	0.043591	
208	1.000125	0.000041	1.208588	-0.000041	1.000125	0.089882	
209	1.000097	-0.000004	0.832938	0.000004	1.000097	0.046574	
210	0.999957	-0.000079	0.565326	0.000079	0.999957	-0.001305	
211	1.000040	-0.000038	0.480983	0.000038	1.000040	-0.074966	
212	0.999843	-0.000008	0.316823	0.000008	0.999843	-0.037963	
213	0.999813	-0.000027	0.135742	0.000027	0.999813	-0.045033	
214	0.999759	-0.000041	0.163605	0.000041	0.999759	-0.046595	
215	0.999783	-0.000040	0.155127	0.000040	0.999783	-0.041492	
216	0.999776	0.000005	0.158746	-0.000005	0.999776	-0.011421	
217	0.999784	0.000009	0.138595	-0.000009	0.999784	0.001255	
218	0.999836	0.000036	0.118008	-0.000036	0.999836	-0.012276	
219	0.999878	0.000083	0.078991	-0.000083	0.999878	0.015316	
220	0.999855	0.000063	0.078112	-0.000063	0.999855	0.021498	
221	0.999884	0.000020	0.050707	-0.000020	0.999884	-0.021197	
222	0.999900	-0.000037	0.022842	0.000037	0.999900	-0.045967	
223	0.999894	-0.000030	0.026033	0.000030	0.999894	-0.033220	
224	0.999922	-0.000010	0.010830	0.000010	0.999922	-0.017598	
225	0.999912	-0.000075	-0.004533	0.000075	0.999912	-0.072674	
226	1.000028	-0.000028	-0.084607	0.000028	1.000028	-0.034160	
227	1.000090	-0.000027	-0.136465	0.000027	1.000090	-0.041543	
228	1.000114	0.000004	-0.119302	-0.000004	1.000114	-0.021787	
229	1.000068	-0.000013	-0.101906	0.000013	1.000068	-0.043997	
230	1.000060	0.000015	-0.070228	-0.000015	1.000060	-0.041073	
231	1.000054	-0.000002	-0.064349	0.000002	1.000054	-0.041194	
232	1.000127	-0.000007	-0.128132	0.000007	1.000127	-0.037829	
233	1.000162	-0.000048	-0.195288	0.000048	1.000162	-0.087392	
234	1.000175	-0.000052	-0.196589	0.000052	1.000175	-0.095325	
235	1.000213	-0.000044	-0.214405	0.000044	1.000213	-0.104076	
236	1.000237	-0.000073	-0.242755	0.000073	1.000237	-0.129668	
237	1.000343	-0.000040	-0.312674	0.000040	1.000343	-0.127655	
238	1.000341	-0.000046	-0.315627	0.000046	1.000341	-0.134001	
239	1.000384	0.000004	-0.278746	-0.000004	1.000384	-0.131752	
240	1.000386	-0.000050	-0.297457	0.000050	1.000386	-0.194123	
241	1.000487	-0.000000	-0.354097	0.000000	1.000487	-0.197098	
242	1.000412	0.000096	-0.265127	-0.000096	1.000412	-0.118145	
243	1.000436	0.000038	-0.264122	-0.000038	1.000436	-0.150894	
244	1.000446	-0.000004	-0.243188	0.000004	1.000446	-0.176066	
245	1.000421	-0.000046	-0.240479	0.000046	1.000421	-0.203749	
246	1.000458	-0.000094	-0.247221	0.000094	1.000458	-0.250497	
247	1.000367	-0.000083	-0.184925	0.000083	1.000367	-0.211243	
248	1.000336	-0.000077	-0.181785	0.000077	1.000336	-0.193356	
249	1.000322	-0.000068	-0.269746	0.000068	1.000322	-0.185056	
250	1.000193	-0.000042	-0.285146	0.000042	1.000193	-0.133084	
251	1.000225	-0.000044	-0.302871	0.000044	1.000225	-0.150555	
252	1.000148	-0.000104	-0.506367	0.000104	1.000148	-0.160859	
253	1.000202	-0.000033	-0.580314	0.000033	1.000202	-0.129228	
254	1.000197	0.000070	-0.620175	-0.000070	1.000197	-0.052209	
255	0.999904	0.000014	-0.721421	-0.000014	0.999904	0.020686	
256	1.000124	0.000076	-0.845646	-0.000076	1.000124	0.025780	
257	0.999986	0.000056	-0.866608	-0.000056	0.999986	0.088360	
258	1.000109	0.000047	-0.936826	-0.000047	1.000109	0.055046	
259	1.000050	0.000072	-1.224434	-0.000072	1.000050	0.039112	
260	0.999842	-0.000100	-1.365517	0.000100	0.999842	-0.003869	
261	0.999712	-0.000219	-1.823489	0.000219	0.999712	-0.046616	
262	0.999595	-0.000258	-2.082891	0.000258	0.999595	-0.036385	
263	0.999340	-0.000218	-2.490222	0.000218	0.999340	0.174739	
264	0.999111	-0.000294	-2.770986	0.000294	0.999111	0.198793	
265	0.999133	-0.000198	-3.161840	0.000198	0.999133	0.268506	
266	0.998753	-0.000161	-3.418839	0.000161	0.998753	0.368898	
267	0.998693	-0.000215	-3.577140	0.000215	0.998693	0.279333	
268	0.999437	0.000203	-4.766648	-0.000203	0.999437	0.332132	
269	0.997890	-0.000555	-3.961757	0.000555	0.997890	0.386381	
270	0.998243	-0.000481	-4.233693	0.000481	0.998243	0.301459	
271	0.999817	0.000531	-6.482208	-0.000531	0.999817	0.513429	
272	1.000012	0.000453	-6.748517	-0.000453	1.000012	0.350989	
273	0.997571	-0.000724	-4.204541	0.000724	0.997571	0.475444	
274	0.999883	0.000603	-7.011492	-0.000603	0.999883	0.533891	
275	0.999767	0.000461	-6.895935	-0.000461	0.999767	0.526782	
276	0.999631	0.000422	-6.649518	-0.000422	0.999631	0.649534	
277	0.999537	0.000520	-6.822720	-0.000520	0.999537	0.755246	
278	0.999519	0.000278	-6.330717	-0.000278	0.999519	0.425525	
279	0.999363	0.000323	-6.298887	-0.000323	0.999363	0.477414	
280	0.999396	0.000489	-6.449157	-0.000489	0.999396	0.645453	
281	0.997587	-0.000611	-4.042348	0.000611	0.997587	0.479681	
282	0.999085	0.000543	-5.827463	-0.000543	0.999085	0.733400	
283	0.997737	-0.000614	-3.642359	0.000614	0.997737	0.462882	
284	0.997325	-0.000607	-2.816962	0.000607	0.997325	0.518220	
285	0.997782	-0.000492	-3.083629	0.000492	0.997782	0.479334	
286	0.998151	-0.000481	-2.504879	0.000481	0.998151	0.255424	
287	0.998250	-0.000359	-2.099249	0.000359	0.998250	0.322241	
288	0.998486	-0.000346	-1.817551	0.000346	0.998486	0.217544	
289	0.998769	-0.000251	-1.347217	0.000251	0.998769	0.200687	
290	0.998945	-0.000185	-1.033368	0.000185	0.998945	0.163915	
291	0.999080	-0.000086	-0.612064	0.000086	0.999080	0.121624	
292	0.999100	-0.000029	-0.445838	0.000029	0.999100	0.148695	
293	0.999250	-0.000031	-0.273796	0.000031	0.999250	0.104109	
294	0.999327	-0.000086	-0.186401	0.000086	0.999327	0.113891	
295	0.999438	-0.000089	-0.125602	0.000089	0.999438	0.165716	
296	0.999681	-0.000145	-0.118899	0.000145	0.999681	0.141202	
297	0.999825	-0.000164	0.042686	0.000164	0.999825	0.120981	
298	0.999818	-0.000096	-0.040703	0.000096	0.999818	0.191817	
299	0.999830	-0.000060	0.140868	0.000060	0.999830	0.173950	
300	0.999782	0.000002	0.143886	-0.000002	0.999782	0.185023	
301	0.999748	0.000004	0.171409	-0.000004	0.999748	0.128323	
302	0.999727	-0.000037	0.191024	0.000037	0.999727	0.079053	
303	0.999800	-0.000021	0.158456	0.000021	0.999800	0.040922	
304	0.999792	-0.000078	0.144261	0.000078	0.999792	-0.038317	
305	0.999822	-0.000080	0.099325	0.000080	0.999822	-0.077664	
306	0.999823	-0.000044	0.083957	0.000044	0.999823	-0.062976	
307	0.999864	-0.000005	0.046748	0.000005	0.999864	-0.046152	
308	0.999903	0.000008	0.031308	-0.000008	0.999903	-0.023010	
309	0.999941	-0.000035	0.013263	0.000035	0.999941	-0.060109	
310	1.000038	-0.000048	-0.037953	0.000048	1.000038	-0.075484	
311	1.000102	-0.000042	-0.064940	0.000042	1.000102	-0.071650	
312	1.000154	0.000018	-0.103820	-0.000018	1.000154	-0.036916	
313	1.000218	0.000050	-0.151134	-0.000050	1.000218	-0.037210	
314	1.000281	0.000115	-0.188344	-0.000115	1.000281	-0.014650	
315	1.000306	0.000107	-0.206932	-0.000107	1.000306	-0.029064	
316	1.000293	0.000045	-0.180821	-0.000045	1.000293	-0.055697	
317	1.000364	0.000025	-0.200375	-0.000025	1.000364	-0.076315	
318	1.000344	0.000017	-0.172875	-0.000017	1.000344	-0.068134	
319	1.000389	0.000010	-0.160492	-0.000010	1.000389	-0.099434	
320	1.000412	0.000048	-0.189890	-0.000048	1.000412	-0.095703	
321	1.000422	0.000132	-0.187869	-0.000132	1.000422	-0.051921	
322	1.000434	0.000186	-0.201941	-0.000186	1.000434	-0.022829	
323	1.000413	0.000186	-0.191440	-0.000186	1.000413	-0.031705	
324	1.000487	0.000161	-0.202988	-0.000161	1.000487	-0.045020	
325	1.000459	0.000077	-0.200822	-0.000077	1.000459	-0.088002	
326	1.000450	0.000074	-0.172020	-0.000074	1.000450	-0.081295	
327	1.000457	0.000023	-0.201741	-0.000023	1.000457	-0.119096	
328	1.000383	0.000030	-0.148670	-0.000030	1.000383	-0.074063	
329	1.000390	0.000039	-0.141557	-0.000039	1.000390	-0.044349	
330	1.000387	0.000020	-0.170346	-0.000020	1.000387	-0.030814	
331	1.000331	0.000096	-0.145279	-0.000096	1.000331	0.034797	
332	1.000271	0.000034	-0.120067	-0.000034	1.000271	0.005849	
333	1.000198	-0.000006	-0.047495	0.000006	1.000198	-0.011910	
334	1.000182	-0.000041	-0.020426	0.000041	1.000182	-0.047524	
335	1.000078	-0.000035	0.022439	0.000035	1.000078	-0.032145	
336	1.000030	-0.000014	0.028458	0.000014	1.000030	-0.005666	
337	1.000005	0.000118	-0.006527	-0.000118	1.000005	0.082317	
338	0.999966	0.000224	-0.045302	-0.000224	0.999966	0.175186	
339	1.000042	0.000214	-0.088491	-0.000214	1.000042	0.120596	
340	1.000064	0.000088	-0.061072	-0.000088	1.000064	0.059782	
341	1.000044	0.000065	0.034594	-0.000065	1.000044	0.050831	
342	0.999998	-0.000022	0.027753	0.000022	0.999998	0.006385	
343	0.999989	-0.000036	0.052857	0.000036	0.999989	-0.002417	
344	0.999909	-0.000057	0.161112	0.000057	0.999909	0.008145	
345	0.999940	-0.000107	0.113447	0.000107	0.999940	-0.026055	
346	1.000008	-0.000094	0.260128	0.000094	1.000008	0.010501	
347	1.000001	-0.000060	0.090252	0.000060	1.000001	0.033660	
348	1.000032	-0.000050	0.243830	0.000050	1.000032	0.031085	
349	1.000103	0.000027	0.615940	-0.000027	1.000103	0.047799	
350	1.000249	0.000088	0.805716	-0.000088	1.000249	0.048305	
351	1.000374	0.000145	1.214272	-0.000145	1.000374	0.001045	
352	1.000532	0.000124	1.836017	-0.000124	1.000532	-0.078480	
353	1.000543	0.000096	2.023990	-0.000096	1.000543	-0.135435	
354	1.000545	0.000062	2.034697	-0.000062	1.000545	-0.155864	
355	1.000707	-0.000072	2.197699	0.000072	1.000707	-0.287001	
356	1.000701	0.000090	2.107001	-0.000090	1.000701	-0.137546	
357	1.000737	0.000186	2.252170	-0.000186	1.000737	-0.092043	
358	1.001001	0.000244	2.352889	-0.000244	1.001001	-0.133897	
359	1.001052	0.000225	2.271610	-0.000225	1.001052	-0.226326	
360	1.001280	0.000191	2.737714	-0.000191	1.001280	-0.314185	
361	1.001818	0.000255	2.502625	-0.000255	1.001818	-0.449313	
362	1.001915	0.000004	2.866327	-0.000004	1.001915	-0.674059	
363	1.001684	0.000161	4.020672	-0.000161	1.001684	-0.462105	
364	1.000098	-0.001041	6.837608	0.001041	1.000098	-0.747703	
365	1.005114	-0.000420	3.224158	0.000420	1.005114	-2.166623	
366	1.000149	-0.001074	8.801913	0.001074	1.000149	-0.854181	
367	1.000489	-0.001192	9.428615	0.001192	1.000489	-1.074084	
368	1.000362	-0.001171	9.948957	0.001171	1.000362	-1.110041	
369	1.004754	0.000861	5.669703	-0.000861	1.004754	-1.247992	
370	1.000559	-0.000869	9.992612	0.000869	1.000559	-0.793618	
371	1.000010	-0.000563	10.564349	0.000563	1.000010	-0.411592	
372	1.000345	-0.000491	10.226511	0.000491	1.000345	-0.553429	
373	1.002241	-0.000815	8.691954	0.000815	1.002241	-1.398970	
374	1.000229	-0.000469	10.829284	0.000469	1.000229	-0.374337	
375	1.001152	-0.000969	9.706024	0.000969	1.001152	-1.006304	
376	1.000825	-0.000947	10.137437	0.000947	1.000825	-0.929153	
377	1.000278	-0.001221	10.450889	0.001221	1.000278	-1.019849	
378	1.000082	-0.001260	9.667488	0.001260	1.000082	-0.897586	
379	1.000092	-0.001233	9.010271	0.001233	1.000092	-0.961300	
380	0.999997	-0.001333	8.250919	0.001333	0.999997	-1.097574	
381	1.000303	-0.001135	6.992013	0.001135	1.000303	-1.101365	
382	1.001546	0.000297	4.051942	-0.000297	1.001546	-0.412233	
383	1.001250	0.000049	2.703997	-0.000049	1.001250	-0.615707	
384	1.000895	-0.000040	1.609970	0.000040	1.000895	-0.529292	
385	1.000349	0.000006	0.299555	-0.000006	1.000349	-0.276699	
386	0.999966	0.000013	-0.404278	-0.000013	0.999966	-0.070521	
387	0.999866	-0.000010	-0.637350	0.000010	0.999866	-0.031792	
388	0.999814	-0.000027	-0.853331	0.000027	0.999814	0.007406	
389	0.999937	-0.000025	-0.569718	0.000025	0.999937	-0.035684	
390	0.999910	-0.000028	-0.513003	0.000028	0.999910	-0.038269	
391	0.999912	0.000035	-0.376292	-0.000035	0.999912	0.010990	
392	0.999983	0.000034	-0.233457	-0.000034	0.999983	-0.017590	
393	0.999917	-0.000048	-0.289686	0.000048	0.999917	-0.064338	
394	0.999952	-0.000062	-0.140846	0.000062	0.999952	-0.057056	
395	0.999931	-0.000057	-0.048478	0.000057	0.999931	-0.042674	
396	0.999922	-0.000083	0.037504	0.000083	0.999922	-0.056438	
397	0.999867	-0.000003	0.073298	0.000003	0.999867	0.017569	
398	0.999922	-0.000002	0.022072	0.000002	0.999922	-0.015165	
399	0.999919	0.000014	0.057181	-0.000014	0.999919	-0.025280	
400	0.999957	-0.000001	0.061179	0.000001	0.999957	-0.074991	
401	0.999900	-0.000039	-0.067407	0.000039	0.999900	-0.055073	
402	0.999925	-0.000030	-0.083258	0.000030	0.999925	-0.025189	
403	0.999981	-0.000037	-0.150161	0.000037	0.999981	-0.024743	
404	1.000064	-0.000026	-0.116684	0.000026	1.000064	-0.021065	
405	1.000041	0.000019	-0.002020	-0.000019	1.000041	0.013846	
406	0.999980	0.000071	0.052540	-0.000071	0.999980	0.065273	
407	0.999964	0.000046	0.044604	-0.000046	0.999964	0.044246	
408	1.000001	-0.000020	0.008576	0.000020	1.000001	-0.020461	
409	1.000046	-0.000044	-0.026154	0.000044	1.000046	-0.050791	
410	1.000004	-0.000026	0.013268	0.000026	1.000004	-0.022047	
411	1.000046	-0.000007	0.005335	0.000007	1.000046	-0.075485	
412	1.000062	0.000008	0.010852	-0.000008	1.000062	-0.069675	
413	1.000089	-0.000049	-0.032286	0.000049	1.000089	-0.077161	
414	1.000061	-0.000020	-0.028861	0.000020	1.000061	-0.018622	
