0	1.000000	0.000000	0.000000	0.000000	1.000000	0.000000	
1	1.000149	0.000021	0.152925	-0.000021	1.000149	0.023533	
2	1.000101	-0.000015	0.154528	0.000015	1.000101	-0.003316	
3	1.000217	0.000077	0.313061	-0.000077	1.000217	0.010220	
4	1.000095	0.000018	0.133069	-0.000018	1.000095	0.008170	
5	1.000090	-0.000034	0.114791	0.000034	1.000090	0.026223	
6	1.000082	-0.000062	0.157624	0.000062	1.000082	0.094461	
7	1.000047	0.000078	0.017643	-0.000078	1.000047	0.004276	
8	1.000027	0.000044	0.015935	-0.000044	1.000027	-0.091027	
9	1.000036	-0.000025	0.001457	0.000025	1.000036	0.056439	
10	1.000042	-0.000005	-0.015811	0.000005	1.000042	0.019990	
11	1.000022	0.000004	0.002034	-0.000004	1.000022	-0.000681	
12	1.000056	0.000025	0.021660	-0.000025	1.000056	0.009195	
13	1.000070	-0.000015	0.036216	0.000015	1.000070	0.011779	
14	1.000022	0.000020	-0.007960	-0.000020	1.000022	0.017925	
15	1.000036	0.000018	-0.007712	-0.000018	1.000036	0.018198	
16	1.000040	-0.000003	0.050832	0.000003	1.000040	0.030861	
17	1.000033	-0.000012	0.021448	0.000012	1.000033	0.011263	
18	1.000014	0.000045	0.062522	-0.000045	1.000014	0.020622	
19	1.000001	0.000021	0.058745	-0.000021	1.000001	0.001362	
20	0.999993	0.000023	0.075323	-0.000023	0.999993	0.001462	
21	1.000074	0.000009	0.084071	-0.000009	1.000074	0.011467	
22	1.000062	0.000002	0.080503	-0.000002	1.000062	0.064222	
23	1.000122	0.000034	0.137630	-0.000034	1.000122	-0.001245	
24	1.000045	0.000025	0.010516	-0.000025	1.000045	0.014379	
25	1.000035	0.000024	0.026480	-0.000024	1.000035	0.002850	
26	1.000042	0.000054	0.039305	-0.000054	1.000042	0.003218	
27	1.000023	0.000001	0.014727	-0.000001	1.000023	-0.004441	
28	1.000049	-0.000067	0.034060	0.000067	1.000049	0.119876	
29	1.000056	0.000142	0.070271	-0.000142	1.000056	-0.017825	
30	1.000042	0.000052	0.041022	-0.000052	1.000042	-0.044118	
31	1.000085	-0.000059	0.126033	0.000059	1.000085	0.017491	
32	1.000108	-0.000096	0.129984	0.000096	1.000108	0.154909	
33	1.000165	0.000015	0.286907	-0.000015	1.000165	0.106613	
34	1.000089	0.000104	0.143102	-0.000104	1.000089	-0.044527	
35	1.000100	0.000006	0.176966	-0.000006	1.000100	-0.013347	
36	1.000159	-0.000066	0.132490	0.000066	1.000159	0.031624	
37	1.000130	-0.000064	0.236488	0.000064	1.000130	0.104904	
38	1.000253	0.000102	0.362413	-0.000102	1.000253	0.006618	
39	1.000187	0.000101	0.171973	-0.000101	1.000187	0.010259	
40	1.000119	0.000006	0.155082	-0.000006	1.000119	0.000609	
41	1.000115	-0.000020	0.153917	0.000020	1.000115	-0.010837	
42	1.000167	0.000008	0.191275	-0.000008	1.000167	-0.003737	
43	1.000188	0.000079	0.284774	-0.000079	1.000188	0.028208	
44	1.000097	0.000024	0.166052	-0.000024	1.000097	-0.036536	
45	1.000133	0.000007	0.156289	-0.000007	1.000133	-0.014161	
46	1.000143	0.000048	0.178166	-0.000048	1.000143	0.036540	
47	1.000091	0.000028	0.135481	-0.000028	1.000091	0.053065	
48	1.000150	-0.000016	0.298478	0.000016	1.000150	-0.082506	
49	1.000106	0.000046	0.168354	-0.000046	1.000106	0.010008	
50	1.000095	0.000032	0.128956	-0.000032	1.000095	0.015623	
51	1.000103	0.000030	0.129198	-0.000030	1.000103	0.016168	
52	1.000112	-0.000013	0.190495	0.000013	1.000112	0.002395	
53	1.000308	0.000034	0.387212	-0.000034	1.000308	0.014392	
54	1.000146	0.000030	0.270544	-0.000030	1.000146	-0.013147	
55	1.000179	0.000021	0.276439	-0.000021	1.000179	-0.044928	
56	1.000253	0.000015	0.370870	-0.000015	1.000253	0.014820	
57	1.000287	-0.000103	0.347871	0.000103	1.000287	0.090813	
58	1.000507	0.000092	0.651242	-0.000092	1.000507	-0.045074	
59	1.000321	0.000044	0.442479	-0.000044	1.000321	-0.009500	
60	1.000332	-0.000023	0.460882	0.000023	1.000332	-0.012561	
61	1.000399	0.000008	0.546217	-0.000008	1.000399	-0.009835	
62	1.000462	0.000020	0.600173	-0.000020	1.000462	-0.032686	
63	1.000882	0.000043	0.995484	-0.000043	1.000882	-0.065997	
64	1.000474	0.000047	0.588585	-0.000047	1.000474	-0.030551	
65	1.000498	0.000071	0.668887	-0.000071	1.000498	-0.021885	
66	1.000547	0.000107	0.690572	-0.000107	1.000547	0.013152	
67	1.000574	0.000071	0.757883	-0.000071	1.000574	-0.032651	
68	1.001463	0.000077	1.435627	-0.000077	1.001463	-0.096977	
69	1.000872	0.000093	0.765677	-0.000093	1.000872	-0.058750	
70	1.000651	0.000110	0.928476	-0.000110	1.000651	-0.029177	
71	1.000743	0.000105	0.904231	-0.000105	1.000743	-0.040441	
72	1.000799	0.000055	0.903567	-0.000055	1.000799	-0.041785	
73	1.001936	0.000015	1.614215	-0.000015	1.001936	-0.116548	
74	1.000920	0.000087	0.967679	-0.000087	1.000920	-0.091122	
75	1.000919	0.000119	1.002891	-0.000119	1.000919	-0.078151	
76	1.000826	0.000095	0.939842	-0.000095	1.000826	-0.079078	
77	1.000920	0.000047	0.942152	-0.000047	1.000920	-0.081046	
78	1.001899	0.000079	1.942133	-0.000079	1.001899	-0.139209	
79	1.001023	0.000107	0.984094	-0.000107	1.001023	-0.087722	
80	1.000652	0.000115	1.404094	-0.000115	1.000652	-0.082025	
81	1.000725	0.000073	1.346818	-0.000073	1.000725	-0.129619	
82	1.000733	0.000045	1.386890	-0.000045	1.000733	-0.056678	
83	1.000823	0.000042	1.513594	-0.000042	1.000823	-0.033133	
84	1.001761	0.000144	3.162477	-0.000144	1.001761	-0.088675	
85	1.000835	0.000105	1.701648	-0.000105	1.000835	-0.158346	
86	1.000890	0.000097	1.729208	-0.000097	1.000890	-0.152262	
87	1.000839	0.000064	1.720060	-0.000064	1.000839	-0.068520	
88	1.000850	-0.000041	1.700708	0.000041	1.000850	-0.074740	
89	1.001735	0.000159	3.625660	-0.000159	1.001735	-0.128766	
90	1.000872	0.000054	1.920145	-0.000054	1.000872	-0.134771	
91	1.000935	0.000087	1.897405	-0.000087	1.000935	-0.162402	
92	1.000977	0.000024	2.027821	-0.000024	1.000977	-0.127865	
93	1.000993	0.000023	1.981386	-0.000023	1.000993	-0.095650	
94	1.002066	0.000140	3.827216	-0.000140	1.002066	-0.286896	
95	1.000976	0.000072	2.044146	-0.000072	1.000976	-0.207480	
96	1.000741	0.000029	2.156552	-0.000029	1.000741	-0.209567	
97	1.000354	-0.000094	2.451628	0.000094	1.000354	-0.261946	
98	1.000355	-0.000171	2.408294	0.000171	1.000355	-0.221218	
99	1.000171	-0.000098	5.165956	0.000098	1.000171	-0.331447	
100	1.000008	-0.000222	2.573884	0.000222	1.000008	-0.269695	
101	1.000080	-0.000305	2.384970	0.000305	1.000080	-0.410431	
102	1.000027	-0.000236	2.307844	0.000236	1.000027	-0.217960	
103	0.999812	-0.000170	2.280988	0.000170	0.999812	-0.125435	
104	0.999892	-0.000357	4.139195	0.000357	0.999892	-0.369513	
105	1.000007	-0.000164	1.593642	0.000164	1.000007	-0.205811	
106	0.999989	-0.000145	1.482363	0.000145	0.999989	-0.194420	
107	0.999981	-0.000128	1.301234	0.000128	0.999981	-0.206765	
108	0.999974	-0.000152	1.175937	0.000152	0.999974	-0.216594	
109	1.000002	-0.000062	1.655557	0.000062	1.000002	-0.165105	
110	0.999982	-0.000074	0.800310	0.000074	0.999982	-0.085702	
111	0.999966	-0.000122	0.679034	0.000122	0.999966	-0.203226	
112	0.999963	-0.000071	0.540604	0.000071	0.999963	-0.102774	
113	0.999958	-0.000190	0.471751	0.000190	0.999958	-0.124579	
114	0.999938	-0.000186	0.616182	0.000186	0.999938	-0.101645	
115	0.999972	-0.000136	0.320440	0.000136	0.999972	-0.070660	
116	1.000042	-0.000161	0.592815	0.000161	1.000042	-0.073378	
117	1.000075	-0.000121	0.952513	0.000121	1.000075	-0.008841	
118	1.000184	-0.000192	1.025516	0.000192	1.000184	-0.110397	
119	1.000337	-0.000437	2.386302	0.000437	1.000337	-0.390162	
120	1.000229	-0.000272	1.080994	0.000272	1.000229	-0.250151	
121	1.000329	-0.000389	1.062757	0.000389	1.000329	-0.359854	
122	1.000382	-0.000378	1.149633	0.000378	1.000382	-0.364744	
123	1.000326	-0.000380	1.175019	0.000380	1.000326	-0.370016	
124	1.000081	-0.000465	2.992229	0.000465	1.000081	-0.330385	
125	0.999993	-0.000203	1.410515	0.000203	0.999993	-0.146566	
126	1.000295	-0.000052	1.149046	0.000052	1.000295	-0.106511	
127	1.000238	-0.000091	1.119552	0.000091	1.000238	-0.128516	
128	1.000175	-0.000112	1.178565	0.000112	1.000175	-0.086374	
129	1.000392	-0.000241	2.731831	0.000241	1.000392	-0.104562	
130	1.000173	-0.000091	1.424552	0.000091	1.000173	-0.044054	
131	1.000349	-0.000108	1.346996	0.000108	1.000349	-0.093078	
132	1.000182	-0.000176	1.537746	0.000176	1.000182	-0.115878	
133	0.999957	-0.000018	0.052457	0.000018	0.999957	0.002383	
134	1.000508	-0.000191	3.098884	0.000191	1.000508	-0.053807	
135	1.000226	-0.000100	1.469055	0.000100	1.000226	-0.042773	
136	1.000259	-0.000098	1.342750	0.000098	1.000259	-0.071001	
137	1.000195	-0.000078	1.340614	0.000078	1.000195	-0.040770	
138	1.000243	-0.000017	1.185805	0.000017	1.000243	0.025447	
139	1.000365	-0.000269	2.194474	0.000269	1.000365	-0.045706	
140	1.000109	-0.000093	0.863154	0.000093	1.000109	-0.036713	
141	1.000096	-0.000029	0.750710	0.000029	1.000096	-0.001597	
142	1.000070	-0.000124	0.652660	0.000124	1.000070	-0.025112	
143	1.000041	-0.000183	0.668262	0.000183	1.000041	-0.051736	
144	1.000049	-0.000134	0.792076	0.000134	1.000049	-0.030206	
145	0.999998	-0.000061	0.127848	0.000061	0.999998	-0.022639	
146	1.000052	-0.000044	-0.161750	0.000044	1.000052	-0.053781	
147	0.999962	-0.000019	-0.243623	0.000019	0.999962	-0.049768	
148	0.999969	0.000059	-0.696292	-0.000059	0.999969	0.010753	
149	0.999889	0.000025	-2.461972	-0.000025	0.999889	-0.194563	
150	0.999956	0.000022	-1.662039	-0.000022	0.999956	-0.068155	
151	0.999914	0.000030	-1.972184	-0.000030	0.999914	-0.079339	
152	0.999817	-0.000015	-2.121521	0.000015	0.999817	-0.092438	
153	0.998895	0.000368	-1.502873	-0.000368	0.998895	0.486612	
154	0.999106	0.000130	-4.567984	-0.000130	0.999106	-0.111646	
155	0.998724	-0.000118	-1.766091	0.000118	0.998724	-0.105995	
156	0.998718	-0.000154	-1.750421	0.000154	0.998718	-0.098868	
157	0.998639	-0.000182	-1.769957	0.000182	0.998639	-0.052369	
158	0.998709	-0.000173	-1.891914	0.000173	0.998709	0.005291	
159	0.999272	0.000161	-6.201946	-0.000161	0.999272	-0.130124	
160	0.998252	-0.000014	-1.707576	0.000014	0.998252	-0.045803	
161	0.998170	0.000020	-1.755763	-0.000020	0.998170	0.001403	
162	0.998482	-0.000098	-2.013535	0.000098	0.998482	-0.040995	
163	0.998574	-0.000119	-1.996547	0.000119	0.998574	-0.034010	
164	0.992391	-0.000052	0.425374	0.000052	0.992391	0.572080	
165	0.998538	-0.000022	-1.952813	0.000022	0.998538	-0.061095	
166	0.998508	-0.000056	-1.943055	0.000056	0.998508	-0.047043	
167	0.998525	-0.000081	-1.904190	0.000081	0.998525	-0.154855	
168	0.998562	0.000077	-1.850162	-0.000077	0.998562	-0.086336	
169	0.994804	-0.000005	-1.650342	0.000005	0.994804	0.205044	
170	0.998580	0.000052	-1.674295	-0.000052	0.998580	-0.141641	
171	0.998598	0.000074	-1.594863	-0.000074	0.998598	-0.030185	
172	0.998462	0.000052	-1.440208	-0.000052	0.998462	-0.059499	
173	0.998559	0.000197	-1.526868	-0.000197	0.998559	-0.079862	
174	0.996737	0.000078	-2.576314	-0.000078	0.996737	-0.091831	
175	0.998465	0.000125	-1.363418	-0.000125	0.998465	-0.005376	
176	0.998500	0.000129	-1.326108	-0.000129	0.998500	-0.082135	
177	0.998360	0.000115	-1.223657	-0.000115	0.998360	-0.015821	
178	0.998403	0.000089	-1.189665	-0.000089	0.998403	0.018724	
179	0.996487	0.000275	-2.238880	-0.000275	0.996487	-0.129239	
180	0.998253	0.000162	-1.197146	-0.000162	0.998253	0.031481	
181	0.998253	0.000060	-1.189150	-0.000060	0.998253	0.028329	
182	0.998140	0.000080	-1.195103	-0.000080	0.998140	0.055252	
183	0.998268	0.000151	-1.239471	-0.000151	0.998268	0.006794	
184	0.995803	0.000307	-1.992682	-0.000307	0.995803	0.024799	
185	0.998277	0.000129	-1.180655	-0.000129	0.998277	-0.094237	
186	0.998248	0.000138	-1.146939	-0.000138	0.998248	-0.035447	
187	0.998302	0.000197	-1.137776	-0.000197	0.998302	0.054780	
188	0.998356	0.000206	-1.164130	-0.000206	0.998356	-0.084140	
189	0.996717	0.000272	-2.126548	-0.000272	0.996717	-0.164951	
190	0.998525	0.000217	-1.188072	-0.000217	0.998525	-0.035753	
191	0.998397	0.000199	-1.081415	-0.000199	0.998397	-0.040230	
192	0.998311	0.000284	-1.093303	-0.000284	0.998311	-0.066697	
193	0.998317	0.000272	-1.091249	-0.000272	0.998317	-0.045392	
194	0.996390	0.000264	-2.069757	-0.000264	0.996390	-0.083650	
195	0.998250	0.000198	-0.914983	-0.000198	0.998250	0.009726	
196	0.998195	0.000228	-0.896690	-0.000228	0.998195	0.033149	
197	0.998154	0.000256	-0.926538	-0.000256	0.998154	0.034642	
198	0.998148	0.000293	-0.940785	-0.000293	0.998148	0.074401	
199	0.995911	0.000533	-1.495434	-0.000533	0.995911	0.236334	
200	0.998320	0.000299	-0.944992	-0.000299	0.998320	-0.002337	
201	0.998184	0.000266	-0.812424	-0.000266	0.998184	0.018856	
202	0.998417	0.000258	-0.932051	-0.000258	0.998417	0.077838	
203	0.998335	0.000244	-0.810678	-0.000244	0.998335	0.035456	
204	0.996874	0.000252	-1.635810	-0.000252	0.996874	-0.017574	
205	0.998308	0.000287	-0.611629	-0.000287	0.998308	0.106162	
206	0.998298	0.000204	-0.513027	-0.000204	0.998298	0.075761	
207	0.998311	0.000150	-0.251905	-0.000150	0.998311	0.190575	
208	0.998645	0.000077	-0.162960	-0.000077	0.998645	0.213184	
209	0.997623	0.000133	0.157814	-0.000133	0.997623	0.297966	
210	0.998859	0.000140	0.299804	-0.000140	0.998859	0.164603	
211	0.998930	0.000089	0.252325	-0.000089	0.998930	0.156522	
212	0.998983	0.000104	0.165919	-0.000104	0.998983	0.185184	
213	0.999040	0.000092	0.056865	-0.000092	0.999040	0.098656	
214	0.997654	0.000400	-0.132811	-0.000400	0.997654	0.057872	
215	0.998752	0.000228	-0.357750	-0.000228	0.998752	-0.018605	
216	0.998553	0.000239	-0.383008	-0.000239	0.998553	0.066778	
217	0.998477	0.000299	-0.560095	-0.000299	0.998477	0.011195	
218	0.998313	0.000193	-0.586777	-0.000193	0.998313	-0.029385	
219	0.996308	0.000502	-1.056780	-0.000502	0.996308	-0.021391	
220	0.998255	0.000338	-0.622523	-0.000338	0.998255	-0.007113	
221	0.998425	0.000342	-0.808129	-0.000342	0.998425	0.029748	
222	0.998132	0.000289	-0.682975	-0.000289	0.998132	0.026218	
223	0.998245	0.000568	-0.868491	-0.000568	0.998245	0.086657	
224	0.996265	0.000535	-1.868024	-0.000535	0.996265	-0.139924	
225	0.998250	0.000424	-1.132017	-0.000424	0.998250	-0.046861	
226	0.997999	0.000523	-1.064743	-0.000523	0.997999	0.005792	
227	0.997802	0.000472	-1.026896	-0.000472	0.997802	-0.043281	
228	0.997645	0.000519	-0.992043	-0.000519	0.997645	0.069747	
229	0.994751	0.000793	-1.949061	-0.000793	0.994751	0.063326	
230	0.997359	0.000522	-1.020406	-0.000522	0.997359	0.049672	
231	0.997379	0.000545	-1.056775	-0.000545	0.997379	0.054360	
232	0.997363	0.000539	-0.954413	-0.000539	0.997363	0.195579	
233	0.997715	0.000432	-0.933303	-0.000432	0.997715	0.069267	
234	0.994413	0.000514	-0.939112	-0.000514	0.994413	0.074861	
235	0.997330	0.000447	-0.411191	-0.000447	0.997330	0.114728	
236	0.997422	0.000519	-0.382944	-0.000519	0.997422	0.161716	
237	0.997349	0.000499	-0.357443	-0.000499	0.997349	0.130655	
238	0.997429	0.000441	-0.357863	-0.000441	0.997429	0.080419	
239	0.995182	0.000932	-1.229084	-0.000932	0.995182	0.050731	
240	0.997576	0.000382	-0.547792	-0.000382	0.997576	0.048720	
241	0.997520	0.000349	-0.542313	-0.000349	0.997520	0.122827	
242	0.997701	0.000464	-0.568090	-0.000464	0.997701	0.160143	
243	0.997289	0.000499	-0.227887	-0.000499	0.997289	0.288731	
244	0.994862	0.001152	-0.506711	-0.001152	0.994862	0.697939	
245	0.997574	0.000421	-0.046036	-0.000421	0.997574	0.217391	
246	0.997356	0.000366	0.150932	-0.000366	0.997356	0.321661	
247	0.997586	0.000364	0.196609	-0.000364	0.997586	0.301911	
248	0.997502	0.000323	0.319046	-0.000323	0.997502	0.209142	
249	0.997861	0.000324	0.239376	-0.000324	0.997861	0.151591	
250	0.995552	0.000552	0.588241	-0.000552	0.995552	0.257937	
251	0.997625	0.000368	0.588650	-0.000368	0.997625	0.163499	
252	0.997756	0.000357	0.626491	-0.000357	0.997756	0.174052	
253	0.997855	0.000384	0.610594	-0.000384	0.997855	0.168112	
254	0.998116	0.000406	0.556357	-0.000406	0.998116	0.093262	
255	0.996433	0.000761	1.432865	-0.000761	0.996433	0.044889	
256	0.998129	0.000187	0.999636	-0.000187	0.998129	0.051362	
257	0.998014	0.000192	1.200450	-0.000192	0.998014	0.155480	
258	0.998326	0.000195	1.085563	-0.000195	0.998326	0.127566	
259	0.998704	0.000087	1.106249	-0.000087	0.998704	0.049062	
260	0.997078	0.000289	3.159269	-0.000289	0.997078	0.389899	
261	0.998483	0.000048	1.991978	-0.000048	0.998483	0.167112	
262	0.998945	-0.000044	2.013072	0.000044	0.998945	-0.073513	
263	0.999340	0.000198	2.136192	-0.000198	0.999340	-0.032178	
264	0.999278	0.000043	2.424773	-0.000043	0.999278	-0.041944	
265	1.004242	0.000291	-0.263122	-0.000291	1.004242	-0.451764	
266	0.999702	0.000443	2.576658	-0.000443	0.999702	-0.021429	
267	1.000801	0.000366	1.844971	-0.000366	1.000801	-0.106360	
268	1.001007	0.000073	1.851917	-0.000073	1.001007	-0.227098	
269	1.001592	0.000113	1.478799	-0.000113	1.001592	-0.276661	
270	0.999458	0.000176	7.456023	-0.000176	0.999458	-0.236187	
271	1.000176	-0.000016	3.255256	0.000016	1.000176	-0.251525	
272	1.001514	0.000180	2.103101	-0.000180	1.001514	-0.218775	
273	1.002387	0.000198	1.501806	-0.000198	1.002387	-0.407092	
274	1.002561	-0.000013	1.274035	0.000013	1.002561	-0.550667	
275	0.997280	-0.000184	10.985215	0.000184	0.997280	-0.192349	
276	1.003390	0.000117	1.018251	-0.000117	1.003390	-0.474247	
277	1.003617	-0.000323	0.689867	0.000323	1.003617	-0.837798	
278	1.003878	-0.000092	0.661336	0.000092	1.003878	-0.638997	
279	1.004688	0.000085	0.183963	-0.000085	1.004688	-0.610708	
280	0.999594	-0.000680	11.059418	0.000680	0.999594	-0.936936	
281	1.004821	0.000027	0.494077	-0.000027	1.004821	-0.686084	
282	1.004979	0.000361	0.439345	-0.000361	1.004979	-0.570329	
283	1.005197	0.000209	0.234276	-0.000209	1.005197	-0.729532	
284	1.005558	0.000125	-0.200935	-0.000125	1.005558	-0.737994	
285	1.011095	0.000315	0.257765	-0.000315	1.011095	-1.100221	
286	1.006430	0.000132	-0.842280	-0.000132	1.006430	-0.761564	
287	1.006346	0.000056	-0.493208	-0.000056	1.006346	-0.801490	
288	1.001377	-0.000869	5.012136	0.000869	1.001377	-1.162315	
289	1.006343	0.000227	0.186798	-0.000227	1.006343	-0.813136	
290	1.000700	-0.000571	13.137047	0.000571	1.000700	-1.437727	
291	1.007849	-0.000012	-1.109530	0.000012	1.007849	-1.158035	
292	1.007859	0.000250	-1.033598	-0.000250	1.007859	-0.917413	
293	1.008019	0.000572	-1.026786	-0.000572	1.008019	-0.901640	
294	1.009008	0.000730	-1.683300	-0.000730	1.009008	-0.791430	
295	1.016342	0.001204	-1.138218	-0.001204	1.016342	-1.230647	
296	1.009416	0.000350	-1.904978	-0.000350	1.009416	-1.022106	
297	1.002028	-0.001068	5.906499	0.001068	1.002028	-1.588627	
298	1.009039	0.000140	-1.483353	-0.000140	1.009039	-1.220151	
299	1.009065	0.000109	-1.135593	-0.000109	1.009065	-1.223186	
300	1.001532	-0.000547	15.233437	0.000547	1.001532	-1.112767	
301	1.009339	-0.000228	-1.518904	0.000228	1.009339	-1.312336	
302	1.010183	0.000288	-2.284038	-0.000288	1.010183	-0.945719	
303	1.005493	0.000003	2.361776	-0.000003	1.005493	-0.901834	
304	1.009838	0.000043	-2.325783	-0.000043	1.009838	-1.211737	
305	1.005663	0.000021	9.950917	-0.000021	1.005663	-0.820506	
306	1.009509	0.000028	-2.199299	-0.000028	1.009509	-0.954581	
307	1.009327	0.000033	-2.133200	-0.000033	1.009327	-0.915097	
308	1.009366	0.000047	-2.275685	-0.000047	1.009366	-0.891838	
309	1.008751	-0.001017	-1.779748	0.001017	1.008751	-1.646104	
310	1.002276	-0.000467	12.152225	0.000467	1.002276	-0.349636	
311	1.008460	-0.000401	-1.750980	0.000401	1.008460	-1.054706	
312	1.008736	-0.000193	-1.890977	0.000193	1.008736	-1.013265	
313	1.003926	-0.000539	2.727255	0.000539	1.003926	-0.833173	
314	1.004390	-0.000689	2.079332	0.000689	1.004390	-0.921269	
315	1.019702	-0.000675	-5.657636	0.000675	1.019702	-1.584112	
316	1.008640	-0.000874	-1.582995	0.000874	1.008640	-1.451690	
317	1.009653	0.000144	-2.339977	-0.000144	1.009653	-0.888201	
318	1.007867	-0.000754	-0.629094	0.000754	1.007867	-1.505305	
319	1.004073	-0.000819	3.358659	0.000819	1.004073	-0.901845	
320	1.002458	-0.000485	13.665490	0.000485	1.002458	-0.139372	
321	1.004162	-0.000587	3.555574	0.000587	1.004162	-0.698000	
322	1.003727	-0.000694	3.740618	0.000694	1.003727	-0.871687	
323	1.007758	-0.000931	-0.923215	0.000931	1.007758	-1.531199	
324	1.000804	-0.000951	6.086520	0.000951	1.000804	-0.719070	
325	1.014628	-0.001230	-1.727370	0.001230	1.014628	-1.814877	
326	1.003269	-0.000460	2.676326	0.000460	1.003269	-0.701517	
327	1.006656	-0.000661	-0.715399	0.000661	1.006656	-1.282241	
328	1.002705	-0.000537	2.966027	0.000537	1.002705	-0.627590	
329	1.002640	-0.000732	3.094573	0.000732	1.002640	-0.520222	
330	1.015182	-0.000415	-3.134354	0.000415	1.015182	-1.339456	
331	1.006237	-0.000592	-0.410380	0.000592	1.006237	-1.250551	
332	1.001095	-0.000582	4.784156	0.000582	1.001095	-0.711183	
333	1.002786	-0.000665	2.625999	0.000665	1.002786	-0.788455	
334	1.002553	-0.000564	2.896873	0.000564	1.002553	-0.602320	
335	1.012528	0.000310	-0.223739	-0.000310	1.012528	-0.922636	
336	1.006941	-0.000455	-0.731981	0.000455	1.006941	-1.259250	
337	1.002687	-0.000350	3.447665	0.000350	1.002687	-0.689009	
338	1.002507	-0.000259	3.463241	0.000259	1.002507	-0.641342	
339	1.002684	-0.000259	3.150363	0.000259	1.002684	-0.689301	
340	1.001071	-0.000074	11.179016	0.000074	1.001071	-1.161273	
341	1.002591	-0.000243	2.937617	0.000243	1.002591	-0.879035	
342	1.002630	-0.000153	3.145628	0.000153	1.002630	-0.803521	
343	1.002639	-0.000293	3.354619	0.000293	1.002639	-0.816967	
344	1.006981	-0.000473	-0.499394	0.000473	1.006981	-1.424131	
345	1.017850	0.000792	-5.071422	-0.000792	1.017850	-1.402791	
346	1.001184	-0.000815	5.762135	0.000815	1.001184	-1.155675	
347	1.002143	-0.000469	4.965718	0.000469	1.002143	-0.926347	
348	1.003166	-0.000454	3.795006	0.000454	1.003166	-0.864304	
349	1.001708	-0.000588	5.682919	0.000588	1.001708	-0.656218	
350	1.003018	-0.000508	11.624942	0.000508	1.003018	-0.502798	
351	1.002075	-0.000457	4.329553	0.000457	1.002075	-0.482254	
352	0.999864	-0.000538	6.620058	0.000538	0.999864	-0.289925	
353	1.000452	-0.000626	5.655048	0.000626	1.000452	-0.245377	
354	1.001580	-0.000854	3.891674	0.000854	1.001580	-0.398260	
355	0.998641	-0.000480	12.343263	0.000480	0.998641	0.158175	
356	1.001280	-0.000417	3.714002	0.000417	1.001280	-0.184463	
357	1.001249	-0.000584	3.343545	0.000584	1.001249	-0.273436	
358	1.001338	-0.000671	3.225577	0.000671	1.001338	-0.282146	
359	1.001315	-0.000491	3.278055	0.000491	1.001315	-0.200783	
360	0.999321	-0.000292	10.428810	0.000292	0.999321	0.034791	
361	0.998606	-0.000181	6.353134	0.000181	0.998606	0.160049	
362	0.999291	-0.000528	5.519024	0.000528	0.999291	-0.048561	
363	0.999716	-0.000720	5.007576	0.000720	0.999716	-0.156534	
364	0.999268	-0.000552	5.554872	0.000552	0.999268	0.049610	
365	0.998626	-0.000481	11.180461	0.000481	0.998626	0.405672	
366	0.999533	-0.000491	4.977523	0.000491	0.999533	0.074333	
367	0.999440	-0.000458	4.867916	0.000458	0.999440	0.113943	
368	0.999595	-0.000472	4.556096	0.000472	0.999595	0.309822	
369	0.999460	-0.000366	4.428503	0.000366	0.999460	0.347617	
370	0.999229	-0.000374	8.270288	0.000374	0.999229	0.534847	
371	0.999473	-0.000220	4.073809	0.000220	0.999473	0.376268	
372	0.999575	-0.000219	3.917049	0.000219	0.999575	0.454633	
373	0.999627	-0.000293	3.799099	0.000293	0.999627	0.368219	
374	0.999612	-0.000320	3.781175	0.000320	0.999612	0.349879	
375	0.999552	-0.000368	7.312221	0.000368	0.999552	0.804379	
376	0.999854	-0.000251	3.395964	0.000251	0.999854	0.365292	
377	0.999918	-0.000251	3.367715	0.000251	0.999918	0.463279	
378	0.999911	-0.000247	3.268245	0.000247	0.999911	0.557505	
379	0.999989	-0.000153	3.084761	0.000153	0.999989	0.602763	
380	0.999866	-0.000103	5.811822	0.000103	0.999866	0.893098	
381	1.000028	-0.000264	2.605096	0.000264	1.000028	0.333850	
382	0.999828	-0.000187	2.731285	0.000187	0.999828	0.566415	
383	0.999912	-0.000104	2.388157	0.000104	0.999912	0.486138	
384	0.999948	0.000013	1.758747	-0.000013	0.999948	0.385705	
385	0.999818	-0.000212	2.832458	0.000212	0.999818	0.662295	
386	0.999975	-0.000240	1.053139	0.000240	0.999975	0.464195	
387	1.000026	-0.000070	0.824949	0.000070	1.000026	0.362273	
388	0.999932	0.000037	0.459030	-0.000037	0.999932	0.330033	
389	1.000017	-0.000027	0.373777	0.000027	1.000017	0.298862	
390	0.999970	-0.000153	0.347433	0.000153	0.999970	0.510616	
391	0.999922	-0.000037	0.109827	0.000037	0.999922	0.544727	
392	0.999942	0.000002	0.074464	-0.000002	0.999942	0.540104	
393	0.999857	0.000021	0.186530	-0.000021	0.999857	0.281956	
394	0.999927	0.000185	0.064536	-0.000185	0.999927	0.245884	
395	0.999889	-0.000230	-0.299189	0.000230	0.999889	0.356385	
396	0.999936	-0.000141	-0.241987	0.000141	0.999936	0.327507	
397	1.000001	0.000067	-0.384742	-0.000067	1.000001	0.333565	
398	0.999854	0.000131	-0.784687	-0.000131	0.999854	0.238090	
399	0.999844	0.000055	-0.943383	-0.000055	0.999844	0.091948	
400	0.999150	-0.000324	-2.316803	0.000324	0.999150	0.449678	
401	0.999475	-0.000136	-1.724196	0.000136	0.999475	0.428174	
402	0.999341	0.000101	-2.041210	-0.000101	0.999341	0.314727	
403	0.999180	0.000129	-2.477303	-0.000129	0.999180	0.303100	
404	0.999116	0.000010	-2.895435	-0.000010	0.999116	0.293443	
405	1.000065	0.000023	-9.280843	-0.000023	1.000065	0.845414	
406	0.998688	0.000164	-3.674917	-0.000164	0.998688	0.600854	
407	0.998388	0.000114	-3.613225	-0.000114	0.998388	0.556321	
408	0.998363	-0.000060	-3.994008	0.000060	0.998363	0.462563	
409	0.997804	-0.000251	-3.891931	0.000251	0.997804	0.670128	
410	0.999951	0.000900	-13.560237	-0.000900	0.999951	1.882627	
411	0.999946	0.000534	-7.335115	-0.000534	0.999946	0.915642	
412	0.997456	-0.000181	-5.003373	0.000181	0.997456	0.679131	
413	0.997281	-0.000215	-5.084133	0.000215	0.997281	0.770432	
414	0.999823	0.000560	-7.825148	-0.000560	0.999823	1.077601	
415	0.996975	-0.000001	-4.991146	0.000001	0.996975	0.796414	
416	1.000089	0.000256	-16.193360	-0.000256	1.000089	1.345042	
417	0.993550	-0.000713	-1.536946	0.000713	0.993550	0.730498	
418	1.000108	0.000835	-8.150826	-0.000835	1.000108	1.178325	
419	0.995791	-0.000427	-3.717516	0.000427	0.995791	0.606562	
420	1.000226	0.000817	-8.561065	-0.000817	1.000226	1.055853	
421	0.980347	-0.001961	2.785798	0.001961	0.980347	1.267816	
422	1.000006	0.000791	-8.314713	-0.000791	1.000006	1.229122	
423	0.991127	-0.000710	0.358740	0.000710	0.991127	0.687156	
424	0.991027	-0.000678	0.517507	0.000678	0.991027	0.710743	
425	0.995173	-0.000137	-3.146190	0.000137	0.995173	0.879795	
426	0.999089	0.001012	-15.452914	-0.001012	0.999089	1.893886	
427	0.996112	-0.000113	-4.081338	0.000113	0.996112	0.819103	
428	0.992086	-0.000666	-0.144058	0.000666	0.992086	0.695127	
429	0.996180	-0.000127	-3.959162	0.000127	0.996180	0.792281	
430	0.992789	-0.000264	-0.470210	0.000264	0.992789	0.929301	
431	0.981880	-0.001680	2.910664	0.001680	0.981880	1.108664	
432	0.991639	-0.000903	0.687547	0.000903	0.991639	0.666241	
433	0.995707	-0.000137	-2.963161	0.000137	0.995707	0.809248	
434	0.994376	-0.000001	-1.778859	0.000001	0.994376	1.023885	
435	0.991945	-0.000370	0.431015	0.000370	0.991945	0.768120	
436	0.981544	-0.001790	2.135631	0.001790	0.981544	1.260069	
437	0.996459	0.000038	-3.986214	-0.000038	0.996459	0.951906	
438	0.992679	0.000479	-0.238886	-0.000479	0.992679	1.644403	
439	0.991928	-0.000315	0.486773	0.000315	0.991928	0.948963	
440	0.999523	0.000724	-7.037340	-0.000724	0.999523	1.041526	
441	0.981894	-0.001869	1.994254	0.001869	0.981894	1.177339	
442	0.995271	0.000001	-2.419172	-0.000001	0.995271	0.808242	
443	0.995399	0.000158	-2.454874	-0.000158	0.995399	0.842209	
444	0.995374	-0.000062	-2.285559	0.000062	0.995374	0.702271	
445	0.996449	0.000094	-3.335748	-0.000094	0.996449	0.864987	
446	0.983585	-0.001257	2.662869	0.001257	0.983585	1.263762	
447	0.992941	-0.000047	0.166349	0.000047	0.992941	0.968733	
448	0.995294	-0.000261	-1.800722	0.000261	0.995294	0.591568	
449	0.993925	-0.000426	-0.450114	0.000426	0.993925	0.700495	
450	0.995490	-0.000361	-1.874566	0.000361	0.995490	0.621152	
451	0.984714	-0.001010	1.758823	0.001010	0.984714	1.284492	
452	0.992503	-0.000323	0.411623	0.000323	0.992503	0.639358	
453	0.993131	0.000125	-0.079908	-0.000125	0.993131	0.953483	
454	0.992879	-0.000001	-0.011375	0.000001	0.992879	0.978571	
455	0.992634	-0.000376	0.267408	0.000376	0.992634	0.884853	
456	0.983337	-0.001445	2.809622	0.001445	0.983337	1.229555	
457	0.991281	-0.000347	0.711007	0.000347	0.991281	0.618747	
458	0.993189	0.000129	-0.474267	-0.000129	0.993189	0.946491	
459	0.992537	-0.000467	-0.015982	0.000467	0.992537	0.673355	
460	0.992250	-0.000765	0.299924	0.000765	0.992250	0.746906	
461	0.998032	0.000826	-13.002959	-0.000826	0.998032	1.494160	
462	0.992398	-0.000028	0.112058	0.000028	0.992398	1.023858	
463	0.992260	-0.000189	0.120546	0.000189	0.992260	0.936487	
464	0.991958	-0.000668	0.290019	0.000668	0.991958	0.648893	
465	0.992170	-0.000581	0.009129	0.000581	0.992170	0.626343	
466	0.982019	-0.001425	2.916411	0.001425	0.982019	1.412545	
467	0.992197	-0.000656	0.042710	0.000656	0.992197	0.760099	
468	0.992471	-0.000554	-0.077830	0.000554	0.992471	0.731092	
469	0.992542	-0.000403	-0.235367	0.000403	0.992542	0.747721	
470	0.992244	0.000108	0.283254	-0.000108	0.992244	1.249891	
471	0.996341	0.000780	-11.877285	-0.000780	0.996341	1.805282	
472	0.994507	-0.000203	-2.244943	0.000203	0.994507	0.808548	
473	0.994258	-0.000296	-2.152371	0.000296	0.994258	0.649580	
474	0.992869	-0.000261	-0.765592	0.000261	0.992869	0.896579	
475	0.991659	-0.000736	0.607344	0.000736	0.991659	0.782147	
476	0.981630	-0.001936	2.627146	0.001936	0.981630	1.335531	
477	0.991905	-0.000674	0.478310	0.000674	0.991905	0.690600	
478	0.992700	-0.000294	0.034571	0.000294	0.992700	0.998291	
479	0.995527	-0.000330	-2.879074	0.000330	0.995527	0.756279	
480	0.992331	-0.000973	0.361611	0.000973	0.992331	0.648248	
481	0.984762	-0.001252	0.637054	0.001252	0.984762	1.326951	
482	0.993440	-0.000369	-0.538700	0.000369	0.993440	0.773659	
483	0.993522	-0.000620	-0.522749	0.000620	0.993522	0.720644	
484	0.993904	-0.000411	-0.756047	0.000411	0.993904	0.837257	
485	0.993959	-0.000327	-0.625656	0.000327	0.993959	0.792960	
486	0.999519	0.001187	-12.364872	-0.001187	0.999519	1.365855	
487	0.993630	-0.000607	-0.065322	0.000607	0.993630	0.647287	
488	0.995537	-0.000484	-1.663805	0.000484	0.995537	0.558388	
489	0.994277	-0.000436	-0.381027	0.000436	0.994277	0.831271	
490	0.994513	-0.000181	-0.599212	0.000181	0.994513	0.786889	
491	0.987220	-0.000907	0.711704	0.000907	0.987220	1.192476	
492	0.995165	-0.000464	-1.093420	0.000464	0.995165	0.577921	
493	0.995201	-0.000363	-0.976939	0.000363	0.995201	0.685136	
494	0.994563	-0.000326	-0.372796	0.000326	0.994563	0.658972	
495	0.994935	-0.000327	-1.079019	0.000327	0.994935	0.435831	
496	0.985690	-0.001120	2.092877	0.001120	0.985690	0.995614	
497	0.996114	-0.000347	-2.355063	0.000347	0.996114	0.526604	
498	0.994871	-0.000393	-1.069541	0.000393	0.994871	0.780115	
499	0.994920	-0.000142	-1.139937	0.000142	0.994920	0.903820	
500	0.994531	-0.000087	-0.657942	0.000087	0.994531	0.903173	
501	0.987605	-0.000729	0.399475	0.000729	0.987605	1.467860	
502	1.000228	0.000761	-5.911240	-0.000761	1.000228	1.020652	
503	0.996289	-0.000510	-1.823548	0.000510	0.996289	0.562982	
504	0.996432	-0.000333	-2.038796	0.000333	0.996432	0.462631	
505	0.996535	-0.000208	-2.161394	0.000208	0.996535	0.424181	
506	0.987245	-0.001804	1.326011	0.001804	0.987245	0.902232	
507	0.996790	-0.000559	-2.095199	0.000559	0.996790	0.488066	
508	0.996714	-0.000407	-1.955176	0.000407	0.996714	0.549227	
509	0.995626	0.000106	-0.681411	-0.000106	0.995626	0.926289	
510	0.997050	-0.000291	-1.771966	0.000291	0.997050	0.398863	
511	0.993381	-0.001020	-2.553454	0.001020	0.993381	0.736668	
512	0.997861	-0.000249	-1.763080	0.000249	0.997861	0.438211	
513	0.998028	-0.000321	-1.745761	0.000321	0.998028	0.303290	
514	0.997703	-0.000050	-1.886617	0.000050	0.997703	0.489902	
515	0.997511	-0.000105	-1.687164	0.000105	0.997511	0.468225	
516	0.995469	-0.000794	-3.615256	0.000794	0.995469	0.738080	
517	0.998161	-0.000408	-1.744686	0.000408	0.998161	0.395094	
518	0.998212	-0.000228	-1.605232	0.000228	0.998212	0.599328	
519	0.998526	-0.000331	-1.720791	0.000331	0.998526	0.486482	
520	0.998564	-0.000145	-1.735928	0.000145	0.998564	0.424179	
521	0.994038	-0.001086	-1.129061	0.001086	0.994038	0.491787	
522	0.998722	-0.000356	-1.757953	0.000356	0.998722	0.505832	
523	0.998611	-0.000239	-1.647519	0.000239	0.998611	0.460067	
524	0.998650	-0.000064	-1.596326	0.000064	0.998650	0.371367	
525	0.998740	-0.000159	-1.565178	0.000159	0.998740	0.308470	
526	0.997635	-0.000674	-2.817216	0.000674	0.997635	0.458192	
527	0.998981	0.000008	-1.454411	-0.000008	0.998981	0.234511	
528	0.999039	0.000078	-1.480295	-0.000078	0.999039	0.169022	
529	0.999033	0.000119	-1.589276	-0.000119	0.999033	0.174472	
530	0.998843	-0.000095	-1.424875	0.000095	0.998843	0.096876	
531	0.998104	-0.000408	-2.411098	0.000408	0.998104	0.391846	
532	0.999642	0.000025	-1.123788	-0.000025	0.999642	0.286649	
533	0.999416	-0.000012	-1.095890	0.000012	0.999416	0.198660	
534	0.999657	0.000310	-1.177718	-0.000310	0.999657	0.264837	
535	0.999628	0.000101	-1.024006	-0.000101	0.999628	0.253982	
536	0.999304	-0.000293	-1.820078	0.000293	0.999304	0.282946	
537	0.999766	0.000241	-0.842241	-0.000241	0.999766	0.187888	
538	0.999845	0.000271	-0.765119	-0.000271	0.999845	0.165724	
539	0.999957	0.000281	-0.710675	-0.000281	0.999957	0.162602	
540	1.000254	0.000063	-0.495679	-0.000063	1.000254	0.105880	
541	1.000675	0.000110	-0.423912	-0.000110	1.000675	0.137201	
542	1.000332	0.000229	-0.127412	-0.000229	1.000332	0.000322	
543	1.000503	0.000222	-0.080032	-0.000222	1.000503	-0.063303	
544	1.000475	0.000253	0.022786	-0.000253	1.000475	0.047703	
545	1.000465	0.000189	-0.007842	-0.000189	1.000465	0.040391	
546	1.000700	0.000371	0.225192	-0.000371	1.000700	-0.171316	
547	1.000573	0.000313	0.173278	-0.000313	1.000573	0.014427	
548	1.000612	0.000392	0.280504	-0.000392	1.000612	0.089819	
549	1.000581	0.000354	0.220171	-0.000354	1.000581	0.086826	
550	1.000489	0.000233	0.393478	-0.000233	1.000489	-0.050388	
551	1.001040	0.000363	0.607653	-0.000363	1.001040	-0.169535	
552	1.000559	0.000274	0.415367	-0.000274	1.000559	0.062228	
553	1.000510	0.000243	0.472085	-0.000243	1.000510	0.053385	
554	1.000530	0.000256	0.491248	-0.000256	1.000530	0.073093	
555	1.000574	0.000303	0.494638	-0.000303	1.000574	0.093465	
556	1.001146	0.000239	1.124347	-0.000239	1.001146	0.014179	
557	1.000623	0.000142	0.554001	-0.000142	1.000623	0.054078	
558	1.000647	0.000343	0.523021	-0.000343	1.000647	0.213809	
559	1.000625	0.000241	0.558570	-0.000241	1.000625	0.210505	
560	1.000634	0.000294	0.566737	-0.000294	1.000634	0.071078	
561	1.001585	0.000310	1.352879	-0.000310	1.001585	-0.098764	
562	1.000824	0.000395	0.705572	-0.000395	1.000824	0.087610	
563	1.000855	0.000413	0.681081	-0.000413	1.000855	0.099528	
564	1.000852	0.000243	0.723988	-0.000243	1.000852	0.003303	
565	1.000885	0.000431	0.757961	-0.000431	1.000885	0.090644	
566	1.001722	0.000407	1.570317	-0.000407	1.001722	-0.191114	
567	1.000731	0.000139	0.808862	-0.000139	1.000731	-0.084317	
568	1.000904	0.000375	0.828319	-0.000375	1.000904	0.044419	
569	1.000887	0.000381	0.799746	-0.000381	1.000887	0.060628	
570	1.000854	0.000335	0.759624	-0.000335	1.000854	-0.046980	
571	1.001676	0.000515	1.640957	-0.000515	1.001676	-0.201447	
572	1.000796	0.000232	0.820362	-0.000232	1.000796	-0.116996	
573	1.000865	0.000294	0.748055	-0.000294	1.000865	-0.022551	
574	1.000698	0.000219	0.681294	-0.000219	1.000698	-0.085322	
575	1.000679	0.000380	0.592850	-0.000380	1.000679	-0.055969	
576	1.000954	0.000469	0.977802	-0.000469	1.000954	-0.324704	
577	1.000505	0.000344	0.340270	-0.000344	1.000505	-0.033355	
578	1.000492	0.000453	0.255927	-0.000453	1.000492	0.069252	
579	1.000412	0.000427	0.155262	-0.000427	1.000412	0.013354	
580	1.000435	0.000466	0.016275	-0.000466	1.000435	-0.080621	
581	1.000232	0.000349	-0.090191	-0.000349	1.000232	-0.098822	
582	1.000019	0.000452	-0.192334	-0.000452	1.000019	-0.158339	
583	1.000015	0.000280	-0.203765	-0.000280	1.000015	-0.084612	
584	0.999836	0.000260	-0.172167	-0.000260	0.999836	-0.169272	
585	0.999969	0.000522	-0.198238	-0.000522	0.999969	-0.117855	
586	0.999950	0.000481	-0.192941	-0.000481	0.999950	-0.147207	
587	0.999934	0.000245	-0.105289	-0.000245	0.999934	-0.296152	
588	1.000308	0.000528	-0.013402	-0.000528	1.000308	-0.113119	
589	1.000245	0.000379	0.114857	-0.000379	1.000245	-0.250168	
590	1.000555	0.000354	0.207174	-0.000354	1.000555	-0.188665	
591	1.000580	0.000237	0.397848	-0.000237	1.000580	-0.200838	
592	1.001279	0.000894	1.058037	-0.000894	1.001279	-0.629588	
593	1.000808	0.000608	0.698167	-0.000608	1.000808	-0.472153	
594	1.001185	0.000742	0.734707	-0.000742	1.001185	-0.458819	
595	1.001297	0.000859	0.812606	-0.000859	1.001297	-0.388590	
596	1.001407	0.000935	0.874420	-0.000935	1.001407	-0.511181	
597	1.002975	0.002129	2.014889	-0.002129	1.002975	-1.233049	
598	1.001609	0.000966	1.116147	-0.000966	1.001609	-0.635447	
599	1.001626	0.001088	1.115963	-0.001088	1.001626	-0.635616	
600	1.001645	0.001085	1.089846	-0.001085	1.001645	-0.615608	
601	1.001517	0.001019	1.167212	-0.001019	1.001517	-0.584826	
602	1.005141	0.003401	0.309214	-0.003401	1.005141	-0.466583	
603	1.001505	0.001184	1.243634	-0.001184	1.001505	-0.440852	
604	1.001462	0.001281	1.274678	-0.001281	1.001462	-0.493776	
605	1.001439	0.001386	1.229560	-0.001386	1.001439	-0.535731	
606	1.001464	0.001497	1.225690	-0.001497	1.001464	-0.463404	
607	1.004733	0.003430	0.156284	-0.003430	1.004733	-0.420228	
608	1.001308	0.001551	1.243030	-0.001551	1.001308	-0.318358	
609	1.001241	0.001424	1.291844	-0.001424	1.001241	-0.492161	
610	1.001489	0.001701	1.218169	-0.001701	1.001489	-0.386869	
611	1.001771	0.001697	1.107924	-0.001697	1.001771	-0.413694	
612	1.006457	0.004140	-0.154238	-0.004140	1.006457	-0.348834	
613	1.001353	0.001591	1.376004	-0.001591	1.001353	-0.289706	
614	1.002019	0.001966	0.701053	-0.001966	1.002019	-0.250790	
615	1.002368	0.002006	0.428445	-0.002006	1.002368	-0.237225	
616	1.001734	0.001737	0.983752	-0.001737	1.001734	-0.391120	
617	1.005794	0.004001	-0.526195	-0.004001	1.005794	-0.132942	
618	1.001697	0.001542	0.989464	-0.001542	1.001697	-0.412149	
619	1.002092	0.001852	0.619819	-0.001852	1.002092	-0.453283	
620	1.001945	0.001561	0.521556	-0.001561	1.001945	-0.328630	
621	1.001375	0.001367	0.833381	-0.001367	1.001375	-0.334995	
622	1.003385	0.003107	0.334111	-0.003107	1.003385	-0.316926	
623	1.000868	0.001222	0.892613	-0.001222	1.000868	-0.248522	
624	1.000892	0.001161	0.869970	-0.001161	1.000892	-0.307376	
625	1.000492	0.000999	1.013945	-0.000999	1.000492	-0.276594	
626	1.000284	0.000963	0.972967	-0.000963	1.000284	-0.247516	
627	1.001650	0.002316	0.728715	-0.002316	1.001650	-0.200250	
628	1.000278	0.000777	0.771839	-0.000777	1.000278	-0.254243	
629	1.000056	0.000902	0.724362	-0.000902	1.000056	-0.251300	
630	0.999963	0.000933	0.688301	-0.000933	0.999963	-0.250888	
631	0.999999	0.000886	0.597574	-0.000886	0.999999	-0.267808	
632	0.999272	0.001882	1.112863	-0.001882	0.999272	-0.580919	
633	0.999870	0.000855	0.429263	-0.000855	0.999870	-0.308741	
634	0.999623	0.000701	0.419083	-0.000701	0.999623	-0.292881	
635	0.999539	0.000610	0.428474	-0.000610	0.999539	-0.275357	
636	0.999375	0.000695	0.534047	-0.000695	0.999375	-0.254091	
637	0.998171	0.001809	1.110807	-0.001809	0.998171	-0.503765	
638	0.999227	0.000756	0.391628	-0.000756	0.999227	-0.273297	
639	0.999277	0.000812	0.266845	-0.000812	0.999277	-0.274566	
640	0.999149	0.000881	0.187557	-0.000881	0.999149	-0.218011	
641	0.998899	0.000919	0.264396	-0.000919	0.998899	-0.192268	
642	0.997497	0.001959	0.163791	-0.001959	0.997497	-0.632015	
643	0.998612	0.000874	0.002194	-0.000874	0.998612	-0.202896	
644	0.998525	0.000771	-0.048442	-0.000771	0.998525	-0.158287	
645	0.998377	0.000675	-0.092735	-0.000675	0.998377	-0.164625	
646	0.998316	0.000745	-0.202061	-0.000745	0.998316	-0.197902	
647	0.995353	0.002612	-0.152307	-0.002612	0.995353	0.157827	
648	0.997783	0.000957	-0.584750	-0.000957	0.997783	-0.137092	
649	0.997566	0.001030	-0.686237	-0.001030	0.997566	-0.067051	
650	0.997350	0.000998	-0.782144	-0.000998	0.997350	-0.035481	
651	0.996908	0.001070	-0.806662	-0.001070	0.996908	-0.016157	
652	0.992392	0.002183	-1.379049	-0.002183	0.992392	-0.164778	
653	0.996280	0.001209	-1.112484	-0.001209	0.996280	0.032408	
654	0.996022	0.001446	-0.973144	-0.001446	0.996022	0.118351	
655	0.996375	0.001340	-1.332049	-0.001340	0.996375	-0.014329	
656	0.996300	0.001429	-1.243149	-0.001429	0.996300	0.022686	
657	0.987023	0.004628	1.443946	-0.004628	0.987023	1.020182	
658	0.996222	0.001433	-1.270189	-0.001433	0.996222	-0.046118	
659	0.995940	0.001240	-1.112555	-0.001240	0.995940	-0.006773	
660	0.994808	0.001640	-0.335932	-0.001640	0.994808	0.348684	
661	0.996201	0.001212	-1.272290	-0.001212	0.996201	0.037334	
662	0.987729	0.003261	1.512338	-0.003261	0.987729	0.843616	
663	0.995616	0.001317	-1.038154	-0.001317	0.995616	0.176064	
664	0.994669	0.001891	-0.565455	-0.001891	0.994669	0.418398	
665	0.995761	0.001239	-1.149915	-0.001239	0.995761	0.173981	
666	0.995962	0.001148	-1.316839	-0.001148	0.995962	0.089852	
667	0.986484	0.004075	1.348129	-0.004075	0.986484	1.119558	
668	0.995933	0.001280	-1.263405	-0.001280	0.995933	0.148417	
669	0.995921	0.001183	-1.174451	-0.001183	0.995921	0.133647	
670	0.996131	0.001447	-1.350590	-0.001447	0.996131	0.209354	
671	0.995985	0.001362	-1.245085	-0.001362	0.995985	0.196424	
672	0.988627	0.002904	0.826810	-0.002904	0.988627	0.905272	
673	0.996419	0.001063	-1.454955	-0.001063	0.996419	0.190103	
674	0.996489	0.000927	-1.452785	-0.000927	0.996489	0.209263	
675	0.996480	0.000729	-1.494306	-0.000729	0.996480	0.141709	
676	0.996457	0.000633	-1.487776	-0.000633	0.996457	0.210577	
677	0.986684	0.001928	1.655150	-0.001928	0.986684	1.073993	
678	0.996910	0.000694	-1.589108	-0.000694	0.996910	0.263417	
679	0.996808	0.000707	-1.461089	-0.000707	0.996808	0.234814	
680	0.996898	0.000728	-1.488299	-0.000728	0.996898	0.185469	
681	0.997055	0.000793	-1.496098	-0.000793	0.997055	0.189500	
682	1.000577	0.001096	-9.137576	-0.001096	1.000577	-0.652150	
683	0.996031	0.001080	-0.715570	-0.001080	0.996031	0.397619	
684	0.996995	0.000876	-1.457165	-0.000876	0.996995	0.228047	
685	0.997106	0.000936	-1.529371	-0.000936	0.997106	0.303285	
686	0.997081	0.000773	-1.434395	-0.000773	0.997081	0.381242	
687	0.990113	0.001767	0.654862	-0.001767	0.990113	0.878014	
688	0.997314	0.000916	-1.336303	-0.000916	0.997314	0.325324	
689	0.997002	0.000930	-1.234136	-0.000930	0.997002	0.384740	
690	0.996258	0.001133	-1.032722	-0.001133	0.996258	0.434793	
691	0.997343	0.000739	-1.484306	-0.000739	0.997343	0.255682	
692	0.989056	0.001989	0.861660	-0.001989	0.989056	0.904063	
693	0.996471	0.001092	-1.116849	-0.001092	0.996471	0.406996	
694	0.997282	0.000880	-1.363649	-0.000880	0.997282	0.333043	
695	0.997054	0.000955	-1.242038	-0.000955	0.997054	0.331530	
696	0.997017	0.000955	-1.276749	-0.000955	0.997017	0.343663	
697	0.991643	0.001364	0.803103	-0.001364	0.991643	0.844558	
698	0.997412	0.001095	-1.488383	-0.001095	0.997412	0.300133	
699	0.997008	0.001029	-1.290122	-0.001029	0.997008	0.302187	
700	0.997614	0.001196	-1.487752	-0.001196	0.997614	0.351548	
701	0.997273	0.001028	-1.285502	-0.001028	0.997273	0.244282	
702	0.992090	0.001623	-0.431344	-0.001623	0.992090	0.512235	
703	0.997853	0.000665	-1.232646	-0.000665	0.997853	0.248330	
704	0.997688	0.000991	-1.174902	-0.000991	0.997688	0.324983	
705	0.997915	0.000943	-1.342070	-0.000943	0.997915	0.283737	
706	0.997695	0.000977	-1.306873	-0.000977	0.997695	0.275952	
707	0.992051	0.001265	-0.115786	-0.001265	0.992051	0.795065	
708	0.997601	0.000615	-1.222000	-0.000615	0.997601	0.391521	
709	0.997609	0.000618	-1.279998	-0.000618	0.997609	0.393613	
710	0.997499	0.000629	-1.269874	-0.000629	0.997499	0.395669	
711	0.997657	0.000749	-1.221118	-0.000749	0.997657	0.430409	
712	0.991482	0.000650	0.209832	-0.000650	0.991482	0.834843	
713	0.998214	0.000591	-1.083952	-0.000591	0.998214	0.424894	
714	0.998306	0.000646	-0.996353	-0.000646	0.998306	0.381999	
715	0.998375	0.000547	-0.945607	-0.000547	0.998375	0.429206	
716	0.998509	0.000565	-0.941013	-0.000565	0.998509	0.433610	
717	0.995693	0.001072	-0.977202	-0.001072	0.995693	1.046921	
718	0.998472	0.000577	-0.794591	-0.000577	0.998472	0.498293	
719	0.998466	0.000559	-0.827081	-0.000559	0.998466	0.483083	
720	0.998451	0.000621	-0.827157	-0.000621	0.998451	0.532346	
721	0.998407	0.000543	-0.776502	-0.000543	0.998407	0.506429	
722	0.996652	0.000399	-1.522823	-0.000399	0.996652	0.789145	
723	0.998404	0.000326	-0.833353	-0.000326	0.998404	0.459880	
724	0.998500	0.000293	-0.837188	-0.000293	0.998500	0.407252	
725	0.998387	0.000405	-0.770614	-0.000405	0.998387	0.457771	
726	0.998531	0.000526	-0.760493	-0.000526	0.998531	0.503924	
727	0.996738	0.000848	-1.369152	-0.000848	0.996738	0.832367	
728	0.998435	0.000520	-0.690360	-0.000520	0.998435	0.451339	
729	0.998463	0.000606	-0.631441	-0.000606	0.998463	0.447224	
730	0.998554	0.000590	-0.697732	-0.000590	0.998554	0.405865	
731	0.998322	0.000696	-0.582899	-0.000696	0.998322	0.418619	
732	0.996850	0.001215	-1.336653	-0.001215	0.996850	0.622301	
733	0.998157	0.000848	-0.517721	-0.000848	0.998157	0.400962	
734	0.998084	0.000678	-0.532754	-0.000678	0.998084	0.402648	
735	0.998269	0.000588	-0.685592	-0.000588	0.998269	0.508684	
736	0.998237	0.000443	-0.657723	-0.000443	0.998237	0.555061	
737	0.994591	-0.000439	-0.457384	0.000439	0.994591	0.748276	
738	0.998384	0.000228	-1.277494	-0.000228	0.998384	0.552324	
739	0.998043	0.000179	-1.363115	-0.000179	0.998043	0.604671	
740	0.997611	0.000197	-1.537288	-0.000197	0.997611	0.757182	
741	0.997032	-0.000123	-1.659561	0.000123	0.997032	0.795598	
742	0.978615	-0.000200	3.166520	0.000200	0.978615	1.607601	
743	0.991272	-0.001035	0.827825	0.001035	0.991272	0.901799	
744	0.991887	-0.001832	0.072080	0.001832	0.991887	0.855900	
745	0.991393	-0.002557	0.879779	0.002557	0.991393	0.530861	
746	0.988362	-0.001317	1.710715	0.001317	0.988362	0.909869	
747	0.985323	-0.001489	2.185702	0.001489	0.985323	1.071843	
748	0.999288	0.005149	-23.249243	-0.005149	0.999288	8.362654	
749	1.000433	0.002081	-12.681159	-0.002081	1.000433	3.810507	
750	0.985033	-0.002898	2.365419	0.002898	0.985033	0.734996	
751	1.001083	0.002546	-13.724986	-0.002546	1.001083	4.466852	
752	1.001426	0.002276	-13.897004	-0.002276	1.001426	4.179490	
753	0.999324	0.007340	-24.829335	-0.007340	0.999324	11.789408	
754	0.985606	-0.003638	2.723194	0.003638	0.985606	0.332704	
755	0.987340	-0.004507	2.717509	0.004507	0.987340	-0.152489	
756	0.985578	-0.003560	2.120666	0.003560	0.985578	0.599118	
757	1.001336	0.002496	-12.661553	-0.002496	1.001336	4.292662	
758	0.975650	-0.008161	5.276507	0.008161	0.975650	-0.051772	
759	0.986612	-0.003329	1.699440	0.003329	0.986612	0.698860	
760	0.984950	-0.003367	2.098893	0.003367	0.984950	0.896226	
761	0.987631	-0.003147	2.224185	0.003147	0.987631	0.508037	
762	0.989778	-0.003894	1.555568	0.003894	0.989778	0.288662	
763	1.004563	-0.001168	-0.755579	0.001168	1.004563	-0.835053	
764	0.988863	-0.004048	1.706849	0.004048	0.988863	0.232744	
765	0.988603	-0.003630	1.788032	0.003630	0.988603	0.459574	
766	0.988340	-0.003257	2.032196	0.003257	0.988340	0.530990	
767	0.989615	-0.003509	1.264005	0.003509	0.989615	0.648938	
768	0.981145	-0.006292	4.551392	0.006292	0.981145	-0.291985	
769	0.991139	-0.003055	0.984528	0.003055	0.991139	0.796545	
770	0.988130	-0.003040	1.625895	0.003040	0.988130	0.946273	
771	0.990617	-0.003021	1.496175	0.003021	0.990617	0.598980	
772	0.992979	-0.002721	0.620826	0.002721	0.992979	0.838730	
773	0.985549	-0.005910	3.416504	0.005910	0.985549	-0.139735	
774	0.998444	-0.001272	-3.541426	0.001272	0.998444	1.628632	
775	0.993834	-0.002399	0.425232	0.002399	0.993834	0.729781	
776	0.994879	-0.002574	0.530954	0.002574	0.994879	0.514442	
777	0.995422	-0.002393	0.063271	0.002393	0.995422	0.577873	
778	0.984089	-0.007076	3.450273	0.007076	0.984089	-0.055073	
779	0.999931	-0.001053	-2.739910	0.001053	0.999931	0.547054	
780	0.996848	-0.001299	-0.563287	0.001299	0.996848	0.521664	
781	0.997227	-0.001185	-0.733361	0.001185	0.997227	0.548468	
782	1.000673	-0.000452	-2.894959	0.000452	1.000673	0.555907	
783	0.995250	-0.002046	-0.111812	0.002046	0.995250	0.633211	
784	1.001150	-0.000365	-2.906558	0.000365	1.001150	0.221974	
785	0.997954	-0.000930	-1.149796	0.000930	0.997954	0.243390	
786	0.999662	-0.000348	-1.752885	0.000348	0.999662	0.309674	
787	1.001720	-0.000226	-3.113275	0.000226	1.001720	0.085219	
788	0.992014	-0.001453	0.004710	0.001453	0.992014	0.580304	
789	1.001373	-0.000003	-2.983118	0.000003	1.001373	0.171771	
790	1.001909	0.000058	-3.209111	-0.000058	1.001909	0.202538	
791	1.000614	-0.000192	-2.213353	0.000192	1.000614	0.294460	
792	1.001584	-0.000040	-2.769001	0.000040	1.001584	0.151170	
793	0.997855	-0.000369	-0.546211	0.000369	0.997855	0.371769	
794	1.001579	-0.000027	-2.228892	0.000027	1.001579	0.294017	
795	1.001684	-0.000004	-2.085433	0.000004	1.001684	0.128276	
796	1.001673	0.000126	-2.173061	-0.000126	1.001673	0.001254	
797	1.001572	0.000255	-2.144949	-0.000255	1.001572	0.005980	
798	1.002006	0.000278	-3.867317	-0.000278	1.002006	0.012969	
799	1.001529	0.000398	-1.987510	-0.000398	1.001529	0.185431	
800	1.001623	0.000333	-1.965725	-0.000333	1.001623	0.215165	
801	1.001330	0.000227	-1.981169	-0.000227	1.001330	0.235878	
802	1.001130	0.000215	-1.933692	-0.000215	1.001130	0.137111	
803	1.000565	0.000155	-2.583615	-0.000155	1.000565	0.058322	
804	1.001303	0.000320	-1.724729	-0.000320	1.001303	0.147669	
805	1.001269	0.000239	-1.954112	-0.000239	1.001269	0.065531	
806	1.001037	0.000286	-1.984993	-0.000286	1.001037	-0.039086	
807	1.000933	0.000422	-1.962608	-0.000422	1.000933	-0.022251	
808	0.998629	0.000557	-2.104416	-0.000557	0.998629	0.346228	
809	1.000952	0.000249	-2.274982	-0.000249	1.000952	0.043738	
810	1.000765	0.000140	-2.157720	-0.000140	1.000765	0.098708	
811	1.000463	0.000015	-2.188391	-0.000015	1.000463	0.081517	
812	1.000475	-0.000020	-2.302911	0.000020	1.000475	0.115502	
813	1.004687	-0.000165	-7.799208	0.000165	1.004687	-0.341268	
814	0.997653	-0.000253	-1.841915	0.000253	0.997653	0.186568	
815	1.000135	0.000054	-3.949600	-0.000054	1.000135	0.076025	
816	0.996252	-0.000232	-1.098529	0.000232	0.996252	0.415400	
817	0.999152	-0.000292	-3.249964	0.000292	0.999152	0.163922	
818	0.988938	-0.001525	0.438903	0.001525	0.988938	0.876373	
819	0.998911	-0.000259	-3.320895	0.000259	0.998911	0.295936	
820	0.999345	-0.000068	-3.791651	0.000068	0.999345	0.342776	
821	1.000946	-0.001242	-3.863690	0.001242	1.000946	-0.172056	
822	1.001956	0.000681	-6.404926	-0.000681	1.001956	0.485549	
823	0.989610	-0.001931	1.022285	0.001931	0.989610	0.692486	
824	0.999136	-0.000433	-3.450412	0.000433	0.999136	0.260177	
825	0.999376	-0.000316	-3.583654	0.000316	0.999376	0.302724	
826	0.999075	-0.000675	-3.267724	0.000675	0.999075	0.340959	
827	1.000708	-0.000050	-4.533930	0.000050	1.000708	0.451964	
828	1.003572	0.001308	-12.273285	-0.001308	1.003572	1.441463	
829	0.999530	-0.000611	-3.068059	0.000611	0.999530	0.235417	
830	1.001763	0.000024	-4.797556	-0.000024	1.001763	0.297783	
831	0.999447	-0.000571	-3.291468	0.000571	0.999447	0.336033	
832	0.999744	-0.000471	-3.452512	0.000471	0.999744	0.348124	
833	0.991221	-0.002115	0.967275	0.002115	0.991221	0.590004	
834	0.998403	-0.000653	-2.278422	0.000653	0.998403	0.296121	
835	0.999820	-0.000458	-3.314603	0.000458	0.999820	0.240471	
836	1.000145	-0.000531	-3.601929	0.000531	1.000145	0.186677	
837	0.999972	-0.000481	-3.166122	0.000481	0.999972	0.234282	
838	1.004409	0.000674	-11.024882	-0.000674	1.004409	0.770754	
839	0.999386	-0.000564	-2.409266	0.000564	0.999386	0.170459	
840	1.000104	-0.000348	-2.692800	0.000348	1.000104	0.192210	
841	1.000172	-0.000306	-2.633813	0.000306	1.000172	0.272071	
842	1.000215	-0.000462	-2.529796	0.000462	1.000215	0.213464	
843	0.995458	-0.001474	-0.748135	0.001474	0.995458	0.355455	
844	1.000338	-0.000230	-2.236923	0.000230	1.000338	0.159147	
845	1.000451	-0.000248	-2.153927	0.000248	1.000451	0.136272	
846	1.000641	-0.000365	-1.931434	0.000365	1.000641	0.197831	
847	1.000637	-0.000358	-1.775906	0.000358	1.000637	0.205720	
848	1.001302	-0.000695	-3.416574	0.000695	1.001302	0.305684	
849	1.000648	-0.000442	-1.727464	0.000442	1.000648	0.162131	
850	1.000846	-0.000424	-1.812695	0.000424	1.000846	0.159385	
851	1.000825	-0.000291	-1.721919	0.000291	1.000825	0.310423	
852	1.000791	-0.000365	-1.688185	0.000365	1.000791	0.236913	
853	1.001498	-0.000422	-3.019837	0.000422	1.001498	0.294258	
854	1.000700	-0.000222	-1.426433	0.000222	1.000700	0.160693	
855	1.000549	-0.000289	-1.400506	0.000289	1.000549	0.120891	
856	1.000866	-0.000341	-1.621969	0.000341	1.000866	0.007799	
857	1.000865	-0.000300	-1.552549	0.000300	1.000865	-0.046595	
858	1.001636	-0.000471	-2.895900	0.000471	1.001636	-0.059958	
859	1.000921	-0.000402	-1.559399	0.000402	1.000921	-0.119605	
860	1.000666	-0.000374	-1.411275	0.000374	1.000666	-0.081764	
861	1.000614	-0.000404	-1.375636	0.000404	1.000614	-0.101495	
862	1.000609	-0.000376	-1.350197	0.000376	1.000609	-0.051812	
863	1.000662	-0.000644	-2.276726	0.000644	1.000662	0.322036	
864	1.000536	-0.000289	-1.144975	0.000289	1.000536	0.068428	
865	1.000818	-0.000292	-1.315182	0.000292	1.000818	-0.091703	
866	1.000746	-0.000323	-1.344589	0.000323	1.000746	-0.068077	
867	1.000481	-0.000282	-1.135775	0.000282	1.000481	0.041075	
868	1.001284	-0.000428	-2.421520	0.000428	1.001284	-0.037277	
869	1.000366	-0.000285	-1.098379	0.000285	1.000366	0.020642	
870	1.000472	-0.000357	-1.077394	0.000357	1.000472	-0.003141	
871	1.000340	-0.000448	-0.945954	0.000448	1.000340	-0.010083	
872	1.000435	-0.000480	-0.935963	0.000480	1.000435	-0.057381	
873	1.001008	-0.000598	-1.652086	0.000598	1.001008	0.027074	
874	1.000650	-0.000377	-0.887138	0.000377	1.000650	-0.074009	
875	1.000655	-0.000356	-0.852745	0.000356	1.000655	-0.144501	
876	1.000578	-0.000332	-0.856308	0.000332	1.000578	-0.118361	
877	1.000600	-0.000285	-0.816677	0.000285	1.000600	-0.125395	
878	1.001059	-0.000400	-1.405441	0.000400	1.001059	-0.063922	
879	1.000543	-0.000412	-0.777272	0.000412	1.000543	-0.177323	
880	1.000517	-0.000365	-0.697442	0.000365	1.000517	-0.183233	
881	1.000504	-0.000328	-0.684324	0.000328	1.000504	-0.141784	
882	1.000547	-0.000398	-0.722927	0.000398	1.000547	-0.133339	
883	1.000767	-0.000488	-1.057713	0.000488	1.000767	-0.070684	
884	1.000632	-0.000381	-0.729364	0.000381	1.000632	-0.190784	
885	1.000657	-0.000322	-0.735616	0.000322	1.000657	-0.167986	
886	1.000525	-0.000164	-0.732419	0.000164	1.000525	-0.064372	
887	1.000598	-0.000283	-0.746952	0.000283	1.000598	-0.090488	
