0	1.000000	0.000000	0.000000	0.000000	1.000000	0.000000	
1	1.001048	-0.001420	-1.377633	0.001420	1.001048	-5.384649	
2	1.000884	-0.001416	-0.874608	0.001416	1.000884	-5.257593	
3	1.000749	-0.001305	-0.346275	0.001305	1.000749	-4.836364	
4	1.000499	-0.000856	0.373980	0.000856	1.000499	-3.933288	
5	1.000491	-0.000401	0.376891	0.000401	1.000491	-2.950238	
6	1.000706	-0.000077	-0.348030	0.000077	1.000706	-1.467167	
7	1.000784	0.000394	-0.716654	-0.000394	1.000784	0.192510	
8	1.000949	0.000643	-0.897340	-0.000643	1.000949	1.354907	
9	1.000863	0.000642	-0.807461	-0.000642	1.000863	1.963932	
10	1.000744	0.000797	-0.655508	-0.000797	1.000744	2.584357	
11	1.000784	0.000769	-0.382992	-0.000769	1.000784	2.691416	
12	1.000294	0.000277	0.110305	-0.000277	1.000294	1.089194	
13	1.000433	0.000388	0.379963	-0.000388	1.000433	0.894747	
14	1.000381	0.000171	0.723658	-0.000171	1.000381	0.174527	
15	1.000205	0.000138	1.317933	-0.000138	1.000205	-0.070408	
16	0.999978	0.000177	2.008975	-0.000177	0.999978	0.086373	
17	0.999659	0.000145	2.622099	-0.000145	0.999659	0.321938	
18	0.999826	0.000340	2.836285	-0.000340	0.999826	0.613324	
19	0.999746	0.000377	2.900214	-0.000377	0.999746	0.812806	
20	0.999572	0.000495	3.065354	-0.000495	0.999572	0.945544	
21	0.999634	0.000233	2.899829	-0.000233	0.999634	0.586503	
22	0.999801	0.000186	2.664063	-0.000186	0.999801	0.363335	
23	0.999872	0.000103	2.540247	-0.000103	0.999872	0.075030	
24	1.000001	-0.000008	2.410420	0.000008	1.000001	-0.150042	
25	1.000129	-0.000149	2.173605	0.000149	1.000129	-0.374048	
26	0.999731	-0.000151	2.418569	0.000151	0.999731	-0.337356	
27	1.000079	-0.000177	2.370303	0.000177	1.000079	-0.202664	
28	0.999948	-0.000373	2.194873	0.000373	0.999948	-0.121662	
29	0.999968	-0.000212	1.781492	0.000212	0.999968	0.014604	
30	1.000112	-0.000256	1.065590	0.000256	1.000112	0.044384	
31	1.000148	-0.000223	0.539961	0.000223	1.000148	-0.134152	
32	1.000221	-0.000599	0.060360	0.000599	1.000221	-0.942860	
33	1.000488	-0.000731	-0.686594	0.000731	1.000488	-1.463513	
34	1.000630	-0.000848	-1.012965	0.000848	1.000630	-1.700262	
35	1.000686	-0.000793	-1.067711	0.000793	1.000686	-1.689883	
36	1.000717	-0.000871	-0.997806	0.000871	1.000717	-1.568755	
37	1.000590	-0.000790	-0.961540	0.000790	1.000590	-1.242923	
38	1.000506	-0.000659	-0.960386	0.000659	1.000506	-0.905069	
39	1.000524	-0.000567	-1.117266	0.000567	1.000524	-0.766417	
40	1.000623	-0.000419	-1.224594	0.000419	1.000623	-0.636281	
41	1.000795	-0.000535	-1.626546	0.000535	1.000795	-0.782706	
42	1.000857	-0.000488	-2.022087	0.000488	1.000857	-0.703903	
43	1.001037	-0.000384	-2.502349	0.000384	1.001037	-0.461307	
44	1.001140	-0.000235	-2.853581	0.000235	1.001140	-0.150883	
45	1.001139	-0.000303	-2.839357	0.000303	1.001139	-0.099149	
46	1.001181	-0.000455	-2.880064	0.000455	1.001181	-0.270999	
47	1.001434	-0.000515	-3.097470	0.000515	1.001434	-0.401301	
48	1.001572	-0.000421	-3.115079	0.000421	1.001572	-0.577747	
49	1.001551	-0.000444	-3.287454	0.000444	1.001551	-0.646471	
50	1.001523	-0.000461	-3.571039	0.000461	1.001523	-0.538682	
51	1.001605	-0.000505	-3.871045	0.000505	1.001605	-0.384868	
52	1.001696	-0.000301	-4.003593	0.000301	1.001696	-0.180167	
53	1.001335	-0.000437	-3.803671	0.000437	1.001335	-0.246705	
54	1.001103	-0.000007	-3.522296	0.000007	1.001103	-0.051406	
55	1.001376	-0.000382	-3.817035	0.000382	1.001376	-0.336156	
56	1.001657	0.000045	-3.826759	-0.000045	1.001657	-0.012832	
57	1.001738	-0.000067	-3.890154	0.000067	1.001738	-0.059329	
58	1.001462	-0.000053	-3.755490	0.000053	1.001462	-0.068848	
59	1.001388	-0.000151	-3.678714	0.000151	1.001388	-0.153997	
60	1.001358	-0.000141	-3.504846	0.000141	1.001358	-0.143155	
61	1.001311	-0.000307	-3.465999	0.000307	1.001311	-0.205489	
62	1.001642	-0.000212	-3.605832	0.000212	1.001642	-0.126082	
63	1.001442	-0.000272	-3.547938	0.000272	1.001442	-0.035293	
64	1.001189	-0.000433	-3.562821	0.000433	1.001189	-0.134412	
65	1.001117	-0.000125	-3.536650	0.000125	1.001117	-0.010413	
66	1.001036	0.000032	-3.509162	-0.000032	1.001036	-0.064610	
67	1.001045	0.000067	-3.531947	-0.000067	1.001045	-0.217206	
68	1.000949	-0.000118	-3.313889	0.000118	1.000949	-0.602416	
69	1.001571	0.000331	-3.357716	-0.000331	1.001571	-0.460018	
70	1.001472	0.000208	-2.936244	-0.000208	1.001472	-0.599796	
71	1.001943	0.000401	-2.707835	-0.000401	1.001943	-0.682443	
72	1.001430	0.000276	-1.937538	-0.000276	1.001430	-0.632925	
73	1.001086	0.000358	-1.247063	-0.000358	1.001086	-0.576428	
74	1.000686	0.000041	-0.704628	-0.000041	1.000686	-0.721063	
75	1.001240	0.000810	-0.610686	-0.000810	1.001240	-0.040927	
76	1.000680	0.000481	-0.515968	-0.000481	1.000680	0.141904	
77	1.000775	0.000563	-0.969850	-0.000563	1.000775	0.258679	
78	1.000775	0.000549	-1.415413	-0.000549	1.000775	0.209243	
79	1.000902	0.000444	-2.109134	-0.000444	1.000902	0.022149	
80	1.001256	0.000291	-3.035598	-0.000291	1.001256	-0.211614	
81	1.001035	0.000725	-3.201101	-0.000725	1.001035	-0.009767	
82	1.001461	0.000611	-3.949354	-0.000611	1.001461	-0.147112	
83	1.001491	0.000092	-4.515260	-0.000092	1.001491	-0.465620	
84	1.001739	0.000325	-5.019764	-0.000325	1.001739	-0.310210	
85	1.002439	0.000281	-5.398323	-0.000281	1.002439	-0.524666	
86	1.001800	-0.000205	-5.180559	0.000205	1.001800	-0.870500	
87	1.001526	0.000062	-4.830402	-0.000062	1.001526	-0.772132	
88	1.001640	-0.000048	-4.644084	0.000048	1.001640	-0.762804	
89	1.001764	-0.000144	-4.640776	0.000144	1.001764	-0.645646	
90	1.001853	-0.000016	-4.727012	0.000016	1.001853	-0.508582	
91	1.001820	0.000041	-4.845080	-0.000041	1.001820	-0.373899	
92	1.001601	0.000422	-4.310906	-0.000422	1.001601	-0.306181	
93	1.001171	0.000675	-3.351423	-0.000675	1.001171	-0.392058	
94	1.001045	-0.000158	-2.817677	0.000158	1.001045	-1.110144	
95	1.001018	0.000018	-1.952072	-0.000018	1.001018	-1.091035	
96	1.000860	0.000138	-1.116891	-0.000138	1.000860	-1.031092	
97	1.000491	-0.000621	-0.431659	0.000621	1.000491	-1.289395	
98	1.000589	0.000036	0.079189	-0.000036	1.000589	-0.855880	
99	1.000060	-0.000495	0.446498	0.000495	1.000060	-1.192443	
100	1.000021	-0.000389	0.481991	0.000389	1.000021	-1.265484	
101	0.999852	0.000072	0.782120	-0.000072	0.999852	-1.208319	
102	0.999711	-0.000547	0.866418	0.000547	0.999711	-1.910740	
103	0.999584	-0.000599	0.970941	0.000599	0.999584	-1.768255	
104	0.999795	-0.000155	0.978317	0.000155	0.999795	-1.233678	
105	0.999466	-0.000134	1.250642	0.000134	0.999466	-0.828250	
106	0.999754	0.000195	1.136037	-0.000195	0.999754	-0.364244	
107	0.999892	0.000562	0.958632	-0.000562	0.999892	0.076753	
108	0.999868	0.000264	0.589581	-0.000264	0.999868	-0.032458	
109	1.000018	0.000272	0.172291	-0.000272	1.000018	-0.201277	
110	0.999766	0.000253	0.154238	-0.000253	0.999766	-0.308214	
111	1.000016	-0.000331	-0.228750	0.000331	1.000016	-0.982676	
112	0.999632	-0.000213	-0.101449	0.000213	0.999632	-0.962751	
113	0.999245	-0.000151	0.090289	0.000151	0.999245	-0.928055	
114	0.998921	0.000239	0.275606	-0.000239	0.998921	-0.710271	
115	0.998737	-0.000004	0.254176	0.000004	0.998737	-0.753289	
116	0.998756	0.000264	-0.014175	-0.000264	0.998756	-0.435066	
117	0.999883	0.000489	-0.978213	-0.000489	0.999883	-0.292630	
118	0.999537	0.000440	-1.204263	-0.000440	0.999537	0.093113	
119	1.000169	0.000732	-1.916417	-0.000732	1.000169	0.699900	
120	1.000178	0.000644	-2.468438	-0.000644	1.000178	1.047063	
121	1.002566	0.000817	-4.027029	-0.000817	1.002566	1.102892	
122	1.000982	0.000777	-4.145886	-0.000777	1.000982	1.372647	
123	1.001213	0.000625	-4.815727	-0.000625	1.001213	1.263330	
124	1.000945	0.000592	-5.390036	-0.000592	1.000945	1.215935	
125	1.005028	0.000793	-7.375065	-0.000793	1.005028	0.360995	
126	1.005866	0.000573	-8.318703	-0.000573	1.005866	0.006125	
127	0.999697	0.000955	-7.162467	-0.000955	0.999697	1.123338	
128	1.007700	0.000777	-10.326753	-0.000777	1.007700	0.110617	
129	1.008885	0.000662	-11.357735	-0.000662	1.008885	-0.631175	
130	1.001656	0.001423	-11.406615	-0.001423	1.001656	1.492734	
131	1.000887	0.001591	-12.438674	-0.001591	1.000887	1.903672	
132	1.000725	0.001724	-13.596658	-0.001724	1.000725	2.251569	
133	1.000903	0.002151	-15.091355	-0.002151	1.000903	2.472951	
134	1.000869	0.001828	-16.462090	-0.001828	1.000869	2.110059	
135	1.004317	0.002696	-18.774473	-0.002696	1.004317	1.299110	
136	1.002927	0.001389	-19.714419	-0.001389	1.002927	0.344670	
137	1.004175	0.002020	-20.517951	-0.002020	1.004175	0.065457	
138	1.004746	0.002098	-20.751522	-0.002098	1.004746	-0.254936	
139	1.004649	0.001699	-20.800643	-0.001699	1.004649	-0.678416	
140	1.005403	0.001770	-20.506489	-0.001770	1.005403	-0.764349	
141	1.005618	0.001985	-19.620439	-0.001985	1.005618	-0.661337	
142	1.005770	0.001557	-18.958605	-0.001557	1.005770	-0.906658	
143	1.006042	0.001451	-18.055701	-0.001451	1.006042	-0.928256	
144	1.015855	0.001134	-19.237221	-0.001134	1.015855	-2.554406	
145	1.016030	-0.001220	-18.367783	0.001220	1.016030	-3.320742	
146	1.007536	0.000622	-15.498105	-0.000622	1.007536	-1.463447	
147	1.012855	-0.000538	-15.058931	0.000538	1.012855	-2.915174	
148	1.007726	-0.000167	-13.287824	0.000167	1.007726	-2.041891	
149	1.010598	-0.000986	-13.289743	0.000986	1.010598	-2.648670	
150	1.007090	-0.000160	-11.760440	0.000160	1.007090	-1.740030	
151	1.006894	0.000066	-11.412234	-0.000066	1.006894	-1.418241	
152	1.007413	0.000229	-11.159237	-0.000229	1.007413	-1.123754	
153	1.006524	0.000541	-10.939548	-0.000541	1.006524	-0.623317	
154	1.006924	0.000311	-10.382599	-0.000311	1.006924	-0.395747	
155	1.006677	0.000185	-9.662273	-0.000185	1.006677	-0.175542	
156	1.006074	0.000429	-8.437964	-0.000429	1.006074	0.029725	
157	1.005755	0.000003	-7.271737	-0.000003	1.005755	-0.230406	
158	1.005001	0.000058	-5.151900	-0.000058	1.005001	-0.330895	
159	1.004474	0.000103	-3.136335	-0.000103	1.004474	-0.596067	
160	1.004131	0.000068	-1.748886	-0.000068	1.004131	-0.882826	
161	1.003430	-0.000025	-0.518116	0.000025	1.003430	-1.130382	
162	1.002741	-0.000318	0.508544	0.000318	1.002741	-1.415966	
163	1.003676	-0.000059	1.163855	0.000059	1.003676	-1.686602	
164	1.003352	-0.000572	2.215478	0.000572	1.003352	-2.096249	
165	1.004204	0.000098	3.072202	-0.000098	1.004204	-2.032224	
166	1.003626	0.000832	4.443052	-0.000832	1.003626	-1.540645	
167	0.995365	-0.000027	7.417675	0.000027	0.995365	-0.352038	
168	1.003260	0.001088	6.437441	-0.001088	1.003260	-0.950194	
169	0.995468	-0.000099	8.902444	0.000099	0.995468	-0.127062	
170	1.001481	0.000030	8.321964	-0.000030	1.001481	-1.018492	
171	1.002501	-0.000337	8.615055	0.000337	1.002501	-1.447485	
172	1.002823	0.000081	9.459894	-0.000081	1.002823	-1.310524	
173	1.002145	-0.000658	10.238312	0.000658	1.002145	-1.579655	
174	1.002378	-0.000111	10.578896	0.000111	1.002378	-1.409246	
175	1.003421	0.000741	10.235006	-0.000741	1.003421	-1.191130	
176	1.003108	0.000991	10.257947	-0.000991	1.003108	-0.694504	
177	1.001942	0.000309	10.303525	-0.000309	1.001942	-1.062636	
178	1.003143	0.000564	9.548823	-0.000564	1.003143	-1.156706	
179	1.001097	0.000083	9.799461	-0.000083	1.001097	-1.079599	
180	1.002369	0.000399	9.071460	-0.000399	1.002369	-1.191682	
181	1.002509	0.000178	8.366991	-0.000178	1.002509	-1.074431	
182	1.001937	0.000162	8.220389	-0.000162	1.001937	-0.606067	
183	1.000507	-0.000219	8.346558	0.000219	1.000507	-0.308094	
184	1.000493	-0.000309	8.013351	0.000309	1.000493	-0.162663	
185	0.999948	-0.000324	7.632722	0.000324	0.999948	-0.177493	
186	1.000702	-0.000121	6.974573	0.000121	1.000702	-0.434596	
187	1.000290	-0.000142	6.768572	0.000142	1.000290	-0.541039	
188	0.999577	-0.000114	6.548055	0.000114	0.999577	-0.584432	
189	0.998307	0.000213	6.058387	-0.000213	0.998307	-0.079891	
190	0.998795	0.000097	5.417792	-0.000097	0.998795	-0.117667	
191	0.999494	0.000145	4.731509	-0.000145	0.999494	-0.427601	
192	0.998936	-0.000000	4.218755	0.000000	0.998936	-0.499495	
193	0.998373	0.000018	3.705640	-0.000018	0.998373	-0.297196	
194	0.998426	-0.000024	2.929419	0.000024	0.998426	-0.283879	
195	0.999263	-0.000112	1.841059	0.000112	0.999263	-0.392517	
196	0.998962	-0.000392	1.693039	0.000392	0.998962	-0.447853	
197	0.999524	-0.000513	1.514451	0.000513	0.999524	-0.619699	
198	0.998819	-0.000776	1.812098	0.000776	0.998819	-0.803175	
199	0.998893	-0.000636	1.818424	0.000636	0.998893	-0.628245	
200	0.999353	-0.000393	1.562832	0.000393	0.999353	-0.320353	
201	0.998546	-0.000203	2.194367	0.000203	0.998546	0.128699	
202	0.998775	0.000081	1.810128	-0.000081	0.998775	0.886284	
203	0.999006	0.000288	1.362061	-0.000288	0.999006	1.327054	
204	0.999396	0.000381	0.733970	-0.000381	0.999396	1.489465	
205	0.999641	0.000707	0.433713	-0.000707	0.999641	2.094976	
206	0.999493	0.000357	0.023638	-0.000357	0.999493	1.109508	
207	0.999705	0.000219	-0.464255	-0.000219	0.999705	1.009069	
208	1.000517	0.000016	-0.932770	-0.000016	1.000517	0.653175	
209	1.000174	-0.000030	-0.637992	0.000030	1.000174	0.633297	
210	1.000075	0.000099	-0.395036	-0.000099	1.000075	0.905765	
211	1.000366	0.000080	-0.685366	-0.000080	1.000366	1.047706	
212	1.000285	0.000200	-0.930433	-0.000200	1.000285	1.545044	
213	1.000593	0.000722	-1.210963	-0.000722	1.000593	2.289673	
214	1.000165	0.000762	-1.271180	-0.000762	1.000165	2.500852	
215	1.000340	0.000629	-1.809787	-0.000629	1.000340	2.347199	
216	1.000231	0.000602	-2.236154	-0.000602	1.000231	2.045131	
217	1.000418	0.000196	-2.710042	-0.000196	1.000418	1.208384	
218	1.000786	0.000046	-3.044676	-0.000046	1.000786	0.662240	
219	1.000676	-0.000297	-2.993247	0.000297	1.000676	-0.116255	
220	1.001239	-0.000433	-3.059132	0.000433	1.001239	-0.846629	
221	1.000550	-0.000350	-2.271831	0.000350	1.000550	-1.097659	
222	1.000249	-0.000569	-1.568072	0.000569	1.000249	-1.601097	
223	0.999474	-0.001357	-0.802868	0.001357	0.999474	-2.388694	
224	0.999480	-0.001208	-0.286500	0.001208	0.999480	-2.598387	
225	0.998676	-0.000869	0.926573	0.000869	0.998676	-2.083449	
226	0.999256	-0.000412	1.138320	0.000412	0.999256	-1.797657	
227	0.998736	-0.000387	1.764529	0.000387	0.998736	-1.364626	
228	0.998227	-0.000460	2.481173	0.000460	0.998227	-1.029444	
229	0.997270	-0.000537	3.430209	0.000537	0.997270	-0.823466	
230	0.997381	0.000485	4.212724	-0.000485	0.997381	0.065299	
231	0.997082	-0.000134	4.433178	0.000134	0.997082	-0.189894	
232	0.996483	-0.000086	4.850731	0.000086	0.996483	0.095648	
233	0.996498	0.000017	4.742390	-0.000017	0.996498	0.309943	
234	0.996631	-0.000012	4.300837	0.000012	0.996631	0.285543	
235	0.997111	-0.000032	3.582605	0.000032	0.997111	0.151130	
236	0.996798	-0.000251	3.416606	0.000251	0.996798	0.015174	
237	0.996605	-0.000268	3.660447	0.000268	0.996605	-0.014833	
238	0.996575	-0.000410	4.020196	0.000410	0.996575	-0.244474	
239	0.996407	-0.000117	4.506422	0.000117	0.996407	-0.053951	
240	0.996329	-0.000380	4.694321	0.000380	0.996329	-0.293714	
241	0.996184	-0.000425	5.010397	0.000425	0.996184	-0.427305	
242	0.996214	-0.000568	5.169370	0.000568	0.996214	-0.429239	
243	0.996243	-0.000683	5.400806	0.000683	0.996243	-0.440443	
244	0.996480	-0.000297	5.436954	0.000297	0.996480	0.084644	
245	0.996118	-0.000561	5.505849	0.000561	0.996118	0.169853	
246	0.996043	-0.000135	5.523324	0.000135	0.996043	0.953355	
247	0.996174	0.000094	5.338654	-0.000094	0.996174	1.456142	
248	0.996152	-0.000066	5.199896	0.000066	0.996152	1.487830	
249	0.996389	-0.000165	4.880751	0.000165	0.996389	1.370422	
250	0.996263	-0.000138	4.832911	0.000138	0.996263	1.383088	
251	0.996420	-0.000014	4.810221	0.000014	0.996420	1.163238	
252	0.996533	-0.000142	4.666907	0.000142	0.996533	1.025793	
253	0.996722	0.000198	4.739136	-0.000198	0.996722	1.150168	
254	0.996715	0.000425	5.096630	-0.000425	0.996715	1.413840	
255	0.996693	0.000310	5.485151	-0.000310	0.996693	1.467759	
256	0.996306	0.000089	6.047640	-0.000089	0.996306	1.455146	
257	0.996323	0.000402	6.593933	-0.000402	0.996323	1.534785	
258	0.996344	-0.000360	6.375832	0.000360	0.996344	0.755185	
259	0.997556	-0.000190	5.837290	0.000190	0.997556	0.597951	
260	0.998122	-0.000081	5.421572	0.000081	0.998122	0.442121	
261	0.998153	0.000028	5.177820	-0.000028	0.998153	0.602028	
262	0.998413	0.000453	4.894680	-0.000453	0.998413	0.922934	
263	0.998509	0.000507	4.530056	-0.000507	0.998509	1.072217	
264	0.999009	0.000228	4.020676	-0.000228	0.999009	0.746927	
265	0.998545	-0.000175	3.884612	0.000175	0.998545	0.510761	
266	0.999448	-0.000217	3.040677	0.000217	0.999448	0.458660	
267	0.999538	-0.000199	2.947304	0.000199	0.999538	0.350296	
268	0.999056	-0.000222	3.096782	0.000222	0.999056	0.258569	
269	0.999381	-0.000453	2.697841	0.000453	0.999381	-0.009939	
270	0.999537	-0.001184	2.310567	0.001184	0.999537	-0.720111	
271	0.998850	-0.000796	2.743118	0.000796	0.998850	-0.353387	
272	0.998867	-0.000800	2.633226	0.000800	0.998867	-0.329983	
273	0.999074	-0.000920	2.423410	0.000920	0.999074	-0.372201	
274	0.999180	-0.000931	2.053708	0.000931	0.999180	-0.403847	
275	0.999217	-0.000940	1.723924	0.000940	0.999217	-0.453207	
276	0.999054	-0.000791	1.686190	0.000791	0.999054	-0.485153	
277	0.999181	-0.000910	1.447555	0.000910	0.999181	-0.630955	
278	0.999507	-0.000752	1.206437	0.000752	0.999507	-0.501819	
279	0.999699	-0.000860	1.029665	0.000860	0.999699	-0.589455	
280	0.999673	-0.000846	0.863523	0.000846	0.999673	-0.611480	
281	0.999740	-0.000835	0.780249	0.000835	0.999740	-0.576724	
282	0.999567	-0.000768	0.851810	0.000768	0.999567	-0.618095	
283	0.999357	-0.000758	0.902994	0.000758	0.999357	-0.693695	
284	0.999407	-0.000523	0.899057	0.000523	0.999407	-0.438787	
285	0.999420	-0.000366	0.913264	0.000366	0.999420	-0.371594	
286	0.999256	-0.000422	1.012710	0.000422	0.999256	-0.486359	
287	0.999221	-0.000587	1.033507	0.000587	0.999221	-0.706183	
288	0.999277	-0.000657	1.031767	0.000657	0.999277	-0.788876	
289	0.999492	-0.000660	0.910249	0.000660	0.999492	-0.750131	
290	0.999613	-0.000394	0.879789	0.000394	0.999613	-0.491758	
291	0.999628	-0.000472	0.903623	0.000472	0.999628	-0.434613	
292	0.999830	-0.000144	0.795590	0.000144	0.999830	-0.109470	
293	0.999746	-0.000239	0.819976	0.000239	0.999746	-0.146720	
294	0.999716	0.000084	1.009081	-0.000084	0.999716	0.104804	
295	0.999558	-0.000291	1.218961	0.000291	0.999558	-0.228422	
296	0.999326	-0.000100	1.677647	0.000100	0.999326	-0.171530	
297	0.998917	-0.000162	2.462878	0.000162	0.998917	-0.235340	
298	0.999348	0.000038	2.704106	-0.000038	0.999348	-0.295942	
299	0.999712	0.000035	2.704407	-0.000035	0.999712	-0.422703	
300	1.000249	0.000237	2.413231	-0.000237	1.000249	-0.367828	
301	1.000415	0.000191	2.197316	-0.000191	1.000415	-0.266132	
302	1.000968	0.000331	1.421822	-0.000331	1.000968	-0.146177	
303	1.001132	0.000072	0.599244	-0.000072	1.001132	-0.152362	
304	1.001337	0.000124	-0.185068	-0.000124	1.001337	-0.116730	
305	1.001381	-0.000070	-0.800475	0.000070	1.001381	-0.151679	
306	1.000979	0.000070	-0.815383	-0.000070	1.000979	0.047359	
307	1.000411	0.000151	-0.527461	-0.000151	1.000411	0.175668	
308	1.000421	0.000125	-0.648016	-0.000125	1.000421	0.116370	
309	1.000117	0.000372	-0.618697	-0.000372	1.000117	0.317489	
310	1.000212	0.000442	-0.938916	-0.000442	1.000212	0.387490	
311	1.000297	0.000500	-1.327285	-0.000500	1.000297	0.449887	
312	1.000513	0.000479	-1.809176	-0.000479	1.000513	0.386935	
313	1.000676	0.000379	-2.258879	-0.000379	1.000676	0.411376	
314	1.000574	0.000481	-2.339646	-0.000481	1.000574	0.575792	
315	1.000369	0.001012	-2.145378	-0.001012	1.000369	0.872076	
316	1.000440	0.000488	-2.165926	-0.000488	1.000440	0.299706	
317	1.000388	0.000601	-2.010473	-0.000601	1.000388	0.071960	
318	1.000454	0.000601	-1.817949	-0.000601	1.000454	-0.434571	
319	1.000466	0.000472	-1.638398	-0.000472	1.000466	-0.813251	
320	1.000380	0.000265	-1.603946	-0.000265	1.000380	-1.136088	
321	1.000388	0.000213	-1.659307	-0.000213	1.000388	-1.334098	
322	1.000482	0.000121	-1.853425	-0.000121	1.000482	-1.699394	
323	1.000451	0.000032	-1.768649	-0.000032	1.000451	-1.912350	
324	1.000461	0.000053	-1.545220	-0.000053	1.000461	-2.016151	
325	0.999920	0.000175	-0.971947	-0.000175	0.999920	-1.626323	
326	0.999005	0.000306	-0.473408	-0.000306	0.999005	-0.723144	
327	0.998357	0.000801	-0.014698	-0.000801	0.998357	0.422105	
328	0.998344	0.000742	-0.159834	-0.000742	0.998344	0.991356	
329	0.998666	0.001050	-0.367121	-0.001050	0.998666	1.614205	
330	0.998856	0.001245	-0.668827	-0.001245	0.998856	1.703820	
331	0.999061	0.000968	-1.241185	-0.000968	0.999061	1.407984	
332	0.998902	0.001015	-1.793151	-0.001015	0.998902	1.276977	
333	0.999566	0.001192	-3.008184	-0.001192	0.999566	1.251206	
334	1.003170	0.002106	-5.308851	-0.002106	1.003170	1.197177	
335	0.998549	0.001615	-5.608800	-0.001615	0.998549	1.745097	
336	1.002736	0.000940	-7.763553	-0.000940	1.002736	0.829871	
337	0.999143	0.001804	-8.356936	-0.001804	0.999143	1.843407	
338	0.999462	0.001823	-9.764098	-0.001823	0.999462	1.694473	
339	0.999491	0.002242	-10.882266	-0.002242	0.999491	1.879046	
340	0.999215	0.002618	-12.024900	-0.002618	0.999215	2.208171	
341	0.999678	0.002363	-13.386319	-0.002363	0.999678	1.955710	
342	1.001429	0.002575	-15.424198	-0.002575	1.001429	1.613825	
343	1.003367	0.003153	-17.319929	-0.003153	1.003367	1.248648	
344	1.002021	0.002553	-17.800614	-0.002553	1.002021	1.342264	
345	1.003258	0.002983	-18.820637	-0.002983	1.003258	1.148469	
346	1.001707	0.002776	-18.702057	-0.002776	1.001707	1.408542	
347	1.002338	0.002267	-19.282187	-0.002267	1.002338	1.130914	
348	1.003825	0.002809	-19.834772	-0.002809	1.003825	0.841305	
349	1.004660	0.002523	-20.040801	-0.002523	1.004660	0.082425	
350	1.004244	0.002320	-19.142598	-0.002320	1.004244	0.215248	
351	1.003899	0.002442	-18.447613	-0.002442	1.003899	0.247936	
352	1.004369	0.002459	-17.428188	-0.002459	1.004369	0.292528	
353	1.004943	0.002602	-16.471780	-0.002602	1.004943	0.316239	
354	1.003986	0.001778	-14.998787	-0.001778	1.003986	0.008336	
355	1.011373	0.000047	-14.907281	-0.000047	1.011373	-2.280212	
356	1.004283	0.001354	-12.667047	-0.001354	1.004283	-0.340709	
357	1.003618	0.001225	-11.440434	-0.001225	1.003618	-0.365132	
358	1.008490	0.000353	-11.170496	-0.000353	1.008490	-1.537869	
359	1.005061	0.000671	-9.679506	-0.000671	1.005061	-0.622034	
360	1.003883	0.001549	-8.805496	-0.001549	1.003883	-0.110282	
361	1.004676	0.001123	-8.480920	-0.001123	1.004676	-0.374241	
362	1.004600	0.001373	-7.864604	-0.001373	1.004600	-0.152872	
363	1.004336	0.001353	-7.475605	-0.001353	1.004336	-0.164800	
364	1.004316	0.000715	-7.460410	-0.000715	1.004316	-0.510613	
365	1.004332	0.000661	-7.041229	-0.000661	1.004332	-0.444747	
366	1.004101	0.000567	-6.309622	-0.000567	1.004101	-0.700295	
367	1.003467	0.000905	-5.178212	-0.000905	1.003467	-0.523088	
368	1.002209	0.000882	-3.930768	-0.000882	1.002209	-0.319182	
369	1.000871	0.000699	-2.394928	-0.000699	1.000871	-0.390162	
370	1.000630	0.000707	-0.868463	-0.000707	1.000630	-0.800251	
371	1.000264	0.000515	0.249741	-0.000515	1.000264	-1.186825	
372	1.000365	0.000385	0.445785	-0.000385	1.000365	-1.307937	
373	1.000191	0.000118	0.650023	-0.000118	1.000191	-1.690063	
374	1.000104	0.000375	0.763067	-0.000375	1.000104	-1.219348	
375	1.000373	0.000161	0.380933	-0.000161	1.000373	-0.931751	
376	1.000493	0.000301	0.033393	-0.000301	1.000493	-0.501649	
377	1.000575	0.000576	0.011433	-0.000576	1.000575	-0.201929	
378	1.000563	0.000966	0.224484	-0.000966	1.000563	-0.097390	
379	1.000685	0.001023	-0.086565	-0.001023	1.000685	0.115471	
380	1.001017	0.000887	-0.639776	-0.000887	1.001017	0.180848	
381	1.000877	0.000798	-0.844420	-0.000798	1.000877	0.320264	
382	1.000751	0.000608	-1.034702	-0.000608	1.000751	0.431181	
383	1.000766	0.000818	-1.085991	-0.000818	1.000766	0.601309	
384	1.000584	0.001040	-1.044355	-0.001040	1.000584	0.629166	
385	1.000733	0.000907	-1.167669	-0.000907	1.000733	0.515218	
386	1.000638	0.000749	-0.986551	-0.000749	1.000638	0.219054	
387	1.000787	0.001162	-0.797740	-0.001162	1.000787	0.032944	
388	1.000368	0.000415	-0.563728	-0.000415	1.000368	-0.613597	
389	1.000244	0.000248	-0.270440	-0.000248	1.000244	-0.905123	
390	1.000147	0.000618	0.281001	-0.000618	1.000147	-0.710556	
391	1.000176	0.000755	0.325138	-0.000755	1.000176	-0.446848	
392	1.000617	0.000650	-0.202670	-0.000650	1.000617	-0.015662	
393	1.000651	0.000972	-0.413753	-0.000972	1.000651	0.650304	
394	1.000692	0.001072	-0.609413	-0.001072	1.000692	1.196947	
395	1.000618	0.001059	-0.765392	-0.001059	1.000618	1.550046	
396	1.000351	0.000944	-0.650528	-0.000944	1.000351	1.521279	
397	1.000052	0.000721	-0.219051	-0.000721	1.000052	1.233587	
398	0.999752	0.000659	0.603673	-0.000659	0.999752	0.962148	
399	0.999578	0.000583	1.205066	-0.000583	0.999578	0.636375	
400	0.999596	0.000561	1.503062	-0.000561	0.999596	0.266023	
401	0.999615	0.000533	2.052685	-0.000533	0.999615	0.284388	
402	0.999667	0.000620	2.535783	-0.000620	0.999667	0.639543	
403	0.999846	0.000628	2.578350	-0.000628	0.999846	0.756856	
404	0.999770	0.000638	2.783282	-0.000638	0.999770	0.898178	
405	0.999705	0.000695	3.044446	-0.000695	0.999705	1.072682	
406	0.999745	0.000642	3.373234	-0.000642	0.999745	0.840683	
407	0.999235	0.000480	3.910409	-0.000480	0.999235	0.531803	
408	0.998983	0.000795	4.269407	-0.000795	0.998983	0.709463	
409	0.998995	0.000140	4.155043	-0.000140	0.998995	0.153650	
410	0.998918	0.000122	4.339602	-0.000122	0.998918	0.181694	
411	0.999140	0.000343	4.189875	-0.000343	0.999140	0.423606	
412	0.999141	0.000179	3.705294	-0.000179	0.999141	0.406111	
413	0.999393	0.000035	3.296206	-0.000035	0.999393	0.349763	
414	0.999448	0.000073	3.070911	-0.000073	0.999448	0.277278	
415	0.999268	-0.000048	3.107206	0.000048	0.999268	0.090325	
416	0.998806	-0.000135	3.195327	0.000135	0.998806	0.096742	
417	0.998874	-0.000035	3.188380	0.000035	0.998874	0.164116	
418	0.999053	-0.000067	3.129324	0.000067	0.999053	0.241644	
419	0.999111	0.000318	3.332179	-0.000318	0.999111	0.451165	
420	0.999466	0.000267	3.216035	-0.000267	0.999466	0.556416	
421	0.999432	0.000148	3.385382	-0.000148	0.999432	0.651001	
422	0.998749	-0.000649	3.718389	0.000649	0.998749	0.169921	
423	0.999218	0.000143	4.209330	-0.000143	0.999218	0.770936	
424	0.999255	0.000244	4.653341	-0.000244	0.999255	0.924664	
425	0.999708	-0.000148	5.172795	0.000148	0.999708	0.669417	
426	0.998554	0.000049	6.102422	-0.000049	0.998554	0.597489	
427	0.999097	-0.000163	7.081120	0.000163	0.999097	0.374855	
428	0.997986	-0.000233	7.612753	0.000233	0.997986	0.385482	
429	0.999988	-0.001062	8.157933	0.001062	0.999988	-0.506255	
430	1.000325	-0.001222	8.638211	0.001222	1.000325	-0.708930	
431	1.000210	-0.001208	9.595016	0.001208	1.000210	-0.448249	
432	0.999719	-0.001394	10.718927	0.001394	0.999719	-0.438977	
433	0.999568	-0.001485	11.687605	0.001485	0.999568	-0.465862	
434	0.999446	-0.001633	12.667739	0.001633	0.999446	-0.530757	
435	0.999793	-0.001802	13.195173	0.001802	0.999793	-0.878026	
436	0.999102	-0.001696	14.119555	0.001696	0.999102	-0.811839	
437	0.998736	-0.001875	14.609460	0.001875	0.998736	-0.899444	
438	0.998808	-0.001729	15.162884	0.001729	0.998808	-0.905026	
439	0.998603	-0.001980	15.737941	0.001980	0.998603	-0.953585	
440	0.998600	-0.002049	16.182545	0.002049	0.998600	-0.995941	
441	0.999609	-0.002227	16.252857	0.002227	0.999609	-1.425666	
442	1.000274	-0.002350	16.456580	0.002350	1.000274	-1.526147	
443	1.000339	-0.002473	16.728293	0.002473	1.000339	-1.386233	
444	0.999560	-0.002405	17.190016	0.002405	0.999560	-0.880381	
445	0.999925	-0.002127	16.723027	0.002127	0.999925	-0.779536	
446	1.000259	-0.001454	16.565435	0.001454	1.000259	-0.550192	
447	0.999895	-0.001567	16.468347	0.001567	0.999895	-0.685411	
448	0.998346	-0.002062	16.838085	0.002062	0.998346	-0.889582	
449	0.999726	-0.001385	16.690445	0.001385	0.999726	-0.790738	
450	0.999375	-0.002065	17.088024	0.002065	0.999375	-1.225796	
451	1.000638	-0.001673	16.757484	0.001673	1.000638	-1.486450	
452	0.999709	-0.002959	17.250249	0.002959	0.999709	-1.953498	
453	0.998732	-0.003510	17.891126	0.003510	0.998732	-1.913397	
454	0.998628	-0.004053	17.931320	0.004053	0.998628	-2.232896	
455	0.999600	-0.004051	17.476186	0.004051	0.999600	-2.746473	
456	0.999041	-0.003745	17.526170	0.003745	0.999041	-2.749962	
457	1.000540	-0.002896	16.977074	0.002896	1.000540	-2.770620	
458	1.000590	-0.004200	16.174237	0.004200	1.000590	-4.157046	
459	0.999306	-0.004173	16.718239	0.004173	0.999306	-4.021464	
460	0.999245	-0.004829	16.571744	0.004829	0.999245	-4.682681	
461	1.000114	-0.004145	16.103011	0.004145	1.000114	-4.763703	
462	0.999270	-0.003491	16.482498	0.003491	0.999270	-4.266744	
463	0.998772	-0.003570	16.764892	0.003570	0.998772	-3.901780	
464	0.998389	-0.003973	16.844129	0.003973	0.998389	-4.208528	
465	0.999579	-0.002831	15.541093	0.002831	0.999579	-3.552959	
466	1.000244	-0.002226	14.646440	0.002226	1.000244	-3.364628	
467	0.998630	-0.003189	14.884634	0.003189	0.998630	-4.391869	
468	0.995760	-0.004920	15.837323	0.004920	0.995760	-5.029842	
469	0.996926	-0.004693	13.982718	0.004693	0.996926	-5.755296	
470	0.996888	-0.003178	12.566131	0.003178	0.996888	-4.753106	
471	0.997109	-0.003436	10.996055	0.003436	0.997109	-4.942613	
472	0.994725	-0.000533	7.883112	0.000533	0.994725	-0.941274	
473	0.993541	-0.001590	9.549640	0.001590	0.993541	-1.178227	
474	0.994620	-0.000272	7.931728	0.000272	0.994620	-0.303979	
