0	1.000000	0.000000	0.000000	0.000000	1.000000	0.000000	
1	0.999665	0.000480	-7.684694	-0.000480	0.999665	0.145100	
2	0.997101	-0.000271	-4.797455	0.000271	0.997101	0.126711	
3	0.998410	0.000878	-14.188928	-0.000878	0.998410	0.146099	
4	0.997423	0.000079	-4.688541	-0.000079	0.997423	-0.022983	
5	0.999519	0.000573	-6.937475	-0.000573	0.999519	-0.051343	
6	0.997018	-0.000205	-4.169247	0.000205	0.997018	-0.056119	
7	0.995573	-0.000341	-2.862072	0.000341	0.995573	0.112469	
8	0.999385	0.000402	-6.715149	-0.000402	0.999385	-0.019330	
9	0.999586	0.000702	-14.268981	-0.000702	0.999586	-0.002607	
10	0.997313	-0.000192	-4.436923	0.000192	0.997313	-0.029559	
11	0.995894	-0.000331	-3.073972	0.000331	0.995894	0.153520	
12	0.999223	0.000502	-6.420176	-0.000502	0.999223	0.138728	
13	0.998013	0.000181	-5.198843	-0.000181	0.998013	0.187869	
14	0.998405	0.000970	-12.957535	-0.000970	0.998405	0.326941	
15	0.999256	0.000484	-6.128870	-0.000484	0.999256	0.185472	
16	0.999416	0.000477	-6.154245	-0.000477	0.999416	0.081510	
17	0.997458	-0.000128	-4.010033	0.000128	0.997458	-0.001691	
18	0.997908	-0.000005	-4.312325	0.000005	0.997908	0.045888	
19	0.999240	0.000461	-11.852379	-0.000461	0.999240	-0.076847	
20	0.997803	-0.000042	-3.654002	0.000042	0.997803	0.049143	
21	0.997735	0.000001	-3.483331	-0.000001	0.997735	0.012650	
22	0.997995	0.000107	-3.694444	-0.000107	0.997995	0.021879	
23	0.997634	0.000131	-3.385654	-0.000131	0.997634	0.070496	
24	0.998897	0.000888	-10.740747	-0.000888	0.998897	-0.153664	
25	0.997483	0.000142	-3.103717	-0.000142	0.997483	0.066779	
26	0.997408	0.000042	-3.041672	-0.000042	0.997408	0.004832	
27	0.997297	0.000031	-2.884572	-0.000031	0.997297	-0.059840	
28	0.997462	0.000003	-2.958899	-0.000003	0.997462	-0.065762	
29	0.998760	0.000300	-9.821241	-0.000300	0.998760	-0.453121	
30	0.997533	0.000153	-2.639041	-0.000153	0.997533	0.100603	
31	0.997350	0.000199	-2.554252	-0.000199	0.997350	0.189895	
32	0.997348	0.000095	-2.566603	-0.000095	0.997348	0.154830	
33	0.997759	0.000261	-2.708414	-0.000261	0.997759	0.169037	
34	0.998198	0.000649	-8.535130	-0.000649	0.998198	-0.392329	
35	0.997577	0.000241	-2.355489	-0.000241	0.997577	-0.129452	
36	0.997365	0.000299	-2.112387	-0.000299	0.997365	-0.104615	
37	0.997532	0.000286	-2.128436	-0.000286	0.997532	-0.205717	
38	0.997254	0.000401	-1.762445	-0.000401	0.997254	-0.175861	
39	0.997349	0.000583	-6.632540	-0.000583	0.997349	-0.577722	
40	0.997240	0.000266	-1.610732	-0.000266	0.997240	0.111062	
41	0.997184	0.000262	-1.416629	-0.000262	0.997184	0.151421	
42	0.997214	0.000223	-1.308559	-0.000223	0.997214	0.103101	
43	0.997281	0.000257	-1.283530	-0.000257	0.997281	0.096865	
44	0.995130	0.000479	-3.282128	-0.000479	0.995130	-0.063101	
45	0.997263	0.000206	-0.955315	-0.000206	0.997263	0.140955	
46	0.997290	0.000203	-0.914502	-0.000203	0.997290	0.162888	
47	0.997202	0.000155	-0.825221	-0.000155	0.997202	0.077714	
48	0.997309	0.000153	-0.673719	-0.000153	0.997309	0.075378	
49	0.994994	0.000046	-1.451350	-0.000046	0.994994	0.042755	
50	0.997106	-0.000021	-0.278375	0.000021	0.997106	-0.002482	
51	0.997187	0.000168	0.006821	-0.000168	0.997187	-0.035853	
52	0.997221	0.000038	0.167048	-0.000038	0.997221	-0.143966	
53	0.997350	0.000112	0.449884	-0.000112	0.997350	0.051532	
54	0.995288	0.000389	1.393590	-0.000389	0.995288	-0.069562	
55	0.997405	0.000145	1.100394	-0.000145	0.997405	0.113342	
56	0.997493	0.000213	1.341808	-0.000213	0.997493	0.042752	
57	0.997838	0.000201	1.377877	-0.000201	0.997838	-0.036791	
58	0.997803	0.000174	1.608157	-0.000174	0.997803	-0.039516	
59	0.996022	0.000258	2.917549	-0.000258	0.996022	-0.478889	
60	0.997937	0.000205	1.727379	-0.000205	0.997937	-0.112193	
61	0.997954	0.000323	1.934205	-0.000323	0.997954	-0.114127	
62	0.998222	0.000207	1.895002	-0.000207	0.998222	-0.087636	
63	0.998382	0.000311	2.251322	-0.000311	0.998382	0.171479	
64	0.996379	0.000127	5.080331	-0.000127	0.996379	0.027239	
65	0.998466	0.000161	2.634743	-0.000161	0.998466	0.129800	
66	0.998588	0.000169	2.753873	-0.000169	0.998588	0.073111	
67	0.998658	0.000075	2.723393	-0.000075	0.998658	0.019194	
68	0.998324	0.000247	3.161816	-0.000247	0.998324	0.226008	
69	0.994802	0.000115	8.632241	-0.000115	0.994802	0.340843	
70	0.998439	0.000299	3.125994	-0.000299	0.998439	0.166961	
71	0.998489	0.000344	3.227305	-0.000344	0.998489	0.135662	
72	0.998915	0.000146	2.802715	-0.000146	0.998915	-0.020151	
73	0.998596	0.000331	3.325094	-0.000331	0.998596	0.243236	
74	0.994700	0.000023	9.350255	-0.000023	0.994700	0.006692	
75	0.998631	0.000056	3.182633	-0.000056	0.998631	-0.121231	
76	0.998869	0.000029	2.898032	-0.000029	0.998869	-0.120126	
77	0.998707	0.000189	3.056888	-0.000189	0.998707	-0.083785	
78	0.998742	0.000212	2.799657	-0.000212	0.998742	-0.023432	
79	0.995430	0.000437	6.155592	-0.000437	0.995430	0.382142	
80	0.998072	0.000210	2.158795	-0.000210	0.998072	0.245045	
81	0.997946	0.000273	1.938323	-0.000273	0.997946	0.377939	
82	0.997772	0.000185	1.634860	-0.000185	0.997772	0.455002	
83	0.997790	0.000157	1.630153	-0.000157	0.997790	0.410561	
84	0.995577	0.000052	2.403455	-0.000052	0.995577	0.428631	
85	0.997648	0.000089	1.216832	-0.000089	0.997648	0.243131	
86	0.997768	0.000044	1.203356	-0.000044	0.997768	0.224782	
87	0.997854	-0.000059	0.959292	0.000059	0.997854	0.201946	
88	0.997711	-0.000005	0.961591	0.000005	0.997711	0.140128	
89	0.995301	0.000398	1.743484	-0.000398	0.995301	0.429418	
90	0.997527	0.000149	0.778960	-0.000149	0.997527	0.172497	
91	0.997510	0.000120	0.783463	-0.000120	0.997510	0.207963	
92	0.997467	0.000033	0.546263	-0.000033	0.997467	0.104547	
93	0.997437	0.000075	0.645042	-0.000075	0.997437	0.051413	
94	0.994921	-0.000095	0.646919	0.000095	0.994921	-0.117202	
95	0.997308	0.000131	0.141653	-0.000131	0.997308	-0.029111	
96	0.997365	0.000207	0.005353	-0.000207	0.997365	-0.058514	
97	0.997536	0.000208	-0.140106	-0.000208	0.997536	-0.045157	
98	0.997542	0.000326	-0.174518	-0.000326	0.997542	-0.197017	
99	0.995216	0.000366	-0.957696	-0.000366	0.995216	-0.641455	
100	0.997884	0.000186	-0.456472	-0.000186	0.997884	-0.306654	
101	0.997830	0.000117	-0.350953	-0.000117	0.997830	-0.341542	
102	0.997696	0.000056	-0.406201	-0.000056	0.997696	-0.372665	
103	0.997729	0.000006	-0.190064	-0.000006	0.997729	-0.525706	
104	0.995325	0.000406	-0.444214	-0.000406	0.995325	-1.125529	
105	0.997773	0.000023	-0.116522	-0.000023	0.997773	-0.577815	
106	0.997963	0.000105	-0.008125	-0.000105	0.997963	-0.549776	
107	0.997689	0.000183	0.046753	-0.000183	0.997689	-0.578491	
108	0.997636	0.000478	0.304194	-0.000478	0.997636	-0.609960	
109	0.996217	0.001409	0.733747	-0.001409	0.996217	-1.076373	
110	0.998020	0.000649	0.832310	-0.000649	0.998020	-0.586078	
111	0.997939	0.000542	1.114575	-0.000542	0.997939	-0.593137	
112	0.997924	0.000433	1.124599	-0.000433	0.997924	-0.695541	
113	0.998303	0.000660	1.219857	-0.000660	0.998303	-0.767209	
114	0.996366	0.001146	2.397285	-0.001146	0.996366	-1.435821	
115	0.998065	0.000274	1.399388	-0.000274	0.998065	-0.562022	
116	0.998402	0.000381	1.296047	-0.000381	0.998402	-0.604227	
117	0.998422	0.000346	1.345274	-0.000346	0.998422	-0.534084	
118	0.998529	0.000254	1.549533	-0.000254	0.998529	-0.343627	
119	0.997400	0.001157	3.291406	-0.001157	0.997400	-0.502505	
120	0.998574	0.000106	1.830293	-0.000106	0.998574	-0.427033	
121	0.998551	0.000127	1.969365	-0.000127	0.998551	-0.458856	
122	0.998490	0.000102	2.050052	-0.000102	0.998490	-0.462262	
123	0.998754	0.000265	2.182679	-0.000265	0.998754	-0.397301	
124	0.996767	0.000571	5.046430	-0.000571	0.996767	-0.235693	
125	0.998912	0.000275	2.294645	-0.000275	0.998912	-0.033341	
126	0.999003	0.000257	2.318801	-0.000257	0.999003	0.035421	
127	0.999140	0.000225	2.409722	-0.000225	0.999140	0.000812	
128	0.999259	0.000205	2.603093	-0.000205	0.999259	0.063336	
129	0.996291	0.000161	7.499299	-0.000161	0.996291	0.170835	
130	0.999402	-0.000047	2.584765	0.000047	0.999402	-0.149314	
131	0.999448	-0.000164	2.584325	0.000164	0.999448	-0.151455	
132	0.999350	-0.000156	2.510925	0.000156	0.999350	-0.167597	
133	0.999518	-0.000092	2.575677	0.000092	0.999518	-0.050991	
134	0.996709	0.000178	7.221113	-0.000178	0.996709	0.657394	
135	0.999954	-0.000096	1.893814	0.000096	0.999954	0.055251	
136	0.999696	-0.000078	2.307453	0.000078	0.999696	0.192928	
137	0.999458	-0.000158	2.431029	0.000158	0.999458	0.216300	
138	0.999563	-0.000167	2.375624	0.000167	0.999563	0.135257	
139	1.000338	0.000227	3.518065	-0.000227	1.000338	-0.144366	
140	0.999261	-0.000178	2.361397	0.000178	0.999261	-0.259090	
141	0.999127	-0.000092	2.261728	0.000092	0.999127	-0.197518	
142	0.999191	-0.000105	2.203069	0.000105	0.999191	-0.205023	
143	0.999410	-0.000085	2.171967	0.000085	0.999410	-0.086182	
144	0.997841	0.000312	5.255595	-0.000312	0.997841	0.295430	
145	0.999421	-0.000080	1.915962	0.000080	0.999421	0.014591	
146	0.999564	-0.000032	1.923991	0.000032	0.999564	-0.011414	
147	0.999371	-0.000214	2.000540	0.000214	0.999371	-0.087961	
148	0.999512	-0.000264	1.945310	0.000264	0.999512	-0.142267	
149	0.998192	-0.000092	4.615009	0.000092	0.998192	-0.275210	
150	0.999248	-0.000319	1.856925	0.000319	0.999248	-0.364102	
151	0.999318	-0.000217	1.744789	0.000217	0.999318	-0.277826	
152	0.999675	0.000134	1.576989	-0.000134	0.999675	-0.080682	
153	0.999617	-0.000094	1.453568	0.000094	0.999617	-0.205833	
154	0.999431	0.000413	2.876259	-0.000413	0.999431	0.020006	
155	0.999654	0.000003	1.277622	-0.000003	0.999654	-0.159688	
156	0.999701	-0.000144	1.272545	0.000144	0.999701	-0.270357	
157	0.999544	-0.000131	1.321011	0.000131	0.999544	-0.380745	
158	0.999630	-0.000200	1.341351	0.000200	0.999630	-0.498324	
159	0.999417	0.000190	2.877600	-0.000190	0.999417	-0.687278	
160	0.999808	-0.000428	1.173425	0.000428	0.999808	-0.637581	
161	0.999856	-0.000213	1.192557	0.000213	0.999856	-0.525976	
162	0.999854	-0.000227	1.167530	0.000227	0.999854	-0.517198	
163	0.999747	-0.000045	1.260629	0.000045	0.999747	-0.465956	
164	0.998432	0.000579	3.594780	-0.000579	0.998432	-0.434077	
165	0.999350	-0.000097	1.333811	0.000097	0.999350	-0.465296	
166	0.999343	-0.000118	1.193051	0.000118	0.999343	-0.486168	
167	0.999124	-0.000261	1.224584	0.000261	0.999124	-0.516478	
168	0.999082	-0.000357	1.171027	0.000357	0.999082	-0.476691	
169	0.998032	-0.000252	2.541972	0.000252	0.998032	-0.573070	
170	0.999483	-0.000209	1.098473	0.000209	0.999483	-0.343200	
171	0.999584	-0.000263	1.008358	0.000263	0.999584	-0.231492	
172	0.999673	-0.000220	1.129143	0.000220	0.999673	-0.108393	
173	0.999536	-0.000275	1.186644	0.000275	0.999536	-0.104587	
174	0.999559	-0.000198	1.382751	0.000198	0.999559	-0.052815	
175	0.998547	-0.000175	3.652852	0.000175	0.998547	-0.014684	
176	0.999370	-0.000500	1.784305	0.000500	0.999370	-0.276152	
177	0.999527	-0.000561	1.869965	0.000561	0.999527	-0.398328	
178	1.000003	-0.000547	1.758447	0.000547	1.000003	-0.421721	
179	1.000149	-0.000625	2.074649	0.000625	1.000149	-0.343735	
180	1.003921	-0.000695	1.826813	0.000695	1.003921	-0.559663	
181	1.001462	-0.000307	2.024917	0.000307	1.001462	-0.049256	
182	1.001474	-0.000117	2.689130	0.000117	1.001474	0.064494	
183	1.001487	-0.000062	2.908581	0.000062	1.001487	0.097896	
184	1.000405	-0.000332	4.304438	0.000332	1.000405	0.128530	
185	0.997382	-0.001131	13.393818	0.001131	0.997382	0.227444	
186	1.002410	-0.000232	3.220723	0.000232	1.002410	-0.265650	
187	1.003787	-0.000315	2.481510	0.000315	1.003787	-0.551474	
188	1.000121	-0.000829	6.315144	0.000829	1.000121	-0.488807	
189	1.004671	0.000051	2.194904	-0.000051	1.004671	-0.574345	
190	1.008881	0.000438	5.027467	-0.000438	1.008881	-0.899008	
191	1.000276	-0.000578	6.571485	0.000578	1.000276	-0.489143	
192	1.005506	0.000502	1.364369	-0.000502	1.005506	-0.542476	
193	1.003302	0.000159	3.515237	-0.000159	1.003302	-0.492974	
194	1.000351	-0.000791	6.671217	0.000791	1.000351	-0.861856	
195	0.998103	-0.000541	15.425132	0.000541	0.998103	-0.657157	
196	1.000150	-0.000960	6.549507	0.000960	1.000150	-0.800127	
197	1.003765	-0.000054	2.838684	0.000054	1.003765	-0.535656	
198	1.005539	0.000143	1.165462	-0.000143	1.005539	-0.617772	
199	1.003879	-0.000021	2.667370	0.000021	1.003879	-0.478946	
200	1.000241	-0.000814	12.167936	0.000814	1.000241	-0.442224	
201	1.004179	-0.000078	1.752118	0.000078	1.004179	-0.494077	
202	1.003197	-0.000119	2.557435	0.000119	1.003197	-0.419496	
203	1.003966	-0.000075	1.862274	0.000075	1.003966	-0.510046	
204	1.002976	-0.000162	2.641000	0.000162	1.002976	-0.466987	
205	1.011440	0.000989	-0.537446	-0.000989	1.011440	-0.979562	
206	1.003525	0.000147	2.033775	-0.000147	1.003525	-0.638693	
207	1.004075	0.000309	1.600613	-0.000309	1.004075	-0.661882	
208	1.003585	0.000138	2.100105	-0.000138	1.003585	-0.664275	
209	1.002800	0.000182	2.873613	-0.000182	1.002800	-0.521785	
210	1.002715	-0.001800	9.132178	0.001800	1.002715	-2.822639	
211	1.004155	0.000287	1.702885	-0.000287	1.004155	-0.856183	
212	1.004134	0.000041	1.653718	-0.000041	1.004134	-1.013726	
213	1.004018	0.000141	1.720643	-0.000141	1.004018	-0.936865	
214	1.002307	-0.000020	3.413047	0.000020	1.002307	-0.936258	
215	0.998753	-0.001137	12.396781	0.001137	0.998753	-2.152625	
216	1.003358	0.000430	2.066469	-0.000430	1.003358	-0.834361	
217	1.004371	0.000857	1.319549	-0.000857	1.004371	-0.700249	
218	1.004262	0.000732	1.306011	-0.000732	1.004262	-0.854064	
219	1.004403	0.000616	1.161326	-0.000616	1.004403	-0.960431	
220	1.011180	0.002152	0.252164	-0.002152	1.011180	-1.253847	
221	1.002035	0.000052	3.130954	-0.000052	1.002035	-0.924286	
222	1.003869	0.000176	1.503977	-0.000176	1.003869	-1.071205	
223	1.004107	0.000480	1.381172	-0.000480	1.004107	-0.860898	
224	1.000059	-0.000418	5.601453	0.000418	1.000059	-1.079510	
225	1.013162	0.001162	-1.443355	-0.001162	1.013162	-1.156021	
226	1.006066	-0.000179	0.989910	0.000179	1.006066	-0.946086	
227	1.007086	-0.000251	0.816515	0.000251	1.007086	-1.039029	
228	1.000026	-0.001219	8.897842	0.001219	1.000026	-0.822424	
229	1.008439	-0.000302	1.469371	0.000302	1.008439	-1.207058	
230	1.001876	-0.002144	20.731366	0.002144	1.001876	-2.065629	
231	0.999156	-0.001078	13.035003	0.001078	0.999156	-0.614581	
232	0.999004	-0.000780	14.157158	0.000780	0.999004	-0.392386	
233	0.999321	-0.001131	14.305461	0.001131	0.999321	-0.570195	
234	0.999336	-0.001098	14.863824	0.001098	0.999336	-0.545661	
235	1.001292	-0.001286	28.608810	0.001286	1.001292	-0.698053	
236	0.998749	-0.000890	16.180459	0.000890	0.998749	-0.178347	
237	0.998953	-0.001021	15.954819	0.001021	0.998953	-0.321392	
238	0.999101	-0.001734	15.541289	0.001734	0.999101	-0.741940	
239	0.999242	-0.000917	15.553719	0.000917	0.999242	-0.169274	
240	0.996277	-0.001682	30.670584	0.001682	0.996277	-0.169417	
241	0.999198	-0.000374	13.646581	0.000374	0.999198	0.062317	
242	0.999733	-0.000304	12.384097	0.000304	0.999733	-0.064242	
243	0.998944	-0.000669	11.945523	0.000669	0.998944	-0.320056	
244	0.998771	-0.001118	11.137193	0.001118	0.998771	-0.668680	
245	0.997983	-0.001383	20.331556	0.001383	0.997983	-0.765577	
246	0.999405	-0.000651	8.985204	0.000651	0.999405	-0.321791	
247	1.000477	-0.000385	7.227683	0.000385	1.000477	-0.315065	
248	0.999425	-0.001154	7.638168	0.001154	0.999425	-0.595009	
249	1.002178	0.000180	4.303256	-0.000180	1.002178	-0.129107	
250	0.999261	-0.000367	12.686567	0.000367	0.999261	-0.114596	
251	1.002915	0.000401	2.372042	-0.000401	1.002915	0.028809	
252	1.000616	0.000004	3.585516	-0.000004	1.000616	-0.047076	
253	1.000493	-0.000001	3.363781	0.000001	1.000493	-0.048510	
254	1.000386	-0.000047	2.958978	0.000047	1.000386	-0.114900	
255	0.998317	-0.000220	6.903999	0.000220	0.998317	-0.071195	
256	0.999694	-0.000025	1.975165	0.000025	0.999694	-0.018643	
257	0.999506	-0.000072	1.450009	0.000072	0.999506	-0.100861	
258	0.999360	-0.000052	1.145311	0.000052	0.999360	-0.107034	
259	0.999011	0.000055	0.896316	-0.000055	0.999011	-0.209944	
260	0.998144	-0.000172	0.219127	0.000172	0.998144	-0.691891	
261	0.998782	-0.000047	-0.007249	0.000047	0.998782	-0.341043	
262	0.998783	0.000122	-0.188941	-0.000122	0.998783	-0.261852	
263	0.998699	-0.000013	-0.397841	0.000013	0.998699	-0.415210	
264	0.998532	0.000137	-0.517763	-0.000137	0.998532	-0.263454	
265	0.995423	0.000215	-0.513862	-0.000215	0.995423	-0.247184	
266	0.998273	0.000097	-1.323619	-0.000097	0.998273	-0.197819	
267	0.997734	0.000163	-1.348628	-0.000163	0.997734	-0.024698	
268	0.997596	0.000059	-1.632323	-0.000059	0.997596	-0.053939	
269	0.997277	-0.000077	-1.980500	0.000077	0.997277	-0.077359	
270	0.996532	0.000011	-8.311250	-0.000011	0.996532	-0.451091	
271	0.996694	-0.000249	-2.827557	0.000249	0.996694	-0.049619	
272	0.995195	-0.000405	-2.256065	0.000405	0.995195	0.017923	
273	0.995978	-0.000233	-3.583941	0.000233	0.995978	0.031707	
274	0.997771	0.000128	-6.494331	-0.000128	0.997771	0.010078	
275	0.995422	0.000326	-15.395506	-0.000326	0.995422	0.248247	
276	0.994494	-0.000123	-5.726247	0.000123	0.994494	0.454154	
277	0.997849	0.000377	-9.866366	-0.000377	0.997849	0.603647	
278	0.997882	0.000422	-10.413616	-0.000422	0.997882	0.814217	
279	0.998242	0.000267	-11.323151	-0.000267	0.998242	0.852050	
280	0.998229	0.000600	-25.928233	-0.000600	0.998229	1.931602	
281	0.998149	0.000753	-12.374370	-0.000753	0.998149	1.441076	
282	0.998593	0.000850	-12.961843	-0.000850	0.998593	1.364570	
283	0.998788	0.000842	-13.088055	-0.000842	0.998788	1.203657	
284	0.998961	0.000843	-13.136975	-0.000843	0.998961	1.148183	
285	0.996525	0.001783	-24.553014	-0.001783	0.996525	2.274062	
286	0.999739	0.000620	-12.740004	-0.000620	0.999739	0.699695	
287	1.000141	0.000436	-12.949340	-0.000436	1.000141	0.522689	
288	0.999746	0.000175	-12.236394	-0.000175	0.999746	0.460013	
289	1.000035	0.000144	-11.999536	-0.000144	1.000035	0.513022	
290	0.999349	-0.000471	-23.438495	0.000471	0.999349	0.793637	
291	1.000356	0.000083	-11.751657	-0.000083	1.000356	0.530121	
292	1.000054	0.000432	-10.993253	-0.000432	1.000054	0.724071	
293	1.000000	0.000564	-10.984377	-0.000564	1.000000	0.813039	
294	0.999913	0.000604	-10.758046	-0.000604	0.999913	0.771253	
295	0.998437	0.001193	-19.465880	-0.001193	0.998437	1.681549	
296	0.995443	-0.000191	-5.599300	0.000191	0.995443	0.904848	
297	0.999351	0.000938	-9.062441	-0.000938	0.999351	1.127972	
298	0.991530	-0.000772	-0.621496	0.000772	0.991530	0.984100	
299	0.991138	-0.000926	-0.076179	0.000926	0.991138	0.813166	
300	0.998934	0.000738	-16.832978	-0.000738	0.998934	1.571380	
301	0.995401	-0.000481	-3.787320	0.000481	0.995401	0.709697	
302	0.993849	-0.000733	-1.975047	0.000733	0.993849	0.724042	
303	0.993190	-0.000805	-1.150661	0.000805	0.993190	0.778337	
304	0.998707	0.000746	-6.298117	-0.000746	0.998707	1.162235	
305	1.001392	0.000829	-16.013149	-0.000829	1.001392	1.153183	
306	0.996546	-0.000103	-3.218108	0.000103	0.996546	0.729110	
307	0.995821	-0.000293	-2.586754	0.000293	0.995821	0.656879	
308	0.996115	0.000134	-2.388709	-0.000134	0.996115	0.825433	
309	0.997084	-0.000300	-3.297374	0.000300	0.997084	0.362088	
310	1.001286	0.000766	-13.471088	-0.000766	1.001286	0.825895	
311	0.996588	0.000016	-2.239522	-0.000016	0.996588	0.640713	
312	0.998862	-0.000077	-4.240680	0.000077	0.998862	0.173751	
313	0.997859	-0.000006	-3.174068	0.000006	0.997859	0.394545	
314	0.997985	0.000193	-3.063761	-0.000193	0.997985	0.515734	
315	1.001661	0.001163	-11.729118	-0.001163	1.001661	0.958961	
316	0.997113	0.000372	-1.868257	-0.000372	0.997113	0.678304	
317	0.996743	0.000383	-1.431628	-0.000383	0.996743	0.712657	
318	0.998044	-0.000186	-2.588079	0.000186	0.998044	0.183688	
319	0.997446	-0.000146	-1.926539	0.000146	0.997446	0.328504	
320	1.000450	0.001472	-9.124628	-0.001472	1.000450	1.448593	
321	0.998262	-0.000077	-2.410800	0.000077	0.998262	0.438239	
322	0.998483	-0.000044	-2.468170	0.000044	0.998483	0.411485	
323	0.998444	-0.000099	-2.331728	0.000099	0.998444	0.424771	
324	0.998025	-0.000255	-1.822256	0.000255	0.998025	0.421058	
325	0.996123	-0.000662	-3.216840	0.000662	0.996123	0.460563	
326	0.998627	-0.000197	-1.923247	0.000197	0.998627	0.153613	
327	0.998736	-0.000009	-1.842694	0.000009	0.998736	0.278563	
328	0.999238	-0.000157	-2.027221	0.000157	0.999238	0.104324	
329	0.999038	0.000182	-1.717541	-0.000182	0.999038	0.280170	
330	1.002441	0.000498	-7.367232	-0.000498	1.002441	0.023269	
331	0.999739	0.000122	-1.799219	-0.000122	0.999739	0.131957	
332	0.999654	0.000018	-1.683453	-0.000018	0.999654	0.003868	
333	0.999831	0.000180	-1.541566	-0.000180	0.999831	-0.013442	
334	1.000014	0.000096	-1.428466	-0.000096	1.000014	-0.124331	
335	1.000540	0.000215	-2.375864	-0.000215	1.000540	-0.194724	
336	1.000392	0.000040	-0.921990	-0.000040	1.000392	-0.283535	
337	1.000582	0.000026	-0.737808	-0.000026	1.000582	-0.331235	
338	1.000911	-0.000023	-0.624639	0.000023	1.000911	-0.327923	
339	1.001056	0.000036	-0.483000	-0.000036	1.001056	-0.377971	
340	1.002277	0.000617	-0.440576	-0.000617	1.002277	-0.481175	
341	1.001380	0.000198	-0.111373	-0.000198	1.001380	-0.266323	
342	1.001482	0.000256	0.051632	-0.000256	1.001482	-0.256949	
343	1.001766	0.000245	0.293824	-0.000245	1.001766	-0.360993	
344	1.001978	0.000231	0.594990	-0.000231	1.001978	-0.443437	
345	1.002092	0.000250	1.012527	-0.000250	1.002092	-0.515231	
346	1.004697	0.000469	4.500523	-0.000469	1.004697	-0.958785	
347	1.003591	0.000402	2.385322	-0.000402	1.003591	-0.488305	
348	1.003586	0.000176	4.000090	-0.000176	1.003586	-0.616038	
349	1.001668	-0.000344	7.273130	0.000344	1.001668	-0.768051	
350	1.001768	-0.000480	8.969634	0.000480	1.001768	-0.878189	
351	1.002992	-0.000386	23.416357	0.000386	1.002992	-0.988016	
352	1.001598	-0.000801	13.574702	0.000801	1.001598	-0.984451	
353	1.001610	-0.000702	15.009802	0.000702	1.001610	-0.931140	
354	1.001085	-0.000989	16.501480	0.000989	1.001085	-0.992627	
355	1.001031	-0.001260	17.697459	0.001260	1.001031	-1.198406	
356	1.003628	-0.001863	36.542201	0.001863	1.003628	-2.468578	
357	1.001195	-0.001477	19.587604	0.001477	1.001195	-1.697033	
358	1.001304	-0.001626	19.806618	0.001626	1.001304	-2.041502	
359	1.001898	-0.001849	19.556625	0.001849	1.001898	-2.558186	
360	1.002096	-0.002195	19.497778	0.002195	1.002096	-3.099586	
361	1.003984	-0.003827	39.678567	0.003827	1.003984	-6.280304	
362	1.001265	-0.002078	19.936221	0.002078	1.001265	-2.957755	
363	1.001897	-0.002282	18.993195	0.002282	1.001897	-3.293276	
364	1.004257	-0.002281	16.354957	0.002281	1.004257	-3.523345	
365	1.000482	-0.001324	19.424225	0.001324	1.000482	-1.899160	
366	1.009337	-0.004112	29.901915	0.004112	1.009337	-6.243295	
367	1.000746	-0.001824	17.514902	0.001824	1.000746	-2.082942	
368	1.000193	-0.001663	17.369647	0.001663	1.000193	-1.827004	
369	1.000238	-0.001543	16.937329	0.001543	1.000238	-1.699166	
370	1.000410	-0.001190	16.374672	0.001190	1.000410	-1.432835	
371	0.997917	-0.002444	34.638223	0.002444	0.997917	-2.822237	
372	1.000202	-0.001475	15.636494	0.001475	1.000202	-1.731612	
373	0.999757	-0.001674	15.454122	0.001674	0.999757	-1.846708	
374	0.999284	-0.001988	15.333062	0.001988	0.999284	-2.021798	
375	0.999625	-0.002228	14.600675	0.002228	0.999625	-2.128328	
376	0.997369	-0.004079	28.667619	0.004079	0.997369	-3.530313	
377	0.999745	-0.001553	12.542221	0.001553	0.999745	-1.493479	
378	0.999876	-0.001324	11.786361	0.001324	0.999876	-1.347567	
379	1.000087	-0.001058	11.031324	0.001058	1.000087	-1.203967	
380	0.999241	-0.000886	11.455046	0.000886	0.999241	-1.159396	
381	0.999226	-0.001530	21.867039	0.001530	0.999226	-2.211408	
382	1.002726	-0.000027	5.577751	0.000027	1.002726	-0.788773	
383	0.999275	-0.001607	9.558627	0.001607	0.999275	-1.330043	
384	0.999059	-0.001796	9.439807	0.001796	0.999059	-1.338782	
385	0.999011	-0.001838	9.103470	0.001838	0.999011	-1.266655	
386	0.998969	-0.000863	17.857176	0.000863	0.998969	-0.923945	
387	1.004977	-0.000222	1.622995	0.000222	1.004977	-1.018012	
388	0.999156	-0.000914	7.976903	0.000914	0.999156	-0.613653	
389	0.999001	-0.000989	7.541687	0.000989	0.999001	-0.541299	
390	1.003247	-0.000519	2.613878	0.000519	1.003247	-0.812403	
391	0.999327	-0.000876	14.437462	0.000876	0.999327	-0.278012	
392	0.999366	-0.000988	6.312381	0.000988	0.999366	-0.333898	
393	1.001218	-0.000483	4.079832	0.000483	1.001218	-0.203427	
394	0.998866	-0.001185	6.012368	0.001185	0.998866	-0.400764	
395	0.998875	-0.000844	5.867135	0.000844	0.998875	-0.200600	
396	0.998780	-0.000489	11.834620	0.000489	0.998780	0.145652	
397	1.000315	-0.000162	3.982794	0.000162	1.000315	-0.108514	
398	1.000150	-0.000225	4.071139	0.000225	1.000150	0.009458	
399	1.000163	-0.000383	4.040329	0.000383	1.000163	0.134182	
400	1.000169	-0.000374	3.843406	0.000374	1.000169	0.107116	
401	0.999390	-0.000402	9.240880	0.000402	0.999390	0.475966	
402	1.000331	-0.000836	3.328180	0.000836	1.000331	-0.045771	
403	1.000045	-0.000526	3.138351	0.000526	1.000045	0.111446	
404	1.000341	-0.000677	2.647109	0.000677	1.000341	-0.061076	
405	1.000642	-0.000147	2.256221	0.000147	1.000642	0.218995	
406	1.002194	-0.000205	3.514020	0.000205	1.002194	0.131959	
407	1.000731	-0.000202	1.216825	0.000202	1.000731	-0.040276	
408	1.000571	-0.000302	0.828226	0.000302	1.000571	-0.029948	
409	1.000181	-0.000352	0.814205	0.000352	1.000181	0.086742	
410	0.999844	-0.000434	0.649432	0.000434	0.999844	0.250102	
411	1.001030	-0.000585	-0.450682	0.000585	1.001030	0.385756	
412	1.000298	-0.000323	-0.305683	0.000323	1.000298	0.455199	
413	1.000392	-0.000205	-0.530434	0.000205	1.000392	0.508983	
414	1.000484	-0.000377	-0.650028	0.000377	1.000484	0.408887	
415	1.000617	-0.000777	-0.859630	0.000777	1.000617	0.241176	
416	1.001215	-0.000826	-1.443531	0.000826	1.001215	0.840397	
417	1.000310	-0.000308	-0.860666	0.000308	1.000310	0.465417	
418	1.000221	-0.000387	-1.059355	0.000387	1.000221	0.419801	
419	1.000229	-0.000434	-1.045429	0.000434	1.000229	0.378098	
420	1.000270	-0.000606	-1.223357	0.000606	1.000270	0.297990	
421	1.000654	-0.000964	-2.740786	0.000964	1.000654	0.488891	
422	1.000140	-0.000598	-1.514183	0.000598	1.000140	0.204128	
423	1.000159	-0.000529	-1.801075	0.000529	1.000159	0.201357	
424	1.000107	-0.000501	-1.958526	0.000501	1.000107	0.164657	
425	1.000069	-0.000455	-2.206746	0.000455	1.000069	0.103079	
426	1.001646	-0.000411	-6.082859	0.000411	1.001646	0.236650	
427	0.999467	-0.000406	-2.107248	0.000406	0.999467	-0.000006	
428	0.999502	-0.000455	-2.241197	0.000455	0.999502	-0.039429	
429	0.999345	-0.000385	-2.135268	0.000385	0.999345	0.027914	
430	0.999420	-0.000281	-2.204842	0.000281	0.999420	0.067192	
431	0.999630	-0.000850	-5.270591	0.000850	0.999630	-0.162275	
432	0.998992	-0.000310	-1.879888	0.000310	0.998992	0.027862	
433	0.998895	-0.000306	-1.705131	0.000306	0.998895	-0.038748	
434	0.999027	-0.000361	-1.862928	0.000361	0.999027	-0.032288	
435	0.999065	-0.000368	-1.785228	0.000368	0.999065	0.016254	
436	0.997601	-0.001015	-2.806149	0.001015	0.997601	0.304202	
437	0.999109	-0.000385	-1.586942	0.000385	0.999109	0.298240	
438	0.998979	-0.000354	-1.380815	0.000354	0.998979	0.353106	
439	0.999092	-0.000438	-1.414950	0.000438	0.999092	0.335525	
440	0.999078	-0.000336	-1.288805	0.000336	0.999078	0.305733	
441	0.998467	-0.000680	-2.780317	0.000680	0.998467	0.485233	
442	0.999164	-0.000459	-1.228598	0.000459	0.999164	0.285501	
443	0.999153	-0.000432	-1.236606	0.000432	0.999153	0.306781	
444	0.999248	-0.000442	-1.278208	0.000442	0.999248	0.342587	
445	0.999120	-0.000478	-1.074758	0.000478	0.999120	0.329441	
446	0.998429	-0.000736	-2.359942	0.000736	0.998429	0.818263	
447	0.999305	-0.000580	-1.214810	0.000580	0.999305	0.266571	
448	0.999322	-0.000531	-1.168330	0.000531	0.999322	0.366483	
449	0.999558	-0.000534	-1.238701	0.000534	0.999558	0.420046	
450	0.999451	-0.000440	-0.966929	0.000440	0.999451	0.459585	
451	0.998986	-0.000787	-2.238061	0.000787	0.998986	0.951213	
452	0.999793	-0.000508	-1.083972	0.000508	0.999793	0.348150	
453	0.999608	-0.000577	-1.011905	0.000577	0.999608	0.367093	
454	0.999780	-0.000592	-1.052158	0.000592	0.999780	0.340078	
455	0.999861	-0.000629	-0.895257	0.000629	0.999861	0.294202	
456	0.999987	-0.000876	-1.957508	0.000876	0.999987	0.929020	
457	1.000049	-0.000622	-1.075310	0.000622	1.000049	0.312402	
458	1.000164	-0.000590	-1.052585	0.000590	1.000164	0.293905	
459	1.000258	-0.000524	-1.091791	0.000524	1.000258	0.353932	
460	1.000334	-0.000605	-1.081099	0.000605	1.000334	0.328751	
461	1.001124	-0.000887	-2.182059	0.000887	1.001124	0.989660	
462	1.000673	-0.000659	-1.111551	0.000659	1.000673	0.346011	
463	1.000785	-0.000558	-1.100541	0.000558	1.000785	0.343695	
464	1.000924	-0.000655	-1.169920	0.000655	1.000924	0.330658	
465	1.000997	-0.000517	-1.110155	0.000517	1.000997	0.364969	
466	1.002169	-0.001027	-2.302028	0.001027	1.002169	0.644720	
467	1.001088	-0.000553	-1.152756	0.000553	1.001088	0.241916	
468	1.001038	-0.000570	-1.060055	0.000570	1.001038	0.239691	
469	1.001105	-0.000513	-1.170964	0.000513	1.001105	0.303124	
470	1.001172	-0.000533	-1.126237	0.000533	1.001172	0.296319	
471	1.001723	-0.000841	-1.897171	0.000841	1.001723	1.083684	
472	1.000931	-0.000435	-1.078484	0.000435	1.000931	0.478839	
473	1.000744	-0.000397	-0.969303	0.000397	1.000744	0.503406	
474	1.000711	-0.000482	-0.968495	0.000482	1.000711	0.450273	
475	1.000649	-0.000544	-0.917884	0.000544	1.000649	0.383387	
476	1.001864	-0.000652	-2.184814	0.000652	1.001864	0.785405	
477	1.000906	-0.000482	-1.088223	0.000482	1.000906	0.279003	
478	1.000864	-0.000481	-1.003766	0.000481	1.000864	0.367861	
479	1.000917	-0.000452	-1.084850	0.000452	1.000917	0.415828	
480	1.000997	-0.000399	-1.052141	0.000399	1.000997	0.407901	
481	1.001732	-0.000651	-1.973262	0.000651	1.001732	1.020859	
482	1.000786	-0.000268	-0.958821	0.000268	1.000786	0.446295	
483	1.000929	-0.000326	-1.034506	0.000326	1.000929	0.380956	
484	1.001010	-0.000384	-1.104815	0.000384	1.001010	0.348232	
485	1.000860	-0.000584	-0.966128	0.000584	1.000860	0.251703	
486	1.001682	-0.000923	-1.954047	0.000923	1.001682	0.761866	
487	1.000827	-0.000654	-1.019731	0.000654	1.000827	0.255012	
488	1.000808	-0.000503	-0.946719	0.000503	1.000808	0.384247	
489	1.000980	-0.000499	-1.107718	0.000499	1.000980	0.411445	
490	1.001079	-0.000593	-1.047297	0.000593	1.001079	0.337512	
491	1.001804	-0.000818	-1.913116	0.000818	1.001804	0.875168	
492	1.000648	-0.000631	-0.863882	0.000631	1.000648	0.201957	
493	1.000985	-0.000478	-0.958437	0.000478	1.000985	0.275540	
494	1.001256	-0.000405	-1.167662	0.000405	1.001256	0.170038	
495	1.001158	-0.000305	-1.028942	0.000305	1.001158	0.198651	
496	1.002499	-0.000558	-2.192722	0.000558	1.002499	0.396908	
497	1.001222	-0.000335	-1.013452	0.000335	1.001222	0.272208	
498	1.001259	-0.000275	-1.180098	0.000275	1.001259	0.274020	
499	1.001200	-0.000301	-1.170817	0.000301	1.001200	0.282263	
500	1.001228	-0.000224	-1.311941	0.000224	1.001228	0.281606	
501	1.002201	-0.000388	-3.033633	0.000388	1.002201	0.218498	
502	1.000839	-0.000117	-1.580485	0.000117	1.000839	0.198383	
503	1.000900	-0.000122	-1.832707	0.000122	1.000900	0.111578	
504	1.000692	-0.000135	-1.801118	0.000135	1.000692	0.094823	
505	1.000345	-0.000114	-1.742202	0.000114	1.000345	0.187044	
506	0.999477	-0.000323	-3.797706	0.000323	0.999477	0.255040	
507	0.999217	-0.000068	-2.149991	0.000068	0.999217	0.132893	
508	0.998939	-0.000125	-2.427329	0.000125	0.998939	-0.034232	
509	0.998786	-0.000051	-2.817344	0.000051	0.998786	-0.047116	
510	0.998364	-0.000208	-3.181231	0.000208	0.998364	-0.094809	
511	0.998095	-0.000223	-3.493387	0.000223	0.998095	-0.032131	
512	1.000117	0.000255	-12.704157	-0.000255	1.000117	-0.100846	
513	0.997513	-0.000130	-4.727110	0.000130	0.997513	0.118843	
514	0.999839	0.000487	-7.658860	-0.000487	0.999839	0.108537	
515	0.999878	0.000433	-8.106346	-0.000433	0.999878	0.171508	
516	0.999651	0.000385	-8.556620	-0.000385	0.999651	0.159479	
517	1.000584	0.000709	-19.132563	-0.000709	1.000584	0.279289	
518	0.994311	-0.000706	-4.601337	0.000706	0.994311	0.313715	
519	0.999643	0.000358	-9.983345	-0.000358	0.999643	0.042740	
520	0.999546	0.000568	-10.303890	-0.000568	0.999546	0.100523	
521	0.999325	0.000729	-10.262397	-0.000729	0.999325	0.159922	
522	0.999747	0.000813	-22.270795	-0.000813	0.999747	-0.094168	
523	0.999745	0.000754	-11.323784	-0.000754	0.999745	0.006904	
524	0.999722	0.000768	-11.657923	-0.000768	0.999722	-0.040910	
525	0.999814	0.000676	-12.116693	-0.000676	0.999814	-0.178707	
526	0.999862	0.000742	-12.774686	-0.000742	0.999862	-0.215599	
527	1.000574	0.000850	-28.903802	-0.000850	1.000574	-0.611648	
528	0.999773	0.000876	-15.311100	-0.000876	0.999773	0.146498	
529	1.000095	0.000900	-16.606537	-0.000900	1.000095	0.102338	
530	0.999962	0.001127	-17.768426	-0.001127	0.999962	0.280871	
531	0.999833	0.001416	-18.557096	-0.001416	0.999833	0.524450	
532	0.995537	0.003810	-36.881827	-0.003810	0.995537	2.832642	
533	1.000148	0.001029	-22.247553	-0.001029	1.000148	0.042543	
534	0.999022	0.001382	-22.251406	-0.001382	0.999022	0.450786	
535	0.999512	0.001488	-23.680411	-0.001488	0.999512	0.340430	
536	0.999589	0.001791	-24.819100	-0.001791	0.999589	0.482254	
537	0.994890	0.005453	-48.604951	-0.005453	0.994890	3.613822	
538	0.996914	0.002629	-24.882392	-0.002629	0.996914	1.822402	
539	0.996575	0.003130	-25.166794	-0.003130	0.996575	2.310608	
540	0.997651	0.002248	-26.517241	-0.002248	0.997651	1.407137	
541	0.997285	0.002435	-26.720390	-0.002435	0.997285	1.676549	
542	0.993730	0.002587	-54.075963	-0.002587	0.993730	1.661488	
543	0.997034	0.002190	-26.880982	-0.002190	0.997034	1.266516	
544	0.995895	0.002890	-25.616161	-0.002890	0.995895	2.006507	
545	0.995762	0.003197	-25.105289	-0.003197	0.995762	2.178395	
546	0.996116	0.003637	-25.187972	-0.003637	0.996116	2.329793	
547	0.992874	0.003496	-50.924513	-0.003496	0.992874	2.481086	
548	0.995103	0.003604	-23.087364	-0.003604	0.995103	2.533711	
549	0.999300	0.002096	-25.819631	-0.002096	0.999300	0.600424	
550	0.994206	0.003546	-21.472092	-0.003546	0.994206	2.399066	
551	0.995989	0.001925	-22.686599	-0.001925	0.995989	0.774568	
552	0.992170	0.002066	-44.550888	-0.002066	0.992170	0.920321	
553	0.995260	0.002082	-20.613670	-0.002082	0.995260	1.184172	
554	0.996366	0.003053	-20.432515	-0.003053	0.996366	1.851352	
555	0.994144	0.003455	-18.504339	-0.003455	0.994144	2.528383	
556	0.996132	0.002612	-19.415558	-0.002612	0.996132	1.518668	
557	0.983791	0.004009	-30.634381	-0.004009	0.983791	3.958846	
558	0.992357	0.002775	-14.724749	-0.002775	0.992357	2.559078	
559	0.993254	0.001902	-14.933617	-0.001902	0.993254	1.571673	
560	0.996852	0.001323	-17.485989	-0.001323	0.996852	0.727395	
561	0.996438	0.001932	-16.667401	-0.001932	0.996438	1.359229	
562	0.982054	0.007035	-23.278900	-0.007035	0.982054	7.896464	
563	0.996770	0.001945	-16.074764	-0.001945	0.996770	1.551922	
564	0.995190	0.002933	-14.145093	-0.002933	0.995190	2.779843	
565	0.993253	0.003487	-11.889543	-0.003487	0.993253	3.842128	
566	0.996651	0.001786	-14.580959	-0.001786	0.996651	1.711780	
567	0.984290	0.004901	-19.772946	-0.004901	0.984290	6.703625	
568	0.992246	0.002978	-8.899276	-0.002978	0.992246	3.690883	
569	0.994619	0.002483	-10.237835	-0.002483	0.994619	2.861037	
570	0.994076	0.002435	-9.213392	-0.002435	0.994076	2.899741	
571	0.996344	0.002013	-10.559956	-0.002013	0.996344	2.097595	
572	0.985206	0.005242	-13.125368	-0.005242	0.985206	7.022526	
573	0.996466	0.001672	-8.882034	-0.001672	0.996466	1.915119	
574	0.988634	-0.000495	-0.640003	0.000495	0.988634	1.378644	
575	0.996688	0.000987	-8.250152	-0.000987	0.996688	1.382988	
576	0.997235	0.000787	-8.296978	-0.000787	0.997235	1.166598	
577	0.995746	0.000555	-17.298514	-0.000555	0.995746	1.618297	
578	0.990091	0.000526	-0.588278	-0.000526	0.990091	1.840758	
579	0.990702	0.001038	-0.737979	-0.001038	0.990702	2.027154	
580	0.991862	0.001239	-1.491277	-0.001239	0.991862	2.015100	
581	0.996991	0.000896	-6.270852	-0.000896	0.996991	1.242329	
582	0.996760	0.000113	-14.175024	-0.000113	0.996760	0.957915	
583	0.993223	0.000348	-1.593829	-0.000348	0.993223	1.113332	
584	0.993829	0.000391	-1.513664	-0.000391	0.993829	0.998628	
585	0.993482	0.000143	-1.612671	-0.000143	0.993482	0.814222	
586	0.995068	0.000535	-2.137432	-0.000535	0.995068	0.885205	
587	0.984619	0.000617	2.104938	-0.000617	0.984619	2.125122	
588	0.996377	0.000321	-2.834744	-0.000321	0.996377	0.750498	
589	0.996310	0.000387	-2.647849	-0.000387	0.996310	0.761773	
590	0.995105	0.001047	-1.354207	-0.001047	0.995105	1.381676	
591	0.998459	0.000461	-4.754031	-0.000461	0.998459	0.504359	
592	0.986391	-0.000516	1.179995	0.000516	0.986391	0.952730	
593	0.994148	0.000134	-0.816626	-0.000134	0.994148	0.675943	
594	0.996155	-0.000009	-2.516686	0.000009	0.996155	0.456701	
595	0.996752	0.000234	-3.403736	-0.000234	0.996752	0.579379	
596	0.995445	0.000773	-1.940529	-0.000773	0.995445	1.088731	
597	0.999749	0.000148	-13.540168	-0.000148	0.999749	0.157948	
598	0.995265	0.001193	-1.939887	-0.001193	0.995265	1.524394	
599	0.996421	0.000295	-3.028833	-0.000295	0.996421	0.740190	
600	0.996757	0.000297	-3.675229	-0.000297	0.996757	0.752051	
601	0.996984	0.000139	-4.033918	-0.000139	0.996984	0.582533	
602	0.984039	-0.000510	2.029058	0.000510	0.984039	1.154042	
603	0.994374	0.000255	-1.579711	-0.000255	0.994374	0.771399	
604	0.994438	0.000390	-1.429369	-0.000390	0.994438	1.021261	
605	0.996051	0.000104	-3.312407	-0.000104	0.996051	0.553234	
606	0.993880	0.000337	-0.944054	-0.000337	0.993880	1.019800	
607	0.986543	0.000318	-1.243825	-0.000318	0.986543	1.692565	
608	0.998779	0.001175	-5.661458	-0.001175	0.998779	0.995154	
609	0.997456	0.000415	-4.572662	-0.000415	0.997456	0.565832	
610	0.994304	0.000261	-1.590107	-0.000261	0.994304	0.737303	
611	0.994183	0.000488	-1.090646	-0.000488	0.994183	1.002860	
612	0.985380	-0.000399	0.336335	0.000399	0.985380	1.060348	
613	0.995024	0.000998	-1.595532	-0.000998	0.995024	1.311952	
614	0.995678	0.001227	-2.005247	-0.001227	0.995678	1.420156	
615	0.996604	0.000425	-3.022088	-0.000425	0.996604	0.571353	
616	0.998068	0.000768	-4.303454	-0.000768	0.998068	0.782699	
617	0.985841	-0.000078	1.324963	0.000078	0.985841	1.066823	
618	0.994432	0.000598	-0.596588	-0.000598	0.994432	1.181423	
619	0.995057	0.000482	-1.482886	-0.000482	0.995057	0.982262	
620	0.995124	0.000493	-1.540656	-0.000493	0.995124	0.928600	
621	0.995026	0.000410	-1.500006	-0.000410	0.995026	0.817893	
622	0.988455	0.000354	-1.894626	-0.000354	0.988455	1.436729	
623	0.995153	0.001058	-1.512508	-0.001058	0.995153	1.246304	
624	0.998550	0.001208	-4.717528	-0.001208	0.998550	0.749484	
625	0.995502	0.001011	-1.773717	-0.001011	0.995502	0.863059	
626	0.994999	0.000749	-1.510363	-0.000749	0.994999	0.638664	
627	0.986927	0.000747	0.727780	-0.000747	0.986927	0.993520	
628	0.996837	0.000390	-2.571731	-0.000390	0.996837	0.242508	
629	0.995890	0.000893	-1.589254	-0.000893	0.995890	0.665331	
630	0.996867	0.000660	-2.273603	-0.000660	0.996867	0.260871	
631	0.996584	0.001251	-1.636567	-0.001251	0.996584	0.712597	
632	0.989636	0.001800	0.419928	-0.001800	0.989636	0.988345	
633	0.997604	0.001447	-1.518989	-0.001447	0.997604	0.237092	
634	0.997849	0.001511	-1.266091	-0.001511	0.997849	0.231811	
635	0.998109	0.001480	-1.013492	-0.001480	0.998109	0.115541	
636	0.998524	0.001388	-1.023282	-0.001388	0.998524	-0.064210	
637	0.996485	0.001573	-1.125857	-0.001573	0.996485	-1.056684	
638	0.999146	0.001163	-0.494490	-0.001163	0.999146	-0.196721	
639	0.999301	0.001031	-0.298532	-0.001031	0.999301	-0.271612	
640	0.999127	0.001182	0.053828	-0.001182	0.999127	-0.107114	
641	0.998902	0.001117	0.383152	-0.001117	0.998902	-0.090556	
642	0.998649	0.001820	0.425252	-0.001820	0.998649	-0.603784	
643	0.999026	0.001369	0.806841	-0.001369	0.999026	0.083612	
644	0.999081	0.001383	0.797518	-0.001383	0.999081	0.098323	
645	0.999212	0.001283	0.756947	-0.001283	0.999212	0.003879	
646	0.999172	0.001330	0.802826	-0.001330	0.999172	-0.019303	
647	0.998452	0.002118	1.278495	-0.002118	0.998452	-0.637268	
648	0.999293	0.001443	1.049771	-0.001443	0.999293	-0.073500	
649	0.999121	0.001245	1.332957	-0.001245	0.999121	-0.185682	
650	0.999297	0.001199	1.338539	-0.001199	0.999297	-0.252431	
651	0.999447	0.001252	1.417623	-0.001252	0.999447	-0.199710	
652	1.000128	0.002348	1.820885	-0.002348	1.000128	-0.518539	
653	0.999827	0.001235	1.531994	-0.001235	0.999827	-0.180565	
654	0.999963	0.001261	1.694972	-0.001261	0.999963	-0.225137	
655	0.999994	0.001208	1.869777	-0.001208	0.999994	-0.343530	
656	0.999953	0.001226	2.182142	-0.001226	0.999953	-0.483772	
657	0.996103	0.000423	8.821761	-0.000423	0.996103	-2.643186	
658	1.000680	0.001254	2.281355	-0.001254	1.000680	-0.495390	
659	1.000089	0.001366	3.141349	-0.001366	1.000089	-0.423504	
660	1.000547	0.001469	3.131869	-0.001469	1.000547	-0.425427	
661	1.002125	0.001607	2.013833	-0.001607	1.002125	-0.341816	
662	1.008904	0.003246	-0.271492	-0.003246	1.008904	-0.407180	
663	0.999626	0.001356	4.915636	-0.001356	0.999626	-0.175036	
664	1.003284	0.001483	1.699213	-0.001483	1.003284	-0.210142	
665	1.003117	0.001533	1.965386	-0.001533	1.003117	-0.199527	
666	1.003387	0.001374	1.828474	-0.001374	1.003387	-0.324207	
667	0.999150	0.002115	11.925482	-0.002115	0.999150	-0.662864	
668	0.997194	0.000270	8.401037	-0.000270	0.997194	-0.734027	
669	0.997377	0.000169	8.297812	-0.000169	0.997377	-0.715550	
670	0.997302	0.000196	8.672997	-0.000196	0.997302	-0.701270	
671	1.005767	0.001361	0.669528	-0.001361	1.005767	-0.277980	
672	0.998459	0.001147	15.072787	-0.001147	0.998459	-1.112273	
673	0.997916	0.000104	9.049582	-0.000104	0.997916	-0.596442	
674	0.997421	0.000624	9.891140	-0.000624	0.997421	-0.082142	
675	0.997845	0.000333	9.750605	-0.000333	0.997845	-0.197169	
676	0.998020	0.000102	9.764339	-0.000102	0.998020	-0.339911	
677	0.997711	0.000002	10.241138	-0.000002	0.997711	-0.295559	
678	0.995322	0.000694	21.451774	-0.000694	0.995322	-0.287288	
679	0.997846	-0.000312	10.951181	0.000312	0.997846	-0.463553	
680	0.997629	-0.000290	11.383654	0.000290	0.997629	-0.352686	
681	0.997473	-0.000657	11.597521	0.000657	0.997473	-0.627279	
682	0.997200	-0.000189	12.112138	0.000189	0.997200	-0.298960	
683	0.996752	0.000208	23.338836	-0.000208	0.996752	-0.237599	
684	0.997869	0.000558	12.452425	-0.000558	0.997869	0.355303	
685	0.998142	0.000503	12.583960	-0.000503	0.998142	0.236556	
686	0.997834	0.000391	12.992920	-0.000391	0.997834	0.219745	
687	0.998413	-0.000142	12.659482	0.000142	0.998413	-0.121372	
688	0.997473	0.000713	25.479645	-0.000713	0.997473	0.509677	
689	0.998694	0.000048	12.980885	-0.000048	0.998694	0.188096	
690	0.999119	-0.000216	12.998776	0.000216	0.999119	-0.009323	
691	0.998753	-0.000172	13.518206	0.000172	0.998753	0.037469	
692	0.998328	-0.000115	14.189368	0.000115	0.998328	0.055855	
693	0.998354	-0.000373	27.269241	0.000373	0.998354	-0.327413	
694	0.998271	-0.000420	14.663249	0.000420	0.998271	-0.274082	
695	0.998402	-0.000697	14.661178	0.000697	0.998402	-0.459242	
696	0.998737	-0.000561	14.293078	0.000561	0.998737	-0.394163	
697	0.998147	-0.001035	15.452747	0.001035	0.998147	-0.576657	
698	0.996876	-0.001151	30.305468	0.001151	0.996876	-0.965874	
699	0.998670	-0.001090	14.896512	0.001090	0.998670	-0.841111	
700	0.999357	-0.000819	14.497121	0.000819	0.999357	-0.819730	
701	0.999264	-0.000924	14.487071	0.000924	0.999264	-0.874926	
702	0.999355	-0.001176	14.320244	0.001176	0.999355	-0.985521	
703	0.995382	-0.000987	31.499083	0.000987	0.995382	-1.009266	
704	0.999282	-0.001172	14.106287	0.001172	0.999282	-0.953396	
705	0.998845	-0.002544	13.980697	0.002544	0.998845	-1.505104	
706	0.999004	-0.001049	14.205743	0.001049	0.999004	-0.657291	
707	0.999256	-0.001483	13.845784	0.001483	0.999256	-0.917664	
708	0.995716	-0.001070	31.028773	0.001070	0.995716	0.407221	
709	1.000085	-0.001580	13.473335	0.001580	1.000085	-0.341070	
710	0.999351	-0.001447	14.223545	0.001447	0.999351	0.085623	
711	1.000314	-0.001581	13.461043	0.001581	1.000314	0.022525	
712	1.000907	-0.001994	12.898284	0.001994	1.000907	-0.239286	
713	1.004344	-0.002222	24.291621	0.002222	1.004344	0.414598	
714	1.000871	-0.002348	13.304079	0.002348	1.000871	-0.746241	
715	1.000264	-0.001531	13.933883	0.001531	1.000264	0.150281	
716	1.004028	-0.002780	10.565091	0.002780	1.004028	-1.254053	
717	0.999844	-0.001996	15.070094	0.001996	0.999844	0.179299	
718	1.007444	-0.003251	23.982164	0.003251	1.007444	0.755141	
719	1.000144	-0.002406	15.620491	0.002406	1.000144	0.248197	
720	1.000794	-0.002473	15.245667	0.002473	1.000794	0.188310	
721	1.002915	-0.003139	12.811666	0.003139	1.002915	-0.614133	
722	1.000770	-0.002143	15.138886	0.002143	1.000770	0.557267	
723	1.003011	-0.004125	28.432051	0.004125	1.003011	0.708233	
724	1.000744	-0.002086	14.189725	0.002086	1.000744	0.508688	
725	1.002594	-0.004324	12.108688	0.004324	1.002594	-1.453720	
726	1.001413	-0.002759	13.291808	0.002759	1.001413	0.099986	
727	1.000793	-0.002751	13.517103	0.002751	1.000793	0.238736	
728	1.000308	-0.005236	28.091991	0.005236	1.000308	0.299984	
729	1.001237	-0.003443	12.680771	0.003443	1.001237	-0.698060	
730	1.001123	-0.003551	12.499618	0.003551	1.001123	-0.778832	
731	1.001259	-0.004016	12.323285	0.004016	1.001259	-1.403679	
732	1.001304	-0.003486	12.226730	0.003486	1.001304	-0.704141	
733	1.005504	-0.008647	22.493014	0.008647	1.005504	-3.846714	
734	1.002483	-0.003420	11.125927	0.003420	1.002483	-0.834006	
735	1.001869	-0.003144	11.238982	0.003144	1.001869	-0.305699	
736	1.001757	-0.003054	10.963267	0.003054	1.001757	-0.301785	
737	1.002543	-0.003447	10.169432	0.003447	1.002543	-0.893880	
738	1.006838	-0.003519	19.644165	0.003519	1.006838	0.660960	
739	1.001994	-0.002379	10.180940	0.002379	1.001994	0.095509	
740	1.002036	-0.002510	9.900142	0.002510	1.002036	-0.039228	
741	1.002231	-0.002490	9.790672	0.002490	1.002231	-0.065890	
742	1.002818	-0.001995	9.648692	0.001995	1.002818	0.312404	
743	1.006413	-0.002108	18.736996	0.002108	1.006413	1.405968	
744	1.002504	-0.002368	8.847770	0.002368	1.002504	-0.339796	
745	1.002308	-0.002288	8.788411	0.002288	1.002308	-0.244926	
746	1.002373	-0.002120	8.610899	0.002120	1.002373	-0.087600	
747	1.002858	-0.002279	8.288067	0.002279	1.002858	-0.262181	
748	1.007197	-0.002273	16.010936	0.002273	1.007197	0.636027	
749	1.004652	-0.001464	6.600707	0.001464	1.004652	-0.116958	
750	1.003254	-0.001600	7.466061	0.001600	1.003254	0.047694	
751	1.003449	-0.001519	7.336443	0.001519	1.003449	-0.001828	
752	1.003196	-0.001524	7.389053	0.001524	1.003196	-0.010228	
753	1.008011	-0.001224	14.475355	0.001224	1.008011	0.668186	
754	1.003378	-0.000847	7.195212	0.000847	1.003378	0.197932	
755	1.002524	-0.001620	7.345245	0.001620	1.002524	-0.063443	
756	1.004087	-0.001027	6.349905	0.001027	1.004087	-0.079556	
757	1.004294	-0.000946	6.207726	0.000946	1.004294	0.003034	
758	1.009047	-0.000491	13.198439	0.000491	1.009047	0.619651	
759	1.004521	-0.000967	5.884047	0.000967	1.004521	-0.089774	
760	1.004303	-0.000949	6.029520	0.000949	1.004303	-0.116875	
761	1.003634	-0.001156	6.299591	0.001156	1.003634	-0.181149	
762	1.003234	-0.001261	6.384835	0.001261	1.003234	-0.146933	
763	1.009339	-0.000328	11.859405	0.000328	1.009339	0.562074	
764	1.004497	-0.000833	5.344595	0.000833	1.004497	-0.171673	
765	1.004061	-0.000863	5.544072	0.000863	1.004061	-0.170815	
766	1.004157	-0.000744	5.188474	0.000744	1.004157	-0.224207	
767	1.004705	-0.000529	4.927348	0.000529	1.004705	-0.214806	
768	1.008465	-0.000194	10.745565	0.000194	1.008465	-0.178778	
769	1.004179	-0.000425	4.940614	0.000425	1.004179	-0.291345	
770	1.004154	-0.000811	4.863558	0.000811	1.004154	-0.502570	
771	1.003143	-0.000670	5.527628	0.000670	1.003143	-0.354510	
772	1.003327	-0.000792	5.143980	0.000792	1.003327	-0.547595	
773	1.006878	-0.001001	10.817749	0.001001	1.006878	-0.769894	
774	1.003724	-0.000665	4.825078	0.000665	1.003724	-0.487008	
775	1.003966	-0.000368	4.398691	0.000368	1.003966	-0.392346	
776	1.004196	-0.000661	4.200156	0.000661	1.004196	-0.531337	
777	1.003702	-0.000495	4.273255	0.000495	1.003702	-0.465670	
778	1.007747	-0.000416	8.190152	0.000416	1.007747	-0.408409	
779	1.003670	-0.000709	3.584425	0.000709	1.003670	-0.310046	
780	1.003239	-0.000686	3.389292	0.000686	1.003239	-0.190167	
781	1.003554	-0.000767	2.967513	0.000767	1.003554	-0.283857	
782	1.003980	-0.000643	2.522955	0.000643	1.003980	-0.270674	
783	1.006706	-0.000611	4.677118	0.000611	1.006706	0.215198	
784	1.002587	-0.000642	2.261483	0.000642	1.002587	0.044573	
785	1.002081	-0.000644	2.102538	0.000644	1.002081	0.062554	
786	1.001857	-0.000456	2.147270	0.000456	1.001857	0.180618	
787	1.001421	-0.000442	2.286841	0.000442	1.001421	0.381935	
788	1.002813	-0.000457	3.997880	0.000457	1.002813	0.892842	
789	1.001011	-0.000405	2.066364	0.000405	1.001011	0.369967	
790	1.000938	-0.000517	1.875107	0.000517	1.000938	0.343130	
791	1.000576	-0.000364	1.900777	0.000364	1.000576	0.462329	
792	1.000688	-0.000443	1.589425	0.000443	1.000688	0.339300	
793	1.001149	-0.000366	2.392409	0.000366	1.001149	1.025630	
794	1.000239	-0.000363	0.988772	0.000363	1.000239	0.473043	
795	1.000092	-0.000344	0.726294	0.000344	1.000092	0.450099	
796	1.000117	-0.000329	0.535603	0.000329	1.000117	0.400414	
797	0.999954	-0.000231	0.567615	0.000231	0.999954	0.550065	
798	0.999981	-0.000352	0.446347	0.000352	0.999981	0.844198	
799	0.999812	-0.000186	0.031550	0.000186	0.999812	0.455575	
800	0.999772	-0.000186	-0.048693	0.000186	0.999772	0.380317	
801	0.999906	-0.000172	-0.147700	0.000172	0.999906	0.202910	
802	0.999823	-0.000156	-0.147992	0.000156	0.999823	0.169358	
803	0.999705	-0.000143	-0.244268	0.000143	0.999705	0.425885	
804	0.999789	-0.000156	-0.267737	0.000156	0.999789	0.096600	
805	0.999821	-0.000097	-0.322731	0.000097	0.999821	0.139359	
806	0.999926	-0.000031	-0.409903	0.000031	0.999926	0.137470	
807	0.999906	0.000018	-0.447888	-0.000018	0.999906	0.144216	
808	0.999834	0.000052	-1.087585	-0.000052	0.999834	0.266465	
809	0.999854	-0.000013	-0.625863	0.000013	0.999854	0.114968	
810	0.999862	-0.000017	-0.683438	0.000017	0.999862	0.054310	
811	0.999769	0.000082	-0.709729	-0.000082	0.999769	0.189079	
812	0.999805	-0.000067	-0.747477	0.000067	0.999805	0.074812	
813	0.999954	-0.000355	-2.150383	0.000355	0.999954	0.035580	
814	0.999827	-0.000142	-1.086922	0.000142	0.999827	0.066554	
815	0.999806	-0.000034	-1.208521	0.000034	0.999806	0.016914	
816	0.999777	0.000079	-1.473246	-0.000079	0.999777	0.048981	
817	0.999765	0.000126	-1.625103	-0.000126	0.999765	0.100038	
818	0.999879	0.000197	-4.232870	-0.000197	0.999879	0.345484	
819	0.999769	0.000157	-2.254142	-0.000157	0.999769	0.213049	
820	0.999752	0.000065	-2.466128	-0.000065	0.999752	0.112685	
821	0.999829	-0.000004	-2.568263	0.000004	0.999829	0.045458	
822	0.999815	0.000006	-2.538326	-0.000006	0.999815	0.015628	
823	0.999868	-0.000024	-5.570460	0.000024	0.999868	-0.057973	
824	0.999795	-0.000030	-2.739815	0.000030	0.999795	0.113541	
825	0.999813	0.000081	-2.695317	-0.000081	0.999813	0.177636	
826	0.999845	0.000113	-2.757801	-0.000113	0.999845	0.174840	
827	0.999796	0.000090	-2.795063	-0.000090	0.999796	0.060208	
828	0.999921	0.000144	-5.684081	-0.000144	0.999921	0.091043	
829	0.999807	0.000120	-2.833000	-0.000120	0.999807	0.043633	
830	0.999783	0.000094	-2.924628	-0.000094	0.999783	0.051118	
831	0.999788	0.000128	-2.946281	-0.000128	0.999788	0.066107	
832	0.999802	0.000104	-2.905709	-0.000104	0.999802	0.087685	
833	0.999986	0.000153	-6.586224	-0.000153	0.999986	0.077772	
834	0.999874	0.000078	-3.052117	-0.000078	0.999874	0.021319	
835	0.999812	0.000099	-2.953055	-0.000099	0.999812	0.082604	
836	0.999805	0.000093	-2.942917	-0.000093	0.999805	0.039946	
837	0.999781	0.000069	-2.907248	-0.000069	0.999781	0.047358	
838	1.000026	0.000217	-6.115320	-0.000217	1.000026	-0.073579	
839	0.999829	0.000102	-2.841142	-0.000102	0.999829	-0.020103	
840	0.999919	0.000117	-2.820404	-0.000117	0.999919	0.024242	
841	0.999910	0.000137	-2.778975	-0.000137	0.999910	0.001444	
842	0.999915	0.000148	-2.739398	-0.000148	0.999915	-0.045256	
843	0.999906	0.000149	-2.770591	-0.000149	0.999906	-0.154594	
844	0.999709	0.000360	-5.265809	-0.000360	0.999709	-0.317568	
845	0.999957	0.000243	-2.754211	-0.000243	0.999957	-0.111152	
846	1.000014	0.000276	-2.823051	-0.000276	1.000014	-0.148800	
847	1.000043	0.000294	-2.817933	-0.000294	1.000043	-0.143118	
848	1.000107	0.000270	-2.878168	-0.000270	1.000107	-0.157178	
849	1.000123	0.000401	-5.599968	-0.000401	1.000123	-0.325006	
