0	1.000000	0.000000	0.000000	0.000000	1.000000	0.000000	
1	1.000000	-0.000000	0.000000	0.000000	1.000000	0.000000	
2	0.994269	-0.002189	34.981534	0.002189	0.994269	-2.316022	
3	0.996406	-0.000849	17.821206	0.000849	0.996406	-0.828120	
4	0.996988	-0.001092	17.801848	0.001092	0.996988	-0.732905	
5	0.996691	-0.001049	17.956873	0.001049	0.996691	-0.525451	
6	0.996982	-0.001060	17.900289	0.001060	0.996982	-0.630346	
7	0.993277	-0.002541	36.876714	0.002541	0.993277	-1.004017	
8	0.998088	-0.001515	17.303165	0.001515	0.998088	-1.163134	
9	0.986911	0.001776	19.616318	-0.001776	0.986911	3.236980	
10	0.984805	0.002220	19.348725	-0.002220	0.984805	4.060737	
11	0.997195	-0.001299	18.058096	0.001299	0.997195	-0.548728	
12	0.994478	-0.002183	37.178556	0.002183	0.994478	-1.336210	
13	0.997406	-0.001430	18.748011	0.001430	0.997406	-1.065896	
14	0.998148	-0.001612	18.478731	0.001612	0.998148	-1.299017	
15	0.997897	-0.001671	18.801067	0.001671	0.997897	-1.145758	
16	0.998028	-0.001829	18.834997	0.001829	0.998028	-1.043115	
17	0.994376	-0.003126	38.483455	0.003126	0.994376	-0.849447	
18	0.997470	-0.001312	18.259356	0.001312	0.997470	0.128147	
19	0.997718	-0.001330	17.996023	0.001330	0.997718	0.168297	
20	0.997996	-0.001375	17.689981	0.001375	0.997996	0.046309	
21	0.998671	-0.001615	16.780428	0.001615	0.998671	-0.549989	
22	0.993750	-0.002649	36.000654	0.002649	0.993750	-0.680176	
23	0.997189	-0.001308	17.398773	0.001308	0.997189	-0.300147	
24	1.001772	-0.002491	14.273455	0.002491	1.001772	-2.098587	
25	0.999400	-0.001160	15.889374	0.001160	0.999400	-0.665427	
26	0.999833	-0.001208	15.445390	0.001208	0.999833	-0.928598	
27	0.994460	-0.002598	35.217888	0.002598	0.994460	-0.737060	
28	0.998301	-0.001873	16.710142	0.001873	0.998301	-1.060868	
29	0.998390	-0.001606	16.462335	0.001606	0.998390	-0.750486	
30	0.998754	-0.001714	15.989179	0.001714	0.998754	-0.857779	
31	0.998158	-0.001280	16.098710	0.001280	0.998158	-0.343659	
32	0.995342	-0.002141	34.061514	0.002141	0.995342	-0.180729	
33	0.998647	-0.001290	16.155450	0.001290	0.998647	-0.588206	
34	0.998473	-0.000715	15.860798	0.000715	0.998473	-0.230065	
35	0.999489	-0.000972	14.956192	0.000972	0.999489	-0.687257	
36	0.998616	-0.000853	15.274353	0.000853	0.998616	-0.405387	
37	0.995863	-0.002995	33.032765	0.002995	0.995863	-0.857369	
38	1.001643	-0.001869	12.739617	0.001869	1.001643	-1.614054	
39	0.999779	-0.001143	13.926275	0.001143	0.999779	-0.579320	
40	0.998750	-0.001236	14.617062	0.001236	0.998750	-0.262024	
41	0.998655	-0.000474	14.109451	0.000474	0.998655	0.314551	
42	0.995705	-0.002170	30.207550	0.002170	0.995705	0.083313	
43	0.999316	-0.000548	12.475649	0.000548	0.999316	0.073259	
44	0.996798	-0.002501	5.291654	0.002501	0.996798	-0.196442	
45	1.002177	-0.001329	8.453161	0.001329	1.002177	-1.182690	
46	0.999353	-0.000839	12.107304	0.000839	0.999353	-0.061283	
47	0.995036	-0.001481	27.579157	0.001481	0.995036	0.799871	
48	1.006601	-0.006714	3.286946	0.006714	1.006601	-7.661646	
49	0.999461	-0.000865	11.519770	0.000865	0.999461	-0.036915	
50	1.008190	-0.007811	3.042146	0.007811	1.008190	-9.300827	
51	0.993753	-0.002178	12.352466	0.002178	0.993753	0.256976	
52	0.994774	-0.001461	27.595695	0.001461	0.994774	0.724727	
53	1.007851	-0.005436	3.042367	0.005436	1.007851	-6.668536	
54	0.995800	-0.004328	13.433330	0.004328	0.995800	-2.017495	
55	0.997839	-0.001696	3.699371	0.001696	0.997839	-0.222979	
56	1.001155	-0.002054	9.029536	0.002054	1.001155	-1.709998	
57	0.995176	-0.001997	26.834256	0.001997	0.995176	0.158569	
58	1.008063	-0.006509	2.699211	0.006509	1.008063	-8.243723	
59	0.997203	-0.003041	12.472321	0.003041	0.997203	-1.486557	
60	0.998423	-0.000722	11.665923	0.000722	0.998423	0.184298	
61	1.007583	-0.006018	2.500677	0.006018	1.007583	-7.706410	
62	0.995980	-0.001729	24.715483	0.001729	0.995980	0.887812	
63	1.007619	-0.006546	1.329834	0.006546	1.007619	-9.226690	
64	0.997642	-0.001765	3.355924	0.001765	0.997642	-0.852326	
65	1.000539	-0.003266	2.622764	0.003266	1.000539	-3.204299	
66	1.004929	-0.006354	3.011613	0.006354	1.004929	-6.968943	
67	0.999622	-0.000119	0.399230	0.000119	0.999622	-0.657194	
68	0.999412	-0.001326	1.823916	0.001326	0.999412	-0.532993	
69	1.002743	-0.003634	2.507618	0.003634	1.002743	-3.659662	
70	1.006683	-0.006378	1.698000	0.006378	1.006683	-7.597360	
71	1.006891	-0.005237	0.263620	0.005237	1.006891	-7.430908	
72	1.000367	-0.000462	0.264293	0.000462	1.000367	-0.524418	
73	1.003613	-0.002815	0.704694	0.002815	1.003613	-3.774140	
74	1.000663	-0.004567	3.786387	0.004567	1.000663	-3.448591	
75	1.002143	-0.004244	2.701320	0.004244	1.002143	-3.874493	
76	0.997591	-0.004087	5.993938	0.004087	0.997591	-1.321040	
77	0.999871	-0.000465	0.551338	0.000465	0.999871	-0.274616	
78	1.001845	-0.004914	3.683707	0.004914	1.001845	-3.859663	
79	0.996352	-0.003327	6.657825	0.003327	0.996352	-0.391402	
80	0.997271	-0.002810	5.175451	0.002810	0.997271	-0.223584	
81	0.999689	-0.003372	3.726163	0.003372	0.999689	-1.853785	
82	0.999488	-0.000224	0.710751	0.000224	0.999488	0.352275	
83	1.001463	-0.004192	3.148300	0.004192	1.001463	-3.288965	
84	0.999644	-0.003082	3.896360	0.003082	0.999644	-1.756341	
85	0.996799	-0.002943	6.038264	0.002943	0.996799	-0.800485	
86	1.000895	-0.002348	1.868792	0.002348	1.000895	-2.029489	
87	1.000918	-0.002690	2.097977	0.002690	1.000918	-2.217397	
88	0.991445	-0.006688	12.073826	0.006688	0.991445	0.456015	
89	0.999125	-0.002365	3.477530	0.002365	0.999125	-0.799364	
90	0.998928	-0.002340	3.600883	0.002340	0.998928	-0.621379	
91	0.999647	-0.002409	2.942908	0.002409	0.999647	-0.980931	
92	1.000014	-0.002319	2.420123	0.002319	1.000014	-1.112231	
93	1.003280	-0.006457	2.959970	0.006457	1.003280	-5.824519	
94	0.998634	-0.001884	3.299437	0.001884	0.998634	-0.015326	
95	0.998694	-0.001891	3.185670	0.001891	0.998694	-0.024246	
96	0.998725	-0.001797	3.125945	0.001797	0.998725	0.013420	
97	0.998757	-0.001726	3.047813	0.001726	0.998757	-0.010501	
98	1.000612	-0.006162	4.706135	0.006162	1.000612	-3.540271	
99	0.998835	-0.001657	2.809640	0.001657	0.998835	-0.047220	
100	0.998797	-0.001636	2.768527	0.001636	0.998797	-0.020427	
101	0.998971	-0.001635	2.672711	0.001635	0.998971	-0.201747	
102	0.998976	-0.001584	2.617950	0.001584	0.998976	-0.203875	
103	0.999465	-0.001299	1.627000	0.001299	0.999465	-0.429455	
104	0.999100	-0.001344	2.233030	0.001344	0.999100	-0.132011	
105	0.999172	-0.001293	2.101873	0.001293	0.999172	-0.131367	
106	0.999273	-0.001195	1.940188	0.001195	0.999273	-0.148714	
107	0.999187	-0.001109	1.906758	0.001109	0.999187	0.006507	
108	0.998540	-0.002062	3.533459	0.002062	0.998540	-0.016239	
109	0.999231	-0.000888	1.610257	0.000888	0.999231	0.148955	
110	0.999237	-0.000873	1.568898	0.000873	0.999237	0.158204	
111	0.999346	-0.000814	1.436252	0.000814	0.999346	0.090086	
112	0.999328	-0.000769	1.355379	0.000769	0.999328	0.150177	
113	0.998690	-0.001423	2.572689	0.001423	0.998690	0.256644	
114	0.999481	-0.000648	1.065572	0.000648	0.999481	0.101357	
115	0.999489	-0.000638	1.052705	0.000638	0.999489	0.097251	
116	0.999525	-0.000632	1.000185	0.000632	0.999525	0.065538	
117	0.999661	-0.000629	0.868715	0.000629	0.999661	-0.068544	
118	0.999322	-0.001151	1.811509	0.001151	0.999322	-0.137081	
119	0.999715	-0.000492	0.676134	0.000492	0.999715	0.022664	
120	0.999684	-0.000495	0.697643	0.000495	0.999684	0.071675	
121	0.999628	-0.000480	0.712537	0.000480	0.999628	0.170864	
122	0.999606	-0.000495	0.733771	0.000495	0.999606	0.190182	
123	0.999373	-0.001194	1.809553	0.001194	0.999373	-0.206091	
124	0.999978	-0.000740	0.811620	0.000740	0.999978	-0.405285	
125	1.000280	-0.000806	0.589044	0.000806	1.000280	-0.701811	
126	1.000289	-0.000819	0.588889	0.000819	1.000289	-0.854027	
127	1.000305	-0.000800	0.596046	0.000800	1.000305	-0.883670	
128	1.000729	-0.001796	1.533262	0.001796	1.000729	-2.077051	
129	1.000676	-0.000900	0.435084	0.000900	1.000676	-1.206057	
130	1.000832	-0.000965	0.327702	0.000965	1.000832	-1.354984	
131	1.000639	-0.001047	0.592173	0.001047	1.000639	-1.312049	
132	1.000607	-0.001080	0.644815	0.001080	1.000607	-1.261410	
133	1.001028	-0.002373	1.818148	0.002373	1.001028	-2.866477	
134	1.000456	-0.001115	0.784142	0.001115	1.000456	-1.217077	
135	1.000427	-0.001124	0.847295	0.001124	1.000427	-1.239387	
136	1.000333	-0.001179	1.029476	0.001179	1.000333	-1.245609	
137	1.000222	-0.001142	1.069543	0.001142	1.000222	-1.118387	
138	1.000049	-0.002120	2.270605	0.002120	1.000049	-1.825473	
139	1.000258	-0.001053	0.920687	0.001053	1.000258	-1.051913	
140	1.000461	-0.000963	0.655299	0.000963	1.000461	-1.155235	
141	1.000603	-0.000789	0.386034	0.000789	1.000603	-1.156045	
142	1.000655	-0.000807	0.263415	0.000807	1.000655	-1.226950	
143	1.000829	-0.001473	0.849347	0.001473	1.000829	-2.226682	
144	1.000487	-0.000760	0.281516	0.000760	1.000487	-1.139192	
145	1.000393	-0.000846	0.410961	0.000846	1.000393	-1.112584	
146	1.000268	-0.000860	0.502062	0.000860	1.000268	-0.997326	
147	1.000204	-0.000721	0.483694	0.000721	1.000204	-0.826179	
148	0.999604	-0.001318	1.612650	0.001318	0.999604	-1.066760	
149	0.999865	-0.000344	0.576639	0.000344	0.999865	-0.231321	
150	0.999879	-0.000164	0.446522	0.000164	0.999879	-0.079381	
151	0.999823	-0.000033	0.386993	0.000033	0.999823	0.132627	
152	0.999704	-0.000032	0.458623	0.000032	0.999704	0.247526	
153	0.999193	-0.000462	1.222594	0.000462	0.999193	0.275959	
154	0.999905	-0.000158	0.280895	0.000158	0.999905	-0.051685	
155	1.000074	-0.000215	0.168157	0.000215	1.000074	-0.194714	
156	0.999981	-0.000244	0.257035	0.000244	0.999981	-0.159596	
157	0.999834	-0.000137	0.276649	0.000137	0.999834	0.007303	
158	0.999345	-0.000131	0.749392	0.000131	0.999345	0.280667	
159	0.999682	-0.000060	0.324772	0.000060	0.999682	0.131990	
160	0.999820	-0.000116	0.229578	0.000116	0.999820	-0.044756	
161	0.999832	-0.000170	0.254634	0.000170	0.999832	-0.085494	
162	0.999822	-0.000148	0.203122	0.000148	0.999822	-0.046740	
163	0.999605	-0.000049	0.371174	0.000049	0.999605	0.128428	
164	0.999668	0.000115	0.241222	-0.000115	0.999668	0.253288	
165	0.999515	0.000109	0.357870	-0.000109	0.999515	0.369657	
166	0.999557	0.000005	0.374366	-0.000005	0.999557	0.303397	
167	0.999646	-0.000044	0.346815	0.000044	0.999646	0.262753	
168	0.999170	0.000156	0.577691	-0.000156	0.999170	0.782879	
169	0.999465	0.000129	0.426342	-0.000129	0.999465	0.484252	
170	0.999445	0.000137	0.444665	-0.000137	0.999445	0.428707	
171	0.999478	0.000191	0.366688	-0.000191	0.999478	0.448045	
172	1.000222	0.000065	-0.079213	-0.000065	1.000222	0.475401	
173	0.999246	-0.000232	0.813920	0.000232	0.999246	0.279630	
174	0.999964	0.000192	0.089724	-0.000192	0.999964	0.570085	
175	0.999698	0.000104	0.304768	-0.000104	0.999698	0.422949	
176	0.999670	0.000151	0.371461	-0.000151	0.999670	0.380878	
177	0.999709	0.000168	0.290075	-0.000168	0.999709	0.336498	
178	0.999842	0.000294	0.156980	-0.000294	0.999842	0.321133	
179	0.999975	0.000171	0.042474	-0.000171	0.999975	0.171780	
180	1.000007	0.000162	0.009101	-0.000162	1.000007	0.140680	
181	0.999941	0.000127	0.011557	-0.000127	0.999941	0.131142	
182	0.999892	0.000110	0.046786	-0.000110	0.999892	0.145149	
183	0.999544	0.000160	0.468951	-0.000160	0.999544	0.280302	
184	0.999744	0.000022	0.305276	-0.000022	0.999744	0.118122	
185	0.999776	0.000027	0.250521	-0.000027	0.999776	0.130640	
186	0.999841	0.000037	0.183520	-0.000037	0.999841	0.096083	
187	0.999828	0.000072	0.201460	-0.000072	0.999828	0.141543	
188	0.999725	0.000095	0.451261	-0.000095	0.999725	0.238968	
189	0.999874	0.000118	0.199826	-0.000118	0.999874	0.156683	
190	0.999917	0.000127	0.173968	-0.000127	0.999917	0.166191	
191	0.999946	0.000066	0.185943	-0.000066	0.999946	0.103864	
192	0.999916	0.000048	0.246616	-0.000048	0.999916	0.077671	
193	0.999849	0.000091	0.463749	-0.000091	0.999849	0.138479	
194	0.999962	0.000070	0.147654	-0.000070	0.999962	0.074060	
195	0.999870	0.000071	0.227693	-0.000071	0.999870	0.139621	
196	0.999862	0.000014	0.277273	-0.000014	0.999862	0.096742	
197	0.999871	-0.000062	0.254942	0.000062	0.999871	0.062171	
198	0.999833	0.000031	0.302819	-0.000031	0.999833	0.251331	
199	0.999951	-0.000055	0.103490	0.000055	0.999951	0.036595	
200	0.999994	-0.000033	0.070359	0.000033	0.999994	0.054290	
201	0.999979	0.000018	0.040454	-0.000018	0.999979	0.140951	
202	1.000026	0.000130	-0.139433	-0.000130	1.000026	0.221796	
203	0.999842	0.000300	0.127884	-0.000300	0.999842	0.576013	
204	1.000032	0.000087	-0.093718	-0.000087	1.000032	0.158189	
205	1.000098	0.000026	-0.111268	-0.000026	1.000098	-0.004758	
206	1.000059	0.000047	-0.111820	-0.000047	1.000059	0.001236	
207	1.000022	0.000066	-0.115845	-0.000066	1.000022	0.056993	
208	0.999862	0.000140	0.028283	-0.000140	0.999862	0.217478	
209	0.999950	0.000115	-0.077329	-0.000115	0.999950	0.265383	
210	0.999963	0.000196	-0.117876	-0.000196	0.999963	0.390668	
211	0.999906	0.000221	-0.054693	-0.000221	0.999906	0.460705	
212	0.999911	0.000160	-0.007244	-0.000160	0.999911	0.333142	
213	0.999875	0.000141	0.118318	-0.000141	0.999875	0.269333	
214	0.999988	-0.000072	0.038545	0.000072	0.999988	0.011352	
215	1.000013	-0.000198	0.069292	0.000198	1.000013	-0.119873	
216	0.999995	-0.000150	0.019314	0.000150	0.999995	-0.050786	
217	1.000009	-0.000178	0.013233	0.000178	1.000009	-0.113024	
218	1.000125	-0.000140	-0.043484	0.000140	1.000125	-0.178412	
219	0.999930	0.000137	0.020769	-0.000137	0.999930	0.104338	
220	0.999914	0.000125	0.121235	-0.000125	0.999914	0.095980	
221	1.000009	0.000142	0.046996	-0.000142	1.000009	0.060589	
222	0.999967	0.000158	0.201448	-0.000158	0.999967	0.137636	
223	1.000011	-0.000139	0.285772	0.000139	1.000011	-0.014199	
224	0.999983	0.000188	0.179026	-0.000188	0.999983	0.077575	
225	0.999919	-0.000008	0.315998	0.000008	0.999919	0.064913	
226	0.999932	-0.000048	0.330262	0.000048	0.999932	-0.019681	
227	0.999924	0.000074	0.214108	-0.000074	0.999924	0.026946	
228	0.999854	-0.000260	0.290871	0.000260	0.999854	-0.079636	
229	0.999886	-0.000024	0.145130	0.000024	0.999886	-0.100786	
230	0.999865	-0.000015	0.140451	0.000015	0.999865	-0.038358	
231	0.999911	-0.000049	0.147864	0.000049	0.999911	-0.053027	
232	0.999928	-0.000181	0.145901	0.000181	0.999928	-0.164985	
233	0.999888	-0.000137	0.104711	0.000137	0.999888	0.076258	
234	0.999860	0.000140	0.099945	-0.000140	0.999860	0.178407	
235	0.999840	0.000302	0.094654	-0.000302	0.999840	0.364250	
236	0.999636	0.000276	0.268779	-0.000276	0.999636	0.329207	
237	0.999648	0.000171	0.337231	-0.000171	0.999648	0.239889	
238	0.999169	-0.000234	0.603636	0.000234	0.999169	0.062581	
239	0.999942	-0.000029	0.172337	0.000029	0.999942	0.001103	
240	1.000018	0.000025	0.056888	-0.000025	1.000018	-0.046396	
241	1.000048	0.000103	-0.065170	-0.000103	1.000048	-0.003601	
242	0.999849	0.000230	0.016600	-0.000230	0.999849	0.183701	
243	0.999562	0.000278	0.242020	-0.000278	0.999562	0.650507	
244	0.999932	0.000206	0.010357	-0.000206	0.999932	0.054319	
245	1.000021	0.000062	-0.021861	-0.000062	1.000021	-0.151216	
246	1.000060	0.000066	-0.048061	-0.000066	1.000060	-0.147870	
247	1.000051	0.000012	-0.019827	-0.000012	1.000051	-0.146298	
248	0.999877	0.000205	-0.096806	-0.000205	0.999877	0.426418	
249	0.999933	0.000221	-0.027343	-0.000221	0.999933	0.394739	
250	0.999917	0.000291	-0.015377	-0.000291	0.999917	0.450654	
251	0.999863	0.000346	-0.052464	-0.000346	0.999863	0.491097	
252	0.999864	0.000482	-0.244132	-0.000482	0.999864	0.491962	
253	0.999851	0.000477	-0.293856	-0.000477	0.999851	0.531661	
254	0.999820	0.000448	-0.205874	-0.000448	0.999820	0.825151	
255	0.999900	0.000166	-0.132412	-0.000166	0.999900	0.443255	
256	0.999877	0.000119	-0.120105	-0.000119	0.999877	0.385885	
257	0.999935	0.000133	-0.187276	-0.000133	0.999935	0.215201	
258	0.999927	0.000138	-0.234131	-0.000138	0.999927	0.136699	
259	1.000491	0.000085	-0.470063	-0.000085	1.000491	0.051844	
260	1.000035	0.000176	-0.312360	-0.000176	1.000035	0.191007	
261	1.000011	0.000171	-0.292017	-0.000171	1.000011	0.267475	
262	0.999910	0.000197	-0.177255	-0.000197	0.999910	0.396046	
263	0.999721	0.000259	-0.117137	-0.000259	0.999721	0.449210	
264	1.000133	0.000202	-0.262434	-0.000202	1.000133	0.552208	
265	0.999760	0.000235	-0.183582	-0.000235	0.999760	0.331423	
266	0.999964	0.000202	-0.185720	-0.000202	0.999964	0.249719	
267	0.999999	0.000171	-0.233304	-0.000171	0.999999	0.209314	
268	1.000076	0.000140	-0.223882	-0.000140	1.000076	0.249373	
269	1.000324	0.000398	-0.454686	-0.000398	1.000324	0.742052	
270	0.999603	0.000272	-0.078601	-0.000272	0.999603	0.959382	
271	0.999652	0.000338	-0.175156	-0.000338	0.999652	1.109739	
272	0.999790	0.000398	-0.229410	-0.000398	0.999790	1.142100	
273	0.999706	0.000303	-0.126264	-0.000303	0.999706	1.182964	
274	0.999723	0.000348	-0.052087	-0.000348	0.999723	1.932172	
275	0.999865	0.000158	-0.129559	-0.000158	0.999865	0.686030	
276	1.000407	0.000181	-0.465259	-0.000181	1.000407	0.227758	
277	1.000453	0.000119	-0.539144	-0.000119	1.000453	-0.042359	
278	1.000708	0.000066	-0.700565	-0.000066	1.000708	-0.473721	
279	1.001894	-0.000231	-1.104615	0.000231	1.001894	-1.574637	
280	1.000853	-0.000175	-0.378364	0.000175	1.000853	-0.871910	
281	1.000871	-0.000189	-0.379618	0.000189	1.000871	-0.840578	
282	1.001135	-0.000148	-0.597274	0.000148	1.001135	-1.020486	
283	1.001100	-0.000116	-0.449664	0.000116	1.001100	-1.063941	
284	1.002563	-0.000731	-0.785011	0.000731	1.002563	-3.187611	
285	1.001009	-0.000251	-0.542763	0.000251	1.001009	-1.357640	
286	1.000571	-0.000265	-0.188693	0.000265	1.000571	-1.132623	
287	1.000530	-0.000231	-0.188005	0.000231	1.000530	-1.039997	
288	1.000488	-0.000253	-0.181689	0.000253	1.000488	-1.031654	
289	1.001118	-0.000383	-0.358936	0.000383	1.001118	-2.051752	
290	1.000682	-0.000156	-0.551152	0.000156	1.000682	-0.965519	
291	1.000537	-0.000189	-0.356865	0.000189	1.000537	-0.943591	
292	1.000061	-0.000239	0.051478	0.000239	1.000061	-0.623358	
293	0.999695	-0.000329	0.303917	0.000329	0.999695	-0.601142	
294	0.999077	-0.000322	0.881352	0.000322	0.999077	-0.733532	
295	0.999594	-0.000215	0.278587	0.000215	0.999594	-0.483341	
296	0.999467	-0.000284	0.521788	0.000284	0.999467	-0.395940	
297	0.999307	-0.000382	0.762611	0.000382	0.999307	-0.477414	
298	0.999653	-0.000540	0.680052	0.000540	0.999653	-0.876704	
299	0.998780	-0.001303	1.998642	0.001303	0.998780	-1.427151	
300	0.999468	-0.000488	0.815760	0.000488	0.999468	-0.607659	
301	0.999367	-0.000422	0.861422	0.000422	0.999367	-0.314821	
302	0.999490	-0.000509	0.808577	0.000509	0.999490	-0.351058	
303	0.999640	-0.000355	0.521572	0.000355	0.999640	-0.311010	
304	0.999528	-0.000606	0.869978	0.000606	0.999528	-0.559750	
305	1.000007	-0.000171	0.117839	0.000171	1.000007	-0.343300	
306	1.000040	-0.000204	0.119923	0.000204	1.000040	-0.371949	
307	1.000153	-0.000185	-0.054353	0.000185	1.000153	-0.455889	
308	1.000208	-0.000085	-0.219959	0.000085	1.000208	-0.421635	
309	1.000297	-0.000022	-0.385615	0.000022	1.000297	-0.505259	
310	1.000040	0.000108	-0.188012	-0.000108	1.000040	-0.063541	
311	1.000027	0.000190	-0.223298	-0.000190	1.000027	0.058261	
312	0.999987	0.000220	-0.223140	-0.000220	0.999987	0.051255	
313	1.000029	0.000242	-0.251014	-0.000242	1.000029	0.012369	
314	1.000215	-0.000165	-0.110534	0.000165	1.000215	-0.553298	
315	1.000023	0.000221	-0.181110	-0.000221	1.000023	0.014620	
316	0.999967	0.000296	-0.189456	-0.000296	0.999967	0.100200	
317	0.999970	0.000292	-0.141235	-0.000292	0.999970	0.129764	
318	0.999976	0.000187	-0.120357	-0.000187	0.999976	0.052824	
319	1.000215	0.000061	-0.195182	-0.000061	1.000215	-0.205300	
320	1.000034	0.000111	-0.186152	-0.000111	1.000034	-0.006783	
321	1.000008	0.000087	-0.144854	-0.000087	1.000008	0.011875	
322	0.999937	0.000104	-0.088426	-0.000104	0.999937	0.084672	
323	0.999887	0.000070	-0.067314	-0.000070	0.999887	0.180786	
324	1.000034	-0.000030	-0.241455	0.000030	1.000034	0.007205	
325	1.000044	-0.000055	-0.227798	0.000055	1.000044	-0.054742	
326	1.000080	-0.000098	-0.228120	0.000098	1.000080	-0.080647	
327	1.000106	-0.000099	-0.235324	0.000099	1.000106	-0.072552	
328	1.000094	-0.000085	-0.230060	0.000085	1.000094	-0.080792	
329	1.000046	-0.000048	-0.116944	0.000048	1.000046	-0.174871	
330	1.000167	-0.000029	-0.167009	0.000029	1.000167	-0.191585	
331	1.000310	-0.000032	-0.184278	0.000032	1.000310	-0.355053	
332	1.000272	0.000015	-0.192396	-0.000015	1.000272	-0.212000	
333	1.000277	-0.000015	-0.206032	0.000015	1.000277	-0.264597	
334	1.000435	-0.000104	-0.226053	0.000104	1.000435	-0.518284	
335	1.000144	-0.000120	-0.073163	0.000120	1.000144	-0.215049	
336	1.000036	-0.000212	0.089206	0.000212	1.000036	-0.284525	
337	0.999995	-0.000326	0.176612	0.000326	0.999995	-0.358508	
338	1.000048	-0.000194	0.107452	0.000194	1.000048	-0.263679	
339	1.000194	-0.000117	-0.007832	0.000117	1.000194	-0.205394	
340	1.000132	0.000040	-0.076924	-0.000040	1.000132	0.084950	
341	1.000059	0.000069	-0.071067	-0.000069	1.000059	0.235560	
342	0.999996	0.000041	-0.049671	-0.000041	0.999996	0.232401	
343	1.000080	0.000005	0.000085	-0.000005	1.000080	0.110802	
344	0.999955	0.000036	-0.011522	-0.000036	0.999955	0.251079	
345	1.000043	-0.000043	-0.002832	0.000043	1.000043	0.110921	
346	1.000066	-0.000037	-0.005791	0.000037	1.000066	0.154777	
347	0.999986	0.000068	-0.025212	-0.000068	0.999986	0.351999	
348	0.999826	0.000109	0.050793	-0.000109	0.999826	0.578935	
349	0.999380	0.000198	0.450595	-0.000198	0.999380	1.018231	
350	0.999897	0.000006	0.196203	-0.000006	0.999897	0.339903	
351	0.999951	-0.000071	0.175001	0.000071	0.999951	0.230390	
352	1.000236	-0.000049	-0.012027	0.000049	1.000236	0.039162	
353	1.000315	-0.000015	-0.091467	0.000015	1.000315	-0.065881	
354	1.000475	-0.000427	0.100735	0.000427	1.000475	-0.551486	
355	1.000179	-0.000210	0.024587	0.000210	1.000179	-0.486577	
356	0.999905	-0.000178	0.165790	0.000178	0.999905	-0.490848	
357	0.999955	-0.000036	0.029434	0.000036	0.999955	-0.542984	
358	0.999878	0.000019	0.076753	-0.000019	0.999878	-0.426302	
359	1.000725	-0.000078	-0.453267	0.000078	1.000725	-0.766969	
360	1.000696	0.000232	-0.510097	-0.000232	1.000696	-0.205263	
361	1.001004	0.000184	-0.722061	-0.000184	1.001004	-0.326450	
362	1.001000	0.000190	-0.698124	-0.000190	1.001000	-0.380889	
363	1.001274	0.000145	-0.909202	-0.000145	1.001274	-0.573925	
364	1.002607	0.000078	-1.927217	-0.000078	1.002607	-1.431551	
365	1.001345	0.000147	-0.967253	-0.000147	1.001345	-0.669885	
366	1.001368	0.000122	-0.935512	-0.000122	1.001368	-0.724216	
367	1.001310	0.000045	-0.853360	-0.000045	1.001310	-0.817683	
368	1.001352	0.000012	-0.873796	-0.000012	1.001352	-0.866023	
369	1.002547	0.000143	-1.861809	-0.000143	1.002547	-1.458627	
370	1.001235	0.000086	-0.755165	-0.000086	1.001235	-0.676241	
371	1.000960	0.000006	-0.551420	-0.000006	1.000960	-0.519280	
372	1.001164	-0.000046	-0.709960	0.000046	1.001164	-0.691682	
373	1.001065	-0.000046	-0.602057	0.000046	1.001065	-0.665580	
374	1.002295	0.000000	-1.515654	-0.000000	1.002295	-1.467286	
375	1.001571	0.000118	-1.119427	-0.000118	1.001571	-0.920711	
376	1.001381	0.000231	-1.016259	-0.000231	1.001381	-0.697924	
377	1.001419	0.000314	-1.066769	-0.000314	1.001419	-0.648104	
378	1.001349	0.000235	-1.006192	-0.000235	1.001349	-0.649530	
379	1.002678	0.000567	-2.411632	-0.000567	1.002678	-1.299056	
380	1.001184	0.000247	-0.911959	-0.000247	1.001184	-0.508396	
381	1.001087	0.000268	-0.834771	-0.000268	1.001087	-0.487393	
382	1.001044	0.000282	-0.637868	-0.000282	1.001044	-0.329899	
383	1.000992	0.000268	-0.721494	-0.000268	1.000992	-0.304982	
384	1.001613	0.000554	-1.679346	-0.000554	1.001613	-0.579587	
385	1.000819	0.000291	-0.660224	-0.000291	1.000819	-0.181764	
386	1.000778	0.000371	-0.686552	-0.000371	1.000778	-0.148098	
387	1.000938	0.000418	-0.650208	-0.000418	1.000938	-0.225549	
388	1.000876	0.000360	-0.767201	-0.000360	1.000876	-0.254682	
389	1.001564	0.000906	-1.928480	-0.000906	1.001564	-0.299678	
390	1.000613	0.000539	-0.762894	-0.000539	1.000613	0.028576	
391	1.000444	0.000606	-0.626241	-0.000606	1.000444	0.149249	
392	1.000326	0.000590	-0.552489	-0.000590	1.000326	0.270736	
393	1.000179	0.000522	-0.345499	-0.000522	1.000179	0.279534	
394	1.000766	0.001170	-1.564704	-0.001170	1.000766	0.400562	
395	1.000218	0.000603	-0.327987	-0.000603	1.000218	0.249588	
396	1.000179	0.000654	-0.365735	-0.000654	1.000179	0.324770	
397	1.000170	0.000654	-0.444076	-0.000654	1.000170	0.305094	
398	1.000179	0.000584	-0.480198	-0.000584	1.000179	0.250111	
399	1.000114	0.001294	-0.946752	-0.001294	1.000114	0.912306	
400	1.000072	0.000287	-0.158514	-0.000287	1.000072	0.066071	
401	1.000121	0.000265	-0.167196	-0.000265	1.000121	0.050228	
402	1.000188	0.000442	-0.191297	-0.000442	1.000188	0.081691	
403	1.000150	0.000360	-0.166566	-0.000360	1.000150	0.064332	
404	0.999911	0.000576	-0.398723	-0.000576	0.999911	0.569018	
405	0.999873	0.000334	0.072428	-0.000334	0.999873	0.262313	
406	0.999730	0.000544	0.137671	-0.000544	0.999730	0.456449	
407	0.999717	0.000343	0.170698	-0.000343	0.999717	0.426225	
408	0.999754	0.000343	0.118458	-0.000343	0.999754	0.442211	
409	0.999667	0.000503	-0.141332	-0.000503	0.999667	0.793199	
410	0.999871	0.000485	-0.014643	-0.000485	0.999871	0.530165	
411	0.999915	0.000419	-0.021927	-0.000419	0.999915	0.511316	
412	0.999970	0.000524	-0.138578	-0.000524	0.999970	0.523386	
413	0.999966	0.000632	-0.213583	-0.000632	0.999966	0.592918	
414	0.999738	0.000694	-0.311119	-0.000694	0.999738	0.778731	
415	0.999922	0.000315	-0.139608	-0.000315	0.999922	0.329948	
416	0.999780	0.000326	-0.122908	-0.000326	0.999780	0.401676	
417	0.999815	0.000272	-0.090400	-0.000272	0.999815	0.274977	
418	0.999811	0.000401	-0.148322	-0.000401	0.999811	0.274550	
419	0.999521	0.000253	0.128401	-0.000253	0.999521	0.659756	
420	0.999652	0.000327	0.140399	-0.000327	0.999652	0.399976	
421	0.999621	0.000350	0.105643	-0.000350	0.999621	0.439925	
422	0.999701	0.000260	0.099444	-0.000260	0.999701	0.347964	
423	0.999741	0.000116	0.135005	-0.000116	0.999741	0.279730	
424	0.999772	0.000018	0.149540	-0.000018	0.999772	0.271868	
425	0.999400	-0.000001	0.398265	0.000001	0.999400	0.695704	
426	0.999578	0.000325	0.163933	-0.000325	0.999578	0.579954	
427	0.999536	0.000361	0.159234	-0.000361	0.999536	0.583076	
428	0.999421	0.000319	0.228357	-0.000319	0.999421	0.694281	
429	0.999324	0.000286	0.297658	-0.000286	0.999324	0.788509	
430	0.998730	0.000539	0.650929	-0.000539	0.998730	1.554357	
431	0.999444	0.000484	0.144126	-0.000484	0.999444	0.836583	
432	0.999388	0.000364	0.313655	-0.000364	0.999388	0.708098	
433	0.999340	0.000237	0.411008	-0.000237	0.999340	0.618450	
434	0.999183	-0.000004	0.678845	0.000004	0.999183	0.633127	
435	0.997644	-0.000275	2.078094	0.000275	0.997644	1.608422	
436	0.999071	-0.000053	0.784895	0.000053	0.999071	0.594585	
437	0.999017	-0.000205	0.904097	0.000205	0.999017	0.567854	
438	0.999046	-0.000262	0.977908	0.000262	0.999046	0.506985	
439	0.999237	-0.000219	0.790304	0.000219	0.999237	0.450877	
440	0.998067	-0.000648	1.868144	0.000648	0.998067	1.039841	
441	0.999089	-0.000336	1.053821	0.000336	0.999089	0.370027	
442	0.998995	-0.000295	1.099902	0.000295	0.998995	0.437227	
443	0.999014	-0.000199	1.084988	0.000199	0.999014	0.539986	
444	0.999012	-0.000174	1.074038	0.000174	0.999012	0.537962	
445	0.997633	-0.000451	2.315818	0.000451	0.997633	1.464960	
446	0.998959	-0.000120	1.088069	0.000120	0.998959	0.673743	
447	0.998973	-0.000044	1.007207	0.000044	0.998973	0.742923	
448	0.998809	0.000008	1.034141	-0.000008	0.998809	0.942807	
449	0.998808	0.000019	1.028583	-0.000019	0.998808	1.008916	
450	0.997447	-0.000139	2.037164	0.000139	0.997447	1.988698	
451	0.998603	-0.000017	1.123149	0.000017	0.998603	1.244787	
452	0.998588	0.000052	1.116922	-0.000052	0.998588	1.306156	
453	0.998515	-0.000073	1.227203	0.000073	0.998515	1.254426	
454	0.998477	-0.000100	1.297583	0.000100	0.998477	1.232350	
455	0.996832	-0.000131	2.583607	0.000131	0.996832	2.442478	
456	0.998444	-0.000062	1.280217	0.000062	0.998444	1.233815	
457	0.998619	-0.000068	1.160531	0.000068	0.998619	1.114575	
458	0.998596	-0.000060	1.213221	0.000060	0.998596	1.121300	
459	0.998643	0.000013	1.189671	-0.000013	0.998643	1.158809	
460	0.996787	-0.000125	2.809991	0.000125	0.996787	2.527881	
461	0.998463	0.000044	1.240805	-0.000044	0.998463	1.438318	
462	0.998471	-0.000049	1.366969	0.000049	0.998471	1.378489	
463	0.998246	0.000019	1.407567	-0.000019	0.998246	1.633717	
464	0.998335	-0.000012	1.400222	0.000012	0.998335	1.597430	
465	0.997097	-0.000224	2.712369	0.000224	0.997097	2.424734	
466	0.998442	-0.000140	1.479857	0.000140	0.998442	1.214425	
467	0.998354	-0.000065	1.534896	0.000065	0.998354	1.274301	
468	0.998431	-0.000034	1.384658	0.000034	0.998431	0.985623	
469	0.998344	-0.000025	1.430677	0.000025	0.998344	0.798916	
470	0.997135	-0.000079	2.618541	0.000079	0.997135	1.548636	
471	0.997950	-0.000018	1.670091	0.000018	0.997950	0.302417	
472	0.998191	-0.000061	1.443155	0.000061	0.998191	0.115135	
473	0.998447	-0.000120	1.290960	0.000120	0.998447	0.127277	
474	0.998657	-0.000012	1.091118	0.000012	0.998657	0.229197	
475	0.998313	-0.000269	1.333107	0.000269	0.998313	0.224845	
476	0.999227	0.000078	0.641603	-0.000078	0.999227	0.518433	
477	0.999390	-0.000026	0.506376	0.000026	0.999390	0.249970	
478	0.999360	-0.000046	0.566780	0.000046	0.999360	0.297501	
479	0.999241	-0.000028	0.491546	0.000028	0.999241	0.327034	
480	0.998643	-0.000096	1.054765	0.000096	0.998643	0.649781	
481	0.999167	0.000078	0.538486	-0.000078	0.999167	0.557167	
482	0.999407	0.000111	0.366623	-0.000111	0.999407	0.431528	
483	0.999347	0.000152	0.377746	-0.000152	0.999347	0.551509	
484	0.999325	0.000130	0.428132	-0.000130	0.999325	0.611902	
485	0.998910	-0.000070	0.815163	0.000070	0.998910	0.530157	
486	0.999372	0.000149	0.363273	-0.000149	0.999372	0.475437	
487	0.999446	0.000149	0.309931	-0.000149	0.999446	0.378838	
488	0.999413	0.000167	0.423556	-0.000167	0.999413	0.400527	
489	0.999336	0.000200	0.431059	-0.000200	0.999336	0.467644	
490	0.999028	0.000256	0.422526	-0.000256	0.999028	0.681828	
491	0.999437	0.000203	0.244901	-0.000203	0.999437	0.505312	
492	0.999537	0.000164	0.172978	-0.000164	0.999537	0.442181	
493	0.999551	0.000071	0.163851	-0.000071	0.999551	0.348690	
494	0.999521	0.000104	0.297718	-0.000104	0.999521	0.269155	
495	0.999847	0.000107	-0.080604	-0.000107	0.999847	-0.087772	
496	1.000327	-0.000031	-0.266452	0.000031	1.000327	-0.522486	
497	1.000461	0.000018	-0.438702	-0.000018	1.000461	-0.570731	
498	1.000510	0.000111	-0.619317	-0.000111	1.000510	-0.418583	
499	1.000581	0.000197	-0.665111	-0.000197	1.000581	-0.445542	
500	1.001206	0.000503	-1.652397	-0.000503	1.001206	-0.917952	
501	1.000658	0.000376	-0.877363	-0.000376	1.000658	-0.254832	
502	1.000842	0.000484	-1.189330	-0.000484	1.000842	-0.389224	
503	1.001065	0.000614	-1.502568	-0.000614	1.001065	-0.443513	
504	1.001194	0.000965	-1.960624	-0.000965	1.001194	-0.291393	
505	1.002789	0.002538	-5.343060	-0.002538	1.002789	-0.820668	
506	1.001712	0.001639	-3.112995	-0.001639	1.001712	-0.272868	
507	1.001780	0.001989	-3.728742	-0.001989	1.001780	-0.076568	
508	1.002098	0.002271	-4.270394	-0.002271	1.002098	-0.158924	
509	1.003132	0.002550	-4.869563	-0.002550	1.003132	-0.575527	
510	1.010997	0.013292	-14.576877	-0.013292	1.010997	-1.502683	
511	1.002303	0.004597	-5.766228	-0.004597	1.002303	0.782198	
512	1.000344	0.004581	-4.987331	-0.004581	1.000344	1.573206	
513	1.002734	0.002946	-4.903646	-0.002946	1.002734	0.124794	
514	1.003091	0.002506	-4.466115	-0.002506	1.003091	-0.225046	
515	0.999758	-0.000086	0.380562	0.000086	0.999758	0.136379	
516	1.001395	0.002860	-3.891329	-0.002860	1.001395	1.199170	
517	1.000659	0.002656	-3.415904	-0.002656	1.000659	1.614765	
518	0.999516	0.002900	-3.233759	-0.002900	0.999516	2.235121	
519	1.000221	0.002235	-3.087003	-0.002235	1.000221	1.481089	
520	1.002321	0.006645	-7.285570	-0.006645	1.002321	2.430422	
521	1.000067	0.001726	-2.140662	-0.001726	1.000067	1.046275	
522	1.001052	0.001802	-2.437586	-0.001802	1.001052	0.683148	
523	1.000039	0.001662	-2.052361	-0.001662	1.000039	1.157229	
524	0.999954	0.001654	-1.987140	-0.001654	0.999954	1.287720	
525	1.002567	0.004024	-5.993159	-0.004024	1.002567	1.335193	
526	1.000275	0.002006	-2.866638	-0.002006	1.000275	1.255995	
527	1.000304	0.001994	-2.756933	-0.001994	1.000304	1.291444	
528	1.000024	0.002488	-2.916613	-0.002488	1.000024	1.534322	
529	1.000164	0.002288	-2.948420	-0.002288	1.000164	1.445552	
530	1.007429	0.008952	-11.147701	-0.008952	1.007429	0.472689	
531	1.000077	0.002368	-3.255258	-0.002368	1.000077	1.443777	
532	1.000137	0.002311	-3.129728	-0.002311	1.000137	1.377751	
533	1.000115	0.002226	-3.226131	-0.002226	1.000115	1.268683	
534	1.000261	0.002226	-3.303010	-0.002226	1.000261	1.064385	
535	0.995747	0.005434	-4.496838	-0.005434	0.995747	4.408627	
536	1.000122	0.001959	-2.832306	-0.001959	1.000122	0.989460	
537	0.999992	0.002040	-2.726459	-0.002040	0.999992	1.213098	
538	0.999865	0.001979	-2.768648	-0.001979	0.999865	1.262689	
539	0.999613	0.002026	-2.474693	-0.002026	0.999613	1.417253	
540	0.994931	0.005660	-2.802053	-0.005660	0.994931	5.783443	
541	0.999829	0.002152	-2.929109	-0.002152	0.999829	1.324072	
542	1.000694	0.003167	-3.796744	-0.003167	1.000694	1.248706	
543	0.999972	0.002608	-3.818863	-0.002608	0.999972	1.130259	
544	0.997702	0.004645	-3.188118	-0.004645	0.997702	3.620310	
545	1.000157	0.000614	-14.418381	-0.000614	1.000157	-2.782632	
546	0.996038	0.006291	-4.050425	-0.006291	0.996038	4.899785	
547	0.994018	0.007066	-2.943177	-0.007066	0.994018	6.708895	
548	0.992373	0.007785	-2.486560	-0.007785	0.992373	8.092692	
549	0.992394	0.008632	-2.501221	-0.008632	0.992394	9.235123	
550	1.000140	-0.000137	0.062731	0.000137	1.000140	-0.207611	
551	1.006292	0.006754	-8.748581	-0.006754	1.006292	-0.417625	
552	1.001313	0.000313	-1.060850	-0.000313	1.001313	-0.777593	
553	0.986217	0.011859	-2.170829	-0.011859	0.986217	13.628738	
554	0.986093	0.012673	-2.256642	-0.012673	0.986093	14.422405	
555	1.000323	0.000067	-0.300397	-0.000067	1.000323	-0.245045	
556	0.984745	0.014891	-3.508790	-0.014891	0.984745	16.023890	
557	1.000672	0.000394	-0.846605	-0.000394	1.000672	-0.395831	
558	1.000416	0.000335	-0.618890	-0.000335	1.000416	-0.234576	
559	1.000426	0.000275	-0.487402	-0.000275	1.000426	-0.239262	
560	1.000273	0.000111	-0.234113	-0.000111	1.000273	-0.161245	
561	1.000129	0.000340	-0.350210	-0.000340	1.000129	-0.009778	
562	1.000291	0.000319	-0.402461	-0.000319	1.000291	-0.191203	
563	1.000290	0.000536	-0.554635	-0.000536	1.000290	-0.107742	
564	1.000228	0.000573	-0.623161	-0.000573	1.000228	-0.001562	
565	1.000080	0.000193	-0.200953	-0.000193	1.000080	-0.000392	
566	1.000037	0.000341	-0.342638	-0.000341	1.000037	0.072116	
567	0.999327	0.000788	-0.334214	-0.000788	0.999327	0.882351	
568	0.999547	0.000573	-0.243800	-0.000573	0.999547	0.632855	
569	0.999568	0.000221	-0.089757	-0.000221	0.999568	0.456435	
570	0.999792	0.000142	0.026062	-0.000142	0.999792	0.244533	
571	0.999874	0.000531	-0.496155	-0.000531	0.999874	0.442187	
572	0.999825	0.000317	-0.239139	-0.000317	0.999825	0.366850	
573	1.000007	0.000352	-0.362340	-0.000352	1.000007	0.131187	
574	1.000118	-0.000001	-0.133690	0.000001	1.000118	-0.147354	
575	1.000065	0.000098	-0.078104	-0.000098	1.000065	-0.013605	
576	1.000082	0.000102	-0.191552	-0.000102	1.000082	0.020631	
577	1.000046	0.000176	-0.190001	-0.000176	1.000046	0.118070	
578	1.000019	0.000195	-0.279602	-0.000195	1.000019	0.091743	
579	0.999752	0.000437	-0.228748	-0.000437	0.999752	0.449556	
580	1.000011	0.000054	-0.041492	-0.000054	1.000011	0.038799	
581	1.000198	0.001187	-1.193953	-0.001187	1.000198	0.803431	
582	1.000584	0.002222	-2.108837	-0.002222	1.000584	1.935004	
583	1.000158	0.001137	-1.185339	-0.001137	1.000158	0.873793	
584	1.000014	0.001094	-0.845762	-0.001094	1.000014	1.119516	
585	1.000209	0.001337	-1.356082	-0.001337	1.000209	0.836642	
586	1.001980	0.002732	-17.273903	-0.002732	1.001980	1.679467	
587	1.005390	0.003467	-18.241119	-0.003467	1.005390	1.508875	
588	0.999701	0.001391	-0.493032	-0.001391	0.999701	1.027898	
589	0.999626	0.001381	-0.732149	-0.001381	0.999626	1.305594	
590	1.011353	0.010340	-19.546499	-0.010340	1.011353	2.416704	
591	0.999167	0.000814	0.093010	-0.000814	0.999167	1.150442	
592	1.012998	-0.000273	-18.153833	0.000273	1.012998	-0.934003	
593	1.012192	0.000322	-17.661545	-0.000322	1.012192	-1.043707	
594	1.010493	0.010145	-18.886601	-0.010145	1.010493	2.503881	
595	1.011686	0.008511	-18.750221	-0.008511	1.011686	0.426269	
596	1.003665	0.002250	-32.950627	-0.002250	1.003665	2.536981	
597	1.014145	0.009993	-20.761815	-0.009993	1.014145	0.108365	
598	1.001955	0.001751	-17.091021	-0.001751	1.001955	1.517699	
599	1.012847	0.007616	-20.072201	-0.007616	1.012847	-0.314771	
600	0.999662	0.001180	-0.701076	-0.001180	0.999662	0.468643	
601	1.003280	0.002456	-33.085704	-0.002456	1.003280	2.912793	
602	0.999004	0.001148	0.054071	-0.001148	0.999004	1.502582	
603	0.999248	0.001005	-0.464654	-0.001005	0.999248	1.372702	
604	0.998846	0.001076	-0.388899	-0.001076	0.998846	1.678763	
605	0.999040	0.001119	-0.395498	-0.001119	0.999040	1.609958	
606	1.003431	0.002201	-31.304827	-0.002201	1.003431	4.547721	
607	0.998913	0.001001	-0.252636	-0.001001	0.998913	1.322730	
608	1.000253	0.001256	-1.385240	-0.001256	1.000253	0.645125	
609	0.988530	0.005849	0.679133	-0.005849	0.988530	8.563317	
610	1.002709	0.001451	-15.004546	-0.001451	1.002709	1.650912	
611	1.005544	0.001934	-28.785175	-0.001934	1.005544	3.516436	
612	1.009471	0.004965	-13.785338	-0.004965	1.009471	1.291371	
613	1.007515	0.002302	-13.821739	-0.002302	1.007515	1.589520	
614	0.992469	0.004141	-0.074474	-0.004141	0.992469	7.582537	
615	0.992787	0.004549	0.134160	-0.004549	0.992787	8.189106	
616	1.009978	0.001661	-22.946503	-0.001661	1.009978	6.088639	
617	0.994288	0.002038	1.150596	-0.002038	0.994288	5.658589	
618	0.996469	0.002084	-1.656626	-0.002084	0.996469	4.578032	
619	0.998417	0.002077	-2.170772	-0.002077	0.998417	3.356730	
620	0.998575	0.001639	-1.173902	-0.001639	0.998575	2.359802	
621	0.997277	0.003476	-2.219153	-0.003476	0.997277	3.955469	
622	1.000161	0.002307	-2.942793	-0.002307	1.000161	1.652369	
623	0.998987	0.001521	-1.073530	-0.001521	0.998987	1.575597	
624	0.999093	0.001574	-1.313240	-0.001574	0.999093	1.753240	
625	1.003103	0.001889	-5.603359	-0.001889	1.003103	1.046808	
626	0.996760	0.002594	-0.782639	-0.002594	0.996760	5.239494	
627	0.998912	0.000702	-0.837217	-0.000702	0.998912	2.166979	
628	0.999158	0.000777	-1.027800	-0.000777	0.999158	2.589249	
629	0.999302	0.000357	-0.705003	-0.000357	0.999302	2.030385	
630	0.999636	0.000554	-1.012678	-0.000554	0.999636	1.850548	
631	1.010068	0.001155	-13.928337	-0.001155	1.010068	2.426601	
632	1.002427	0.001337	-3.951943	-0.001337	1.002427	1.209182	
633	1.001697	0.001184	-3.070341	-0.001184	1.001697	1.061319	
634	1.000462	0.000942	-1.248826	-0.000942	1.000462	1.238385	
635	1.001525	0.001134	-2.180373	-0.001134	1.001525	0.864358	
636	1.002524	0.002074	-5.117171	-0.002074	1.002524	1.692093	
637	1.001630	0.001063	-2.800815	-0.001063	1.001630	0.871857	
638	1.001409	0.000971	-2.491298	-0.000971	1.001409	0.903874	
639	1.001119	0.000857	-2.298411	-0.000857	1.001119	0.867590	
640	0.999699	0.000602	-1.052480	-0.000602	0.999699	1.269884	
641	0.997172	0.000148	0.489380	-0.000148	0.997172	2.883891	
642	1.000527	0.001014	-2.111630	-0.001014	1.000527	1.032842	
643	1.000236	0.001012	-1.898517	-0.001012	1.000236	1.090440	
644	1.000171	0.001076	-2.028843	-0.001076	1.000171	0.933103	
645	1.000333	0.001169	-2.118634	-0.001169	1.000333	0.851173	
646	0.999848	0.001696	-3.340636	-0.001696	0.999848	2.214964	
647	1.000271	0.000931	-1.770270	-0.000931	1.000271	1.415462	
648	1.000119	0.000908	-1.579383	-0.000908	1.000119	1.643742	
649	0.999952	0.000767	-1.437352	-0.000767	0.999952	1.636948	
650	1.000154	0.000760	-1.543821	-0.000760	1.000154	1.489816	
651	0.997765	-0.000275	0.760924	0.000275	0.997765	2.393147	
652	1.000128	0.000753	-1.274403	-0.000753	1.000128	1.573857	
653	1.000018	0.000609	-1.005707	-0.000609	1.000018	1.415184	
654	1.000017	0.000395	-0.773313	-0.000395	1.000017	1.318182	
655	0.999518	0.000048	-0.016681	-0.000048	0.999518	1.277848	
656	0.998414	-0.000316	0.630282	0.000316	0.998414	2.726812	
657	0.999746	0.000006	-0.212533	-0.000006	0.999746	1.652312	
658	0.999520	0.000061	0.082266	-0.000061	0.999520	1.976976	
659	0.999004	-0.000142	0.777304	0.000142	0.999004	2.202223	
660	0.999660	0.000290	0.009374	-0.000290	0.999660	2.452876	
661	0.996698	-0.002484	3.456862	0.002484	0.996698	3.134012	
662	0.999626	-0.000026	0.035358	0.000026	0.999626	1.986628	
663	1.000024	0.000028	-0.374158	-0.000028	1.000024	1.715775	
664	0.999655	0.000170	-0.247651	-0.000170	0.999655	1.896022	
665	1.000162	0.000095	-0.582978	-0.000095	1.000162	1.663063	
666	1.003634	0.001202	-4.833420	-0.001202	1.003634	3.335652	
667	1.000265	0.000047	-0.593034	-0.000047	1.000265	1.085597	
668	1.000278	0.000168	-0.670204	-0.000168	1.000278	1.084924	
669	1.000644	0.000136	-0.981145	-0.000136	1.000644	0.819312	
670	1.000959	0.000190	-1.122005	-0.000190	1.000959	0.777626	
671	1.001436	0.000672	-2.352536	-0.000672	1.001436	1.905430	
672	1.000648	0.000100	-0.793756	-0.000100	1.000648	0.838913	
673	1.001190	0.000143	-1.318986	-0.000143	1.001190	0.564525	
674	1.001312	0.000124	-1.478900	-0.000124	1.001312	0.381473	
675	1.001513	-0.000009	-1.563540	0.000009	1.001513	-0.026560	
676	1.002551	0.000196	-2.565116	-0.000196	1.002551	-0.191715	
677	1.001725	0.000090	-1.681972	-0.000090	1.001725	-0.273622	
678	1.001871	0.000101	-1.944737	-0.000101	1.001871	-0.288380	
679	1.001544	0.000094	-1.475181	-0.000094	1.001544	-0.069056	
680	1.001746	0.000208	-1.780457	-0.000208	1.001746	0.034257	
681	1.003743	0.000518	-3.966782	-0.000518	1.003743	0.166453	
682	1.001520	0.000160	-1.582909	-0.000160	1.001520	0.031930	
683	1.001289	0.000182	-1.501019	-0.000182	1.001289	0.090705	
684	1.001654	0.000094	-1.730650	-0.000094	1.001654	-0.170915	
685	1.001713	0.000221	-1.959060	-0.000221	1.001713	-0.134208	
686	1.003693	0.000594	-4.379043	-0.000594	1.003693	-0.284996	
687	1.001669	0.000401	-2.073663	-0.000401	1.001669	-0.313413	
688	1.001847	0.000309	-2.335450	-0.000309	1.001847	-0.507958	
689	1.002048	0.000420	-2.491246	-0.000420	1.002048	-0.605660	
690	1.001890	0.000422	-2.374723	-0.000422	1.001890	-0.517336	
691	1.004511	0.000702	-5.752692	-0.000702	1.004511	-0.911374	
692	1.001322	0.000532	-2.245921	-0.000532	1.001322	-0.031548	
693	1.001912	0.000571	-2.921188	-0.000571	1.001912	-0.230107	
694	1.001851	0.000623	-2.932974	-0.000623	1.001851	-0.118966	
695	1.002021	0.000674	-3.301691	-0.000674	1.002021	-0.232786	
696	1.004956	0.001171	-7.257748	-0.001171	1.004956	-0.992305	
697	1.002085	0.000703	-3.606475	-0.000703	1.002085	-0.288505	
698	1.001871	0.000825	-3.401899	-0.000825	1.001871	-0.102465	
699	1.001906	0.000807	-3.436063	-0.000807	1.001906	-0.093721	
700	1.002126	0.000731	-3.670340	-0.000731	1.002126	-0.224732	
701	1.005934	0.000554	-8.397761	-0.000554	1.005934	-1.701987	
702	1.002290	0.000565	-3.485580	-0.000565	1.002290	-0.565787	
703	1.002316	0.000456	-3.346573	-0.000456	1.002316	-0.679605	
704	1.002143	0.000386	-3.011878	-0.000386	1.002143	-0.648217	
705	1.002320	0.000343	-3.017150	-0.000343	1.002320	-0.783462	
706	1.006198	0.000222	-7.074567	-0.000222	1.006198	-2.297556	
707	1.002425	0.000269	-2.924072	-0.000269	1.002425	-0.899754	
708	1.002219	0.000385	-2.704459	-0.000385	1.002219	-0.809662	
709	1.002446	0.000356	-2.827565	-0.000356	1.002446	-0.946071	
710	1.002519	0.000341	-2.932994	-0.000341	1.002519	-0.998582	
711	1.004813	0.000707	-5.314596	-0.000707	1.004813	-1.737816	
712	1.002574	0.000385	-2.992704	-0.000385	1.002574	-0.943954	
713	1.002563	0.000462	-2.953047	-0.000462	1.002563	-0.950184	
714	1.002826	0.000573	-3.313007	-0.000573	1.002826	-0.997399	
715	1.002798	0.000477	-3.238138	-0.000477	1.002798	-0.981413	
716	1.004671	0.000668	-4.681498	-0.000668	1.004671	-1.813951	
717	1.002632	0.000325	-2.656399	-0.000325	1.002632	-0.959789	
718	1.002645	0.000281	-2.638335	-0.000281	1.002645	-1.073200	
719	1.002514	0.000264	-2.460535	-0.000264	1.002514	-1.053931	
720	1.002779	0.000191	-2.466275	-0.000191	1.002779	-1.377077	
721	1.003880	0.000062	-3.087124	-0.000062	1.003880	-2.241998	
722	1.002649	0.000116	-2.447176	-0.000116	1.002649	-1.286476	
723	1.002195	0.000092	-2.032309	-0.000092	1.002195	-1.051557	
724	1.002324	0.000095	-2.095906	-0.000095	1.002324	-1.056655	
725	1.002268	0.000133	-2.017464	-0.000133	1.002268	-0.996241	
