0	1.000000	0.000000	0.000000	0.000000	1.000000	0.000000	
1	1.000096	-0.000263	1.474170	0.000263	1.000096	0.053278	
2	1.000118	-0.000287	1.985428	0.000287	1.000118	0.001562	
3	1.000184	-0.000331	2.526022	0.000331	1.000184	-0.033558	
4	1.000303	-0.000361	3.001180	0.000361	1.000303	-0.065610	
5	1.000494	-0.000417	3.751068	0.000417	1.000494	-0.106448	
6	1.000678	-0.000377	4.404156	0.000377	1.000678	0.127418	
7	1.000671	-0.000605	5.177103	0.000605	1.000671	0.189317	
8	1.000838	-0.000677	5.953495	0.000677	1.000838	0.260368	
9	0.999983	-0.001040	8.044279	0.001040	0.999983	0.553480	
10	1.000036	-0.001313	9.122210	0.001313	1.000036	0.676739	
11	0.999906	-0.001372	10.247322	0.001372	0.999906	0.913029	
12	0.999700	-0.001427	11.443146	0.001427	0.999700	1.052628	
13	0.999961	-0.001642	12.285180	0.001642	0.999961	1.027537	
14	1.000008	-0.001697	12.808998	0.001697	1.000008	1.032880	
15	1.000117	-0.001895	13.421648	0.001895	1.000117	0.913218	
16	0.999903	-0.001836	14.094051	0.001836	0.999903	0.746513	
17	0.999727	-0.001877	14.736123	0.001877	0.999727	0.364545	
18	0.999753	-0.002073	15.493768	0.002073	0.999753	0.032760	
19	0.999749	-0.002036	16.277101	0.002036	0.999749	-0.229201	
20	0.999935	-0.002028	16.701203	0.002028	0.999935	-0.474088	
21	0.999915	-0.002282	17.290226	0.002282	0.999915	-0.837387	
22	1.000142	-0.002393	18.132699	0.002393	1.000142	-1.354471	
23	1.000309	-0.002438	19.191334	0.002438	1.000309	-1.795737	
24	1.000472	-0.002362	20.009786	0.002362	1.000472	-2.024358	
25	0.999302	-0.002920	21.579125	0.002920	0.999302	-2.131297	
26	0.999329	-0.002993	22.342016	0.002993	0.999329	-2.181376	
27	0.999342	-0.003418	23.442071	0.003418	0.999342	-2.374739	
28	0.999327	-0.003459	24.490763	0.003459	0.999327	-2.215646	
29	1.000008	-0.000004	0.008271	0.000004	1.000008	-0.004689	
30	0.999488	-0.003895	25.326679	0.003895	0.999488	-2.242146	
31	1.001019	-0.006984	49.683574	0.006984	1.001019	-5.321627	
32	0.999829	-0.003423	25.588735	0.003423	0.999829	-2.874874	
33	0.999842	-0.003454	25.345502	0.003454	0.999842	-2.880511	
34	0.999204	-0.003792	25.652822	0.003792	0.999204	-3.121654	
35	0.999756	-0.003809	25.107461	0.003809	0.999756	-3.576665	
36	0.999972	-0.003707	24.755587	0.003707	0.999972	-3.660007	
37	0.999641	-0.003903	24.170720	0.003903	0.999641	-3.683077	
38	0.999917	-0.003730	22.965909	0.003730	0.999917	-3.674419	
39	0.999524	-0.003364	21.974126	0.003364	0.999524	-3.319083	
40	0.999991	-0.003234	20.451971	0.003234	0.999991	-3.511705	
41	0.999571	-0.003108	19.166390	0.003108	0.999571	-3.328077	
42	1.000232	-0.002654	17.016096	0.002654	1.000232	-3.202420	
43	1.000384	-0.002272	14.578920	0.002272	1.000384	-3.071006	
44	1.000172	-0.001835	12.506968	0.001835	1.000172	-2.913949	
45	1.000067	-0.001642	10.240460	0.001642	1.000067	-2.723113	
46	1.000530	-0.001237	7.622068	0.001237	1.000530	-2.567811	
47	1.000359	-0.000715	5.625531	0.000715	1.000359	-2.316280	
48	1.000423	-0.000102	3.165994	0.000102	1.000423	-1.826429	
49	1.000100	-0.000212	1.257367	0.000212	1.000100	-1.744424	
50	0.999764	-0.000136	-0.456503	0.000136	0.999764	-1.626875	
51	0.999377	-0.000200	-1.937413	0.000200	0.999377	-1.355441	
52	0.999030	-0.000069	-3.149119	0.000069	0.999030	-0.869721	
53	0.998737	-0.000045	-4.308336	0.000045	0.998737	-0.318401	
54	0.997680	0.000137	-4.848553	-0.000137	0.997680	0.528690	
55	0.999777	0.000967	-8.267299	-0.000967	0.999777	1.167600	
56	0.999195	0.001190	-8.696899	-0.001190	0.999195	1.819371	
57	0.999777	0.001253	-10.308234	-0.001253	0.999777	2.049516	
58	0.999688	0.001370	-11.189245	-0.001370	0.999688	2.267690	
59	0.999839	0.001435	-11.812473	-0.001435	0.999839	2.233976	
60	1.000049	0.001219	-12.303675	-0.001219	1.000049	1.990623	
61	0.999697	0.001240	-12.309951	-0.001240	0.999697	1.854278	
62	1.000415	0.001263	-13.135053	-0.001263	1.000415	1.512804	
63	0.999724	0.001313	-12.834471	-0.001313	0.999724	1.689690	
64	0.999702	0.001470	-12.866530	-0.001470	0.999702	1.570834	
65	0.999344	0.001715	-12.306479	-0.001715	0.999344	1.636422	
66	0.999180	0.001490	-12.130094	-0.001490	0.999180	1.541570	
67	0.999714	0.001916	-12.103230	-0.001916	0.999714	1.751823	
68	0.999347	0.001798	-11.580383	-0.001798	0.999347	1.814318	
69	0.998933	0.001635	-10.793870	-0.001635	0.998933	1.789635	
70	0.998505	0.001444	-10.042529	-0.001444	0.998505	1.875094	
71	0.998901	0.001492	-9.865504	-0.001492	0.998901	1.881308	
72	0.998929	0.001262	-9.526329	-0.001262	0.998929	1.770919	
73	0.999010	0.001030	-8.867971	-0.001030	0.999010	1.561135	
74	0.998695	0.001009	-8.063393	-0.001009	0.998695	1.672320	
75	0.999170	0.000721	-8.021419	-0.000721	0.999170	1.350572	
76	0.999123	0.000788	-7.278386	-0.000788	0.999123	1.540406	
77	0.998536	0.001090	-5.985901	-0.001090	0.998536	1.757970	
78	0.997702	0.000650	-4.217090	-0.000650	0.997702	1.606022	
79	0.998480	0.000088	-4.461503	-0.000088	0.998480	0.945647	
80	0.998441	0.000569	-3.877715	-0.000569	0.998441	1.214549	
81	0.998758	0.000461	-3.642819	-0.000461	0.998758	0.998165	
82	0.998811	0.001126	-2.928370	-0.001126	0.998811	1.318084	
83	0.999049	0.000722	-2.722127	-0.000722	0.999049	0.920780	
84	0.999115	0.000640	-2.309719	-0.000640	0.999115	0.749586	
85	0.999465	0.000604	-2.056869	-0.000604	0.999465	0.626156	
86	0.999542	0.000653	-1.734438	-0.000653	0.999542	0.643790	
87	0.999476	0.000830	-1.113778	-0.000830	0.999476	0.777013	
88	0.999702	0.000937	-0.960433	-0.000937	0.999702	0.766747	
89	0.999630	0.000927	-0.602357	-0.000927	0.999630	0.789329	
90	0.999883	0.000809	-0.704664	-0.000809	0.999883	0.712046	
91	0.999574	0.000769	-0.348229	-0.000769	0.999574	0.520187	
92	0.999865	0.000650	-0.322962	-0.000650	0.999865	0.465222	
93	0.999887	0.000647	-0.130317	-0.000647	0.999887	0.428892	
94	0.999974	0.000489	-0.042692	-0.000489	0.999974	0.360144	
95	1.000537	0.001028	-0.012564	-0.001028	1.000537	0.620599	
96	1.000429	0.000593	0.054978	-0.000593	1.000429	0.484359	
97	1.000240	0.000698	0.131879	-0.000698	1.000240	0.505403	
98	1.000349	0.000671	0.043373	-0.000671	1.000349	0.378224	
99	0.999780	0.000682	0.256182	-0.000682	0.999780	0.406888	
100	1.000295	0.000678	-0.070847	-0.000678	1.000295	0.272518	
101	1.000207	0.000353	-0.136651	-0.000353	1.000207	0.096651	
102	1.000161	0.000312	-0.054875	-0.000312	1.000161	0.115763	
103	1.000346	0.000202	-0.129604	-0.000202	1.000346	0.062597	
104	1.000380	0.000177	-0.063860	-0.000177	1.000380	-0.018707	
105	1.000640	0.000154	-0.163242	-0.000154	1.000640	-0.044600	
106	1.000464	0.000060	0.031319	-0.000060	1.000464	-0.120108	
107	1.000378	0.000117	0.156065	-0.000117	1.000378	-0.034443	
108	1.000079	0.000140	0.389824	-0.000140	1.000079	0.126487	
109	0.999777	0.000063	0.607797	-0.000063	0.999777	0.083548	
110	1.000295	-0.000189	0.283148	0.000189	1.000295	-0.155659	
111	1.000211	-0.000185	0.392501	0.000185	1.000211	-0.180259	
112	0.999421	-0.000790	0.888777	0.000790	0.999421	-0.579137	
113	0.999534	-0.000785	1.061021	0.000785	0.999534	-0.572320	
114	0.999937	-0.000484	1.116657	0.000484	0.999937	-0.419062	
115	0.999966	-0.000680	1.161867	0.000680	0.999966	-0.457073	
116	1.000066	-0.000617	1.516556	0.000617	1.000066	-0.217762	
117	1.000375	-0.000644	1.704911	0.000644	1.000375	-0.254280	
118	1.000561	-0.000434	2.103512	0.000434	1.000561	-0.301695	
119	1.000557	-0.000505	2.553543	0.000505	1.000557	-0.349374	
120	1.000868	-0.000464	3.095813	0.000464	1.000868	-0.591552	
121	1.001158	-0.000304	3.627735	0.000304	1.001158	-0.793965	
122	1.001459	-0.000074	4.198966	0.000074	1.001459	-0.884550	
123	1.000836	-0.000538	6.083348	0.000538	1.000836	-1.241849	
124	1.000385	-0.000692	7.324451	0.000692	1.000385	-1.343928	
125	1.000490	-0.000888	8.221060	0.000888	1.000490	-1.536999	
126	1.000250	-0.001257	9.068157	0.001257	1.000250	-1.950974	
127	1.000459	-0.001503	9.477979	0.001503	1.000459	-2.188280	
128	0.999739	-0.001455	10.291332	0.001455	0.999739	-1.989723	
129	0.999139	-0.001812	10.686238	0.001812	0.999139	-2.080301	
130	0.999561	-0.001369	10.613333	0.001369	0.999561	-1.537437	
131	1.000649	-0.001703	9.460855	0.001703	1.000649	-1.679333	
132	0.999912	-0.001480	9.891972	0.001480	0.999912	-0.915347	
133	0.999836	-0.001376	9.614631	0.001376	0.999836	-0.628057	
134	0.999653	-0.001311	9.585067	0.001311	0.999653	-0.586080	
135	0.999640	-0.001311	9.322537	0.001311	0.999640	-0.756925	
136	1.000148	-0.001407	9.062254	0.001407	1.000148	-0.893876	
137	0.999295	-0.001110	9.168309	0.001110	0.999295	-1.047592	
138	0.999602	-0.001346	8.850000	0.001346	0.999602	-1.377568	
139	0.999476	-0.001391	8.752668	0.001391	0.999476	-1.505896	
140	0.999610	-0.001441	8.563150	0.001441	0.999610	-1.533460	
141	0.999014	-0.001447	8.821813	0.001447	0.999014	-1.573490	
142	0.999088	-0.001188	8.561039	0.001188	0.999088	-1.451879	
143	0.999531	-0.000928	8.099644	0.000928	0.999531	-1.272085	
144	0.999305	-0.000960	7.813184	0.000960	0.999305	-1.358630	
145	0.999922	-0.000881	7.053787	0.000881	0.999922	-1.195838	
146	0.999223	-0.000934	7.782644	0.000934	0.999223	-0.932894	
147	0.999561	-0.001053	7.287974	0.001053	0.999561	-0.834221	
148	0.999647	-0.001102	7.095778	0.001102	0.999647	-0.772088	
149	1.002073	-0.000453	4.352842	0.000453	1.002073	-0.661907	
150	1.001163	-0.000594	4.924289	0.000594	1.001163	-0.566363	
151	1.001216	-0.000503	4.462858	0.000503	1.001216	-0.545541	
152	1.001182	-0.000476	4.427128	0.000476	1.001182	-0.531111	
153	1.000546	-0.000622	5.065244	0.000622	1.000546	-0.717127	
154	1.000960	-0.000098	4.309938	0.000098	1.000960	-0.582368	
155	1.001048	0.000038	3.957670	-0.000038	1.001048	-0.604503	
156	1.000962	0.000099	3.665930	-0.000099	1.000962	-0.750322	
157	1.000902	0.000177	3.359158	-0.000177	1.000902	-0.790646	
158	1.001000	0.000292	2.975803	-0.000292	1.001000	-0.652626	
159	1.000900	0.000229	2.597035	-0.000229	1.000900	-0.447505	
160	1.000772	0.000173	2.039375	-0.000173	1.000772	-0.216335	
161	1.000000	-0.000001	0.000260	0.000001	1.000000	-0.000785	
162	1.000467	0.000066	0.870468	-0.000066	1.000467	0.147539	
163	0.999752	-0.000305	-2.112159	0.000305	0.999752	0.406133	
164	0.999375	0.000117	-2.313992	-0.000117	0.999375	0.546450	
165	0.999139	0.000263	-3.267161	-0.000263	0.999139	0.643546	
166	0.998763	0.000363	-4.000267	-0.000363	0.998763	0.666986	
167	0.999879	0.000836	-6.582685	-0.000836	0.999879	0.897125	
168	0.999903	0.000779	-7.792572	-0.000779	0.999903	1.002087	
169	1.000180	0.000829	-9.061177	-0.000829	1.000180	0.919026	
170	1.000357	0.000872	-9.591872	-0.000872	1.000357	0.933667	
171	1.000336	0.001037	-9.931691	-0.001037	1.000336	1.217102	
172	1.000396	0.001117	-10.295750	-0.001117	1.000396	1.256846	
173	1.000326	0.001332	-10.627577	-0.001332	1.000326	1.445280	
174	1.000322	0.001400	-11.116875	-0.001400	1.000322	1.732809	
175	1.000481	0.001187	-11.453745	-0.001187	1.000481	1.679409	
176	1.000613	0.001314	-11.423893	-0.001314	1.000613	1.708156	
177	1.000635	0.001283	-11.296217	-0.001283	1.000635	1.659627	
178	1.000708	0.001341	-11.209038	-0.001341	1.000708	1.479570	
179	1.000705	0.001445	-10.938943	-0.001445	1.000705	1.272702	
180	1.001008	0.001511	-10.887928	-0.001511	1.001008	1.163801	
181	1.000923	0.001523	-10.567496	-0.001523	1.000923	0.962808	
182	1.000905	0.001626	-10.228917	-0.001626	1.000905	0.804168	
183	1.000496	0.001227	-9.797603	-0.001227	1.000496	0.622800	
184	1.000272	0.001434	-9.405773	-0.001434	1.000272	0.778005	
185	1.000332	0.001505	-9.058615	-0.001505	1.000332	0.791849	
186	1.000394	0.001400	-8.701476	-0.001400	1.000394	0.794350	
187	1.000319	0.001526	-8.508257	-0.001526	1.000319	1.024783	
188	1.000727	0.001523	-8.544624	-0.001523	1.000727	0.919743	
189	1.000247	0.001520	-7.882088	-0.001520	1.000247	1.004193	
190	0.998766	0.000766	-5.806627	-0.000766	0.998766	0.927985	
191	0.999822	0.001406	-6.656539	-0.001406	0.999822	1.148268	
192	0.998884	0.000666	-4.905340	-0.000666	0.998884	0.913507	
193	0.998463	0.000627	-4.347913	-0.000627	0.998463	0.869875	
194	0.998952	0.000690	-4.376335	-0.000690	0.998952	0.673354	
195	1.000308	0.001207	-5.116856	-0.001207	1.000308	0.669529	
196	0.998923	0.000541	-3.648361	-0.000541	0.998923	0.597706	
197	0.999258	0.000581	-3.499772	-0.000581	0.999258	0.542262	
198	0.999718	0.001246	-3.307501	-0.001246	0.999718	0.973725	
199	0.999692	0.000525	-3.106494	-0.000525	0.999692	0.520082	
200	0.999432	0.000312	-2.927864	-0.000312	0.999432	0.396548	
201	0.999600	0.000211	-2.785202	-0.000211	0.999600	0.267447	
202	0.999442	0.000293	-2.613736	-0.000293	0.999442	0.298514	
203	0.999996	0.000652	-2.722895	-0.000652	0.999996	0.331398	
204	0.999700	0.000606	-2.434096	-0.000606	0.999700	0.333704	
205	0.999661	0.000406	-2.316943	-0.000406	0.999661	0.191674	
206	0.999369	0.000095	-2.176936	-0.000095	0.999369	0.095412	
207	0.999745	0.000145	-2.144137	-0.000145	0.999745	0.068234	
208	1.000086	0.000434	-2.246290	-0.000434	1.000086	0.326419	
209	0.999788	0.000141	-1.910393	-0.000141	0.999788	0.078577	
210	0.999759	0.000153	-1.861452	-0.000153	0.999759	0.057144	
211	0.999678	0.000208	-1.675935	-0.000208	0.999678	0.071435	
212	0.999473	0.000310	-1.440955	-0.000310	0.999473	0.154054	
213	0.999587	0.000232	-1.200504	-0.000232	0.999587	0.155916	
214	0.999875	0.000389	-0.972388	-0.000389	0.999875	0.225399	
215	0.999686	0.000210	-0.624676	-0.000210	0.999686	0.169130	
216	0.999666	0.000209	-0.357620	-0.000209	0.999666	0.169470	
217	1.000166	0.000270	-0.265146	-0.000270	1.000166	0.185130	
218	1.000170	0.000288	0.156743	-0.000288	1.000170	0.180410	
219	1.000123	0.000366	0.447862	-0.000366	1.000123	0.175195	
220	0.999920	0.000347	0.627772	-0.000347	0.999920	0.156015	
221	0.999969	0.000354	0.808399	-0.000354	0.999969	0.118875	
222	0.999990	0.000301	0.952456	-0.000301	0.999990	0.036755	
223	1.000115	0.000294	1.065174	-0.000294	1.000115	-0.030379	
224	1.000371	0.000455	1.205170	-0.000455	1.000371	-0.043423	
225	1.000457	0.000221	1.548151	-0.000221	1.000457	-0.128753	
226	1.000423	0.000002	1.916542	-0.000002	1.000423	-0.248203	
227	1.000414	-0.000234	2.205711	0.000234	1.000414	-0.410894	
228	1.000183	-0.000267	2.543026	0.000267	1.000183	-0.365597	
229	1.000190	-0.000338	2.659639	0.000338	1.000190	-0.443409	
230	1.000475	-0.000368	2.649053	0.000368	1.000475	-0.580379	
231	1.000055	-0.000231	2.886850	0.000231	1.000055	-0.436460	
232	0.999564	-0.000199	3.077528	0.000199	0.999564	-0.317107	
233	0.999917	-0.000293	2.940611	0.000293	0.999917	-0.306594	
234	0.999755	-0.000298	2.973286	0.000298	0.999755	-0.210703	
235	0.999791	-0.000535	2.986492	0.000535	0.999791	-0.219209	
236	0.999666	-0.000670	3.054244	0.000670	0.999666	-0.360787	
237	0.999634	-0.000816	3.098182	0.000816	0.999634	-0.396701	
238	0.999318	-0.001162	3.605425	0.001162	0.999318	-0.561553	
239	0.999525	-0.001240	3.522445	0.001240	0.999525	-0.572467	
240	1.000204	-0.001309	3.549659	0.001309	1.000204	-0.698989	
241	1.000935	-0.001203	3.584531	0.001203	1.000935	-0.750247	
242	1.001003	-0.000987	3.941859	0.000987	1.001003	-0.698895	
243	1.000031	-0.001123	5.652958	0.001123	1.000031	-0.621427	
244	1.000260	-0.001309	6.463715	0.001309	1.000260	-0.908184	
245	0.999435	-0.001464	7.708988	0.001464	0.999435	-1.038524	
246	1.000023	-0.001296	8.104787	0.001296	1.000023	-1.085540	
247	0.999802	-0.001349	9.036610	0.001349	0.999802	-1.293590	
248	0.999846	-0.001464	9.677350	0.001464	0.999846	-1.357985	
249	0.999914	-0.001524	10.065608	0.001524	0.999914	-1.500646	
250	0.999764	-0.001813	10.364122	0.001813	0.999764	-1.728310	
251	0.999738	-0.001758	10.486549	0.001758	0.999738	-1.691845	
252	0.999710	-0.001707	10.487487	0.001707	0.999710	-1.673230	
253	0.999076	-0.001693	10.713147	0.001693	0.999076	-1.534870	
254	0.999262	-0.001728	10.343275	0.001728	0.999262	-1.486587	
255	0.999323	-0.001559	10.127406	0.001559	0.999323	-1.340098	
256	0.999412	-0.001535	9.835408	0.001535	0.999412	-1.260436	
257	0.999220	-0.001539	9.837073	0.001539	0.999220	-1.263671	
258	0.999165	-0.001574	9.735485	0.001574	0.999165	-1.351571	
259	0.998900	-0.001257	9.758684	0.001257	0.998900	-1.215664	
260	0.999664	-0.001134	9.200187	0.001134	0.999664	-1.294302	
261	0.999299	-0.001221	9.268985	0.001221	0.999299	-1.420307	
262	0.999295	-0.000968	9.207686	0.000968	0.999295	-1.396808	
263	0.999094	-0.001195	9.163490	0.001195	0.999094	-1.462650	
264	0.999270	-0.001238	8.768010	0.001238	0.999270	-1.506409	
265	0.999404	-0.001343	8.160933	0.001343	0.999404	-1.343494	
266	1.000897	-0.000770	6.291761	0.000770	1.000897	-1.111588	
267	0.999730	-0.001315	7.044733	0.001315	0.999730	-0.981578	
268	0.999917	-0.001071	6.441787	0.001071	0.999917	-0.835555	
269	1.001387	-0.000429	4.240798	0.000429	1.001387	-0.551391	
270	1.001056	-0.000441	3.555282	0.000441	1.001056	-0.378388	
271	1.000803	-0.000361	2.558971	0.000361	1.000803	-0.238007	
272	1.000522	-0.000342	1.689413	0.000342	1.000522	-0.034736	
273	1.000155	-0.000235	0.545383	0.000235	1.000155	0.159656	
274	0.999824	-0.000110	-1.006381	0.000110	0.999824	0.258990	
275	0.999359	0.000067	-2.253267	-0.000067	0.999359	0.262341	
276	0.999039	0.000318	-3.176161	-0.000318	0.999039	0.303257	
277	0.998745	0.000379	-4.074013	-0.000379	0.998745	0.342346	
278	0.999640	0.001153	-6.511454	-0.001153	0.999640	0.759879	
279	0.999651	0.001205	-7.846714	-0.001205	0.999651	0.946265	
280	0.999996	0.001177	-9.526062	-0.001177	0.999996	1.074939	
281	1.000092	0.001285	-10.830888	-0.001285	1.000092	1.316668	
282	1.000000	0.001444	-11.579753	-0.001444	1.000000	1.503546	
283	1.000143	0.001861	-12.420950	-0.001861	1.000143	1.845706	
284	1.000104	0.001944	-12.855340	-0.001944	1.000104	1.888557	
285	1.000433	0.002128	-13.425530	-0.002128	1.000433	1.839409	
286	1.000302	0.002029	-13.651023	-0.002029	1.000302	1.870582	
287	1.000344	0.001853	-13.828036	-0.001853	1.000344	1.641846	
288	0.999457	0.001908	-12.880431	-0.001908	0.999457	1.660915	
289	0.999501	0.001989	-12.234879	-0.001989	0.999501	1.800177	
290	1.000092	0.001694	-12.392198	-0.001694	1.000092	1.509193	
291	0.999966	0.001621	-11.714660	-0.001621	0.999966	1.351898	
292	0.999833	0.001798	-10.994752	-0.001798	0.999833	1.488535	
293	0.999995	0.000000	0.001635	-0.000000	0.999995	0.001318	
294	1.000121	0.001797	-10.306241	-0.001797	1.000121	1.520810	
295	0.999372	0.002866	-17.254203	-0.002866	0.999372	2.691667	
296	1.000015	0.001411	-7.374522	-0.001411	1.000015	1.199451	
297	0.998281	0.000774	-4.984377	-0.000774	0.998281	1.133981	
298	0.999250	0.001183	-5.300889	-0.001183	0.999250	1.238733	
299	0.998731	0.000642	-3.998005	-0.000642	0.998731	0.955034	
300	0.999130	0.000614	-3.785375	-0.000614	0.999130	0.737178	
301	0.999114	0.000693	-3.493161	-0.000693	0.999114	0.712262	
302	0.999252	0.000490	-3.071301	-0.000490	0.999252	0.437708	
303	0.999453	0.000418	-2.953864	-0.000418	0.999453	0.387760	
304	0.999688	0.000342	-2.752646	-0.000342	0.999688	0.252694	
305	0.999837	0.000273	-2.635224	-0.000273	0.999837	0.267743	
306	1.000102	0.000322	-2.415901	-0.000322	1.000102	0.330397	
307	1.000187	0.000245	-2.257948	-0.000245	1.000187	0.323663	
308	1.000204	0.000164	-1.983056	-0.000164	1.000204	0.270837	
309	1.000182	0.000207	-1.815569	-0.000207	1.000182	0.280065	
310	1.000206	0.000068	-1.651898	-0.000068	1.000206	0.091908	
311	1.000265	0.000034	-1.549076	-0.000034	1.000265	0.073703	
312	1.000275	-0.000047	-1.261059	0.000047	1.000275	-0.098580	
313	1.000197	-0.000074	-1.056970	0.000074	1.000197	-0.085283	
314	1.000148	-0.000065	-0.832981	0.000065	1.000148	-0.161072	
315	1.000124	-0.000055	-0.715644	0.000055	1.000124	-0.107179	
316	1.000190	-0.000154	-0.618744	0.000154	1.000190	-0.106712	
317	1.000300	-0.000184	-0.589889	0.000184	1.000300	-0.064575	
318	1.000469	-0.000242	-0.569339	0.000242	1.000469	-0.067036	
319	1.000635	-0.000258	-0.662486	0.000258	1.000635	-0.029444	
320	1.000974	-0.000291	-0.669568	0.000291	1.000974	-0.032275	
321	1.001016	-0.000323	-0.675707	0.000323	1.001016	-0.063537	
322	1.001006	-0.000514	-0.725430	0.000514	1.001006	-0.227762	
323	1.000917	-0.000635	-0.808949	0.000635	1.000917	-0.416979	
324	1.000720	-0.000682	-0.599708	0.000682	1.000720	-0.489516	
325	1.000689	-0.000760	-0.579430	0.000760	1.000689	-0.516829	
326	1.000662	-0.000697	-0.483445	0.000697	1.000662	-0.509939	
327	1.000603	-0.000626	-0.473603	0.000626	1.000603	-0.478713	
328	1.000488	-0.000622	-0.388147	0.000622	1.000488	-0.504967	
329	1.000538	-0.000531	-0.526297	0.000531	1.000538	-0.482903	
330	1.000504	-0.000560	-0.498389	0.000560	1.000504	-0.467864	
331	1.000292	-0.000497	-0.310166	0.000497	1.000292	-0.369733	
332	1.000596	-0.000347	-0.278848	0.000347	1.000596	-0.309157	
333	1.000625	-0.000305	-0.154008	0.000305	1.000625	-0.449125	
334	1.000732	-0.000282	-0.067715	0.000282	1.000732	-0.636069	
335	1.000576	-0.000350	0.255014	0.000350	1.000576	-0.793998	
336	1.000676	-0.000336	0.398278	0.000336	1.000676	-0.916718	
337	1.000709	-0.000362	0.667012	0.000362	1.000709	-1.056477	
338	1.000728	-0.000317	1.172005	0.000317	1.000728	-1.062302	
339	1.000684	-0.000378	1.741573	0.000378	1.000684	-1.118020	
340	1.000779	-0.000375	2.082456	0.000375	1.000779	-1.227684	
341	1.000769	-0.000338	2.458514	0.000338	1.000769	-1.167355	
342	1.001525	-0.000571	2.412012	0.000571	1.001525	-1.367091	
343	1.001601	-0.000424	2.942782	0.000424	1.001601	-1.320196	
344	1.001631	-0.000255	3.501634	0.000255	1.001631	-1.223511	
345	1.001926	-0.000240	3.755333	0.000240	1.001926	-1.225063	
346	1.001091	-0.000751	5.252895	0.000751	1.001091	-1.430622	
347	1.000605	-0.000927	6.136712	0.000927	1.000605	-1.492920	
348	1.000432	-0.000985	6.758171	0.000985	1.000432	-1.647764	
349	1.000796	-0.001222	7.062016	0.001222	1.000796	-1.837668	
350	0.999815	-0.001202	8.543540	0.001202	0.999815	-1.803982	
351	1.001516	-0.000178	7.064780	0.000178	1.001516	-1.465894	
352	0.999621	-0.001413	9.693399	0.001413	0.999621	-1.895891	
353	0.999674	-0.001557	10.109832	0.001557	0.999674	-1.992673	
354	0.999462	-0.001565	10.593716	0.001565	0.999462	-1.912038	
355	0.999702	-0.001575	10.833936	0.001575	0.999702	-1.870873	
356	0.999623	-0.001542	11.251442	0.001542	0.999623	-1.639415	
357	0.999916	-0.001406	11.275653	0.001406	0.999916	-1.378548	
358	1.000062	-0.001510	11.247412	0.001510	1.000062	-1.198289	
359	1.000104	-0.001581	10.873509	0.001581	1.000104	-1.096495	
360	1.000107	-0.001642	10.527316	0.001642	1.000107	-0.885456	
361	1.000123	-0.001711	10.149527	0.001711	1.000123	-0.672846	
362	1.000202	-0.001720	9.903546	0.001720	1.000202	-0.855068	
363	1.000095	-0.001452	10.080002	0.001452	1.000095	-0.837117	
364	1.000082	-0.001321	10.255668	0.001321	1.000082	-1.046369	
365	1.000087	-0.001204	10.109379	0.001204	1.000087	-1.085878	
366	1.000133	-0.001131	9.953822	0.001131	1.000133	-1.111555	
367	1.000028	-0.001102	9.770304	0.001102	1.000028	-1.093079	
368	0.999966	-0.001118	9.382162	0.001118	0.999966	-0.999443	
369	1.000190	-0.001136	8.829055	0.001136	1.000190	-1.054442	
370	0.999954	-0.000794	8.678946	0.000794	0.999954	-0.662597	
371	1.000509	-0.000741	7.629852	0.000741	1.000509	-0.614552	
372	1.000262	-0.000626	6.995525	0.000626	1.000262	-0.466464	
373	1.001614	-0.000189	4.274571	0.000189	1.001614	-0.477779	
374	1.000984	-0.000355	3.830344	0.000355	1.000984	-0.460811	
375	1.000800	-0.000461	2.917344	0.000461	1.000800	-0.600891	
376	1.000565	-0.000184	2.378708	0.000184	1.000565	-0.443714	
377	1.000383	-0.000129	1.812507	0.000129	1.000383	-0.374655	
378	1.000139	0.000066	1.060834	-0.000066	1.000139	-0.183070	
379	0.999939	0.000187	-0.097907	-0.000187	0.999939	0.067435	
380	0.999670	0.000127	-1.130130	-0.000127	0.999670	0.214153	
381	0.999257	0.000154	-2.092877	-0.000154	0.999257	0.393039	
382	0.998973	0.000213	-3.112509	-0.000213	0.998973	0.549086	
