0	1.000000	0.000000	0.000000	0.000000	1.000000	0.000000	
1	1.000000	-0.000000	0.000000	0.000000	1.000000	0.000000	
2	1.000079	-0.000005	-0.123786	0.000005	1.000079	-0.005145	
3	1.000028	-0.000007	-0.065372	0.000007	1.000028	0.015036	
4	1.000015	0.000001	-0.053810	-0.000001	1.000015	0.029272	
5	1.000009	0.000000	-0.063866	-0.000000	1.000009	0.155416	
6	1.000010	0.000011	-0.058125	-0.000011	1.000010	0.161568	
7	1.000016	0.000080	-0.111861	-0.000080	1.000016	0.070168	
8	1.000012	0.000040	-0.063869	-0.000040	1.000012	-0.011142	
9	0.999999	0.000060	-0.057267	-0.000060	0.999999	-0.095539	
10	1.000033	0.000032	-0.069065	-0.000032	1.000033	-0.041902	
11	1.000022	0.000012	-0.045832	-0.000012	1.000022	-0.052929	
12	1.000051	0.000069	-0.100329	-0.000069	1.000051	0.047451	
13	1.000023	0.000047	-0.050668	-0.000047	1.000023	0.064227	
14	1.000049	0.000047	-0.066906	-0.000047	1.000049	0.048119	
15	1.000051	0.000016	-0.064116	-0.000016	1.000051	0.019460	
16	1.000050	0.000021	-0.062290	-0.000021	1.000050	0.011135	
17	1.000051	0.000004	-0.029439	-0.000004	1.000051	-0.045245	
18	1.000061	0.000016	-0.047894	-0.000016	1.000061	-0.039283	
19	1.000060	0.000013	-0.054967	-0.000013	1.000060	-0.025367	
20	1.000080	0.000017	-0.061553	-0.000017	1.000080	0.002703	
21	1.000084	-0.000009	-0.057065	0.000009	1.000084	-0.002997	
22	1.000178	0.000018	-0.139313	-0.000018	1.000178	0.046838	
23	1.000079	0.000028	-0.052653	-0.000028	1.000079	0.023614	
24	1.000077	0.000022	-0.066667	-0.000022	1.000077	-0.003089	
25	1.000092	0.000017	-0.082217	-0.000017	1.000092	-0.028836	
26	1.000103	0.000017	-0.104561	-0.000017	1.000103	-0.051617	
27	1.000179	0.000050	-0.207922	-0.000050	1.000179	-0.142873	
28	1.000214	0.000015	-0.200436	-0.000015	1.000214	-0.090159	
29	1.000125	0.000001	-0.123615	-0.000001	1.000125	-0.058377	
30	1.000109	0.000002	-0.111442	-0.000002	1.000109	-0.048220	
31	1.000111	-0.000004	-0.121676	0.000004	1.000111	-0.057446	
32	1.000171	0.000029	-0.178957	-0.000029	1.000171	-0.094067	
33	1.000079	-0.000001	-0.060070	0.000001	1.000079	-0.048688	
34	1.000057	-0.000005	-0.051659	0.000005	1.000057	-0.032916	
35	1.000060	-0.000003	-0.050832	0.000003	1.000060	-0.054998	
36	1.000046	-0.000004	-0.033377	0.000004	1.000046	-0.033342	
37	1.000081	0.000015	-0.055412	-0.000015	1.000081	0.068550	
38	1.000045	0.000008	-0.012561	-0.000008	1.000045	0.077700	
39	1.000028	0.000002	0.015308	-0.000002	1.000028	0.006863	
40	1.000027	0.000006	0.015107	-0.000006	1.000027	-0.029860	
41	1.000004	0.000029	-0.006551	-0.000029	1.000004	-0.019545	
42	0.999985	0.000007	0.032148	-0.000007	0.999985	0.039148	
43	0.999983	-0.000007	0.065091	0.000007	0.999983	0.078323	
44	1.000001	0.000022	0.054976	-0.000022	1.000001	0.033812	
45	1.000717	-0.000223	-0.396164	0.000223	1.000717	-0.150635	
46	0.999333	0.000188	0.538424	-0.000188	0.999333	0.136967	
47	0.999934	-0.000036	0.213716	0.000036	0.999934	-0.090233	
48	0.999939	-0.000050	0.162956	0.000050	0.999939	-0.002832	
49	0.999931	-0.000048	0.163019	0.000048	0.999931	0.006933	
50	0.999846	-0.000057	0.294289	0.000057	0.999846	0.085804	
51	0.999709	-0.000114	0.436620	0.000114	0.999709	0.092813	
52	0.998485	-0.000084	1.652359	0.000084	0.998485	0.761213	
53	0.998253	-0.000040	1.546247	0.000040	0.998253	0.845140	
54	0.999563	-0.000012	0.705666	0.000012	0.999563	0.287011	
55	0.999717	-0.000009	0.612990	0.000009	0.999717	0.134283	
56	0.999677	0.000027	0.649025	-0.000027	0.999677	0.115890	
57	0.999168	0.000014	1.148508	-0.000014	0.999168	0.291537	
58	0.999274	-0.000073	1.229063	0.000073	0.999274	0.089299	
59	0.999879	0.000003	0.501769	-0.000003	0.999879	0.043248	
60	0.999728	-0.000007	0.631405	0.000007	0.999728	0.095878	
61	0.999718	0.000049	0.518372	-0.000049	0.999718	0.041940	
62	0.999891	0.000064	0.253731	-0.000064	0.999891	-0.051973	
63	0.999873	-0.000008	0.047115	0.000008	0.999873	-0.176474	
64	0.999831	-0.000049	0.354155	0.000049	0.999831	-0.160628	
65	0.999812	-0.000060	0.312766	0.000060	0.999812	-0.066287	
66	0.999876	-0.000078	0.415138	0.000078	0.999876	-0.039141	
67	0.999958	-0.000161	0.382247	0.000161	0.999958	-0.087602	
68	0.999951	-0.000058	-0.304052	0.000058	0.999951	-0.016498	
69	1.000097	-0.000268	0.105779	0.000268	1.000097	-0.407333	
70	1.000298	-0.000238	-0.066954	0.000238	1.000298	-0.450674	
71	1.000154	-0.000160	-0.138147	0.000160	1.000154	-0.480572	
72	1.000225	-0.000243	-0.273917	0.000243	1.000225	-0.747179	
73	1.000079	0.000125	-1.699759	-0.000125	1.000079	-0.907458	
74	1.000364	-0.000149	-0.954673	0.000149	1.000364	-1.046279	
75	1.000341	-0.000054	-0.911306	0.000054	1.000341	-0.703858	
76	1.000240	0.000005	-0.975526	-0.000005	1.000240	-0.316661	
77	0.999624	-0.000004	-0.904613	0.000004	0.999624	0.009690	
78	0.994543	0.000328	0.137703	-0.000328	0.994543	2.208365	
79	0.999351	-0.000059	-0.848323	0.000059	0.999351	0.185447	
80	0.999732	-0.000080	-1.243762	0.000080	0.999732	-0.185352	
81	0.999244	-0.000115	-0.966441	0.000115	0.999244	-0.134254	
82	0.998339	0.000027	-0.718412	-0.000027	0.998339	0.173768	
83	0.996506	0.000424	-2.144906	-0.000424	0.996506	0.314902	
84	0.999483	0.000112	-1.597938	-0.000112	0.999483	-0.429741	
85	0.998933	0.000212	-1.491824	-0.000212	0.998933	-0.071990	
86	0.999128	0.000207	-1.854479	-0.000207	0.999128	-0.125211	
87	0.998963	0.000242	-2.036709	-0.000242	0.998963	-0.041731	
88	0.995252	0.000648	-4.107087	-0.000648	0.995252	0.758346	
89	0.998802	0.000337	-2.984692	-0.000337	0.998802	-0.062155	
90	0.999623	0.000313	-3.890209	-0.000313	0.999623	-0.441453	
91	0.999258	0.000485	-4.124928	-0.000485	0.999258	-0.258439	
92	0.999363	0.000384	-4.379441	-0.000384	0.999363	-0.355867	
93	0.999215	0.000990	-9.876496	-0.000990	0.999215	-0.624660	
94	1.000328	0.000394	-5.061945	-0.000394	1.000328	-0.610833	
95	0.999803	0.000311	-5.143920	-0.000311	0.999803	-0.548676	
96	0.999312	0.000300	-5.069128	-0.000300	0.999312	-0.335311	
97	1.000202	0.000142	-5.100274	-0.000142	1.000202	-0.690195	
98	0.997357	0.001036	-10.230548	-0.001036	0.997357	0.043823	
99	0.998483	0.000458	-4.893629	-0.000458	0.998483	-0.015813	
100	0.999455	0.000437	-5.387710	-0.000437	0.999455	-0.333566	
101	1.000406	0.000416	-5.282329	-0.000416	1.000406	-0.657120	
102	0.998964	0.000327	-4.768211	-0.000327	0.998964	-0.155376	
103	0.997258	0.000878	-9.080474	-0.000878	0.997258	0.268670	
104	0.998792	0.000236	-4.066464	-0.000236	0.998792	-0.006505	
105	0.998846	0.000230	-3.960723	-0.000230	0.998846	-0.051542	
106	0.999289	0.000232	-3.931741	-0.000232	0.999289	-0.194397	
107	0.999474	0.000231	-3.724935	-0.000231	0.999474	-0.203787	
108	0.998592	0.000576	-6.402421	-0.000576	0.998592	-0.073056	
109	0.999458	0.000126	-2.181596	-0.000126	0.999458	-0.138389	
110	0.999306	0.000014	-1.614345	-0.000014	0.999306	-0.092116	
111	0.998807	-0.000143	-0.592359	0.000143	0.998807	-0.007611	
112	0.999039	-0.000089	-0.503597	0.000089	0.999039	0.014112	
113	0.997131	0.000061	-0.409919	-0.000061	0.997131	0.313956	
114	0.998945	-0.000061	0.062284	0.000061	0.998945	-0.048368	
115	0.999400	0.000099	-0.288492	-0.000099	0.999400	-0.157489	
116	1.000481	-0.000102	-0.661574	0.000102	1.000481	-0.678603	
117	1.000642	-0.000100	-0.479505	0.000100	1.000642	-0.714093	
118	1.000399	-0.000144	-0.260772	0.000144	1.000399	-0.756129	
119	1.000559	-0.000286	0.079117	0.000286	1.000559	-0.669110	
120	1.000578	-0.000144	0.204869	0.000144	1.000578	-0.597875	
121	1.000593	0.000033	0.135516	-0.000033	1.000593	-0.459734	
122	1.000743	0.000094	0.051826	-0.000094	1.000743	-0.462358	
123	1.000353	0.000036	0.446851	-0.000036	1.000353	-0.535831	
124	0.999055	-0.000062	1.303570	0.000062	0.999055	0.147184	
125	0.998580	-0.000098	1.968688	0.000098	0.998580	0.434888	
126	0.998048	-0.000031	2.290393	0.000031	0.998048	0.704348	
127	0.998301	-0.000124	2.141023	0.000124	0.998301	0.612118	
128	0.996064	-0.000296	4.275332	0.000296	0.996064	1.333605	
129	0.999176	-0.000086	1.761917	0.000086	0.999176	0.312734	
130	1.000363	0.000002	1.101924	-0.000002	1.000363	-0.072743	
131	1.000514	0.000036	0.999621	-0.000036	1.000514	-0.157334	
132	1.000320	0.000048	0.974867	-0.000048	1.000320	-0.076625	
133	1.000523	0.000008	1.502620	-0.000008	1.000523	-0.304268	
134	1.000513	-0.000070	0.820941	0.000070	1.000513	-0.329800	
135	1.000319	-0.000065	1.019887	0.000065	1.000319	-0.226292	
136	1.000143	0.000094	0.974217	-0.000094	1.000143	-0.062806	
137	1.000077	0.000157	1.164862	-0.000157	1.000077	0.021262	
138	0.999880	0.000128	1.519252	-0.000128	0.999880	-0.052608	
139	1.000019	0.000322	1.010014	-0.000322	1.000019	0.074750	
140	1.000129	0.000167	0.873069	-0.000167	1.000129	-0.091654	
141	1.000164	0.000265	0.530799	-0.000265	1.000164	-0.017137	
142	1.000398	0.000212	0.492385	-0.000212	1.000398	-0.111333	
143	0.999954	0.000185	0.762319	-0.000185	0.999954	0.041271	
144	1.000297	-0.000039	0.373677	0.000039	1.000297	-0.253339	
145	1.000258	-0.000080	0.402155	0.000080	1.000258	-0.270239	
146	1.000451	-0.000081	0.115262	0.000081	1.000451	-0.277207	
147	1.000478	-0.000027	0.009217	0.000027	1.000478	-0.280196	
148	1.000400	0.000151	-0.309111	-0.000151	1.000400	-0.093500	
149	1.000191	0.000030	-0.042545	-0.000030	1.000191	-0.128218	
150	1.000172	0.000131	-0.067702	-0.000131	1.000172	-0.056407	
151	1.000169	0.000106	-0.103727	-0.000106	1.000169	-0.248720	
152	1.000097	0.000168	-0.190605	-0.000168	1.000097	-0.177594	
153	1.000122	0.000625	-1.385171	-0.000625	1.000122	0.029159	
154	0.999882	0.000271	-0.538310	-0.000271	0.999882	0.161323	
155	0.999675	0.000279	-0.499310	-0.000279	0.999675	0.301981	
156	0.999392	0.000359	-0.725452	-0.000359	0.999392	0.552394	
157	0.999531	0.000462	-1.261203	-0.000462	0.999531	0.480898	
158	0.998933	0.001407	-3.431211	-0.001407	0.998933	1.279861	
159	0.999099	0.000761	-1.660573	-0.000761	0.999099	0.742005	
160	0.999049	0.000830	-1.843346	-0.000830	0.999049	0.824870	
161	0.998770	0.000863	-2.004911	-0.000863	0.998770	1.032765	
162	0.998786	0.001019	-2.402512	-0.001019	0.998786	1.133512	
163	0.997503	0.002217	-6.525979	-0.002217	0.997503	2.422596	
164	0.998371	0.001536	-3.060609	-0.001536	0.998371	1.582937	
165	0.998334	0.001662	-3.512288	-0.001662	0.998334	1.633089	
166	0.997753	0.002065	-3.543804	-0.002065	0.997753	2.061736	
167	0.997102	0.001790	-2.641030	-0.001790	0.997102	2.310736	
168	0.999652	0.001737	-12.175803	-0.001737	0.999652	1.357478	
169	0.997501	0.001850	-4.027394	-0.001850	0.997501	2.147992	
170	0.996009	0.002184	-3.201809	-0.002184	0.996009	3.005022	
171	0.995327	0.002150	-2.702328	-0.002150	0.995327	3.341598	
172	0.999531	0.001334	-6.198585	-0.001334	0.999531	1.186428	
173	1.000036	0.001370	-14.582057	-0.001370	1.000036	1.142712	
174	1.000617	0.000649	-7.611707	-0.000649	1.000617	0.409981	
175	1.000696	0.000554	-7.537380	-0.000554	1.000696	0.443546	
176	0.995263	0.002146	-3.068213	-0.002146	0.995263	3.420680	
177	0.995595	0.002373	-3.596146	-0.002373	0.995595	3.293837	
178	1.000343	0.001236	-15.607197	-0.001236	1.000343	1.205840	
179	0.994841	0.002324	-2.999095	-0.002324	0.994841	3.546091	
180	0.994927	0.002378	-3.236999	-0.002378	0.994927	3.502354	
181	1.000846	0.000478	-7.903662	-0.000478	1.000846	0.262275	
182	0.999232	0.000958	-6.657516	-0.000958	0.999232	1.039001	
183	0.999981	0.001284	-15.318712	-0.001284	0.999981	1.279811	
184	0.997452	0.002377	-5.252092	-0.002377	0.997452	2.559988	
185	0.995078	0.002396	-3.153340	-0.002396	0.995078	3.638117	
186	0.995783	0.002368	-3.658967	-0.002368	0.995783	3.255923	
187	0.995100	0.002327	-3.425197	-0.002327	0.995100	3.540592	
188	0.999373	0.001269	-15.453049	-0.001269	0.999373	1.368269	
189	0.999848	0.000696	-7.816864	-0.000696	0.999848	0.730530	
190	0.994052	0.002377	-2.991339	-0.002377	0.994052	4.014065	
191	0.997147	0.002338	-5.909129	-0.002338	0.997147	2.585032	
192	0.997808	0.001736	-6.765602	-0.001736	0.997808	2.160639	
193	1.000747	0.001277	-18.543890	-0.001277	1.000747	1.272980	
194	0.993132	0.002519	-3.073869	-0.002519	0.993132	4.832423	
195	1.000535	0.000822	-9.606386	-0.000822	1.000535	0.947181	
196	0.996914	0.002399	-6.626943	-0.002399	0.996914	3.031725	
197	1.000364	0.000735	-9.841410	-0.000735	1.000364	0.930571	
198	0.999782	0.001553	-19.409766	-0.001553	0.999782	2.027073	
199	0.999827	0.000755	-9.539249	-0.000755	0.999827	1.137614	
200	0.999911	0.000904	-9.451021	-0.000904	0.999911	1.212911	
201	0.996226	0.002059	-6.439384	-0.002059	0.996226	3.257163	
202	0.999448	0.001115	-9.031512	-0.001115	0.999448	1.524547	
203	1.000079	0.001311	-20.039559	-0.001311	1.000079	2.095658	
204	0.994013	0.002680	-4.338034	-0.002680	0.994013	4.615023	
205	0.999744	0.000905	-9.201379	-0.000905	0.999744	1.511995	
206	1.000094	0.000740	-9.412783	-0.000740	1.000094	1.409343	
207	0.994954	0.002383	-4.827661	-0.002383	0.994954	4.197084	
208	1.000293	0.000837	-18.849471	-0.000837	1.000293	2.330969	
209	1.000580	0.000752	-9.425077	-0.000752	1.000580	1.534732	
210	1.000764	0.000844	-9.469912	-0.000844	1.000764	1.470956	
211	0.993581	0.002510	-3.423724	-0.002510	0.993581	5.133069	
212	0.992804	0.002203	-1.844792	-0.002203	0.992804	5.336840	
213	1.002525	0.001144	-19.620728	-0.001144	1.002525	2.123463	
214	0.996027	0.002190	-4.827081	-0.002190	0.996027	3.936308	
215	1.001035	0.000663	-8.812604	-0.000663	1.001035	1.360173	
216	1.001088	0.000714	-9.062960	-0.000714	1.001088	1.176401	
217	1.001366	0.000641	-9.438948	-0.000641	1.001366	1.050852	
218	1.003931	0.000229	-20.125906	-0.000229	1.003931	0.497915	
219	1.001694	0.000534	-9.472090	-0.000534	1.001694	0.767499	
220	1.001908	0.000407	-9.307739	-0.000407	1.001908	0.567948	
221	1.002159	0.000481	-9.346587	-0.000481	1.002159	0.438786	
222	1.002365	0.000198	-9.266047	-0.000198	1.002365	0.143017	
223	1.006361	-0.000588	-18.645085	0.000588	1.006361	-1.533401	
224	1.003135	0.000338	-8.526223	-0.000338	1.003135	-0.179424	
225	0.999822	0.001017	-4.350693	-0.001017	0.999822	1.296185	
226	1.000422	0.001042	-4.750313	-0.001042	1.000422	0.981593	
227	0.999025	0.000982	-3.040474	-0.000982	0.999025	1.467922	
228	1.000090	0.000944	-3.656622	-0.000944	1.000090	0.980282	
229	1.003790	0.000555	-11.247971	-0.000555	1.003790	-0.315636	
230	0.998281	0.000933	-1.970272	-0.000933	0.998281	1.463072	
231	0.998349	0.000990	-2.027595	-0.000990	0.998349	1.392417	
232	0.998273	0.000817	-1.501381	-0.000817	0.998273	1.204156	
233	0.998196	0.000950	-1.312594	-0.000950	0.998196	1.234843	
234	0.997846	0.001525	-2.804452	-0.001525	0.997846	1.286571	
235	0.998858	0.000574	-0.848060	-0.000574	0.998858	0.462296	
236	0.999141	0.000361	-0.938536	-0.000361	0.999141	0.235697	
237	0.999252	0.000127	-0.948283	-0.000127	0.999252	0.163914	
238	0.998968	0.000042	-0.385014	-0.000042	0.998968	0.316055	
239	0.998336	0.000071	-0.745513	-0.000071	0.998336	0.764724	
240	0.997234	0.000015	1.313196	-0.000015	0.997234	0.877422	
241	0.996270	-0.000142	1.967933	0.000142	0.996270	1.121054	
242	0.996013	0.000131	2.721869	-0.000131	0.996013	1.289401	
243	0.996993	0.000101	2.256396	-0.000101	0.996993	0.932672	
244	0.993883	0.000141	4.573977	-0.000141	0.993883	2.000062	
245	0.996733	-0.000085	2.668775	0.000085	0.996733	1.186563	
246	0.997470	-0.000109	2.274813	0.000109	0.997470	1.030471	
247	0.997755	-0.000040	1.951232	0.000040	0.997755	0.957649	
248	0.997516	0.000001	2.128404	-0.000001	0.997516	1.009627	
249	0.995562	-0.000100	3.359160	0.000100	0.995562	1.536743	
250	0.998772	-0.000108	1.205362	0.000108	0.998772	0.292672	
251	0.999710	-0.000109	0.639555	0.000109	0.999710	0.075388	
252	0.999952	-0.000163	0.471532	0.000163	0.999952	0.002366	
253	1.000034	-0.000092	0.361119	0.000092	1.000034	0.279686	
254	1.000027	-0.000167	0.342975	0.000167	1.000027	0.514084	
255	0.999928	-0.000237	0.398445	0.000237	0.999928	0.160396	
256	1.000111	-0.000192	0.224499	0.000192	1.000111	0.119657	
257	1.000108	-0.000075	0.217562	0.000075	1.000108	-0.021514	
258	1.000082	-0.000002	0.063967	0.000002	1.000082	0.009075	
259	0.999860	-0.000047	-0.172980	0.000047	0.999860	-0.001436	
260	0.999905	-0.000220	-0.036458	0.000220	0.999905	-0.253383	
261	0.999548	-0.000038	0.291917	0.000038	0.999548	0.090379	
262	1.000160	-0.000387	-0.442245	0.000387	1.000160	-0.387906	
263	1.000117	-0.000338	-0.733498	0.000338	1.000117	-0.281844	
264	0.999710	0.000108	-1.804776	-0.000108	0.999710	0.579810	
265	1.000209	-0.000233	-0.766451	0.000233	1.000209	-0.056577	
266	1.000118	-0.000109	-0.710333	0.000109	1.000118	0.123430	
267	1.000509	-0.000131	-0.979488	0.000131	1.000509	-0.072630	
268	1.001360	-0.000051	-1.452975	0.000051	1.001360	-0.229336	
269	1.003065	0.000093	-3.252668	-0.000093	1.003065	-0.366105	
270	1.001342	-0.000047	-1.074165	0.000047	1.001342	-0.210644	
271	1.001897	-0.000065	-1.512641	0.000065	1.001897	-0.396684	
272	1.001807	0.000095	-1.449601	-0.000095	1.001807	-0.126383	
273	1.001134	0.000154	-1.004823	-0.000154	1.001134	0.231861	
274	1.002379	0.000062	-2.624119	-0.000062	1.002379	0.408796	
275	1.001254	-0.000112	-1.129203	0.000112	1.001254	0.331797	
276	1.001338	-0.000158	-1.277904	0.000158	1.001338	0.405972	
277	1.001751	-0.000187	-1.579329	0.000187	1.001751	0.112155	
278	1.001436	-0.000134	-1.317644	0.000134	1.001436	0.215906	
279	1.003175	-0.000173	-3.041104	0.000173	1.003175	0.426617	
280	1.001186	-0.000194	-1.316946	0.000194	1.001186	0.254469	
281	1.001389	-0.000024	-1.583863	0.000024	1.001389	0.383221	
282	1.001681	0.000087	-1.805484	-0.000087	1.001681	0.354935	
283	1.001432	0.000198	-1.600767	-0.000198	1.001432	0.611797	
284	1.003938	0.000179	-4.549823	-0.000179	1.003938	0.791753	
285	1.001428	0.000296	-2.057576	-0.000296	1.001428	0.804135	
286	1.001430	0.000293	-1.985452	-0.000293	1.001430	0.770810	
287	1.001941	0.000158	-2.176377	-0.000158	1.001941	0.405526	
288	1.002085	0.000144	-2.215086	-0.000144	1.002085	0.372798	
289	1.004234	-0.000137	-4.110538	0.000137	1.004234	0.187979	
290	1.001868	-0.000028	-1.452163	0.000028	1.001868	0.082073	
291	1.002129	-0.000006	-1.403504	0.000006	1.002129	-0.026887	
292	1.001945	0.000005	-1.110490	-0.000005	1.001945	-0.060372	
293	1.001168	-0.000006	-0.633260	0.000006	1.001168	0.193577	
294	1.001138	-0.000243	-0.573135	0.000243	1.001138	0.482224	
295	0.999804	-0.000052	0.305602	0.000052	0.999804	0.572535	
296	0.999627	-0.000038	0.274322	0.000038	0.999627	0.710936	
297	0.999478	0.000075	0.418138	-0.000075	0.999478	0.793651	
298	0.999648	0.000033	0.150893	-0.000033	0.999648	0.659477	
299	0.999820	0.000007	-0.375108	-0.000007	0.999820	0.975252	
300	0.999741	0.000231	-0.055977	-0.000231	0.999741	0.721362	
301	0.999773	0.000286	-0.093086	-0.000286	0.999773	0.728827	
302	0.999888	0.000204	-0.042954	-0.000204	0.999888	0.519696	
303	0.999725	0.000198	0.119866	-0.000198	0.999725	0.503093	
304	0.999903	-0.000136	-0.086455	0.000136	0.999903	0.292186	
305	0.999929	0.000011	0.199463	-0.000011	0.999929	0.199017	
306	1.000382	0.000043	-0.259130	-0.000043	1.000382	0.100740	
307	1.000566	0.000021	-0.391219	-0.000021	1.000566	-0.025710	
308	1.000079	-0.000129	0.167674	0.000129	1.000079	-0.029792	
309	1.001269	0.000083	-1.287931	-0.000083	1.001269	0.120748	
310	0.999755	-0.000020	0.281814	0.000020	0.999755	0.308700	
311	0.999526	-0.000020	0.172424	0.000020	0.999526	0.408260	
312	0.999455	-0.000113	0.236656	0.000113	0.999455	0.444953	
313	0.999414	-0.000097	0.264100	0.000097	0.999414	0.476481	
314	0.999628	-0.000086	-0.627469	0.000086	0.999628	1.007271	
315	0.999575	-0.000038	-0.284169	0.000038	0.999575	0.734952	
316	0.999664	-0.000012	-0.540924	0.000012	0.999664	0.723401	
317	0.999700	-0.000005	-0.634524	0.000005	0.999700	0.768272	
318	0.999680	-0.000041	-0.708372	0.000041	0.999680	0.760830	
319	0.999218	0.000352	-1.807330	-0.000352	0.999218	2.013518	
320	0.999551	-0.000050	-1.308683	0.000050	0.999551	0.994194	
321	0.999446	0.000133	-1.463938	-0.000133	0.999446	1.196163	
322	0.999475	0.000065	-1.427088	-0.000065	0.999475	1.202249	
323	0.999848	0.000118	-1.823859	-0.000118	0.999848	1.211581	
324	1.000369	0.000356	-3.673308	-0.000356	1.000369	2.428292	
325	1.001193	0.000140	-2.709790	-0.000140	1.001193	0.758217	
326	1.001566	0.000119	-2.782917	-0.000119	1.001566	0.656723	
327	1.002122	0.000150	-3.015802	-0.000150	1.002122	0.544111	
328	1.002225	0.000110	-3.081366	-0.000110	1.002225	0.593468	
329	1.005156	0.000259	-6.183025	-0.000259	1.005156	1.176875	
330	1.003343	-0.000076	-3.497198	0.000076	1.003343	0.120428	
331	1.003495	-0.000033	-3.290424	0.000033	1.003495	0.153533	
332	1.003704	0.000006	-3.315416	-0.000006	1.003704	0.083813	
333	1.003231	0.000012	-3.050923	-0.000012	1.003231	0.201659	
334	1.004425	-0.000712	-4.028784	0.000712	1.004425	0.343159	
335	1.003462	0.000012	-3.158121	-0.000012	1.003462	-0.025374	
336	1.003796	0.000013	-3.300310	-0.000013	1.003796	-0.171809	
337	1.003741	0.000090	-3.147281	-0.000090	1.003741	-0.245108	
338	1.003735	0.000063	-3.181685	-0.000063	1.003735	-0.260717	
339	1.007908	0.000107	-6.919156	-0.000107	1.007908	-0.946369	
340	1.003075	0.000055	-2.682345	-0.000055	1.003075	-0.198287	
341	1.006004	0.000088	-4.498977	-0.000088	1.006004	-1.317668	
342	1.007616	0.000116	-5.601855	-0.000116	1.007616	-2.024848	
343	1.006607	0.000021	-4.900081	-0.000021	1.006607	-1.769028	
344	1.017491	-0.000061	-12.943672	0.000061	1.017491	-5.121194	
345	1.008236	0.000030	-5.625309	-0.000030	1.008236	-2.687642	
346	1.007677	0.000096	-5.402636	-0.000096	1.007677	-2.482780	
347	1.006836	0.000053	-4.664899	-0.000053	1.006836	-2.353410	
348	1.007552	0.000016	-5.180968	-0.000016	1.007552	-2.695831	
349	1.014755	-0.000080	-10.616067	0.000080	1.014755	-5.332353	
350	1.005993	0.000089	-4.386501	-0.000089	1.005993	-2.099395	
351	1.004526	-0.000026	-3.466816	0.000026	1.004526	-1.553405	
352	1.003153	0.000027	-2.684991	-0.000027	1.003153	-1.005759	
353	1.002227	-0.000088	-2.108542	0.000088	1.002227	-0.694592	
354	1.002743	0.000076	-3.407432	-0.000076	1.002743	-0.484202	
355	1.000629	-0.000059	-1.104826	0.000059	1.000629	-0.061349	
356	1.000310	0.000030	-1.054426	-0.000030	1.000310	0.102292	
357	1.000232	0.000052	-0.981613	-0.000052	1.000232	0.070933	
358	1.000337	0.000079	-0.934332	-0.000079	1.000337	-0.021453	
359	1.000336	0.000227	-1.032457	-0.000227	1.000336	-0.027157	
360	1.000401	-0.000002	-0.379369	0.000002	1.000401	-0.256036	
361	1.000491	-0.000041	-0.062410	0.000041	1.000491	-0.393513	
362	1.000544	0.000052	-0.004333	-0.000052	1.000544	-0.405638	
363	1.000567	-0.000179	-0.052779	0.000179	1.000567	-0.572865	
364	1.000442	-0.000188	0.561253	0.000188	1.000442	-0.713491	
365	1.000383	-0.000136	0.187285	0.000136	1.000383	-0.590700	
366	1.000603	-0.000210	-0.051625	0.000210	1.000603	-0.651631	
367	1.000279	-0.000077	0.080004	0.000077	1.000279	-0.370571	
368	1.000366	-0.000088	-0.059926	0.000088	1.000366	-0.289596	
369	1.000165	0.000042	0.452868	-0.000042	1.000165	-0.015685	
370	1.000373	-0.000092	-0.221525	0.000092	1.000373	-0.159037	
371	1.000306	-0.000188	-0.259455	0.000188	1.000306	-0.272445	
372	1.000664	-0.000018	-0.508737	0.000018	1.000664	-0.150846	
373	1.000016	-0.000096	0.208989	0.000096	1.000016	-0.148666	
374	1.000350	-0.000174	0.186344	0.000174	1.000350	-0.618093	
375	1.000363	-0.000078	0.081409	0.000078	1.000363	-0.306999	
376	1.000592	-0.000056	-0.037028	0.000056	1.000592	-0.457715	
377	1.000221	-0.000169	0.561327	0.000169	1.000221	-0.464207	
378	1.000207	-0.000159	0.888127	0.000159	1.000207	-0.606703	
379	1.000682	-0.000912	3.191022	0.000912	1.000682	-2.229910	
380	1.001586	-0.000324	0.440348	0.000324	1.001586	-1.626189	
381	1.001170	-0.000526	1.233934	0.000526	1.001170	-1.663363	
382	1.000876	-0.000544	1.989147	0.000544	1.000876	-1.661836	
383	0.999521	-0.000725	3.512887	0.000725	0.999521	-1.195542	
384	0.993440	-0.000621	13.632595	0.000621	0.993440	-0.410504	
385	0.998212	-0.001018	6.034645	0.001018	0.998212	-1.265128	
386	0.995976	-0.000958	7.718615	0.000958	0.995976	-0.439039	
387	0.995084	-0.001039	9.045484	0.001039	0.995084	-0.369408	
388	0.996727	-0.000811	8.313770	0.000811	0.996727	-0.851427	
389	0.994036	-0.000896	17.538117	0.000896	0.994036	-1.915470	
390	1.000844	-0.001802	4.449083	0.001802	1.000844	-2.993610	
391	0.996575	-0.000991	9.150926	0.000991	0.996575	-1.203623	
392	0.997419	-0.000796	8.541510	0.000796	0.997419	-1.524272	
393	0.998262	-0.000469	7.919450	0.000469	0.998262	-1.591389	
394	1.004733	-0.000996	0.311457	0.000996	1.004733	-3.890366	
395	0.994496	-0.001010	18.024644	0.001010	0.994496	-2.531161	
396	0.997848	-0.000697	8.388785	0.000697	0.997848	-1.645693	
397	0.999559	-0.001128	6.731557	0.001128	0.999559	-2.392355	
398	0.998154	-0.000405	8.426267	0.000405	0.998154	-1.616266	
399	0.999180	-0.000423	7.798805	0.000423	0.999180	-2.177720	
400	0.997770	-0.000942	16.986420	0.000942	0.997770	-3.648139	
401	1.006784	-0.000924	-0.047638	0.000924	1.006784	-4.706663	
402	0.998989	-0.000494	7.870966	0.000494	0.998989	-2.033891	
403	0.999301	-0.000290	7.817981	0.000290	0.999301	-1.838842	
404	0.997387	-0.000151	8.984039	0.000151	0.997387	-1.117876	
405	0.995707	-0.000781	18.206009	0.000781	0.995707	-2.376179	
406	0.998178	-0.000294	9.070645	0.000294	0.998178	-1.385184	
407	0.998137	-0.000201	9.206636	0.000201	0.998137	-1.277297	
408	0.997720	-0.000238	9.579285	0.000238	0.997720	-1.202507	
409	0.997922	-0.000263	9.451191	0.000263	0.997922	-1.187447	
410	0.999861	-0.000918	17.124301	0.000918	0.999861	-3.697261	
411	0.998630	-0.000372	9.414581	0.000372	0.998630	-1.583957	
412	1.006241	-0.003864	0.995010	0.003864	1.006241	-6.566277	
413	1.006914	-0.003188	0.599382	0.003188	1.006914	-6.133111	
414	1.007063	-0.002357	1.179064	0.002357	1.007063	-5.589862	
415	1.003445	-0.002987	16.490311	0.002987	1.003445	-5.803109	
416	0.999208	-0.000379	10.573977	0.000379	0.999208	-1.554567	
417	0.999570	-0.000563	10.759062	0.000563	0.999570	-1.866322	
418	1.009235	-0.004739	-1.017842	0.004739	1.009235	-8.225181	
419	0.998779	-0.000680	11.509963	0.000680	0.998779	-1.596940	
420	0.997914	-0.001762	24.253470	0.001762	0.997914	-2.858746	
421	0.998495	-0.000724	12.350600	0.000724	0.998495	-1.417471	
422	0.999607	-0.000903	11.914445	0.000903	0.999607	-1.952476	
423	0.999403	-0.000632	12.610707	0.000632	0.999403	-1.572723	
424	0.997070	-0.000527	13.679527	0.000527	0.997070	-0.543704	
425	0.997693	-0.002101	28.521755	0.002101	0.997693	-2.452137	
426	0.999557	-0.000599	13.586469	0.000599	0.999557	-1.246727	
427	1.000200	-0.000661	13.584835	0.000661	1.000200	-1.503772	
428	1.000556	-0.000632	13.793558	0.000632	1.000556	-1.695514	
429	1.000103	-0.001011	14.471026	0.001011	1.000103	-1.971281	
430	1.001717	-0.001657	28.356303	0.001657	1.001717	-3.885554	
431	1.000692	-0.001047	14.128213	0.001047	1.000692	-2.107743	
432	0.999327	-0.001191	15.069803	0.001191	0.999327	-1.846376	
433	0.999246	-0.001388	15.711395	0.001388	0.999246	-1.888053	
434	1.000192	-0.001399	15.048177	0.001399	1.000192	-2.186921	
435	1.000467	-0.002353	30.460198	0.002353	1.000467	-3.817529	
436	1.000760	-0.001077	14.551532	0.001077	1.000760	-2.047712	
437	1.001316	-0.001226	14.282830	0.001226	1.001316	-2.315256	
438	1.001850	-0.000568	12.958084	0.000568	1.001850	-1.977060	
439	1.000467	-0.000796	14.251929	0.000796	1.000467	-1.581326	
440	0.998872	-0.003479	30.271441	0.003479	0.998872	-3.333253	
441	1.000555	-0.000732	13.579365	0.000732	1.000555	-1.449801	
442	0.999206	-0.001021	14.741433	0.001021	0.999206	-1.038192	
443	0.998336	-0.001209	15.252618	0.001209	0.998336	-0.650367	
444	0.998428	-0.001084	15.071132	0.001084	0.998428	-0.734368	
445	0.997082	-0.002378	28.973641	0.002378	0.997082	-1.007686	
446	0.999142	-0.000903	13.923628	0.000903	0.999142	-0.365080	
447	0.999537	-0.000878	13.934295	0.000878	0.999537	-0.588568	
448	0.998812	-0.000840	14.250921	0.000840	0.998812	-0.164351	
449	0.998139	-0.000965	14.627648	0.000965	0.998139	-0.096705	
450	0.994497	-0.002386	32.071544	0.002386	0.994497	0.396716	
451	1.000424	-0.000812	13.185179	0.000812	1.000424	-0.632134	
452	0.999900	-0.000868	13.786200	0.000868	0.999900	-0.414273	
453	1.001143	-0.001065	12.881452	0.001065	1.001143	-1.111180	
454	1.002090	-0.001240	12.326750	0.001240	1.002090	-1.579346	
455	1.001093	-0.002278	29.103751	0.002278	1.001093	-1.682319	
456	1.002564	-0.000346	11.199911	0.000346	1.002564	-0.780485	
457	1.001662	-0.000992	12.785975	0.000992	1.001662	-0.912725	
458	0.998437	-0.005373	5.113484	0.005373	0.998437	-2.478702	
459	1.003002	-0.000915	11.557385	0.000915	1.003002	-1.630919	
460	0.997485	-0.002648	32.181439	0.002648	0.997485	-0.937068	
461	0.984728	-0.013245	18.501352	0.013245	0.984728	-0.609315	
462	0.998839	-0.001732	2.265814	0.001732	0.998839	-0.433895	
463	0.997603	-0.003141	4.607858	0.003141	0.997603	-0.511447	
464	0.989791	-0.011998	14.194468	0.011998	0.989791	-1.424633	
465	0.993319	-0.002798	34.054631	0.002798	0.993319	1.323478	
466	0.999508	-0.000993	14.420771	0.000993	0.999508	-0.323482	
467	1.000998	-0.001242	13.429679	0.001242	1.000998	-1.097167	
468	1.000376	-0.001123	13.778299	0.001123	1.000376	-0.868998	
469	0.999550	-0.002771	2.583287	0.002771	0.999550	-1.604202	
470	0.999174	-0.002467	29.014169	0.002467	0.999174	-1.000047	
471	1.000188	-0.003048	2.872973	0.003048	1.000188	-2.249044	
472	0.988482	-0.005806	13.849792	0.005806	0.988482	1.164917	
473	0.989246	-0.004408	13.800368	0.004408	0.989246	1.157078	
474	0.999910	-0.002084	1.640205	0.002084	0.999910	-1.183776	
475	0.999317	-0.002285	27.050282	0.002285	0.999317	-1.245751	
476	0.989144	-0.008306	13.976062	0.008306	0.989144	-1.321334	
477	0.987455	-0.005266	13.827550	0.005266	0.987455	1.814741	
478	0.999576	-0.001548	1.494271	0.001548	0.999576	-1.034777	
479	1.005425	-0.010700	4.865640	0.010700	1.005425	-8.852639	
480	0.998688	-0.001724	23.315544	0.001724	0.998688	-0.290469	
481	0.991578	-0.007521	12.805174	0.007521	0.991578	-1.421218	
482	1.005620	-0.003995	0.271782	0.003995	1.005620	-5.238400	
483	0.994484	-0.004647	7.489509	0.004647	0.994484	-0.109073	
484	0.990762	-0.003271	10.747908	0.003271	0.990762	1.582572	
485	1.000016	-0.003033	19.290833	0.003033	1.000016	-1.772470	
486	0.993367	-0.004644	8.874107	0.004644	0.993367	0.008364	
487	0.993546	-0.001891	6.449127	0.001891	0.993546	1.834038	
488	1.003641	-0.007226	3.155775	0.007226	1.003641	-6.574493	
489	0.997966	-0.008241	7.484483	0.008241	0.997966	-3.915556	
490	1.000056	-0.002442	17.817469	0.002442	1.000056	-1.541429	
491	0.994543	-0.003134	8.623372	0.003134	0.994543	-0.074232	
492	1.001083	-0.003590	5.990537	0.003590	1.001083	-2.533414	
493	0.994676	-0.005407	8.462958	0.005407	0.994676	-1.104165	
494	1.002840	-0.003830	1.837967	0.003830	1.002840	-3.769461	
495	0.998263	-0.001476	15.257137	0.001476	0.998263	0.124199	
496	1.000725	-0.003562	3.678606	0.003562	1.000725	-2.352018	
497	0.998896	-0.003575	4.647111	0.003575	0.998896	-1.480567	
498	0.999297	-0.002683	4.633409	0.002683	0.999297	-1.081655	
499	0.999301	-0.002834	3.839170	0.002834	0.999301	-1.166260	
500	1.004377	-0.009064	3.789180	0.009064	1.004377	-7.945299	
501	0.996788	-0.001869	4.483331	0.001869	0.996788	0.437071	
502	0.999221	-0.002210	3.258569	0.002210	0.999221	-0.800466	
503	1.002329	-0.003126	1.665221	0.003126	1.002329	-2.718954	
504	0.999562	-0.002747	4.244078	0.002747	0.999562	-1.326515	
505	0.989822	-0.005238	12.594087	0.005238	0.989822	1.613739	
506	0.999617	-0.002510	3.416768	0.002510	0.999617	-1.116933	
507	0.999460	-0.002316	3.202909	0.002316	0.999460	-0.975185	
508	0.999199	-0.002111	3.143066	0.002111	0.999199	-0.698110	
509	0.998853	-0.002125	3.448127	0.002125	0.998853	-0.497887	
510	1.002719	-0.006414	3.451419	0.006414	1.002719	-5.105411	
511	0.999031	-0.001434	2.897218	0.001434	0.999031	-0.066587	
512	0.999934	-0.001890	2.482556	0.001890	0.999934	-0.656693	
513	0.999108	-0.001403	2.850429	0.001403	0.999108	-0.001542	
514	0.999319	-0.001496	2.597640	0.001496	0.999319	-0.070373	
515	0.993209	-0.002895	7.679651	0.002895	0.993209	2.085040	
516	0.998795	-0.001156	2.696173	0.001156	0.998795	0.167707	
517	0.999047	-0.001301	2.888289	0.001301	0.999047	0.061692	
518	0.999161	-0.001308	2.956586	0.001308	0.999161	-0.045669	
519	0.999198	-0.001358	3.015979	0.001358	0.999198	-0.059704	
520	0.994868	-0.002650	7.481049	0.002650	0.994868	1.459063	
521	0.999366	-0.001061	2.470820	0.001061	0.999366	0.147147	
522	0.999749	-0.001067	1.876816	0.001067	0.999749	-0.089871	
523	1.000110	-0.000968	1.558928	0.000968	1.000110	-0.206155	
524	0.999862	-0.000821	1.789139	0.000821	0.999862	-0.004335	
525	1.000701	-0.001966	3.284846	0.001966	1.000701	-0.800931	
526	1.000042	-0.000728	1.504982	0.000728	1.000042	-0.136716	
527	1.000141	-0.000814	1.478499	0.000814	1.000141	-0.201789	
528	1.000157	-0.000706	1.317558	0.000706	1.000157	-0.205093	
529	0.999719	-0.000647	1.411902	0.000647	0.999719	0.045118	
530	1.000507	-0.001645	2.878914	0.001645	1.000507	-0.544921	
531	0.999659	-0.000498	1.072480	0.000498	0.999659	0.144739	
532	0.999841	-0.000555	0.908960	0.000555	0.999841	0.002437	
533	0.999767	-0.000457	0.848097	0.000457	0.999767	0.080846	
534	0.999788	-0.000289	0.660032	0.000289	0.999788	0.140193	
535	1.000368	-0.000595	0.789803	0.000595	1.000368	-0.093137	
536	0.999289	0.000119	0.233318	-0.000119	0.999289	0.432891	
537	0.999953	-0.000080	0.136340	0.000080	0.999953	0.079293	
538	0.999884	0.000098	-0.064337	-0.000098	0.999884	0.223955	
539	1.000005	0.000126	-0.066497	-0.000126	1.000005	0.214836	
540	0.999880	0.000148	-0.213829	-0.000148	0.999880	0.497850	
541	0.999840	0.000137	-0.257149	-0.000137	0.999840	0.339102	
542	0.999716	0.000124	-0.145342	-0.000124	0.999716	0.425867	
543	0.999670	0.000082	-0.055424	-0.000082	0.999670	0.431117	
544	0.999668	0.000117	-0.046051	-0.000117	0.999668	0.466507	
545	0.999592	0.000060	0.164773	-0.000060	0.999592	0.835304	
546	0.999723	-0.000159	0.404402	0.000159	0.999723	0.304059	
547	0.999943	-0.000145	0.491526	0.000145	0.999943	0.266130	
548	1.000119	-0.000198	0.366399	0.000198	1.000119	0.138685	
549	1.000125	-0.000156	0.461183	0.000156	1.000125	0.128619	
550	0.999933	-0.000639	1.223944	0.000639	0.999933	0.198388	
551	0.999954	-0.000381	0.790170	0.000381	0.999954	0.022047	
552	0.999743	-0.000469	0.889394	0.000469	0.999743	0.042590	
553	0.999776	-0.000444	1.031866	0.000444	0.999776	0.047101	
554	0.999813	-0.000527	1.065638	0.000527	0.999813	0.010332	
555	0.999178	-0.001085	2.158235	0.001085	0.999178	0.253566	
556	0.999704	-0.000536	1.177045	0.000536	0.999704	0.095450	
557	0.999756	-0.000566	1.161627	0.000566	0.999756	0.014726	
558	0.999784	-0.000529	1.183674	0.000529	0.999784	0.056623	
559	1.000080	-0.000612	1.014735	0.000612	1.000080	-0.125247	
560	1.000417	-0.000689	0.963339	0.000689	1.000417	-0.316766	
561	1.000381	-0.001469	1.674192	0.001469	1.000381	-0.479750	
562	1.000863	-0.000825	0.753171	0.000825	1.000863	-0.542230	
563	1.000758	-0.000830	0.840062	0.000830	1.000758	-0.532145	
564	1.000550	-0.000744	0.868840	0.000744	1.000550	-0.403290	
565	1.000644	-0.000922	0.992027	0.000922	1.000644	-0.535377	
566	1.000391	-0.001266	1.917299	0.001266	1.000391	-0.595310	
567	1.000710	-0.000653	0.746366	0.000653	1.000710	-0.588442	
568	1.000630	-0.000723	0.845274	0.000723	1.000630	-0.562273	
569	1.000317	-0.000617	0.836647	0.000617	1.000317	-0.340374	
570	1.000500	-0.000480	0.620451	0.000480	1.000500	-0.312585	
571	1.000045	-0.000586	1.158119	0.000586	1.000045	0.089536	
572	1.000521	-0.000153	0.274350	0.000153	1.000521	-0.077847	
573	1.000420	-0.000161	0.312377	0.000161	1.000420	-0.009498	
574	1.000118	-0.000122	0.436525	0.000122	1.000118	0.065973	
575	0.999996	-0.000241	0.545256	0.000241	0.999996	0.045594	
576	0.999811	-0.000278	1.102934	0.000278	0.999811	0.163432	
577	0.999994	-0.000167	0.574365	0.000167	0.999994	0.003545	
578	1.000088	-0.000222	0.539500	0.000222	1.000088	-0.084174	
579	1.000094	-0.000188	0.514733	0.000188	1.000094	-0.060585	
580	1.000138	-0.000239	0.508568	0.000239	1.000138	-0.092258	
581	0.999981	-0.000259	0.790007	0.000259	0.999981	0.080698	
582	1.000184	-0.000254	0.353433	0.000254	1.000184	-0.085439	
583	1.000142	-0.000298	0.530206	0.000298	1.000142	-0.109148	
584	1.000134	-0.000354	0.564768	0.000354	1.000134	-0.175785	
585	1.000207	-0.000290	0.429717	0.000290	1.000207	-0.174257	
586	1.000082	-0.000405	0.982904	0.000405	1.000082	-0.239243	
587	1.000046	-0.000215	0.573345	0.000215	1.000046	-0.127490	
588	1.000028	-0.000313	0.712282	0.000313	1.000028	-0.165199	
589	0.999890	-0.000278	0.665133	0.000278	0.999890	-0.001527	
590	0.999986	-0.000329	0.549031	0.000329	0.999986	-0.067848	
591	0.999489	-0.000532	1.043142	0.000532	0.999489	0.143501	
592	0.999695	-0.000210	0.444621	0.000210	0.999695	0.160323	
593	0.999672	-0.000172	0.329537	0.000172	0.999672	0.186119	
594	0.999509	-0.000083	0.252122	0.000083	0.999509	0.273878	
595	0.999461	-0.000069	0.265936	0.000069	0.999461	0.293203	
596	0.998981	-0.000041	0.658030	0.000041	0.998981	0.672898	
597	0.999783	0.000187	-0.115246	-0.000187	0.999783	0.368121	
598	0.999738	0.000194	-0.152073	-0.000194	0.999738	0.417148	
599	0.999910	0.000217	-0.209025	-0.000217	0.999910	0.426201	
600	0.999834	0.000228	-0.203550	-0.000228	0.999834	0.553432	
601	1.000311	0.000154	-0.679116	-0.000154	1.000311	1.179924	
602	1.000696	0.000141	-0.742981	-0.000141	1.000696	0.614298	
603	1.000699	0.000193	-0.777833	-0.000193	1.000699	0.590759	
604	1.000787	0.000145	-0.887481	-0.000145	1.000787	0.443665	
605	1.000825	-0.000027	-0.821763	0.000027	1.000825	0.294368	
606	1.001403	-0.000105	-1.445709	0.000105	1.001403	0.280454	
607	1.000614	-0.000055	-0.662722	0.000055	1.000614	0.198089	
608	1.000569	0.000012	-0.708534	-0.000012	1.000569	0.217813	
609	1.000506	0.000040	-0.623900	-0.000040	1.000506	0.241733	
610	1.000491	0.000088	-0.679689	-0.000088	1.000491	0.284168	
611	1.000581	0.000123	-1.002312	-0.000123	1.000581	0.563640	
612	1.000460	0.000170	-0.497159	-0.000170	1.000460	0.362044	
613	1.000164	0.000259	-0.588525	-0.000259	1.000164	0.462633	
614	1.000133	0.000248	-0.626464	-0.000248	1.000133	0.488082	
615	0.999986	0.000313	-0.651962	-0.000313	0.999986	0.628660	
616	1.000494	0.000601	-1.481856	-0.000601	1.000494	0.958552	
617	0.999900	0.000352	-0.849206	-0.000352	0.999900	0.717533	
618	1.000211	0.000305	-1.019032	-0.000305	1.000211	0.564285	
619	1.000354	0.000226	-1.108708	-0.000226	1.000354	0.472584	
620	1.000314	0.000222	-1.073404	-0.000222	1.000314	0.513832	
621	1.001377	0.000353	-2.626584	-0.000353	1.001377	0.539343	
622	1.000829	0.000255	-1.396992	-0.000255	1.000829	0.306317	
623	1.000675	0.000222	-1.305052	-0.000222	1.000675	0.303571	
624	1.000313	0.000141	-1.008959	-0.000141	1.000313	0.386339	
625	1.000471	0.000197	-1.021558	-0.000197	1.000471	0.344801	
626	1.000337	0.000376	-1.088662	-0.000376	1.000337	0.759092	
627	1.000005	0.000160	-0.560652	-0.000160	1.000005	0.377789	
628	1.000012	0.000089	-0.465224	-0.000089	1.000012	0.271731	
629	0.999895	0.000112	-0.298429	-0.000112	0.999895	0.378589	
630	0.999921	0.000099	-0.161581	-0.000099	0.999921	0.346107	
631	0.999480	0.000040	-0.150686	-0.000040	0.999480	0.819618	
632	0.999828	0.000186	-0.155785	-0.000186	0.999828	0.363569	
633	0.999958	0.000150	-0.173766	-0.000150	0.999958	0.232859	
634	0.999869	0.000104	-0.108718	-0.000104	0.999869	0.317574	
635	0.999876	0.000078	-0.103368	-0.000078	0.999876	0.338148	
636	0.999774	0.000002	-0.045882	-0.000002	0.999774	0.638555	
637	0.999827	-0.000027	-0.028578	0.000027	0.999827	0.397422	
638	0.999779	-0.000004	-0.040140	0.000004	0.999779	0.432714	
639	0.999712	-0.000024	0.019099	0.000024	0.999712	0.423945	
640	0.999686	-0.000025	0.059595	0.000025	0.999686	0.503183	
641	0.999662	0.000082	-0.060399	-0.000082	0.999662	0.796863	
642	0.999754	0.000029	0.015949	-0.000029	0.999754	0.473850	
643	0.999859	0.000109	-0.066473	-0.000109	0.999859	0.457914	
644	0.999739	0.000036	-0.041523	-0.000036	0.999739	0.448506	
645	0.999666	0.000061	-0.061620	-0.000061	0.999666	0.402648	
646	0.999487	0.000155	0.027223	-0.000155	0.999487	0.769921	
647	0.999755	0.000176	-0.113363	-0.000176	0.999755	0.427182	
648	0.999755	0.000210	-0.137262	-0.000210	0.999755	0.441147	
649	0.999764	0.000201	-0.144722	-0.000201	0.999764	0.365356	
650	0.999737	0.000181	-0.104286	-0.000181	0.999737	0.366584	
651	1.000197	-0.000153	-0.743377	0.000153	1.000197	0.234240	
652	1.000105	0.000070	-0.450113	-0.000070	1.000105	0.184704	
653	1.000121	0.000068	-0.459599	-0.000068	1.000121	0.230262	
654	1.000340	-0.000018	-0.560049	0.000018	1.000340	0.062614	
655	1.000437	-0.000062	-0.655506	0.000062	1.000437	0.019964	
656	1.001023	0.000143	-1.111878	-0.000143	1.001023	0.113766	
657	1.000375	0.000075	-0.582854	-0.000075	1.000375	0.151163	
658	1.000584	0.000083	-0.658415	-0.000083	1.000584	0.139600	
659	1.000622	0.000033	-0.608527	-0.000033	1.000622	0.106736	
660	1.000714	0.000001	-0.717879	-0.000001	1.000714	0.049493	
661	1.000950	0.000046	-0.935510	-0.000046	1.000950	0.297786	
662	1.000469	0.000065	-0.451842	-0.000065	1.000469	0.129015	
663	1.000356	0.000084	-0.419675	-0.000084	1.000356	0.194284	
664	1.000324	0.000190	-0.374558	-0.000190	1.000324	0.169259	
665	1.000328	0.000184	-0.364765	-0.000184	1.000328	0.162248	
666	1.000100	0.000043	-0.052354	-0.000043	1.000100	0.463306	
667	0.999689	0.000032	0.164043	-0.000032	0.999689	0.495986	
668	0.999693	-0.000056	0.311452	0.000056	0.999693	0.573218	
669	0.999681	-0.000118	0.426216	0.000118	0.999681	0.689609	
670	0.999613	-0.000079	0.389647	0.000079	0.999613	0.975884	
671	0.999969	-0.000285	0.054325	0.000285	0.999969	1.796664	
672	0.999695	0.000028	0.049787	-0.000028	0.999695	1.039815	
673	0.999748	0.000027	-0.045846	-0.000027	0.999748	0.851557	
674	0.999874	0.000039	-0.083818	-0.000039	0.999874	0.672853	
675	0.999943	0.000062	-0.128820	-0.000062	0.999943	0.495586	
676	0.999999	0.000183	-0.263515	-0.000183	0.999999	0.365869	
677	1.000101	0.000109	-0.209534	-0.000109	1.000101	-0.054556	
678	1.000142	0.000071	-0.196996	-0.000071	1.000142	-0.176290	
679	1.000153	0.000099	-0.180262	-0.000099	1.000153	-0.094860	
680	1.000081	0.000003	-0.100634	-0.000003	1.000081	-0.121867	
681	0.999781	-0.000185	0.017096	0.000185	0.999781	-0.007648	
682	1.000143	-0.000119	-0.047537	0.000119	1.000143	-0.041781	
683	1.000103	-0.000052	0.011725	0.000052	1.000103	0.017696	
684	1.000206	-0.000039	-0.082699	0.000039	1.000206	-0.100117	
685	1.000208	-0.000001	-0.081051	0.000001	1.000208	-0.093969	
686	1.000048	-0.000005	0.061170	0.000005	1.000048	-0.119893	
687	1.000184	-0.000100	-0.040629	0.000100	1.000184	-0.167054	
688	1.000079	-0.000210	0.255714	0.000210	1.000079	-0.191598	
689	1.000118	-0.000223	0.075868	0.000223	1.000118	-0.170271	
690	1.000120	-0.000298	0.081466	0.000298	1.000120	-0.203065	
691	1.000088	-0.000696	0.416437	0.000696	1.000088	-0.407432	
692	1.000036	-0.000288	0.291914	0.000288	1.000036	-0.217913	
693	0.999995	-0.000213	0.269160	0.000213	0.999995	-0.152343	
694	0.999950	-0.000139	0.208867	0.000139	0.999950	-0.119984	
695	0.999955	-0.000110	0.209273	0.000110	0.999955	-0.088158	
696	0.999658	-0.000036	0.190126	0.000036	0.999658	0.054127	
697	0.999885	-0.000036	0.176288	0.000036	0.999885	0.019188	
698	0.999813	-0.000009	0.195408	0.000009	0.999813	0.039966	
699	0.999764	-0.000005	0.298395	0.000005	0.999764	0.104857	
700	1.000036	-0.000079	0.227541	0.000079	1.000036	-0.010201	
701	1.000899	-0.000272	0.075314	0.000272	1.000899	-0.385374	
702	1.000568	-0.000183	-0.087786	0.000183	1.000568	-0.288515	
703	1.001010	-0.000156	-0.299878	0.000156	1.001010	-0.458768	
704	1.000978	-0.000213	-0.225215	0.000213	1.000978	-0.382792	
705	1.000918	-0.000168	-0.161082	0.000168	1.000918	-0.351508	
706	1.003119	-0.000417	-0.905741	0.000417	1.003119	-1.007826	
707	1.001321	-0.000234	-0.317004	0.000234	1.001321	-0.417468	
708	1.001457	-0.000144	-0.417341	0.000144	1.001457	-0.379331	
709	1.001304	-0.000115	-0.339960	0.000115	1.001304	-0.261916	
710	1.001477	-0.000088	-0.378365	0.000088	1.001477	-0.278529	
711	1.003899	-0.000466	-0.897953	0.000466	1.003899	-0.870960	
712	1.001520	-0.000139	-0.345802	0.000139	1.001520	-0.202594	
713	1.001648	-0.000212	-0.319904	0.000212	1.001648	-0.314897	
714	1.001376	-0.000152	-0.147532	0.000152	1.001376	-0.206411	
715	1.001210	-0.000198	-0.003004	0.000198	1.001210	-0.163833	
716	1.000610	-0.000330	0.943031	0.000330	1.000610	0.235478	
717	1.000127	-0.000374	0.817541	0.000374	1.000127	0.140287	
718	1.000062	-0.000326	0.847479	0.000326	1.000062	0.168343	
719	0.999954	-0.000385	0.964441	0.000385	0.999954	0.187310	
720	0.999715	-0.000430	1.066063	0.000430	0.999715	0.221354	
721	1.000144	-0.000688	1.629518	0.000688	1.000144	0.228432	
722	0.999654	-0.000114	0.900478	0.000114	0.999654	0.314404	
723	0.999654	-0.000162	0.877809	0.000162	0.999654	0.245142	
724	0.999645	-0.000148	0.827463	0.000148	0.999645	0.234741	
725	0.999683	-0.000204	0.762020	0.000204	0.999683	0.061044	
726	0.999609	-0.000273	0.786238	0.000273	0.999609	0.118530	
727	0.999606	-0.000342	0.931750	0.000342	0.999606	0.179002	
728	0.999694	-0.000266	0.521130	0.000266	0.999694	0.126532	
729	0.999832	-0.000207	0.237578	0.000207	0.999832	0.104319	
730	0.999721	-0.000103	0.307628	0.000103	0.999721	0.199537	
731	0.999669	-0.000030	0.242747	0.000030	0.999669	0.213761	
732	0.999573	0.000018	0.323978	-0.000018	0.999573	0.415006	
733	0.999763	-0.000081	0.179696	0.000081	0.999763	0.172811	
734	0.999762	-0.000092	0.155228	0.000092	0.999762	0.198329	
735	0.999721	-0.000143	0.212748	0.000143	0.999721	0.162356	
736	0.999723	-0.000114	0.161306	0.000114	0.999723	0.140282	
737	0.999639	-0.000134	0.150142	0.000134	0.999639	0.298503	
738	0.999758	-0.000101	0.037919	0.000101	0.999758	0.154131	
739	0.999655	-0.000164	0.108634	0.000164	0.999655	0.184427	
740	0.999669	-0.000166	0.122728	0.000166	0.999669	0.168666	
741	0.999770	-0.000220	0.088561	0.000220	0.999770	0.077694	
742	0.999487	-0.000316	0.087855	0.000316	0.999487	0.305797	
743	0.999708	-0.000044	0.094803	0.000044	0.999708	0.208184	
744	0.999667	-0.000000	0.182055	0.000000	0.999667	0.347150	
745	0.999734	0.000018	0.134100	-0.000018	0.999734	0.365155	
746	0.999816	0.000048	-0.032133	-0.000048	0.999816	0.355770	
747	0.999775	0.000124	-0.110455	-0.000124	0.999775	0.603540	
748	0.999814	0.000139	0.017970	-0.000139	0.999814	0.350500	
749	0.999748	0.000176	0.017708	-0.000176	0.999748	0.371170	
750	0.999802	0.000175	0.055908	-0.000175	0.999802	0.332147	
751	0.999790	0.000033	0.153600	-0.000033	0.999790	0.170423	
752	0.999722	0.000045	0.082291	-0.000045	0.999722	0.383577	
753	0.999852	-0.000028	0.135586	0.000028	0.999852	0.212955	
754	0.999914	0.000115	0.067429	-0.000115	0.999914	0.371766	
755	0.999869	-0.000046	0.193322	0.000046	0.999869	0.279045	
756	0.999892	0.000131	0.073936	-0.000131	0.999892	0.379182	
757	0.999932	0.000210	-0.125590	-0.000210	0.999932	0.581298	
758	0.999985	0.000122	-0.038625	-0.000122	0.999985	0.244606	
759	0.999998	0.000114	-0.072853	-0.000114	0.999998	0.158379	
760	0.999916	0.000139	-0.037408	-0.000139	0.999916	0.138692	
761	0.999899	0.000169	-0.021714	-0.000169	0.999899	0.204580	
762	0.999491	0.000283	0.008554	-0.000283	0.999491	0.429654	
763	0.999745	0.000259	0.035693	-0.000259	0.999745	0.186737	
764	0.999753	0.000287	0.056462	-0.000287	0.999753	0.300358	
765	0.999758	0.000171	0.086091	-0.000171	0.999758	0.232495	
766	0.999857	0.000178	0.021768	-0.000178	0.999857	0.247160	
767	1.000078	0.000176	-0.244054	-0.000176	1.000078	0.265281	
768	1.000233	0.000127	-0.053768	-0.000127	1.000233	0.086089	
769	1.000178	0.000040	-0.108042	-0.000040	1.000178	0.056873	
770	1.000039	-0.000039	0.002867	0.000039	1.000039	0.038926	
771	1.000265	-0.000000	-0.155535	0.000000	1.000265	0.012436	
772	1.000589	-0.000037	-0.455286	0.000037	1.000589	-0.042850	
773	1.000159	-0.000036	-0.058106	0.000036	1.000159	0.027434	
774	0.999956	-0.000082	0.113812	0.000082	0.999956	0.093929	
775	0.999981	-0.000059	0.107422	0.000059	0.999981	0.059084	
776	0.999935	0.000022	0.142808	-0.000022	0.999935	0.180554	
777	0.999877	0.000068	0.042472	-0.000068	0.999877	0.316006	
778	1.000060	-0.000026	0.098839	0.000026	1.000060	0.095329	
779	0.999993	-0.000028	0.117296	0.000028	0.999993	0.139885	
780	0.999982	-0.000013	0.073842	0.000013	0.999982	0.093423	
781	0.999896	0.000032	0.047410	-0.000032	0.999896	0.154652	
782	0.999972	0.000316	0.031082	-0.000316	0.999972	0.294071	
783	0.999886	0.000022	-0.014797	-0.000022	0.999886	0.186766	
784	0.999969	0.000021	-0.037629	-0.000021	0.999969	0.094819	
785	0.999915	0.000114	-0.065736	-0.000114	0.999915	0.128382	
786	0.999805	0.000125	-0.040622	-0.000125	0.999805	0.190781	
787	1.000001	0.000250	0.020763	-0.000250	1.000001	0.246907	
788	0.999768	-0.000011	0.043604	0.000011	0.999768	0.196588	
789	0.999778	-0.000018	0.007107	0.000018	0.999778	0.171529	
790	0.999693	-0.000057	-0.058168	0.000057	0.999693	0.188777	
791	0.999724	-0.000065	-0.044275	0.000065	0.999724	0.212849	
792	0.999576	-0.000283	0.162114	0.000283	0.999576	0.295911	
793	0.999666	-0.000158	0.056192	0.000158	0.999666	0.188394	
794	0.999749	-0.000290	-0.006784	0.000290	0.999749	0.086641	
795	0.999721	-0.000288	0.046597	0.000288	0.999721	0.057427	
796	0.999744	-0.000296	0.024077	0.000296	0.999744	0.032602	
797	0.999639	-0.000378	0.356008	0.000378	0.999639	0.087602	
798	0.999823	-0.000351	0.256248	0.000351	0.999823	0.022549	
799	0.999762	-0.000290	0.322558	0.000290	0.999762	0.097546	
800	0.999639	-0.000250	0.360087	0.000250	0.999639	0.120842	
801	0.999740	-0.000280	0.481653	0.000280	0.999740	0.031760	
802	0.999971	-0.000487	1.462171	0.000487	0.999971	-0.050598	
803	0.999687	-0.000302	1.032798	0.000302	0.999687	-0.002657	
804	1.000357	-0.000273	0.711221	0.000273	1.000357	-0.276186	
805	1.000572	-0.000324	0.649757	0.000324	1.000572	-0.379383	
806	1.000949	-0.000487	0.816074	0.000487	1.000949	-0.575828	
807	1.001693	-0.000983	2.465481	0.000983	1.001693	-0.975526	
808	1.001412	-0.000720	0.676288	0.000720	1.001412	-0.822403	
809	1.001631	-0.000653	0.609232	0.000653	1.001631	-0.831024	
810	1.001121	-0.000757	0.982082	0.000757	1.001121	-0.612379	
811	1.000930	-0.000722	1.036609	0.000722	1.000930	-0.519875	
812	1.001881	-0.000941	2.279275	0.000941	1.001881	-0.700000	
813	1.000870	-0.000575	1.016270	0.000575	1.000870	-0.393583	
814	1.000832	-0.000519	1.139901	0.000519	1.000832	-0.292832	
815	1.000338	-0.000645	1.461323	0.000645	1.000338	-0.103208	
816	1.000120	-0.000587	1.738268	0.000587	1.000120	-0.005513	
817	0.999821	-0.001111	4.435086	0.001111	0.999821	0.278655	
818	0.999808	-0.000706	2.304293	0.000706	0.999808	0.117151	
819	0.999755	-0.000756	2.673859	0.000756	0.999755	0.113289	
820	0.999762	-0.000731	2.694277	0.000731	0.999762	0.103643	
821	0.999814	-0.000743	2.675001	0.000743	0.999814	0.077326	
822	1.002240	-0.001165	4.172747	0.001165	1.002240	-0.820054	
823	1.001104	-0.000712	1.712019	0.000712	1.001104	-0.613922	
824	1.000787	-0.000759	1.983025	0.000759	1.000787	-0.494209	
825	1.000854	-0.000758	1.987565	0.000758	1.000854	-0.482887	
826	1.001040	-0.000835	1.736224	0.000835	1.001040	-0.722141	
827	1.001148	-0.001447	5.148903	0.001447	1.001148	-1.049378	
828	0.999995	-0.001139	3.447465	0.001139	0.999995	-0.918004	
829	0.999743	-0.001118	4.170013	0.001118	0.999743	-1.115717	
830	0.998593	-0.001384	5.323409	0.001384	0.998593	-0.960983	
831	0.997724	-0.001493	6.065829	0.001493	0.997724	-0.594733	
832	0.994458	-0.000651	13.884814	0.000651	0.994458	0.620039	
833	0.995945	-0.000976	7.445416	0.000976	0.995945	0.713933	
834	0.995393	-0.001171	7.478136	0.001171	0.995393	0.954613	
835	0.995919	-0.001135	7.036419	0.001135	0.995919	0.585743	
836	0.997666	-0.001254	5.400543	0.001254	0.997666	-0.185079	
837	0.991269	-0.000892	13.424504	0.000892	0.991269	1.301782	
838	0.995280	-0.001054	6.516634	0.001054	0.995280	0.294732	
839	0.996167	-0.000926	5.681172	0.000926	0.996167	0.017140	
840	0.996903	-0.001097	4.897199	0.001097	0.996903	-0.297378	
841	0.997571	-0.000947	4.324850	0.000947	0.997571	-0.465822	
842	0.991399	-0.000933	11.520888	0.000933	0.991399	1.015839	
843	0.995740	-0.000739	5.273821	0.000739	0.995740	0.478986	
844	0.996433	-0.000730	4.674940	0.000730	0.996433	0.055419	
845	0.996630	-0.000832	4.458669	0.000832	0.996630	-0.199889	
846	0.996246	-0.000710	4.442295	0.000710	0.996246	-0.021591	
847	0.987790	-0.000697	12.207896	0.000697	0.987790	1.076113	
848	0.997636	-0.000706	3.278875	0.000706	0.997636	-0.776477	
849	0.997979	-0.000744	2.971989	0.000744	0.997979	-0.923086	
850	0.997101	-0.001080	3.542680	0.001080	0.997101	-0.936105	
851	0.997494	-0.000596	3.013234	0.000596	0.997494	-0.491419	
852	0.997290	-0.000870	4.123109	0.000870	0.997290	-1.291475	
853	1.000235	-0.000567	0.792714	0.000567	1.000235	-1.047362	
854	1.000462	-0.000570	0.360050	0.000570	1.000462	-0.846965	
855	1.000271	-0.000385	0.235614	0.000385	1.000271	-0.176750	
856	1.000304	-0.000277	0.191420	0.000277	1.000304	0.212614	
857	1.000161	-0.000148	0.083765	0.000148	1.000161	1.101103	
858	1.000057	0.000004	0.043641	-0.000004	1.000057	0.819671	
859	1.000387	0.000003	-0.166320	-0.000003	1.000387	0.578899	
860	1.001182	0.000120	-0.677214	-0.000120	1.001182	0.257424	
861	1.001975	0.000090	-1.043013	-0.000090	1.001975	-0.068120	
862	1.004885	-0.000203	-2.641873	0.000203	1.004885	-0.878864	
863	1.002107	-0.000077	-1.287194	0.000077	1.002107	-0.127969	
864	1.002675	-0.000180	-1.544859	0.000180	1.002675	-0.326760	
865	1.003829	-0.000054	-2.410185	0.000054	1.003829	-0.516334	
866	1.003126	-0.000159	-1.909710	0.000159	1.003126	-0.261709	
867	1.007508	-0.000147	-4.938894	0.000147	1.007508	-0.663398	
868	1.004688	-0.000136	-3.083492	0.000136	1.004688	-0.493596	
869	1.003923	-0.000008	-2.618357	0.000008	1.003923	-0.033552	
870	1.004269	0.000034	-2.916026	-0.000034	1.004269	0.028649	
871	1.004883	0.000347	-3.542865	-0.000347	1.004883	-0.062573	
872	1.012784	0.000456	-8.738630	-0.000456	1.012784	0.063768	
873	1.005327	0.000232	-3.659796	-0.000232	1.005327	-0.237042	
874	1.006292	0.000260	-4.280521	-0.000260	1.006292	-0.518549	
875	1.005525	0.000334	-3.878034	-0.000334	1.005525	-0.197546	
876	1.006222	0.000356	-4.334208	-0.000356	1.006222	-0.581254	
877	1.016663	0.000099	-10.976384	-0.000099	1.016663	-1.863154	
878	1.005376	0.000395	-3.726992	-0.000395	1.005376	-0.188641	
879	1.006447	0.000442	-4.505646	-0.000442	1.006447	-0.521177	
880	1.007011	0.000314	-4.700842	-0.000314	1.007011	-0.854871	
881	1.006054	0.000428	-4.139667	-0.000428	1.006054	-0.416678	
882	1.011701	0.000406	-7.701891	-0.000406	1.011701	0.060535	
883	1.004601	0.000541	-3.252741	-0.000541	1.004601	0.117993	
884	1.003720	0.000532	-2.668691	-0.000532	1.003720	0.330988	
885	1.003608	0.000501	-2.539626	-0.000501	1.003608	0.249880	
886	1.003584	0.000527	-2.546027	-0.000527	1.003584	0.089369	
887	1.008010	0.000476	-5.520477	-0.000476	1.008010	-0.642489	
888	1.003008	0.000696	-2.127228	-0.000696	1.003008	0.208640	
889	1.003246	0.000546	-2.299613	-0.000546	1.003246	-0.047765	
890	1.002828	0.000406	-1.888042	-0.000406	1.002828	-0.029094	
891	1.002204	0.000491	-1.385247	-0.000491	1.002204	0.068448	
892	1.002153	0.000191	-1.323433	-0.000191	1.002153	-0.113914	
893	1.005524	0.000221	-3.681976	-0.000221	1.005524	-1.163443	
894	1.002410	0.000261	-1.392345	-0.000261	1.002410	-0.482147	
895	1.002355	0.000286	-1.358253	-0.000286	1.002355	-0.461797	
896	1.002198	0.000379	-1.227279	-0.000379	1.002198	-0.432844	
897	1.002059	0.000395	-1.128919	-0.000395	1.002059	-0.435786	
898	1.002510	0.000073	-1.433516	-0.000073	1.002510	-1.155034	
899	1.000849	0.000229	-0.290482	-0.000229	1.000849	-0.591503	
900	1.000131	0.000259	0.161564	-0.000259	1.000131	-0.418684	
901	0.999987	0.000294	0.350830	-0.000294	0.999987	-0.415123	
902	1.000051	0.000069	0.394172	-0.000069	1.000051	-0.493183	
903	0.999866	0.000293	0.500035	-0.000293	0.999866	-0.554977	
904	1.000138	0.000173	0.350359	-0.000173	1.000138	-0.385639	
905	1.000173	0.000195	0.074202	-0.000195	1.000173	-0.306946	
906	1.000220	0.000222	0.121550	-0.000222	1.000220	-0.272089	
907	1.000373	0.000170	-0.166582	-0.000170	1.000373	-0.425151	
908	1.000736	0.000279	-0.566036	-0.000279	1.000736	-1.356796	
909	1.000604	0.000214	-0.402272	-0.000214	1.000604	-1.025733	
910	1.000200	0.000232	-0.411875	-0.000232	1.000200	-1.043469	
911	0.998790	0.000093	0.137082	-0.000093	0.998790	-1.053272	
912	0.997621	-0.000284	0.896548	0.000284	0.997621	-0.626587	
913	0.993158	0.000382	0.483153	-0.000382	0.993158	-1.789811	
914	0.996857	0.000705	-0.288548	-0.000705	0.996857	-0.568249	
915	0.995249	0.000815	-0.014715	-0.000815	0.995249	-0.179700	
916	0.994256	0.000845	0.063245	-0.000845	0.994256	0.167257	
917	0.994657	0.001086	-0.378261	-0.001086	0.994657	0.146812	
918	0.989958	0.000649	-2.964659	-0.000649	0.989958	-1.948209	
919	0.996168	0.001358	-2.483928	-0.001358	0.996168	-0.475442	
920	0.994693	0.000785	-2.448242	-0.000785	0.994693	-0.797229	
921	0.993855	0.000793	-2.509904	-0.000793	0.993855	-0.581953	
922	0.993112	0.000915	-2.831502	-0.000915	0.993112	-0.229908	
923	0.985411	0.000934	-7.336869	-0.000934	0.985411	-0.556189	
924	0.993433	0.000825	-4.858583	-0.000825	0.993433	-0.294445	
925	0.995313	0.000757	-6.788874	-0.000757	0.995313	-1.002216	
926	0.996042	0.000994	-7.859398	-0.000994	0.996042	-1.139080	
927	0.995006	0.000918	-7.723099	-0.000918	0.995006	-0.690238	
928	0.986294	0.001376	-15.209399	-0.001376	0.986294	-0.942145	
929	0.994629	0.001241	-8.690889	-0.001241	0.994629	-0.092928	
930	0.994551	0.001242	-9.149788	-0.001242	0.994551	-0.215658	
931	0.994746	0.001192	-9.790532	-0.001192	0.994746	-0.282772	
932	0.996424	0.001338	-11.337129	-0.001338	0.996424	-0.897030	
933	0.992405	0.001891	-24.906387	-0.001891	0.992405	-2.917743	
934	0.997073	0.001238	-13.392245	-0.001238	0.997073	-1.264137	
935	0.996870	0.001663	-13.375873	-0.001663	0.996870	-0.974214	
936	0.997432	0.001638	-14.002229	-0.001638	0.997432	-0.913098	
937	0.997706	0.001198	-14.418862	-0.001198	0.997706	-1.221558	
938	0.994442	0.002394	-28.831406	-0.002394	0.994442	-2.560092	
939	0.997592	0.001172	-14.373066	-0.001172	0.997592	-0.704572	
940	0.998424	0.001238	-14.623293	-0.001238	0.998424	-0.830331	
941	0.999183	0.001295	-15.112397	-0.001295	0.999183	-1.117561	
942	1.000149	0.001332	-15.381331	-0.001332	1.000149	-1.337567	
943	1.000185	0.001734	-30.914617	-0.001734	1.000185	-2.719885	
944	1.000359	0.001421	-15.107844	-0.001421	1.000359	-0.939489	
945	1.000447	0.001368	-14.787362	-0.001368	1.000447	-0.831106	
946	1.000424	0.001344	-14.898896	-0.001344	1.000424	-0.927914	
947	1.000580	0.001362	-15.189595	-0.001362	1.000580	-0.881074	
948	1.001191	0.002081	-31.556957	-0.002081	1.001191	-1.818154	
949	1.000690	0.001409	-15.859011	-0.001409	1.000690	-0.438865	
950	1.000892	0.001489	-15.983782	-0.001489	1.000892	-0.205959	
951	1.000859	0.001624	-16.337395	-0.001624	1.000859	0.066489	
952	1.000620	0.001765	-16.282731	-0.001765	1.000620	0.469844	
953	1.000533	0.002568	-32.946735	-0.002568	1.000533	1.230913	
954	1.000673	0.001846	-16.848650	-0.001846	1.000673	1.027859	
955	1.001167	0.001926	-17.000382	-0.001926	1.001167	0.978558	
956	1.000609	0.001739	-16.856701	-0.001739	1.000609	1.050974	
957	1.001688	0.002112	-17.136625	-0.002112	1.001688	0.881494	
958	0.999674	0.002511	-32.745315	-0.002511	0.999674	1.873615	
959	1.000370	0.001762	-16.433603	-0.001762	1.000370	1.000974	
960	1.000120	0.001598	-16.095135	-0.001598	1.000120	1.077054	
961	1.000184	0.001701	-16.173949	-0.001701	1.000184	1.144627	
962	1.000084	0.001568	-15.849470	-0.001568	1.000084	1.272018	
963	0.999212	0.002283	-30.684281	-0.002283	0.999212	2.220655	
964	1.000035	0.001529	-15.621713	-0.001529	1.000035	1.058496	
965	0.999981	0.001485	-15.441781	-0.001485	0.999981	0.932214	
966	1.000137	0.001569	-15.601781	-0.001569	1.000137	0.863287	
967	0.999879	0.001604	-15.430342	-0.001604	0.999879	0.942778	
968	0.999369	0.002507	-31.843491	-0.002507	0.999369	1.606564	
969	0.998597	0.001792	-15.306054	-0.001792	0.998597	1.722496	
970	0.998005	0.001727	-15.430299	-0.001727	0.998005	2.079156	
971	0.996449	0.001830	-14.582441	-0.001830	0.996449	2.802940	
972	0.996395	0.001914	-14.359341	-0.001914	0.996395	2.968239	
973	0.993914	0.003461	-30.698597	-0.003461	0.993914	5.007529	
974	0.996780	0.001853	-14.911993	-0.001853	0.996780	2.429017	
975	0.997702	0.001485	-14.865546	-0.001485	0.997702	1.964970	
976	0.998183	0.001923	-15.640851	-0.001923	0.998183	1.933191	
977	0.998945	0.001984	-16.164774	-0.001984	0.998945	1.633274	
978	0.996636	0.003234	-31.986328	-0.003234	0.996636	3.573164	
979	0.999489	0.001779	-16.273984	-0.001779	0.999489	1.373871	
980	0.999914	0.001908	-16.179834	-0.001908	0.999914	1.299713	
981	0.999938	0.002535	-16.687564	-0.002535	0.999938	1.763221	
982	1.000138	0.002283	-16.491129	-0.002283	1.000138	1.470835	
983	0.999531	0.003156	-33.236382	-0.003156	0.999531	2.518488	
984	1.000138	0.001620	-16.379970	-0.001620	1.000138	1.256822	
985	1.000061	0.001694	-16.043946	-0.001694	1.000061	1.323364	
986	0.999708	0.001662	-15.680438	-0.001662	0.999708	1.409275	
987	0.999862	0.001523	-15.583088	-0.001523	0.999862	1.254355	
988	0.999980	0.002565	-31.859849	-0.002565	0.999980	2.027382	
989	0.999796	0.001495	-14.760814	-0.001495	0.999796	1.239643	
990	1.000108	0.001478	-14.851658	-0.001478	1.000108	1.137935	
991	0.999842	0.001600	-14.808424	-0.001600	0.999842	1.343474	
992	0.999715	0.001391	-13.975185	-0.001391	0.999715	1.234079	
993	0.999929	0.002709	-29.808206	-0.002709	0.999929	2.389358	
994	1.000243	0.001497	-14.446392	-0.001497	1.000243	1.215676	
995	1.000044	0.001305	-14.000604	-0.001305	1.000044	1.088749	
996	1.000209	0.001384	-14.022765	-0.001384	1.000209	1.164594	
997	1.000091	0.001340	-14.189848	-0.001340	1.000091	1.178654	
998	1.000521	0.002378	-29.238906	-0.002378	1.000521	2.119065	
999	1.000536	0.001278	-14.272174	-0.001278	1.000536	1.106927	
1000	1.000282	0.001181	-13.960430	-0.001181	1.000282	1.265356	
1001	1.000473	0.001233	-14.022639	-0.001233	1.000473	1.219837	
1002	1.000367	0.001054	-13.688310	-0.001054	1.000367	1.226361	
1003	1.001917	0.002102	-27.803432	-0.002102	1.001917	1.959808	
1004	1.001395	0.000866	-13.198287	-0.000866	1.001395	0.728475	
1005	1.001586	0.001121	-13.475966	-0.001121	1.001586	0.852174	
1006	1.000657	0.000654	-12.008405	-0.000654	1.000657	0.978575	
1007	1.001516	0.000957	-13.011870	-0.000957	1.001516	0.864856	
1008	1.000054	0.001774	-22.530901	-0.001774	1.000054	3.197922	
1009	0.999649	0.000451	-10.540122	-0.000451	0.999649	1.544871	
1010	1.001200	0.000725	-11.925280	-0.000725	1.001200	1.143599	
1011	0.998959	0.000638	-9.446522	-0.000638	0.998959	2.008355	
1012	0.999677	0.000444	-10.188508	-0.000444	0.999677	1.488726	
1013	0.999725	0.002330	-20.355880	-0.002330	0.999725	3.396855	
1014	0.999491	0.000260	-8.771781	-0.000260	0.999491	1.086415	
1015	0.997960	-0.000051	-6.790475	0.000051	0.997960	1.275315	
1016	0.999374	0.000174	-8.200606	-0.000174	0.999374	0.999869	
1017	0.998670	0.000200	-7.039335	-0.000200	0.998670	1.239573	
1018	0.999143	0.001543	-15.796447	-0.001543	0.999143	2.893073	
1019	0.999534	0.000555	-6.828608	-0.000555	0.999534	1.592790	
1020	1.000468	0.000581	-7.717489	-0.000581	1.000468	1.314590	
1021	1.000262	0.000448	-6.712056	-0.000448	1.000262	1.335726	
1022	1.000524	0.000797	-6.181649	-0.000797	1.000524	1.445200	
1023	1.003871	0.000763	-15.214082	-0.000763	1.003871	1.207669	
1024	0.996443	0.000411	-0.254066	-0.000411	0.996443	2.557903	
1025	1.001119	0.000989	-5.097503	-0.000989	1.001119	1.303848	
1026	0.996930	0.000430	-0.057482	-0.000430	0.996930	2.351902	
1027	0.997069	0.000600	-0.204794	-0.000600	0.997069	2.401907	
1028	1.001963	0.000383	-9.975310	-0.000383	1.001963	1.410934	
1029	0.998712	0.000325	-1.139528	-0.000325	0.998712	1.362054	
1030	0.999022	0.000523	-1.802068	-0.000523	0.999022	1.437337	
1031	0.998525	0.000187	-0.509833	-0.000187	0.998525	1.175429	
1032	0.999253	0.000525	-1.513586	-0.000525	0.999253	1.078789	
1033	0.997936	0.001344	-2.348777	-0.001344	0.997936	2.459802	
1034	0.998515	0.000204	-0.075728	-0.000204	0.998515	0.839447	
1035	0.998651	0.000175	0.061850	-0.000175	0.998651	0.810981	
1036	0.998621	0.000065	0.360257	-0.000065	0.998621	0.789022	
1037	0.998946	0.000055	0.060748	-0.000055	0.998946	0.711883	
1038	0.999350	0.000675	-1.653380	-0.000675	0.999350	1.284461	
1039	0.999312	0.000111	-0.049276	-0.000111	0.999312	0.691090	
1040	0.999060	-0.000071	0.492229	0.000071	0.999060	0.609733	
1041	0.999661	-0.000084	-0.070743	0.000084	0.999661	0.350308	
1042	0.999683	0.000003	-0.344456	-0.000003	0.999683	0.350493	
1043	1.000077	0.000588	-2.327327	-0.000588	1.000077	0.880366	
1044	0.999868	0.000152	-0.622995	-0.000152	0.999868	0.325748	
1045	0.999705	0.000087	-0.661509	-0.000087	0.999705	0.429764	
1046	0.999496	0.000339	-0.392000	-0.000339	0.999496	0.747038	
1047	1.000131	0.000107	-1.092962	-0.000107	1.000131	0.247414	
1048	1.000183	0.000600	-2.984309	-0.000600	1.000183	0.884268	
1049	0.999682	0.000324	-0.537438	-0.000324	0.999682	0.744228	
1050	0.999660	0.000234	-0.479429	-0.000234	0.999660	0.770484	
1051	0.999810	0.000044	-0.643332	-0.000044	0.999810	0.738132	
1052	0.999905	0.000273	-1.082790	-0.000273	0.999905	0.855141	
1053	1.000643	0.000706	-3.636366	-0.000706	1.000643	2.091287	
1054	0.999917	0.000137	-1.174272	-0.000137	0.999917	1.235430	
1055	1.000370	0.000207	-1.582749	-0.000207	1.000370	1.221976	
1056	1.000502	0.000205	-1.873756	-0.000205	1.000502	1.385479	
1057	1.000646	0.000186	-1.901786	-0.000186	1.000646	1.416518	
1058	0.999465	-0.000115	-0.339139	0.000115	0.999465	1.748673	
1059	1.006974	0.000082	-8.845451	-0.000082	1.006974	2.260667	
1060	1.002703	0.000261	-3.481234	-0.000261	1.002703	1.365600	
1061	1.002428	0.000352	-3.477976	-0.000352	1.002428	1.704146	
1062	1.002560	0.000419	-3.575812	-0.000419	1.002560	1.659306	
1063	1.003204	0.000665	-4.131335	-0.000665	1.003204	1.655375	
1064	1.010364	0.000578	-12.128756	-0.000578	1.010364	2.433617	
1065	1.003856	0.000710	-4.922654	-0.000710	1.003856	1.340456	
1066	1.003585	0.000730	-4.424442	-0.000730	1.003585	1.394905	
1067	1.003533	0.000684	-4.348582	-0.000684	1.003533	1.337276	
1068	1.004657	0.000676	-5.236576	-0.000676	1.004657	0.900899	
1069	1.013865	0.000564	-14.113812	-0.000564	1.013865	-0.238120	
1070	1.005173	0.000575	-5.410142	-0.000575	1.005173	-0.004633	
1071	1.005363	0.000474	-5.298351	-0.000474	1.005363	-0.376828	
1072	1.004952	0.000507	-5.078439	-0.000507	1.004952	-0.536630	
1073	1.003410	0.000593	-4.217653	-0.000593	1.003410	0.170988	
1074	1.014282	0.001252	-14.141595	-0.001252	1.014282	-2.126508	
1075	1.007900	0.000678	-7.643568	-0.000678	1.007900	-1.490357	
1076	1.008026	0.000524	-7.466703	-0.000524	1.008026	-1.720336	
1077	1.008651	0.000528	-7.799812	-0.000528	1.008651	-2.006667	
1078	1.007534	0.000331	-6.749225	-0.000331	1.007534	-1.947910	
1079	1.017637	0.000509	-14.998949	-0.000509	1.017637	-4.888639	
1080	1.007623	0.000030	-5.888244	-0.000030	1.007623	-2.526213	
1081	1.009995	0.000096	-7.782596	-0.000096	1.009995	-3.339468	
1082	1.008573	-0.000017	-6.509802	0.000017	1.008573	-3.085225	
1083	1.007271	0.000032	-5.665031	-0.000032	1.007271	-2.516595	
1084	1.014255	0.000353	-11.352821	-0.000353	1.014255	-4.584576	
1085	1.005537	0.000140	-4.371508	-0.000140	1.005537	-1.866085	
1086	1.003230	0.000179	-2.693047	-0.000179	1.003230	-0.945243	
1087	1.001986	0.000216	-1.728847	-0.000216	1.001986	-0.518148	
1088	1.001696	0.000228	-1.550107	-0.000228	1.001696	-0.365990	
1089	1.001435	0.000225	-1.404631	-0.000225	1.001435	-0.262717	
1090	1.000038	0.000233	-0.091889	-0.000233	1.000038	0.200844	
1091	0.999707	0.000238	0.077157	-0.000238	0.999707	0.300889	
1092	0.999696	0.000102	0.226171	-0.000102	0.999696	0.160532	
1093	0.999857	0.000177	-0.039415	-0.000177	0.999857	0.111361	
1094	1.000041	0.000112	-0.322766	-0.000112	1.000041	-0.085220	
1095	0.999990	0.000095	-0.083842	-0.000095	0.999990	-0.081131	
1096	1.000029	0.000103	-0.214008	-0.000103	1.000029	-0.169530	
1097	1.000143	-0.000017	-0.144982	0.000017	1.000143	-0.286661	
1098	1.000342	0.000083	-0.337930	-0.000083	1.000342	-0.392820	
1099	1.000180	0.000084	-0.276575	-0.000084	1.000180	-0.419655	
1100	1.000296	0.000081	-0.136765	-0.000081	1.000296	-0.321416	
1101	1.000179	0.000192	-0.047050	-0.000192	1.000179	-0.212440	
1102	1.000355	0.000280	-0.255098	-0.000280	1.000355	-0.100374	
1103	1.000014	0.000249	0.004315	-0.000249	1.000014	-0.041988	
1104	1.000039	0.000429	-0.115736	-0.000429	1.000039	-0.268244	
1105	0.999571	0.000171	0.288354	-0.000171	0.999571	0.002070	
1106	0.999385	0.000231	0.368852	-0.000231	0.999385	0.006218	
1107	0.999792	0.000207	0.144649	-0.000207	0.999792	-0.142861	
1108	0.999717	0.000278	0.065474	-0.000278	0.999717	-0.133124	
1109	0.997854	0.000553	0.145374	-0.000553	0.997854	0.453640	
1110	0.998112	0.000207	0.457439	-0.000207	0.998112	0.577462	
1111	0.998490	0.000361	0.049161	-0.000361	0.998490	0.557929	
1112	0.998549	0.000465	-0.079761	-0.000465	0.998549	0.718589	
1113	0.998058	0.000610	0.161293	-0.000610	0.998058	1.004056	
1114	0.994854	0.000755	1.333671	-0.000755	0.994854	1.802176	
1115	0.997755	0.000464	0.673059	-0.000464	0.997755	0.804245	
1116	0.998015	0.000490	0.812671	-0.000490	0.998015	0.694044	
1117	0.999249	0.000289	0.101411	-0.000289	0.999249	0.110958	
1118	0.999854	0.000244	-0.070044	-0.000244	0.999854	-0.215793	
1119	1.000391	0.000199	-0.399691	-0.000199	1.000391	-0.972713	
1120	1.000399	0.000151	-0.247429	-0.000151	1.000399	-0.530186	
1121	1.000006	0.000184	-0.147112	-0.000184	1.000006	-0.481163	
1122	0.999781	0.000197	0.094595	-0.000197	0.999781	-0.331237	
1123	0.998538	0.000240	0.691462	-0.000240	0.998538	0.176343	
1124	0.993280	0.000406	4.064430	-0.000406	0.993280	1.602718	
1125	0.997111	0.000245	1.836439	-0.000245	0.997111	0.693206	
