0	1.000000	0.000000	0.000000	0.000000	1.000000	0.000000	
1	1.000000	-0.000000	0.000000	0.000000	1.000000	0.000000	
2	0.999910	0.000119	0.081205	-0.000119	0.999910	0.192484	
3	0.999985	0.000031	0.006671	-0.000031	0.999985	0.064972	
4	0.999978	0.000050	0.014350	-0.000050	0.999978	0.099276	
5	0.999978	0.000052	0.015125	-0.000052	0.999978	0.065397	
6	0.999949	0.000034	0.021824	-0.000034	0.999949	0.058235	
7	0.999740	0.000102	0.171616	-0.000102	0.999740	0.170738	
8	0.999876	0.000075	0.037144	-0.000075	0.999876	0.091832	
9	0.999758	0.000052	0.148523	-0.000052	0.999758	0.145227	
10	0.999736	0.000056	0.144318	-0.000056	0.999736	0.172149	
11	0.999782	0.000081	0.092904	-0.000081	0.999782	0.157320	
12	0.999330	0.000144	0.365131	-0.000144	0.999330	0.381280	
13	0.999726	0.000034	0.136402	-0.000034	0.999726	0.121443	
14	0.999373	0.000065	0.361038	-0.000065	0.999373	0.294929	
15	0.999137	-0.000021	0.494598	0.000021	0.999137	0.380043	
16	0.999172	-0.000057	0.504644	0.000057	0.999172	0.311198	
17	0.998480	0.000080	0.994831	-0.000080	0.998480	0.704491	
18	0.999331	-0.000045	0.432592	0.000045	0.999331	0.260483	
19	0.999112	0.000011	0.602771	-0.000011	0.999112	0.413804	
20	0.999210	-0.000004	0.575718	0.000004	0.999210	0.360124	
21	0.999473	-0.000021	0.404096	0.000021	0.999473	0.215503	
22	0.998793	0.000050	1.017453	-0.000050	0.998793	0.625396	
23	0.999596	-0.000070	0.400204	0.000070	0.999596	0.195517	
24	0.999627	-0.000160	0.464440	0.000160	0.999627	0.116885	
25	0.999743	-0.000121	0.364008	0.000121	0.999743	0.027262	
26	0.999807	-0.000178	0.367318	0.000178	0.999807	-0.041270	
27	0.999559	-0.000054	0.741613	0.000054	0.999559	0.136911	
28	0.999845	-0.000054	0.321081	0.000054	0.999845	0.027334	
29	0.999808	-0.000071	0.375201	0.000071	0.999808	0.068861	
30	0.999866	-0.000081	0.321918	0.000081	0.999866	0.051321	
31	0.999859	-0.000068	0.335616	0.000068	0.999859	0.059644	
32	0.999672	-0.000072	0.743670	0.000072	0.999672	0.140154	
33	0.999833	-0.000030	0.423118	0.000030	0.999833	0.024540	
34	0.999829	0.000023	0.357927	-0.000023	0.999829	0.057042	
35	0.999923	-0.000043	0.318308	0.000043	0.999923	-0.031255	
36	0.999892	-0.000036	0.316516	0.000036	0.999892	-0.012285	
37	0.999806	-0.000131	0.609565	0.000131	0.999806	-0.034335	
38	0.999947	-0.000078	0.214526	0.000078	0.999947	-0.038151	
39	0.999917	-0.000035	0.222254	0.000035	0.999917	0.007440	
40	0.999908	0.000005	0.191878	-0.000005	0.999908	0.040894	
41	0.999874	-0.000030	0.208741	0.000030	0.999874	0.023952	
42	0.999829	-0.000028	0.256258	0.000028	0.999829	0.049218	
43	0.999671	-0.000017	0.282561	0.000017	0.999671	0.112140	
44	0.999859	-0.000059	0.178839	0.000059	0.999859	0.034423	
45	0.999838	-0.000035	0.125254	0.000035	0.999838	0.039616	
46	0.999813	0.000004	0.083924	-0.000004	0.999813	0.049630	
47	0.999766	0.000042	0.120052	-0.000042	0.999766	0.093276	
48	0.999662	0.000116	0.072376	-0.000116	0.999662	0.147105	
49	0.999793	0.000016	0.119941	-0.000016	0.999793	0.063200	
50	0.999780	0.000002	0.070162	-0.000002	0.999780	0.065813	
51	0.999804	0.000013	0.018195	-0.000013	0.999804	0.078650	
52	0.999792	0.000026	0.021578	-0.000026	0.999792	0.090126	
53	0.999667	0.000079	-0.068458	-0.000079	0.999667	0.157346	
54	0.999821	0.000047	-0.027414	-0.000047	0.999821	0.101198	
55	0.999852	0.000073	-0.043867	-0.000073	0.999852	0.099408	
56	0.999847	0.000084	-0.041832	-0.000084	0.999847	0.101490	
57	0.999866	0.000075	-0.027460	-0.000075	0.999866	0.082816	
58	0.999744	0.000136	-0.026340	-0.000136	0.999744	0.128864	
59	0.999929	0.000035	-0.000974	-0.000035	0.999929	-0.043615	
60	0.999926	0.000084	-0.001898	-0.000084	0.999926	0.048607	
61	0.999917	0.000100	0.005861	-0.000100	0.999917	0.070348	
62	0.999912	0.000096	0.001477	-0.000096	0.999912	0.082093	
63	0.999870	0.000171	0.053224	-0.000171	0.999870	0.140615	
64	0.999921	0.000085	0.022669	-0.000085	0.999921	0.071895	
65	0.999927	0.000086	-0.002447	-0.000086	0.999927	0.075518	
66	0.999965	0.000062	0.006884	-0.000062	0.999965	0.054545	
67	0.999947	0.000055	0.004628	-0.000055	0.999947	0.062253	
68	0.999913	0.000114	0.070071	-0.000114	0.999913	0.169873	
69	0.999940	0.000042	0.030257	-0.000042	0.999940	0.130463	
70	0.999962	0.000020	0.025369	-0.000020	0.999962	0.082319	
71	0.999956	0.000031	0.023957	-0.000031	0.999956	0.105144	
72	0.999983	0.000033	0.016387	-0.000033	0.999983	0.060612	
73	0.999982	0.000089	0.018562	-0.000089	0.999982	0.093622	
74	1.000016	0.000061	-0.023933	-0.000061	1.000016	0.041626	
75	0.999993	0.000074	-0.021307	-0.000074	0.999993	0.053049	
76	1.000008	0.000067	0.004375	-0.000067	1.000008	0.052371	
77	0.999979	0.000058	-0.018530	-0.000058	0.999979	0.055130	
78	0.999982	0.000065	-0.007611	-0.000065	0.999982	0.072283	
79	0.999964	0.000053	0.004943	-0.000053	0.999964	0.057185	
80	0.999969	0.000033	0.022943	-0.000033	0.999969	0.051506	
81	0.999920	0.000017	0.043886	-0.000017	0.999920	0.066940	
82	0.999939	0.000015	0.047049	-0.000015	0.999939	0.060895	
83	0.999815	0.000021	0.139561	-0.000021	0.999815	0.142036	
84	0.999909	0.000010	0.078257	-0.000010	0.999909	0.079171	
85	0.999903	0.000014	0.078055	-0.000014	0.999903	0.066395	
86	0.999880	-0.000002	0.107574	0.000002	0.999880	0.069388	
87	0.999867	-0.000012	0.099489	0.000012	0.999867	0.042809	
88	0.999804	0.000005	0.138418	-0.000005	0.999804	0.087204	
89	0.999862	0.000005	0.088318	-0.000005	0.999862	0.070706	
90	0.999850	0.000005	0.098381	-0.000005	0.999850	0.066643	
91	0.999828	0.000000	0.128690	-0.000000	0.999828	0.107333	
92	0.999876	-0.000029	0.113060	0.000029	0.999876	0.050007	
93	0.999779	-0.000084	0.214777	0.000084	0.999779	0.058015	
94	0.999896	-0.000042	0.107068	0.000042	0.999896	0.038535	
95	0.999927	-0.000046	0.083210	0.000046	0.999927	0.032018	
96	0.999931	-0.000047	0.087901	0.000047	0.999931	0.028991	
97	0.999904	-0.000029	0.083167	0.000029	0.999904	0.045740	
98	0.999743	-0.000060	0.186656	0.000060	0.999743	0.106995	
99	0.999895	-0.000001	0.066197	0.000001	0.999895	0.049456	
100	0.999870	-0.000019	0.096260	0.000019	0.999870	0.073715	
101	0.999859	-0.000014	0.112868	0.000014	0.999859	0.119497	
102	0.999903	-0.000020	0.076911	0.000020	0.999903	0.044555	
103	0.999844	-0.000003	0.115628	0.000003	0.999844	0.077124	
104	0.999921	-0.000008	0.069060	0.000008	0.999921	0.037224	
105	0.999936	-0.000011	0.071090	0.000011	0.999936	0.031189	
106	0.999900	-0.000032	0.067109	0.000032	0.999900	0.049904	
107	0.999898	-0.000027	0.056920	0.000027	0.999898	0.049348	
108	0.999819	-0.000120	0.132672	0.000120	0.999819	0.117984	
109	0.999893	-0.000073	0.051720	0.000073	0.999893	0.091436	
110	0.999919	-0.000099	0.040434	0.000099	0.999919	0.053719	
111	0.999860	-0.000070	0.070944	0.000070	0.999860	0.126006	
112	0.999886	-0.000097	0.052679	0.000097	0.999886	0.060863	
113	0.999815	-0.000170	0.071436	0.000170	0.999815	0.072623	
114	0.999946	-0.000081	0.018091	0.000081	0.999946	0.010948	
115	1.000020	-0.000050	0.009862	0.000050	1.000020	-0.007360	
116	1.000043	-0.000053	-0.013158	0.000053	1.000043	-0.007116	
117	1.000038	-0.000050	-0.019050	0.000050	1.000038	-0.017351	
118	1.000134	-0.000068	-0.083350	0.000068	1.000134	-0.024870	
119	1.000088	-0.000022	-0.032941	0.000022	1.000088	0.038518	
120	1.000130	-0.000019	-0.030584	0.000019	1.000130	0.001560	
121	1.000129	-0.000037	-0.036178	0.000037	1.000129	0.030635	
122	1.000178	-0.000049	-0.010438	0.000049	1.000178	-0.070892	
123	1.000254	-0.000031	-0.026378	0.000031	1.000254	-0.067390	
124	1.000143	-0.000001	0.005778	0.000001	1.000143	-0.045963	
125	1.000192	0.000000	0.016272	-0.000000	1.000192	-0.057001	
126	1.000195	0.000001	0.020887	-0.000001	1.000195	-0.052665	
127	1.000207	0.000007	0.032325	-0.000007	1.000207	-0.002733	
128	1.000220	0.000072	0.087596	-0.000072	1.000220	0.106737	
129	1.000203	0.000037	0.043416	-0.000037	1.000203	0.001571	
130	1.000200	0.000009	0.054705	-0.000009	1.000200	-0.006521	
131	1.000173	0.000018	0.082182	-0.000018	1.000173	0.030575	
132	1.000141	-0.000009	0.083186	0.000009	1.000141	0.005654	
133	1.000175	0.000011	0.220655	-0.000011	1.000175	0.041717	
134	1.000127	0.000013	0.128555	-0.000013	1.000127	0.048703	
135	1.000177	0.000039	0.106772	-0.000039	1.000177	0.013479	
136	1.000127	-0.000011	0.181247	0.000011	1.000127	0.069066	
137	1.000199	-0.000002	0.136512	0.000002	1.000199	0.005180	
138	0.999921	0.000094	0.350799	-0.000094	0.999921	0.172942	
139	0.999846	0.000045	0.298414	-0.000045	0.999846	0.135985	
140	0.999546	0.000030	0.457607	-0.000030	0.999546	0.252841	
141	0.999402	0.000065	0.533546	-0.000065	0.999402	0.347478	
142	0.999278	0.000054	0.667083	-0.000054	0.999278	0.349207	
143	0.998406	0.000018	1.328433	-0.000018	0.998406	0.752285	
144	0.999434	0.000028	0.589224	-0.000028	0.999434	0.288012	
145	0.999818	-0.000010	0.326829	0.000010	0.999818	0.182430	
146	0.999817	-0.000046	0.323416	0.000046	0.999817	0.219358	
147	0.999869	-0.000057	0.273010	0.000057	0.999869	0.307673	
148	0.999796	-0.000194	0.483608	0.000194	0.999796	0.612541	
149	0.999764	-0.000087	0.352622	0.000087	0.999764	0.330459	
150	0.999764	-0.000113	0.365414	0.000113	0.999764	0.294568	
151	0.999754	-0.000150	0.370016	0.000150	0.999754	0.334985	
152	0.999691	-0.000151	0.342391	0.000151	0.999691	0.362630	
153	0.999448	-0.000104	0.573707	0.000104	0.999448	0.843791	
154	0.999620	-0.000088	0.345807	0.000088	0.999620	0.493462	
155	0.999516	-0.000094	0.412537	0.000094	0.999516	0.508060	
156	0.999489	-0.000114	0.436759	0.000114	0.999489	0.533693	
157	0.999566	-0.000068	0.334527	0.000068	0.999566	0.456573	
158	0.999350	-0.000123	0.606490	0.000123	0.999350	0.945323	
159	0.999592	-0.000103	0.328482	0.000103	0.999592	0.540442	
160	0.999554	-0.000101	0.285316	0.000101	0.999554	0.528457	
161	0.999481	-0.000095	0.382663	0.000095	0.999481	0.615614	
162	0.999448	-0.000116	0.440039	0.000116	0.999448	0.625621	
163	0.999231	-0.000175	0.662973	0.000175	0.999231	1.062281	
164	0.999487	-0.000098	0.395392	0.000098	0.999487	0.580390	
165	0.999395	-0.000029	0.552825	0.000029	0.999395	0.735346	
166	0.999506	-0.000049	0.407576	0.000049	0.999506	0.634439	
167	0.999392	-0.000066	0.503686	0.000066	0.999392	0.706672	
168	0.999270	-0.000196	0.727548	0.000196	0.999270	1.192400	
169	0.999628	0.000003	0.241151	-0.000003	0.999628	0.750297	
170	0.999698	-0.000134	0.242371	0.000134	0.999698	0.649216	
171	0.999754	-0.000043	0.202779	0.000043	0.999754	0.715728	
172	0.999746	-0.000043	0.175889	0.000043	0.999746	0.720390	
173	0.999841	0.000064	0.168826	-0.000064	0.999841	1.227469	
174	1.000346	0.000032	-0.095486	-0.000032	1.000346	0.471250	
175	1.000289	0.000157	-0.104372	-0.000157	1.000289	0.526523	
176	1.000217	0.000123	0.018756	-0.000123	1.000217	0.543978	
177	1.000346	0.000179	-0.077530	-0.000179	1.000346	0.535961	
178	1.001251	0.000226	-0.694918	-0.000226	1.001251	0.737742	
179	1.000504	0.000140	-0.276276	-0.000140	1.000504	0.487306	
180	1.000310	0.000127	-0.109148	-0.000127	1.000310	0.503977	
181	1.000516	0.000124	-0.226639	-0.000124	1.000516	0.414829	
182	1.001080	0.000124	-0.653059	-0.000124	1.001080	0.190048	
183	1.001554	0.000280	-0.978903	-0.000280	1.001554	0.482324	
184	1.000628	0.000162	-0.281559	-0.000162	1.000628	0.329680	
185	1.001094	0.000156	-0.640818	-0.000156	1.001094	0.100613	
186	1.000907	0.000227	-0.583638	-0.000227	1.000907	0.234136	
187	1.000946	0.000256	-0.583969	-0.000256	1.000946	0.212180	
188	1.001905	0.000390	-1.237710	-0.000390	1.001905	0.299670	
189	1.001427	0.000280	-0.926444	-0.000280	1.001427	0.042899	
190	1.001474	0.000332	-0.967065	-0.000332	1.001474	0.041739	
191	1.001659	0.000293	-1.094968	-0.000293	1.001659	-0.070701	
192	1.001666	0.000258	-1.041238	-0.000258	1.001666	-0.090364	
193	1.002168	0.000347	-1.320851	-0.000347	1.002168	-0.016287	
194	1.000286	0.000171	-0.113087	-0.000171	1.000286	0.297700	
195	1.000429	0.000138	-0.346398	-0.000138	1.000429	0.265065	
196	1.000325	0.000228	-0.168152	-0.000228	1.000325	0.352760	
197	0.999956	0.000004	0.122086	-0.000004	0.999956	0.371156	
198	0.999775	0.000051	0.179712	-0.000051	0.999775	0.702073	
199	1.000071	0.000022	0.030805	-0.000022	1.000071	0.074880	
200	0.999911	0.000036	0.101069	-0.000036	0.999911	0.239609	
201	0.999925	0.000041	0.058404	-0.000041	0.999925	0.137540	
202	0.999972	0.000021	0.070783	-0.000021	0.999972	0.034632	
203	0.999744	-0.000142	0.201895	0.000142	0.999744	0.261422	
204	0.999854	-0.000108	0.190658	0.000108	0.999854	0.048000	
205	0.999792	-0.000093	0.188113	0.000093	0.999792	0.198014	
206	0.999803	-0.000117	0.151034	0.000117	0.999803	0.131268	
207	0.999785	-0.000052	0.145160	0.000052	0.999785	0.175138	
208	0.999800	0.000017	0.087627	-0.000017	0.999800	0.215052	
209	0.999591	0.000080	0.124347	-0.000080	0.999591	0.565859	
210	0.999810	0.000090	0.040378	-0.000090	0.999810	0.303894	
211	0.999786	0.000108	0.079369	-0.000108	0.999786	0.262248	
212	0.999708	0.000116	0.136433	-0.000116	0.999708	0.270976	
213	0.999745	0.000045	0.145758	-0.000045	0.999745	0.244440	
214	0.999702	0.000062	0.213578	-0.000062	0.999702	0.277362	
215	0.999614	0.000036	0.293787	-0.000036	0.999614	0.273019	
216	0.999674	-0.000006	0.297183	0.000006	0.999674	0.170190	
217	0.999549	0.000059	0.422956	-0.000059	0.999549	0.227824	
218	0.999734	-0.000002	0.255856	0.000002	0.999734	0.243583	
219	0.999893	-0.000029	0.246890	0.000029	0.999893	0.344727	
220	0.999837	-0.000087	0.260480	0.000087	0.999837	0.229574	
221	0.999840	-0.000121	0.266047	0.000121	0.999840	0.161237	
222	0.999830	-0.000044	0.249153	0.000044	0.999830	0.138681	
223	0.999805	-0.000041	0.266243	0.000041	0.999805	0.175796	
224	0.999853	-0.000041	0.207967	0.000041	0.999853	0.217267	
225	0.999809	-0.000146	0.223888	0.000146	0.999809	0.232144	
226	0.999795	-0.000219	0.241156	0.000219	0.999795	0.188002	
227	0.999823	-0.000211	0.200037	0.000211	0.999823	0.108896	
228	0.999826	-0.000120	0.172616	0.000120	0.999826	0.191994	
229	1.000013	-0.000350	0.221581	0.000350	1.000013	-0.018294	
230	0.999979	-0.000082	0.101944	0.000082	0.999979	0.097283	
231	1.000005	-0.000047	0.074678	0.000047	1.000005	0.045006	
232	1.000055	-0.000077	0.051748	0.000077	1.000055	-0.025801	
233	1.000084	-0.000063	0.073560	0.000063	1.000084	0.008944	
234	1.000045	-0.000187	0.164325	0.000187	1.000045	-0.001454	
235	1.000061	-0.000058	0.119900	0.000058	1.000061	0.062890	
236	1.000146	-0.000004	0.074266	0.000004	1.000146	-0.031957	
237	1.000094	-0.000027	0.092135	0.000027	1.000094	-0.026779	
238	1.000093	0.000005	0.076206	-0.000005	1.000093	0.005938	
239	1.000015	0.000046	0.311598	-0.000046	1.000015	0.036935	
240	1.000024	-0.000035	0.185330	0.000035	1.000024	-0.010557	
241	1.000027	-0.000063	0.143403	0.000063	1.000027	0.036789	
242	1.000105	-0.000099	0.150850	0.000099	1.000105	0.001525	
243	1.000001	-0.000152	0.154694	0.000152	1.000001	0.113896	
244	0.999755	-0.000311	0.302798	0.000311	0.999755	0.053656	
245	1.000151	-0.000342	0.132833	0.000342	1.000151	-0.032203	
246	1.000137	-0.000300	0.112858	0.000300	1.000137	-0.050075	
247	1.000105	-0.000218	0.143735	0.000218	1.000105	-0.049369	
248	1.000143	-0.000071	0.062891	0.000071	1.000143	0.026239	
249	1.000047	0.000112	0.151328	-0.000112	1.000047	0.060411	
250	1.000218	0.000155	-0.104070	-0.000155	1.000218	0.082466	
251	1.000100	0.000049	-0.009515	-0.000049	1.000100	0.063121	
252	1.000163	-0.000034	0.060296	0.000034	1.000163	-0.033086	
253	1.000262	-0.000002	0.002489	0.000002	1.000262	0.036265	
254	0.999887	-0.000114	0.170644	0.000114	0.999887	0.139235	
255	1.000159	-0.000128	-0.013314	0.000128	1.000159	-0.047714	
256	1.000065	-0.000186	0.025628	0.000186	1.000065	-0.007448	
257	1.000152	-0.000143	-0.018411	0.000143	1.000152	-0.060021	
258	1.000265	0.000124	-0.031907	-0.000124	1.000265	0.082378	
259	1.000124	-0.000288	0.099305	0.000288	1.000124	-0.029995	
260	1.000187	-0.000141	-0.028429	0.000141	1.000187	-0.087126	
261	1.000153	-0.000111	-0.009337	0.000111	1.000153	-0.065936	
262	1.000135	-0.000067	-0.014665	0.000067	1.000135	-0.043249	
263	1.000168	0.000116	-0.124168	-0.000116	1.000168	0.129538	
264	0.999852	-0.000105	0.137442	0.000105	0.999852	0.320914	
265	1.000044	0.000252	-0.153208	-0.000252	1.000044	0.234336	
266	1.000095	0.000280	-0.133872	-0.000280	1.000095	0.185218	
267	1.000193	0.000279	-0.164603	-0.000279	1.000193	0.116917	
268	1.000255	0.000249	-0.188678	-0.000249	1.000255	0.136258	
269	1.000585	0.000293	-0.390405	-0.000293	1.000585	0.131504	
270	1.000686	0.000010	-0.284457	-0.000010	1.000686	-0.126832	
271	1.000807	-0.000054	-0.359091	0.000054	1.000807	-0.176442	
272	1.000933	0.000127	-0.572801	-0.000127	1.000933	-0.167437	
273	1.001039	0.000200	-0.533536	-0.000200	1.001039	-0.123318	
274	1.002386	0.000189	-1.259536	-0.000189	1.002386	-0.454824	
275	1.000976	0.000062	-0.525784	-0.000062	1.000976	-0.119596	
276	1.000744	0.000029	-0.355778	-0.000029	1.000744	-0.084879	
277	1.000433	0.000098	-0.182134	-0.000098	1.000433	0.052672	
278	1.000292	0.000307	-0.194660	-0.000307	1.000292	0.276267	
279	1.000152	0.000364	-0.158841	-0.000364	1.000152	0.572784	
280	1.000008	0.000220	-0.026568	-0.000220	1.000008	0.356597	
281	1.000198	0.000197	0.049669	-0.000197	1.000198	0.240152	
282	1.000179	0.000282	-0.029249	-0.000282	1.000179	0.256782	
283	1.000221	0.000229	0.018600	-0.000229	1.000221	0.187969	
284	1.000226	0.000292	-0.127632	-0.000292	1.000226	0.384249	
285	1.000327	0.000189	-0.069058	-0.000189	1.000327	0.155889	
286	1.000463	0.000127	-0.061838	-0.000127	1.000463	-0.032588	
287	1.000364	0.000041	0.017171	-0.000041	1.000364	-0.124828	
288	1.000190	0.000046	0.044309	-0.000046	1.000190	-0.006869	
289	0.999634	0.000157	0.025460	-0.000157	0.999634	0.054000	
290	0.999815	-0.000061	0.169794	0.000061	0.999815	-0.061437	
291	0.999988	-0.000183	0.139608	0.000183	0.999988	-0.322624	
292	0.999498	-0.000266	0.362069	0.000266	0.999498	-0.137837	
293	0.999369	-0.000252	0.441001	0.000252	0.999369	-0.105520	
294	0.998396	-0.000108	1.198103	0.000108	0.998396	0.285317	
295	0.998808	-0.000102	0.664393	0.000102	0.998808	0.093048	
296	0.998870	0.000047	0.649324	-0.000047	0.998870	0.084714	
297	0.999066	-0.000036	0.585608	0.000036	0.999066	-0.059832	
298	0.999383	0.000125	0.383536	-0.000125	0.999383	-0.174260	
299	0.997869	0.000388	0.644818	-0.000388	0.997869	0.294187	
300	0.998448	0.000169	0.549656	-0.000169	0.998448	0.346226	
301	0.998668	-0.000031	0.424345	0.000031	0.998668	0.199150	
302	0.999434	-0.000062	0.074514	0.000062	0.999434	-0.090193	
303	0.999515	-0.000048	-0.141648	0.000048	0.999515	-0.156872	
304	0.999965	0.000403	-1.018371	-0.000403	0.999965	-0.288259	
305	0.999683	-0.000008	-0.530791	0.000008	0.999683	-0.170743	
306	0.999742	0.000156	-0.636000	-0.000156	0.999742	-0.102147	
307	1.000020	0.000195	-0.869029	-0.000195	1.000020	-0.137779	
308	1.000074	0.000175	-1.005618	-0.000175	1.000074	-0.184013	
309	0.999900	0.000497	-2.062229	-0.000497	0.999900	0.066318	
310	1.000128	0.000196	-0.968921	-0.000196	1.000128	-0.035256	
311	0.999551	0.000200	-0.633578	-0.000200	0.999551	0.228137	
312	0.998830	0.000265	-0.186999	-0.000265	0.998830	0.522329	
313	0.998859	0.000249	-0.348112	-0.000249	0.998859	0.422381	
314	0.996846	0.000786	-0.502154	-0.000786	0.996846	1.471663	
315	0.998013	0.000251	0.195237	-0.000251	0.998013	0.845285	
316	0.998749	0.000378	-0.292070	-0.000378	0.998749	0.595777	
317	0.999567	0.000313	-0.770841	-0.000313	0.999567	0.235907	
318	0.999129	0.000319	-0.556752	-0.000319	0.999129	0.377843	
319	0.998216	0.000510	-0.938021	-0.000510	0.998216	0.864764	
320	0.999945	0.000130	-0.950493	-0.000130	0.999945	0.037466	
321	1.000009	0.000024	-0.957804	-0.000024	1.000009	-0.046937	
322	0.999970	0.000269	-1.069180	-0.000269	0.999970	0.070879	
323	1.000064	0.000051	-0.982667	-0.000051	1.000064	0.025059	
324	1.000007	0.000511	-2.302288	-0.000511	1.000007	0.465611	
325	0.999639	0.000255	-0.953679	-0.000255	0.999639	0.330593	
326	0.999360	0.000431	-0.832460	-0.000431	0.999360	0.559415	
327	0.999717	0.000390	-0.841290	-0.000390	0.999717	0.403718	
328	0.999784	0.000271	-0.871124	-0.000271	0.999784	0.338238	
329	0.999128	0.000433	-1.417971	-0.000433	0.999128	0.840105	
330	0.999880	0.000204	-0.616922	-0.000204	0.999880	0.268046	
331	0.999745	0.000406	-0.655438	-0.000406	0.999745	0.494181	
332	0.999827	0.000170	-0.519378	-0.000170	0.999827	0.183264	
333	0.999965	0.000172	-0.453033	-0.000172	0.999965	0.087577	
334	0.999851	0.000285	-0.696121	-0.000285	0.999851	0.232503	
335	0.999668	0.000200	-0.254267	-0.000200	0.999668	0.180469	
336	0.999868	0.000128	-0.385042	-0.000128	0.999868	0.130609	
337	0.999822	0.000128	-0.192524	-0.000128	0.999822	0.229258	
338	0.999921	0.000051	-0.122222	-0.000051	0.999921	0.130863	
339	0.999948	-0.000045	-0.079189	0.000045	0.999948	0.182619	
340	0.999972	0.000038	-0.026599	-0.000038	0.999972	0.069400	
341	1.000011	0.000095	-0.070933	-0.000095	1.000011	0.129976	
342	1.000067	0.000088	-0.093745	-0.000088	1.000067	0.024236	
343	1.000140	0.000095	-0.112736	-0.000095	1.000140	-0.006818	
344	1.000238	0.000044	0.027735	-0.000044	1.000238	-0.086860	
345	1.000165	0.000092	-0.048387	-0.000092	1.000165	-0.035589	
346	1.000181	-0.000018	0.010056	0.000018	1.000181	-0.090177	
347	1.000221	-0.000025	-0.031544	0.000025	1.000221	-0.145573	
348	1.000248	0.000024	-0.057970	-0.000024	1.000248	-0.150319	
349	1.000458	-0.000030	0.069578	0.000030	1.000458	-0.238714	
350	1.000291	0.000041	-0.040188	-0.000041	1.000291	-0.135426	
351	1.000308	0.000025	-0.041085	-0.000025	1.000308	-0.134118	
352	1.000306	0.000080	-0.088952	-0.000080	1.000306	-0.102270	
353	1.000353	0.000127	-0.090274	-0.000127	1.000353	-0.082964	
354	1.000608	0.000077	-0.110103	-0.000077	1.000608	-0.203239	
355	1.000517	0.000074	-0.132481	-0.000074	1.000517	-0.180778	
356	1.000524	0.000045	-0.099047	-0.000045	1.000524	-0.192201	
357	1.000466	0.000034	-0.112484	-0.000034	1.000466	-0.162608	
358	1.000515	0.000064	-0.147746	-0.000064	1.000515	-0.143383	
359	1.000480	-0.000003	-0.227061	0.000003	1.000480	-0.405914	
360	1.000539	0.000098	-0.239370	-0.000098	1.000539	-0.325913	
361	1.000603	0.000094	-0.356837	-0.000094	1.000603	-0.439149	
362	1.000614	0.000055	-0.371682	-0.000055	1.000614	-0.443200	
363	1.000712	0.000136	-0.467089	-0.000136	1.000712	-0.388938	
364	1.000772	0.000197	-0.966315	-0.000197	1.000772	-0.507454	
365	1.000547	0.000197	-0.701550	-0.000197	1.000547	-0.149511	
366	1.000673	0.000240	-0.792361	-0.000240	1.000673	-0.165075	
367	1.000615	0.000269	-0.902381	-0.000269	1.000615	-0.168024	
368	1.000481	0.000241	-0.827039	-0.000241	1.000481	-0.176910	
369	0.998793	0.000459	-0.325002	-0.000459	0.998793	0.390789	
370	0.997968	0.000235	0.654992	-0.000235	0.997968	0.825700	
371	0.997559	0.000272	0.848642	-0.000272	0.997559	1.015657	
372	0.999023	0.000322	-0.159810	-0.000322	0.999023	0.415352	
373	0.999442	0.000321	-0.473535	-0.000321	0.999442	0.328804	
374	0.998701	0.000331	-0.160666	-0.000331	0.998701	0.570530	
375	0.997145	0.000776	-0.412740	-0.000776	0.997145	1.247389	
376	0.999134	0.000289	-0.568517	-0.000289	0.999134	0.333353	
377	0.998811	0.000412	-0.489958	-0.000412	0.998811	0.554261	
378	0.998747	0.000384	-0.455203	-0.000384	0.998747	0.592449	
379	0.998768	0.000373	-0.519158	-0.000373	0.998768	0.570218	
380	0.998477	0.000911	-1.857655	-0.000911	0.998477	0.726213	
381	0.999115	0.000477	-0.859622	-0.000477	0.999115	0.351092	
382	0.998478	0.000521	-0.510175	-0.000521	0.998478	0.646969	
383	0.998306	0.000564	-0.471440	-0.000564	0.998306	0.800329	
384	0.998649	0.000631	-0.786962	-0.000631	0.998649	0.702835	
385	0.998047	0.001196	-2.081538	-0.001196	0.998047	1.221307	
386	0.998784	0.000577	-0.929909	-0.000577	0.998784	0.699651	
387	0.998853	0.000560	-1.010346	-0.000560	0.998853	0.626159	
388	0.999044	0.000547	-1.132290	-0.000547	0.999044	0.541878	
389	0.999013	0.000567	-1.206063	-0.000567	0.999013	0.539461	
390	0.997826	0.001149	-2.433637	-0.001149	0.997826	1.189100	
391	0.998710	0.000636	-1.007068	-0.000636	0.998710	0.750347	
392	0.998847	0.000614	-1.146411	-0.000614	0.998847	0.632198	
393	0.998531	0.000619	-0.964406	-0.000619	0.998531	0.785769	
394	0.998196	0.000570	-0.726946	-0.000570	0.998196	0.855500	
395	0.996206	0.001123	-1.422995	-0.001123	0.996206	1.741310	
396	0.998452	0.000587	-0.796663	-0.000587	0.998452	0.778464	
397	0.998664	0.000596	-0.895241	-0.000596	0.998664	0.652585	
398	0.999814	0.000684	-1.527815	-0.000684	0.999814	0.352039	
399	0.999320	0.000550	-1.239508	-0.000550	0.999320	0.243766	
400	0.996600	0.000947	-1.140068	-0.000947	0.996600	1.540937	
401	0.998584	0.000518	-0.780065	-0.000518	0.998584	0.668579	
402	0.999032	0.000494	-1.023504	-0.000494	0.999032	0.435802	
403	0.999084	0.000513	-1.077253	-0.000513	0.999084	0.374255	
404	0.998586	0.000468	-0.685427	-0.000468	0.998586	0.574486	
405	0.998451	0.000945	-2.070323	-0.000945	0.998451	0.694344	
406	0.999581	0.000467	-1.252392	-0.000467	0.999581	0.210454	
407	0.999883	0.000389	-1.313526	-0.000389	0.999883	0.143510	
408	1.000104	0.000407	-1.443570	-0.000407	1.000104	0.004816	
409	1.000052	0.000349	-1.270511	-0.000349	1.000052	0.129288	
410	1.000017	0.000673	-2.470543	-0.000673	1.000017	0.460998	
411	0.999985	0.000355	-1.218450	-0.000355	0.999985	0.265336	
412	0.999956	0.000360	-1.121672	-0.000360	0.999956	0.312869	
413	0.999987	0.000393	-1.156227	-0.000393	0.999987	0.319049	
414	0.999927	0.000304	-0.964139	-0.000304	0.999927	0.272865	
415	0.999649	0.000627	-1.701711	-0.000627	0.999649	0.596248	
416	0.999814	0.000247	-0.751029	-0.000247	0.999814	0.278993	
417	0.999723	0.000256	-0.607556	-0.000256	0.999723	0.424301	
418	0.999714	0.000274	-0.603647	-0.000274	0.999714	0.411134	
419	0.999802	0.000262	-0.515772	-0.000262	0.999802	0.335281	
420	0.999756	0.000457	-0.893685	-0.000457	0.999756	0.499946	
421	0.999697	0.000201	-0.129436	-0.000201	0.999697	0.271517	
422	0.999842	0.000143	-0.130121	-0.000143	0.999842	0.215567	
423	0.999842	0.000070	-0.055289	-0.000070	0.999842	0.174903	
424	0.999772	0.000023	0.054606	-0.000023	0.999772	0.225081	
425	0.999627	0.000066	0.089219	-0.000066	0.999627	0.323950	
426	0.999649	0.000040	0.131773	-0.000040	0.999649	0.357588	
427	0.999687	0.000113	0.125704	-0.000113	0.999687	0.389868	
428	0.999671	0.000091	0.180073	-0.000091	0.999671	0.357246	
429	0.999655	0.000141	0.222641	-0.000141	0.999655	0.402434	
430	0.999888	-0.000090	0.453451	0.000090	0.999888	0.353136	
431	0.999500	0.000081	0.418040	-0.000081	0.999500	0.444096	
432	0.999544	0.000052	0.551313	-0.000052	0.999544	0.354495	
433	0.999548	-0.000170	0.746274	0.000170	0.999548	0.301251	
434	0.999754	-0.000176	0.785268	0.000176	0.999754	0.115616	
435	0.999570	-0.000451	1.563672	0.000451	0.999570	0.167033	
436	0.999640	-0.000178	1.027985	0.000178	0.999640	0.164954	
437	0.999924	-0.000184	0.885605	0.000184	0.999924	0.102117	
438	0.999709	-0.000137	1.115147	0.000137	0.999709	0.124335	
439	1.000100	-0.000193	0.954799	0.000193	1.000100	-0.061240	
440	1.001477	-0.000763	1.695185	0.000763	1.001477	-0.796930	
441	1.000694	-0.000313	0.823484	0.000313	1.000694	-0.367612	
442	1.000672	-0.000409	0.880183	0.000409	1.000672	-0.401886	
443	1.000830	-0.000418	0.757689	0.000418	1.000830	-0.463118	
444	1.000568	-0.000432	0.923924	0.000432	1.000568	-0.341009	
445	1.000751	-0.000766	1.940513	0.000766	1.000751	-0.501114	
446	1.000489	-0.000292	0.885565	0.000292	1.000489	-0.205792	
447	1.000413	-0.000290	0.887555	0.000290	1.000413	-0.200620	
448	1.000243	-0.000322	1.045795	0.000322	1.000243	-0.194308	
449	1.000359	-0.000366	0.963394	0.000366	1.000359	-0.313184	
450	1.000301	-0.000998	2.231766	0.000998	1.000301	-0.639320	
451	1.000030	-0.000306	1.181599	0.000306	1.000030	-0.175619	
452	0.999979	-0.000432	1.189911	0.000432	0.999979	-0.201770	
453	0.999909	-0.000305	1.188664	0.000305	0.999909	-0.120379	
454	0.999825	-0.000387	1.149536	0.000387	0.999825	-0.118547	
455	0.999462	-0.000536	2.078481	0.000536	0.999462	-0.056288	
456	0.999932	-0.000246	0.844587	0.000246	0.999932	-0.021082	
457	0.999901	-0.000242	0.776185	0.000242	0.999901	-0.058726	
458	1.000036	-0.000182	0.688660	0.000182	1.000036	-0.064201	
459	0.999830	-0.000199	0.756940	0.000199	0.999830	-0.022738	
460	0.999956	-0.000471	1.048907	0.000471	0.999956	-0.254545	
461	0.999954	-0.000271	0.676051	0.000271	0.999954	-0.157761	
462	1.000042	-0.000163	0.442889	0.000163	1.000042	-0.159219	
463	1.000136	-0.000105	0.400368	0.000105	1.000136	-0.182894	
464	1.000083	-0.000025	0.285934	0.000025	1.000083	-0.053362	
465	1.000272	-0.000022	0.483037	0.000022	1.000272	-0.160014	
466	1.000070	0.000141	0.222736	-0.000141	1.000070	0.047527	
467	1.000082	0.000214	0.008543	-0.000214	1.000082	0.067486	
468	1.000055	0.000198	0.112532	-0.000198	1.000055	0.106202	
469	1.000055	0.000276	0.037400	-0.000276	1.000055	0.095253	
470	1.000025	0.000188	0.375384	-0.000188	1.000025	0.080083	
471	1.000060	0.000178	0.131372	-0.000178	1.000060	0.083590	
472	1.000163	0.000136	0.022806	-0.000136	1.000163	0.028687	
473	1.000140	0.000106	0.089793	-0.000106	1.000140	0.039076	
474	1.000144	0.000025	0.194088	-0.000025	1.000144	0.028316	
475	1.000384	-0.000113	0.431754	0.000113	1.000384	-0.062875	
476	1.000264	-0.000118	0.247624	0.000118	1.000264	-0.095169	
477	1.000355	-0.000116	0.189870	0.000116	1.000355	-0.086814	
478	1.000208	-0.000061	0.302355	0.000061	1.000208	-0.011725	
479	1.000075	0.000076	0.302596	-0.000076	1.000075	0.149105	
480	1.000799	-0.000022	0.374416	0.000022	1.000799	-0.101438	
481	1.000539	0.000126	0.034469	-0.000126	1.000539	-0.013238	
482	1.000665	0.000161	-0.042491	-0.000161	1.000665	-0.100965	
483	1.000635	0.000123	0.068451	-0.000123	1.000635	-0.075772	
484	1.000274	0.000160	0.341028	-0.000160	1.000274	0.096920	
485	1.001523	-0.000160	0.370326	0.000160	1.001523	-0.457871	
486	1.000611	-0.000107	0.269419	0.000107	1.000611	-0.122475	
487	1.000500	-0.000181	0.399864	0.000181	1.000500	-0.092510	
488	1.000744	-0.000227	0.364618	0.000227	1.000744	-0.212789	
489	1.000742	-0.000198	0.381076	0.000198	1.000742	-0.205171	
490	1.001709	-0.000525	0.793127	0.000525	1.001709	-0.684949	
491	1.000793	-0.000225	0.317959	0.000225	1.000793	-0.317361	
492	1.001034	-0.000304	0.283395	0.000304	1.001034	-0.418805	
493	1.000912	-0.000312	0.403882	0.000312	1.000912	-0.366459	
494	1.001271	-0.000336	0.339792	0.000336	1.001271	-0.471773	
495	1.002101	-0.000925	1.001295	0.000925	1.002101	-0.800721	
496	1.001067	-0.000283	0.448544	0.000283	1.001067	-0.323828	
497	1.000973	-0.000222	0.480259	0.000222	1.000973	-0.272037	
498	1.000764	-0.000120	0.562167	0.000120	1.000764	-0.071634	
499	1.000685	-0.000309	0.723326	0.000309	1.000685	-0.116502	
500	1.002091	-0.000762	1.272619	0.000762	1.002091	-0.682508	
501	1.001001	-0.000522	0.610635	0.000522	1.001001	-0.341783	
502	1.000969	-0.000458	0.701229	0.000458	1.000969	-0.306298	
503	1.000884	-0.000505	0.712555	0.000505	1.000884	-0.283484	
504	1.001469	-0.000543	0.521963	0.000543	1.001469	-0.531898	
505	1.002494	-0.001167	1.350967	0.001167	1.002494	-0.911374	
506	1.001321	-0.000523	0.721054	0.000523	1.001321	-0.468202	
507	1.002121	-0.000515	0.266706	0.000515	1.002121	-0.715965	
508	1.002101	-0.000555	0.342042	0.000555	1.002101	-0.721648	
509	1.001566	-0.000513	0.664465	0.000513	1.001566	-0.456900	
510	1.003523	-0.001284	1.366842	0.001284	1.003523	-1.137224	
511	1.002014	-0.000576	0.363004	0.000576	1.002014	-0.670464	
512	1.001983	-0.000585	0.524257	0.000585	1.001983	-0.606306	
513	1.001757	-0.000546	0.709801	0.000546	1.001757	-0.506629	
514	1.001596	-0.000523	0.817562	0.000523	1.001596	-0.358504	
515	1.003933	-0.001254	1.127736	0.001254	1.003933	-1.151041	
516	1.001724	-0.000229	0.594907	0.000229	1.001724	-0.236095	
517	1.002247	-0.000292	0.239982	0.000292	1.002247	-0.422106	
518	1.002705	-0.000462	0.067625	0.000462	1.002705	-0.657608	
519	1.002245	-0.000581	0.323416	0.000581	1.002245	-0.529872	
520	1.003380	-0.001340	1.729853	0.001340	1.003380	-0.401752	
521	1.000869	-0.000717	1.278624	0.000717	1.000869	0.096529	
522	1.001671	-0.000561	0.845526	0.000561	1.001671	-0.046333	
523	1.002230	-0.000595	0.499023	0.000595	1.002230	-0.247034	
524	1.001857	-0.000477	0.691363	0.000477	1.001857	0.079051	
525	1.004196	-0.001060	1.565390	0.001060	1.004196	0.555908	
526	1.001544	-0.000180	0.927595	0.000180	1.001544	0.576158	
527	1.001959	-0.000557	0.749211	0.000557	1.001959	0.275783	
528	1.002229	-0.000490	0.756475	0.000490	1.002229	0.063749	
529	1.000828	-0.000855	1.768647	0.000855	1.000828	0.526421	
530	1.001342	-0.001550	3.203405	0.001550	1.001342	1.385988	
531	1.001249	-0.000445	1.292305	0.000445	1.001249	0.529606	
532	1.001654	-0.000363	1.022564	0.000363	1.001654	0.475910	
533	1.002113	-0.000319	0.783829	0.000319	1.002113	0.279901	
534	1.001242	-0.000325	1.189325	0.000325	1.001242	0.568940	
535	0.998999	-0.001093	3.837244	0.001093	0.998999	2.040199	
536	0.999903	-0.000146	1.136873	0.000146	0.999903	0.338843	
537	1.000014	-0.000169	0.692035	0.000169	1.000014	-0.273088	
538	0.999969	0.000023	0.255456	-0.000023	0.999969	-0.617743	
539	0.999429	0.000072	0.010725	-0.000072	0.999429	-0.586633	
540	0.997041	0.000175	1.699080	-0.000175	0.997041	-0.494687	
541	0.997941	-0.000098	1.486097	0.000098	0.997941	0.242588	
542	0.998527	-0.000091	1.199860	0.000091	0.998527	0.165747	
543	0.997998	-0.000025	1.722833	0.000025	0.997998	0.665352	
544	0.996609	-0.000110	2.747579	0.000110	0.996609	1.340593	
545	0.996726	-0.000194	2.809976	0.000194	0.996726	1.342718	
546	0.996029	-0.000752	4.318514	0.000752	0.996029	1.157849	
547	0.999395	-0.000312	1.375763	0.000312	0.999395	-0.227821	
548	1.000167	-0.000315	0.910731	0.000315	1.000167	-0.636654	
549	1.000163	-0.000325	0.977392	0.000325	1.000163	-0.606860	
550	1.000266	-0.000369	0.877674	0.000369	1.000266	-0.752351	
551	1.000092	-0.000715	1.812600	0.000715	1.000092	-0.742267	
552	1.000085	-0.000301	0.906111	0.000301	1.000085	-0.206291	
553	1.000016	-0.000413	0.979295	0.000413	1.000016	-0.179780	
554	1.000053	-0.000337	0.939261	0.000337	1.000053	-0.107111	
555	1.000063	-0.000236	0.852524	0.000236	1.000063	-0.106849	
556	1.000192	-0.000676	1.766471	0.000676	1.000192	-0.988878	
557	1.000110	-0.000292	0.907507	0.000292	1.000110	-0.726078	
558	1.000217	-0.000321	0.758409	0.000321	1.000217	-0.904537	
559	1.000119	-0.000337	0.859848	0.000337	1.000119	-0.976851	
560	1.000186	-0.000350	0.837745	0.000350	1.000186	-0.941819	
561	1.000378	-0.000389	1.281003	0.000389	1.000378	-1.379309	
562	1.000186	-0.000258	0.505378	0.000258	1.000186	-0.672751	
563	1.000067	-0.000290	0.529069	0.000290	1.000067	-0.567031	
564	0.999917	-0.000453	0.532778	0.000453	0.999917	-0.575857	
565	0.999948	-0.000350	0.345886	0.000350	0.999948	-0.198127	
566	1.000351	-0.000479	0.275110	0.000479	1.000351	0.389711	
567	1.000723	-0.000108	-0.313772	0.000108	1.000723	0.359118	
568	1.001053	-0.000143	-0.440575	0.000143	1.001053	0.277256	
569	1.001954	-0.000083	-1.029160	0.000083	1.001954	-0.030063	
570	1.002950	-0.000055	-1.641636	0.000055	1.002950	-0.363653	
571	1.006067	-0.000258	-3.182734	0.000258	1.006067	-1.057757	
572	1.003366	-0.000010	-2.005055	0.000010	1.003366	-0.454257	
573	1.002931	-0.000066	-1.747358	0.000066	1.002931	-0.388017	
574	1.002787	-0.000095	-1.613976	0.000095	1.002787	-0.291610	
575	1.002792	-0.000175	-1.586315	0.000175	1.002792	-0.282837	
576	1.006607	-0.000564	-3.803940	0.000564	1.006607	-0.732228	
577	1.002650	-0.000198	-1.666104	0.000198	1.002650	-0.070625	
578	1.002706	-0.000246	-1.690318	0.000246	1.002706	-0.032281	
579	1.003086	-0.000055	-2.075115	0.000055	1.003086	-0.083575	
580	1.003287	0.000044	-2.207034	-0.000044	1.003287	0.017663	
581	1.007749	-0.000092	-5.082469	0.000092	1.007749	-0.107213	
582	1.003497	-0.000130	-2.296425	0.000130	1.003497	-0.048895	
583	1.003888	-0.000121	-2.559982	0.000121	1.003888	-0.189226	
584	1.004265	-0.000201	-2.807022	0.000201	1.004265	-0.420653	
585	1.003769	-0.000107	-2.544305	0.000107	1.003769	-0.197417	
586	1.011092	-0.000468	-6.857492	0.000468	1.011092	-1.083082	
587	1.004921	-0.000148	-3.099149	0.000148	1.004921	-0.803926	
588	1.005178	0.000063	-3.452543	-0.000063	1.005178	-0.966749	
589	1.005423	-0.000114	-3.403296	0.000114	1.005423	-1.251730	
590	1.005652	-0.000036	-3.625306	0.000036	1.005652	-1.433079	
591	1.009374	-0.000033	-5.989126	0.000033	1.009374	-2.178597	
592	1.005931	0.000153	-3.837957	-0.000153	1.005931	-1.527260	
593	1.008113	0.000308	-5.318992	-0.000308	1.008113	-2.331359	
594	1.006611	0.000253	-4.348315	-0.000253	1.006611	-1.806827	
595	1.006466	0.000147	-4.043905	-0.000147	1.006466	-1.795922	
596	1.010816	0.000273	-6.867662	-0.000273	1.010816	-2.883978	
597	1.003526	0.000106	-2.074859	-0.000106	1.003526	-0.797643	
598	1.003043	0.000042	-1.626759	-0.000042	1.003043	-0.753794	
599	1.001548	0.000156	-0.798846	-0.000156	1.001548	-0.058235	
600	1.000309	0.000232	-0.008147	-0.000232	1.000309	0.477510	
601	0.999959	0.000354	0.032407	-0.000354	0.999959	0.972917	
602	0.999541	0.000536	0.653446	-0.000536	0.999541	0.906932	
603	0.999803	0.000397	0.315935	-0.000397	0.999803	0.711224	
604	0.999987	0.000428	0.160552	-0.000428	0.999987	0.605747	
605	1.000154	0.000430	0.066189	-0.000430	1.000154	0.555854	
606	1.000103	0.000231	-0.209139	-0.000231	1.000103	0.472535	
607	1.000400	0.000181	-0.127411	-0.000181	1.000400	0.185624	
608	1.000112	0.000227	0.050824	-0.000227	1.000112	0.328286	
609	1.000311	0.000060	-0.040870	-0.000060	1.000311	0.136525	
610	1.000306	0.000131	-0.095176	-0.000131	1.000306	0.164851	
611	0.999920	0.000109	-0.163535	-0.000109	0.999920	0.431624	
612	1.000197	0.000266	-0.063227	-0.000266	1.000197	0.241906	
613	1.000293	0.000144	-0.055571	-0.000144	1.000293	0.169108	
614	1.000319	-0.000170	0.034037	0.000170	1.000319	-0.020868	
615	1.000216	-0.000014	-0.020499	0.000014	1.000216	0.029134	
616	1.000122	0.000053	-0.336094	-0.000053	1.000122	0.072276	
617	1.000574	-0.000005	-0.220470	0.000005	1.000574	-0.191963	
618	1.000491	0.000073	-0.465559	-0.000073	1.000491	-0.302107	
619	1.000426	-0.000058	-0.549641	0.000058	1.000426	-0.586721	
620	1.000445	-0.000045	-0.654971	0.000045	1.000445	-0.760990	
621	0.999004	0.000347	-0.803709	-0.000347	0.999004	-1.308010	
622	0.999804	0.000260	-0.739950	-0.000260	0.999804	-0.760400	
623	0.999851	0.000328	-0.682207	-0.000328	0.999851	-0.799448	
624	0.996878	0.000503	0.545631	-0.000503	0.996878	0.343468	
625	0.996093	0.000628	0.564278	-0.000628	0.996093	0.773610	
626	0.992005	0.000381	-0.957026	-0.000381	0.992005	0.191649	
627	0.995303	0.000943	-0.625399	-0.000943	0.995303	0.738505	
628	0.993898	0.000835	-0.211588	-0.000835	0.993898	1.120192	
629	0.993181	0.001122	-0.399200	-0.001122	0.993181	1.247978	
630	0.994105	0.001281	-1.205352	-0.001281	0.994105	1.050658	
631	0.986136	0.000640	-3.887185	-0.000640	0.986136	0.534020	
632	0.994415	0.000647	-3.199353	-0.000647	0.994415	-0.113768	
633	0.999839	0.001385	-4.910518	-0.001385	0.999839	-1.213595	
634	0.994140	0.000641	-3.983967	-0.000641	0.994140	-0.151615	
635	0.994393	0.000836	-4.761972	-0.000836	0.994393	-0.117211	
636	0.988571	0.001277	-11.699191	-0.001277	0.988571	-0.853178	
637	1.003886	0.001494	-9.449797	-0.001494	1.003886	-2.339227	
638	0.996703	0.000983	-7.936543	-0.000983	0.996703	-0.684291	
639	0.997542	0.000867	-8.771263	-0.000867	0.997542	-0.979411	
640	0.997172	0.000635	-9.120446	-0.000635	0.997172	-0.729665	
641	0.990245	0.001679	-18.122947	-0.001679	0.990245	-0.471858	
642	0.997660	0.000584	-10.066679	-0.000584	0.997660	-0.725876	
643	0.996677	0.000869	-10.221861	-0.000869	0.996677	-0.131177	
644	0.997970	0.001132	-11.315355	-0.001132	0.997970	-0.437035	
645	0.999975	0.000917	-12.603960	-0.000917	0.999975	-1.166265	
646	0.997935	0.001878	-26.452320	-0.001878	0.997935	-1.834633	
647	1.000764	0.001393	-13.444474	-0.001393	1.000764	-1.214852	
648	0.999164	0.001332	-13.965951	-0.001332	0.999164	-0.666569	
649	0.999893	0.001586	-15.231188	-0.001586	0.999893	-0.998757	
650	0.999982	0.001544	-15.612316	-0.001544	0.999982	-0.939028	
651	1.000919	0.002864	-31.837980	-0.002864	1.000919	-2.038886	
652	1.000009	0.001946	-16.259345	-0.001946	1.000009	-0.567679	
653	1.001154	0.001500	-17.044392	-0.001500	1.001154	-1.135958	
654	1.001339	0.001581	-17.366268	-0.001581	1.001339	-0.975277	
655	1.001147	0.001691	-17.341488	-0.001691	1.001147	-0.955805	
656	1.003248	0.002869	-36.346939	-0.002869	1.003248	-2.088622	
657	1.000051	0.002017	-17.623818	-0.002017	1.000051	0.154246	
658	1.000035	0.001952	-17.767549	-0.001952	1.000035	0.198374	
659	0.999999	0.002239	-17.928008	-0.002239	0.999999	0.382905	
660	0.999804	0.002017	-18.123127	-0.002017	0.999804	0.427835	
661	0.996671	0.003356	-34.972958	-0.003356	0.996671	1.672176	
662	0.999078	0.002347	-18.019262	-0.002347	0.999078	0.789031	
663	0.999133	0.002119	-18.440235	-0.002119	0.999133	0.403113	
664	1.000164	0.002426	-18.573173	-0.002426	1.000164	0.307328	
665	0.996813	0.002302	-16.918810	-0.002302	0.996813	1.598357	
666	0.994251	0.003353	-35.040817	-0.003353	0.994251	2.377439	
667	0.997917	0.002123	-17.838963	-0.002123	0.997917	1.196949	
668	0.998795	0.002250	-18.569659	-0.002250	0.998795	0.791104	
669	0.998486	0.002234	-18.737799	-0.002234	0.998486	0.865449	
670	1.006619	0.001831	-20.585114	-0.001831	1.006619	-2.145739	
671	1.001794	0.001981	-42.338207	-0.001981	1.001794	-1.293850	
672	0.999553	0.002063	-19.868675	-0.002063	0.999553	0.678268	
673	0.999207	0.002374	-18.860141	-0.002374	0.999207	1.091484	
674	0.999552	0.002256	-19.272187	-0.002256	0.999552	0.952831	
675	0.999274	0.002428	-18.990217	-0.002428	0.999274	1.233291	
676	0.999649	0.002871	-38.667995	-0.002871	0.999649	1.234624	
677	1.000700	0.002359	-18.935386	-0.002359	1.000700	0.981314	
678	1.000547	0.002260	-18.422499	-0.002260	1.000547	1.042122	
679	1.001451	0.002282	-18.969851	-0.002282	1.001451	0.739437	
680	1.001006	0.002385	-19.042130	-0.002385	1.001006	1.015346	
681	1.000434	0.003122	-36.765794	-0.003122	1.000434	1.892782	
682	1.000231	0.002241	-17.527394	-0.002241	1.000231	1.304110	
683	0.999418	0.002135	-17.602140	-0.002135	0.999418	1.489807	
684	0.998681	0.002096	-16.679399	-0.002096	0.998681	1.821892	
685	0.997366	0.002092	-16.277112	-0.002092	0.997366	2.512685	
686	0.995247	0.002571	-33.513001	-0.002571	0.995247	3.682447	
687	0.996939	0.002209	-15.305734	-0.002209	0.996939	2.818882	
688	0.997474	0.002065	-15.734134	-0.002065	0.997474	2.527922	
689	0.998574	0.001613	-15.778381	-0.001613	0.998574	1.938756	
690	0.996486	0.001320	-14.560159	-0.001320	0.996486	2.590783	
691	0.991509	0.002935	-30.081059	-0.002935	0.991509	5.798649	
692	0.997553	0.002083	-16.207191	-0.002083	0.997553	2.505093	
693	0.997847	0.002043	-16.212385	-0.002043	0.997847	2.268531	
694	1.000141	0.002056	-17.658301	-0.002056	1.000141	1.466208	
695	1.000044	0.002188	-17.294794	-0.002188	1.000044	1.713781	
696	1.000019	0.003056	-34.250447	-0.003056	1.000019	2.608526	
697	0.999915	0.002092	-16.438683	-0.002092	0.999915	1.768473	
698	0.999829	0.001983	-16.016070	-0.001983	0.999829	1.519443	
699	0.999842	0.001743	-15.799542	-0.001743	0.999842	1.339465	
700	1.000169	0.001792	-15.627226	-0.001792	1.000169	1.185283	
701	1.000955	0.002870	-30.091230	-0.002870	1.000955	1.733990	
702	0.999930	0.001472	-13.992137	-0.001472	0.999930	1.139919	
703	0.999986	0.001267	-13.476702	-0.001267	0.999986	1.195625	
704	1.000273	0.001507	-13.458784	-0.001507	1.000273	1.169637	
705	1.000928	0.001278	-13.070682	-0.001278	1.000928	0.741328	
706	1.000390	0.002357	-24.064369	-0.002357	1.000390	1.731220	
707	0.999853	0.001153	-11.208640	-0.001153	0.999853	0.991585	
708	0.999771	0.000961	-10.913617	-0.000961	0.999771	0.908419	
709	1.000147	0.000920	-10.702685	-0.000920	1.000147	0.716278	
710	1.000078	0.001127	-9.955945	-0.001127	1.000078	0.914771	
711	1.000300	0.000994	-9.746839	-0.000994	1.000300	0.735596	
712	1.000110	0.002232	-18.372308	-0.002232	1.000110	1.723390	
713	0.999960	0.000996	-8.340089	-0.000996	0.999960	0.986731	
714	1.002396	0.002033	-8.803470	-0.002033	1.002396	0.641195	
715	0.999955	0.000933	-7.801579	-0.000933	0.999955	0.821901	
716	1.000062	0.001081	-7.851483	-0.001081	1.000062	0.818483	
717	0.999790	0.001812	-15.412790	-0.001812	0.999790	1.373155	
718	0.995108	0.002027	-2.085059	-0.002027	0.995108	3.489894	
719	0.993595	0.002033	-0.557658	-0.002033	0.993595	4.150977	
720	0.998767	0.001649	-6.238802	-0.001649	0.998767	1.570750	
721	0.995077	0.002599	-2.540608	-0.002599	0.995077	3.710946	
722	0.999807	0.001924	-15.142973	-0.001924	0.999807	1.650394	
723	1.000025	0.000918	-6.964570	-0.000918	1.000025	0.712254	
724	0.995202	0.001491	-1.514766	-0.001491	0.995202	2.919449	
725	0.998533	0.001489	-5.278790	-0.001489	0.998533	1.811064	
726	0.998844	0.001302	-5.400622	-0.001302	0.998844	1.569570	
727	0.999320	0.001403	-13.175763	-0.001403	0.999320	1.770522	
728	0.996257	0.001667	-1.970378	-0.001667	0.996257	2.829544	
729	1.000135	0.001642	-5.723822	-0.001642	1.000135	1.348326	
730	0.998418	0.001659	-3.845765	-0.001659	0.998418	1.968895	
731	0.996622	0.001472	-2.154457	-0.001472	0.996622	2.575457	
732	0.999759	0.001397	-12.529049	-0.001397	0.999759	1.694982	
733	0.999029	0.001756	-4.585820	-0.001756	0.999029	1.922936	
734	0.998575	0.001274	-4.320662	-0.001274	0.998575	1.631283	
735	0.999040	0.001381	-4.744275	-0.001381	0.999040	1.592565	
736	0.999107	0.001503	-5.096305	-0.001503	0.999107	1.776344	
737	0.999719	0.001112	-13.074649	-0.001112	0.999719	2.036437	
738	0.998260	0.001178	-4.309994	-0.001178	0.998260	1.981398	
739	0.998547	0.001637	-4.451447	-0.001637	0.998547	2.191767	
740	0.998898	0.001492	-4.713837	-0.001492	0.998898	1.900064	
741	0.999965	0.000380	-5.743900	-0.000380	0.999965	0.762745	
742	1.002450	0.000779	-13.463647	-0.000779	1.002450	0.752350	
743	1.001316	0.001169	-6.070479	-0.001169	1.001316	0.946784	
744	1.000400	0.001346	-5.115110	-0.001346	1.000400	1.409752	
745	0.999654	0.001300	-4.523164	-0.001300	0.999654	1.770402	
746	1.000186	0.001278	-4.791408	-0.001278	1.000186	1.600967	
747	1.004011	0.000765	-12.545635	-0.000765	1.004011	0.802237	
748	0.999201	0.001241	-3.061311	-0.001241	0.999201	2.037266	
749	1.000999	0.000970	-4.318751	-0.000970	1.000999	1.246428	
750	1.001991	0.000891	-4.986564	-0.000891	1.001991	0.807865	
751	1.001589	0.000663	-4.399956	-0.000663	1.001589	0.742732	
752	1.005526	0.000912	-9.702259	-0.000912	1.005526	0.600982	
753	1.001765	0.000397	-3.416145	-0.000397	1.001765	0.422175	
754	1.001348	0.000310	-2.954285	-0.000310	1.001348	0.597220	
755	1.001647	0.000309	-2.926072	-0.000309	1.001647	0.454278	
756	1.001259	0.000259	-2.403779	-0.000259	1.001259	0.599359	
757	1.003070	0.000419	-4.284513	-0.000419	1.003070	0.869959	
758	1.001999	0.000075	-1.840774	-0.000075	1.001999	0.139686	
759	1.001952	-0.000031	-1.462628	0.000031	1.001952	0.059811	
760	1.001931	-0.000236	-1.147708	0.000236	1.001931	-0.205604	
761	1.001947	-0.000288	-0.818343	0.000288	1.001947	-0.290418	
762	1.003504	-0.000667	-1.784913	0.000667	1.003504	-0.503934	
763	1.001170	-0.000303	-0.492430	0.000303	1.001170	-0.102590	
764	1.001289	-0.000286	-0.466062	0.000286	1.001289	-0.122000	
765	1.001070	-0.000243	-0.385952	0.000243	1.001070	0.003732	
766	1.001289	-0.000149	-0.562299	0.000149	1.001289	-0.014286	
767	1.002722	-0.000183	-1.630347	0.000183	1.002722	-0.151088	
768	1.000991	-0.000086	-0.491960	0.000086	1.000991	0.101641	
769	1.000567	-0.000133	-0.138712	0.000133	1.000567	0.218516	
770	1.000392	-0.000127	0.009516	0.000127	1.000392	0.275583	
771	1.000695	-0.000182	-0.148398	0.000182	1.000695	0.070149	
772	1.000465	-0.000305	0.205031	0.000305	1.000465	0.343123	
773	0.999807	-0.000216	0.662884	0.000216	0.999807	0.302159	
774	1.000078	-0.000233	0.486954	0.000233	1.000078	0.104628	
775	1.000181	-0.000161	0.275017	0.000161	1.000181	0.074956	
776	1.000606	-0.000181	-0.054193	0.000181	1.000606	-0.173671	
777	1.002693	-0.000232	-1.242728	0.000232	1.002693	-0.788003	
778	1.000874	-0.000233	-0.355916	0.000233	1.000874	-0.211736	
779	1.000585	-0.000344	-0.255845	0.000344	1.000585	-0.103568	
780	1.000450	-0.000305	-0.086599	0.000305	1.000450	-0.032942	
781	0.999781	-0.000275	0.333923	0.000275	0.999781	0.309688	
782	0.999395	-0.000241	0.695321	0.000241	0.999395	0.889389	
783	0.999499	-0.000066	0.421698	0.000066	0.999499	0.613403	
784	0.999590	-0.000161	0.361814	0.000161	0.999590	0.439145	
785	0.999610	-0.000156	0.296215	0.000156	0.999610	0.430363	
786	0.999529	-0.000266	0.300270	0.000266	0.999529	0.299142	
787	0.999520	-0.000384	0.578249	0.000384	0.999520	0.432746	
788	0.999560	-0.000257	0.445449	0.000257	0.999560	0.158689	
789	0.999547	-0.000147	0.455014	0.000147	0.999547	0.272920	
790	0.999627	-0.000125	0.374967	0.000125	0.999627	0.145687	
791	0.999612	-0.000108	0.365964	0.000108	0.999612	0.116203	
792	0.999689	-0.000072	0.435113	0.000072	0.999689	0.123377	
793	0.999674	-0.000072	0.228588	0.000072	0.999674	0.063413	
794	0.999774	-0.000120	0.218889	0.000120	0.999774	0.003366	
795	0.999887	-0.000100	0.070465	0.000100	0.999887	-0.014622	
796	0.999944	-0.000136	-0.010503	0.000136	0.999944	0.012252	
797	1.000201	-0.000162	-0.154463	0.000162	1.000201	0.127082	
798	0.999954	-0.000156	-0.113244	0.000156	0.999954	0.080684	
799	0.999916	-0.000111	-0.092247	0.000111	0.999916	0.180643	
800	1.000002	-0.000131	-0.195866	0.000131	1.000002	0.036706	
801	1.000071	-0.000065	-0.212752	0.000065	1.000071	0.052424	
802	1.000159	-0.000333	0.065625	0.000333	1.000159	-0.123231	
803	1.000139	-0.000119	-0.317665	0.000119	1.000139	-0.062066	
804	1.000166	-0.000115	-0.262988	0.000115	1.000166	-0.118113	
805	1.000162	-0.000179	-0.089832	0.000179	1.000162	-0.097646	
806	1.000233	-0.000097	-0.158879	0.000097	1.000233	-0.143947	
807	1.000279	-0.000298	0.337387	0.000298	1.000279	-0.088217	
808	1.000277	-0.000188	-0.001957	0.000188	1.000277	-0.164403	
809	1.000227	-0.000171	0.070516	0.000171	1.000227	-0.055486	
810	1.000210	-0.000253	0.092568	0.000253	1.000210	-0.068364	
811	1.000318	-0.000147	-0.235551	0.000147	1.000318	0.022340	
812	1.000902	-0.000091	-1.067416	0.000091	1.000902	0.282238	
813	1.001487	-0.000097	-1.297278	0.000097	1.001487	-0.305428	
814	1.001438	0.000029	-1.275614	-0.000029	1.001438	-0.111675	
815	1.001645	0.000025	-1.472922	-0.000025	1.001645	-0.187322	
816	1.001420	0.000049	-1.335391	-0.000049	1.001420	-0.120847	
817	1.003066	0.000051	-2.148009	-0.000051	1.003066	-0.240031	
818	1.002865	0.000008	-2.098210	-0.000008	1.002865	-0.585936	
819	1.002727	0.000028	-2.129631	-0.000028	1.002727	-0.584938	
820	1.002244	-0.000065	-1.785706	0.000065	1.002244	-0.438097	
821	1.002086	-0.000089	-1.723712	0.000089	1.002086	-0.378081	
822	1.004043	-0.000027	-3.408299	0.000027	1.004043	-0.460150	
823	1.001417	0.000029	-1.304189	-0.000029	1.001417	0.111204	
824	1.000916	0.000178	-1.075185	-0.000178	1.000916	0.381447	
825	1.000123	0.000211	-0.482092	-0.000211	1.000123	0.801519	
826	1.000149	0.000139	-0.339733	-0.000139	1.000149	0.710084	
827	0.999996	0.000119	-0.107857	-0.000119	0.999996	1.172999	
828	1.000162	0.000136	-0.256742	-0.000136	1.000162	0.503987	
829	1.000158	0.000131	-0.190843	-0.000131	1.000158	0.430409	
830	1.000148	0.000096	-0.090497	-0.000096	1.000148	0.187040	
831	1.000121	0.000108	-0.066405	-0.000108	1.000121	0.108136	
832	1.000210	0.000104	0.057013	-0.000104	1.000210	-0.384954	
833	0.999948	0.000069	0.284230	-0.000069	0.999948	-0.221266	
834	0.999539	0.000014	0.699041	-0.000014	0.999539	-0.101020	
835	0.999141	-0.000007	1.064508	0.000007	0.999141	0.050229	
836	0.998874	0.000059	1.365648	-0.000059	0.998874	0.296682	
837	0.995900	-0.000250	4.446753	0.000250	0.995900	1.229491	
838	0.998472	-0.000098	2.072676	0.000098	0.998472	0.430174	
839	0.998617	-0.000155	2.068138	0.000155	0.998617	0.366588	
840	0.997857	-0.000201	2.695335	0.000201	0.997857	0.569600	
841	0.997760	-0.000286	2.933729	0.000286	0.997760	0.566710	
842	0.997386	-0.000463	5.000020	0.000463	0.997386	0.385612	
843	0.999367	-0.000445	2.003813	0.000445	0.999367	-0.198515	
844	0.999583	-0.000351	1.723474	0.000351	0.999583	-0.129517	
845	0.999925	-0.000360	1.557183	0.000360	0.999925	-0.232371	
846	1.000095	-0.000416	1.544347	0.000416	1.000095	-0.311486	
847	1.000124	-0.000564	2.026324	0.000564	1.000124	-0.301131	
848	1.000090	-0.000197	0.791163	0.000197	1.000090	-0.195958	
849	1.000082	-0.000190	0.705905	0.000190	1.000082	-0.217143	
850	1.000027	-0.000099	0.495988	0.000099	1.000027	-0.205234	
851	1.000020	-0.000065	0.422026	0.000065	1.000020	-0.188189	
852	1.000089	0.000019	0.307195	-0.000019	1.000089	-0.076117	
853	1.000071	0.000032	0.210788	-0.000032	1.000071	0.033745	
854	1.000104	0.000109	0.107070	-0.000109	1.000104	0.079191	
855	1.000120	0.000072	0.115144	-0.000072	1.000120	0.055580	
856	1.000102	0.000053	0.123303	-0.000053	1.000102	0.018883	
857	1.000160	0.000078	0.231150	-0.000078	1.000160	-0.090217	
858	1.000032	0.000118	0.145043	-0.000118	1.000032	-0.067308	
859	1.000085	0.000154	0.079362	-0.000154	1.000085	-0.010404	
860	0.999980	0.000120	0.207848	-0.000120	0.999980	-0.018508	
861	0.999907	0.000111	0.259852	-0.000111	0.999907	0.078756	
862	0.999745	0.000129	0.706231	-0.000129	0.999745	0.200413	
863	0.999796	0.000087	0.431439	-0.000087	0.999796	0.153539	
864	0.999753	0.000138	0.337667	-0.000138	0.999753	0.224243	
865	0.999745	0.000116	0.487885	-0.000116	0.999745	0.190884	
866	0.999680	0.000104	0.513972	-0.000104	0.999680	0.191677	
867	0.999397	-0.000066	1.279247	0.000066	0.999397	0.038230	
868	0.999223	0.000062	0.989185	-0.000062	0.999223	0.420529	
869	0.999243	0.000027	1.016204	-0.000027	0.999243	0.430134	
870	0.999449	-0.000125	0.911371	0.000125	0.999449	0.178815	
871	0.999466	-0.000163	1.044944	0.000163	0.999466	0.179914	
872	0.999248	-0.000490	1.990304	0.000490	0.999248	-0.001160	
873	0.999716	-0.000323	1.086657	0.000323	0.999716	-0.107948	
874	0.999763	-0.000353	1.054798	0.000353	0.999763	-0.151339	
875	0.999793	-0.000383	1.069053	0.000383	0.999793	-0.237581	
876	0.999866	-0.000446	1.072360	0.000446	0.999866	-0.300872	
877	0.999758	-0.000450	1.259289	0.000450	0.999758	-0.295890	
878	0.999706	-0.000588	1.735512	0.000588	0.999706	-0.274068	
879	0.999453	-0.000339	0.746595	0.000339	0.999453	0.223489	
880	0.999327	-0.000013	0.396305	0.000013	0.999327	0.679370	
881	0.999316	0.000123	0.158077	-0.000123	0.999316	0.888636	
882	0.999221	0.000204	0.084795	-0.000204	0.999221	1.041153	
883	0.999373	0.000100	-0.336363	-0.000100	0.999373	1.223981	
884	0.999357	0.000225	-0.124513	-0.000225	0.999357	0.915593	
885	0.999457	0.000094	-0.214290	-0.000094	0.999457	0.874596	
886	0.999402	0.000178	-0.363405	-0.000178	0.999402	1.065363	
887	0.999898	0.000106	-0.836331	-0.000106	0.999898	0.976892	
888	1.004161	0.000265	-5.016943	-0.000265	1.004161	0.801229	
889	1.001781	0.000234	-2.528051	-0.000234	1.001781	0.950491	
890	1.002146	0.000207	-2.791837	-0.000207	1.002146	1.040548	
891	1.002808	0.000177	-3.374549	-0.000177	1.002808	0.940691	
892	1.002956	0.000064	-3.581276	-0.000064	1.002956	1.056788	
893	1.009870	0.000371	-10.888164	-0.000371	1.009870	2.273843	
894	1.003168	0.000143	-4.051933	-0.000143	1.003168	1.422992	
895	1.002775	0.000272	-3.992383	-0.000272	1.002775	1.626144	
896	1.003017	0.000479	-4.244749	-0.000479	1.003017	1.606919	
897	1.002830	0.000437	-4.116657	-0.000437	1.002830	1.615617	
898	1.008888	0.000688	-10.775120	-0.000688	1.008888	2.574598	
899	1.003921	0.000448	-4.788308	-0.000448	1.003921	0.940225	
900	1.004379	0.000566	-5.289187	-0.000566	1.004379	0.786830	
901	1.005210	0.000698	-6.276277	-0.000698	1.005210	0.529136	
902	1.006420	0.000738	-7.449311	-0.000738	1.006420	0.031474	
903	1.014712	0.000903	-16.813534	-0.000903	1.014712	-1.141953	
904	1.006710	0.000638	-8.078234	-0.000638	1.006710	-0.830540	
905	1.007230	0.000641	-8.607644	-0.000641	1.007230	-1.188609	
906	1.008038	0.000601	-9.262402	-0.000601	1.008038	-1.805940	
907	1.009045	0.000434	-9.987971	-0.000434	1.009045	-2.514076	
908	1.021965	-0.000329	-22.198286	0.000329	1.021965	-7.812255	
909	1.014113	0.000051	-13.396568	-0.000051	1.014113	-5.158730	
910	1.011984	0.000188	-11.895972	-0.000188	1.011984	-4.275152	
911	1.010546	0.000268	-10.730367	-0.000268	1.010546	-3.661929	
912	1.010975	0.000246	-10.911457	-0.000246	1.010975	-3.910317	
913	1.020808	-0.000338	-20.129263	0.000338	1.020808	-8.262218	
914	1.006811	0.000197	-6.787222	-0.000197	1.006811	-2.639652	
915	1.006057	0.000292	-6.198098	-0.000292	1.006057	-2.302582	
916	1.005253	0.000284	-5.402301	-0.000284	1.005253	-1.979324	
917	1.004739	0.000224	-4.972908	-0.000224	1.004739	-1.825164	
918	1.006439	0.000601	-7.459770	-0.000601	1.006439	-2.242339	
919	1.002271	0.000268	-2.992256	-0.000268	1.002271	-0.783119	
920	1.000584	0.000334	-1.840763	-0.000334	1.000584	-0.055625	
921	1.000425	0.000279	-1.530542	-0.000279	1.000425	-0.035143	
922	1.000359	0.000327	-1.446474	-0.000327	1.000359	-0.094547	
923	1.000835	0.000431	-2.870330	-0.000431	1.000835	-0.156511	
924	1.000536	0.000282	-1.483447	-0.000282	1.000536	-0.030803	
925	1.000780	0.000296	-1.688757	-0.000296	1.000780	-0.160815	
926	1.001234	0.000202	-2.279465	-0.000202	1.001234	-0.435365	
927	1.001821	0.000110	-2.864516	-0.000110	1.001821	-0.750238	
928	1.000620	0.000638	-2.634322	-0.000638	1.000620	-0.136472	
929	1.000506	0.000112	-1.402968	-0.000112	1.000506	-0.414734	
930	1.001014	0.000075	-1.898837	-0.000075	1.001014	-0.648743	
931	1.001587	0.000171	-2.504046	-0.000171	1.001587	-0.749154	
932	1.001345	0.000273	-2.304204	-0.000273	1.001345	-0.591700	
933	1.000297	0.000310	-1.826026	-0.000310	1.000297	-0.226645	
934	1.002491	0.000029	-3.058120	-0.000029	1.002491	-1.087898	
935	1.000984	0.000263	-1.545916	-0.000263	1.000984	-0.398390	
936	1.001770	0.000371	-2.358936	-0.000371	1.001770	-0.616037	
937	1.001037	0.000290	-1.592462	-0.000290	1.001037	-0.466859	
938	1.000091	0.000568	-1.402272	-0.000568	1.000091	-0.117965	
939	1.000031	0.000342	-0.751312	-0.000342	1.000031	0.013686	
940	0.999712	0.000362	-0.557959	-0.000362	0.999712	0.096291	
941	0.998963	0.000272	-0.047158	-0.000272	0.998963	0.270649	
942	0.998569	0.000381	0.101807	-0.000381	0.998569	0.528960	
943	0.998526	0.000965	-1.610559	-0.000965	0.998526	0.776484	
944	0.998806	0.000465	-0.402656	-0.000465	0.998806	0.515267	
945	0.998685	0.000522	-0.558843	-0.000522	0.998685	0.581682	
946	0.998704	0.000569	-0.488930	-0.000569	0.998704	0.605919	
947	0.999121	0.000490	-0.741251	-0.000490	0.999121	0.381495	
948	0.996445	0.000990	0.082746	-0.000990	0.996445	1.502600	
949	0.998779	0.000431	-0.451271	-0.000431	0.998779	0.492545	
950	0.998594	0.000440	-0.181025	-0.000440	0.998594	0.521507	
951	0.998862	0.000385	-0.176581	-0.000385	0.998862	0.329452	
952	0.999134	0.000274	-0.178040	-0.000274	0.999134	0.126616	
953	0.997584	0.000556	0.766264	-0.000556	0.997584	0.543689	
954	0.998715	0.000231	0.600318	-0.000231	0.998715	0.253053	
955	0.998788	0.000160	0.735820	-0.000160	0.998788	0.100490	
956	0.998545	0.000161	0.976641	-0.000161	0.998545	0.177109	
957	0.999045	0.000201	0.423029	-0.000201	0.999045	-0.022915	
958	0.998499	0.000448	0.548125	-0.000448	0.998499	-0.268766	
959	0.999331	0.000196	0.177113	-0.000196	0.999331	-0.299261	
960	0.998618	0.000299	0.497327	-0.000299	0.998618	-0.023115	
961	0.998085	0.000273	0.738253	-0.000273	0.998085	0.106574	
962	0.998117	0.000093	1.050862	-0.000093	0.998117	-0.071201	
963	0.995370	0.000325	3.345666	-0.000325	0.995370	0.188059	
964	0.999192	0.000080	0.733104	-0.000080	0.999192	-0.592566	
965	0.999938	0.000022	0.387299	-0.000022	0.999938	-0.949058	
966	1.000533	0.000119	0.056677	-0.000119	1.000533	-1.112104	
967	1.000286	-0.000001	0.312331	0.000001	1.000286	-1.044990	
968	0.995983	-0.000166	4.451329	0.000166	0.995983	-0.408966	
969	0.997202	-0.000134	2.933347	0.000134	0.997202	0.051148	
970	0.998780	-0.000174	2.119578	0.000174	0.998780	-0.638297	
971	0.998719	-0.000381	2.567615	0.000381	0.998719	-0.705398	
972	0.998671	-0.000343	2.524080	0.000343	0.998671	-0.663724	
973	0.994922	-0.001074	7.860424	0.001074	0.994922	-1.019200	
974	0.999736	-0.000257	1.687074	0.000257	0.999736	-1.086205	
975	0.999792	-0.000238	1.656376	0.000238	0.999792	-1.103636	
