0	1.000000	0.000000	0.000000	0.000000	1.000000	0.000000	
1	1.001266	-0.000886	0.984121	0.000886	1.001266	-1.051476	
2	1.001314	-0.000831	0.762025	0.000831	1.001314	-1.074765	
3	1.001373	-0.000824	0.740974	0.000824	1.001373	-1.112683	
4	1.001324	-0.000799	0.732578	0.000799	1.001324	-1.031969	
5	1.001220	-0.000768	0.721187	0.000768	1.001220	-0.919243	
6	1.001292	-0.000749	0.569618	0.000749	1.001292	-0.951811	
7	1.001277	-0.000572	0.345411	0.000572	1.001277	-0.880051	
8	1.001252	-0.000543	0.221345	0.000543	1.001252	-0.870358	
9	1.001078	-0.000454	0.247374	0.000454	1.001078	-0.705698	
10	1.000995	-0.000519	0.403936	0.000519	1.000995	-0.692239	
11	1.001066	-0.000489	0.241311	0.000489	1.001066	-0.767821	
12	1.001007	-0.000467	0.246193	0.000467	1.001007	-0.706062	
13	1.000900	-0.000476	0.279575	0.000476	1.000900	-0.636418	
14	1.000864	-0.000501	0.313203	0.000501	1.000864	-0.594780	
15	1.000668	-0.000452	0.355952	0.000452	1.000668	-0.535182	
16	1.000715	-0.000505	0.385933	0.000505	1.000715	-0.614487	
17	1.000669	-0.000495	0.413898	0.000495	1.000669	-0.529396	
18	1.000729	-0.000532	0.487319	0.000532	1.000729	-0.554890	
19	1.000228	-0.000778	0.725800	0.000778	1.000228	-0.509002	
20	1.000918	-0.000470	0.550093	0.000470	1.000918	-0.634765	
21	1.001050	-0.000440	0.571954	0.000440	1.001050	-0.686014	
22	1.001020	-0.000323	0.546466	0.000323	1.001020	-0.628944	
23	1.000695	-0.000579	0.690022	0.000579	1.000695	-0.624649	
24	1.000944	-0.000464	0.532675	0.000464	1.000944	-0.667201	
25	1.000818	-0.000533	0.619814	0.000533	1.000818	-0.643623	
26	1.000762	-0.000512	0.600925	0.000512	1.000762	-0.582555	
27	1.000732	-0.000486	0.485086	0.000486	1.000732	-0.497362	
28	1.000533	-0.000599	0.586854	0.000599	1.000533	-0.480600	
29	1.000717	-0.000498	0.584417	0.000498	1.000717	-0.492094	
30	1.000778	-0.000500	0.590800	0.000500	1.000778	-0.507937	
31	1.000898	-0.000556	0.539856	0.000556	1.000898	-0.691178	
32	1.000872	-0.000557	0.611823	0.000557	1.000872	-0.694079	
33	1.000928	-0.000581	0.610776	0.000581	1.000928	-0.697107	
34	1.000896	-0.000555	0.541891	0.000555	1.000896	-0.656259	
35	1.000994	-0.000429	0.289351	0.000429	1.000994	-0.555595	
36	1.001025	-0.000383	0.138636	0.000383	1.001025	-0.533454	
37	1.000982	-0.000433	0.244716	0.000433	1.000982	-0.521534	
38	1.000919	-0.000441	0.297905	0.000441	1.000919	-0.524062	
39	1.000892	-0.000394	0.276026	0.000394	1.000892	-0.546358	
40	1.000806	-0.000379	0.295890	0.000379	1.000806	-0.515260	
41	1.000751	-0.000349	0.320547	0.000349	1.000751	-0.508601	
42	1.000683	-0.000344	0.434521	0.000344	1.000683	-0.497650	
43	1.000571	-0.000378	0.543221	0.000378	1.000571	-0.445555	
44	1.000507	-0.000436	0.588246	0.000436	1.000507	-0.402533	
45	1.000563	-0.000553	0.592339	0.000553	1.000563	-0.428046	
46	1.000611	-0.000458	0.513704	0.000458	1.000611	-0.397510	
47	1.000789	-0.000358	0.342295	0.000358	1.000789	-0.462950	
48	1.000778	-0.000247	0.274582	0.000247	1.000778	-0.459778	
49	1.000764	-0.000339	0.305698	0.000339	1.000764	-0.477710	
50	1.000633	-0.000289	0.316080	0.000289	1.000633	-0.408517	
51	1.000766	-0.000351	0.286875	0.000351	1.000766	-0.488946	
52	1.000621	-0.000453	0.451146	0.000453	1.000621	-0.510963	
53	1.000623	-0.000452	0.524241	0.000452	1.000623	-0.505546	
54	1.000570	-0.000555	0.601382	0.000555	1.000570	-0.538637	
55	1.000531	-0.000657	0.621951	0.000657	1.000531	-0.550474	
56	1.000548	-0.000523	0.400485	0.000523	1.000548	-0.553704	
57	1.000549	-0.000610	0.392689	0.000610	1.000549	-0.512134	
58	1.000515	-0.000549	0.435402	0.000549	1.000515	-0.500316	
59	1.000551	-0.000477	0.211930	0.000477	1.000551	-0.428819	
60	1.000716	-0.000312	0.028175	0.000312	1.000716	-0.442382	
61	1.000863	-0.000317	0.036607	0.000317	1.000863	-0.555202	
62	1.000802	-0.000327	-0.023090	0.000327	1.000802	-0.503028	
63	1.000746	-0.000342	0.057406	0.000342	1.000746	-0.490599	
64	1.000816	-0.000355	0.055462	0.000355	1.000816	-0.514582	
65	1.000739	-0.000360	0.050069	0.000360	1.000739	-0.515541	
66	1.000784	-0.000217	-0.124142	0.000217	1.000784	-0.466136	
67	1.000860	-0.000135	-0.443006	0.000135	1.000860	-0.473388	
68	1.000968	-0.000014	-0.742569	0.000014	1.000968	-0.464440	
69	1.001089	0.000116	-0.941171	-0.000116	1.001089	-0.423337	
70	1.001046	0.000123	-0.883916	-0.000123	1.001046	-0.383818	
71	1.000971	0.000044	-0.663954	-0.000044	1.000971	-0.406765	
72	1.000789	-0.000005	-0.483941	0.000005	1.000789	-0.363553	
73	1.000695	-0.000013	-0.402003	0.000013	1.000695	-0.316147	
74	1.000742	0.000023	-0.417157	-0.000023	1.000742	-0.299479	
75	1.000701	0.000148	-0.498103	-0.000148	1.000701	-0.228178	
76	1.000660	0.000109	-0.484488	-0.000109	1.000660	-0.262106	
77	1.000656	0.000172	-0.549256	-0.000172	1.000656	-0.230713	
78	1.000506	0.000121	-0.343086	-0.000121	1.000506	-0.156390	
79	1.000585	0.000035	-0.253925	-0.000035	1.000585	-0.234437	
80	1.000587	0.000029	-0.281503	-0.000029	1.000587	-0.245922	
81	1.000607	0.000022	-0.321201	-0.000022	1.000607	-0.235726	
82	1.000609	0.000057	-0.321511	-0.000057	1.000609	-0.181677	
83	1.000657	0.000115	-0.396390	-0.000115	1.000657	-0.212989	
84	1.000655	0.000130	-0.367884	-0.000130	1.000655	-0.224417	
85	1.000672	0.000117	-0.396984	-0.000117	1.000672	-0.239889	
86	1.000562	0.000157	-0.400093	-0.000157	1.000562	-0.120339	
87	1.000629	0.000156	-0.501089	-0.000156	1.000629	-0.170565	
88	1.000744	0.000250	-0.573430	-0.000250	1.000744	-0.194119	
89	1.000641	0.000165	-0.449312	-0.000165	1.000641	-0.123047	
90	1.000527	0.000185	-0.391613	-0.000185	1.000527	-0.072821	
91	1.000555	0.000101	-0.350047	-0.000101	1.000555	-0.175361	
92	1.000504	0.000086	-0.301636	-0.000086	1.000504	-0.151836	
93	1.000408	0.000078	-0.243208	-0.000078	1.000408	-0.056445	
94	1.000387	0.000108	-0.401771	-0.000108	1.000387	-0.037255	
95	1.000430	0.000284	-0.759619	-0.000284	1.000430	-0.045139	
96	1.000426	0.000371	-0.861427	-0.000371	1.000426	0.007540	
97	1.000435	0.000272	-0.592599	-0.000272	1.000435	-0.051745	
98	1.000401	0.000157	-0.414684	-0.000157	1.000401	-0.106755	
99	1.000525	0.000227	-0.413446	-0.000227	1.000525	-0.208437	
100	1.000461	0.000175	-0.350084	-0.000175	1.000461	-0.159670	
101	1.000586	0.000020	-0.281462	-0.000020	1.000586	-0.240752	
102	1.000437	0.000136	-0.295351	-0.000136	1.000437	-0.100882	
103	1.000467	0.000342	-0.606006	-0.000342	1.000467	-0.040293	
104	1.000471	0.000374	-0.854922	-0.000374	1.000471	-0.014182	
105	1.000401	0.000482	-1.068494	-0.000482	1.000401	0.149591	
106	1.000314	0.000661	-1.188452	-0.000661	1.000314	0.288231	
107	1.000383	0.000548	-1.219539	-0.000548	1.000383	0.161166	
108	1.001093	0.000559	-1.430862	-0.000559	1.001093	-0.127335	
109	1.000639	0.000824	-1.268261	-0.000824	1.000639	0.183349	
110	1.000377	0.000720	-1.084435	-0.000720	1.000377	0.282959	
111	1.000466	0.000643	-1.071615	-0.000643	1.000466	0.269167	
112	1.000352	0.000675	-1.142440	-0.000675	1.000352	0.282687	
113	1.000328	0.000930	-1.450203	-0.000930	1.000328	0.380632	
114	1.000407	0.001085	-1.807806	-0.001085	1.000407	0.481292	
115	1.000403	0.001324	-2.112858	-0.001324	1.000403	0.653247	
116	1.001007	0.001196	-2.395516	-0.001196	1.001007	0.344568	
117	1.000306	0.001540	-2.339708	-0.001540	1.000306	0.758348	
118	1.000813	0.001524	-2.634561	-0.001524	1.000813	0.599537	
119	1.000592	0.001626	-2.750670	-0.001626	1.000592	0.772036	
120	1.000811	0.001701	-3.048130	-0.001701	1.000811	0.675378	
121	1.000826	0.001764	-2.999935	-0.001764	1.000826	0.676475	
122	1.000257	0.001650	-2.688412	-0.001650	1.000257	0.842499	
123	1.000536	0.001487	-2.540077	-0.001487	1.000536	0.705797	
124	0.999860	0.001750	-2.449929	-0.001750	0.999860	1.025628	
125	1.000528	0.001804	-2.709135	-0.001804	1.000528	0.793957	
126	1.000454	0.001688	-2.583255	-0.001688	1.000454	0.793273	
127	1.000669	0.001772	-2.377107	-0.001772	1.000669	0.651345	
128	1.000631	0.001172	-2.415862	-0.001172	1.000631	0.426598	
129	1.000630	0.001481	-2.350971	-0.001481	1.000630	0.521107	
130	1.000718	0.001687	-2.511873	-0.001687	1.000718	0.580965	
131	1.000695	0.001606	-2.621773	-0.001606	1.000695	0.612707	
132	1.000753	0.001566	-2.439385	-0.001566	1.000753	0.578614	
133	1.000626	0.001516	-2.230840	-0.001516	1.000626	0.592550	
134	1.000618	0.001422	-2.079069	-0.001422	1.000618	0.573308	
135	1.000569	0.001347	-2.007071	-0.001347	1.000569	0.574257	
136	1.000712	0.001454	-2.211869	-0.001454	1.000712	0.601998	
137	1.000528	0.001567	-2.274575	-0.001567	1.000528	0.711767	
138	1.000464	0.001685	-2.395548	-0.001685	1.000464	0.811663	
139	1.000535	0.001823	-2.367692	-0.001823	1.000535	0.844365	
140	1.000454	0.001594	-2.097772	-0.001594	1.000454	0.722125	
141	1.000310	0.001209	-1.905668	-0.001209	1.000310	0.509550	
142	1.000312	0.001126	-1.761720	-0.001126	1.000312	0.449310	
143	1.000241	0.001054	-1.586647	-0.001054	1.000241	0.442410	
144	1.000433	0.001124	-1.680871	-0.001124	1.000433	0.457054	
145	1.000303	0.001018	-1.515630	-0.001018	1.000303	0.412536	
146	1.000455	0.001295	-1.822491	-0.001295	1.000455	0.540499	
147	1.000492	0.001324	-2.009132	-0.001324	1.000492	0.610331	
148	1.000459	0.001359	-2.045927	-0.001359	1.000459	0.661006	
149	1.000391	0.001515	-1.837037	-0.001515	1.000391	0.763743	
150	1.000468	0.001360	-1.771261	-0.001360	1.000468	0.569759	
151	1.000223	0.001707	-1.887151	-0.001707	1.000223	0.775998	
152	1.000637	0.001674	-2.087596	-0.001674	1.000637	0.602272	
153	1.000395	0.001497	-1.855972	-0.001497	1.000395	0.629204	
154	1.000191	0.001414	-1.714042	-0.001414	1.000191	0.552224	
155	0.999998	0.001428	-1.551267	-0.001428	0.999998	0.748287	
156	1.000021	0.001251	-1.274261	-0.001251	1.000021	0.718296	
157	1.000189	0.001170	-1.345031	-0.001170	1.000189	0.496979	
158	0.999979	0.000995	-1.257159	-0.000995	0.999979	0.482056	
159	0.999827	0.001116	-1.151878	-0.001116	0.999827	0.703156	
160	0.999944	0.001169	-1.175851	-0.001169	0.999944	0.679019	
161	0.999989	0.001154	-1.147033	-0.001154	0.999989	0.624343	
162	0.999704	0.001258	-0.958981	-0.001258	0.999704	0.704078	
163	0.999782	0.001161	-0.950155	-0.001161	0.999782	0.674874	
164	0.999638	0.001005	-0.630370	-0.001005	0.999638	0.656524	
165	0.999813	0.000971	-0.621203	-0.000971	0.999813	0.598019	
166	0.999946	0.000858	-0.587198	-0.000858	0.999946	0.425211	
167	0.999877	0.000864	-0.717519	-0.000864	0.999877	0.431280	
168	1.000102	0.000746	-0.952676	-0.000746	1.000102	0.317132	
169	0.999995	0.000868	-0.962711	-0.000868	0.999995	0.413279	
170	1.000048	0.000881	-0.967707	-0.000881	1.000048	0.331690	
171	0.999917	0.000865	-0.635183	-0.000865	0.999917	0.446551	
172	1.000005	0.000656	-0.432904	-0.000656	1.000005	0.333145	
173	0.999877	0.000775	-0.361436	-0.000775	0.999877	0.398009	
174	1.000274	0.000577	-0.605069	-0.000577	1.000274	0.187775	
175	1.000133	0.000391	-0.489378	-0.000391	1.000133	0.140092	
176	1.000253	0.000467	-0.625523	-0.000467	1.000253	0.183765	
177	1.000142	0.000610	-0.480212	-0.000610	1.000142	0.378701	
178	0.999923	0.000507	-0.432406	-0.000507	0.999923	0.640414	
179	0.999894	0.000523	-0.396392	-0.000523	0.999894	0.773478	
180	1.000045	0.000468	-0.218003	-0.000468	1.000045	0.642929	
181	0.999929	0.000348	-0.010427	-0.000348	0.999929	0.593773	
182	0.999883	0.000144	0.220777	-0.000144	0.999883	0.436324	
183	1.000002	0.000054	0.106930	-0.000054	1.000002	0.467514	
184	1.000001	0.000109	-0.028021	-0.000109	1.000001	0.530395	
185	0.999814	0.000349	-0.288467	-0.000349	0.999814	0.806550	
186	0.999847	0.000492	-0.576038	-0.000492	0.999847	0.952473	
187	0.999624	0.000590	-0.648916	-0.000590	0.999624	1.004612	
188	0.999518	0.000405	-0.487773	-0.000405	0.999518	0.897381	
189	0.999687	0.000329	-0.372744	-0.000329	0.999687	0.582067	
190	0.999437	0.000135	-0.042228	-0.000135	0.999437	0.500084	
191	0.999740	0.000049	-0.142649	-0.000049	0.999740	0.333667	
192	0.999873	-0.000148	0.023366	0.000148	0.999873	0.267948	
193	0.999529	0.000021	-0.034962	-0.000021	0.999529	0.321303	
194	0.999678	0.000062	-0.133487	-0.000062	0.999678	0.280155	
195	0.999992	0.000318	-0.216387	-0.000318	0.999992	0.376742	
196	0.999156	0.000004	0.429258	-0.000004	0.999156	0.611439	
197	0.999341	-0.000361	0.979705	0.000361	0.999341	0.353565	
198	1.000003	-0.000552	1.405315	0.000552	1.000003	-0.244116	
199	0.999367	-0.001520	2.523355	0.001520	0.999367	-0.535685	
200	0.999985	-0.001979	3.082324	0.001979	0.999985	-1.234211	
201	1.000106	-0.002375	3.247036	0.002375	1.000106	-1.564768	
202	1.000291	-0.001889	2.641743	0.001889	1.000291	-1.287216	
203	1.000389	-0.001472	1.878301	0.001472	1.000389	-1.090082	
204	1.000664	-0.001101	1.277470	0.001101	1.000664	-1.085767	
205	1.000654	-0.000997	1.201071	0.000997	1.000654	-1.011037	
206	1.000757	-0.001320	1.453809	0.001320	1.000757	-1.231023	
207	1.000380	-0.001519	2.083095	0.001519	1.000380	-1.202746	
208	1.000546	-0.001760	2.516439	0.001760	1.000546	-1.338684	
209	0.998806	-0.002255	3.378633	0.002255	0.998806	-0.807956	
210	0.998853	-0.002146	3.367739	0.002146	0.998853	-0.800767	
211	0.999358	-0.002139	3.379517	0.002139	0.999358	-1.016649	
212	0.999054	-0.002415	3.788163	0.002415	0.999054	-0.885640	
213	0.999230	-0.002311	3.790708	0.002311	0.999230	-0.956138	
214	1.000071	-0.002059	3.539169	0.002059	1.000071	-1.061112	
215	0.999211	-0.002288	3.638720	0.002288	0.999211	-0.707993	
216	0.999249	-0.002290	3.600047	0.002290	0.999249	-0.609168	
217	0.999821	-0.002121	3.250648	0.002121	0.999821	-0.499015	
218	1.000178	-0.001893	3.056802	0.001893	1.000178	-0.354695	
219	0.999389	-0.002009	3.335449	0.002009	0.999389	0.042487	
220	1.000227	-0.001878	2.958452	0.001878	1.000227	-0.229518	
221	0.999262	-0.001754	2.981182	0.001754	0.999262	0.270280	
222	0.999355	-0.001577	2.947705	0.001577	0.999355	0.335351	
223	0.999726	-0.001781	2.842241	0.001781	0.999726	0.118285	
224	1.000710	-0.001714	2.555262	0.001714	1.000710	-0.292462	
225	0.998312	-0.001029	2.724479	0.001029	0.998312	1.043246	
226	1.000423	-0.001333	2.285540	0.001333	1.000423	-0.042891	
227	0.999985	-0.001294	2.288334	0.001294	0.999985	0.204186	
228	1.000483	-0.001530	2.145602	0.001530	1.000483	-0.194470	
229	1.000369	-0.001386	1.868369	0.001386	1.000369	-0.133179	
230	1.000832	-0.001448	1.700492	0.001448	1.000832	-0.318921	
231	1.000335	-0.001441	1.789463	0.001441	1.000335	-0.023237	
232	1.000410	-0.001302	1.743539	0.001302	1.000410	0.074490	
233	1.000757	-0.000961	1.434733	0.000961	1.000757	0.264165	
234	0.999804	-0.001059	1.764871	0.001059	0.999804	0.741240	
235	1.000977	-0.000867	1.187762	0.000867	1.000977	0.359824	
236	1.000693	-0.000762	1.002080	0.000762	1.000693	0.333020	
237	1.001627	-0.000959	0.834224	0.000959	1.001627	-0.231985	
238	1.001213	-0.000889	0.932526	0.000889	1.001213	-0.084962	
239	1.001721	-0.000903	0.704758	0.000903	1.001721	-0.353537	
240	1.001619	-0.000709	0.530224	0.000709	1.001619	-0.217624	
241	1.001562	-0.000582	0.420988	0.000582	1.001562	-0.082496	
242	1.001696	-0.000706	0.352107	0.000706	1.001696	-0.044366	
243	1.001594	-0.000596	0.373916	0.000596	1.001594	0.012397	
244	1.001848	-0.000660	0.208363	0.000660	1.001848	-0.176922	
245	1.001674	-0.000554	0.091994	0.000554	1.001674	-0.162844	
246	1.002102	-0.000492	-0.016625	0.000492	1.002102	-0.249062	
247	1.001721	-0.000371	-0.007789	0.000371	1.001721	-0.050118	
248	1.001741	-0.000503	0.077273	0.000503	1.001741	-0.268455	
249	1.001578	-0.000618	0.261110	0.000618	1.001578	-0.460206	
250	1.002345	-0.000497	-0.048708	0.000497	1.002345	-0.864792	
251	1.001834	-0.000503	0.079230	0.000503	1.001834	-0.597204	
252	1.001795	-0.000252	-0.382211	0.000252	1.001795	-0.531702	
253	1.002418	-0.000284	-0.684541	0.000284	1.002418	-1.043282	
254	1.002571	-0.000365	-0.623881	0.000365	1.002571	-1.321793	
255	1.002622	-0.000264	-0.725093	0.000264	1.002622	-1.329106	
256	1.002602	-0.000114	-0.973089	0.000114	1.002602	-1.231270	
257	1.002526	0.000063	-1.265024	-0.000063	1.002526	-1.135233	
258	1.002552	-0.000007	-1.291083	0.000007	1.002552	-1.169901	
259	1.002522	-0.000073	-1.284808	0.000073	1.002522	-1.196261	
260	1.002435	-0.000022	-1.321906	0.000022	1.002435	-1.028210	
261	1.002157	0.000064	-1.427887	-0.000064	1.002157	-0.909510	
262	1.001796	0.000264	-1.524276	-0.000264	1.001796	-0.668964	
263	1.001800	0.000449	-1.615501	-0.000449	1.001800	-0.601949	
264	1.001754	0.000473	-1.708741	-0.000473	1.001754	-0.646773	
265	1.001860	0.000503	-1.952420	-0.000503	1.001860	-0.706333	
266	1.001967	0.000708	-2.490432	-0.000708	1.001967	-0.716627	
267	1.002012	0.001173	-3.212545	-0.001173	1.002012	-0.548348	
268	1.001729	0.001411	-3.626169	-0.001411	1.001729	-0.168168	
269	1.001458	0.001558	-3.531308	-0.001558	1.001458	0.113135	
270	1.001404	0.001396	-3.084625	-0.001396	1.001404	0.058199	
271	1.001327	0.001116	-2.619575	-0.001116	1.001327	-0.114627	
272	1.001214	0.001247	-2.650278	-0.001247	1.001214	0.044446	
273	1.001222	0.001222	-2.726596	-0.001222	1.001222	-0.014364	
274	1.001217	0.001378	-2.765537	-0.001378	1.001217	0.086205	
275	1.001022	0.001087	-2.619334	-0.001087	1.001022	0.165230	
276	1.001037	0.001131	-2.580549	-0.001131	1.001037	0.130524	
277	1.000844	0.001175	-2.555960	-0.001175	1.000844	0.176016	
278	1.000799	0.001373	-2.616376	-0.001373	1.000799	0.278338	
279	1.000774	0.001353	-2.503792	-0.001353	1.000774	0.287746	
280	1.000542	0.001212	-2.267933	-0.001212	1.000542	0.264462	
281	1.000612	0.001278	-2.239259	-0.001278	1.000612	0.194359	
282	1.000689	0.001443	-2.587916	-0.001443	1.000689	0.273679	
283	1.000463	0.001297	-2.228228	-0.001297	1.000463	0.483402	
284	1.001098	0.001659	-2.720621	-0.001659	1.001098	0.306723	
285	1.000631	0.001341	-2.966009	-0.001341	1.000631	0.306776	
286	1.000712	0.001691	-3.531112	-0.001691	1.000712	0.407065	
287	1.000968	0.001787	-3.752814	-0.001787	1.000968	0.148412	
288	1.000723	0.001615	-3.267342	-0.001615	1.000723	0.365331	
289	1.000587	0.001610	-3.091593	-0.001610	1.000587	0.572226	
290	1.000628	0.001532	-3.133601	-0.001532	1.000628	0.297058	
291	1.000663	0.001441	-3.252863	-0.001441	1.000663	0.029965	
292	1.000547	0.001521	-3.096033	-0.001521	1.000547	0.077945	
293	1.000618	0.001578	-3.145325	-0.001578	1.000618	0.082291	
294	1.000549	0.001546	-3.041540	-0.001546	1.000549	0.229165	
295	1.000496	0.001448	-2.758033	-0.001448	1.000496	0.120443	
296	1.000717	0.001607	-3.110098	-0.001607	1.000717	0.163484	
297	1.000065	0.001202	-2.442231	-0.001202	1.000065	0.177700	
298	0.999409	0.001189	-1.939218	-0.001189	0.999409	0.573505	
299	0.998984	0.001023	-1.492123	-0.001023	0.998984	0.595212	
300	0.999000	0.000732	-0.982890	-0.000732	0.999000	0.369234	
301	0.999039	0.000973	-1.259115	-0.000973	0.999039	0.444352	
302	0.999132	0.000823	-1.119193	-0.000823	0.999132	0.308557	
303	0.999101	0.000975	-1.448142	-0.000975	0.999101	0.501715	
304	0.999317	0.001218	-1.842204	-0.001218	0.999317	0.551693	
305	0.999069	0.000899	-1.309968	-0.000899	0.999069	0.358418	
306	0.999247	0.000883	-1.313986	-0.000883	0.999247	0.302519	
307	0.999242	0.000628	-1.059763	-0.000628	0.999242	0.087265	
308	0.999755	0.000191	-0.787274	-0.000191	0.999755	-0.448637	
309	0.999587	0.000818	-1.456951	-0.000818	0.999587	0.008571	
310	0.999393	0.000310	-0.574257	-0.000310	0.999393	-0.176083	
311	0.999277	0.000597	-0.552970	-0.000597	0.999277	0.249259	
312	0.998872	0.000014	0.258944	-0.000014	0.998872	-0.203433	
313	0.999804	-0.000600	0.770657	0.000600	0.999804	-1.010878	
314	0.999120	-0.000101	0.293733	0.000101	0.999120	-0.406232	
315	0.999270	-0.001114	1.521261	0.001114	0.999270	-0.825695	
316	0.998146	-0.000714	1.626042	0.000714	0.998146	0.103698	
317	0.998504	-0.000970	1.810124	0.000970	0.998504	-0.002622	
318	0.998887	-0.000824	1.471188	0.000824	0.998887	-0.121257	
319	0.998602	-0.000278	0.840776	0.000278	0.998602	0.032462	
320	1.001362	-0.000825	0.065928	0.000825	1.001362	-1.207806	
321	1.003034	-0.001552	-0.282776	0.001552	1.003034	-2.659308	
322	1.000185	0.000224	-1.318468	-0.000224	1.000185	-0.993812	
323	1.000568	0.000403	-1.720761	-0.000403	1.000568	-1.301425	
324	1.001694	0.000053	-1.891824	-0.000053	1.001694	-1.963294	
325	1.002438	0.001562	-4.037318	-0.001562	1.002438	-1.548171	
326	0.997371	0.001669	-4.473012	-0.001669	0.997371	-0.463446	
327	1.005555	0.002693	-6.906609	-0.002693	1.005555	-2.422229	
328	0.998990	0.000889	-6.497195	-0.000889	0.998990	-1.507341	
329	1.006924	0.004136	-9.442821	-0.004136	1.006924	-2.355532	
330	1.007333	0.004816	-10.268336	-0.004816	1.007333	-2.240571	
331	0.995206	0.000829	-8.196508	-0.000829	0.995206	-0.626428	
332	0.994984	0.001298	-8.707789	-0.001298	0.994984	-0.364453	
333	0.993979	0.001327	-9.143056	-0.001327	0.993979	0.035194	
334	1.011130	0.006653	-14.450995	-0.006653	1.011130	-2.496904	
335	0.991679	0.001515	-9.084259	-0.001515	0.991679	1.042247	
336	0.990919	0.001537	-9.036876	-0.001537	0.990919	1.325787	
337	0.990051	0.001494	-9.146937	-0.001494	0.990051	1.552247	
338	0.988859	0.001531	-8.924812	-0.001531	0.988859	2.164232	
339	0.988942	0.001352	-9.525751	-0.001352	0.988942	2.374198	
340	0.988190	0.001622	-9.947772	-0.001622	0.988190	2.870968	
341	0.988989	0.001637	-10.925566	-0.001637	0.988989	2.660008	
342	0.988756	0.001814	-11.296623	-0.001814	0.988756	2.824431	
343	0.988901	0.001796	-11.794134	-0.001796	0.988901	3.077923	
344	0.990066	0.001645	-12.631671	-0.001645	0.990066	3.145582	
345	0.989797	0.001804	-13.401734	-0.001804	0.989797	3.134865	
346	0.990147	0.001903	-14.378946	-0.001903	0.990147	2.691522	
347	0.989963	0.002103	-14.932602	-0.002103	0.989963	2.609326	
348	0.989790	0.002191	-14.942892	-0.002191	0.989790	2.969672	
349	0.991696	0.002052	-16.268575	-0.002052	0.991696	2.863474	
350	0.991935	0.002094	-16.638289	-0.002094	0.991935	3.121485	
351	0.993972	0.002385	-17.805391	-0.002385	0.993972	2.898294	
352	0.993939	0.001948	-18.456303	-0.001948	0.993939	2.658872	
353	0.994434	0.002298	-19.051223	-0.002298	0.994434	3.024204	
354	0.994462	0.002437	-19.141327	-0.002437	0.994462	3.133919	
355	0.995158	0.002092	-19.522813	-0.002092	0.995158	3.012583	
356	0.996000	0.002513	-19.620466	-0.002513	0.996000	3.194835	
357	0.995407	0.002252	-18.728827	-0.002252	0.995407	3.304447	
358	0.996458	0.002415	-18.935714	-0.002415	0.996458	3.080312	
359	0.996193	0.002277	-18.498870	-0.002277	0.996193	2.933384	
360	0.996787	0.002340	-18.438712	-0.002340	0.996787	2.774050	
361	0.995823	0.002415	-17.139473	-0.002415	0.995823	3.051295	
362	0.997775	0.002420	-17.805471	-0.002420	0.997775	2.563424	
363	0.996370	0.002080	-16.402306	-0.002080	0.996370	2.583445	
364	0.996248	0.002282	-16.112484	-0.002282	0.996248	2.815652	
365	0.997683	0.002116	-17.210590	-0.002116	0.997683	2.391815	
366	0.997243	0.002460	-17.033030	-0.002460	0.997243	2.831596	
367	0.997344	0.002341	-16.993973	-0.002341	0.997344	2.577018	
368	0.996950	0.002358	-16.643082	-0.002358	0.996950	2.739729	
369	0.996831	0.002490	-16.711924	-0.002490	0.996831	3.056401	
370	0.997787	0.002254	-17.248075	-0.002254	0.997787	2.410610	
371	0.998338	0.002006	-17.571209	-0.002006	0.998338	1.763491	
372	0.998826	0.002019	-17.985503	-0.002019	0.998826	1.318472	
373	0.999229	0.002347	-18.385077	-0.002347	0.999229	1.903891	
374	0.999343	0.002251	-18.599007	-0.002251	0.999343	1.796249	
375	1.001513	0.002867	-19.558463	-0.002867	1.001513	1.219228	
376	0.999968	0.002481	-18.921310	-0.002481	0.999968	1.579675	
377	0.999385	0.002837	-17.724090	-0.002837	0.999385	2.127304	
378	0.999109	0.002864	-17.388779	-0.002864	0.999109	2.172317	
379	0.999452	0.002642	-17.224121	-0.002642	0.999452	1.760864	
380	0.999782	0.002783	-17.356143	-0.002783	0.999782	1.963970	
381	0.999998	0.002702	-17.373097	-0.002702	0.999998	2.214843	
382	0.999672	0.002446	-17.003205	-0.002446	0.999672	2.235786	
383	1.000329	0.002719	-17.175967	-0.002719	1.000329	2.189740	
384	0.999757	0.002327	-16.553552	-0.002327	0.999757	1.841553	
385	1.000254	0.002449	-16.751648	-0.002449	1.000254	1.687250	
386	1.000276	0.002477	-16.386047	-0.002477	1.000276	1.732379	
387	1.000735	0.002734	-16.670606	-0.002734	1.000735	1.781653	
388	0.999218	0.002075	-15.468226	-0.002075	0.999218	1.813684	
389	0.999670	0.002030	-15.450210	-0.002030	0.999670	1.688934	
390	1.001854	0.002614	-16.125636	-0.002614	1.001854	1.393642	
391	1.005035	0.002838	-17.428855	-0.002838	1.005035	0.487968	
392	1.005016	0.002592	-16.376483	-0.002592	1.005016	0.131026	
393	1.003686	0.002420	-15.394824	-0.002420	1.003686	0.209291	
394	1.002370	0.001972	-14.106767	-0.001972	1.002370	0.310398	
395	1.002620	0.001807	-13.611370	-0.001807	1.002620	0.377368	
396	1.002432	0.001406	-12.653619	-0.001406	1.002432	0.332198	
397	1.004368	0.005295	-11.960360	-0.005295	1.004368	1.903449	
398	1.001044	0.002111	-9.706877	-0.002111	1.001044	0.978116	
399	1.003843	0.003275	-11.233815	-0.003275	1.003843	1.003957	
400	1.003732	0.003228	-10.723029	-0.003228	1.003732	0.806745	
401	0.996189	0.005930	-3.064355	-0.005930	0.996189	5.958310	
402	1.003949	0.006514	-9.428366	-0.006514	1.003949	2.279729	
403	1.002109	0.001367	-9.872636	-0.001367	1.002109	0.310618	
404	0.998424	0.005584	-6.515901	-0.005584	0.998424	4.846773	
405	1.002666	0.002210	-10.622737	-0.002210	1.002666	1.229517	
406	1.001958	0.001366	-10.649465	-0.001366	1.001958	0.687726	
407	0.993175	0.007148	-2.499319	-0.007148	0.993175	8.452369	
408	1.002871	0.006856	-10.493995	-0.006856	1.002871	3.149841	
409	1.002384	0.001694	-11.800550	-0.001694	1.002384	0.574359	
410	1.001506	0.001595	-11.269113	-0.001595	1.001506	0.681560	
411	0.992471	0.006054	-2.285914	-0.006054	0.992471	7.615395	
412	1.002339	0.002165	-11.972227	-0.002165	1.002339	0.705272	
413	0.992738	0.006399	-2.337702	-0.006399	0.992738	7.924691	
414	0.998039	0.003682	-7.262045	-0.003682	0.998039	3.458947	
415	1.001906	0.001658	-10.508502	-0.001658	1.001906	0.855189	
416	0.994505	0.006061	-2.813566	-0.006061	0.994505	7.055547	
417	1.000148	0.004607	-7.575808	-0.004607	1.000148	3.270073	
418	1.001994	0.004493	-8.977466	-0.004493	1.001994	2.670004	
419	1.002157	0.004321	-9.038761	-0.004321	1.002157	2.773787	
420	0.993930	0.004229	-1.140203	-0.004229	0.993930	6.490214	
421	0.999140	0.004113	-6.359799	-0.004113	0.999140	4.373801	
422	0.995292	0.003995	-2.334323	-0.003995	0.995292	5.816958	
423	0.995044	0.004110	-2.371225	-0.004110	0.995044	6.211684	
424	1.002833	0.001079	-9.140774	-0.001079	1.002833	2.620803	
425	0.996441	0.003437	-2.192367	-0.003437	0.996441	5.993920	
426	0.997862	0.003059	-3.043168	-0.003059	0.997862	4.604699	
427	1.001380	0.003010	-6.117937	-0.003010	1.001380	2.114515	
428	0.997840	0.003946	-3.135550	-0.003946	0.997840	3.834365	
429	1.003573	0.002323	-8.902490	-0.002323	1.003573	-0.423446	
430	0.996913	0.005605	-4.710447	-0.005605	0.996913	5.165691	
431	0.995956	0.005223	-3.718620	-0.005223	0.995956	5.468124	
432	1.002967	0.001516	-9.671641	-0.001516	1.002967	-0.388594	
433	1.000328	0.002880	-7.208460	-0.002880	1.000328	0.988749	
434	1.002441	0.000628	-8.700129	-0.000628	1.002441	-0.922389	
435	1.002740	0.001223	-8.850149	-0.001223	1.002740	0.085007	
436	1.002368	0.002385	-8.412644	-0.002385	1.002368	0.951025	
437	1.001925	0.002694	-7.195740	-0.002694	1.001925	0.882859	
438	1.001108	0.002756	-5.750575	-0.002756	1.001108	1.242134	
439	1.001281	0.002575	-5.556634	-0.002575	1.001281	1.379994	
440	1.001090	0.002637	-5.351696	-0.002637	1.001090	1.542448	
441	1.000961	0.002519	-5.490144	-0.002519	1.000961	1.402908	
442	0.999368	0.003095	-4.505530	-0.003095	0.999368	2.513356	
443	0.999440	0.002817	-4.980002	-0.002817	0.999440	2.455826	
444	0.998075	0.003079	-3.086635	-0.003079	0.998075	3.622787	
445	1.000451	0.002662	-4.926901	-0.002662	1.000451	2.441760	
446	1.000592	0.002379	-4.558778	-0.002379	1.000592	2.223795	
447	1.000882	0.002223	-4.451129	-0.002223	1.000882	2.009327	
448	1.001043	0.002221	-4.503442	-0.002221	1.001043	1.766053	
449	1.001612	0.002253	-4.875131	-0.002253	1.001612	1.283841	
450	1.001786	0.002220	-5.012949	-0.002220	1.001786	0.904320	
451	1.001862	0.002385	-5.120195	-0.002385	1.001862	0.711126	
452	1.002203	0.002344	-5.299756	-0.002344	1.002203	0.428659	
453	1.001976	0.002149	-4.801279	-0.002149	1.001976	0.566986	
454	1.001939	0.001768	-4.297140	-0.001768	1.001939	0.441502	
455	1.002162	0.001518	-3.885732	-0.001518	1.002162	-0.006109	
456	1.001668	0.001158	-2.762526	-0.001158	1.001668	-0.097010	
457	1.001462	0.000576	-1.743882	-0.000576	1.001462	-0.131598	
458	1.000880	-0.000007	-0.396963	0.000007	1.000880	-0.323884	
459	1.000911	-0.000299	0.069090	0.000299	1.000911	-0.668475	
460	1.000656	-0.000380	0.379861	0.000380	1.000656	-0.638684	
461	1.000221	-0.000405	0.776493	0.000405	1.000221	-0.423583	
462	1.000184	-0.000426	0.662231	0.000426	1.000184	-0.452208	
463	0.999993	-0.000498	0.856183	0.000498	0.999993	-0.455781	
464	1.000025	-0.000314	0.657377	0.000314	1.000025	-0.345799	
465	0.999910	-0.000252	0.725525	0.000252	0.999910	-0.185539	
466	0.999956	-0.000287	0.738307	0.000287	0.999956	-0.237669	
467	0.999978	-0.000330	0.736203	0.000330	0.999978	-0.267663	
468	1.000013	-0.000342	0.829978	0.000342	1.000013	-0.198418	
469	0.999988	-0.000416	1.026271	0.000416	0.999988	-0.233907	
470	1.000193	-0.000626	1.086467	0.000626	1.000193	-0.597328	
471	1.000168	-0.000766	1.207082	0.000766	1.000168	-0.673928	
472	1.000079	-0.000806	1.294879	0.000806	1.000079	-0.596642	
473	0.999934	-0.000714	1.372041	0.000714	0.999934	-0.490650	
474	1.000299	-0.000848	1.138552	0.000848	1.000299	-0.799074	
475	1.000224	-0.000881	1.273705	0.000881	1.000224	-0.722416	
476	1.000071	-0.000625	1.151124	0.000625	1.000071	-0.370609	
477	1.000021	-0.000651	1.201607	0.000651	1.000021	-0.395533	
478	1.000095	-0.000586	1.013306	0.000586	1.000095	-0.468240	
479	1.000159	-0.000532	0.904410	0.000532	1.000159	-0.479770	
480	0.999989	-0.000434	1.047215	0.000434	0.999989	-0.337271	
481	1.000029	-0.000519	0.919880	0.000519	1.000029	-0.474632	
482	0.999779	-0.000638	1.461476	0.000638	0.999779	-0.433572	
483	0.999964	-0.000580	1.157682	0.000580	0.999964	-0.506278	
484	0.999986	-0.000602	1.203510	0.000602	0.999986	-0.642344	
485	1.000154	-0.000654	1.104709	0.000654	1.000154	-0.801879	
486	1.000169	-0.000686	1.505815	0.000686	1.000169	-0.842411	
487	1.000334	-0.000974	1.904617	0.000974	1.000334	-1.180762	
488	1.000633	-0.000746	1.538334	0.000746	1.000633	-1.482937	
489	1.000895	-0.000641	1.167197	0.000641	1.000895	-1.756390	
490	1.000939	-0.000443	0.739396	0.000443	1.000939	-1.601036	
491	1.000682	-0.000273	0.563796	0.000273	1.000682	-1.097491	
492	1.000458	0.000121	0.239880	-0.000121	1.000458	-0.544449	
493	1.000387	0.000387	-0.154152	-0.000387	1.000387	-0.306823	
494	1.000278	0.000707	-0.889903	-0.000707	1.000278	-0.114288	
495	1.000177	0.001200	-1.693601	-0.001200	1.000177	0.098455	
496	1.000193	0.001601	-2.267879	-0.001601	1.000193	0.301481	
497	0.999492	0.001356	-1.555909	-0.001356	0.999492	0.563583	
498	0.999172	0.001309	-1.304157	-0.001309	0.999172	1.060894	
499	0.999032	0.001444	-1.225662	-0.001444	0.999032	1.500511	
500	0.999350	0.001426	-1.411685	-0.001426	0.999350	1.277470	
501	0.999642	0.001236	-1.398679	-0.001236	0.999642	1.096811	
502	0.999747	0.000931	-0.807423	-0.000931	0.999747	0.729773	
503	0.999756	0.000722	-0.506191	-0.000722	0.999756	0.662958	
504	0.999808	0.000740	-0.833756	-0.000740	0.999808	0.661478	
505	0.999897	0.000805	-0.949420	-0.000805	0.999897	0.522776	
506	1.000002	0.000673	-0.887183	-0.000673	1.000002	0.453644	
507	0.999983	0.000554	-0.881133	-0.000554	0.999983	0.501134	
508	1.000151	0.000574	-1.026555	-0.000574	1.000151	0.412688	
509	1.000152	0.000536	-0.871831	-0.000536	1.000152	0.324033	
510	1.000042	0.000320	-0.586241	-0.000320	1.000042	0.433364	
511	1.000020	0.000095	-0.179795	-0.000095	1.000020	0.394090	
512	1.000181	0.000238	-0.154661	-0.000238	1.000181	0.252091	
513	1.000271	0.000024	-0.079110	-0.000024	1.000271	0.074083	
514	1.000133	0.000113	-0.058100	-0.000113	1.000133	0.350172	
515	1.000253	0.000140	-0.289279	-0.000140	1.000253	0.313170	
516	1.001990	0.000205	-1.587666	-0.000205	1.001990	-0.435671	
517	1.006439	0.000086	-4.447757	-0.000086	1.006439	-2.853602	
518	1.005364	0.000019	-3.718774	-0.000019	1.005364	-2.308392	
519	1.005167	0.000131	-3.671442	-0.000131	1.005167	-2.194541	
520	1.004414	-0.000011	-2.970659	0.000011	1.004414	-2.104028	
521	1.004723	-0.000011	-3.055709	0.000011	1.004723	-2.199470	
522	1.004672	-0.000039	-3.021073	0.000039	1.004672	-2.094486	
523	1.004334	-0.000043	-2.641872	0.000043	1.004334	-2.011921	
524	1.004443	0.000148	-2.878821	-0.000148	1.004443	-1.994551	
525	1.004355	0.000093	-2.740467	-0.000093	1.004355	-1.811793	
526	1.004447	-0.000223	-2.431910	0.000223	1.004447	-2.001288	
527	1.004740	-0.000263	-2.579021	0.000263	1.004740	-2.380116	
528	1.004897	-0.000284	-2.660100	0.000284	1.004897	-2.567348	
529	1.004705	-0.000342	-2.433026	0.000342	1.004705	-2.392314	
530	1.004635	-0.000464	-2.218997	0.000464	1.004635	-2.449437	
531	1.004272	-0.000287	-2.285356	0.000287	1.004272	-2.233290	
532	1.003946	-0.000097	-2.250373	0.000097	1.003946	-1.952043	
533	1.003449	-0.000119	-2.026523	0.000119	1.003449	-1.622317	
534	1.002785	-0.000152	-1.695557	0.000152	1.002785	-1.285193	
535	1.001985	-0.000151	-1.070232	0.000151	1.001985	-0.995959	
536	1.001429	-0.000273	-0.532123	0.000273	1.001429	-0.798533	
537	1.001189	-0.000497	-0.220754	0.000497	1.001189	-0.684014	
538	1.000902	-0.000483	-0.044406	0.000483	1.000902	-0.648827	
539	1.000850	-0.000407	-0.190600	0.000407	1.000850	-0.670092	
540	1.000574	-0.000491	0.106353	0.000491	1.000574	-0.577376	
541	1.000881	-0.000272	0.007477	0.000272	1.000881	-0.561063	
542	1.000738	-0.000421	0.400733	0.000421	1.000738	-0.646373	
543	1.000836	-0.000618	0.548118	0.000618	1.000836	-0.789356	
544	1.000652	-0.000737	0.727653	0.000737	1.000652	-0.812176	
545	1.000565	-0.000847	1.042850	0.000847	1.000565	-0.815519	
546	1.000589	-0.000769	0.712397	0.000769	1.000589	-0.732780	
547	1.000367	-0.000867	0.976566	0.000867	1.000367	-0.747624	
548	1.000224	-0.000980	1.304704	0.000980	1.000224	-0.638880	
549	1.000474	-0.001145	1.483801	0.001145	1.000474	-0.928394	
550	1.000415	-0.001377	1.821592	0.001377	1.000415	-1.122224	
551	1.000587	-0.001505	1.772585	0.001505	1.000587	-1.265160	
552	1.000593	-0.001631	2.089792	0.001631	1.000593	-1.262566	
553	0.999703	-0.002086	3.305560	0.002086	0.999703	-1.194564	
554	1.002048	-0.002685	1.918698	0.002685	1.002048	-2.765034	
555	1.000815	-0.002382	3.373684	0.002382	1.000815	-2.025223	
556	1.000457	-0.002561	3.703380	0.002561	1.000457	-1.982401	
557	1.000305	-0.002614	3.842097	0.002614	1.000305	-1.933816	
558	1.000336	-0.002736	3.848610	0.002736	1.000336	-2.023775	
559	1.000338	-0.002766	3.612720	0.002766	1.000338	-2.017436	
560	1.000933	-0.003204	3.017182	0.003204	1.000933	-2.449906	
561	0.997689	-0.003234	5.934955	0.003234	0.997689	-0.953811	
562	0.997403	-0.003172	6.325901	0.003172	0.997403	-0.922653	
563	0.996821	-0.002530	7.285085	0.002530	0.996821	-0.476079	
564	0.996509	-0.002139	8.048103	0.002139	0.996509	-0.202302	
565	0.999617	-0.004699	5.433259	0.004699	0.999617	-3.018271	
566	0.996285	-0.001862	8.911291	0.001862	0.996285	-0.176829	
567	0.995873	-0.001468	9.756172	0.001468	0.995873	0.059310	
568	0.998493	-0.004167	7.714548	0.004167	0.998493	-2.320236	
569	1.004575	-0.005368	2.152763	0.005368	1.004575	-5.932785	
570	0.995297	-0.000614	12.734735	0.000614	0.995297	1.195821	
571	1.006905	-0.005067	0.125448	0.005067	1.006905	-6.687534	
572	0.994423	-0.001013	14.522286	0.001013	0.994423	1.059405	
573	1.005927	-0.006294	2.020190	0.006294	1.005927	-7.479535	
574	0.994637	-0.001115	15.023977	0.001115	0.994637	0.785735	
575	1.001082	-0.007513	8.695241	0.007513	1.001082	-5.962336	
576	0.993265	-0.001087	17.618270	0.001087	0.993265	1.038966	
577	1.009480	-0.008641	0.754265	0.008641	1.009480	-11.464701	
578	0.993530	-0.001474	19.179310	0.001474	0.993530	0.638786	
579	0.993139	-0.001595	19.996593	0.001595	0.993139	0.846229	
580	0.993191	-0.001745	20.400949	0.001745	0.993191	0.833434	
581	0.993779	-0.001753	20.110465	0.001753	0.993779	0.610583	
582	0.994060	-0.001593	20.579710	0.001593	0.994060	0.607624	
583	0.992989	-0.001885	21.943967	0.001885	0.992989	0.698380	
584	0.994499	-0.001862	20.762483	0.001862	0.994499	0.345200	
585	0.991954	-0.002441	22.920406	0.002441	0.991954	0.693053	
586	0.992645	-0.001883	22.979493	0.001883	0.992645	0.807623	
587	0.991955	-0.002295	23.666162	0.002295	0.991955	0.608224	
588	0.991345	-0.002140	24.182150	0.002140	0.991345	0.811210	
589	0.993033	-0.002328	23.462732	0.002328	0.993033	0.156556	
590	0.991312	-0.002128	24.223961	0.002128	0.991312	0.818449	
591	0.992280	-0.002217	24.028697	0.002217	0.992280	0.585811	
592	0.992861	-0.002335	23.935533	0.002335	0.992861	0.145214	
593	0.992564	-0.002217	24.095812	0.002217	0.992564	0.126417	
594	0.991821	-0.002313	24.434920	0.002313	0.991821	0.248154	
595	0.993012	-0.002904	23.723366	0.002904	0.993012	-0.232787	
596	0.994509	-0.002819	23.091023	0.002819	0.994509	-0.333651	
597	0.995751	-0.002351	22.085805	0.002351	0.995751	-0.332643	
598	0.996308	-0.002327	21.813469	0.002327	0.996308	-0.497470	
599	0.994895	-0.002989	22.668111	0.002989	0.994895	-0.610741	
600	0.996935	-0.002373	21.726087	0.002373	0.996935	-0.623625	
601	0.997849	-0.002508	21.623503	0.002508	0.997849	-0.877049	
602	0.997989	-0.002731	21.780377	0.002731	0.997989	-1.053866	
603	0.998578	-0.002893	21.947689	0.002893	0.998578	-1.245967	
604	1.006625	-0.005888	15.202087	0.005888	1.006625	-5.772165	
605	1.000444	-0.002844	20.726877	0.002844	1.000444	-1.381233	
606	0.999402	-0.002850	20.898004	0.002850	0.999402	-1.253822	
607	1.001532	-0.002880	18.712779	0.002880	1.001532	-2.008373	
608	1.001693	-0.002480	17.895469	0.002480	1.001693	-1.861939	
609	1.001664	-0.002164	17.086692	0.002164	1.001664	-1.678369	
610	1.001677	-0.001920	16.449470	0.001920	1.001677	-1.390518	
611	1.001197	-0.002136	16.113453	0.002136	1.001197	-1.375630	
612	1.000384	-0.001913	16.273896	0.001913	1.000384	-1.132454	
613	1.000923	-0.002001	15.478027	0.002001	1.000923	-0.841326	
614	1.000877	-0.002232	15.267371	0.002232	1.000877	-1.197323	
615	1.001561	-0.002637	14.359911	0.002637	1.001561	-2.509558	
616	1.001483	-0.001830	14.163362	0.001830	1.001483	-1.932375	
617	1.001724	-0.002321	13.436458	0.002321	1.001724	-1.637901	
618	1.012394	-0.011686	4.930457	0.011686	1.012394	-12.137247	
619	1.011325	-0.010822	4.415291	0.010822	1.011325	-11.321300	
620	1.001181	-0.001918	12.958909	0.001918	1.001181	-1.617980	
621	1.000222	-0.001664	14.091630	0.001664	1.000222	-0.899911	
622	1.000981	-0.001814	13.556953	0.001814	1.000981	-1.280136	
623	1.000544	-0.001846	14.358979	0.001846	1.000544	-1.739472	
624	1.000691	-0.002171	14.186503	0.002171	1.000691	-1.754705	
625	1.000715	-0.002106	13.806898	0.002106	1.000715	-1.102750	
626	0.998951	-0.002535	14.149620	0.002535	0.998951	-1.051639	
627	1.007997	-0.014267	7.088531	0.014267	1.007997	-12.726964	
628	1.012033	-0.010251	2.929051	0.010251	1.012033	-11.913666	
629	1.000852	-0.001977	12.676378	0.001977	1.000852	-1.072662	
630	1.011425	-0.009357	3.342546	0.009357	1.011425	-10.430074	
631	1.010819	-0.009028	3.333919	0.009028	1.010819	-10.219222	
632	1.002805	-0.001913	9.472482	0.001913	1.002805	-1.953817	
633	1.009508	-0.010216	3.660090	0.010216	1.009508	-10.600279	
634	1.008412	-0.010805	3.784152	0.010805	1.008412	-11.402737	
635	1.010714	-0.009960	2.583726	0.009960	1.010714	-11.443102	
636	1.009719	-0.009484	2.735151	0.009484	1.009719	-10.795659	
637	1.008628	-0.007578	3.012194	0.007578	1.008628	-8.373761	
638	1.010128	-0.008154	1.106118	0.008154	1.010128	-9.545860	
639	1.009609	-0.007240	0.791722	0.007240	1.009609	-8.898675	
640	1.009457	-0.005743	0.797158	0.005743	1.009457	-7.224652	
641	1.005308	-0.004013	4.433017	0.004013	1.005308	-4.030752	
642	0.993866	-0.007497	10.013059	0.007497	0.993866	-1.138122	
643	1.005798	-0.007174	3.671167	0.007174	1.005798	-7.536599	
644	0.999685	-0.006568	7.772768	0.006568	0.999685	-4.109423	
645	0.998169	-0.006366	7.552147	0.006366	0.998169	-2.885177	
646	1.005863	-0.006295	2.799086	0.006295	1.005863	-6.925204	
647	1.000445	-0.003767	6.366776	0.003767	1.000445	-2.944936	
648	0.997465	-0.005382	7.221458	0.005382	0.997465	-2.075740	
649	1.000868	-0.006233	5.580631	0.006233	1.000868	-4.531305	
650	1.001380	-0.003695	4.785439	0.003695	1.001380	-3.053948	
651	1.001526	-0.003547	4.523766	0.003547	1.001526	-3.041920	
652	1.001324	-0.003643	4.580188	0.003643	1.001324	-3.013408	
653	1.001223	-0.003584	4.789920	0.003584	1.001223	-2.905731	
654	1.001788	-0.003509	4.556200	0.003509	1.001788	-2.994142	
655	1.001559	-0.003492	4.602396	0.003492	1.001559	-2.823504	
656	1.000751	-0.003459	4.801026	0.003459	1.000751	-2.443485	
657	1.002777	-0.004425	3.494357	0.004425	1.002777	-4.106342	
658	1.001399	-0.003584	4.345007	0.003584	1.001399	-2.892539	
659	1.001388	-0.003304	4.298556	0.003304	1.001388	-2.650927	
660	1.003874	-0.004767	2.901908	0.004767	1.003874	-4.915682	
661	1.002480	-0.002982	4.196720	0.002982	1.002480	-2.666836	
662	1.001848	-0.003139	4.541283	0.003139	1.001848	-2.580282	
663	1.002598	-0.002866	3.972809	0.002866	1.002598	-2.494735	
664	1.002566	-0.003741	3.356862	0.003741	1.002566	-3.205037	
665	1.003088	-0.004283	2.068021	0.004283	1.003088	-4.159228	
666	1.001144	-0.002549	3.108303	0.002549	1.001144	-1.415871	
667	1.001157	-0.002075	2.505501	0.002075	1.001157	-1.199859	
668	1.001215	-0.001825	1.819013	0.001825	1.001215	-1.389110	
669	1.001236	-0.001565	1.882145	0.001565	1.001236	-1.457729	
670	1.001301	-0.001808	2.072801	0.001808	1.001301	-1.672013	
671	1.001147	-0.001924	2.604323	0.001924	1.001147	-1.724411	
672	1.001396	-0.002174	2.836942	0.002174	1.001396	-2.072695	
673	1.001164	-0.002257	3.074611	0.002257	1.001164	-2.088009	
674	1.000870	-0.002356	3.121362	0.002356	1.000870	-1.850724	
675	1.001061	-0.002098	2.897399	0.002098	1.001061	-1.790581	
676	1.001083	-0.002103	2.831337	0.002103	1.001083	-1.818248	
677	1.000917	-0.002060	2.914728	0.002060	1.000917	-1.677486	
678	1.000938	-0.001911	2.897722	0.001911	1.000938	-1.429306	
679	1.000703	-0.001945	3.069413	0.001945	1.000703	-1.397342	
680	1.000542	-0.001762	3.032761	0.001762	1.000542	-1.357052	
681	1.000438	-0.001783	3.046871	0.001783	1.000438	-1.304882	
682	1.000363	-0.001855	2.973319	0.001855	1.000363	-1.326534	
683	1.000681	-0.001826	2.853748	0.001826	1.000681	-1.403918	
684	1.000667	-0.001779	2.826175	0.001779	1.000667	-1.385837	
685	1.000729	-0.001816	2.755592	0.001816	1.000729	-1.479549	
686	1.000260	-0.001929	2.787492	0.001929	1.000260	-1.301832	
687	1.000689	-0.001693	2.506382	0.001693	1.000689	-1.272207	
688	1.000659	-0.001656	2.584373	0.001656	1.000659	-1.211451	
689	1.000652	-0.001734	2.751603	0.001734	1.000652	-1.287857	
690	1.000637	-0.002076	3.079175	0.002076	1.000637	-1.348586	
691	1.000731	-0.002036	3.114207	0.002036	1.000731	-1.452279	
692	1.000705	-0.002035	3.059075	0.002035	1.000705	-1.548620	
693	1.000370	-0.002162	3.066812	0.002162	1.000370	-1.519157	
694	1.000287	-0.001942	2.587238	0.001942	1.000287	-1.241582	
695	1.000451	-0.001474	2.085013	0.001474	1.000451	-1.163239	
696	1.000367	-0.001332	1.789458	0.001332	1.000367	-1.123513	
697	1.000364	-0.001208	1.611403	0.001208	1.000364	-1.026262	
698	1.000515	-0.001160	1.397730	0.001160	1.000515	-1.090009	
699	1.000528	-0.001105	1.331116	0.001105	1.000528	-1.024787	
700	1.000466	-0.001228	1.347521	0.001228	1.000466	-0.949956	
701	1.000508	-0.001242	1.273401	0.001242	1.000508	-0.864461	
702	1.000608	-0.001155	1.012712	0.001155	1.000608	-0.828797	
703	1.000699	-0.000899	0.725700	0.000899	1.000699	-0.790761	
704	1.000491	-0.000701	0.507998	0.000701	1.000491	-0.593911	
705	1.000569	-0.000639	0.276521	0.000639	1.000569	-0.622627	
706	1.000550	-0.000677	0.444094	0.000677	1.000550	-0.531273	
707	1.000481	-0.000800	0.695516	0.000800	1.000481	-0.583688	
708	1.000650	-0.001151	0.836644	0.001151	1.000650	-0.959414	
709	1.000452	-0.001050	1.000898	0.001050	1.000452	-0.902148	
710	1.000982	-0.001392	0.818089	0.001392	1.000982	-1.280179	
711	1.000631	-0.001469	1.216820	0.001469	1.000631	-1.185144	
712	1.000573	-0.001617	1.569381	0.001617	1.000573	-1.223280	
713	1.000875	-0.001816	1.469528	0.001816	1.000875	-1.497537	
714	1.000572	-0.001824	1.979968	0.001824	1.000572	-1.287178	
715	1.000240	-0.002146	2.444992	0.002146	1.000240	-1.200725	
716	1.000189	-0.002430	2.893221	0.002430	1.000189	-1.426609	
717	1.000176	-0.002246	3.221476	0.002246	1.000176	-1.435077	
718	1.000158	-0.002360	3.076303	0.002360	1.000158	-1.309581	
719	0.999849	-0.002677	3.607196	0.002677	0.999849	-1.392649	
720	0.999900	-0.002916	3.719541	0.002916	0.999900	-1.651881	
721	0.999537	-0.002742	3.830128	0.002742	0.999537	-1.393813	
722	0.999995	-0.002493	3.627253	0.002493	0.999995	-1.381312	
723	1.000087	-0.002513	3.224294	0.002513	1.000087	-1.495793	
724	0.999903	-0.002384	3.177280	0.002384	0.999903	-1.531358	
725	0.999837	-0.002354	3.057069	0.002354	0.999837	-1.457344	
726	0.999977	-0.002032	2.754057	0.002032	0.999977	-1.352967	
727	1.000092	-0.001783	2.331933	0.001783	1.000092	-1.255389	
728	0.999936	-0.001664	2.521755	0.001664	0.999936	-0.989443	
729	0.999976	-0.001725	2.705144	0.001725	0.999976	-1.163252	
730	0.999878	-0.001680	2.748051	0.001680	0.999878	-0.982068	
731	0.999905	-0.001851	2.622298	0.001851	0.999905	-1.097412	
732	0.999785	-0.001773	2.612961	0.001773	0.999785	-1.144832	
733	1.000001	-0.001910	2.479962	0.001910	1.000001	-1.337993	
734	0.999785	-0.001706	2.692672	0.001706	0.999785	-1.177810	
735	0.999897	-0.001823	2.705959	0.001823	0.999897	-1.493639	
736	0.999958	-0.001678	2.462652	0.001678	0.999958	-1.576097	
737	1.000000	-0.001612	2.236579	0.001612	1.000000	-1.584311	
738	0.999775	-0.001274	2.154374	0.001274	0.999775	-1.240061	
739	0.998569	-0.001196	2.692566	0.001196	0.998569	-0.437575	
740	0.997982	-0.000951	2.678802	0.000951	0.997982	0.097977	
741	0.997845	-0.000845	2.578088	0.000845	0.997845	0.327187	
742	0.997887	-0.000757	2.487301	0.000757	0.997887	0.442330	
743	0.997993	-0.000881	2.552835	0.000881	0.997993	0.406462	
744	0.997802	-0.001068	2.794417	0.001068	0.997802	0.336519	
745	0.998009	-0.000999	2.757042	0.000999	0.998009	0.253040	
746	0.997894	-0.001009	2.875103	0.001009	0.997894	0.305598	
747	0.997826	-0.001133	3.048739	0.001133	0.997826	0.269323	
748	0.997967	-0.001249	3.041428	0.001249	0.997967	0.188142	
749	0.997964	-0.000806	2.508494	0.000806	0.997964	0.468019	
750	0.998067	-0.000531	2.192496	0.000531	0.998067	0.588876	
751	0.998327	-0.000399	1.836424	0.000399	0.998327	0.374452	
752	0.998871	-0.000280	1.410766	0.000280	0.998871	0.108056	
753	0.999011	-0.000239	1.283460	0.000239	0.999011	0.122681	
754	0.999191	-0.000142	1.076047	0.000142	0.999191	0.090655	
755	0.999298	-0.000302	1.062905	0.000302	0.999298	-0.034903	
756	0.999398	-0.000375	1.014569	0.000375	0.999398	-0.111532	
757	0.999657	-0.000394	0.844966	0.000394	0.999657	-0.200589	
758	0.999790	-0.000413	0.815368	0.000413	0.999790	-0.265754	
759	0.999725	-0.000255	0.755121	0.000255	0.999725	-0.188230	
760	0.999680	-0.000005	0.631206	0.000005	0.999680	-0.017113	
761	0.999832	-0.000010	0.529913	0.000010	0.999832	-0.088901	
762	0.999417	0.000289	0.456037	-0.000289	0.999417	0.135944	
763	0.999747	0.000145	0.437967	-0.000145	0.999747	-0.030160	
764	0.999550	-0.000004	0.644858	0.000004	0.999550	0.021355	
765	0.999464	-0.000119	0.880140	0.000119	0.999464	0.075812	
766	0.999280	-0.000235	1.091805	0.000235	0.999280	0.194197	
767	0.999424	-0.000291	1.039939	0.000291	0.999424	0.016119	
768	0.999551	-0.000167	0.868922	0.000167	0.999551	0.075694	
769	0.999473	0.000064	0.582336	-0.000064	0.999473	0.319138	
770	0.999623	0.000285	0.350814	-0.000285	0.999623	0.307697	
771	0.999736	0.000108	0.502438	-0.000108	0.999736	0.143767	
772	0.999571	0.000186	0.745047	-0.000186	0.999571	0.218954	
773	0.999493	0.000133	0.885761	-0.000133	0.999493	0.212690	
774	0.999485	0.000058	0.907620	-0.000058	0.999485	0.117634	
775	0.999533	-0.000028	0.909267	0.000028	0.999533	0.092860	
776	0.999453	0.000012	0.905352	-0.000012	0.999453	0.223841	
777	0.999490	0.000091	0.793744	-0.000091	0.999490	0.264318	
778	0.999599	0.000151	0.730359	-0.000151	0.999599	0.238340	
779	0.999714	-0.000018	0.816288	0.000018	0.999714	0.085095	
780	0.999740	-0.000108	1.019192	0.000108	0.999740	0.062517	
781	0.999791	-0.000237	1.098384	0.000237	0.999791	-0.075630	
782	0.999750	-0.000212	1.074469	0.000212	0.999750	-0.023010	
783	0.999694	-0.000236	1.091715	0.000236	0.999694	0.002456	
784	0.999695	-0.000365	1.194564	0.000365	0.999695	-0.027739	
785	0.999671	-0.000371	1.186771	0.000371	0.999671	0.048817	
786	0.999677	-0.000210	1.077992	0.000210	0.999677	0.178455	
787	0.999708	0.000006	0.775468	-0.000006	0.999708	0.313332	
788	0.999662	0.000122	0.643175	-0.000122	0.999662	0.459699	
789	0.999629	0.000143	0.671830	-0.000143	0.999629	0.408412	
790	0.999788	-0.000041	0.665678	0.000041	0.999788	0.055182	
791	0.999847	-0.000119	0.664209	0.000119	0.999847	0.003278	
792	0.999848	-0.000158	0.561448	0.000158	0.999848	0.014273	
793	0.999838	-0.000011	0.238916	0.000011	0.999838	0.223351	
794	0.999926	0.000120	0.008977	-0.000120	0.999926	0.267539	
795	1.000138	0.000347	-0.396771	-0.000347	1.000138	0.335363	
796	1.000590	0.000510	-0.808950	-0.000510	1.000590	0.127730	
797	1.001008	0.000532	-1.053088	-0.000532	1.001008	-0.072116	
798	1.001284	0.000585	-1.357966	-0.000585	1.001284	-0.294248	
799	1.001454	0.000741	-1.719013	-0.000741	1.001454	-0.324211	
800	1.001306	0.000972	-1.958462	-0.000972	1.001306	-0.113144	
801	1.001259	0.000891	-1.894473	-0.000891	1.001259	-0.060765	
802	1.001216	0.000626	-1.538788	-0.000626	1.001216	-0.225303	
803	1.001345	0.000420	-1.252340	-0.000420	1.001345	-0.394944	
804	1.001400	0.000315	-1.163186	-0.000315	1.001400	-0.412942	
805	1.001336	0.000350	-1.206843	-0.000350	1.001336	-0.379732	
806	1.001368	0.000599	-1.557176	-0.000599	1.001368	-0.368041	
807	1.001477	0.000682	-1.876218	-0.000682	1.001477	-0.437718	
808	1.001406	0.000805	-2.039147	-0.000805	1.001406	-0.215217	
809	1.001392	0.000910	-2.104171	-0.000910	1.001392	-0.125472	
810	1.001531	0.000886	-2.073666	-0.000886	1.001531	-0.322408	
811	1.001530	0.000698	-1.937799	-0.000698	1.001530	-0.474083	
812	1.001502	0.000788	-1.960447	-0.000788	1.001502	-0.300955	
813	1.001569	0.000851	-2.089130	-0.000851	1.001569	-0.249551	
814	1.001543	0.000987	-2.366677	-0.000987	1.001543	-0.146901	
815	1.001603	0.001162	-2.607717	-0.001162	1.001603	-0.115144	
816	1.001621	0.001165	-2.709501	-0.001165	1.001621	-0.221609	
817	1.001628	0.001053	-2.564486	-0.001053	1.001628	-0.317517	
818	1.001575	0.000997	-2.399601	-0.000997	1.001575	-0.342702	
819	1.001685	0.000882	-2.356494	-0.000882	1.001685	-0.543699	
820	1.001761	0.000842	-2.376480	-0.000842	1.001761	-0.627099	
821	1.001523	0.000943	-2.340465	-0.000943	1.001523	-0.452449	
822	1.001610	0.000961	-2.459845	-0.000961	1.001610	-0.491331	
823	1.001737	0.001014	-2.561762	-0.001014	1.001737	-0.599552	
824	1.001669	0.001143	-2.589961	-0.001143	1.001669	-0.583972	
825	1.001579	0.000820	-2.375015	-0.000820	1.001579	-0.725170	
826	1.001409	0.001081	-2.344452	-0.001081	1.001409	-0.542952	
827	1.001408	0.001050	-2.236706	-0.001050	1.001408	-0.502290	
828	1.001333	0.000985	-2.176826	-0.000985	1.001333	-0.455632	
829	1.001190	0.001029	-2.240416	-0.001029	1.001190	-0.336106	
830	1.001437	0.000971	-2.343107	-0.000971	1.001437	-0.448702	
831	1.001359	0.000830	-2.263748	-0.000830	1.001359	-0.443167	
832	1.001290	0.000898	-2.287173	-0.000898	1.001290	-0.302268	
833	1.001202	0.000865	-2.212366	-0.000865	1.001202	-0.275766	
834	1.001146	0.001020	-2.133304	-0.001020	1.001146	-0.196516	
835	1.001022	0.000876	-1.900726	-0.000876	1.001022	-0.182043	
836	1.000903	0.001002	-1.787820	-0.001002	1.000903	-0.038171	
837	1.000782	0.001015	-1.832073	-0.001015	1.000782	0.073442	
838	1.000525	0.001231	-1.878069	-0.001231	1.000525	0.298335	
839	1.000519	0.001250	-1.975309	-0.001250	1.000519	0.401968	
840	1.000368	0.001184	-1.873227	-0.001184	1.000368	0.579737	
841	1.000227	0.001035	-1.671167	-0.001035	1.000227	0.585673	
842	1.000363	0.001036	-1.841535	-0.001036	1.000363	0.547282	
843	1.000451	0.001157	-2.070341	-0.001157	1.000451	0.516084	
844	1.000504	0.001289	-2.198126	-0.001289	1.000504	0.572544	
845	1.000579	0.001447	-2.182353	-0.001447	1.000579	0.645735	
846	1.000557	0.001343	-2.148828	-0.001343	1.000557	0.599744	
847	1.000491	0.001574	-2.312676	-0.001574	1.000491	0.677382	
848	1.000476	0.001616	-2.411566	-0.001616	1.000476	0.697267	
849	1.000482	0.001737	-2.429980	-0.001737	1.000482	0.756273	
850	1.000534	0.001493	-2.421016	-0.001493	1.000534	0.662398	
851	1.000578	0.001380	-2.426939	-0.001380	1.000578	0.656602	
852	1.000534	0.001663	-2.559722	-0.001663	1.000534	0.790751	
853	1.000862	0.002760	-3.100245	-0.002760	1.000862	0.988052	
854	1.000469	0.001804	-2.492555	-0.001804	1.000469	0.804364	
855	1.000457	0.001480	-2.234614	-0.001480	1.000457	0.658758	
856	1.000661	0.001199	-2.092813	-0.001199	1.000661	0.421592	
857	1.000304	0.001001	-1.629944	-0.001001	1.000304	0.483679	
858	1.000224	0.000703	-1.175945	-0.000703	1.000224	0.297792	
859	1.000303	0.000323	-0.701037	-0.000323	1.000303	0.104492	
860	1.000199	-0.000013	-0.123358	0.000013	1.000199	0.049190	
861	0.999985	-0.000237	0.382733	0.000237	0.999985	0.005821	
862	0.999753	-0.000364	0.688049	0.000364	0.999753	0.141827	
863	0.999942	-0.000512	0.768397	0.000512	0.999942	0.042572	
864	0.999791	-0.000648	0.928612	0.000648	0.999791	0.114524	
865	0.999869	-0.000613	1.023726	0.000613	0.999869	0.128825	
866	0.999848	-0.000782	1.250186	0.000782	0.999848	0.049743	
867	0.999941	-0.000824	1.334921	0.000824	0.999941	-0.090235	
868	0.999841	-0.000850	1.475942	0.000850	0.999841	-0.038898	
869	0.999778	-0.000869	1.547968	0.000869	0.999778	-0.103243	
870	0.999964	-0.000843	1.468576	0.000843	0.999964	-0.231033	
871	0.999967	-0.000756	1.354707	0.000756	0.999967	-0.233539	
872	1.000079	-0.000570	1.053389	0.000570	1.000079	-0.306774	
873	1.000226	-0.000460	0.578993	0.000460	1.000226	-0.373695	
874	1.000303	-0.000372	0.396776	0.000372	1.000303	-0.404551	
875	1.000083	-0.000312	0.276623	0.000312	1.000083	-0.283112	
876	1.000085	-0.000249	0.211273	0.000249	1.000085	-0.193949	
877	1.000044	-0.000186	0.292653	0.000186	1.000044	-0.096499	
878	1.000199	-0.000275	0.450548	0.000275	1.000199	-0.218121	
879	1.000136	-0.000445	0.661705	0.000445	1.000136	-0.332493	
880	1.000261	-0.000725	0.978934	0.000725	1.000261	-0.584345	
881	1.000407	-0.000925	1.231137	0.000925	1.000407	-0.783982	
882	1.000266	-0.001272	1.834816	0.001272	1.000266	-0.927618	
883	0.999812	-0.001738	2.438917	0.001738	0.999812	-1.038971	
884	1.000185	-0.001846	2.495695	0.001846	1.000185	-1.269529	
885	1.000235	-0.001647	2.365181	0.001647	1.000235	-1.126501	
886	1.000258	-0.001571	2.141599	0.001571	1.000258	-1.077494	
887	1.000320	-0.001441	1.809825	0.001441	1.000320	-1.043843	
888	1.000325	-0.001295	1.616458	0.001295	1.000325	-0.927746	
889	1.000236	-0.001220	1.624836	0.001220	1.000236	-0.846446	
890	1.000283	-0.001149	1.680993	0.001149	1.000283	-0.800271	
891	1.000259	-0.001262	1.890178	0.001262	1.000259	-0.932843	
892	1.000303	-0.001384	1.942475	0.001384	1.000303	-0.993504	
893	1.000197	-0.001482	1.902298	0.001482	1.000197	-0.965950	
894	1.000276	-0.001456	1.774017	0.001456	1.000276	-0.990653	
895	1.000299	-0.001538	1.753672	0.001538	1.000299	-1.153493	
896	1.000253	-0.001576	1.864350	0.001576	1.000253	-1.151225	
897	1.000064	-0.001824	2.245778	0.001824	1.000064	-1.155330	
898	1.000150	-0.001842	2.604584	0.001842	1.000150	-1.212761	
899	1.000073	-0.002088	3.025309	0.002088	1.000073	-1.283324	
900	1.000295	-0.002229	2.935767	0.002229	1.000295	-1.415328	
901	1.000073	-0.001893	3.011976	0.001893	1.000073	-1.048569	
902	1.000163	-0.001876	2.925651	0.001876	1.000163	-1.118990	
903	1.000104	-0.001653	2.765182	0.001653	1.000104	-0.988990	
904	1.000405	-0.001726	2.299842	0.001726	1.000405	-1.168886	
905	1.000460	-0.001544	2.070087	0.001544	1.000460	-1.095969	
906	1.000323	-0.001429	2.045093	0.001429	1.000323	-0.973873	
907	1.000353	-0.001381	2.135875	0.001381	1.000353	-0.942847	
908	1.000385	-0.001519	2.162834	0.001519	1.000385	-1.022876	
909	1.000334	-0.001492	2.350490	0.001492	1.000334	-0.969679	
910	1.000217	-0.001774	2.616514	0.001774	1.000217	-1.098084	
911	1.000225	-0.001979	2.774433	0.001979	1.000225	-1.292833	
912	0.999816	-0.002254	2.954085	0.002254	0.999816	-1.289512	
913	1.000098	-0.001763	2.708291	0.001763	1.000098	-1.020416	
914	1.000204	-0.001682	2.597303	0.001682	1.000204	-1.094081	
915	1.000424	-0.001814	2.431976	0.001814	1.000424	-1.377147	
916	1.000274	-0.001754	2.444940	0.001754	1.000274	-1.219310	
917	1.000102	-0.001819	2.629526	0.001819	1.000102	-1.123877	
918	1.000051	-0.001873	2.685940	0.001873	1.000051	-1.198167	
919	1.000351	-0.002221	2.551790	0.002221	1.000351	-1.695293	
920	1.000064	-0.001878	2.603295	0.001878	1.000064	-1.088106	
921	0.999860	-0.002072	2.718987	0.002072	0.999860	-0.965448	
922	0.999945	-0.001522	2.710749	0.001522	0.999945	-0.909024	
923	1.000261	-0.001969	2.676699	0.001969	1.000261	-1.401402	
924	1.000198	-0.001973	2.816418	0.001973	1.000198	-1.294022	
925	1.000207	-0.002130	3.092870	0.002130	1.000207	-1.345714	
926	1.000182	-0.002112	3.294161	0.002112	1.000182	-1.394524	
927	1.000156	-0.002540	3.443053	0.002540	1.000156	-1.668713	
928	1.000141	-0.002465	3.320014	0.002465	1.000141	-1.501074	
929	1.000227	-0.002184	2.973824	0.002184	1.000227	-1.335536	
930	0.999878	-0.001999	2.950143	0.001999	0.999878	-1.162434	
931	0.999981	-0.001815	2.625131	0.001815	0.999981	-1.144336	
932	0.999891	-0.001538	2.492331	0.001538	0.999891	-0.951407	
933	1.000071	-0.001497	2.367357	0.001497	1.000071	-0.890793	
934	1.000122	-0.001635	2.423109	0.001635	1.000122	-1.000833	
935	1.000083	-0.001686	2.555574	0.001686	1.000083	-0.985285	
936	0.999971	-0.001644	2.597091	0.001644	0.999971	-0.769518	
937	0.999926	-0.001634	2.545198	0.001634	0.999926	-0.658463	
938	1.000205	-0.001354	2.244243	0.001354	1.000205	-0.282831	
939	1.000267	-0.001198	2.013457	0.001198	1.000267	0.027034	
940	1.000444	-0.000970	1.395672	0.000970	1.000444	0.157462	
941	1.000344	-0.000407	0.791888	0.000407	1.000344	0.455714	
942	1.000489	-0.000153	0.152846	0.000153	1.000489	0.477812	
943	1.000630	0.000201	-0.456500	-0.000201	1.000630	0.553979	
944	1.000629	0.000458	-0.873045	-0.000458	1.000629	0.622526	
945	1.000641	0.000679	-1.351901	-0.000679	1.000641	0.758422	
946	1.000758	0.000997	-1.768137	-0.000997	1.000758	0.985663	
947	1.000647	0.001007	-1.939554	-0.001007	1.000647	1.165845	
948	1.000711	0.001250	-2.288246	-0.001250	1.000711	1.292047	
949	1.000753	0.001456	-2.644645	-0.001456	1.000753	1.371869	
950	1.000658	0.001647	-2.878635	-0.001647	1.000658	1.546111	
951	1.000559	0.001750	-2.937114	-0.001750	1.000559	1.770947	
952	1.000297	0.001821	-2.695076	-0.001821	1.000297	2.031457	
953	1.000275	0.001889	-2.761768	-0.001889	1.000275	2.104383	
954	1.000702	0.001867	-3.112495	-0.001867	1.000702	1.834910	
955	1.000768	0.001735	-3.051203	-0.001735	1.000768	1.630800	
956	1.001089	0.001569	-3.054081	-0.001569	1.001089	1.263915	
957	1.001149	0.001537	-2.889587	-0.001537	1.001149	1.203806	
958	1.001202	0.001279	-2.475024	-0.001279	1.001202	1.056157	
959	1.001086	0.001100	-2.265741	-0.001100	1.001086	1.053847	
960	1.001164	0.001048	-2.396635	-0.001048	1.001164	1.218205	
961	1.001532	0.001281	-2.845366	-0.001281	1.001532	1.362782	
962	1.001118	0.001256	-2.625511	-0.001256	1.001118	1.678483	
963	1.001112	0.001316	-2.683251	-0.001316	1.001112	1.678760	
964	1.001375	0.001168	-2.854159	-0.001168	1.001375	1.467922	
965	1.001228	0.001242	-2.601180	-0.001242	1.001228	1.531151	
966	1.001174	0.001095	-2.476485	-0.001095	1.001174	1.541007	
967	1.001868	0.001065	-2.643001	-0.001065	1.001868	1.217363	
968	1.002379	0.000917	-2.739401	-0.000917	1.002379	0.794757	
969	1.002858	0.000614	-2.536499	-0.000614	1.002858	0.294769	
970	1.002843	0.000498	-2.369960	-0.000498	1.002843	0.100695	
971	1.002894	0.000615	-2.632013	-0.000615	1.002894	0.113947	
972	1.003051	0.000799	-2.956276	-0.000799	1.003051	0.038567	
973	1.003035	0.000739	-2.922209	-0.000739	1.003035	-0.047203	
974	1.003513	0.000774	-3.274352	-0.000774	1.003513	-0.321805	
975	1.003551	0.000683	-3.222721	-0.000683	1.003551	-0.370306	
976	1.003194	0.000804	-3.190369	-0.000804	1.003194	-0.128156	
977	1.003352	0.000616	-3.117884	-0.000616	1.003352	-0.108349	
978	1.003122	0.000750	-2.963280	-0.000750	1.003122	-0.156834	
979	1.003041	0.000683	-2.908533	-0.000683	1.003041	-0.233826	
980	1.003645	0.000574	-3.253660	-0.000574	1.003645	-0.564106	
981	1.002761	0.001020	-3.087102	-0.001020	1.002761	0.023273	
982	1.003198	0.000996	-3.033530	-0.000996	1.003198	0.076096	
983	1.003204	0.000979	-3.048386	-0.000979	1.003204	0.237530	
984	1.002402	0.001195	-2.866367	-0.001195	1.002402	0.733261	
985	1.001514	0.001169	-2.397712	-0.001169	1.001514	1.046528	
986	1.001419	0.001125	-2.379399	-0.001125	1.001419	1.029485	
987	1.000875	0.001174	-2.155065	-0.001174	1.000875	1.252937	
988	1.000723	0.001133	-1.910013	-0.001133	1.000723	1.277969	
989	1.000875	0.001222	-2.314398	-0.001222	1.000875	1.197531	
990	1.001422	0.001155	-2.562612	-0.001155	1.001422	0.906604	
991	1.001341	0.001251	-2.632667	-0.001251	1.001341	0.707124	
992	1.001710	0.001424	-2.985855	-0.001424	1.001710	0.327319	
993	1.001635	0.001472	-3.594826	-0.001472	1.001635	0.055154	
994	1.002031	0.001817	-4.100744	-0.001817	1.002031	0.070469	
995	1.001963	0.002062	-4.298474	-0.002062	1.001963	0.287992	
996	1.001065	0.002092	-3.928925	-0.002092	1.001065	0.597012	
997	1.001455	0.002281	-4.291739	-0.002281	1.001455	0.544403	
998	1.001722	0.002523	-4.946735	-0.002523	1.001722	0.522341	
999	1.001221	0.002953	-5.212827	-0.002953	1.001221	1.159028	
