0	1.000000	0.000000	0.000000	0.000000	1.000000	0.000000	
1	0.999104	0.000228	2.054479	-0.000228	0.999104	0.367737	
2	0.998493	0.000056	2.550547	-0.000056	0.998493	0.599708	
3	0.998409	-0.000042	2.771074	0.000042	0.998409	0.670100	
4	0.998158	-0.000001	3.013345	0.000001	0.998158	0.699064	
5	0.994936	-0.000369	6.710253	0.000369	0.994936	0.535879	
6	0.997601	-0.000226	3.413351	0.000226	0.997601	-0.086211	
7	0.997511	-0.000124	3.576541	0.000124	0.997511	0.046681	
8	0.997285	0.000016	3.796150	-0.000016	0.997285	0.246738	
9	0.997040	0.000006	3.930335	-0.000006	0.997040	0.351340	
10	0.993718	-0.000561	8.105736	0.000561	0.993718	0.238580	
11	0.996968	0.000214	4.158377	-0.000214	0.996968	0.185740	
12	0.996487	0.000099	4.354712	-0.000099	0.996487	0.341416	
13	0.996660	0.000061	4.166277	-0.000061	0.996660	0.357049	
14	0.996587	0.000018	4.001327	-0.000018	0.996587	0.424938	
15	0.992605	-0.000359	7.854216	0.000359	0.992605	0.621015	
16	0.996746	0.000238	3.648942	-0.000238	0.996746	0.411404	
17	0.997025	0.000336	3.544969	-0.000336	0.997025	0.396495	
18	0.997370	0.000447	3.618170	-0.000447	0.997370	0.367384	
19	0.996835	0.000244	4.045520	-0.000244	0.996835	0.241669	
20	0.991940	-0.000133	9.267491	0.000133	0.991940	0.419077	
21	0.996350	0.000318	4.476148	-0.000318	0.996350	0.283811	
22	0.996222	0.000346	4.420980	-0.000346	0.996222	0.508478	
23	0.996492	0.000081	4.105184	-0.000081	0.996492	-0.027472	
24	0.996952	0.001058	3.766396	-0.001058	0.996952	0.573853	
25	0.989839	0.000017	8.504221	-0.000017	0.989839	0.499906	
26	0.994258	0.000555	3.970608	-0.000555	0.994258	0.464344	
27	0.997354	0.001582	1.700210	-0.001582	0.997354	0.141203	
28	0.995590	0.000423	2.489196	-0.000423	0.995590	-0.603592	
29	0.995679	0.000329	2.541376	-0.000329	0.995679	-0.990677	
30	0.990916	-0.000085	4.910453	0.000085	0.990916	-2.540884	
31	0.995487	0.000433	2.352194	-0.000433	0.995487	-0.871613	
32	0.995591	0.000403	2.019533	-0.000403	0.995591	-0.747045	
33	0.995791	0.000717	1.634746	-0.000717	0.995791	-0.376905	
34	0.996918	0.000586	0.545032	-0.000586	0.996918	-0.786955	
35	0.994908	0.000140	-0.736682	-0.000140	0.994908	-3.001435	
36	0.999241	0.000748	-1.626810	-0.000748	0.999241	-1.561544	
37	1.000196	0.000777	-2.603134	-0.000777	1.000196	-2.029166	
38	1.000051	0.000684	-2.666708	-0.000684	1.000051	-2.056814	
39	1.000279	0.000532	-2.902813	-0.000532	1.000279	-2.142602	
40	1.000022	0.000385	-5.937753	-0.000385	1.000022	-4.562856	
41	1.000450	0.000686	-3.180522	-0.000686	1.000450	-2.042998	
42	1.000656	0.000276	-3.439483	-0.000276	1.000656	-2.353855	
43	1.001214	0.000435	-3.712337	-0.000435	1.001214	-2.339024	
44	1.001042	0.000302	-3.786723	-0.000302	1.001042	-2.330948	
45	0.999969	0.000892	-7.412004	-0.000892	0.999969	-4.097832	
46	1.000491	0.000517	-3.891093	-0.000517	1.000491	-2.008348	
47	1.000125	0.000457	-3.911403	-0.000457	1.000125	-2.040728	
48	0.999601	0.000516	-3.506828	-0.000516	0.999601	-1.529817	
49	0.999471	0.000202	-3.549569	-0.000202	0.999471	-1.497683	
50	0.997745	0.000399	-7.223307	-0.000399	0.997745	-2.314492	
51	0.999563	0.000688	-4.084175	-0.000688	0.999563	-0.768784	
52	0.999341	0.000191	-4.065524	-0.000191	0.999341	-0.703870	
53	1.000363	0.000398	-4.515713	-0.000398	1.000363	-0.708858	
54	0.999743	0.000115	-4.295409	-0.000115	0.999743	-0.536047	
55	0.998323	0.000803	-8.567343	-0.000803	0.998323	0.084237	
56	0.999128	0.000526	-4.176302	-0.000526	0.999128	0.339522	
57	0.999985	0.000429	-4.196740	-0.000429	0.999985	0.232109	
58	1.000098	0.000334	-4.192374	-0.000334	1.000098	0.247772	
59	0.999604	0.000189	-3.925675	-0.000189	0.999604	0.357678	
60	0.995947	0.000519	-6.392332	-0.000519	0.995947	1.897392	
61	0.998327	0.000055	-3.112134	-0.000055	0.998327	0.867661	
62	0.998791	-0.000032	-3.324911	0.000032	0.998791	0.747883	
63	0.998936	0.000105	-3.369125	-0.000105	0.998936	0.877963	
64	0.998700	0.000157	-3.000614	-0.000157	0.998700	0.917740	
65	0.995338	0.000879	-5.393303	-0.000879	0.995338	2.631645	
66	0.998426	0.000278	-2.297317	-0.000278	0.998426	0.981234	
67	0.998553	0.000311	-2.351846	-0.000311	0.998553	1.029367	
68	0.998561	0.000205	-2.218000	-0.000205	0.998561	0.928489	
69	0.998687	0.000149	-2.067804	-0.000149	0.998687	0.808120	
70	0.995339	0.000511	-3.343677	-0.000511	0.995339	2.301573	
71	0.999146	0.000711	-1.789666	-0.000711	0.999146	0.986453	
72	0.998671	0.000618	-1.539402	-0.000618	0.998671	1.070317	
73	0.998750	0.000454	-1.720640	-0.000454	0.998750	0.960224	
74	0.998553	0.000422	-1.539895	-0.000422	0.998553	1.014335	
75	0.995143	0.001140	-2.686659	-0.001140	0.995143	2.767019	
76	0.998977	0.000579	-1.764547	-0.000579	0.998977	0.944843	
77	0.999544	0.000495	-1.910463	-0.000495	0.999544	0.615978	
78	1.000773	0.000686	-2.451942	-0.000686	1.000773	0.493786	
79	0.999476	0.000573	-2.085372	-0.000573	0.999476	0.780119	
80	0.997373	0.001831	-3.908597	-0.001831	0.997373	2.518325	
81	0.999011	0.000717	-1.778835	-0.000717	0.999011	1.109385	
82	0.999259	0.000840	-1.684837	-0.000840	0.999259	1.112874	
83	0.998848	0.000738	-1.565080	-0.000738	0.998848	1.108277	
84	0.998679	0.000663	-1.296730	-0.000663	0.998679	1.066859	
85	0.996109	0.001631	-2.866895	-0.001631	0.996109	2.511729	
86	1.000186	0.000424	-1.838064	-0.000424	1.000186	0.463390	
87	0.998938	0.000771	-1.442015	-0.000771	0.998938	0.999959	
88	0.998815	0.000799	-1.501061	-0.000799	0.998815	1.068387	
89	0.998957	0.000816	-1.616104	-0.000816	0.998957	1.031782	
90	0.996583	0.001820	-3.388259	-0.001820	0.996583	2.503069	
91	1.000177	0.000820	-2.178211	-0.000820	1.000177	0.656826	
92	1.000231	0.000734	-2.505151	-0.000734	1.000231	0.613859	
93	1.000257	0.000726	-2.473283	-0.000726	1.000257	0.592220	
94	1.000203	0.000856	-2.834422	-0.000856	1.000203	0.646048	
95	1.000100	0.002495	-6.703377	-0.002495	1.000100	1.837878	
96	0.999868	0.001090	-3.153692	-0.001090	0.999868	0.918634	
97	1.000349	0.000871	-3.535904	-0.000871	1.000349	0.780555	
98	1.000048	0.001197	-3.471367	-0.001197	1.000048	0.898301	
99	1.000132	0.001248	-3.775694	-0.001248	1.000132	0.895782	
100	0.996496	0.001198	-8.010201	-0.001198	0.996496	2.158980	
101	1.000048	0.001318	-4.025152	-0.001318	1.000048	1.058487	
102	1.000048	0.001296	-4.070702	-0.001296	1.000048	1.029148	
103	0.999921	0.001235	-4.268501	-0.001235	0.999921	1.039634	
104	1.000422	0.001222	-4.414859	-0.001222	1.000422	0.990696	
105	0.997633	0.001338	-9.830911	-0.001338	0.997633	2.334509	
106	1.000039	0.001591	-4.812215	-0.001591	1.000039	1.194898	
107	0.999239	0.002237	-5.109445	-0.002237	0.999239	1.780829	
108	0.999555	0.002692	-5.456727	-0.002692	0.999555	1.846785	
109	0.998232	0.001847	-4.948668	-0.001847	0.998232	1.844703	
110	0.996614	0.001812	-10.625428	-0.001812	0.996614	3.077419	
111	1.000693	0.002081	-5.236626	-0.002081	1.000693	1.465014	
112	1.000043	0.001923	-4.884457	-0.001923	1.000043	1.703994	
113	0.999003	0.001905	-4.650831	-0.001905	0.999003	2.129192	
114	0.998950	0.001806	-4.569131	-0.001806	0.998950	2.217546	
115	0.998083	0.000948	-9.924715	-0.000948	0.998083	3.367217	
116	0.999381	0.001661	-4.377172	-0.001661	0.999381	2.008123	
117	1.001964	0.001238	-5.530900	-0.001238	1.001964	0.731260	
118	1.000737	0.001371	-4.836211	-0.001371	1.000737	0.920608	
119	1.000638	0.001381	-4.844842	-0.001381	1.000638	0.997273	
120	1.000221	0.001622	-11.004008	-0.001622	1.000221	1.606813	
121	1.000977	0.001348	-4.662164	-0.001348	1.000977	0.807137	
122	1.001034	0.001241	-4.665034	-0.001241	1.001034	0.661996	
123	1.000840	0.001229	-4.565670	-0.001229	1.000840	0.775637	
124	1.000740	0.001231	-4.553874	-0.001231	1.000740	0.985430	
125	1.000951	0.001280	-4.622946	-0.001280	1.000951	1.103238	
126	1.000544	0.000809	-10.821063	-0.000809	1.000544	1.707179	
127	1.000969	0.001235	-5.143158	-0.001235	1.000969	0.869146	
128	1.000945	0.001281	-5.220286	-0.001281	1.000945	0.915369	
129	1.000238	0.002043	-5.405282	-0.002043	1.000238	1.613878	
130	1.000790	0.001539	-5.208197	-0.001539	1.000790	1.227264	
131	1.000251	0.001193	-10.984835	-0.001193	1.000251	2.036914	
132	1.000568	0.001155	-4.322383	-0.001155	1.000568	1.336389	
133	1.000557	0.001019	-4.032903	-0.001019	1.000557	1.412598	
134	1.000364	0.000982	-3.860722	-0.000982	1.000364	1.494527	
135	1.000240	0.000946	-3.654193	-0.000946	1.000240	1.408340	
136	1.000314	0.001007	-8.728089	-0.001007	1.000314	1.871053	
137	1.000367	0.001081	-3.864192	-0.001081	1.000367	1.078227	
138	1.000413	0.001150	-4.135588	-0.001150	1.000413	0.992482	
139	1.000265	0.001190	-4.089439	-0.001190	1.000265	0.994787	
140	1.000155	0.001145	-3.796159	-0.001145	1.000155	1.019564	
141	0.999137	0.001982	-7.357210	-0.001982	0.999137	2.390914	
142	1.000114	0.000927	-3.334695	-0.000927	1.000114	1.163015	
143	1.000181	0.000722	-3.097192	-0.000722	1.000181	1.098948	
144	1.000068	0.000722	-2.777043	-0.000722	1.000068	1.221436	
145	0.999917	0.000691	-2.634673	-0.000691	0.999917	1.296298	
146	1.000530	0.001671	-5.027051	-0.001671	1.000530	2.473029	
147	1.000021	0.000496	-2.170917	-0.000496	1.000021	1.118776	
148	1.000283	0.000510	-2.250722	-0.000510	1.000283	0.862410	
149	1.000386	0.000488	-2.533467	-0.000488	1.000386	0.722740	
150	1.000268	0.000573	-2.762574	-0.000573	1.000268	0.699477	
151	1.002336	0.001270	-6.538075	-0.001270	1.002336	0.184105	
152	1.000965	0.000671	-2.815605	-0.000671	1.000965	-0.107592	
153	1.001415	0.000635	-2.853398	-0.000635	1.001415	-0.299847	
154	1.001433	0.000412	-2.504440	-0.000412	1.001433	-0.222323	
155	1.001514	0.000393	-2.185318	-0.000393	1.001514	-0.096611	
156	1.002450	0.000762	-3.577050	-0.000762	1.002450	0.029968	
157	1.001034	0.000183	-1.279504	-0.000183	1.001034	-0.173840	
158	1.001165	0.000108	-1.178672	-0.000108	1.001165	-0.497347	
159	1.001058	-0.000019	-0.942028	0.000019	1.001058	-0.716655	
160	1.001231	-0.000047	-0.780080	0.000047	1.001231	-0.804298	
161	1.002664	0.000058	-1.960881	-0.000058	1.002664	-1.113469	
162	1.000851	-0.000069	-0.601931	0.000069	1.000851	-0.198760	
163	1.001058	-0.000066	-0.680181	0.000066	1.001058	-0.361435	
164	1.001098	-0.000097	-0.767796	0.000097	1.001098	-0.518792	
165	1.000930	-0.000103	-0.658859	0.000103	1.000930	-0.479770	
166	1.002287	0.000086	-1.763188	-0.000086	1.002287	-0.790056	
167	1.001110	0.000181	-0.913615	-0.000181	1.001110	-0.390915	
168	1.001121	0.000225	-0.973567	-0.000225	1.001121	-0.637100	
169	1.001448	0.000295	-1.252002	-0.000295	1.001448	-0.809959	
170	1.001118	0.000304	-0.933658	-0.000304	1.001118	-0.413861	
171	1.002416	0.000462	-2.475306	-0.000462	1.002416	-0.089135	
172	1.001248	0.000531	-1.774761	-0.000531	1.001248	-0.131555	
173	1.001285	0.000652	-1.862669	-0.000652	1.001285	-0.366838	
174	1.001241	0.000575	-1.909058	-0.000575	1.001241	-0.543902	
175	1.001123	0.000485	-1.978068	-0.000485	1.001123	-0.269777	
176	1.002604	0.000757	-4.013141	-0.000757	1.002604	0.130267	
177	1.001010	0.000446	-1.746511	-0.000446	1.001010	0.295318	
178	1.000957	0.000551	-1.746320	-0.000551	1.000957	0.262205	
179	1.001348	0.000452	-2.134054	-0.000452	1.001348	-0.120702	
180	1.001271	0.000583	-2.029192	-0.000583	1.001271	-0.085161	
181	1.002928	0.001001	-4.095202	-0.001001	1.002928	-0.052120	
182	1.001450	0.000676	-2.441869	-0.000676	1.001450	0.056371	
183	1.001433	0.000561	-2.354315	-0.000561	1.001433	0.072002	
184	1.001124	0.000719	-2.180139	-0.000719	1.001124	0.359854	
185	1.000970	0.000653	-2.075076	-0.000653	1.000970	0.489219	
186	1.002805	0.001159	-4.801376	-0.001159	1.002805	0.771639	
187	1.001277	0.000703	-2.378699	-0.000703	1.001277	0.447515	
188	1.000940	0.000838	-2.200198	-0.000838	1.000940	0.711066	
189	1.000970	0.001008	-2.292493	-0.001008	1.000970	0.776043	
190	1.000825	0.000953	-2.276706	-0.000953	1.000825	0.782308	
191	1.003383	0.001099	-5.830225	-0.001099	1.003383	0.606182	
192	1.001201	0.000732	-2.627564	-0.000732	1.001201	0.447354	
193	1.001213	0.000862	-3.028126	-0.000862	1.001213	0.416059	
194	1.001120	0.000869	-2.958972	-0.000869	1.001120	0.445219	
195	1.000977	0.000928	-2.999677	-0.000928	1.000977	0.388897	
196	1.002812	0.001971	-6.113383	-0.001971	1.002812	0.693022	
197	1.000935	0.000903	-2.923566	-0.000903	1.000935	0.555532	
198	1.000918	0.001007	-3.089184	-0.001007	1.000918	0.585214	
199	1.000845	0.001084	-2.815938	-0.001084	1.000845	0.683497	
200	1.000725	0.001143	-2.784038	-0.001143	1.000725	0.750974	
201	1.002580	0.001967	-5.845841	-0.001967	1.002580	0.935475	
202	1.000861	0.001083	-2.720749	-0.001083	1.000861	0.681161	
203	1.000903	0.000960	-2.530981	-0.000960	1.000903	0.562324	
204	1.000943	0.001140	-2.712836	-0.001140	1.000943	0.665679	
205	1.000856	0.001073	-2.539842	-0.001073	1.000856	0.664784	
206	1.001599	0.002084	-4.669982	-0.002084	1.001599	1.276987	
207	1.000611	0.001115	-2.303036	-0.001115	1.000611	0.796302	
208	1.000535	0.001101	-2.259215	-0.001101	1.000535	0.817636	
209	1.000596	0.001148	-2.304332	-0.001148	1.000596	0.813901	
210	1.000511	0.001011	-2.216908	-0.001011	1.000511	0.722562	
211	1.001639	0.001755	-4.349773	-0.001755	1.001639	0.900094	
212	1.000658	0.000807	-1.982747	-0.000807	1.000658	0.389158	
213	1.000641	0.000856	-2.028910	-0.000856	1.000641	0.407323	
214	1.000718	0.000702	-1.933444	-0.000702	1.000718	0.147902	
215	1.000766	0.000754	-1.966318	-0.000754	1.000766	0.080573	
216	1.001690	0.001507	-3.694870	-0.001507	1.001690	0.169099	
217	1.000671	0.000797	-1.948647	-0.000797	1.000671	0.283411	
218	1.000570	0.000846	-1.899016	-0.000846	1.000570	0.272000	
219	1.000697	0.000792	-1.921151	-0.000792	1.000697	0.168027	
220	1.000682	0.000820	-1.912905	-0.000820	1.000682	0.102599	
221	1.000965	0.001457	-3.109621	-0.001457	1.000965	0.279419	
222	1.000133	0.001126	-1.526825	-0.001126	1.000133	0.708909	
223	1.000482	0.000544	-1.410875	-0.000544	1.000482	0.098543	
224	1.000267	0.000844	-1.622363	-0.000844	1.000267	0.391488	
225	1.000179	0.000769	-1.370057	-0.000769	1.000179	0.327660	
226	1.000970	0.001470	-2.999664	-0.001470	1.000970	0.337443	
227	1.000326	0.000795	-1.465655	-0.000795	1.000326	0.187084	
228	1.000330	0.000825	-1.578220	-0.000825	1.000330	0.037026	
229	1.000325	0.000854	-1.538707	-0.000854	1.000325	-0.099844	
230	1.000331	0.001022	-1.805365	-0.001022	1.000331	-0.065512	
231	1.000832	0.001978	-3.766684	-0.001978	1.000832	-0.083243	
232	1.000186	0.001467	-2.278999	-0.001467	1.000186	0.484802	
233	1.000158	0.001484	-2.342603	-0.001484	1.000158	0.608601	
234	0.999970	0.001687	-2.553536	-0.001687	0.999970	0.966401	
235	1.000013	0.001625	-2.552729	-0.001625	1.000013	0.987022	
236	1.004895	0.005409	-7.739700	-0.005409	1.004895	0.418564	
237	1.000296	0.001520	-2.936996	-0.001520	1.000296	0.841249	
238	1.000142	0.001564	-2.766909	-0.001564	1.000142	0.973138	
239	1.000254	0.001606	-2.789977	-0.001606	1.000254	0.937467	
240	1.000194	0.001530	-2.721401	-0.001530	1.000194	0.944351	
241	0.999946	0.003016	-4.510409	-0.003016	0.999946	2.034215	
242	0.999760	0.001331	-2.096109	-0.001331	0.999760	0.951598	
243	0.999624	0.001353	-2.031773	-0.001353	0.999624	1.008395	
244	0.999427	0.001279	-1.865561	-0.001279	0.999427	1.058046	
245	0.999461	0.001267	-1.821247	-0.001267	0.999461	1.071819	
246	0.998911	0.002289	-3.312920	-0.002289	0.998911	2.117317	
247	0.999362	0.001249	-1.541899	-0.001249	0.999362	1.164210	
248	0.999405	0.001285	-1.602008	-0.001285	0.999405	1.134808	
249	0.999413	0.001191	-1.465445	-0.001191	0.999413	0.983729	
250	0.999368	0.001168	-1.374804	-0.001168	0.999368	1.062134	
251	0.998764	0.001894	-2.347048	-0.001894	0.998764	1.996932	
252	0.999297	0.000837	-1.012055	-0.000837	0.999297	0.848517	
253	0.999363	0.000712	-0.834369	-0.000712	0.999363	0.669861	
254	0.999515	0.000714	-0.994497	-0.000714	0.999515	0.568919	
255	0.999534	0.000560	-0.724366	-0.000560	0.999534	0.465789	
256	0.998846	0.000943	-1.090462	-0.000943	0.998846	1.031852	
257	0.999452	0.000486	-0.324574	-0.000486	0.999452	0.451461	
258	0.999414	0.000452	-0.208630	-0.000452	0.999414	0.407995	
259	0.999503	0.000322	-0.184450	-0.000322	0.999503	0.192501	
260	0.999617	0.000272	-0.311764	-0.000272	0.999617	0.148888	
261	0.999632	0.000531	-0.817082	-0.000531	0.999632	0.304278	
262	0.999699	0.000317	-0.472348	-0.000317	0.999699	0.215504	
263	0.999785	0.000313	-0.521235	-0.000313	0.999785	0.265378	
264	0.999941	0.000369	-0.684111	-0.000369	0.999941	0.265760	
265	0.999954	0.000371	-0.680171	-0.000371	0.999954	0.311598	
266	0.999951	0.000837	-1.464349	-0.000837	0.999951	0.652729	
267	0.999949	0.000470	-0.815187	-0.000470	0.999949	0.333364	
268	0.999944	0.000370	-0.617695	-0.000370	0.999944	0.298367	
269	0.999868	0.000368	-0.559315	-0.000368	0.999868	0.356021	
270	0.999815	0.000369	-0.588614	-0.000369	0.999815	0.416774	
271	0.999648	0.000237	-0.408327	-0.000237	0.999648	0.466771	
272	0.999865	0.000132	-0.153706	-0.000132	0.999865	0.165559	
273	0.999953	0.000047	-0.107006	-0.000047	0.999953	0.079798	
274	0.999958	-0.000039	-0.030026	0.000039	0.999958	0.040740	
275	0.999886	-0.000096	-0.003601	0.000096	0.999886	0.040574	
276	0.999620	-0.000085	0.310404	0.000085	0.999620	0.312580	
277	1.000008	-0.000012	-0.143336	0.000012	1.000008	0.154120	
278	0.999963	0.000072	-0.113307	-0.000072	0.999963	0.248423	
279	1.000104	0.000037	-0.126885	-0.000037	1.000104	0.188031	
280	1.000216	0.000103	-0.208205	-0.000103	1.000216	0.165812	
281	1.001942	-0.000147	-1.216993	0.000147	1.001942	-0.878920	
282	1.001394	-0.000056	-0.892952	0.000056	1.001394	-0.711754	
283	1.001448	-0.000007	-0.818715	0.000007	1.001448	-0.757063	
284	1.001413	-0.000033	-0.835854	0.000033	1.001413	-0.760274	
285	1.001471	0.000062	-0.874467	-0.000062	1.001471	-0.702497	
286	1.002804	-0.000086	-1.466775	0.000086	1.002804	-1.595546	
287	1.001540	0.000027	-0.899248	-0.000027	1.001540	-0.873923	
288	1.001478	-0.000037	-0.815818	0.000037	1.001478	-0.956439	
289	1.001475	0.000022	-0.881757	-0.000022	1.001475	-0.943548	
290	1.001269	0.000079	-0.762816	-0.000079	1.001269	-0.861491	
291	1.001387	0.000074	-0.785411	-0.000074	1.001387	-0.984704	
292	1.002013	-0.000090	-1.259443	0.000090	1.002013	-2.297803	
293	1.000681	0.000073	-0.422818	-0.000073	1.000681	-1.104168	
294	1.000729	0.000080	-0.435684	-0.000080	1.000729	-1.150162	
295	1.000824	0.000094	-0.492392	-0.000094	1.000824	-1.093622	
296	1.000826	0.000054	-0.512649	-0.000054	1.000826	-1.022393	
297	1.000823	-0.000090	-0.379221	0.000090	1.000823	-1.601414	
298	1.000538	-0.000227	0.125328	0.000227	1.000538	-1.008718	
299	1.000656	-0.000091	0.052892	0.000091	1.000656	-1.048690	
300	1.000770	-0.000077	-0.007340	0.000077	1.000770	-1.148759	
301	1.000730	-0.000018	0.031809	0.000018	1.000730	-1.040974	
302	1.000910	-0.000478	0.459307	0.000478	1.000910	-2.034625	
303	1.000424	-0.000169	0.217664	0.000169	1.000424	-0.840816	
304	1.000301	-0.000183	0.252285	0.000183	1.000301	-0.783330	
305	0.999984	-0.000237	0.496772	0.000237	0.999984	-0.645752	
306	0.999905	-0.000239	0.535621	0.000239	0.999905	-0.571807	
307	0.999464	-0.000562	1.255946	0.000562	0.999464	-0.838471	
308	0.999884	-0.000282	0.641717	0.000282	0.999884	-0.477805	
309	0.999748	-0.000278	0.753442	0.000278	0.999748	-0.351888	
310	0.999743	-0.000213	0.669934	0.000213	0.999743	-0.233064	
311	0.999661	-0.000165	0.705362	0.000165	0.999661	-0.061654	
312	0.999254	-0.000472	1.410220	0.000472	0.999254	-0.142250	
313	0.999486	-0.000339	0.933980	0.000339	0.999486	-0.087312	
314	0.999580	-0.000496	1.177631	0.000496	0.999580	-0.325940	
315	0.999789	-0.000388	0.999713	0.000388	0.999789	-0.440298	
316	0.999607	-0.000697	1.640092	0.000697	0.999607	-0.647470	
317	0.999062	-0.001587	4.205063	0.001587	0.999062	-1.394713	
318	0.999484	-0.000728	2.171029	0.000728	0.999484	-0.583312	
319	0.999323	-0.000811	2.366315	0.000811	0.999323	-0.496192	
320	0.999256	-0.000872	2.377644	0.000872	0.999256	-0.499759	
321	0.999087	-0.000967	2.511600	0.000967	0.999087	-0.465976	
322	0.998246	-0.001463	4.372339	0.001463	0.998246	-0.561890	
323	0.999174	-0.000847	2.007844	0.000847	0.999174	-0.388084	
324	0.999154	-0.000761	1.886957	0.000761	0.999154	-0.286266	
325	0.999257	-0.000784	1.758238	0.000784	0.999257	-0.338131	
326	0.999320	-0.000624	1.600235	0.000624	0.999320	-0.254268	
327	0.998291	-0.000914	3.033752	0.000914	0.998291	-0.075730	
328	0.998962	-0.000434	1.688227	0.000434	0.998962	0.090931	
329	0.998974	-0.000422	1.686888	0.000422	0.998974	0.126734	
330	0.999108	-0.000417	1.546028	0.000417	0.999108	0.110879	
331	0.999002	-0.000317	1.404971	0.000317	0.999002	0.252081	
332	0.997288	-0.000454	2.708714	0.000454	0.997288	0.751451	
333	0.998466	-0.000322	1.553661	0.000322	0.998466	0.343569	
334	0.998839	-0.000322	1.204961	0.000322	0.998839	0.195059	
335	0.998877	-0.000227	1.072894	0.000227	0.998877	0.117863	
336	0.998821	-0.000209	0.937930	0.000209	0.998821	0.156618	
337	0.997784	-0.000080	1.525700	0.000080	0.997784	0.500809	
338	0.999087	-0.000159	0.857709	0.000159	0.999087	0.024933	
339	0.999097	-0.000096	0.759650	0.000096	0.999097	0.037926	
340	0.999367	-0.000100	0.627955	0.000100	0.999367	-0.077219	
341	0.999533	-0.000130	0.486405	0.000130	0.999533	-0.166850	
342	0.999820	-0.000128	0.428652	0.000128	0.999820	-0.572880	
343	1.000017	-0.000009	0.201793	0.000009	1.000017	-0.366752	
344	1.000015	0.000031	0.150589	-0.000031	1.000015	-0.357730	
345	1.000029	-0.000000	0.145017	0.000000	1.000029	-0.460296	
346	0.999938	-0.000004	0.230785	0.000004	0.999938	-0.447711	
347	1.000473	-0.000123	-0.088544	0.000123	1.000473	-1.057465	
348	1.000001	-0.000201	0.275401	0.000201	1.000001	-0.627810	
349	1.000028	-0.000166	0.197125	0.000166	1.000028	-0.605891	
350	1.000098	-0.000236	0.256010	0.000236	1.000098	-0.689986	
351	1.000168	-0.000259	0.279006	0.000259	1.000168	-0.817519	
352	0.999694	-0.000384	0.596967	0.000384	0.999694	-1.546187	
353	0.999468	-0.000306	0.759334	0.000306	0.999468	-0.692361	
354	0.999270	-0.000292	0.869687	0.000292	0.999270	-0.541826	
355	0.999165	-0.000268	0.839338	0.000268	0.999165	-0.411623	
356	0.999042	-0.000351	1.010071	0.000351	0.999042	-0.376217	
357	0.998296	-0.000369	1.572080	0.000369	0.998296	-0.324115	
358	0.999068	-0.000310	0.938251	0.000310	0.999068	-0.186445	
359	0.999015	-0.000268	0.915681	0.000268	0.999015	-0.206044	
360	0.998846	-0.000284	1.167246	0.000284	0.998846	-0.151380	
361	0.999040	-0.000257	0.969801	0.000257	0.999040	-0.249785	
362	0.997946	-0.000519	1.966709	0.000519	0.997946	-0.454378	
363	0.999258	-0.000341	0.829254	0.000341	0.999258	-0.375662	
364	0.999150	-0.000309	0.909642	0.000309	0.999150	-0.249407	
365	0.999169	-0.000345	0.889673	0.000345	0.999169	-0.216991	
366	0.999023	-0.000376	0.995083	0.000376	0.999023	-0.196210	
367	0.998164	-0.000610	1.751689	0.000610	0.998164	-0.426177	
368	0.998912	-0.000365	1.034338	0.000365	0.998912	-0.293552	
369	0.998919	-0.000376	1.048307	0.000376	0.998919	-0.329035	
370	0.998895	-0.000353	1.050701	0.000353	0.998895	-0.279310	
371	0.998924	-0.000353	1.126952	0.000353	0.998924	-0.247472	
372	0.997706	-0.000548	2.193732	0.000548	0.997706	-0.048676	
373	0.998821	-0.000342	1.215721	0.000342	0.998821	-0.007792	
374	0.998681	-0.000329	1.354848	0.000329	0.998681	0.059825	
375	0.999107	-0.000326	1.067876	0.000326	0.999107	-0.061630	
376	0.999648	-0.000331	0.701874	0.000331	0.999648	-0.083214	
377	0.999133	-0.000442	1.343184	0.000442	0.999133	-0.403921	
378	0.999893	-0.000347	0.469160	0.000347	0.999893	-0.271444	
379	0.999715	-0.000167	0.410617	0.000167	0.999715	-0.269108	
380	0.999814	-0.000193	0.396797	0.000193	0.999814	-0.219258	
381	0.999746	-0.000262	0.367615	0.000262	0.999746	-0.263103	
382	0.999653	-0.000298	0.752855	0.000298	0.999653	-0.264461	
383	0.999767	-0.000252	0.425292	0.000252	0.999767	-0.179979	
384	0.999867	-0.000212	0.353351	0.000212	0.999867	-0.133774	
385	0.999920	-0.000175	0.296960	0.000175	0.999920	-0.112143	
386	0.999858	-0.000162	0.355028	0.000162	0.999858	0.077426	
387	0.999708	-0.000159	0.738727	0.000159	0.999708	0.616331	
388	0.999831	-0.000142	0.482531	0.000142	0.999831	0.410960	
389	0.999935	-0.000117	0.239409	0.000117	0.999935	0.292867	
390	0.999976	-0.000170	0.234106	0.000170	0.999976	0.165634	
391	0.999990	-0.000152	0.155029	0.000152	0.999990	0.143429	
392	1.000687	-0.000151	-0.205359	0.000151	1.000687	-0.076691	
393	1.000834	-0.000064	-0.401642	0.000064	1.000834	-0.361548	
394	1.001315	-0.000083	-0.805032	0.000083	1.001315	-0.560083	
395	1.001273	-0.000014	-0.715340	0.000014	1.001273	-0.446060	
396	1.001700	-0.000085	-1.181227	0.000085	1.001700	-0.629952	
397	1.003894	-0.000159	-2.160799	0.000159	1.003894	-1.341364	
398	1.002095	-0.000074	-1.237811	0.000074	1.002095	-0.674353	
399	1.002122	-0.000120	-1.155835	0.000120	1.002122	-0.716119	
400	1.002064	-0.000154	-0.974920	0.000154	1.002064	-0.719299	
401	1.001999	-0.000234	-0.776567	0.000234	1.001999	-0.697487	
402	1.003795	-0.000589	-0.960984	0.000589	1.003795	-1.478106	
403	1.001848	-0.000307	-0.213327	0.000307	1.001848	-0.788123	
404	1.001770	-0.000373	-0.200851	0.000373	1.001770	-0.877812	
405	1.002028	-0.000352	-0.227504	0.000352	1.002028	-0.995870	
406	1.002052	-0.000470	-0.147142	0.000470	1.002052	-1.130927	
407	1.004211	-0.000905	-0.074172	0.000905	1.004211	-2.185886	
408	1.002186	-0.000457	0.116105	0.000457	1.002186	-1.156119	
409	1.001966	-0.000629	0.376120	0.000629	1.001966	-1.170958	
410	1.001706	-0.000693	0.743663	0.000693	1.001706	-1.111424	
411	1.002159	-0.000790	0.790084	0.000790	1.002159	-1.401040	
412	1.003616	-0.001967	2.677444	0.001967	1.003616	-2.914617	
413	1.001105	-0.000832	1.646437	0.000832	1.001105	-1.100910	
414	1.001000	-0.000903	1.756982	0.000903	1.001000	-1.111809	
415	1.000190	-0.000921	2.222936	0.000921	1.000190	-0.755483	
416	0.999962	-0.000937	2.404125	0.000937	0.999962	-0.658210	
417	0.999528	-0.001821	5.101853	0.001821	0.999528	-1.193129	
418	0.999661	-0.000822	2.765891	0.000822	0.999661	-0.482814	
419	0.999575	-0.000832	2.735667	0.000832	0.999575	-0.468428	
420	0.999578	-0.000848	2.679042	0.000848	0.999578	-0.459754	
421	0.999551	-0.000744	2.566025	0.000744	0.999551	-0.340030	
422	0.999226	-0.001406	4.078814	0.001406	0.999226	-0.693902	
423	0.999761	-0.000478	1.449270	0.000478	0.999761	-0.282829	
424	0.999849	-0.000355	1.235102	0.000355	0.999849	-0.247954	
425	0.999906	-0.000148	0.768028	0.000148	0.999906	-0.141155	
426	1.000079	0.000127	0.282036	-0.000127	1.000079	0.016698	
427	0.999974	0.000209	-0.438936	-0.000209	0.999974	0.307794	
428	1.000293	0.000286	-0.423317	-0.000286	1.000293	0.172307	
429	1.000234	0.000274	-0.392231	-0.000274	1.000234	0.133014	
430	1.000340	0.000375	-0.540329	-0.000375	1.000340	0.194582	
431	1.000413	0.000379	-0.525400	-0.000379	1.000413	0.183200	
432	1.000330	0.000473	-1.691094	-0.000473	1.000330	0.303946	
433	1.000548	0.000702	-1.030500	-0.000702	1.000548	0.300927	
434	1.000460	0.000576	-1.246550	-0.000576	1.000460	0.223634	
435	1.000486	0.000692	-1.276918	-0.000692	1.000486	0.285049	
436	1.000516	0.000646	-1.569703	-0.000646	1.000516	0.198445	
437	1.000960	0.001084	-3.825822	-0.001084	1.000960	0.334643	
438	1.000716	0.000720	-1.972322	-0.000720	1.000716	0.141684	
439	1.000734	0.000809	-2.341306	-0.000809	1.000734	0.135477	
440	1.000794	0.000871	-2.461986	-0.000871	1.000794	0.129836	
441	1.000800	0.000881	-2.636720	-0.000881	1.000800	0.110308	
442	1.001429	0.001584	-5.564068	-0.001584	1.001429	0.433507	
443	1.000729	0.001220	-2.720531	-0.001220	1.000729	0.283756	
444	1.000627	0.000914	-2.520590	-0.000914	1.000627	0.220384	
445	1.000779	0.000780	-2.299054	-0.000780	1.000779	0.130465	
446	1.000605	0.000630	-1.707270	-0.000630	1.000605	0.109351	
447	1.000820	0.000629	-2.274997	-0.000629	1.000820	0.350513	
448	1.000314	0.000295	-0.798646	-0.000295	1.000314	0.082903	
449	1.000461	0.000274	-0.788695	-0.000274	1.000461	-0.066202	
450	1.000439	0.000364	-0.929954	-0.000364	1.000439	-0.024951	
451	1.000415	0.000346	-1.023929	-0.000346	1.000415	0.016709	
452	1.001251	0.000729	-2.764017	-0.000729	1.001251	0.507873	
453	1.000895	0.000617	-1.772411	-0.000617	1.000895	0.317388	
454	1.001068	0.000633	-1.929524	-0.000633	1.001068	0.333961	
455	1.001139	0.000732	-2.038816	-0.000732	1.001139	0.376165	
456	1.001343	0.000877	-2.390673	-0.000877	1.001343	0.436500	
457	1.001183	0.000969	-2.335269	-0.000969	1.001183	0.551802	
458	1.002855	0.001380	-5.765411	-0.001380	1.002855	1.055904	
459	1.001847	0.000976	-3.208597	-0.000976	1.001847	0.415683	
460	1.002125	0.001013	-3.424850	-0.001013	1.002125	0.463878	
461	1.002087	0.000882	-3.379320	-0.000882	1.002087	0.401538	
462	1.001717	0.000776	-2.969089	-0.000776	1.001717	0.442407	
463	1.004587	0.000776	-5.075472	-0.000776	1.004587	-0.640255	
464	1.002533	-0.000028	-1.608074	0.000028	1.002533	-1.010700	
465	1.002470	-0.000151	-1.321263	0.000151	1.002470	-1.160754	
466	1.002184	-0.000170	-1.043743	0.000170	1.002184	-1.089575	
467	1.001802	-0.000087	-0.764034	0.000087	1.001802	-0.849631	
468	1.002987	-0.000329	-0.466427	0.000329	1.002987	-1.121017	
469	1.001591	-0.000671	-0.219913	0.000671	1.001591	-1.099916	
470	1.002034	-0.000949	0.044494	0.000949	1.002034	-1.587776	
471	1.001297	-0.000296	0.504305	0.000296	1.001297	-0.810267	
472	1.001459	-0.000411	0.720775	0.000411	1.001459	-0.948470	
473	1.004852	-0.001606	2.052036	0.001606	1.004852	-3.364426	
474	1.000998	-0.000751	1.893298	0.000751	1.000998	-1.125529	
475	1.000397	-0.000853	2.428720	0.000853	1.000397	-0.842955	
476	0.999926	-0.000999	2.956101	0.000999	0.999926	-0.665451	
477	0.999804	-0.001074	3.165784	0.001074	0.999804	-0.610623	
478	0.999737	-0.000820	8.351231	0.000820	0.999737	-0.162305	
479	0.999632	-0.001246	3.600374	0.001246	0.999632	-0.540202	
480	0.999669	-0.001245	3.704944	0.001245	0.999669	-0.593920	
481	0.999670	-0.001156	3.743226	0.001156	0.999670	-0.458441	
482	0.999517	-0.001114	3.793209	0.001114	0.999517	-0.251874	
483	0.999769	-0.000470	8.272809	0.000470	0.999769	0.722440	
484	0.999509	-0.001149	3.597696	0.001149	0.999509	-0.082333	
485	0.999511	-0.000990	3.388349	0.000990	0.999511	0.178323	
486	0.999538	-0.001034	3.110341	0.001034	0.999538	0.204971	
487	0.999639	-0.000884	2.678548	0.000884	0.999639	0.267926	
488	0.999120	-0.001689	5.182374	0.001689	0.999120	0.574360	
489	0.999527	-0.000681	1.932994	0.000681	0.999527	0.399051	
490	0.999668	-0.000523	1.389821	0.000523	0.999668	0.441782	
491	0.999824	-0.000304	0.931810	0.000304	0.999824	0.459112	
492	0.999412	-0.000106	0.919781	0.000106	0.999412	0.723398	
493	0.997490	-0.000069	2.291103	0.000069	0.997490	2.066921	
494	0.998279	0.000087	1.015665	-0.000087	0.998279	1.342528	
495	0.998043	-0.000007	1.263433	0.000007	0.998043	1.354577	
496	0.997896	-0.000042	1.372389	0.000042	0.997896	1.442123	
497	0.997950	0.000025	1.153957	-0.000025	0.997950	1.525532	
498	0.995287	-0.000135	2.649468	0.000135	0.995287	3.435462	
499	0.997605	-0.000013	1.202048	0.000013	0.997605	1.898561	
500	0.997612	0.000040	1.140951	-0.000040	0.997612	1.926023	
501	0.997611	0.000153	1.011144	-0.000153	0.997611	2.004834	
502	0.997535	0.000185	1.005117	-0.000185	0.997535	2.057230	
503	0.995295	0.000275	2.147896	-0.000275	0.995295	3.640447	
504	0.997590	0.000087	0.995286	-0.000087	0.997590	1.634495	
505	0.997649	0.000108	0.880213	-0.000108	0.997649	1.507237	
506	0.997613	0.000136	0.795251	-0.000136	0.997613	1.474525	
507	0.998012	0.000151	0.581376	-0.000151	0.998012	1.310323	
508	0.996575	0.000319	0.907199	-0.000319	0.996575	2.322458	
509	0.998579	0.000249	-0.116885	-0.000249	0.998579	1.012459	
510	0.999150	0.000341	-0.676737	-0.000341	0.999150	0.815358	
511	0.999723	0.000373	-1.066547	-0.000373	0.999723	0.619373	
512	0.999771	0.000315	-1.115241	-0.000315	0.999771	0.609680	
513	0.999887	0.000653	-2.494036	-0.000653	0.999887	1.055953	
514	0.999743	0.000334	-1.180576	-0.000334	0.999743	0.695836	
515	0.999798	0.000321	-1.231391	-0.000321	0.999798	0.691778	
516	0.999802	0.000279	-1.156778	-0.000279	0.999802	0.656367	
517	0.999824	0.000307	-1.145635	-0.000307	0.999824	0.682982	
518	0.999817	0.000513	-2.142186	-0.000513	0.999817	1.107831	
519	0.999913	0.000236	-1.088390	-0.000236	0.999913	0.529646	
520	0.999975	0.000272	-1.117685	-0.000272	0.999975	0.542984	
521	0.999995	0.000269	-1.123362	-0.000269	0.999995	0.565908	
522	1.000005	0.000358	-1.093564	-0.000358	1.000005	0.677051	
523	0.999951	0.000533	-1.789956	-0.000533	0.999951	0.942605	
524	1.000061	0.000269	-1.068874	-0.000269	1.000061	0.343779	
525	1.000009	0.000317	-0.948109	-0.000317	1.000009	0.255909	
526	1.000212	0.000310	-1.029568	-0.000310	1.000212	0.160664	
527	1.000238	0.000270	-0.958130	-0.000270	1.000238	0.062978	
528	1.000296	0.000658	-1.373727	-0.000658	1.000296	0.254500	
529	1.000191	0.000200	-0.624113	-0.000200	1.000191	-0.155435	
530	1.000216	0.000237	-0.642742	-0.000237	1.000216	-0.093408	
531	1.000330	0.000173	-0.595150	-0.000173	1.000330	-0.074015	
532	1.000257	0.000089	-0.365163	-0.000089	1.000257	-0.055407	
533	1.000261	0.000183	-0.468963	-0.000183	1.000261	-0.076412	
534	1.000188	-0.000005	-0.163594	0.000005	1.000188	-0.031072	
535	1.000195	0.000026	-0.185038	-0.000026	1.000195	-0.042942	
536	1.000233	0.000056	-0.168462	-0.000056	1.000233	-0.058987	
537	1.000313	0.000015	-0.179580	-0.000015	1.000313	-0.140530	
538	1.000363	-0.000049	-0.318325	0.000049	1.000363	-0.163007	
539	1.000191	0.000026	-0.138065	-0.000026	1.000191	-0.007429	
540	1.000154	0.000079	-0.109787	-0.000079	1.000154	-0.019561	
541	1.000203	0.000081	-0.145189	-0.000081	1.000203	-0.192830	
542	1.000322	0.000067	-0.275170	-0.000067	1.000322	-0.428207	
543	1.000631	0.000105	-0.593181	-0.000105	1.000631	-1.098932	
544	1.000416	0.000058	-0.453294	-0.000058	1.000416	-0.594171	
545	1.000469	0.000165	-0.665302	-0.000165	1.000469	-0.554534	
546	1.000465	0.000248	-0.743024	-0.000248	1.000465	-0.484874	
547	1.000439	0.000305	-0.833595	-0.000305	1.000439	-0.398265	
548	1.000785	0.000695	-1.942935	-0.000695	1.000785	-0.851244	
549	1.000502	0.000404	-1.168355	-0.000404	1.000502	-0.481943	
550	1.000489	0.000495	-1.240605	-0.000495	1.000489	-0.513450	
551	1.000502	0.000484	-1.243135	-0.000484	1.000502	-0.507322	
552	1.000471	0.000469	-1.192561	-0.000469	1.000471	-0.520360	
553	1.001240	0.001026	-2.988934	-0.001026	1.001240	-1.157186	
554	1.000472	0.000584	-1.354507	-0.000584	1.000472	-0.510636	
555	1.000442	0.000663	-1.458483	-0.000663	1.000442	-0.426579	
556	1.000507	0.000725	-1.682702	-0.000725	1.000507	-0.409562	
557	1.000461	0.000782	-1.746157	-0.000782	1.000461	-0.349715	
558	1.002452	0.001184	-4.011123	-0.001184	1.002452	-1.520423	
559	1.000547	0.000778	-1.866271	-0.000778	1.000547	-0.416908	
560	1.000583	0.000821	-1.980263	-0.000821	1.000583	-0.319751	
561	1.000526	0.000942	-2.050367	-0.000942	1.000526	-0.169971	
562	1.000574	0.000975	-2.210117	-0.000975	1.000574	-0.173776	
563	1.001514	0.001858	-4.844725	-0.001858	1.001514	-0.801175	
564	1.000633	0.000997	-2.325982	-0.000997	1.000633	-0.256896	
565	1.000652	0.001012	-2.357694	-0.001012	1.000652	-0.205344	
566	1.000599	0.001094	-2.487005	-0.001094	1.000599	-0.129225	
567	1.000607	0.001167	-2.609286	-0.001167	1.000607	-0.090538	
568	1.001738	0.001787	-5.434116	-0.001787	1.001738	-0.780546	
569	1.000570	0.001196	-2.653910	-0.001196	1.000570	-0.019100	
570	1.000512	0.001239	-2.628217	-0.001239	1.000512	0.042540	
571	1.000566	0.001174	-2.687695	-0.001174	1.000566	-0.039279	
572	1.000593	0.001259	-2.759353	-0.001259	1.000593	0.042862	
573	0.998235	0.004046	-3.588620	-0.004046	0.998235	2.712834	
574	1.000528	0.001337	-2.764766	-0.001337	1.000528	0.142460	
575	1.000386	0.001425	-2.790643	-0.001425	1.000386	0.316278	
576	1.000404	0.001186	-2.633598	-0.001186	1.000404	0.156360	
577	1.000329	0.001191	-2.552303	-0.001191	1.000329	0.252752	
578	1.000725	0.002288	-4.621878	-0.002288	1.000725	0.420861	
579	1.000352	0.000956	-1.936506	-0.000956	1.000352	-0.033295	
580	1.000394	0.000916	-1.754950	-0.000916	1.000394	-0.026504	
581	1.000380	0.000791	-1.613912	-0.000791	1.000380	-0.055055	
582	1.000282	0.000685	-1.213669	-0.000685	1.000282	0.041926	
583	0.999976	0.001178	-2.020285	-0.001178	0.999976	0.899096	
584	0.999897	0.000360	-0.399093	-0.000360	0.999897	0.649180	
585	0.999800	0.000365	-0.368065	-0.000365	0.999800	0.772566	
586	0.999845	0.000391	-0.192865	-0.000391	0.999845	0.748018	
587	0.999879	-0.000067	0.500204	0.000067	0.999879	0.399810	
588	0.999774	0.000143	0.484543	-0.000143	0.999774	0.870313	
589	0.999909	0.000132	0.166134	-0.000132	0.999909	0.631819	
590	0.999709	0.000055	0.428552	-0.000055	0.999709	0.909161	
591	0.999633	0.000040	0.486548	-0.000040	0.999633	1.141635	
592	0.999392	0.000055	0.564939	-0.000055	0.999392	1.516420	
593	0.998428	0.000271	1.151923	-0.000271	0.998428	3.590128	
594	0.999377	0.000211	0.365119	-0.000211	0.999377	1.599009	
595	0.999466	0.000192	0.402209	-0.000192	0.999466	1.451965	
596	0.999451	0.000139	0.386915	-0.000139	0.999451	1.400377	
597	0.999431	0.000145	0.376211	-0.000145	0.999431	1.487240	
598	0.999093	0.000220	0.628843	-0.000220	0.999093	3.311049	
599	1.000297	0.000113	-0.272410	-0.000113	1.000297	1.359475	
600	1.000855	0.000010	-0.508997	-0.000010	1.000855	1.002926	
601	1.001271	0.000085	-0.866301	-0.000085	1.001271	0.842044	
602	1.001401	0.000153	-1.046395	-0.000153	1.001401	0.838769	
603	1.000710	-0.001091	-0.342688	0.001091	1.000710	1.338324	
604	1.000915	0.000233	-0.921109	-0.000233	1.000915	1.168706	
605	1.000974	0.000254	-1.071642	-0.000254	1.000974	1.206388	
606	1.000915	0.000196	-1.022211	-0.000196	1.000915	1.302842	
607	1.000859	0.000238	-1.119489	-0.000238	1.000859	1.399604	
608	0.998513	-0.000249	0.623798	0.000249	0.998513	2.762183	
609	1.000912	0.000266	-1.185790	-0.000266	1.000912	1.330718	
610	1.000805	0.000312	-1.163065	-0.000312	1.000805	1.432505	
611	1.000994	0.000420	-1.346900	-0.000420	1.000994	1.618536	
612	1.000832	0.000303	-1.193877	-0.000303	1.000832	1.658774	
613	1.000123	0.003842	-2.803802	-0.003842	1.000123	4.622164	
614	1.001007	0.000404	-1.366087	-0.000404	1.001007	1.488869	
615	1.000850	0.000445	-1.312626	-0.000445	1.000850	1.431589	
616	1.000894	0.000405	-1.219670	-0.000405	1.000894	1.151520	
617	1.001275	0.000396	-1.478348	-0.000396	1.001275	0.798672	
618	1.002375	0.000800	-3.002858	-0.000800	1.002375	1.444067	
619	1.000822	0.000571	-1.246305	-0.000571	1.000822	0.868890	
620	1.000599	0.000481	-0.944550	-0.000481	1.000599	0.838262	
621	1.000784	0.000413	-1.047094	-0.000413	1.000784	0.643249	
622	1.000834	0.000343	-0.908388	-0.000343	1.000834	0.384379	
623	1.001086	0.000401	-1.079654	-0.000401	1.001086	0.233709	
624	1.002084	0.000148	-1.622519	-0.000148	1.002084	-0.355733	
625	1.001072	0.000187	-0.821729	-0.000187	1.001072	-0.265686	
626	1.001049	0.000081	-0.599490	-0.000081	1.001049	-0.496899	
627	1.001060	0.000079	-0.612648	-0.000079	1.001060	-0.701983	
628	1.001416	0.000057	-0.889809	-0.000057	1.001416	-1.041983	
629	1.002251	-0.000093	-0.751437	0.000093	1.002251	-2.194029	
630	1.001361	-0.000147	-0.600643	0.000147	1.001361	-1.160510	
631	1.001060	-0.000140	-0.342988	0.000140	1.001060	-0.945795	
632	1.000957	-0.000100	-0.124312	0.000100	1.000957	-0.840909	
633	1.000709	-0.000136	0.128428	0.000136	1.000709	-0.845558	
634	1.000424	-0.000576	1.430522	0.000576	1.000424	-1.719617	
635	1.000459	-0.000186	0.642522	0.000186	1.000459	-0.880398	
636	1.000501	-0.000345	0.736083	0.000345	1.000501	-0.966079	
637	1.000440	-0.000527	0.965796	0.000527	1.000440	-0.964271	
638	1.000324	-0.000735	1.345295	0.000735	1.000324	-1.068318	
639	1.000279	-0.001918	3.581446	0.001918	1.000279	-2.095560	
640	1.000324	-0.000979	1.693600	0.000979	1.000324	-1.141789	
641	1.000350	-0.001070	1.775558	0.001070	1.000350	-1.276686	
642	1.000422	-0.001040	1.815202	0.001040	1.000422	-1.364864	
643	1.000290	-0.001213	2.145943	0.001213	1.000290	-1.571874	
644	1.000050	-0.003426	5.650985	0.003426	1.000050	-3.714418	
645	0.999476	-0.001296	2.976055	0.001296	0.999476	-1.409446	
646	0.999426	-0.001311	2.882115	0.001311	0.999426	-1.418287	
647	0.999240	-0.001127	2.989334	0.001127	0.999240	-1.187434	
648	0.998938	-0.001131	3.007735	0.001131	0.998938	-1.078060	
649	0.996144	-0.001415	7.902233	0.001415	0.996144	-1.609259	
650	0.998792	-0.001165	2.906783	0.001165	0.998792	-0.972541	
651	0.998751	-0.001067	2.757259	0.001067	0.998751	-0.852644	
652	0.998458	-0.000965	2.808930	0.000965	0.998458	-0.616418	
653	0.998371	-0.001016	2.881707	0.001016	0.998371	-0.611940	
654	0.998118	-0.001450	4.045490	0.001450	0.998118	-1.159955	
655	0.998473	-0.000812	2.582942	0.000812	0.998473	-0.311578	
656	0.998534	-0.000766	2.457132	0.000766	0.998534	-0.303379	
657	0.998454	-0.000712	2.391840	0.000712	0.998454	-0.249894	
658	0.998379	-0.000659	2.466189	0.000659	0.998379	-0.235646	
659	0.996398	-0.001171	4.871743	0.001171	0.996398	-0.440485	
660	0.998472	-0.000528	2.156575	0.000528	0.998472	-0.241982	
661	0.998492	-0.000487	2.072466	0.000487	0.998492	-0.204508	
662	0.998503	-0.000476	2.075763	0.000476	0.998503	-0.168296	
663	0.998235	-0.000380	2.081195	0.000380	0.998235	0.157710	
664	0.996221	-0.000483	3.770093	0.000483	0.996221	1.199335	
665	0.998069	-0.000045	1.619313	0.000045	0.998069	1.070481	
666	0.997947	0.000010	1.494172	-0.000010	0.997947	1.218046	
667	0.998074	0.000117	1.261929	-0.000117	0.998074	1.123707	
668	0.998112	0.000183	1.154207	-0.000183	0.998112	1.025518	
669	0.996973	0.000220	1.831653	-0.000220	0.996973	1.351973	
670	0.998534	0.000135	0.885315	-0.000135	0.998534	0.830765	
671	0.998343	0.000222	0.907089	-0.000222	0.998343	1.073226	
672	0.998147	0.000233	1.094946	-0.000233	0.998147	1.207033	
673	0.997784	0.000198	1.364897	-0.000198	0.997784	1.275099	
674	0.995399	0.000103	2.930347	-0.000103	0.995399	2.059566	
675	0.997786	0.000130	1.430738	-0.000130	0.997786	1.062542	
676	0.998237	0.000196	0.986836	-0.000196	0.998237	0.957847	
677	0.998230	0.000160	1.026699	-0.000160	0.998230	1.002531	
678	0.997983	0.000124	1.232860	-0.000124	0.997983	1.069337	
679	0.996663	0.000047	2.253973	-0.000047	0.996663	1.503844	
680	0.998318	0.000136	1.037223	-0.000136	0.998318	0.845527	
681	0.998182	0.000153	1.146274	-0.000153	0.998182	0.953370	
682	0.998217	0.000130	1.161582	-0.000130	0.998217	0.924497	
683	0.998263	0.000147	1.105643	-0.000147	0.998263	0.897244	
684	0.996777	0.000161	2.194841	-0.000161	0.996777	1.526450	
685	0.998241	0.000098	1.139161	-0.000098	0.998241	0.829767	
686	0.998079	0.000108	1.308078	-0.000108	0.998079	0.912446	
687	0.998046	0.000170	1.298825	-0.000170	0.998046	1.031477	
688	0.998128	0.000158	1.241048	-0.000158	0.998128	0.976934	
689	0.996674	0.000355	2.223165	-0.000355	0.996674	1.714863	
690	0.998625	0.000186	0.824630	-0.000186	0.998625	0.771601	
691	0.998749	0.000136	0.823059	-0.000136	0.998749	0.639617	
692	0.998917	0.000131	0.694186	-0.000131	0.998917	0.567027	
693	0.999033	0.000074	0.519582	-0.000074	0.999033	0.496511	
694	0.998895	0.000109	0.836784	-0.000109	0.998895	0.632843	
695	0.999728	0.000137	0.047911	-0.000137	0.999728	0.218644	
696	0.999864	0.000107	0.022251	-0.000107	0.999864	0.133689	
697	0.999906	0.000109	-0.012786	-0.000109	0.999906	0.094574	
698	0.999914	0.000155	-0.044831	-0.000155	0.999914	0.095906	
699	0.999756	0.000348	0.023365	-0.000348	0.999756	0.222778	
700	0.999940	0.000222	-0.083098	-0.000222	0.999940	0.145339	
701	0.999936	0.000130	-0.038147	-0.000130	0.999936	0.099735	
702	0.999937	0.000124	-0.089398	-0.000124	0.999937	0.066735	
703	0.999930	0.000168	-0.059186	-0.000168	0.999930	0.067065	
704	0.999972	0.000250	-0.117879	-0.000250	0.999972	0.102469	
705	0.999886	0.000164	-0.041697	-0.000164	0.999886	0.138472	
706	0.999929	0.000171	-0.101301	-0.000171	0.999929	0.216682	
707	0.999952	0.000232	-0.091507	-0.000232	0.999952	0.265244	
708	0.999953	0.000188	-0.079150	-0.000188	0.999953	0.197309	
709	0.999957	0.000260	-0.195494	-0.000260	0.999957	0.268171	
710	1.000007	-0.000026	-0.110521	0.000026	1.000007	0.093501	
711	0.999975	0.000115	-0.307837	-0.000115	0.999975	0.227231	
712	0.999983	0.000215	-0.231527	-0.000215	0.999983	0.327292	
713	0.999914	0.000202	-0.153644	-0.000202	0.999914	0.315966	
714	0.999845	0.000494	-0.472539	-0.000494	0.999845	0.634787	
715	0.999955	0.000323	-0.289200	-0.000323	0.999955	0.356172	
716	0.999954	0.000291	-0.352179	-0.000291	0.999954	0.229727	
717	0.999986	0.000265	-0.426173	-0.000265	0.999986	0.129806	
718	1.000048	0.000222	-0.396144	-0.000222	1.000048	0.051916	
719	1.000133	0.000389	-0.896968	-0.000389	1.000133	0.125899	
720	1.000028	0.000105	-0.477290	-0.000105	1.000028	0.073763	
721	1.000048	0.000332	-0.615021	-0.000332	1.000048	0.308410	
722	1.000069	0.000364	-0.634776	-0.000364	1.000069	0.351632	
723	1.000191	0.000420	-0.820298	-0.000420	1.000191	0.330317	
724	1.001705	0.000871	-2.743174	-0.000871	1.001705	0.284849	
725	1.000952	0.000549	-1.608484	-0.000549	1.000952	0.326218	
726	1.001183	0.000558	-1.840919	-0.000558	1.001183	0.316273	
727	1.001119	0.000567	-1.926341	-0.000567	1.001119	0.359449	
728	1.001412	0.000686	-2.250085	-0.000686	1.001412	0.329518	
729	1.002544	0.001448	-4.073128	-0.001448	1.002544	0.630422	
730	1.001601	0.000861	-2.526013	-0.000861	1.001601	0.119396	
731	1.001877	0.000828	-2.743102	-0.000828	1.001877	-0.112449	
732	1.001794	0.000831	-2.660085	-0.000831	1.001794	-0.059649	
733	1.001949	0.000843	-2.725044	-0.000843	1.001949	-0.106805	
734	1.004591	0.001738	-6.032230	-0.001738	1.004591	-0.331090	
735	1.002064	0.000801	-2.849482	-0.000801	1.002064	-0.056214	
736	1.002201	0.000811	-2.985676	-0.000811	1.002201	-0.131945	
737	1.001978	0.000862	-2.745333	-0.000862	1.001978	0.045999	
738	1.002048	0.000885	-2.827644	-0.000885	1.002048	0.012052	
739	1.002872	0.001471	-4.355506	-0.001471	1.002872	0.317339	
740	1.001864	0.000767	-2.696869	-0.000767	1.001864	-0.001959	
741	1.001521	0.000742	-2.398507	-0.000742	1.001521	0.118506	
742	1.001638	0.000871	-2.625695	-0.000871	1.001638	0.163295	
743	1.001801	0.000760	-2.632539	-0.000760	1.001801	0.034344	
744	1.003951	0.001814	-5.527840	-0.001814	1.003951	0.427490	
745	1.002174	0.000833	-2.879561	-0.000833	1.002174	0.125464	
746	1.001638	0.000800	-2.548956	-0.000800	1.001638	0.350710	
747	1.001638	0.000857	-2.747292	-0.000857	1.001638	0.417092	
748	1.001440	0.000746	-2.368938	-0.000746	1.001440	0.433452	
749	1.002481	0.001090	-3.875781	-0.001090	1.002481	0.767494	
750	1.002002	0.000949	-3.068687	-0.000949	1.002002	0.377743	
751	1.002168	0.000927	-3.138641	-0.000927	1.002168	0.271406	
752	1.001996	0.000932	-2.768170	-0.000932	1.001996	0.319562	
753	1.001985	0.001059	-3.063088	-0.001059	1.001985	0.376003	
754	1.006670	0.001699	-8.555602	-0.001699	1.006670	-0.051225	
755	1.002694	0.000882	-3.446681	-0.000882	1.002694	-0.059060	
756	1.002618	0.000743	-3.250943	-0.000743	1.002618	-0.163412	
757	1.002122	0.000556	-2.663833	-0.000556	1.002122	-0.087520	
758	1.002280	0.000429	-2.683543	-0.000429	1.002280	-0.318287	
759	1.004774	0.001163	-5.260893	-0.001163	1.004774	-0.731032	
760	1.001724	0.000320	-2.042733	-0.000320	1.001724	-0.502110	
761	1.001041	0.000178	-1.287598	-0.000178	1.001041	-0.436634	
762	1.000387	0.000034	-0.508618	-0.000034	1.000387	-0.354491	
763	1.000103	-0.000069	-0.139618	0.000069	1.000103	-0.456666	
764	1.000717	0.000066	-0.592230	-0.000066	1.000717	-0.792715	
765	1.000299	-0.000115	-0.310086	0.000115	1.000299	-0.421211	
766	1.000224	-0.000019	-0.177843	0.000019	1.000224	-0.242589	
767	1.000025	0.000020	0.153750	-0.000020	1.000025	-0.102194	
768	1.000047	-0.000054	0.075477	0.000054	1.000047	-0.126644	
769	1.000066	-0.000156	0.289251	0.000156	1.000066	-0.335034	
770	1.000086	-0.000186	0.017824	0.000186	1.000086	-0.272300	
771	1.000016	-0.000328	0.119463	0.000328	1.000016	-0.394549	
772	0.999964	-0.000425	0.152905	0.000425	0.999964	-0.436111	
773	0.999691	-0.000362	0.341265	0.000362	0.999691	-0.323227	
774	0.998872	-0.000029	0.840466	0.000029	0.998872	0.302776	
775	0.999423	-0.000242	0.416795	0.000242	0.999423	-0.039014	
776	0.999254	-0.000113	0.547213	0.000113	0.999254	0.207870	
777	0.999211	-0.000147	0.487676	0.000147	0.999211	0.219028	
778	0.999301	-0.000328	0.615816	0.000328	0.999301	0.006466	
779	0.998529	-0.000082	0.964538	0.000082	0.998529	0.759108	
780	0.999259	-0.000247	0.528794	0.000247	0.999259	0.310303	
781	0.999114	-0.000198	0.517193	0.000198	0.999114	0.581962	
782	0.999076	-0.000105	0.520001	0.000105	0.999076	0.878383	
783	0.998997	-0.000080	0.576981	0.000080	0.998997	1.049700	
784	0.997256	0.000252	1.488987	-0.000252	0.997256	3.269575	
785	0.998753	0.000035	0.632393	-0.000035	0.998753	1.851413	
786	0.998594	0.000006	0.779234	-0.000006	0.998594	2.036956	
787	0.998460	-0.000090	0.891114	0.000090	0.998460	2.205288	
788	0.998251	0.000199	0.875787	-0.000199	0.998251	2.738570	
789	0.998076	0.000368	0.773241	-0.000368	0.998076	3.185082	
790	0.994503	0.005340	0.243306	-0.005340	0.994503	10.218985	
791	0.997636	0.000375	0.848678	-0.000375	0.997636	3.796257	
792	0.998092	0.000788	0.267307	-0.000788	0.998092	4.010606	
793	0.998387	0.000958	-0.047676	-0.000958	0.998387	4.147520	
794	0.999449	0.001024	-0.882746	-0.001024	0.999449	4.529030	
795	0.999763	0.000323	-3.356692	-0.000323	0.999763	8.908249	
796	0.998784	0.000882	-0.868695	-0.000882	0.998784	3.752537	
797	0.999502	0.000832	-1.481393	-0.000832	0.999502	3.693967	
798	0.999553	0.000723	-1.731480	-0.000723	0.999553	3.152220	
799	0.999451	0.001135	-1.499857	-0.001135	0.999451	3.148580	
800	1.003056	0.000495	-6.416845	-0.000495	1.003056	3.952083	
801	1.001557	0.000588	-2.984612	-0.000588	1.001557	1.274519	
802	1.001861	0.000754	-3.290395	-0.000754	1.001861	1.096505	
803	1.002094	0.000707	-3.509083	-0.000707	1.002094	0.983920	
804	1.001908	0.000670	-3.224000	-0.000670	1.001908	0.792061	
805	1.007459	0.000802	-9.969425	-0.000802	1.007459	0.679683	
806	1.003076	0.000600	-3.847155	-0.000600	1.003076	0.053617	
807	1.003747	0.000642	-4.310239	-0.000642	1.003747	-0.275344	
808	1.003946	0.000568	-4.278602	-0.000568	1.003946	-0.546075	
809	1.003397	0.000452	-3.497866	-0.000452	1.003397	-0.653016	
810	1.009953	0.000581	-9.985141	-0.000581	1.009953	-2.378145	
811	1.005060	0.000457	-4.634699	-0.000457	1.005060	-1.515324	
812	1.005284	0.000445	-4.906991	-0.000445	1.005284	-1.606555	
813	1.004604	0.000490	-4.004374	-0.000490	1.004604	-1.324836	
814	1.004997	0.000416	-4.393258	-0.000416	1.004997	-1.553466	
815	1.010641	0.000293	-9.134239	-0.000293	1.010641	-3.740523	
816	1.005280	0.000277	-3.981716	-0.000277	1.005280	-1.993132	
817	1.006455	0.000311	-4.908466	-0.000311	1.006455	-2.467324	
818	1.006034	0.000238	-4.457673	-0.000238	1.006034	-2.407701	
819	1.005973	0.000290	-4.300227	-0.000290	1.005973	-2.229398	
820	1.012403	0.000172	-8.808190	-0.000172	1.012403	-5.117055	
821	1.006467	0.000211	-4.615795	-0.000211	1.006467	-2.504095	
822	1.007083	0.000280	-5.184128	-0.000280	1.007083	-2.570670	
823	1.006865	0.000353	-5.095999	-0.000353	1.006865	-2.518121	
824	1.006831	0.000304	-5.015675	-0.000304	1.006831	-2.595211	
825	1.017030	0.000514	-12.822133	-0.000514	1.017030	-6.577866	
826	1.005996	0.000235	-4.741135	-0.000235	1.005996	-2.508454	
827	1.005046	0.000175	-4.075777	-0.000175	1.005046	-2.580036	
828	1.004507	0.000210	-3.730805	-0.000210	1.004507	-2.606637	
829	1.003262	0.000391	-2.936071	-0.000391	1.003262	-2.077404	
830	1.001950	0.000515	-2.097263	-0.000515	1.001950	-2.904775	
831	1.000482	0.000262	-0.654604	-0.000262	1.000482	-1.150943	
832	1.000733	0.000202	-0.566318	-0.000202	1.000733	-1.388352	
833	1.000701	0.000149	-0.607390	-0.000149	1.000701	-1.521492	
834	1.000759	0.000376	-0.794607	-0.000376	1.000759	-1.548470	
835	0.995679	-0.000332	3.321507	0.000332	0.995679	-4.131368	
836	0.998676	0.000299	0.591196	-0.000299	0.998676	-1.703510	
837	0.998720	0.000402	0.530094	-0.000402	0.998720	-2.047821	
838	0.997137	-0.000057	1.891758	0.000057	0.997137	-2.856749	
839	0.998438	0.000948	0.224633	-0.000948	0.998438	-3.165601	
840	0.988778	-0.001013	8.302077	0.001013	0.988778	-7.925571	
841	0.994617	-0.000678	3.971450	0.000678	0.994617	-3.607494	
842	0.997509	-0.000549	1.831005	0.000549	0.997509	-3.141867	
843	0.996883	-0.001052	2.293063	0.001052	0.996883	-2.900215	
844	0.997883	0.000891	1.044344	-0.000891	0.997883	-1.208637	
845	0.983794	-0.000680	14.266489	0.000680	0.983794	-3.299192	
846	0.992752	-0.000502	6.950830	0.000502	0.992752	-1.496496	
847	0.999314	-0.001041	1.767691	0.001041	0.999314	-2.612679	
848	0.999987	-0.001783	2.082504	0.001783	0.999987	-2.865528	
849	0.996127	-0.001540	6.335949	0.001540	0.996127	-2.673697	
850	1.011622	-0.003074	-3.558333	0.003074	1.011622	-10.272358	
851	1.001811	-0.002345	3.383049	0.002345	1.001811	-4.239197	
852	1.001553	-0.002783	4.061864	0.002783	1.001553	-3.795552	
853	1.004010	-0.003992	2.656774	0.003992	1.004010	-5.293258	
854	1.006110	-0.004901	0.902634	0.004901	1.006110	-6.795435	
855	0.999950	-0.001405	16.826270	0.001405	0.999950	-1.919866	
856	0.999919	-0.005853	7.953204	0.005853	0.999919	-3.700406	
857	0.998172	-0.000916	10.809653	0.000916	0.998172	0.297165	
858	1.006056	-0.006164	3.192405	0.006164	1.006056	-6.273007	
859	1.006214	-0.006304	4.487513	0.006304	1.006214	-6.263016	
860	0.990097	-0.001622	32.914249	0.001622	0.990097	2.832701	
861	1.006959	-0.008111	4.530830	0.008111	1.006959	-8.175948	
862	1.008388	-0.009270	2.555973	0.009270	1.008388	-10.245536	
863	0.993432	-0.001574	20.881396	0.001574	0.993432	1.044383	
864	0.996970	-0.001588	18.064077	0.001588	0.996970	0.103888	
865	0.985874	-0.002217	47.490298	0.002217	0.985874	2.734606	
866	0.993595	-0.001853	23.545763	0.001853	0.993595	0.875865	
867	0.993733	-0.001931	23.988231	0.001931	0.993733	0.748441	
868	0.993310	-0.002079	24.477535	0.002079	0.993310	0.717012	
869	1.014000	-0.010271	1.932099	0.010271	1.014000	-12.742507	
870	0.985400	-0.003045	51.070578	0.003045	0.985400	2.720286	
871	0.993338	-0.001921	25.216127	0.001921	0.993338	0.875731	
872	0.992460	-0.001773	25.894490	0.001773	0.992460	1.152424	
873	0.993858	-0.001685	25.171886	0.001685	0.993858	0.951348	
874	0.993340	-0.001709	25.985494	0.001709	0.993340	0.961426	
875	0.984154	-0.003479	54.661190	0.003479	0.984154	2.510490	
876	0.992623	-0.002414	26.869100	0.002414	0.992623	0.730369	
877	0.993704	-0.002099	26.962231	0.002099	0.993704	0.876409	
878	0.992709	-0.001938	27.589881	0.001938	0.992709	1.471104	
879	0.991373	-0.002033	28.601788	0.002033	0.991373	1.830961	
880	0.986330	-0.003854	55.242583	0.003854	0.986330	2.859789	
881	0.993884	-0.002096	26.926397	0.002096	0.993884	0.992771	
882	0.993723	-0.001943	27.000137	0.001943	0.993723	1.240317	
883	0.993658	-0.001765	26.670606	0.001765	0.993658	1.290438	
884	0.995445	-0.002186	25.224835	0.002186	0.995445	0.468905	
885	0.990070	-0.003694	50.440190	0.003694	0.990070	1.615876	
886	0.995155	-0.002694	25.126861	0.002694	0.995155	0.155581	
887	0.996994	-0.002717	23.149524	0.002717	0.996994	-0.609949	
888	0.994727	-0.002071	24.669692	0.002071	0.994727	0.200853	
889	0.996902	-0.002638	22.910403	0.002638	0.996902	-0.471507	
890	0.990611	-0.004178	48.427596	0.004178	0.990611	-0.204407	
891	0.996006	-0.002417	23.467434	0.002417	0.996006	-0.977577	
892	0.997585	-0.002277	22.464813	0.002277	0.997585	-1.333464	
893	0.998706	-0.002450	21.654207	0.002450	0.998706	-1.437636	
894	0.998562	-0.002278	21.760303	0.002278	0.998562	-0.932674	
895	0.998439	-0.004034	42.771256	0.004034	0.998439	-1.706790	
896	0.999197	-0.002405	20.846787	0.002405	0.999197	-1.036621	
897	1.000198	-0.002196	19.927788	0.002196	1.000198	-1.199817	
898	0.993800	-0.002043	22.661756	0.002043	0.993800	0.364785	
899	0.999336	-0.002217	20.971906	0.002217	0.999336	-1.415008	
900	1.001080	-0.004474	40.108107	0.004474	1.001080	-2.736589	
901	0.999150	-0.002287	21.550998	0.002287	0.999150	-0.667247	
902	0.999008	-0.002010	21.032283	0.002010	0.999008	-0.588263	
903	0.999180	-0.002427	21.574396	0.002427	0.999180	-1.066232	
904	0.997344	-0.001962	21.191285	0.001962	0.997344	-0.022637	
905	1.002216	-0.004648	41.366040	0.004648	1.002216	-2.761164	
906	1.001846	-0.002194	20.176145	0.002194	1.001846	-1.746133	
907	1.003364	-0.002539	18.698708	0.002539	1.003364	-2.361779	
908	1.003647	-0.002649	18.450004	0.002649	1.003647	-2.379645	
909	1.004865	-0.002255	17.343506	0.002255	1.004865	-2.531272	
910	1.011054	-0.004005	33.006669	0.004005	1.011054	-5.236204	
911	1.005301	-0.002103	15.174150	0.002103	1.005301	-2.776895	
912	1.005167	-0.001965	14.374328	0.001965	1.005167	-2.700249	
913	1.005669	-0.001959	13.265228	0.001959	1.005669	-2.622326	
914	1.006264	-0.001602	11.750709	0.001602	1.006264	-2.489859	
915	1.012406	-0.002832	21.983783	0.002832	1.012406	-4.614008	
916	1.007795	-0.002474	8.056620	0.002474	1.007795	-3.181403	
917	1.007038	-0.001218	8.033115	0.001218	1.007038	-1.830276	
918	1.007398	-0.001262	7.089962	0.001262	1.007398	-1.957302	
919	0.994074	-0.005032	8.243274	0.005032	0.994074	-0.154297	
920	1.013411	-0.001760	12.945199	0.001760	1.013411	-5.263671	
921	0.994341	-0.004386	7.284269	0.004386	0.994341	-0.645376	
922	1.006914	-0.001044	6.223121	0.001044	1.006914	-3.569847	
923	1.007421	-0.001330	6.209632	0.001330	1.007421	-4.140526	
924	0.994445	-0.002780	6.910831	0.002780	0.994445	0.787452	
925	1.015187	-0.001743	13.309245	0.001743	1.015187	-8.110349	
926	0.997191	-0.008486	8.253794	0.008486	0.997191	-4.788144	
927	0.997691	-0.008074	7.825906	0.008074	0.997691	-5.528681	
928	0.997228	-0.008349	8.344409	0.008349	0.997228	-5.901492	
929	1.006106	-0.000839	6.828203	0.000839	1.006106	-6.330502	
930	1.008198	-0.001849	18.712787	0.001849	1.008198	-10.393528	
931	1.000699	-0.000865	12.669361	0.000865	1.000699	-3.262540	
932	0.999511	-0.001062	13.907524	0.001062	0.999511	-2.803496	
933	0.999507	-0.001082	14.451430	0.001082	0.999507	-2.945270	
934	0.999521	-0.001053	14.697040	0.001053	0.999521	-3.195722	
935	0.999343	-0.002224	29.578990	0.002224	0.999343	-6.531588	
936	0.988429	-0.007431	17.559788	0.007431	0.988429	-0.976025	
937	0.999198	-0.001121	14.146221	0.001121	0.999198	-2.026825	
938	0.998668	-0.001613	13.990106	0.001613	0.998668	-1.781311	
939	0.999226	-0.000653	13.824626	0.000653	0.999226	-1.391929	
940	0.999801	-0.001777	25.733566	0.001777	0.999801	-3.240401	
941	0.998612	-0.001553	12.204139	0.001553	0.998612	-1.795263	
942	0.990732	-0.002972	13.186232	0.002972	0.990732	0.420223	
943	0.998739	-0.001726	10.739511	0.001726	0.998739	-1.776907	
944	0.996670	-0.005210	10.667140	0.005210	0.996670	-2.577754	
945	0.998311	-0.001488	16.720752	0.001488	0.998311	-2.421114	
946	0.997852	-0.002253	6.022937	0.002253	0.997852	-1.046082	
947	0.998463	-0.001918	4.906432	0.001918	0.998463	-0.753260	
948	0.998504	-0.001621	3.825123	0.001621	0.998504	-0.393666	
949	0.998313	-0.001202	3.343183	0.001202	0.998313	-0.174403	
950	0.997516	-0.001768	7.299988	0.001768	0.997516	-0.469169	
951	0.998420	-0.001289	3.688435	0.001289	0.998420	-0.412780	
952	0.998155	-0.001649	4.530989	0.001649	0.998155	-0.417881	
953	0.997879	-0.001767	5.074350	0.001767	0.997879	-0.148991	
954	0.998122	-0.001861	5.672427	0.001861	0.998122	0.132117	
955	0.996185	-0.002272	6.625453	0.002272	0.996185	0.697435	
956	0.997749	-0.001240	14.856670	0.001240	0.997749	2.078864	
957	0.996910	-0.003640	8.130869	0.003640	0.996910	-0.133635	
958	0.998281	-0.001501	8.180257	0.001501	0.998281	0.350285	
959	0.994131	-0.003579	8.772319	0.003579	0.994131	0.562841	
960	0.994574	-0.005306	9.557823	0.005306	0.994574	-0.232450	
961	0.998595	-0.001244	16.534823	0.001244	0.998595	1.106532	
962	0.997763	-0.002306	8.210562	0.002306	0.997763	0.267881	
963	0.998455	-0.001634	7.785923	0.001634	0.998455	0.525421	
964	1.000874	-0.002437	5.835480	0.002437	1.000874	-0.869131	
965	1.000692	-0.002869	4.980442	0.002869	1.000692	-1.347131	
966	0.997028	-0.003315	7.287752	0.003315	0.997028	-0.304217	
967	1.001803	-0.000894	1.230714	0.000894	1.001803	-1.058751	
968	1.001724	-0.000583	0.014306	0.000583	1.001724	-0.923535	
969	1.002090	-0.000247	-1.189512	0.000247	1.002090	-0.780685	
970	1.002587	0.000176	-2.389521	-0.000176	1.002587	-0.635888	
971	1.005953	0.001347	-6.608303	-0.001347	1.005953	-0.845346	
972	1.003172	0.000583	-3.775188	-0.000583	1.003172	-0.461912	
973	1.003084	0.000453	-4.370647	-0.000453	1.003084	-0.264247	
974	1.002060	0.000717	-3.422412	-0.000717	1.002060	-0.123001	
975	1.001175	0.000703	-3.207586	-0.000703	1.001175	0.490785	
976	1.001933	0.000818	-7.343308	-0.000818	1.001933	0.678787	
977	1.000727	0.000766	-3.691109	-0.000766	1.000727	0.420932	
978	1.001350	0.001061	-4.063020	-0.001061	1.001350	0.346362	
979	1.001013	0.000729	-4.014541	-0.000729	1.001013	0.149108	
980	1.001942	0.000768	-4.516982	-0.000768	1.001942	-0.173648	
981	1.000915	0.000033	-9.376134	-0.000033	1.000915	-1.256385	
982	1.001423	0.000704	-4.771963	-0.000704	1.001423	-0.773751	
983	1.001412	0.000669	-5.063797	-0.000669	1.001412	-0.646159	
984	1.001896	0.000898	-5.281380	-0.000898	1.001896	-0.516690	
985	1.001061	0.000722	-4.976083	-0.000722	1.001061	-0.183656	
986	0.998628	0.000595	-9.601917	-0.000595	0.998628	0.373907	
987	1.000212	0.000937	-4.344654	-0.000937	1.000212	0.127388	
988	1.000467	0.001248	-4.372439	-0.001248	1.000467	0.056779	
989	0.999942	0.001232	-4.438239	-0.001232	0.999942	0.051974	
990	0.999995	0.001042	-4.326740	-0.001042	0.999995	-0.011185	
991	0.996121	0.000585	-8.951700	-0.000585	0.996121	1.207866	
992	0.997279	0.000979	-3.898193	-0.000979	0.997279	1.883121	
993	0.998899	0.001055	-4.096519	-0.001055	0.998899	1.527551	
994	0.996822	0.001105	-3.711445	-0.001105	0.996822	2.273410	
995	0.995666	0.000815	-3.458811	-0.000815	0.995666	2.258179	
996	0.991596	0.000814	-7.386959	-0.000814	0.991596	3.904330	
997	0.997231	0.001225	-4.218440	-0.001225	0.997231	2.097921	
998	0.998406	0.001793	-4.633947	-0.001793	0.998406	2.024313	
999	0.999660	0.001459	-4.872822	-0.001459	0.999660	1.300033	
1000	1.000403	0.000633	-5.458046	-0.000633	1.000403	0.500008	
1001	0.997488	0.001176	-10.591392	-0.001176	0.997488	1.639050	
1002	1.000280	0.001564	-5.757548	-0.001564	1.000280	0.918476	
1003	0.999707	0.002023	-4.817212	-0.002023	0.999707	1.447991	
1004	0.999017	0.001436	-5.088392	-0.001436	0.999017	1.104709	
1005	0.999769	0.001821	-5.146252	-0.001821	0.999769	1.099787	
1006	0.998496	0.000923	-10.668534	-0.000923	0.998496	0.433783	
1007	1.000023	0.001496	-4.804457	-0.001496	1.000023	0.387060	
1008	1.000181	0.001518	-4.888418	-0.001518	1.000181	0.288745	
1009	1.000177	0.001495	-4.742726	-0.001495	1.000177	0.277235	
1010	0.999656	0.001499	-4.339934	-0.001499	0.999656	0.495493	
1011	0.997521	0.001160	-8.795924	-0.001160	0.997521	-0.098892	
1012	0.999666	0.001218	-3.750227	-0.001218	0.999666	0.233611	
1013	0.999586	0.001207	-3.521272	-0.001207	0.999586	0.237190	
1014	0.999403	0.001042	-2.971986	-0.001042	0.999403	0.086823	
1015	0.999486	0.000940	-2.778973	-0.000940	0.999486	-0.071607	
1016	0.997483	-0.000089	-4.360781	0.000089	0.997483	-1.362914	
1017	0.999252	0.000689	-1.737561	-0.000689	0.999252	-0.353895	
1018	0.999041	0.000760	-1.649455	-0.000760	0.999041	-0.268417	
1019	0.999103	0.000724	-1.542018	-0.000724	0.999103	-0.298825	
1020	0.998875	0.000645	-1.302595	-0.000645	0.998875	-0.162962	
1021	0.997344	0.001003	-2.091333	-0.001003	0.997344	-0.186871	
1022	0.998797	0.000498	-1.029514	-0.000498	0.998797	-0.096517	
1023	0.998883	0.000468	-1.022388	-0.000468	0.998883	-0.082857	
1024	0.998828	0.000439	-0.878208	-0.000439	0.998828	-0.076943	
1025	0.998683	0.000475	-0.792199	-0.000475	0.998683	0.107568	
1026	0.996287	0.000917	-1.356636	-0.000917	0.996287	0.340953	
1027	0.998896	0.000902	-0.865945	-0.000902	0.998896	0.421183	
1028	0.998849	0.000548	-0.735098	-0.000548	0.998849	0.128660	
1029	0.998869	0.000541	-0.958058	-0.000541	0.998869	0.128276	
1030	0.998630	0.000535	-0.473651	-0.000535	0.998630	0.184063	
1031	0.995069	0.000861	-0.442448	-0.000861	0.995069	1.054444	
1032	0.997605	0.000690	-0.272480	-0.000690	0.997605	0.724063	
1033	0.997653	0.000780	-0.207526	-0.000780	0.997653	0.715515	
1034	0.998117	0.000814	-0.716120	-0.000814	0.998117	0.555837	
1035	0.997864	0.000827	-0.529067	-0.000827	0.997864	0.780260	
1036	0.994222	0.001399	-1.176779	-0.001399	0.994222	2.575532	
1037	0.997927	0.000875	-0.653284	-0.000875	0.997927	1.511834	
1038	0.997530	0.000834	-0.586250	-0.000834	0.997530	1.811042	
1039	0.997777	0.000896	-0.882310	-0.000896	0.997777	1.821297	
1040	0.998246	0.000949	-1.173878	-0.000949	0.998246	1.592469	
1041	0.997655	0.001773	-3.854536	-0.001773	0.997655	2.234916	
1042	0.999910	0.000924	-2.405948	-0.000924	0.999910	0.663201	
1043	1.000113	0.001013	-2.508439	-0.001013	1.000113	0.762846	
1044	1.000129	0.000997	-2.473257	-0.000997	1.000129	0.881759	
1045	1.000109	0.001077	-2.354596	-0.001077	1.000109	0.956907	
1046	0.999734	0.001470	-4.160234	-0.001470	0.999734	1.466061	
1047	1.000029	0.000899	-2.125162	-0.000899	1.000029	0.591313	
1048	1.000287	0.000932	-2.153861	-0.000932	1.000287	0.353116	
1049	1.000192	0.000969	-2.229156	-0.000969	1.000192	0.347833	
1050	1.000257	0.001037	-2.325677	-0.001037	1.000257	0.334668	
1051	1.000027	0.001572	-4.637837	-0.001572	1.000027	0.669309	
1052	1.000221	0.001040	-2.483186	-0.001040	1.000221	0.445809	
1053	1.000077	0.001106	-2.509072	-0.001106	1.000077	0.532956	
1054	1.000143	0.001075	-2.437273	-0.001075	1.000143	0.570176	
1055	1.000192	0.001031	-2.445992	-0.001031	1.000192	0.507185	
1056	1.000012	0.001723	-4.626904	-0.001723	1.000012	1.032124	
1057	1.000134	0.001133	-2.266221	-0.001133	1.000134	0.609142	
1058	1.000169	0.001148	-2.224055	-0.001148	1.000169	0.597197	
1059	1.000200	0.001214	-2.229421	-0.001214	1.000200	0.673717	
1060	1.000141	0.001232	-2.215050	-0.001232	1.000141	0.665817	
1061	1.000064	0.002151	-4.251617	-0.002151	1.000064	1.277010	
1062	1.000136	0.001180	-2.155313	-0.001180	1.000136	0.678695	
1063	1.000232	0.001274	-2.253439	-0.001274	1.000232	0.675043	
1064	1.000247	0.001269	-2.206666	-0.001269	1.000247	0.695093	
1065	1.000246	0.001231	-2.194611	-0.001231	1.000246	0.629358	
1066	1.000106	0.002017	-4.032292	-0.002017	1.000106	1.149115	
1067	1.000247	0.001092	-2.080169	-0.001092	1.000247	0.549650	
1068	1.000246	0.001067	-2.039796	-0.001067	1.000246	0.504774	
1069	1.000280	0.001018	-1.977209	-0.001018	1.000280	0.499535	
1070	1.000219	0.001067	-2.032984	-0.001067	1.000219	0.557539	
1071	1.000081	0.001722	-3.694356	-0.001722	1.000081	1.068732	
1072	1.000255	0.000989	-1.877806	-0.000989	1.000255	0.555272	
1073	1.000280	0.001013	-1.894790	-0.001013	1.000280	0.524794	
1074	1.000263	0.001010	-1.830210	-0.001010	1.000263	0.478059	
1075	1.000303	0.000935	-1.760109	-0.000935	1.000303	0.358218	
1076	1.000354	0.001428	-3.235773	-0.001428	1.000354	0.523740	
1077	1.000158	0.000752	-1.451715	-0.000752	1.000158	0.309215	
1078	1.000155	0.000670	-1.411806	-0.000670	1.000155	0.331713	
1079	1.000129	0.000714	-1.395877	-0.000714	1.000129	0.381730	
1080	1.000144	0.000730	-1.364691	-0.000730	1.000144	0.434175	
1081	1.000138	0.001153	-2.427681	-0.001153	1.000138	0.867245	
1082	1.000064	0.000620	-1.159910	-0.000620	1.000064	0.462264	
1083	1.000030	0.000607	-1.116742	-0.000607	1.000030	0.495620	
1084	1.000009	0.000617	-1.019233	-0.000617	1.000009	0.523290	
1085	0.999977	0.000584	-0.944075	-0.000584	0.999977	0.544161	
1086	0.999945	0.001099	-2.009902	-0.001099	0.999945	0.996704	
1087	1.000054	0.000674	-1.124720	-0.000674	1.000054	0.485101	
1088	0.999998	0.000681	-0.990630	-0.000681	0.999998	0.500946	
1089	1.000058	0.000700	-1.124796	-0.000700	1.000058	0.495735	
1090	0.999958	0.000751	-1.080300	-0.000751	0.999958	0.622831	
1091	0.999652	0.001172	-1.891550	-0.001172	0.999652	1.487884	
1092	0.999831	0.000648	-0.893284	-0.000648	0.999831	0.898475	
1093	0.999784	0.000527	-0.750464	-0.000527	0.999784	0.851631	
1094	0.999883	0.000502	-0.743453	-0.000502	0.999883	0.704369	
1095	0.999979	0.000478	-0.756406	-0.000478	0.999979	0.509060	
1096	1.000167	0.000810	-1.331406	-0.000810	1.000167	0.475621	
1097	1.000129	0.000474	-0.675184	-0.000474	1.000129	0.253344	
1098	1.000058	0.000389	-0.542184	-0.000389	1.000058	0.323712	
1099	0.999907	0.000292	-0.377528	-0.000292	0.999907	0.494967	
1100	0.999785	0.000249	-0.117679	-0.000249	0.999785	0.601387	
1101	0.999555	0.000252	-0.129350	-0.000252	0.999555	1.016760	
1102	0.999811	0.000256	-0.131230	-0.000256	0.999811	0.562744	
1103	0.999875	0.000265	-0.166191	-0.000265	0.999875	0.520988	
1104	0.999812	0.000245	-0.151301	-0.000245	0.999812	0.560342	
1105	0.999854	0.000226	-0.059106	-0.000226	0.999854	0.549322	
1106	0.999520	0.000190	0.102364	-0.000190	0.999520	1.053535	
1107	0.999719	0.000226	-0.038399	-0.000226	0.999719	0.635733	
1108	0.999698	0.000278	-0.015696	-0.000278	0.999698	0.694311	
1109	0.999377	0.000210	0.238167	-0.000210	0.999377	0.774477	
1110	0.999303	0.000278	0.208772	-0.000278	0.999303	0.807411	
1111	0.998717	0.000525	0.272187	-0.000525	0.998717	1.486694	
1112	0.999325	0.000297	0.151374	-0.000297	0.999325	0.826227	
1113	0.999276	0.000343	0.176223	-0.000343	0.999276	0.882660	
1114	0.999143	0.000317	0.250224	-0.000317	0.999143	0.925691	
1115	0.999080	0.000347	0.223302	-0.000347	0.999080	0.947497	
1116	0.998490	0.000614	0.336399	-0.000614	0.998490	1.590523	
1117	0.999389	0.000389	-0.012223	-0.000389	0.999389	0.798909	
1118	0.999336	0.000340	0.049300	-0.000340	0.999336	0.809819	
1119	0.999255	0.000334	0.122354	-0.000334	0.999255	0.913748	
1120	0.999460	0.000375	-0.088948	-0.000375	0.999460	0.881534	
1121	0.998634	0.000502	0.261430	-0.000502	0.998634	1.660507	
1122	0.999324	0.000264	0.170189	-0.000264	0.999324	0.797308	
1123	0.999223	0.000306	0.172956	-0.000306	0.999223	0.855446	
1124	0.999175	0.000275	0.276634	-0.000275	0.999175	0.883609	
1125	0.999217	0.000332	0.106838	-0.000332	0.999217	0.878406	
1126	0.999258	0.000263	0.163971	-0.000263	0.999258	0.816452	
1127	0.998646	0.000508	0.350778	-0.000508	0.998646	1.528657	
1128	0.999176	0.000289	0.236814	-0.000289	0.999176	0.843409	
1129	0.999187	0.000263	0.134649	-0.000263	0.999187	0.838044	
1130	0.999196	0.000253	0.281126	-0.000253	0.999196	0.806040	
1131	0.999150	0.000234	0.275115	-0.000234	0.999150	0.835503	
1132	0.998450	0.000315	0.657615	-0.000315	0.998450	1.478596	
1133	0.999157	0.000159	0.396226	-0.000159	0.999157	0.746603	
1134	0.999286	0.000092	0.428762	-0.000092	0.999286	0.673585	
1135	0.999380	0.000138	0.368751	-0.000138	0.999380	0.649530	
1136	0.999416	0.000099	0.324392	-0.000099	0.999416	0.627549	
1137	0.999263	0.000178	0.360972	-0.000178	0.999263	1.022388	
1138	0.999652	0.000177	0.189883	-0.000177	0.999652	0.544112	
1139	0.999662	0.000155	0.144680	-0.000155	0.999662	0.552816	
1140	0.999724	0.000187	0.133252	-0.000187	0.999724	0.556459	
1141	0.999694	0.000180	0.165978	-0.000180	0.999694	0.561477	
1142	0.999748	0.000227	-0.067278	-0.000227	0.999748	0.840710	
1143	0.999685	0.000153	0.121529	-0.000153	0.999685	0.512591	
1144	0.999691	0.000154	0.158249	-0.000154	0.999691	0.530312	
1145	0.999730	0.000222	-0.047550	-0.000222	0.999730	0.554052	
1146	0.999658	0.000203	0.136843	-0.000203	0.999658	0.525022	
1147	0.999594	0.000255	0.033921	-0.000255	0.999594	0.788828	
1148	0.999698	0.000161	0.231071	-0.000161	0.999698	0.457805	
1149	0.999744	0.000132	0.191791	-0.000132	0.999744	0.488434	
1150	0.999745	0.000131	0.202818	-0.000131	0.999745	0.510588	
1151	0.999715	0.000116	0.237588	-0.000116	0.999715	0.535973	
1152	0.999675	0.000149	0.225503	-0.000149	0.999675	0.844332	
1153	0.999802	0.000096	0.316962	-0.000096	0.999802	0.257532	
1154	0.999815	0.000066	0.423301	-0.000066	0.999815	0.133414	
1155	0.999930	0.000020	0.421696	-0.000020	0.999930	0.031017	
1156	0.999933	-0.000028	0.466888	0.000028	0.999933	0.062650	
1157	1.000137	-0.000202	0.564806	0.000202	1.000137	-0.014333	
1158	0.999907	0.000020	0.286037	-0.000020	0.999907	-0.110858	
1159	1.000009	0.000028	0.084067	-0.000028	1.000009	-0.152311	
1160	1.000003	-0.000037	0.265728	0.000037	1.000003	-0.231680	
1161	0.999921	-0.000005	0.238540	0.000005	0.999921	-0.075505	
