0	1.000000	0.000000	0.000000	0.000000	1.000000	0.000000	
1	0.999858	-0.000003	-0.006524	0.000003	0.999858	0.073511	
2	0.999835	-0.000042	-0.020764	0.000042	0.999835	0.088799	
3	0.999795	-0.000029	0.022916	0.000029	0.999795	0.084953	
4	0.999771	0.000005	0.026427	-0.000005	0.999771	0.118335	
5	0.999839	0.000076	-0.124187	-0.000076	0.999839	0.208179	
6	0.999738	0.000028	0.052174	-0.000028	0.999738	0.142659	
7	0.999749	0.000039	0.082260	-0.000039	0.999749	0.128047	
8	0.999727	0.000063	-0.014441	-0.000063	0.999727	0.236892	
9	0.999764	0.000039	0.072860	-0.000039	0.999764	0.121381	
10	0.999825	0.000079	0.003390	-0.000079	0.999825	0.141334	
11	0.999867	0.000039	-0.146834	-0.000039	0.999867	0.165685	
12	0.999797	-0.000004	0.004998	0.000004	0.999797	0.125142	
13	0.999854	0.000016	-0.124926	-0.000016	0.999854	0.240120	
14	0.999807	-0.000013	0.003710	0.000013	0.999807	0.107561	
15	0.999824	-0.000021	-0.171025	0.000021	0.999824	0.108298	
16	0.999761	0.000050	-0.106706	-0.000050	0.999761	0.259314	
17	0.999792	-0.000067	-0.139959	0.000067	0.999792	0.093247	
18	0.999805	-0.000048	-0.131696	0.000048	0.999805	0.101425	
19	0.999840	0.000000	-0.087393	-0.000000	0.999840	0.197768	
20	0.999813	-0.000035	-0.150880	0.000035	0.999813	0.099804	
21	0.999842	0.000030	-0.181754	-0.000030	0.999842	0.115490	
22	0.999852	0.000065	-0.199673	-0.000065	0.999852	0.233051	
23	0.999832	0.000035	-0.211922	-0.000035	0.999832	0.123501	
24	0.999869	0.000002	-0.175175	-0.000002	0.999869	0.118680	
25	0.999898	0.000034	-0.174351	-0.000034	0.999898	0.216083	
26	0.999825	0.000011	-0.188680	-0.000011	0.999825	0.134032	
27	0.999897	-0.000016	-0.176727	0.000016	0.999897	0.114659	
28	0.999829	0.000004	-0.074091	-0.000004	0.999829	0.276352	
29	0.999869	-0.000014	-0.154035	0.000014	0.999869	0.115555	
30	0.999909	0.000026	-0.139758	-0.000026	0.999909	0.110936	
31	0.999871	-0.000111	-0.054983	0.000111	0.999871	0.182431	
32	0.999928	-0.000020	-0.153965	0.000020	0.999928	0.073130	
33	0.999917	-0.000040	0.036351	0.000040	0.999917	0.059360	
34	0.999934	-0.000006	-0.167359	0.000006	0.999934	0.237903	
35	0.999936	0.000010	-0.012466	-0.000010	0.999936	0.090641	
36	0.999923	0.000033	-0.040458	-0.000033	0.999923	0.101785	
37	1.000016	0.000102	-0.195210	-0.000102	1.000016	0.178592	
38	0.999955	0.000059	-0.052796	-0.000059	0.999955	0.092169	
39	1.000016	0.000049	-0.150142	-0.000049	1.000016	0.062304	
40	0.999976	0.000012	-0.164309	-0.000012	0.999976	0.214425	
41	0.999972	0.000055	-0.142546	-0.000055	0.999972	0.108759	
42	1.000018	0.000026	-0.146934	-0.000026	1.000018	0.065635	
43	0.999971	0.000036	-0.175085	-0.000036	0.999971	0.213841	
44	1.000008	0.000044	-0.135243	-0.000044	1.000008	0.066521	
45	0.999996	0.000023	-0.042921	-0.000023	0.999996	0.076784	
46	1.000049	-0.000004	-0.229990	0.000004	1.000049	0.199363	
47	1.000009	-0.000022	-0.031752	0.000022	1.000009	0.064178	
48	1.000011	-0.000011	-0.000226	0.000011	1.000011	0.043984	
49	1.000040	0.000007	-0.077154	-0.000007	1.000040	0.121369	
50	1.000020	-0.000002	0.002127	0.000002	1.000020	0.093648	
51	1.000031	0.000025	-0.003127	-0.000025	1.000031	0.084233	
52	1.000037	0.000050	-0.034004	-0.000050	1.000037	0.140135	
53	1.000043	0.000049	0.006933	-0.000049	1.000043	0.037154	
54	1.000039	0.000050	0.002779	-0.000050	1.000039	0.036251	
55	1.000076	0.000086	-0.088654	-0.000086	1.000076	0.174102	
56	1.000037	0.000042	0.011168	-0.000042	1.000037	0.047835	
57	1.000073	0.000019	0.004820	-0.000019	1.000073	0.038145	
58	1.000033	0.000032	-0.047758	-0.000032	1.000033	0.130449	
59	1.000058	0.000045	-0.024096	-0.000045	1.000058	0.073362	
60	1.000051	0.000040	-0.016060	-0.000040	1.000051	0.076944	
61	1.000034	0.000033	0.023083	-0.000033	1.000034	0.074730	
62	1.000042	-0.000010	0.040222	0.000010	1.000042	0.021492	
63	1.000096	-0.000023	-0.073610	0.000023	1.000096	0.167486	
64	1.000051	-0.000027	0.028860	0.000027	1.000051	0.010461	
65	1.000035	-0.000038	0.029679	0.000038	1.000035	0.030713	
66	1.000066	-0.000030	-0.145541	0.000030	1.000066	0.119602	
67	1.000061	0.000003	-0.053638	-0.000003	1.000061	0.050413	
68	1.000004	-0.000005	-0.004033	0.000005	1.000004	0.050419	
69	1.000054	0.000022	-0.160934	-0.000022	1.000054	0.127610	
70	0.999997	0.000052	-0.072120	-0.000052	0.999997	0.076632	
71	1.000021	0.000063	-0.256282	-0.000063	1.000021	0.084670	
72	0.999989	0.000098	-0.229555	-0.000098	0.999989	0.161216	
73	0.999984	0.000016	-0.256712	-0.000016	0.999984	0.041629	
74	1.000016	0.000071	-0.348295	-0.000071	1.000016	0.061225	
75	0.999962	0.000039	-0.368284	-0.000039	0.999962	0.074444	
76	0.999951	0.000104	-0.317768	-0.000104	0.999951	0.123586	
77	0.999931	0.000033	-0.425519	-0.000033	0.999931	0.094761	
78	0.999969	0.000149	-0.367136	-0.000149	0.999969	0.196567	
79	0.999936	0.000001	-0.419287	-0.000001	0.999936	0.088271	
80	0.999961	-0.000023	-0.561335	0.000023	0.999961	0.059971	
81	0.999938	0.000062	-0.623502	-0.000062	0.999938	0.144805	
82	0.999897	0.000037	-0.673537	-0.000037	0.999897	0.127436	
83	0.999853	0.000052	-0.881322	-0.000052	0.999853	0.158832	
84	0.999827	0.000085	-0.968487	-0.000085	0.999827	0.189511	
85	0.999801	0.000024	-0.974495	-0.000024	0.999801	0.151533	
86	0.999755	0.000026	-1.251307	-0.000026	0.999755	0.164428	
87	0.999882	0.000106	-1.455820	-0.000106	0.999882	0.151484	
88	0.999880	0.000029	-1.496900	-0.000029	0.999880	0.131225	
89	0.999808	0.000142	-1.912797	-0.000142	0.999808	0.252169	
90	0.999790	0.000133	-1.953748	-0.000133	0.999790	0.247731	
91	0.999788	0.000150	-2.050210	-0.000150	0.999788	0.263961	
92	0.999657	0.000132	-2.251867	-0.000132	0.999657	0.318279	
93	0.999694	0.000153	-2.296541	-0.000153	0.999694	0.298741	
94	0.999707	0.000181	-2.459977	-0.000181	0.999707	0.331490	
95	0.999872	0.000184	-2.775125	-0.000184	0.999872	0.265183	
96	0.999905	0.000145	-2.812146	-0.000145	0.999905	0.216710	
97	0.999946	0.000131	-2.902470	-0.000131	0.999946	0.195297	
98	1.000045	0.000236	-3.291605	-0.000236	1.000045	0.253148	
99	1.000160	0.000173	-3.509216	-0.000173	1.000160	0.147067	
100	1.000618	0.000200	-3.967496	-0.000200	1.000618	0.043040	
101	1.001510	0.000204	-4.746872	-0.000204	1.001510	-0.293909	
102	1.001459	0.000228	-4.806219	-0.000228	1.001459	-0.276126	
103	1.001486	0.000181	-4.789830	-0.000181	1.001486	-0.314490	
104	1.001671	0.000210	-4.958901	-0.000210	1.001671	-0.350632	
105	1.001999	0.000446	-5.418492	-0.000446	1.001999	-0.346756	
106	1.001681	0.000194	-4.944117	-0.000194	1.001681	-0.371108	
107	1.001833	0.000164	-5.048771	-0.000164	1.001833	-0.436634	
108	1.001954	0.000152	-5.123042	-0.000152	1.001954	-0.478879	
109	1.002049	0.000208	-5.249755	-0.000208	1.002049	-0.494491	
110	1.002115	0.000170	-5.295729	-0.000170	1.002115	-0.498548	
111	1.002064	0.000174	-5.244607	-0.000174	1.002064	-0.472250	
112	1.002140	0.000153	-5.306444	-0.000153	1.002140	-0.601815	
113	1.002187	0.000159	-5.358838	-0.000159	1.002187	-0.612207	
114	1.002159	0.000145	-5.304798	-0.000145	1.002159	-0.592403	
115	1.002269	0.000191	-5.687795	-0.000191	1.002269	-0.601662	
116	1.002465	0.000185	-5.886715	-0.000185	1.002465	-0.675487	
117	1.002865	0.000559	-6.609500	-0.000559	1.002865	-0.601784	
118	1.002377	0.000257	-6.360939	-0.000257	1.002377	-0.596525	
119	1.002884	0.000736	-7.397100	-0.000736	1.002884	-0.502838	
120	1.002953	0.000746	-7.762380	-0.000746	1.002953	-0.540263	
121	1.003108	0.000834	-8.516814	-0.000834	1.003108	-0.559686	
122	1.003142	0.000710	-8.867918	-0.000710	1.003142	-0.633229	
123	1.002720	0.000912	-9.167509	-0.000912	1.002720	-0.314964	
124	1.002737	0.000877	-9.799936	-0.000877	1.002737	-0.367077	
125	1.003162	0.001199	-11.173227	-0.001199	1.003162	-0.276834	
126	1.002146	0.001182	-11.243232	-0.001182	1.002146	0.094727	
127	1.002230	0.001332	-12.471459	-0.001332	1.002230	0.162825	
128	1.002155	0.001593	-13.751457	-0.001593	1.002155	0.343311	
129	1.002037	0.001733	-15.042789	-0.001733	1.002037	0.524428	
130	1.002047	0.002113	-16.772562	-0.002113	1.002047	0.773277	
131	1.003101	0.002210	-18.955654	-0.002210	1.003101	0.388589	
132	1.003416	0.002116	-20.368291	-0.002116	1.003416	0.244068	
133	1.003969	0.002479	-22.369256	-0.002479	1.003969	0.313555	
134	1.003270	0.002194	-22.701362	-0.002194	1.003270	0.320507	
135	1.004599	0.002599	-25.455565	-0.002599	1.004599	0.107976	
136	1.004607	0.003113	-27.588653	-0.003113	1.004607	0.578315	
137	1.004734	0.002991	-29.092601	-0.002991	1.004734	0.509088	
138	1.004785	0.003228	-30.420866	-0.003228	1.004785	0.616888	
139	1.004519	0.003620	-32.243454	-0.003620	1.004519	0.985756	
140	1.001983	0.002981	-30.571927	-0.002981	1.001983	1.503342	
141	1.004213	0.002819	-31.955617	-0.002819	1.004213	0.552726	
142	1.005375	0.003452	-33.497926	-0.003452	1.005375	0.386128	
143	1.004376	0.002889	-31.768608	-0.002889	1.004376	0.418999	
144	1.005581	0.003083	-31.705325	-0.003083	1.005581	0.089145	
145	1.003346	0.002390	-27.786527	-0.002390	1.003346	0.457820	
146	1.004574	0.002721	-27.137094	-0.002721	1.004574	0.106101	
147	1.005604	0.002367	-25.755799	-0.002367	1.005604	-0.584575	
148	1.005351	0.002045	-23.083833	-0.002045	1.005351	-0.762602	
149	1.005260	0.002064	-20.685332	-0.002064	1.005260	-0.832286	
150	1.006008	0.001705	-18.904250	-0.001705	1.006008	-1.358825	
151	1.006174	0.001547	-16.639159	-0.001547	1.006174	-1.575527	
152	1.005183	0.001345	-14.092814	-0.001345	1.005183	-1.425357	
153	1.004776	0.001106	-12.043777	-0.001106	1.004776	-1.473701	
154	1.004814	0.000914	-10.244307	-0.000914	1.004814	-1.590527	
155	1.003046	0.000044	-6.636526	-0.000044	1.003046	-1.340304	
156	1.002115	0.000049	-4.389944	-0.000049	1.002115	-1.047460	
157	1.000616	0.000035	-1.760550	-0.000035	1.000616	-0.526258	
158	1.000166	0.000009	-0.113295	-0.000009	1.000166	-0.347391	
159	1.000186	0.000037	0.975604	-0.000037	1.000186	-0.461929	
160	1.000079	0.000020	2.305264	-0.000020	1.000079	-0.482064	
161	1.000139	-0.000007	3.934008	0.000007	1.000139	-0.532693	
162	1.000368	-0.000053	5.118941	0.000053	1.000368	-0.706598	
163	0.999838	-0.000603	7.183737	0.000603	0.999838	-0.774396	
164	0.999913	-0.000647	8.118801	0.000647	0.999913	-0.808086	
165	0.999847	-0.000853	9.303788	0.000853	0.999847	-0.864489	
166	1.000042	-0.000886	9.738870	0.000886	1.000042	-0.968513	
167	1.000013	-0.000855	9.973585	0.000855	1.000013	-0.965088	
168	0.999934	-0.001031	11.134975	0.001031	0.999934	-1.011429	
169	1.000581	-0.001161	11.028022	0.001161	1.000581	-1.396363	
170	1.000059	-0.001031	11.562349	0.001031	1.000059	-1.049049	
171	1.000198	-0.001128	11.638863	0.001128	1.000198	-1.116120	
172	1.000180	-0.001252	11.649654	0.001252	1.000180	-1.128184	
173	1.000149	-0.001297	11.403738	0.001297	1.000149	-1.141638	
174	1.000335	-0.001183	10.517162	0.001183	1.000335	-1.058835	
175	1.000325	-0.001273	10.213426	0.001273	1.000325	-1.058738	
176	1.000392	-0.001282	9.884014	0.001282	1.000392	-1.075572	
177	1.000281	-0.001222	9.562920	0.001222	1.000281	-1.029074	
178	1.000265	-0.001166	9.471394	0.001166	1.000265	-1.009301	
179	1.000308	-0.001238	9.395480	0.001238	1.000308	-1.082976	
180	1.000102	-0.001120	8.905442	0.001120	1.000102	-0.914669	
181	1.000199	-0.001203	8.605251	0.001203	1.000199	-0.982188	
182	1.000166	-0.001055	8.106604	0.001055	1.000166	-0.846581	
183	0.999955	-0.000959	7.335355	0.000959	0.999955	-0.679814	
184	1.000003	-0.000880	6.594499	0.000880	1.000003	-0.691910	
185	0.999680	-0.000820	6.137513	0.000820	0.999680	-0.477382	
186	1.000634	0.000202	4.302699	-0.000202	1.000634	-0.244973	
187	1.001160	0.000044	3.899368	-0.000044	1.001160	-0.402718	
188	1.000747	-0.000082	4.087340	0.000082	1.000747	-0.395754	
189	1.000412	-0.000022	3.802708	0.000022	1.000412	-0.219487	
190	1.000409	-0.000087	3.702166	0.000087	1.000409	-0.277270	
191	1.000370	-0.000204	3.378848	0.000204	1.000370	-0.334360	
192	1.000387	-0.000190	2.811983	0.000190	1.000387	-0.331108	
193	1.000327	-0.000254	2.571033	0.000254	1.000327	-0.370812	
194	1.000367	-0.000155	2.271562	0.000155	1.000367	-0.245891	
195	1.000268	-0.000096	1.772812	0.000096	1.000268	-0.134245	
196	1.000273	-0.000153	1.655922	0.000153	1.000273	-0.203866	
197	1.000276	-0.000057	1.499360	0.000057	1.000276	-0.137751	
198	1.000214	0.000052	1.043442	-0.000052	1.000214	-0.016106	
199	1.000297	0.000047	0.857840	-0.000047	1.000297	-0.064583	
200	1.000192	-0.000007	0.820034	0.000007	1.000192	-0.055463	
201	1.000120	-0.000187	0.602331	0.000187	1.000120	-0.230831	
202	1.000121	-0.000216	0.581763	0.000216	1.000121	-0.289597	
203	1.000014	-0.000189	0.643661	0.000189	1.000014	-0.169288	
204	1.000150	-0.000161	1.003078	0.000161	1.000150	-0.255087	
205	1.000293	0.000020	1.852907	-0.000020	1.000293	-0.138011	
206	1.000618	0.000082	2.998891	-0.000082	1.000618	-0.166301	
207	1.000755	0.000187	4.687054	-0.000187	1.000755	-0.168607	
208	1.000167	-0.000482	7.327367	0.000482	1.000167	-0.412287	
209	0.999920	-0.000716	9.409425	0.000716	0.999920	-0.449578	
210	1.000021	-0.000977	11.221039	0.000977	1.000021	-0.756059	
211	0.999801	-0.001326	13.202704	0.001326	0.999801	-0.926288	
212	0.999826	-0.001342	14.647279	0.001342	0.999826	-0.985712	
213	0.999823	-0.001488	15.751287	0.001488	0.999823	-1.137073	
214	0.997884	-0.001374	17.707211	0.001374	0.997884	-0.195067	
215	0.997760	-0.001466	17.741549	0.001466	0.997760	-0.323438	
216	0.998249	-0.001295	16.363247	0.001295	0.998249	-0.426501	
217	0.997939	-0.001046	15.138631	0.001046	0.997939	-0.136127	
218	0.997713	-0.000821	13.620506	0.000821	0.997713	0.235639	
219	0.999334	-0.000871	11.157253	0.000871	0.999334	-0.450337	
220	0.999756	-0.000789	9.331755	0.000789	0.999756	-0.582258	
221	0.999620	-0.000608	7.904382	0.000608	0.999620	-0.464953	
222	0.999662	-0.000689	6.859379	0.000689	0.999662	-0.492108	
223	1.000489	-0.000049	4.809367	0.000049	1.000489	-0.448187	
224	1.000189	-0.000109	3.931498	0.000109	1.000189	-0.349030	
225	1.000348	-0.000079	2.661053	0.000079	1.000348	-0.243770	
226	0.999944	-0.000263	1.933551	0.000263	0.999944	-0.244059	
227	0.999824	-0.000116	1.104589	0.000116	0.999824	-0.116214	
228	0.999902	-0.000051	0.816537	0.000051	0.999902	-0.144294	
229	1.000003	-0.000034	0.613002	0.000034	1.000003	-0.070060	
230	0.999973	0.000142	0.312966	-0.000142	0.999973	0.011711	
231	1.000066	0.000182	0.349291	-0.000182	1.000066	-0.066805	
232	1.000063	0.000011	0.349776	-0.000011	1.000063	-0.092349	
233	1.000087	0.000045	0.015806	-0.000045	1.000087	-0.225210	
234	1.000191	0.000123	-0.031988	-0.000123	1.000191	-0.231277	
235	1.000088	0.000011	-0.029484	-0.000011	1.000088	-0.193477	
236	1.000094	0.000160	-0.138394	-0.000160	1.000094	-0.210109	
237	1.000050	0.000086	-0.205204	-0.000086	1.000050	-0.173212	
238	1.000022	0.000101	-0.185676	-0.000101	1.000022	-0.130142	
239	0.999988	0.000195	-0.483910	-0.000195	0.999988	-0.061057	
240	0.999973	-0.000038	-0.428153	0.000038	0.999973	-0.123204	
241	1.000002	0.000054	-0.578912	-0.000054	1.000002	-0.044374	
242	0.999947	-0.000071	-0.813924	0.000071	0.999947	-0.060327	
243	1.000067	0.000128	-0.964644	-0.000128	1.000067	-0.126507	
244	1.000047	-0.000042	-0.932643	0.000042	1.000047	-0.057436	
245	1.000011	-0.000104	-1.043355	0.000104	1.000011	-0.116781	
