0	1.000000	0.000000	0.000000	0.000000	1.000000	0.000000	
1	1.000387	-0.000043	3.002392	0.000043	1.000387	-0.239929	
2	1.000487	-0.000133	3.251766	0.000133	1.000487	-0.367740	
3	1.000419	-0.000127	3.313716	0.000127	1.000419	-0.315566	
4	1.000412	-0.000108	3.348451	0.000108	1.000412	-0.339330	
5	1.000522	-0.000132	3.968788	0.000132	1.000522	-0.379926	
6	1.000594	-0.000133	3.993563	0.000133	1.000594	-0.416013	
7	1.000467	-0.000104	4.095589	0.000104	1.000467	-0.326297	
8	1.000679	-0.000124	4.614658	0.000124	1.000679	-0.444906	
9	1.000527	-0.000030	4.764126	0.000030	1.000527	-0.347772	
10	1.000705	-0.000093	4.732515	0.000093	1.000705	-0.431564	
11	1.000849	-0.000211	5.314612	0.000211	1.000849	-0.690892	
12	1.000998	-0.000109	5.243931	0.000109	1.000998	-0.652339	
13	1.000030	-0.000849	6.403692	0.000849	1.000030	-0.808014	
14	1.000253	-0.001053	7.421295	0.001053	1.000253	-1.069261	
15	1.000226	-0.001076	8.309634	0.001076	1.000226	-1.110629	
16	1.000551	-0.000907	9.075944	0.000907	1.000551	-1.145831	
17	1.000403	-0.001243	10.552000	0.001243	1.000403	-1.570391	
18	1.001068	-0.001165	11.344520	0.001165	1.001068	-1.943096	
19	1.001463	-0.001064	12.265366	0.001064	1.001463	-2.134959	
20	1.002754	-0.001450	12.998625	0.001450	1.002754	-3.065699	
21	1.002884	-0.001373	13.831691	0.001373	1.002884	-3.179112	
22	1.003726	-0.001468	14.652907	0.001468	1.003726	-3.775831	
23	1.003574	-0.001889	16.445467	0.001889	1.003574	-4.208608	
24	1.004686	-0.002035	17.768066	0.002035	1.004686	-4.956633	
25	1.004681	-0.002378	20.863923	0.002378	1.004681	-5.366803	
26	1.003545	-0.002485	24.324621	0.002485	1.003545	-5.229352	
27	1.004159	-0.003075	26.277898	0.003075	1.004159	-6.101301	
28	1.003387	-0.002968	28.731306	0.002968	1.003387	-5.744794	
29	1.004091	-0.003143	28.900430	0.003143	1.004091	-5.960023	
30	1.005026	-0.002937	27.685059	0.002937	1.005026	-5.853252	
31	1.005567	-0.002902	25.952768	0.002902	1.005567	-5.390470	
32	1.005955	-0.002513	23.267279	0.002513	1.005955	-4.637792	
33	1.007229	-0.002425	20.765851	0.002425	1.007229	-4.807173	
34	1.007510	-0.002434	19.087126	0.002434	1.007510	-4.842623	
35	1.008029	-0.002150	17.373274	0.002150	1.008029	-4.574704	
36	1.007848	-0.002109	16.352500	0.002109	1.007848	-4.331787	
37	1.007694	-0.002056	14.487040	0.002056	1.007694	-4.276771	
38	1.008775	-0.001860	11.611301	0.001860	1.008775	-4.477692	
39	1.007824	-0.001606	10.231470	0.001606	1.007824	-3.977241	
40	1.007307	-0.001469	8.567943	0.001469	1.007307	-3.679589	
41	1.006548	-0.001277	7.083175	0.001277	1.006548	-3.301408	
42	1.006282	-0.000982	5.472065	0.000982	1.006282	-3.036479	
43	1.006881	-0.000289	3.137329	0.000289	1.006881	-2.743515	
44	1.007006	-0.000305	1.884042	0.000305	1.007006	-2.820150	
45	1.006371	-0.000231	1.326827	0.000231	1.006371	-2.466803	
46	1.006359	-0.000146	0.373914	0.000146	1.006359	-2.354739	
47	1.006282	-0.000345	-0.194727	0.000345	1.006282	-2.465310	
48	1.006339	-0.000314	-0.837733	0.000314	1.006339	-2.443147	
49	1.005621	-0.000224	-1.307967	0.000224	1.005621	-2.127845	
50	1.005769	-0.000130	-1.958703	0.000130	1.005769	-2.127932	
51	1.005150	-0.000319	-2.115613	0.000319	1.005150	-2.007144	
52	1.004772	-0.000270	-2.573347	0.000270	1.004772	-1.786103	
53	1.004715	-0.000264	-2.523683	0.000264	1.004715	-1.728569	
54	1.004790	-0.000269	-3.106218	0.000269	1.004790	-1.796089	
55	1.003601	-0.000049	-3.376104	0.000049	1.003601	-1.015696	
56	1.001382	-0.000081	-2.538435	0.000081	1.001382	-0.327255	
57	1.000331	-0.000024	-2.521460	0.000024	1.000331	0.007643	
58	0.999931	-0.000111	-3.261029	0.000111	0.999931	0.114985	
59	0.999907	-0.000053	-4.129923	0.000053	0.999907	0.124105	
60	0.999824	0.000043	-4.410247	-0.000043	0.999824	0.141809	
61	0.999792	-0.000091	-4.934860	0.000091	0.999792	0.046168	
62	0.999790	-0.000045	-4.979715	0.000045	0.999790	0.098418	
63	0.999932	-0.000006	-5.045056	0.000006	0.999932	0.058931	
64	0.999970	-0.000024	-4.882451	0.000024	0.999970	0.011834	
65	0.999796	0.000010	-4.704785	-0.000010	0.999796	0.117008	
66	0.999900	0.000047	-4.721104	-0.000047	0.999900	0.059597	
67	0.999835	0.000046	-4.608266	-0.000046	0.999835	0.041533	
68	0.999990	0.000223	-4.633949	-0.000223	0.999990	0.124652	
69	0.999793	0.000238	-4.355194	-0.000238	0.999793	0.188805	
70	0.999998	0.000335	-3.912124	-0.000335	0.999998	0.175480	
71	1.000009	0.000249	-3.516414	-0.000249	1.000009	0.142647	
72	0.999797	0.000219	-2.857665	-0.000219	0.999797	0.282730	
73	0.997666	0.000196	-1.325836	-0.000196	0.997666	1.061370	
74	0.997990	0.000066	-1.522210	-0.000066	0.997990	0.765936	
75	0.998374	0.000077	-1.760099	-0.000077	0.998374	0.711876	
76	0.997669	0.000001	-1.400226	-0.000001	0.997669	0.959408	
77	0.997333	0.000018	-1.260012	-0.000018	0.997333	1.020805	
78	0.997560	0.000057	-1.373650	-0.000057	0.997560	0.976715	
79	0.997539	0.000088	-1.111034	-0.000088	0.997539	0.991876	
80	0.997748	0.000112	-0.987368	-0.000112	0.997748	0.899114	
81	0.997596	0.000128	-0.701312	-0.000128	0.997596	0.939014	
82	0.997411	0.000175	-0.348632	-0.000175	0.997411	1.029716	
83	0.997559	0.000089	-0.386369	-0.000089	0.997559	0.955861	
84	0.996943	0.000169	0.001176	-0.000169	0.996943	1.201556	
85	0.997360	0.000186	-0.401729	-0.000186	0.997360	1.089927	
86	0.996595	0.000300	-0.060909	-0.000300	0.996595	1.294426	
87	0.997063	0.000063	-0.340645	-0.000063	0.997063	1.146922	
88	0.996863	0.000147	-0.584041	-0.000147	0.996863	1.279829	
89	0.996835	0.000183	-0.610391	-0.000183	0.996835	1.298385	
90	0.997379	0.000159	-1.223359	-0.000159	0.997379	1.119148	
91	0.997244	0.000215	-1.470496	-0.000215	0.997244	1.165314	
92	0.997627	0.000169	-2.070526	-0.000169	0.997627	1.028600	
93	0.997456	0.000198	-2.305793	-0.000198	0.997456	1.057229	
94	0.997374	0.000232	-2.490096	-0.000232	0.997374	1.098135	
95	0.998098	0.000154	-3.190433	-0.000154	0.998098	0.694504	
96	0.998114	0.000221	-3.607314	-0.000221	0.998114	0.793002	
97	0.998096	0.000179	-3.817985	-0.000179	0.998096	0.755380	
98	0.998153	0.000016	-3.932372	-0.000016	0.998153	0.618737	
99	0.998675	0.000510	-5.092171	-0.000510	0.998675	0.807826	
100	0.999038	0.000598	-5.969763	-0.000598	0.999038	0.814227	
101	0.998458	0.000652	-6.245701	-0.000652	0.998458	1.088145	
102	0.998280	0.000822	-7.216859	-0.000822	0.998280	1.209253	
103	0.998754	0.000872	-8.150162	-0.000872	0.998754	1.122967	
104	0.998347	0.000923	-8.565450	-0.000923	0.998347	1.316468	
105	0.998458	0.000944	-9.871414	-0.000944	0.998458	1.304461	
106	0.998631	0.001064	-10.429654	-0.001064	0.998631	1.379710	
107	0.998430	0.001004	-10.747238	-0.001004	0.998430	1.385644	
108	0.998446	0.001064	-11.404210	-0.001064	0.998446	1.392228	
109	0.998462	0.001123	-11.726802	-0.001123	0.998462	1.416363	
110	0.998669	0.001170	-11.797404	-0.001170	0.998669	1.424164	
111	0.998542	0.001128	-11.862365	-0.001128	0.998542	1.474858	
112	0.998254	0.001061	-11.968615	-0.001061	0.998254	1.466907	
113	0.998243	0.001175	-11.721015	-0.001175	0.998243	1.614343	
114	0.998362	0.001182	-11.733135	-0.001182	0.998362	1.546904	
115	0.998020	0.000966	-11.759990	-0.000966	0.998020	1.497070	
116	0.998225	0.000915	-11.668596	-0.000915	0.998225	1.383343	
117	0.998070	0.000735	-11.014441	-0.000735	0.998070	1.262845	
118	0.997696	0.001019	-10.578647	-0.001019	0.997696	1.617340	
119	0.997446	0.001367	-10.163094	-0.001367	0.997446	1.873639	
120	0.997409	0.001002	-9.489867	-0.001002	0.997409	1.682824	
121	0.997147	0.001374	-9.115482	-0.001374	0.997147	1.927235	
122	0.997410	0.001339	-9.174456	-0.001339	0.997410	1.773743	
123	0.997450	0.001204	-8.679134	-0.001204	0.997450	1.610151	
124	0.996917	0.001384	-7.827438	-0.001384	0.996917	1.866014	
125	0.997247	0.001093	-8.029340	-0.001093	0.997247	1.628171	
126	0.995830	0.000029	-5.726636	-0.000029	0.995830	1.391967	
127	0.997392	0.000861	-7.473314	-0.000861	0.997392	1.495756	
128	0.998127	0.000685	-7.681547	-0.000685	0.998127	1.178021	
129	0.999425	0.000474	-8.376752	-0.000474	0.999425	0.513978	
130	0.999413	0.000338	-8.118143	-0.000338	0.999413	0.362757	
131	0.997528	-0.000272	-6.048563	0.000272	0.997528	0.475814	
132	0.998931	0.000842	-7.532941	-0.000842	0.998931	0.571595	
133	0.999104	0.000887	-7.474438	-0.000887	0.999104	0.511103	
134	0.999026	0.000948	-7.181121	-0.000948	0.999026	0.483376	
135	0.998095	0.000511	-6.015622	-0.000511	0.998095	0.467583	
136	0.999242	0.000952	-7.069662	-0.000952	0.999242	0.329097	
137	0.999380	0.000890	-6.969179	-0.000890	0.999380	0.363127	
138	0.998148	0.000102	-5.485956	-0.000102	0.998148	0.272099	
139	0.998293	-0.000084	-5.269886	0.000084	0.998293	0.104204	
140	0.998503	-0.000054	-4.679338	0.000054	0.998503	0.107401	
141	0.998792	-0.000020	-3.994188	0.000020	0.998792	0.105510	
142	0.999097	0.000007	-3.432177	-0.000007	0.999097	0.155218	
143	0.999164	-0.000023	-2.804853	0.000023	0.999164	0.001050	
144	0.999219	0.000289	-2.381704	-0.000289	0.999219	0.235288	
145	0.999407	0.000296	-2.222357	-0.000296	0.999407	0.085338	
146	0.999514	0.000335	-2.254867	-0.000335	0.999514	0.110176	
147	0.999548	0.000368	-2.344045	-0.000368	0.999548	0.141741	
148	0.999655	0.000395	-2.316875	-0.000395	0.999655	0.003843	
149	0.999668	0.000110	-2.055743	-0.000110	0.999668	-0.071626	
150	0.999620	0.000125	-1.877170	-0.000125	0.999620	-0.097775	
151	0.999661	0.000125	-2.705113	-0.000125	0.999661	-0.076272	
152	0.999590	0.000227	-3.942963	-0.000227	0.999590	-0.032538	
153	1.000042	0.000242	-5.484568	-0.000242	1.000042	-0.041484	
154	1.000086	0.000519	-6.822200	-0.000519	1.000086	0.183517	
155	1.000243	0.000635	-7.697341	-0.000635	1.000243	0.198795	
156	1.000568	0.000590	-7.876295	-0.000590	1.000568	0.097014	
157	1.000599	0.000713	-7.813961	-0.000713	1.000599	0.160144	
158	1.000094	0.000645	-7.144853	-0.000645	1.000094	0.354666	
159	1.000319	0.000713	-6.560706	-0.000713	1.000319	0.328891	
160	0.999503	-0.000116	-4.660754	0.000116	0.999503	0.145077	
161	0.999650	0.000172	-4.130423	-0.000172	0.999650	0.250961	
162	0.999937	0.000080	-3.377609	-0.000080	0.999937	0.086776	
163	1.000114	-0.000011	-2.477176	0.000011	1.000114	-0.095436	
164	1.000049	-0.000006	-1.336487	0.000006	1.000049	-0.112068	
165	1.000083	0.000184	-0.264434	-0.000184	1.000083	-0.113709	
166	1.000331	0.000110	0.636051	-0.000110	1.000331	-0.154048	
167	1.000324	0.000202	1.125589	-0.000202	1.000324	-0.184277	
168	1.000209	0.000174	1.737441	-0.000174	1.000209	-0.178999	
169	1.000383	0.000227	2.017492	-0.000227	1.000383	-0.270001	
170	1.000588	0.000308	2.157180	-0.000308	1.000588	-0.215647	
171	1.000472	0.000252	2.265150	-0.000252	1.000472	-0.173484	
172	1.000617	0.000294	2.194611	-0.000294	1.000617	-0.251305	
173	1.000713	0.000141	2.350371	-0.000141	1.000713	-0.335240	
174	1.000616	0.000293	2.431145	-0.000293	1.000616	-0.181562	
175	1.000676	0.000082	2.480613	-0.000082	1.000676	-0.355698	
176	1.000571	0.000113	2.565402	-0.000113	1.000571	-0.385165	
177	1.000592	-0.000100	2.546741	0.000100	1.000592	-0.520458	
178	1.000565	-0.000188	2.617855	0.000188	1.000565	-0.560346	
179	1.000674	-0.000168	2.495013	0.000168	1.000674	-0.636672	
180	1.000750	-0.000190	2.462479	0.000190	1.000750	-0.618428	
181	1.000589	-0.000042	2.576223	0.000042	1.000589	-0.520672	
182	1.000671	-0.000107	2.525486	0.000107	1.000671	-0.547601	
183	1.000806	-0.000074	2.411070	0.000074	1.000806	-0.608934	
184	1.000750	-0.000019	2.466313	0.000019	1.000750	-0.496363	
185	1.000821	-0.000072	2.393530	0.000072	1.000821	-0.537284	
186	1.000909	0.000044	2.336668	-0.000044	1.000909	-0.401218	
187	1.000621	0.000007	2.473441	-0.000007	1.000621	-0.352019	
188	1.000663	-0.000047	2.488941	0.000047	1.000663	-0.301647	
189	1.000494	0.000029	2.647216	-0.000029	1.000494	-0.225782	
190	1.000661	-0.000081	2.488436	0.000081	1.000661	-0.312061	
191	1.000748	-0.000232	2.526902	0.000232	1.000748	-0.523950	
192	1.000522	-0.000228	2.725295	0.000228	1.000522	-0.438652	
193	1.000602	-0.000148	2.801962	0.000148	1.000602	-0.478461	
194	1.000532	-0.000085	2.856128	0.000085	1.000532	-0.353011	
195	1.000558	-0.000084	2.918970	0.000084	1.000558	-0.429208	
196	1.000807	-0.000044	3.277179	0.000044	1.000807	-0.456167	
197	1.001028	0.000037	3.309789	-0.000037	1.001028	-0.429253	
198	1.000607	-0.000024	3.946173	0.000024	1.000607	-0.434455	
199	1.000195	-0.000354	5.112281	0.000354	1.000195	-0.465398	
200	1.000192	-0.000545	5.652436	0.000545	1.000192	-0.539081	
201	1.000493	-0.000354	5.883977	0.000354	1.000493	-0.561806	
202	1.000416	-0.000624	6.872253	0.000624	1.000416	-0.655804	
203	1.000663	-0.000756	7.580077	0.000756	1.000663	-0.824892	
204	1.000308	-0.000823	9.040079	0.000823	1.000308	-0.807996	
205	1.000128	-0.001145	10.702540	0.001145	1.000128	-1.046422	
206	1.000516	-0.001099	11.013927	0.001099	1.000516	-1.169343	
207	1.000404	-0.001144	11.731141	0.001144	1.000404	-1.148325	
208	1.000340	-0.001237	12.752967	0.001237	1.000340	-1.197162	
209	1.000099	-0.001194	13.151349	0.001194	1.000099	-1.001469	
210	1.000174	-0.000974	13.237898	0.000974	1.000174	-0.810667	
211	1.000780	-0.001010	13.611216	0.001010	1.000780	-1.123110	
212	1.000242	-0.000829	14.036796	0.000829	1.000242	-0.833080	
213	1.000773	-0.000635	13.992311	0.000635	1.000773	-0.764911	
214	1.000731	-0.000938	14.718712	0.000938	1.000731	-0.926114	
215	1.000265	-0.001293	15.483394	0.001293	1.000265	-1.095626	
216	1.000151	-0.001354	15.634770	0.001354	1.000151	-1.096220	
217	0.999530	-0.001558	16.311758	0.001558	0.999530	-1.026811	
218	0.998483	-0.001729	16.613529	0.001729	0.998483	-0.720862	
219	0.999859	-0.001546	14.909462	0.001546	0.999859	-0.979652	
220	0.999676	-0.001225	12.843256	0.001225	0.999676	-0.620294	
221	0.999771	-0.000915	10.869259	0.000915	0.999771	-0.355547	
222	0.999792	-0.000615	9.469983	0.000615	0.999792	-0.174913	
223	0.999808	-0.000461	8.576280	0.000461	0.999808	-0.227948	
224	0.999511	-0.000460	8.478000	0.000460	0.999511	-0.199711	
225	0.999656	-0.000422	8.446517	0.000422	0.999656	-0.274852	
226	0.999423	-0.000287	8.112009	0.000287	0.999423	-0.156835	
227	1.000589	0.000212	6.667273	-0.000212	1.000589	-0.260873	
228	0.998691	-0.000441	8.248465	0.000441	0.998691	-0.089957	
229	1.000818	0.000010	6.247989	-0.000010	1.000818	-0.507319	
230	0.998831	-0.000694	8.045754	0.000694	0.998831	-0.339532	
231	0.999092	-0.000803	7.946640	0.000803	0.999092	-0.525906	
232	0.999298	-0.000725	7.737487	0.000725	0.999298	-0.488840	
233	0.999239	-0.000618	7.749689	0.000618	0.999239	-0.346640	
234	0.999100	-0.000792	7.845255	0.000792	0.999100	-0.242757	
235	0.999496	-0.000707	7.252320	0.000707	0.999496	-0.234433	
236	0.999392	-0.000645	6.914958	0.000645	0.999392	-0.166706	
237	1.000519	-0.000189	5.405490	0.000189	1.000519	-0.143911	
238	1.000032	-0.000267	4.791570	0.000267	1.000032	-0.019707	
239	0.999923	-0.000401	4.202516	0.000401	0.999923	-0.061664	
240	1.000028	-0.000187	3.117500	0.000187	1.000028	-0.056102	
241	1.000005	0.000028	2.608838	-0.000028	1.000005	-0.027019	
242	1.000081	0.000064	2.721002	-0.000064	1.000081	-0.094236	
243	1.000170	0.000111	3.119165	-0.000111	1.000170	-0.133902	
244	1.000163	0.000182	3.491443	-0.000182	1.000163	-0.181348	
245	1.000196	0.000090	3.546453	-0.000090	1.000196	-0.204232	
246	1.000324	0.000079	3.637252	-0.000079	1.000324	-0.215277	
247	1.000289	0.000039	3.591333	-0.000039	1.000289	-0.217504	
248	1.000332	0.000079	3.030677	-0.000079	1.000332	-0.197981	
249	1.000290	0.000057	2.485636	-0.000057	1.000290	-0.069572	
250	1.000295	0.000023	1.677872	-0.000023	1.000295	-0.007083	
251	1.000282	-0.000048	1.104519	0.000048	1.000282	-0.077476	
252	1.000243	-0.000049	0.736283	0.000049	1.000243	-0.053334	
253	1.000207	-0.000204	0.676806	0.000204	1.000207	-0.097217	
254	1.000081	-0.000038	0.675813	0.000038	1.000081	-0.048144	
255	1.000110	0.000005	0.821678	-0.000005	1.000110	-0.081742	
256	1.000123	-0.000021	0.821143	0.000021	1.000123	-0.112614	
257	1.000092	0.000041	0.876462	-0.000041	1.000092	-0.061813	
258	1.000140	0.000055	0.964636	-0.000055	1.000140	-0.083327	
259	1.000077	-0.000047	1.062246	0.000047	1.000077	-0.106320	
260	1.000135	-0.000039	0.890714	0.000039	1.000135	-0.141878	
261	1.000087	-0.000165	0.293102	0.000165	1.000087	-0.180289	
262	1.000126	-0.000164	-0.101152	0.000164	1.000126	-0.087421	
263	1.000200	-0.000070	-0.241775	0.000070	1.000200	-0.020528	
264	1.000168	-0.000021	-0.425554	0.000021	1.000168	0.102175	
265	1.000137	-0.000060	-0.496258	0.000060	1.000137	0.211730	
266	1.000008	-0.000020	-0.387804	0.000020	1.000008	0.119268	
267	1.000106	0.000038	-0.480612	-0.000038	1.000106	0.041849	
268	1.000038	0.000076	-0.447205	-0.000076	1.000038	0.089531	
269	1.000069	0.000040	-0.353093	-0.000040	1.000069	0.010123	
270	1.000026	0.000066	-0.181572	-0.000066	1.000026	0.056189	
271	1.000032	0.000090	-0.280776	-0.000090	1.000032	0.070245	
272	1.000122	0.000034	-0.310438	-0.000034	1.000122	-0.007355	
273	1.000007	0.000078	-0.324834	-0.000078	1.000007	0.057975	
274	1.000034	0.000118	-0.532295	-0.000118	1.000034	0.074720	
275	1.000041	0.000086	-0.492417	-0.000086	1.000041	0.053629	
276	1.000035	0.000066	-0.673107	-0.000066	1.000035	0.062938	
277	1.000061	0.000072	-0.786400	-0.000072	1.000061	0.130454	
278	1.000097	0.000041	-0.825514	-0.000041	1.000097	0.052795	
279	0.999965	0.000043	-0.818499	-0.000043	0.999965	0.069018	
280	1.000066	0.000154	-0.865129	-0.000154	1.000066	0.112231	
281	1.000063	0.000094	-0.863556	-0.000094	1.000063	0.052159	
282	1.000047	0.000125	-0.804135	-0.000125	1.000047	0.104163	
283	1.000042	0.000123	-0.841903	-0.000123	1.000042	0.184750	
284	1.000042	0.000111	-0.828701	-0.000111	1.000042	0.143647	
285	1.000044	0.000040	-0.901058	-0.000040	1.000044	0.143169	
286	1.000053	0.000118	-0.919205	-0.000118	1.000053	0.230684	
287	1.000014	0.000025	-0.914232	-0.000025	1.000014	0.070959	
288	0.999984	0.000100	-1.111867	-0.000100	0.999984	0.195126	
289	1.000041	0.000090	-1.405402	-0.000090	1.000041	0.202582	
290	1.000006	0.000076	-1.662130	-0.000076	1.000006	0.167557	
291	1.000090	0.000105	-2.000662	-0.000105	1.000090	0.166148	
292	0.999961	0.000180	-2.248199	-0.000180	0.999961	0.241163	
293	1.000019	0.000245	-2.707462	-0.000245	1.000019	0.295585	
294	1.000021	0.000081	-2.775869	-0.000081	1.000021	0.242193	
295	0.999938	0.000239	-2.915314	-0.000239	0.999938	0.363280	
296	0.999894	0.000206	-3.556389	-0.000206	0.999894	0.384624	
297	0.999950	0.000159	-3.930871	-0.000159	0.999950	0.399414	
298	0.999939	0.000227	-4.456713	-0.000227	0.999939	0.442143	
299	0.999892	0.000240	-5.308137	-0.000240	0.999892	0.568887	
300	1.000428	0.000652	-6.914870	-0.000652	1.000428	0.660575	
301	1.000514	0.000725	-7.736947	-0.000725	1.000514	0.704486	
302	1.000462	0.000791	-8.315241	-0.000791	1.000462	0.727592	
303	1.000268	0.000821	-8.295900	-0.000821	1.000268	0.743093	
304	1.000351	0.000860	-8.297087	-0.000860	1.000351	0.713244	
305	1.000271	0.000668	-7.998157	-0.000668	1.000271	0.341430	
306	1.000243	0.000737	-7.959137	-0.000737	1.000243	0.301516	
307	1.000096	0.000775	-7.906626	-0.000775	1.000096	0.374235	
308	1.000151	0.000840	-8.634973	-0.000840	1.000151	0.399759	
309	1.000340	0.000922	-9.745961	-0.000922	1.000340	0.459774	
310	1.000445	0.001091	-10.666176	-0.001091	1.000445	0.561662	
311	1.000306	0.001196	-11.470300	-0.001196	1.000306	0.670959	
312	1.000129	0.001338	-11.802866	-0.001338	1.000129	0.867167	
313	0.999927	0.001286	-11.598882	-0.001286	0.999927	0.929825	
314	1.000206	0.001216	-11.642144	-0.001216	1.000206	0.809061	
315	0.999830	0.001144	-11.590453	-0.001144	0.999830	0.863649	
316	0.999849	0.001063	-11.541170	-0.001063	0.999849	0.645372	
317	1.000209	0.001025	-12.136141	-0.001025	1.000209	0.444562	
318	1.000005	0.000963	-12.136419	-0.000963	1.000005	0.488345	
319	0.999880	0.000905	-11.933142	-0.000905	0.999880	0.501225	
320	0.999903	0.001094	-12.347154	-0.001094	0.999903	0.580871	
321	0.999276	0.001340	-12.152481	-0.001340	0.999276	0.915672	
322	0.999602	0.001224	-12.654846	-0.001224	0.999602	0.766069	
323	0.999884	0.001378	-13.593307	-0.001378	0.999884	0.716814	
324	0.998961	0.001382	-13.138984	-0.001382	0.998961	0.981890	
325	0.999512	0.001148	-13.359515	-0.001148	0.999512	0.449455	
326	0.999429	0.001204	-13.208377	-0.001204	0.999429	0.520773	
327	0.999067	0.000994	-12.489718	-0.000994	0.999067	0.556822	
328	0.998955	0.000868	-12.070414	-0.000868	0.998955	0.511958	
329	0.998554	0.000571	-11.216256	-0.000571	0.998554	0.546792	
330	0.999099	0.000752	-11.364945	-0.000752	0.999099	0.579973	
331	0.998911	0.000986	-10.984931	-0.000986	0.998911	0.793099	
332	0.999270	0.000968	-10.648898	-0.000968	0.999270	0.646370	
333	0.999784	0.001023	-10.415348	-0.001023	0.999784	0.474967	
334	1.000306	0.001160	-10.180992	-0.001160	1.000306	0.393042	
335	1.000123	0.001017	-9.181095	-0.001017	1.000123	0.361812	
336	1.000620	0.001182	-9.374043	-0.001182	1.000620	0.323562	
337	1.000338	0.001279	-8.515187	-0.001279	1.000338	0.443837	
338	1.000434	0.001121	-6.278241	-0.001121	1.000434	0.277469	
339	0.999944	0.000061	-2.233877	-0.000061	0.999944	-0.157975	
340	1.000062	0.000025	0.420160	-0.000025	1.000062	-0.359515	
341	1.000138	-0.000248	1.823448	0.000248	1.000138	-0.626504	
342	1.000093	-0.000366	2.075774	0.000366	1.000093	-0.667835	
343	1.000088	-0.000410	1.357951	0.000410	1.000088	-0.696439	
344	1.000060	-0.000336	0.761323	0.000336	1.000060	-0.467847	
345	1.000135	-0.000334	0.304869	0.000334	1.000135	-0.549953	
346	1.000104	-0.000196	-0.094475	0.000196	1.000104	-0.346731	
347	1.000035	-0.000147	-0.116206	0.000147	1.000035	-0.304167	
348	1.000108	-0.000054	-0.122740	0.000054	1.000108	-0.284241	
349	0.999999	-0.000046	-0.042752	0.000046	0.999999	-0.134436	
350	1.000043	-0.000013	-0.045532	0.000013	1.000043	-0.258746	
351	0.999982	-0.000106	-0.008824	0.000106	0.999982	-0.182082	
