0	1.000000	0.000000	0.000000	0.000000	1.000000	0.000000	
1	0.996998	-0.000949	3.686900	0.000949	0.996998	3.813915	
2	0.996888	-0.001018	4.084184	0.001018	0.996888	4.093901	
3	0.997007	-0.000892	3.725819	0.000892	0.997007	4.121022	
4	0.997001	-0.000637	3.190881	0.000637	0.997001	4.112171	
5	0.997160	-0.000852	3.362493	0.000852	0.997160	3.831923	
6	0.997083	-0.001032	3.810974	0.001032	0.997083	3.870113	
7	0.996039	-0.001046	3.924243	0.001046	0.996039	3.970989	
8	0.997126	-0.001006	4.001820	0.001006	0.997126	4.018723	
9	0.997247	-0.001000	3.879768	0.001000	0.997247	3.787592	
10	0.997467	-0.000917	3.668678	0.000917	0.997467	3.473864	
11	0.997740	-0.001135	3.518947	0.001135	0.997740	2.907636	
12	0.998224	-0.001270	3.243368	0.001270	0.998224	2.134708	
13	0.998281	-0.001151	2.814805	0.001151	0.998281	1.817942	
14	0.998404	-0.000718	2.366332	0.000718	0.998404	1.983923	
15	0.998306	-0.000432	2.246512	0.000432	0.998306	1.843546	
16	0.998634	-0.000709	2.080085	0.000709	0.998634	1.580439	
17	0.998681	-0.000623	1.795703	0.000623	0.998681	1.428098	
18	0.999217	-0.000644	1.495347	0.000644	0.999217	0.874491	
19	0.999262	-0.000472	1.003759	0.000472	0.999262	0.823201	
20	0.999501	-0.000033	0.427279	0.000033	0.999501	0.816840	
21	0.999491	0.000446	-0.276081	-0.000446	0.999491	1.069480	
22	0.999648	0.000265	-0.282122	-0.000265	0.999648	0.839870	
23	1.000669	0.000022	-0.588178	-0.000022	1.000669	0.210131	
24	1.001901	-0.000127	-1.277650	0.000127	1.001901	-0.481299	
25	1.002470	0.000138	-1.818528	-0.000138	1.002470	-0.690808	
26	1.002400	0.000328	-1.893489	-0.000328	1.002400	-0.602402	
27	1.002247	0.000398	-1.771413	-0.000398	1.002247	-0.445977	
28	1.002216	0.000298	-1.611653	-0.000298	1.002216	-0.447133	
29	1.002451	0.000232	-1.743673	-0.000232	1.002451	-0.688928	
30	1.002189	0.000201	-1.597455	-0.000201	1.002189	-0.678395	
31	1.002124	0.000210	-1.672561	-0.000210	1.002124	-0.682310	
32	1.001792	0.000284	-1.518557	-0.000284	1.001792	-0.545684	
33	1.001795	0.000207	-1.496894	-0.000207	1.001795	-0.707938	
34	1.001937	0.000214	-1.587413	-0.000214	1.001937	-0.711951	
35	1.001482	0.000445	-1.495075	-0.000445	1.001482	-0.270594	
36	1.000968	0.000445	-1.306450	-0.000445	1.000968	-0.251998	
37	1.001105	0.000356	-1.367912	-0.000356	1.001105	-0.458831	
38	1.001194	0.000263	-1.422781	-0.000263	1.001194	-0.492498	
39	1.000692	0.000363	-1.172159	-0.000363	1.000692	0.002213	
40	1.000198	0.000504	-0.901769	-0.000504	1.000198	0.308793	
41	1.000198	0.000654	-0.935357	-0.000654	1.000198	0.309855	
42	1.000243	0.000692	-0.991462	-0.000692	1.000243	0.156079	
43	1.000310	0.000662	-1.030749	-0.000662	1.000310	0.105750	
44	1.000316	0.000492	-0.886372	-0.000492	1.000316	-0.119614	
45	1.000230	0.000711	-0.855044	-0.000711	1.000230	0.284152	
46	1.000175	0.000795	-0.913774	-0.000795	1.000175	0.251074	
47	1.000059	0.000768	-0.943602	-0.000768	1.000059	0.437223	
48	1.000289	0.000774	-1.136524	-0.000774	1.000289	-0.005543	
49	1.000269	0.000611	-1.130056	-0.000611	1.000269	-0.144211	
50	1.000408	0.000565	-1.137867	-0.000565	1.000408	-0.323222	
51	1.000504	0.000731	-1.412627	-0.000731	1.000504	-0.328876	
52	1.000735	0.001177	-2.300046	-0.001177	1.000735	-0.302973	
53	1.000932	0.001360	-2.888015	-0.001360	1.000932	-0.268176	
54	1.001078	0.001443	-3.094373	-0.001443	1.001078	-0.469818	
55	1.001254	0.001664	-3.593534	-0.001664	1.001254	-0.562362	
56	1.001161	0.001831	-3.764958	-0.001831	1.001161	-0.464066	
57	1.001118	0.001866	-3.837001	-0.001866	1.001118	-0.301262	
58	1.001079	0.001910	-3.862380	-0.001910	1.001079	-0.254163	
59	1.001172	0.001919	-3.980452	-0.001919	1.001172	-0.298390	
60	1.001126	0.002128	-3.802690	-0.002128	1.001126	-0.186857	
61	1.001455	0.002207	-3.717918	-0.002207	1.001455	-0.386338	
62	1.001314	0.001875	-3.555627	-0.001875	1.001314	-0.426845	
63	1.001438	0.001881	-3.626778	-0.001881	1.001438	-0.416630	
64	1.001280	0.001821	-3.460670	-0.001821	1.001280	-0.362497	
65	1.001243	0.001952	-3.304922	-0.001952	1.001243	-0.266035	
66	1.001100	0.001810	-3.223868	-0.001810	1.001100	-0.275696	
67	1.000977	0.001931	-3.108415	-0.001931	1.000977	-0.037509	
68	1.000730	0.001794	-3.031940	-0.001794	1.000730	0.023000	
69	1.000707	0.001829	-3.102459	-0.001829	1.000707	0.129386	
70	1.000505	0.002034	-3.116458	-0.002034	1.000505	0.738303	
71	1.000368	0.002230	-3.218858	-0.002230	1.000368	0.963586	
72	1.000679	0.002335	-3.693241	-0.002335	1.000679	0.442848	
73	1.000793	0.002782	-4.293158	-0.002782	1.000793	0.614044	
74	1.000715	0.003204	-5.182034	-0.003204	1.000715	1.064094	
75	1.000981	0.004306	-6.604392	-0.004306	1.000981	1.642070	
76	1.003317	0.006351	-9.100697	-0.006351	1.003317	1.814638	
77	1.001945	0.002536	-10.469478	-0.002536	1.001945	0.432793	
78	1.001091	0.001277	-11.462620	-0.001277	1.001091	-0.239648	
79	1.000972	0.001631	-12.598747	-0.001631	1.000972	-0.053750	
80	1.000387	0.002849	-12.866248	-0.002849	1.000387	0.697625	
81	1.000495	0.002056	-14.166345	-0.002056	1.000495	0.248009	
82	1.001366	0.002201	-15.762591	-0.002201	1.001366	-0.022571	
83	1.000565	0.002387	-15.989278	-0.002387	1.000565	0.131125	
84	0.999518	0.002366	-16.166143	-0.002366	0.999518	0.257758	
85	0.999080	0.003037	-16.439076	-0.003037	0.999080	0.627655	
86	0.999001	0.002838	-16.650911	-0.002838	0.999001	0.519463	
87	0.998571	0.002703	-16.509793	-0.002703	0.998571	0.404686	
88	0.998945	0.002105	-17.217967	-0.002105	0.998945	-0.097853	
89	0.999574	0.001871	-18.003228	-0.001871	0.999574	-0.250471	
90	0.998829	0.002350	-17.197465	-0.002350	0.998829	0.174407	
91	0.999611	0.001876	-18.072987	-0.001876	0.999611	-0.648582	
92	0.999363	0.002323	-17.625096	-0.002323	0.999363	-0.375034	
93	0.999206	0.001965	-17.463916	-0.001965	0.999206	-0.572435	
94	1.004754	-0.000862	-2.027277	0.000862	1.004754	-3.455917	
95	0.998520	0.002185	-16.576828	-0.002185	0.998520	0.307949	
96	0.998320	0.001870	-16.584800	-0.001870	0.998320	0.023850	
97	1.006434	0.003151	-6.726601	-0.003151	1.006434	-1.691651	
98	1.003990	0.000530	-3.176333	-0.000530	1.003990	-2.330023	
99	1.001320	-0.000198	-0.666702	0.000198	1.001320	-0.979726	
100	1.002362	-0.000514	-1.170818	0.000514	1.002362	-1.730866	
101	1.008024	0.000413	-5.459809	-0.000413	1.008024	-4.609368	
102	1.003382	-0.000370	-1.364648	0.000370	1.003382	-2.245343	
103	1.003448	-0.000086	-2.095179	0.000086	1.003448	-2.518138	
104	1.002808	0.001962	-3.079948	-0.001962	1.002808	-0.812718	
105	1.004015	0.001541	-3.867000	-0.001541	1.004015	-1.358492	
106	1.007443	0.000847	-5.607983	-0.000847	1.007443	-3.541518	
107	1.001458	0.000184	-1.458370	-0.000184	1.001458	-0.668563	
108	1.004204	0.001461	-3.209465	-0.001461	1.004204	-1.122046	
109	1.001640	0.003094	-3.000929	-0.003094	1.001640	1.144757	
110	1.001258	0.001759	-2.015161	-0.001759	1.001258	0.021346	
111	1.004492	0.002612	-4.862748	-0.002612	1.004492	-0.910762	
112	1.000670	0.002765	-2.537828	-0.002765	1.000670	1.480126	
113	1.002075	-0.000119	-1.286080	0.000119	1.002075	-1.449163	
114	1.002461	0.000925	-2.355966	-0.000925	1.002461	-0.829406	
115	1.005329	0.003826	-6.079847	-0.003826	1.005329	-0.698023	
116	1.004845	0.002008	-4.384682	-0.002008	1.004845	-1.242172	
117	1.001249	0.001055	-1.424060	-0.001055	1.001249	0.049850	
118	1.000917	0.001177	-1.224098	-0.001177	1.000917	0.337443	
119	1.002679	0.000608	-2.184082	-0.000608	1.002679	-0.995282	
120	1.005123	-0.000841	-2.185009	0.000841	1.005123	-4.095125	
121	1.006906	0.001128	-4.462324	-0.001128	1.006906	-3.968516	
122	1.005636	0.001324	-4.036677	-0.001324	1.005636	-2.804212	
123	1.003585	0.002098	-3.664483	-0.002098	1.003585	-0.922174	
124	1.003595	0.003327	-4.559811	-0.003327	1.003595	-0.026069	
125	1.002086	0.000340	-1.782173	-0.000340	1.002086	-1.247724	
126	1.001835	0.002734	-3.933337	-0.002734	1.001835	0.881413	
127	0.999633	0.001622	-0.829422	-0.001622	0.999633	1.203596	
128	1.001779	0.005228	-4.749597	-0.005228	1.001779	1.834423	
129	1.002455	0.005678	-5.658402	-0.005678	1.002455	1.623649	
130	0.996918	0.005950	-2.483944	-0.005950	0.996918	4.914321	
131	1.001661	0.004015	-4.566551	-0.004015	1.001661	1.210794	
132	0.997396	0.004759	-2.322710	-0.004759	0.997396	4.195376	
133	0.999639	0.001067	-0.992840	-0.001067	0.999639	0.931583	
134	1.000798	0.001235	-1.848939	-0.001235	1.000798	0.565979	
135	1.000989	0.002756	-2.938201	-0.002756	1.000989	1.468981	
136	0.999681	0.003609	-2.137856	-0.003609	0.999681	2.445067	
137	1.000338	0.004968	-3.215570	-0.004968	1.000338	2.424758	
138	1.000517	0.002636	-1.765767	-0.002636	1.000517	0.713719	
139	1.001376	0.001921	-1.939333	-0.001921	1.001376	-0.140034	
140	1.000191	0.000798	-0.939995	-0.000798	1.000191	-0.327107	
141	0.999807	-0.000603	0.431649	0.000603	0.999807	-0.973369	
142	1.000531	0.000564	-0.608611	-0.000564	1.000531	-0.458098	
143	1.000246	0.000268	-0.006275	-0.000268	1.000246	-0.320204	
144	1.000734	0.003185	-2.573711	-0.003185	1.000734	1.628815	
145	0.996879	0.007707	-5.070011	-0.007707	0.996879	6.225645	
146	1.001440	0.007344	-6.496840	-0.007344	1.001440	3.052769	
147	0.996513	0.007926	-4.943090	-0.007926	0.996513	5.584569	
148	0.999364	0.003324	-2.576078	-0.003324	0.999364	1.571650	
149	0.998685	0.001820	-1.117249	-0.001820	0.998685	1.366949	
150	0.998920	0.001497	-1.231813	-0.001497	0.998920	1.138063	
151	0.996441	0.006569	-3.139442	-0.006569	0.996441	5.833456	
152	0.997279	0.005663	-4.130387	-0.005663	0.997279	3.950025	
153	0.999901	0.007608	-6.619628	-0.007608	0.999901	4.240199	
154	1.001326	0.002464	-22.703252	-0.002464	1.001326	2.235843	
155	0.997043	0.008622	-5.388145	-0.008622	0.997043	6.171711	
156	0.996385	0.007697	-3.976519	-0.007697	0.996385	5.939119	
157	0.995985	0.005716	-1.953589	-0.005716	0.995985	5.698643	
158	0.999811	0.003045	-2.981574	-0.003045	0.999811	1.508632	
159	0.999613	0.003895	-3.128841	-0.003895	0.999613	1.854717	
160	0.998497	0.003892	-2.678188	-0.003892	0.998497	2.397487	
161	0.998729	0.005937	-3.865725	-0.005937	0.998729	3.851569	
162	0.999090	0.004028	-2.541413	-0.004028	0.999090	2.239358	
163	0.989983	0.007515	-2.719815	-0.007515	0.989983	7.966423	
164	1.005406	0.007494	-14.173464	-0.007494	1.005406	3.399214	
165	1.008169	0.009625	-13.866317	-0.009625	1.008169	2.649159	
166	1.005096	0.009202	-10.756833	-0.009202	1.005096	3.059008	
167	0.995717	0.008380	-5.494789	-0.008380	0.995717	6.882941	
168	0.995644	0.009490	-4.243366	-0.009490	0.995644	8.623194	
169	0.999646	0.010266	-7.295950	-0.010266	0.999646	6.451179	
170	0.999603	0.007884	-6.392067	-0.007884	0.999603	5.557308	
171	0.996890	0.006253	-3.860664	-0.006253	0.996890	5.702453	
172	1.000461	0.003479	-6.173051	-0.003479	1.000461	2.970990	
173	1.000130	0.005906	-5.446849	-0.005906	1.000130	3.740226	
174	0.998606	0.004481	-4.700384	-0.004481	0.998606	3.870175	
175	0.998360	0.004483	-4.917801	-0.004483	0.998360	4.328300	
176	0.999709	0.005298	-5.639644	-0.005298	0.999709	4.227052	
177	0.998459	0.003391	-4.029651	-0.003391	0.998459	4.095148	
178	0.997934	0.002731	-3.076166	-0.002731	0.997934	4.672911	
179	0.997741	0.002196	-2.109017	-0.002196	0.997741	4.690674	
180	0.998102	0.001672	-1.472529	-0.001672	0.998102	3.968369	
181	0.997853	0.001885	-0.848526	-0.001885	0.997853	4.107923	
182	0.998445	0.001620	-0.810959	-0.001620	0.998445	3.644079	
183	0.998710	0.001264	-0.368695	-0.001264	0.998710	3.155482	
184	0.998679	0.001245	-0.063239	-0.001245	0.998679	2.883064	
185	0.998429	0.000658	0.712596	-0.000658	0.998429	2.446078	
186	0.999155	0.000361	0.894501	-0.000361	0.999155	1.766187	
187	0.999299	0.000265	0.820205	-0.000265	0.999299	1.509405	
188	0.998432	-0.000005	1.290143	0.000005	0.998432	2.008502	
189	0.998609	-0.000371	1.486437	0.000371	0.998609	2.074657	
190	0.998674	-0.000442	1.627032	0.000442	0.998674	1.899543	
191	0.997979	-0.000090	1.657056	0.000090	0.997979	2.201167	
192	0.998896	-0.000223	1.289006	0.000223	0.998896	1.436513	
193	0.999514	-0.000319	0.988919	0.000319	0.999514	0.767496	
194	0.999749	-0.000065	0.498733	0.000065	0.999749	0.521880	
195	0.999287	-0.000056	0.876682	0.000056	0.999287	0.395718	
196	0.999501	-0.000209	1.077079	0.000209	0.999501	-0.067533	
197	1.000126	-0.000188	0.425674	0.000188	1.000126	-0.277809	
198	0.999480	-0.000339	1.164611	0.000339	0.999480	-0.106612	
199	0.999754	-0.000453	1.142083	0.000453	0.999754	-0.354040	
200	0.999807	-0.000577	1.339398	0.000577	0.999807	-0.442908	
201	0.999416	-0.000975	2.083021	0.000975	0.999416	-0.511715	
202	1.000053	-0.001422	2.153823	0.001422	1.000053	-1.180317	
203	0.999576	-0.001498	2.905538	0.001498	0.999576	-1.166102	
204	0.999505	-0.001520	3.123114	0.001520	0.999505	-0.909266	
205	0.999477	-0.001723	3.291363	0.001723	0.999477	-0.976070	
206	0.999450	-0.002162	3.391778	0.002162	0.999450	-1.257284	
207	0.999434	-0.002098	3.715922	0.002098	0.999434	-1.179050	
208	1.000010	-0.002199	3.299380	0.002199	1.000010	-1.408556	
209	0.999999	-0.001903	2.969149	0.001903	0.999999	-1.531396	
210	0.999691	-0.001736	2.740263	0.001736	0.999691	-1.152975	
211	0.999509	-0.001337	2.094939	0.001337	0.999509	-0.303254	
212	0.999348	-0.000639	1.389458	0.000639	0.999348	0.356711	
213	0.999479	-0.000424	1.152444	0.000424	0.999479	0.356531	
214	0.999499	-0.000206	0.862839	0.000206	0.999499	0.321740	
215	0.999795	-0.000227	0.455370	0.000227	0.999795	-0.122248	
216	0.999703	-0.000340	0.414465	0.000340	0.999703	0.156323	
217	0.999515	-0.000120	0.174023	0.000120	0.999515	0.636144	
218	0.999453	-0.000093	0.023495	0.000093	0.999453	0.694540	
219	0.999537	-0.000253	0.122789	0.000253	0.999537	0.540404	
220	0.999751	-0.000254	0.260798	0.000254	0.999751	0.296694	
221	0.999661	-0.000035	-0.052791	0.000035	0.999661	0.722144	
222	0.999560	-0.000196	0.105156	0.000196	0.999560	0.853150	
223	0.999684	-0.000275	0.092744	0.000275	0.999684	0.637736	
224	0.999541	-0.000143	0.104997	0.000143	0.999541	0.834677	
225	0.999567	0.000130	-0.025680	-0.000130	0.999567	1.137439	
226	0.999532	0.000254	-0.436988	-0.000254	0.999532	1.337299	
227	0.999406	0.000343	-0.506604	-0.000343	0.999406	1.461424	
228	0.999658	-0.000075	-0.006313	0.000075	0.999658	0.840577	
229	0.999867	-0.000323	0.483313	0.000323	0.999867	0.156305	
230	1.000042	-0.000153	0.245558	0.000153	1.000042	-0.131771	
231	1.000050	0.000041	0.024638	-0.000041	1.000050	0.079368	
232	0.999860	-0.000125	0.123759	0.000125	0.999860	0.442971	
233	0.999869	-0.000113	-0.027913	0.000113	0.999869	0.397288	
234	0.999728	-0.000130	0.120091	0.000130	0.999728	0.514237	
235	0.999753	-0.000130	0.185557	0.000130	0.999753	0.622234	
236	0.999600	-0.000020	0.141574	0.000020	0.999600	0.635267	
237	0.999452	-0.000096	0.477571	0.000096	0.999452	0.771474	
238	0.999418	0.000107	0.467890	-0.000107	0.999418	0.880860	
239	1.000391	0.000318	-0.372289	-0.000318	1.000391	0.383063	
240	1.001023	-0.000017	-0.464921	0.000017	1.001023	-0.189792	
241	1.001163	-0.000150	-0.447198	0.000150	1.001163	-0.437734	
242	1.000799	-0.000017	-0.346909	0.000017	1.000799	-0.180703	
243	1.000605	-0.000039	-0.206707	0.000039	1.000605	-0.102976	
244	1.000552	-0.000036	-0.097362	0.000036	1.000552	-0.118551	
245	1.001104	-0.000135	-0.380047	0.000135	1.001104	-0.601678	
246	1.000965	-0.000129	-0.442893	0.000129	1.000965	-0.716219	
247	1.000588	-0.000083	-0.307584	0.000083	1.000588	-0.443494	
248	1.000248	-0.000090	-0.094814	0.000090	1.000248	-0.170839	
249	1.000309	0.000069	-0.177469	-0.000069	1.000309	-0.285860	
250	1.000303	-0.000007	-0.028523	0.000007	1.000303	-0.371403	
251	1.000356	-0.000253	0.132691	0.000253	1.000356	-0.454254	
252	1.000299	-0.000081	-0.003265	0.000081	1.000299	-0.422234	
253	1.000150	-0.000130	0.136547	0.000130	1.000150	-0.295257	
254	0.999776	-0.000042	0.457716	0.000042	0.999776	0.143465	
255	0.999718	-0.000000	0.332244	0.000000	0.999718	0.382828	
256	0.999864	-0.000083	0.280642	0.000083	0.999864	0.203903	
257	1.000006	-0.000154	0.420935	0.000154	1.000006	-0.003571	
258	1.000049	-0.000127	0.371983	0.000127	1.000049	-0.092249	
259	1.000480	-0.000521	0.466921	0.000521	1.000480	-0.632869	
260	1.000650	-0.001105	1.166943	0.001105	1.000650	-1.193944	
261	1.000792	-0.001021	0.976809	0.001021	1.000792	-1.277593	
262	1.000434	-0.001153	1.210480	0.001153	1.000434	-1.043333	
263	1.000333	-0.000894	1.175961	0.000894	1.000333	-0.702785	
264	1.000345	-0.000554	0.773992	0.000554	1.000345	-0.517481	
265	1.000478	-0.000655	0.617603	0.000655	1.000478	-0.586931	
266	1.000608	-0.000803	0.707453	0.000803	1.000608	-0.760950	
267	1.000879	-0.001130	1.137538	0.001130	1.000879	-1.178275	
268	1.000777	-0.001505	1.740169	0.001505	1.000777	-1.421685	
269	1.001032	-0.002276	2.720942	0.002276	1.001032	-2.194564	
270	1.000974	-0.002822	3.821405	0.002822	1.000974	-2.474255	
271	1.002137	-0.004578	4.816826	0.004578	1.002137	-4.082643	
272	1.002682	-0.005211	5.375142	0.005211	1.002682	-4.844459	
273	1.002710	-0.005282	6.224231	0.005282	1.002710	-4.637889	
274	0.999245	-0.004229	10.045423	0.004229	0.999245	-2.445742	
275	1.000823	-0.001531	10.290426	0.001531	1.000823	-1.470263	
276	1.000854	-0.002157	10.735780	0.002157	1.000854	-1.935868	
277	1.000726	-0.002110	10.935098	0.002110	1.000726	-1.441383	
278	1.000817	-0.001990	10.539181	0.001990	1.000817	-1.339967	
279	1.000573	-0.002046	9.894642	0.002046	1.000573	-1.593854	
280	1.000259	-0.001874	9.310507	0.001874	1.000259	-1.560649	
281	0.994135	-0.001797	12.577858	0.001797	0.994135	1.255764	
282	0.992732	-0.001845	13.067709	0.001845	0.992732	1.561185	
283	0.992470	-0.001654	12.603910	0.001654	0.992470	1.725228	
284	0.992559	-0.001928	11.804962	0.001928	0.992559	1.609365	
285	0.995615	-0.001742	8.939780	0.001742	0.995615	0.650824	
286	0.995994	-0.001760	7.365464	0.001760	0.995994	0.419468	
287	0.994766	-0.001831	6.837861	0.001831	0.994766	1.102761	
288	0.992162	-0.001475	8.060982	0.001475	0.992162	2.555628	
289	0.994592	-0.001159	5.715357	0.001159	0.994592	1.448518	
290	0.996680	-0.000826	3.442179	0.000826	0.996680	0.571071	
291	0.998956	-0.000538	1.373540	0.000538	0.998956	-0.253308	
292	1.000179	-0.000273	0.112443	0.000273	1.000179	-0.753960	
293	1.000495	-0.000183	-0.274821	0.000183	1.000495	-0.911843	
294	1.000609	-0.000017	-0.473271	0.000017	1.000609	-0.937949	
295	1.000584	0.000115	-0.699587	-0.000115	1.000584	-0.777532	
296	1.000672	0.000194	-1.032254	-0.000194	1.000672	-0.712208	
297	1.000495	0.000153	-0.953872	-0.000153	1.000495	-0.511333	
298	1.000397	0.000239	-0.820225	-0.000239	1.000397	-0.264203	
299	1.000449	0.000388	-1.049678	-0.000388	1.000449	-0.281752	
300	1.000379	0.000263	-0.770453	-0.000263	1.000379	-0.266496	
301	1.000136	-0.000028	0.041054	0.000028	1.000136	0.008233	
302	0.999995	-0.000004	-0.220388	0.000004	0.999995	0.129692	
303	0.999959	0.000072	-0.713456	-0.000072	0.999959	0.226602	
304	0.999996	-0.000102	-0.397523	0.000102	0.999996	0.322552	
305	1.000007	0.000044	-0.287738	-0.000044	1.000007	0.119900	
306	1.000256	0.000100	-0.703616	-0.000100	1.000256	-0.291726	
307	0.999987	-0.000347	-0.139382	0.000347	0.999987	-0.243507	
308	0.999900	-0.000060	-0.107432	0.000060	0.999900	0.171385	
309	0.999847	0.000078	-0.556886	-0.000078	0.999847	0.376322	
310	1.000214	-0.000037	-0.595416	0.000037	1.000214	-0.204953	
311	1.000380	-0.000243	-0.218806	0.000243	1.000380	-0.768177	
312	1.000394	0.000124	-0.688790	-0.000124	1.000394	-0.404776	
313	1.000192	0.000117	-0.894921	-0.000117	1.000192	0.020385	
314	1.000129	-0.000148	-0.638935	0.000148	1.000129	-0.009401	
315	1.000259	-0.000057	-0.780470	0.000057	1.000259	-0.229399	
316	1.000458	0.000294	-1.233537	-0.000294	1.000458	-0.422028	
317	1.000646	0.000334	-1.425378	-0.000334	1.000646	-0.446211	
318	1.000556	0.000072	-1.145317	-0.000072	1.000556	-0.534542	
319	1.000684	0.000102	-1.215079	-0.000102	1.000684	-0.725031	
320	1.000730	-0.000131	-1.079569	0.000131	1.000730	-0.994652	
321	1.000776	-0.000326	-0.745301	0.000326	1.000776	-1.169758	
322	1.000843	-0.000273	-0.441532	0.000273	1.000843	-1.325191	
323	1.000890	-0.000351	-0.429918	0.000351	1.000890	-1.380030	
324	1.000897	-0.000429	-0.270713	0.000429	1.000897	-1.349525	
325	1.000911	-0.000255	-0.366180	0.000255	1.000911	-1.222327	
326	1.000920	0.000063	-0.814905	-0.000063	1.000920	-0.893570	
327	1.000756	-0.000021	-0.676725	0.000021	1.000756	-0.951489	
328	1.000721	-0.000317	-0.269981	0.000317	1.000721	-1.173372	
329	1.000598	-0.000361	-0.182795	0.000361	1.000598	-0.910442	
330	1.000487	-0.000178	-0.238888	0.000178	1.000487	-0.474238	
331	1.000431	-0.000163	-0.259485	0.000163	1.000431	-0.387672	
332	1.000426	-0.000243	-0.165347	0.000243	1.000426	-0.531677	
333	1.000397	-0.000253	-0.135326	0.000253	1.000397	-0.561122	
334	1.000357	-0.000220	-0.094275	0.000220	1.000357	-0.423842	
335	1.000271	-0.000058	-0.242688	0.000058	1.000271	-0.149565	
336	1.000272	-0.000053	-0.222804	0.000053	1.000272	-0.158742	
337	1.000401	-0.000097	-0.226405	0.000097	1.000401	-0.265226	
338	1.000395	-0.000363	0.059598	0.000363	1.000395	-0.563073	
339	1.000312	-0.000227	0.139604	0.000227	1.000312	-0.390541	
340	1.000314	-0.000276	0.154017	0.000276	1.000314	-0.360960	
341	1.000303	-0.000256	0.161011	0.000256	1.000303	-0.339015	
342	1.000177	-0.000428	0.439193	0.000428	1.000177	-0.428864	
343	1.000103	-0.000394	0.479969	0.000394	1.000103	-0.368504	
344	1.000074	-0.000430	0.618818	0.000430	1.000074	-0.359662	
345	0.999959	-0.000473	0.761140	0.000473	0.999959	-0.342602	
346	0.999964	-0.000328	0.545035	0.000328	0.999964	-0.254178	
347	0.999967	-0.000240	0.362133	0.000240	0.999967	-0.187053	
348	0.999893	-0.000328	0.380859	0.000328	0.999893	-0.258872	
349	0.999842	-0.000250	0.377809	0.000250	0.999842	-0.230555	
350	0.999837	-0.000088	0.217644	0.000088	0.999837	-0.117441	
351	0.999968	0.000031	0.078128	-0.000031	0.999968	-0.037813	
352	0.999961	0.000160	-0.016313	-0.000160	0.999961	0.104574	
353	0.999750	0.000164	0.080357	-0.000164	0.999750	0.188243	
354	0.999699	0.000154	0.228988	-0.000154	0.999699	0.155660	
355	0.999653	0.000111	0.319545	-0.000111	0.999653	0.148181	
356	0.999699	0.000101	0.421625	-0.000101	0.999699	0.151526	
357	0.999692	-0.000032	0.260931	0.000032	0.999692	0.213459	
358	0.999819	0.000115	-0.124668	-0.000115	0.999819	0.234202	
359	0.999840	0.000274	-0.176604	-0.000274	0.999840	0.355349	
360	0.999939	0.000462	-0.579041	-0.000462	0.999939	0.487663	
361	0.999840	0.000255	-0.474653	-0.000255	0.999840	0.434562	
362	0.999957	0.000142	-0.139557	-0.000142	0.999957	0.361252	
363	0.999864	0.000291	-0.204507	-0.000291	0.999864	0.551562	
364	0.999978	0.000602	-0.749498	-0.000602	0.999978	0.744232	
365	0.999919	0.000632	-1.225053	-0.000632	0.999919	0.742505	
366	0.999859	0.000956	-1.946492	-0.000956	0.999859	1.118605	
367	0.999538	0.001370	-2.121872	-0.001370	0.999538	1.443324	
368	1.000027	0.001814	-3.439370	-0.001814	1.000027	1.337598	
369	0.999837	0.002135	-3.832211	-0.002135	0.999837	1.682942	
370	0.999075	0.002517	-3.564716	-0.002517	0.999075	2.208610	
371	0.999366	0.002490	-4.222192	-0.002490	0.999366	2.315886	
372	0.998878	0.003291	-4.173242	-0.003291	0.998878	2.973216	
373	0.999237	0.002628	-4.500876	-0.002628	0.999237	2.421816	
374	0.999331	0.002908	-4.770908	-0.002908	0.999331	2.585242	
375	0.999236	0.002892	-4.816816	-0.002892	0.999236	2.574731	
376	0.999543	0.002979	-5.034377	-0.002979	0.999543	2.353245	
377	0.999224	0.002688	-4.509579	-0.002688	0.999224	2.388268	
378	0.999116	0.002613	-4.041840	-0.002613	0.999116	2.343952	
379	0.998047	0.002493	-2.673173	-0.002493	0.998047	2.715163	
380	0.998601	0.002271	-2.914624	-0.002271	0.998601	2.635664	
381	0.998655	0.002087	-2.520015	-0.002087	0.998655	2.523192	
382	0.998741	0.001783	-2.260931	-0.001783	0.998741	2.264125	
383	0.998169	0.001788	-1.396606	-0.001788	0.998169	2.396955	
384	0.998420	0.001266	-1.011898	-0.001266	0.998420	1.593644	
385	0.998776	0.000887	-0.641392	-0.000887	0.998776	0.997856	
386	0.998933	0.000415	-0.140540	-0.000415	0.998933	0.547555	
387	0.998845	0.000258	0.307315	-0.000258	0.998845	0.430871	
388	0.999078	0.000197	0.120293	-0.000197	0.999078	0.397325	
389	0.999165	-0.000066	0.229344	0.000066	0.999165	0.085947	
390	0.999257	-0.000125	0.038720	0.000125	0.999257	-0.066657	
391	0.999275	0.000234	-0.157215	-0.000234	0.999275	0.285709	
392	0.999207	0.000177	-0.123156	-0.000177	0.999207	0.284898	
393	0.999319	0.000163	-0.116282	-0.000163	0.999319	0.245375	
394	0.999551	0.000280	-0.259945	-0.000280	0.999551	0.292868	
395	0.999311	-0.000033	0.262870	0.000033	0.999311	0.140574	
396	0.999268	-0.000121	0.388495	0.000121	0.999268	0.125638	
397	0.999338	-0.000079	0.312003	0.000079	0.999338	0.214649	
398	0.999223	-0.000055	0.441899	0.000055	0.999223	0.303976	
399	0.999264	0.000090	0.299281	-0.000090	0.999264	0.575193	
400	0.999430	0.000014	0.031135	-0.000014	0.999430	0.498226	
401	0.999473	0.000181	-0.070360	-0.000181	0.999473	0.622907	
402	0.999477	0.000566	-0.271716	-0.000566	0.999477	0.972608	
403	0.999588	0.000919	-0.755157	-0.000919	0.999588	1.227288	
404	0.999610	0.001101	-1.063646	-0.001101	0.999610	1.284554	
405	0.999738	0.001103	-1.052759	-0.001103	0.999738	1.140102	
406	0.999608	0.000988	-1.258513	-0.000988	0.999608	1.043913	
407	0.999335	0.000845	-1.128053	-0.000845	0.999335	1.224727	
408	0.999058	0.000524	-0.832537	-0.000524	0.999058	1.097389	
409	0.999693	0.000665	-1.158389	-0.000665	0.999693	1.096291	
410	0.999524	0.000855	-1.197110	-0.000855	0.999524	1.375238	
411	0.999633	0.000966	-1.573549	-0.000966	0.999633	1.476405	
412	0.999428	0.001251	-1.975749	-0.001251	0.999428	1.887609	
413	0.998762	0.001405	-1.667304	-0.001405	0.998762	2.352011	
414	0.998810	0.001556	-1.752907	-0.001556	0.998810	2.761370	
415	0.998702	0.001759	-1.786382	-0.001759	0.998702	3.084193	
416	0.998508	0.001572	-1.569817	-0.001572	0.998508	3.175026	
417	0.998760	0.001516	-1.867115	-0.001516	0.998760	3.256301	
418	0.998760	0.001443	-1.984573	-0.001443	0.998760	3.097529	
419	0.998753	0.001671	-1.742496	-0.001671	0.998753	2.954882	
420	0.998422	0.001713	-1.365454	-0.001713	0.998422	2.998557	
421	0.998603	0.001341	-1.272360	-0.001341	0.998603	2.612938	
422	0.998937	0.001232	-1.628154	-0.001232	0.998937	2.335394	
423	0.999066	0.001355	-1.526079	-0.001355	0.999066	2.551440	
424	0.999014	0.001407	-1.289971	-0.001407	0.999014	2.392432	
425	0.999197	0.001287	-1.399480	-0.001287	0.999197	2.091158	
426	0.999356	0.001308	-1.252316	-0.001308	0.999356	1.813427	
427	0.999548	0.001148	-1.291810	-0.001148	0.999548	1.582951	
428	1.000082	0.001094	-1.564491	-0.001094	1.000082	1.378831	
429	1.002817	0.001230	-3.296979	-0.001230	1.002817	0.000457	
430	1.002790	0.001105	-3.329793	-0.001105	1.002790	-0.157343	
431	1.003244	0.000842	-3.518881	-0.000842	1.003244	-0.508087	
432	1.002080	0.000709	-2.471017	-0.000709	1.002080	-0.139378	
433	1.001221	0.000651	-1.728657	-0.000651	1.001221	0.129487	
434	1.001885	0.000681	-2.097737	-0.000681	1.001885	-0.172426	
435	1.001640	0.000605	-1.810520	-0.000605	1.001640	-0.242506	
436	1.001990	0.000611	-2.159306	-0.000611	1.001990	-0.380345	
437	1.002161	0.000497	-2.210516	-0.000497	1.002161	-0.402743	
438	1.003593	0.000575	-3.145417	-0.000575	1.003593	-1.128859	
439	1.004681	0.000500	-3.797604	-0.000500	1.004681	-1.695566	
440	1.002927	0.000352	-2.317422	-0.000352	1.002927	-1.106811	
441	1.003223	0.000312	-2.497433	-0.000312	1.003223	-1.255209	
442	1.002562	0.000248	-1.984305	-0.000248	1.002562	-0.974802	
443	1.002621	0.000261	-1.954389	-0.000261	1.002621	-1.107300	
444	1.003097	0.000023	-2.043114	-0.000023	1.003097	-1.621754	
445	1.002800	-0.000262	-1.478984	0.000262	1.002800	-1.555668	
446	1.002159	-0.000125	-1.088716	0.000125	1.002159	-1.080888	
447	1.002063	0.000019	-1.148257	-0.000019	1.002063	-1.102810	
448	1.002078	-0.000016	-1.296142	0.000016	1.002078	-1.348002	
449	1.002269	-0.000070	-1.345745	0.000070	1.002269	-1.537252	
450	1.002259	-0.000069	-1.354763	0.000069	1.002259	-1.389564	
451	1.002085	-0.000021	-1.286299	0.000021	1.002085	-1.264365	
452	1.002050	0.000166	-1.408235	-0.000166	1.002050	-1.097118	
453	1.001985	0.000181	-1.351173	-0.000181	1.001985	-0.856607	
454	1.001910	0.000221	-1.256037	-0.000221	1.001910	-0.686525	
455	1.001971	0.000152	-1.301034	-0.000152	1.001971	-0.813078	
456	1.001846	-0.000126	-1.110423	0.000126	1.001846	-1.000979	
457	1.002009	-0.000047	-1.241967	0.000047	1.002009	-0.993415	
458	1.001829	0.000145	-1.195123	-0.000145	1.001829	-0.795132	
459	1.001682	0.000164	-1.050487	-0.000164	1.001682	-0.741308	
460	1.001946	0.000150	-1.198386	-0.000150	1.001946	-0.923076	
461	1.001460	-0.000017	-0.684411	0.000017	1.001460	-0.801419	
462	1.001535	-0.000378	-0.163786	0.000378	1.001535	-1.219828	
463	1.001076	-0.000911	0.869400	0.000911	1.001076	-1.767109	
464	1.001544	-0.000987	0.574011	0.000987	1.001544	-2.644706	
465	1.002254	-0.000690	-0.064993	0.000690	1.002254	-3.535280	
466	1.002442	-0.000862	0.228915	0.000862	1.002442	-4.056969	
467	1.002227	-0.001136	0.711773	0.001136	1.002227	-3.865164	
468	1.001897	-0.000963	0.785271	0.000963	1.001897	-3.248509	
469	1.001492	-0.001299	1.034726	0.001299	1.001492	-2.673233	
470	1.001302	-0.001347	1.272666	0.001347	1.001302	-2.348186	
471	1.001197	-0.001146	1.268698	0.001146	1.001197	-2.046421	
472	1.000822	-0.001096	1.256088	0.001096	1.000822	-1.435709	
473	1.000539	-0.000858	0.993858	0.000858	1.000539	-1.001559	
474	1.000256	-0.000802	0.831358	0.000802	1.000256	-0.645185	
475	1.000341	-0.000702	0.574971	0.000702	1.000341	-0.579992	
476	1.000207	-0.000511	0.268638	0.000511	1.000207	-0.386512	
477	1.000116	-0.000194	0.011353	0.000194	1.000116	0.015649	
478	1.000035	-0.000089	-0.088234	0.000089	1.000035	0.259412	
479	0.999948	0.000091	-0.209378	-0.000091	0.999948	0.475344	
480	0.999839	0.000146	-0.353168	-0.000146	0.999839	0.670606	
481	0.999595	0.000241	-0.240478	-0.000241	0.999595	0.925719	
482	0.999568	0.000359	-0.237172	-0.000359	0.999568	1.216235	
483	0.999705	0.000239	-0.266894	-0.000239	0.999705	1.035291	
484	0.999798	0.000227	-0.348178	-0.000227	0.999798	0.740744	
485	0.999695	0.000131	-0.100258	-0.000131	0.999695	0.592855	
486	0.999867	0.000040	-0.001323	-0.000040	0.999867	0.243634	
487	0.999936	-0.000128	-0.133479	0.000128	0.999936	-0.049800	
488	0.999830	-0.000256	0.129030	0.000256	0.999830	-0.111491	
489	0.999738	-0.000348	0.237671	0.000348	0.999738	0.171349	
490	0.999493	0.000217	0.001787	-0.000217	0.999493	1.036413	
491	0.999271	0.000058	0.171884	-0.000058	0.999271	1.056905	
492	0.999364	-0.000433	0.529279	0.000433	0.999364	0.602091	
493	0.999265	-0.000337	0.657077	0.000337	0.999265	0.795242	
494	0.999174	0.000098	0.535787	-0.000098	0.999174	1.213290	
495	0.999294	0.000130	0.459332	-0.000130	0.999294	0.863796	
496	0.999390	0.000183	0.341073	-0.000183	0.999390	0.752596	
497	0.999385	0.000082	0.525748	-0.000082	0.999385	0.734237	
498	0.999486	0.000491	0.217394	-0.000491	0.999486	0.888786	
499	0.999385	0.000256	-0.050994	-0.000256	0.999385	0.812051	
500	0.999237	0.000451	0.113267	-0.000451	0.999237	1.029433	
501	0.999315	0.000731	-0.488453	-0.000731	0.999315	1.162759	
502	0.998888	0.001117	-0.878462	-0.001117	0.998888	1.650111	
503	0.998814	0.001147	-1.008400	-0.001147	0.998814	1.655598	
504	0.999095	0.001559	-1.217030	-0.001559	0.999095	1.744199	
505	0.999107	0.001631	-1.733656	-0.001631	0.999107	1.907970	
506	0.999187	0.001513	-1.639717	-0.001513	0.999187	1.746453	
507	0.999188	0.001678	-1.782371	-0.001678	0.999188	1.719567	
508	0.999079	0.001773	-1.620109	-0.001773	0.999079	1.871374	
509	0.999007	0.001758	-1.648699	-0.001758	0.999007	1.813543	
510	0.999143	0.001686	-1.673021	-0.001686	0.999143	1.645185	
511	0.998883	0.001458	-1.509746	-0.001458	0.998883	1.593842	
512	0.998951	0.001360	-1.310580	-0.001360	0.998951	1.415794	
513	0.998779	0.001280	-1.311243	-0.001280	0.998779	1.366560	
514	0.999286	0.001514	-1.885172	-0.001514	0.999286	1.285619	
515	0.998802	0.001620	-1.452961	-0.001620	0.998802	1.443230	
516	0.999190	0.001527	-1.824652	-0.001527	0.999190	1.206089	
517	0.999084	0.001523	-1.822059	-0.001523	0.999084	1.263991	
518	0.999051	0.001480	-1.729920	-0.001480	0.999051	1.272853	
519	0.999401	0.001486	-2.020405	-0.001486	0.999401	1.038897	
520	0.999322	0.001514	-2.109773	-0.001514	0.999322	1.122149	
521	0.999392	0.001569	-2.229455	-0.001569	0.999392	1.159699	
522	0.999384	0.001536	-2.187606	-0.001536	0.999384	1.139005	
523	0.999279	0.001526	-2.063604	-0.001526	0.999279	1.184342	
524	0.999193	0.001354	-1.740543	-0.001354	0.999193	1.062078	
525	0.999192	0.001218	-1.605168	-0.001218	0.999192	0.919367	
526	0.999185	0.001061	-1.392686	-0.001061	0.999185	0.833519	
527	0.999165	0.000893	-1.049431	-0.000893	0.999165	0.779086	
528	0.999019	0.000867	-0.641066	-0.000867	0.999019	0.810967	
529	0.999171	0.000845	-0.636887	-0.000845	0.999171	0.658805	
530	0.999145	0.000847	-0.535625	-0.000847	0.999145	0.684579	
531	0.999080	0.000791	-0.407332	-0.000791	0.999080	0.802070	
532	0.999005	0.000867	-0.422103	-0.000867	0.999005	0.868487	
533	0.999223	0.000769	-0.616467	-0.000769	0.999223	0.627855	
534	0.999033	0.000609	-0.138646	-0.000609	0.999033	0.599896	
535	0.999182	0.000473	-0.070705	-0.000473	0.999182	0.510688	
536	0.999275	0.000581	-0.129979	-0.000581	0.999275	0.590814	
537	0.999304	0.000377	-0.084825	-0.000377	0.999304	0.396824	
538	0.999084	0.000128	0.366712	-0.000128	0.999084	0.270184	
539	0.999266	0.000227	0.138146	-0.000227	0.999266	0.381059	
540	0.999188	0.000306	0.205068	-0.000306	0.999188	0.509909	
541	0.999130	0.000251	0.273332	-0.000251	0.999130	0.388404	
542	0.999121	0.000258	0.282172	-0.000258	0.999121	0.343972	
543	0.999091	0.000162	0.369723	-0.000162	0.999091	0.336234	
544	0.999189	0.000198	0.315299	-0.000198	0.999189	0.325070	
545	0.999151	0.000344	0.284006	-0.000344	0.999151	0.431788	
546	0.999185	0.000206	0.401371	-0.000206	0.999185	0.291292	
547	0.999063	0.000161	0.613724	-0.000161	0.999063	0.241967	
548	0.999191	-0.000036	0.539358	0.000036	0.999191	0.149355	
549	0.999239	-0.000195	0.639469	0.000195	0.999239	0.124989	
550	0.999187	0.000067	0.586307	-0.000067	0.999187	0.396487	
551	0.999308	0.000130	0.520693	-0.000130	0.999308	0.268429	
552	0.999286	-0.000166	0.608473	0.000166	0.999286	0.035309	
553	0.999099	-0.000241	0.806956	0.000241	0.999099	0.305678	
554	0.998835	0.000025	0.816068	-0.000025	0.998835	0.663881	
555	0.999076	-0.000038	0.703864	0.000038	0.999076	0.302737	
556	0.999133	-0.000127	0.830457	0.000127	0.999133	0.109880	
557	0.999234	0.000142	0.587425	-0.000142	0.999234	0.289919	
558	0.999280	0.000177	0.486460	-0.000177	0.999280	0.357046	
559	0.999230	-0.000015	0.626148	0.000015	0.999230	0.217101	
560	0.999384	0.000189	0.498818	-0.000189	0.999384	0.296117	
561	0.999309	0.000278	0.436428	-0.000278	0.999309	0.423715	
562	0.999296	-0.000033	0.603503	0.000033	0.999296	0.067035	
563	0.999321	-0.000183	0.691479	0.000183	0.999321	0.034049	
564	0.999035	-0.000138	0.867945	0.000138	0.999035	0.443414	
565	0.999162	0.000009	0.730913	-0.000009	0.999162	0.310571	
566	0.999361	-0.000074	0.742284	0.000074	0.999361	-0.078632	
567	0.999318	-0.000054	0.803048	0.000054	0.999318	0.036413	
568	0.999234	0.000031	0.743799	-0.000031	0.999234	0.248336	
569	0.999326	-0.000024	0.704162	0.000024	0.999326	0.184847	
570	0.999378	0.000047	0.664386	-0.000047	0.999378	0.171836	
571	0.999587	0.000244	0.391117	-0.000244	0.999587	0.041762	
572	0.999646	-0.000057	0.480411	0.000057	0.999646	-0.105332	
573	0.999297	0.000061	0.771530	-0.000061	0.999297	0.204007	
574	0.999316	0.000085	0.753917	-0.000085	0.999316	0.272584	
