0	1.000000	0.000000	0.000000	0.000000	1.000000	0.000000	
1	0.998669	-0.000269	-1.993477	0.000269	0.998669	0.298869	
2	0.998609	-0.000177	-2.258219	0.000177	0.998609	0.409388	
3	0.998818	-0.000306	-2.221948	0.000306	0.998818	0.245460	
4	0.998400	-0.000264	-2.105908	0.000264	0.998400	0.363396	
5	0.998650	-0.000321	-2.288843	0.000321	0.998650	0.273787	
6	0.998681	-0.000256	-2.355648	0.000256	0.998681	0.305938	
7	0.998569	-0.000254	-2.348555	0.000254	0.998569	0.364517	
8	0.998546	-0.000116	-2.381941	0.000116	0.998546	0.519685	
9	0.998489	-0.000101	-2.534483	0.000101	0.998489	0.570823	
10	0.998549	-0.000250	-2.604120	0.000250	0.998549	0.364731	
11	0.998478	-0.000191	-2.461422	0.000191	0.998478	0.459588	
12	0.998303	-0.000359	-2.417748	0.000359	0.998303	0.337390	
13	0.998462	-0.000441	-2.367484	0.000441	0.998462	0.270712	
14	0.998639	-0.000505	-2.499666	0.000505	0.998639	0.232230	
15	0.998096	-0.000729	-2.318876	0.000729	0.998096	0.172225	
16	0.998215	-0.000643	-2.293081	0.000643	0.998215	0.172941	
17	0.998436	-0.000502	-2.988634	0.000502	0.998436	0.176927	
18	0.998094	-0.000456	-3.180513	0.000456	0.998094	0.254757	
19	0.997641	-0.000546	-3.586389	0.000546	0.997641	0.339219	
20	0.995818	-0.000850	-3.682723	0.000850	0.995818	0.683552	
21	0.998791	0.000878	-10.436533	-0.000878	0.998791	0.960351	
22	0.999013	0.001085	-13.635273	-0.001085	0.999013	0.983944	
23	0.998878	0.001465	-18.431285	-0.001465	0.998878	1.575862	
24	0.998969	0.001618	-22.446947	-0.001618	0.998969	1.755038	
25	0.999095	0.001977	-26.977992	-0.001977	0.999095	2.099312	
26	0.999270	0.001848	-32.237808	-0.001848	0.999270	1.884519	
27	0.999113	0.001821	-34.354779	-0.001821	0.999113	1.849061	
28	0.999335	0.002005	-37.480664	-0.002005	0.999335	1.899875	
29	0.999754	0.002092	-39.740067	-0.002092	0.999754	1.798076	
30	0.999255	0.001989	-39.615332	-0.001989	0.999255	1.937888	
31	0.999433	0.001904	-40.586974	-0.001904	0.999433	1.959174	
32	1.000375	0.001924	-41.017681	-0.001924	1.000375	1.614916	
33	0.999361	0.001915	-39.620143	-0.001915	0.999361	1.872872	
34	0.999052	0.001929	-39.986717	-0.001929	0.999052	2.037779	
35	0.999232	0.001926	-38.018387	-0.001926	0.999232	1.891250	
36	0.999599	0.001877	-37.040165	-0.001877	0.999599	1.834978	
37	1.000047	0.001887	-36.641350	-0.001887	1.000047	1.650650	
38	1.000429	0.001771	-33.536465	-0.001771	1.000429	1.393548	
39	1.000488	0.001556	-31.806915	-0.001556	1.000488	1.326790	
40	1.000628	0.001431	-29.715815	-0.001431	1.000628	1.066305	
41	1.000559	0.001433	-27.432232	-0.001433	1.000559	1.168678	
42	1.000354	0.001324	-25.297818	-0.001324	1.000354	1.070511	
43	1.000240	0.001253	-22.249131	-0.001253	1.000240	1.010270	
44	0.999891	0.001176	-18.986752	-0.001176	0.999891	1.122696	
45	0.999861	0.000956	-16.140322	-0.000956	0.999861	0.948098	
46	0.999477	0.000997	-12.985131	-0.000997	0.999477	1.058914	
47	0.999838	0.000690	-10.581383	-0.000690	0.999838	0.636590	
48	0.999501	0.000615	-8.425707	-0.000615	0.999501	0.706470	
49	0.999582	0.000582	-6.392324	-0.000582	0.999582	0.645363	
50	0.998489	-0.000352	-3.418804	0.000352	0.998489	0.442704	
51	0.998860	-0.000227	-2.557572	0.000227	0.998860	0.293647	
52	0.999143	-0.000096	-1.677550	0.000096	0.999143	0.231259	
53	0.999376	-0.000013	-1.143474	0.000013	0.999376	0.161250	
54	0.999585	0.000089	-0.495798	-0.000089	0.999585	0.153138	
55	0.999650	0.000104	-0.191104	-0.000104	0.999650	0.148654	
56	0.999843	0.000177	0.136180	-0.000177	0.999843	0.163024	
57	0.999879	0.000183	0.129549	-0.000183	0.999879	0.179635	
58	0.999815	0.000087	0.062177	-0.000087	0.999815	0.136417	
59	0.999719	0.000033	0.078277	-0.000033	0.999719	0.119712	
60	0.999743	-0.000047	0.088615	0.000047	0.999743	0.046430	
61	0.999764	-0.000031	0.114145	0.000031	0.999764	0.044669	
62	0.999779	0.000014	0.107083	-0.000014	0.999779	0.057840	
63	0.999894	0.000010	0.231574	-0.000010	0.999894	0.051279	
64	0.999821	0.000023	0.197386	-0.000023	0.999821	0.081711	
65	0.999879	0.000029	0.417113	-0.000029	0.999879	0.084958	
66	1.000052	0.000048	0.779061	-0.000048	1.000052	0.039008	
67	1.000179	0.000018	1.094868	-0.000018	1.000179	-0.022532	
68	1.000274	-0.000028	1.694114	0.000028	1.000274	-0.187235	
69	1.000373	-0.000043	2.381387	0.000043	1.000373	-0.245463	
70	1.000871	0.000033	2.800778	-0.000033	1.000871	-0.323547	
71	1.000823	0.000018	3.274343	-0.000018	1.000823	-0.209389	
72	1.001094	0.000051	3.627548	-0.000051	1.001094	-0.194493	
73	0.999860	-0.000568	5.660584	0.000568	0.999860	-0.178508	
74	1.000985	0.000218	4.494927	-0.000218	1.000985	-0.177187	
75	1.001977	0.000352	4.070071	-0.000352	1.001977	-0.486195	
76	1.001363	0.000363	4.783587	-0.000363	1.001363	-0.272752	
77	1.001459	0.000318	5.062585	-0.000318	1.001459	-0.319315	
78	1.001025	0.000397	5.171536	-0.000397	1.001025	-0.119438	
79	0.999583	-0.000736	7.167076	0.000736	0.999583	-0.333888	
80	0.999699	-0.000835	7.106720	0.000835	0.999699	-0.491149	
81	0.999440	-0.000624	7.200950	0.000624	0.999440	-0.268720	
82	1.001302	0.000270	4.804957	-0.000270	1.001302	-0.305292	
83	1.001351	0.000216	4.532403	-0.000216	1.001351	-0.386032	
84	1.001175	0.000222	4.676485	-0.000222	1.001175	-0.482217	
85	1.001122	0.000204	4.307400	-0.000204	1.001122	-0.440916	
86	1.001034	0.000390	4.101102	-0.000390	1.001034	-0.139698	
87	1.001005	0.000316	3.903380	-0.000316	1.001005	-0.204499	
88	1.001052	0.000390	3.432314	-0.000390	1.001052	-0.143214	
89	1.001035	0.000277	3.509017	-0.000277	1.001035	-0.272939	
90	1.000874	0.000292	3.118069	-0.000292	1.000874	-0.166236	
91	1.000436	0.000101	3.022998	-0.000101	1.000436	-0.156714	
92	1.000642	0.000181	2.830903	-0.000181	1.000642	-0.196675	
93	1.000582	0.000095	2.652423	-0.000095	1.000582	-0.222190	
94	1.000609	0.000143	2.478602	-0.000143	1.000609	-0.101393	
95	1.000304	0.000041	2.352651	-0.000041	1.000304	-0.101824	
96	1.000417	0.000203	2.124856	-0.000203	1.000417	-0.040488	
97	1.000517	0.000208	1.999273	-0.000208	1.000517	-0.070697	
98	1.000500	0.000134	1.672018	-0.000134	1.000500	-0.073150	
99	1.000411	0.000110	1.463252	-0.000110	1.000411	-0.023073	
100	1.000365	0.000019	1.363731	-0.000019	1.000365	-0.091717	
101	1.000216	0.000065	1.234776	-0.000065	1.000216	-0.006688	
102	1.000159	0.000169	0.986256	-0.000169	1.000159	0.065443	
103	1.000260	0.000037	1.044573	-0.000037	1.000260	-0.038298	
104	1.000199	0.000017	0.995065	-0.000017	1.000199	-0.063505	
105	1.000388	0.000092	1.555992	-0.000092	1.000388	-0.087473	
106	1.000896	0.000305	2.871727	-0.000305	1.000896	-0.214484	
107	1.001305	0.000206	4.884084	-0.000206	1.001305	-0.676630	
108	0.999761	-0.000827	8.380566	0.000827	0.999761	-0.708649	
109	0.999728	-0.000672	10.227588	0.000672	0.999728	-0.481618	
110	0.999923	-0.000941	11.522826	0.000941	0.999923	-0.688474	
111	0.999667	-0.000958	12.673633	0.000958	0.999667	-0.640947	
112	0.999823	-0.000873	13.186956	0.000873	0.999823	-0.652449	
113	0.999848	-0.000804	12.369991	0.000804	0.999848	-0.682995	
114	1.000212	-0.001057	11.235213	0.001057	1.000212	-1.133894	
115	1.000201	-0.000848	9.269647	0.000848	1.000201	-0.868012	
116	1.000128	-0.000511	6.819572	0.000511	1.000128	-0.411060	
117	1.001662	0.000282	3.204979	-0.000282	1.001662	-0.408795	
118	1.001070	0.000213	1.800623	-0.000213	1.001070	-0.155311	
119	1.000586	0.000063	0.706416	-0.000063	1.000586	-0.092273	
120	1.000183	-0.000046	-0.142463	0.000046	1.000183	-0.023711	
121	0.999986	-0.000026	-0.507305	0.000026	0.999986	0.062636	
122	0.999916	-0.000022	-0.612300	0.000022	0.999916	0.104749	
123	0.999888	-0.000084	-0.897480	0.000084	0.999888	0.044676	
124	0.999901	-0.000089	-0.669245	0.000089	0.999901	-0.009591	
125	0.999900	-0.000081	-0.617763	0.000081	0.999900	-0.060191	
126	0.999891	-0.000056	-0.562728	0.000056	0.999891	-0.032988	
127	1.000004	-0.000003	-0.429331	0.000003	1.000004	-0.041223	
128	1.000133	-0.000022	-0.308169	0.000022	1.000133	-0.090552	
129	1.000192	-0.000129	-0.148457	0.000129	1.000192	-0.146048	
130	1.000238	-0.000157	-0.178418	0.000157	1.000238	-0.145791	
131	1.000272	-0.000161	-0.203194	0.000161	1.000272	-0.160935	
132	1.000243	-0.000183	-0.155919	0.000183	1.000243	-0.160298	
133	1.000172	-0.000150	-0.119360	0.000150	1.000172	-0.135532	
134	1.000219	-0.000122	-0.170069	0.000122	1.000219	-0.148474	
135	1.000189	-0.000083	-0.155965	0.000083	1.000189	-0.128236	
136	1.000247	-0.000097	-0.173926	0.000097	1.000247	-0.138403	
137	1.000232	-0.000210	-0.175031	0.000210	1.000232	-0.220739	
138	1.000260	-0.000204	-0.177234	0.000204	1.000260	-0.235821	
139	1.000207	-0.000151	-0.119203	0.000151	1.000207	-0.205910	
140	1.000197	-0.000084	-0.095197	0.000084	1.000197	-0.189196	
141	1.000213	-0.000057	-0.114555	0.000057	1.000213	-0.188484	
142	1.000234	-0.000052	-0.163424	0.000052	1.000234	-0.172956	
143	1.000252	-0.000101	-0.193259	0.000101	1.000252	-0.167570	
144	1.000277	-0.000029	-0.216264	0.000029	1.000277	-0.097702	
145	1.000230	-0.000099	-0.200567	0.000099	1.000230	-0.102635	
146	1.000303	-0.000067	-0.214096	0.000067	1.000303	-0.088530	
147	1.000216	-0.000050	-0.139763	0.000050	1.000216	-0.037310	
148	1.000072	-0.000055	-0.094681	0.000055	1.000072	-0.030432	
149	1.000166	-0.000146	-0.128116	0.000146	1.000166	-0.119490	
150	1.000208	-0.000152	-0.145979	0.000152	1.000208	-0.119882	
151	1.000156	-0.000096	-0.075999	0.000096	1.000156	-0.139295	
152	1.000131	-0.000047	-0.239657	0.000047	1.000131	-0.110713	
153	1.000209	0.000013	-0.288574	-0.000013	1.000209	-0.074689	
154	1.000014	-0.000046	-0.203743	0.000046	1.000014	-0.059671	
155	1.000086	0.000043	-0.191556	-0.000043	1.000086	-0.067374	
156	1.000048	0.000046	-0.168438	-0.000046	1.000048	-0.053255	
157	1.000063	0.000044	-0.299873	-0.000044	1.000063	-0.020490	
158	1.000103	-0.000024	-0.407086	0.000024	1.000103	-0.039155	
159	1.000146	-0.000071	-0.665425	0.000071	1.000146	-0.041779	
160	1.000144	0.000053	-0.970456	-0.000053	1.000144	0.023334	
161	0.999964	-0.000088	-1.533806	0.000088	0.999964	0.001181	
162	0.999788	-0.000075	-2.194328	0.000075	0.999788	0.003692	
163	0.999686	-0.000256	-3.203192	0.000256	0.999686	-0.017881	
164	0.999517	-0.000252	-4.045924	0.000252	0.999517	0.123675	
165	0.998144	-0.000689	-3.848193	0.000689	0.998144	0.365389	
166	1.000887	0.000468	-7.580485	-0.000468	1.000887	0.042210	
167	1.000500	0.000544	-8.476989	-0.000544	1.000500	0.273903	
168	1.000471	0.000871	-9.227691	-0.000871	1.000471	0.599708	
169	0.999896	0.000877	-9.260116	-0.000877	0.999896	0.744294	
170	1.000688	0.000828	-9.943642	-0.000828	1.000688	0.416189	
171	0.999816	0.000647	-9.573509	-0.000647	0.999816	0.478286	
172	0.999935	0.000694	-9.622529	-0.000694	0.999935	0.548387	
173	0.999790	0.000984	-9.538677	-0.000984	0.999790	0.782070	
174	0.999486	0.001030	-8.785080	-0.001030	0.999486	0.931913	
175	0.999946	0.001139	-9.189819	-0.001139	0.999946	0.960727	
176	0.999667	0.001281	-8.542945	-0.001281	0.999667	1.280415	
177	0.997008	-0.000293	-4.952334	0.000293	0.997008	1.252732	
178	0.999800	0.001048	-8.262218	-0.001048	0.999800	1.066309	
179	0.999460	0.000861	-7.228086	-0.000861	0.999460	1.002102	
180	0.998148	-0.000380	-5.411995	0.000380	0.998148	0.671474	
181	0.997868	-0.000466	-5.140213	0.000466	0.997868	0.658944	
182	0.998361	-0.000304	-5.041648	0.000304	0.998361	0.488917	
183	0.997970	-0.000679	-4.365853	0.000679	0.997970	0.433443	
184	0.998374	-0.000486	-4.251771	0.000486	0.998374	0.402863	
185	0.998241	-0.000250	-3.939317	0.000250	0.998241	0.652954	
186	0.998554	-0.000324	-3.682020	0.000324	0.998554	0.434172	
187	0.997599	-0.000561	-2.668449	0.000561	0.997599	0.551609	
188	0.997747	-0.000677	-2.151817	0.000677	0.997747	0.387155	
189	0.998760	-0.000106	-2.846686	0.000106	0.998760	0.430677	
190	0.998925	-0.000145	-2.223868	0.000145	0.998925	0.278845	
191	0.999150	0.000043	-1.804298	-0.000043	0.999150	0.241273	
192	0.999241	0.000210	-1.467014	-0.000210	0.999241	0.296895	
193	0.999395	0.000132	-0.823443	-0.000132	0.999395	0.185769	
194	0.999707	0.000221	-0.665510	-0.000221	0.999707	0.176129	
195	0.999964	0.000077	-0.352513	-0.000077	0.999964	0.068841	
196	1.000101	0.000040	-0.030799	-0.000040	1.000101	0.033169	
197	1.000219	0.000037	0.212952	-0.000037	1.000219	0.020123	
198	1.000169	0.000003	0.195055	-0.000003	1.000169	0.014725	
199	1.000188	0.000073	0.013520	-0.000073	1.000188	0.091777	
200	1.000152	0.000017	-0.017204	-0.000017	1.000152	0.074661	
201	1.000115	0.000080	0.021751	-0.000080	1.000115	0.060223	
202	1.000050	0.000166	0.031015	-0.000166	1.000050	0.077084	
203	1.000026	0.000182	0.037296	-0.000182	1.000026	0.051790	
204	1.000016	0.000229	0.040963	-0.000229	1.000016	0.102269	
205	1.000069	0.000145	-0.000447	-0.000145	1.000069	0.039901	
206	1.000088	0.000069	-0.053001	-0.000069	1.000088	-0.001476	
207	1.000085	0.000098	-0.008548	-0.000098	1.000085	0.035228	
208	1.000064	0.000099	-0.014247	-0.000099	1.000064	0.037846	
209	1.000086	0.000096	0.035192	-0.000096	1.000086	0.022111	
210	0.999946	0.000104	0.038614	-0.000104	0.999946	0.031861	
211	0.999922	0.000078	0.080363	-0.000078	0.999922	-0.000767	
212	0.999918	0.000078	0.122774	-0.000078	0.999918	0.002685	
213	0.999927	0.000000	0.144998	-0.000000	0.999927	-0.056634	
214	0.999967	0.000015	0.115370	-0.000015	0.999967	-0.043322	
215	0.999914	-0.000047	0.151755	0.000047	0.999914	-0.035784	
216	0.999947	0.000005	0.124990	-0.000005	0.999947	0.006840	
217	1.000018	0.000099	0.103019	-0.000099	1.000018	0.084606	
218	0.999957	0.000115	0.134965	-0.000115	0.999957	0.113839	
219	1.000056	0.000188	0.239092	-0.000188	1.000056	0.152569	
220	1.000088	0.000132	0.254916	-0.000132	1.000088	0.095359	
221	1.000035	0.000102	0.469226	-0.000102	1.000035	0.013882	
222	1.000116	0.000121	0.764254	-0.000121	1.000116	-0.017288	
223	1.000177	0.000078	1.001979	-0.000078	1.000177	-0.058215	
224	1.000185	0.000039	1.159275	-0.000039	1.000185	-0.056862	
225	1.000403	0.000007	1.748875	-0.000007	1.000403	-0.156693	
226	1.000402	0.000104	2.124963	-0.000104	1.000402	-0.105367	
227	1.000342	0.000197	2.284848	-0.000197	1.000342	-0.021839	
228	1.000598	0.000152	2.682251	-0.000152	1.000598	-0.152174	
229	1.000636	0.000132	2.877720	-0.000132	1.000636	-0.225680	
230	1.001070	0.000368	2.894603	-0.000368	1.001070	-0.154016	
231	1.000968	0.000295	3.379239	-0.000295	1.000968	-0.227062	
232	1.001012	0.000340	3.280275	-0.000340	1.001012	-0.131973	
233	1.000966	0.000278	3.526706	-0.000278	1.000966	-0.212689	
234	1.000942	0.000275	3.588659	-0.000275	1.000942	-0.232507	
235	1.000896	0.000241	3.508078	-0.000241	1.000896	-0.285852	
236	1.000780	0.000226	3.681192	-0.000226	1.000780	-0.194634	
237	1.000750	0.000076	3.407496	-0.000076	1.000750	-0.295480	
238	1.000682	0.000065	3.281959	-0.000065	1.000682	-0.244670	
239	1.000673	-0.000069	3.379247	0.000069	1.000673	-0.324703	
240	1.000646	-0.000002	2.956728	0.000002	1.000646	-0.254614	
241	1.001219	0.000214	2.689091	-0.000214	1.001219	-0.337877	
242	1.000396	0.000112	2.687751	-0.000112	1.000396	-0.159174	
243	1.000606	0.000316	2.563749	-0.000316	1.000606	-0.130193	
244	1.000564	0.000220	2.213195	-0.000220	1.000564	-0.163354	
245	1.000669	0.000285	2.172672	-0.000285	1.000669	-0.137005	
246	1.000755	0.000256	1.960375	-0.000256	1.000755	-0.135304	
247	1.000498	0.000254	2.017101	-0.000254	1.000498	-0.070924	
248	1.000552	0.000129	1.782251	-0.000129	1.000552	-0.180617	
249	1.000376	0.000120	1.655354	-0.000120	1.000376	-0.125242	
250	1.000328	0.000115	1.751148	-0.000115	1.000328	-0.122224	
251	1.000129	0.000051	1.573841	-0.000051	1.000129	-0.080766	
252	1.000047	0.000078	1.649724	-0.000078	1.000047	-0.044613	
253	1.000118	0.000123	1.469711	-0.000123	1.000118	-0.059233	
254	1.000215	0.000111	1.099824	-0.000111	1.000215	-0.057859	
255	1.000219	0.000032	1.215347	-0.000032	1.000219	-0.129639	
256	1.000208	-0.000076	1.000347	0.000076	1.000208	-0.179675	
257	1.000251	-0.000105	1.114094	0.000105	1.000251	-0.199960	
258	1.000247	-0.000174	1.076002	0.000174	1.000247	-0.266309	
259	1.000378	-0.000170	1.110416	0.000170	1.000378	-0.342908	
260	1.000482	-0.000007	1.371157	0.000007	1.000482	-0.235671	
261	1.000593	-0.000038	1.473241	0.000038	1.000593	-0.288957	
262	1.000587	-0.000090	1.547455	0.000090	1.000587	-0.355996	
263	1.000644	-0.000124	1.573589	0.000124	1.000644	-0.317858	
264	1.000759	0.000006	1.510457	-0.000006	1.000759	-0.265678	
265	1.000756	-0.000063	1.806381	0.000063	1.000756	-0.245936	
266	1.000776	-0.000024	1.713222	0.000024	1.000776	-0.267070	
267	1.000736	-0.000031	2.004423	0.000031	1.000736	-0.351800	
268	1.000769	0.000023	1.965787	-0.000023	1.000769	-0.285578	
269	1.000469	0.000012	2.196205	-0.000012	1.000469	-0.297418	
270	1.000546	0.000090	2.314973	-0.000090	1.000546	-0.288214	
271	1.000681	0.000070	2.093755	-0.000070	1.000681	-0.303331	
272	1.000820	0.000103	2.187318	-0.000103	1.000820	-0.267665	
273	1.000792	0.000196	2.113866	-0.000196	1.000792	-0.190877	
274	1.000915	0.000251	2.178326	-0.000251	1.000915	-0.210910	
275	1.000954	0.000194	2.322173	-0.000194	1.000954	-0.376785	
276	1.000946	0.000279	2.218609	-0.000279	1.000946	-0.300119	
277	1.000967	0.000259	2.379913	-0.000259	1.000967	-0.333139	
278	1.000862	0.000152	2.266644	-0.000152	1.000862	-0.383782	
279	1.000783	0.000103	2.187209	-0.000103	1.000783	-0.371309	
280	1.000660	-0.000010	2.304963	0.000010	1.000660	-0.434250	
281	1.000598	-0.000017	1.948742	0.000017	1.000598	-0.408761	
282	1.000503	0.000124	1.938495	-0.000124	1.000503	-0.239834	
283	1.000540	0.000018	1.577665	-0.000018	1.000540	-0.270824	
284	1.000601	0.000041	1.270769	-0.000041	1.000601	-0.094151	
285	1.000664	-0.000017	0.799137	0.000017	1.000664	-0.087951	
286	1.000645	0.000016	0.739886	-0.000016	1.000645	-0.028219	
287	1.000479	-0.000000	0.671917	0.000000	1.000479	-0.008655	
288	1.000441	0.000032	0.552891	-0.000032	1.000441	-0.011994	
289	1.000357	-0.000036	0.428369	0.000036	1.000357	-0.090820	
290	1.000250	-0.000060	0.574748	0.000060	1.000250	-0.084715	
291	1.000104	-0.000111	0.438881	0.000111	1.000104	-0.125678	
292	0.999985	-0.000203	0.287072	0.000203	0.999985	-0.151786	
293	0.999897	-0.000164	0.102457	0.000164	0.999897	-0.122320	
294	0.999941	-0.000096	-0.036632	0.000096	0.999941	-0.085253	
295	0.999941	-0.000125	0.020799	0.000125	0.999941	-0.134300	
296	0.999986	-0.000067	0.024299	0.000067	0.999986	-0.092769	
297	0.999987	-0.000047	0.003477	0.000047	0.999987	-0.097755	
298	1.000047	-0.000038	-0.034991	0.000038	1.000047	-0.064700	
