0	1.000000	0.000000	0.000000	0.000000	1.000000	0.000000	
1	1.001724	-0.004047	-1.792988	0.004047	1.001724	-5.740265	
2	1.001837	-0.003825	-2.961429	0.003825	1.001837	-2.587363	
3	1.000725	-0.003256	-2.388736	0.003256	1.000725	-3.289741	
4	1.001885	-0.002293	-3.681971	0.002293	1.001885	-4.715766	
5	1.001592	-0.002233	-3.126021	0.002233	1.001592	-3.110533	
6	1.002030	-0.001173	-3.624295	0.001173	1.002030	-0.490129	
7	1.001617	-0.000996	-3.561348	0.000996	1.001617	0.785192	
8	1.001595	-0.000514	-3.492565	0.000514	1.001595	1.193182	
9	1.001530	0.000696	-3.609898	-0.000696	1.001530	1.581597	
10	1.001349	0.000912	-3.114143	-0.000912	1.001349	1.873626	
11	1.001237	0.001706	-3.546552	-0.001706	1.001237	1.929714	
12	1.001282	0.002132	-3.167090	-0.002132	1.001282	1.632432	
13	1.001681	0.002095	-3.203340	-0.002095	1.001681	1.426740	
14	1.001589	0.002484	-3.066526	-0.002484	1.001589	2.573523	
15	1.001634	0.002585	-3.111323	-0.002585	1.001634	3.508625	
16	1.001764	0.002656	-2.739146	-0.002656	1.001764	4.410159	
17	1.001834	0.002187	-2.537085	-0.002187	1.001834	4.782688	
18	1.001598	0.001755	-2.182029	-0.001755	1.001598	5.887421	
19	1.001160	0.001940	-0.743164	-0.001940	1.001160	6.025454	
20	1.002172	0.002806	5.061656	-0.002806	1.002172	5.401541	
21	1.003339	0.001697	14.343326	-0.001697	1.003339	2.815215	
22	1.002749	0.001300	9.389018	-0.001300	1.002749	3.857137	
23	1.002588	0.003134	8.116754	-0.003134	1.002588	2.067375	
24	1.002788	0.003400	9.727169	-0.003400	1.002788	2.830158	
25	1.002670	0.002179	12.018768	-0.002179	1.002670	3.301912	
26	1.002462	0.001644	11.740393	-0.001644	1.002462	3.947089	
27	1.002515	0.001643	4.721578	-0.001643	1.002515	5.829183	
28	1.002529	0.001206	3.164356	-0.001206	1.002529	4.664495	
29	1.002722	0.000103	6.670653	-0.000103	1.002722	2.873626	
30	1.002419	-0.000884	4.526237	0.000884	1.002419	3.119077	
31	1.003028	-0.000966	2.983872	0.000966	1.003028	3.112517	
32	1.002878	-0.001019	3.094594	0.001019	1.002878	3.164034	
33	1.003176	-0.001172	2.273641	0.001172	1.003176	2.488590	
34	1.003152	-0.001670	1.473020	0.001670	1.003152	2.754322	
35	1.003018	-0.001322	1.097435	0.001322	1.003018	3.585338	
36	1.003083	-0.001592	0.320194	0.001592	1.003083	3.090501	
37	1.003038	-0.001110	-0.542782	0.001110	1.003038	4.429614	
38	1.002709	-0.000428	-0.918818	0.000428	1.002709	5.950067	
39	1.002461	-0.000726	-2.162815	0.000726	1.002461	4.209688	
40	1.002076	-0.001377	-2.048619	0.001377	1.002076	2.488599	
41	1.002167	-0.001342	-3.289118	0.001342	1.002167	3.460964	
42	1.000934	-0.000291	-3.165772	0.000291	1.000934	5.567063	
43	1.002489	-0.000300	-6.040110	0.000300	1.002489	1.471296	
44	1.002015	-0.000282	-5.951841	0.000282	1.002015	3.684777	
45	1.002277	0.000094	-7.163441	-0.000094	1.002277	5.660042	
46	1.001196	-0.000378	-6.277101	0.000378	1.001196	5.521293	
47	1.002097	0.000565	-8.308288	-0.000565	1.002097	5.643786	
48	1.002257	0.001971	-9.610566	-0.001971	1.002257	6.992840	
49	1.002740	0.002739	-10.667054	-0.002739	1.002740	7.796007	
50	1.000627	0.002046	-6.360830	-0.002046	1.000627	6.663950	
51	1.001230	0.002519	-7.031230	-0.002519	1.001230	5.637353	
52	1.001372	0.003178	-6.457122	-0.003178	1.001372	6.487174	
53	1.001649	0.002697	-6.069207	-0.002697	1.001649	4.705568	
54	1.001746	0.002638	-5.392031	-0.002638	1.001746	3.471425	
55	1.001411	0.003371	-4.768213	-0.003371	1.001411	4.933156	
56	1.001539	0.002725	-4.865198	-0.002725	1.001539	3.815797	
57	1.002247	0.001946	-4.550923	-0.001946	1.002247	1.835877	
58	1.001717	0.001880	-4.092035	-0.001880	1.001717	1.396017	
59	1.002562	0.000707	-4.876227	-0.000707	1.002562	0.479693	
60	1.002215	0.001433	-4.132159	-0.001433	1.002215	0.930712	
61	1.001094	0.001745	-1.315552	-0.001745	1.001094	-0.536824	
62	1.002021	0.000764	-1.346229	-0.000764	1.002021	-3.043242	
63	1.002141	-0.000232	0.908428	0.000232	1.002141	-2.826490	
64	1.002891	-0.000579	0.532885	0.000579	1.002891	-4.879849	
65	1.002282	-0.000056	1.143319	0.000056	1.002282	-4.598238	
66	1.002571	-0.001022	0.938194	0.001022	1.002571	-5.713694	
67	1.002465	-0.001387	1.112328	0.001387	1.002465	-6.342134	
68	1.002457	-0.001137	1.383671	0.001137	1.002457	-6.189071	
69	1.002005	-0.000924	0.912413	0.000924	1.002005	-5.405243	
70	1.001886	-0.000930	-0.176738	0.000930	1.001886	-5.213750	
71	1.001806	-0.001257	-0.221920	0.001257	1.001806	-4.884917	
72	1.001369	-0.001496	-0.841060	0.001496	1.001369	-5.197492	
73	1.001728	-0.001159	-1.824614	0.001159	1.001728	-4.374131	
74	1.001492	-0.000811	-1.800930	0.000811	1.001492	-3.484572	
75	1.001427	-0.001122	-1.154268	0.001122	1.001427	-3.568928	
76	1.001473	-0.000950	-1.168671	0.000950	1.001473	-2.352644	
77	1.000890	-0.000296	-2.982819	0.000296	1.000890	-1.501532	
78	1.001042	-0.001250	-3.191076	0.001250	1.001042	-3.457000	
79	1.000739	-0.001059	-4.593986	0.001059	1.000739	-3.330368	
80	1.000345	-0.001455	-3.803207	0.001455	1.000345	-3.278890	
81	1.000706	-0.000521	-4.536524	0.000521	1.000706	-5.240701	
82	1.000438	-0.000683	-5.229561	0.000683	1.000438	-5.136599	
83	1.000303	-0.001302	-6.209578	0.001302	1.000303	-3.789682	
84	1.000251	-0.001938	-7.055995	0.001938	1.000251	-5.361670	
85	1.000725	-0.001420	-8.267004	0.001420	1.000725	-5.942060	
86	1.000887	-0.000155	-8.810872	0.000155	1.000887	-4.090640	
87	1.001266	0.000329	-10.034518	-0.000329	1.001266	-3.978423	
88	1.001110	0.000603	-8.594810	-0.000603	1.001110	-4.134787	
89	1.001146	0.001162	-7.194048	-0.001162	1.001146	-3.394698	
90	1.001052	0.001377	-7.193571	-0.001377	1.001052	-3.353348	
91	1.001408	0.000911	-6.697926	-0.000911	1.001408	-3.163643	
92	1.001421	0.000579	-5.631144	-0.000579	1.001421	-2.859599	
93	1.001589	0.000694	-5.342253	-0.000694	1.001589	-1.286780	
94	1.001492	0.000490	-4.773281	-0.000490	1.001492	-0.455978	
95	1.001422	0.000918	-4.661602	-0.000918	1.001422	0.351583	
96	1.001607	0.000639	-3.005367	-0.000639	1.001607	-1.274538	
97	1.002029	-0.000528	-1.280072	0.000528	1.002029	-0.723016	
98	1.001594	-0.000256	-0.469623	0.000256	1.001594	-0.451331	
99	1.001246	0.000224	0.170615	-0.000224	1.001246	-0.799531	
100	1.001467	0.000297	0.768729	-0.000297	1.001467	-2.149060	
101	1.001303	0.000563	2.899244	-0.000563	1.001303	-1.261947	
102	1.001827	0.000866	6.197404	-0.000866	1.001827	-1.838676	
103	1.002911	0.000303	11.114615	-0.000303	1.002911	-2.962672	
104	1.002624	0.000150	8.502425	-0.000150	1.002624	-1.771840	
105	1.002113	0.000335	6.254301	-0.000335	1.002113	-3.168439	
106	1.002334	0.000172	5.114184	-0.000172	1.002334	-2.270229	
107	1.001854	-0.000113	4.953334	0.000113	1.001854	-1.762754	
108	1.001687	-0.000083	3.575444	0.000083	1.001687	-1.715770	
109	1.002243	-0.000051	1.557018	0.000051	1.002243	-2.127808	
110	1.001684	-0.000628	2.390724	0.000628	1.001684	-2.390817	
111	1.001684	0.000131	1.471723	-0.000131	1.001684	-1.584064	
112	1.002193	-0.000093	0.925309	0.000093	1.002193	-1.879208	
113	1.001448	-0.000156	2.390574	0.000156	1.001448	-1.289376	
114	1.001681	0.000184	1.776858	-0.000184	1.001681	-0.723012	
115	1.001325	-0.000557	2.507997	0.000557	1.001325	-1.324992	
116	1.001970	-0.000862	0.867842	0.000862	1.001970	-3.187481	
117	1.001425	-0.000482	-0.073051	0.000482	1.001425	-0.406677	
118	1.001300	-0.000841	-0.078245	0.000841	1.001300	-0.349361	
119	1.001265	-0.000864	-0.998738	0.000864	1.001265	-1.757736	
120	1.001144	-0.001445	-1.840534	0.001445	1.001144	-2.333813	
121	1.001174	-0.001628	-2.626209	0.001628	1.001174	-2.840816	
122	1.001089	-0.000779	-3.445340	0.000779	1.001089	-0.463924	
123	1.000846	-0.001946	-3.703581	0.001946	1.000846	-1.697852	
124	1.001341	-0.001141	-5.795774	0.001141	1.001341	-1.446514	
125	1.001431	0.000207	-6.289831	-0.000207	1.001431	0.543929	
126	1.001163	0.000060	-5.355918	-0.000060	1.001163	1.158031	
127	1.001401	-0.000027	-5.403633	0.000027	1.001401	-0.091411	
128	1.001159	0.000913	-3.423434	-0.000913	1.001159	0.706760	
129	1.001306	0.000951	-2.706321	-0.000951	1.001306	0.544799	
130	1.001352	0.001116	-2.946574	-0.001116	1.001352	0.432520	
131	1.001390	0.001743	-2.382312	-0.001743	1.001390	1.247148	
132	1.001480	0.000922	-2.116654	-0.000922	1.001480	1.015649	
133	1.001447	0.000704	-2.158018	-0.000704	1.001447	1.832110	
134	1.001374	0.001345	-2.085801	-0.001345	1.001374	2.531338	
135	1.001954	0.001304	-1.339655	-0.001304	1.001954	1.401631	
136	1.001799	0.000720	-0.625464	-0.000720	1.001799	0.599703	
137	1.001671	0.000595	0.953675	-0.000595	1.001671	2.747696	
138	1.001567	0.001134	0.024533	-0.001134	1.001567	-0.232148	
139	1.002169	0.001368	0.836291	-0.001368	1.002169	0.036497	
140	1.001901	0.000112	1.367349	-0.000112	1.001901	-0.285700	
141	1.002109	-0.000040	2.076917	0.000040	1.002109	-0.228916	
142	1.001893	0.000908	2.840300	-0.000908	1.001893	1.422715	
143	1.001799	0.000510	3.147155	-0.000510	1.001799	-0.032981	
144	1.002498	-0.000660	3.240620	0.000660	1.002498	-1.636532	
145	1.002561	-0.000421	2.835577	0.000421	1.002561	-0.433746	
146	1.002355	0.000136	2.012930	-0.000136	1.002355	0.539802	
147	1.002155	0.000068	0.870582	-0.000068	1.002155	0.768225	
148	1.002061	-0.000403	0.389881	0.000403	1.002061	0.780322	
149	1.002169	-0.000507	-0.246649	0.000507	1.002169	0.613402	
150	1.001696	-0.000076	-0.831519	0.000076	1.001696	1.279661	
151	1.001657	-0.000154	-0.816732	0.000154	1.001657	0.215423	
152	1.001451	-0.000547	-0.329077	0.000547	1.001451	0.072324	
153	1.001614	-0.000058	-1.310857	0.000058	1.001614	0.050939	
154	1.001964	-0.000415	-3.170238	0.000415	1.001964	-2.616027	
155	1.001763	-0.000838	-2.965118	0.000838	1.001763	-1.042391	
156	1.000854	-0.001393	-2.515604	0.001393	1.000854	0.136885	
157	1.000911	-0.000728	-3.963928	0.000728	1.000911	-2.203835	
158	1.001059	-0.000669	-4.734687	0.000669	1.001059	-2.054692	
159	1.001491	-0.000794	-5.928815	0.000794	1.001491	-1.800737	
160	1.000959	-0.000891	-5.530299	0.000891	1.000959	-0.284840	
161	1.000817	-0.001599	-5.876829	0.001599	1.000817	-2.240770	
162	1.001029	-0.000462	-7.386998	0.000462	1.001029	-1.985806	
163	1.001243	0.000437	-7.438758	-0.000437	1.001243	-1.036064	
164	1.001214	0.000414	-6.950383	-0.000414	1.001214	-1.069443	
165	1.001295	0.000426	-6.120184	-0.000426	1.001295	-1.308576	
166	1.001359	0.000609	-5.603949	-0.000609	1.001359	-0.863165	
167	1.001508	0.000841	-5.641211	-0.000841	1.001508	-0.578389	
168	1.001595	0.000909	-5.440752	-0.000909	1.001595	-0.539924	
169	1.001593	0.001078	-4.698109	-0.001078	1.001593	-0.126880	
170	1.001596	0.001615	-4.171532	-0.001615	1.001596	0.648754	
171	1.001885	0.001347	-4.570136	-0.001347	1.001885	0.604695	
172	1.001553	0.001653	-4.380699	-0.001653	1.001553	-0.031687	
173	1.001851	0.001533	-2.648346	-0.001533	1.001851	0.468670	
174	1.002067	0.000928	-1.971717	-0.000928	1.002067	0.083244	
175	1.001367	0.001709	-0.124651	-0.001709	1.001367	3.148568	
176	1.001769	0.002150	-1.478566	-0.002150	1.001769	-0.436708	
177	1.001674	0.001274	0.181839	-0.001274	1.001674	0.784615	
178	1.001721	0.000733	0.325181	-0.000733	1.001721	-0.369351	
179	1.001649	0.001092	1.456747	-0.001092	1.001649	0.789577	
180	1.001754	0.001849	1.599961	-0.001849	1.001754	1.459856	
181	1.001904	0.001042	1.882378	-0.001042	1.001904	-0.291554	
182	1.001768	0.000541	2.398026	-0.000541	1.001768	-0.242015	
183	1.001717	-0.000135	3.366012	0.000135	1.001717	-0.850499	
184	1.001683	0.000235	2.506058	-0.000235	1.001683	-0.720639	
185	1.001682	-0.000078	3.031042	0.000078	1.001682	-1.002067	
186	1.001803	-0.000426	1.730482	0.000426	1.001803	-1.426734	
187	1.001755	-0.000348	0.286895	0.000348	1.001755	-1.726457	
188	1.001749	-0.000624	-0.394047	0.000624	1.001749	-1.450936	
189	1.001776	-0.001432	-0.794880	0.001432	1.001776	-2.101346	
190	1.001790	-0.000877	-1.086254	0.000877	1.001790	-0.015784	
191	1.001590	-0.000950	-1.889401	0.000950	1.001590	1.288670	
192	1.001607	-0.001585	-3.440502	0.001585	1.001607	-0.567511	
193	1.001611	-0.001084	-4.278029	0.001084	1.001611	0.854544	
194	1.001369	-0.001386	-4.446708	0.001386	1.001369	1.462070	
195	1.001514	-0.000970	-5.475947	0.000970	1.001514	-0.416242	
196	1.001767	-0.000941	-5.875156	0.000941	1.001767	-1.858610	
197	1.001336	-0.000932	-5.205987	0.000932	1.001336	0.703760	
198	1.001421	-0.001140	-6.004830	0.001140	1.001421	0.559876	
199	1.001450	-0.001219	-6.678974	0.001219	1.001450	0.565941	
200	1.001837	-0.000960	-8.014976	0.000960	1.001837	0.170266	
201	1.001818	-0.000351	-7.234276	0.000351	1.001818	0.747184	
202	1.001792	0.000577	-6.546419	-0.000577	1.001792	1.386993	
203	1.001682	0.000519	-4.807753	-0.000519	1.001682	1.036426	
204	1.001758	0.000323	-4.490632	-0.000323	1.001758	0.090520	
205	1.001787	0.000078	-3.663991	-0.000078	1.001787	0.022914	
206	1.001833	-0.000123	-3.193011	0.000123	1.001833	-0.583827	
207	1.001939	-0.000106	-3.357049	0.000106	1.001939	-1.073128	
208	1.001835	0.000130	-3.058175	-0.000130	1.001835	-0.037782	
209	1.001905	0.000128	-3.275417	-0.000128	1.001905	0.365158	
210	1.002006	-0.000160	-3.433192	0.000160	1.002006	-0.331702	
211	1.002222	-0.000601	-3.000152	0.000601	1.002222	-1.096601	
212	1.002320	-0.001680	-3.250693	0.001680	1.002320	-1.411044	
213	1.001166	-0.000190	-1.058984	0.000190	1.001166	2.879534	
214	1.001833	0.000304	-0.519699	-0.000304	1.001833	-2.413305	
215	1.001734	-0.000933	1.908797	0.000933	1.001734	-0.985331	
216	1.001786	-0.000845	2.205429	0.000845	1.001786	-1.393822	
217	1.001915	-0.000614	3.071107	0.000614	1.001915	-0.598289	
218	1.001768	-0.000301	3.851480	0.000301	1.001768	0.104130	
219	1.001792	-0.000330	3.787357	0.000330	1.001792	-0.817009	
220	1.001828	-0.000902	4.201561	0.000902	1.001828	-1.116347	
221	1.001803	-0.000611	4.578297	0.000611	1.001803	-0.507711	
222	1.001910	-0.000017	3.477670	0.000017	1.001910	-0.738024	
223	1.001863	-0.000410	3.599670	0.000410	1.001863	-0.726078	
224	1.001910	-0.001280	3.186771	0.001280	1.001910	-2.027160	
225	1.001975	-0.001357	1.898918	0.001357	1.001975	-2.072243	
226	1.001837	-0.001118	1.054186	0.001118	1.001837	-1.394016	
227	1.001955	-0.001289	-0.545796	0.001289	1.001955	-2.186945	
228	1.001839	-0.000821	-0.286697	0.000821	1.001839	-0.618206	
229	1.001802	-0.000954	-0.305868	0.000954	1.001802	-0.141475	
230	1.001909	-0.001778	-1.759476	0.001778	1.001909	-1.847322	
231	1.001654	-0.001427	-3.162412	0.001427	1.001654	-0.672554	
232	1.001767	-0.001687	-4.303122	0.001687	1.001767	-0.019884	
233	1.001980	-0.001332	-5.451959	0.001332	1.001980	-0.998230	
234	1.002115	-0.001331	-4.461749	0.001331	1.002115	-2.713149	
235	1.001822	-0.001299	-3.305310	0.001299	1.001822	-1.166738	
236	1.001514	-0.001600	-3.420118	0.001600	1.001514	-1.201167	
237	1.001507	-0.000746	-4.268779	0.000746	1.001507	-0.181567	
238	1.001551	-0.000434	-5.413216	0.000434	1.001551	0.059859	
239	1.001729	-0.001013	-6.142512	0.001013	1.001729	-0.331139	
240	1.001671	-0.000789	-6.578042	0.000789	1.001671	-0.406636	
241	1.001850	-0.000391	-7.669462	0.000391	1.001850	-0.772422	
242	1.001787	0.000437	-7.834742	-0.000437	1.001787	0.300052	
243	1.001834	0.000502	-8.182125	-0.000502	1.001834	0.358508	
244	1.001791	0.000058	-7.971693	-0.000058	1.001791	-0.153621	
245	1.001668	0.000097	-7.298618	-0.000097	1.001668	-0.306578	
246	1.001238	0.000031	-6.788032	-0.000031	1.001238	0.658285	
247	1.001501	0.001187	-7.811475	-0.001187	1.001501	3.518958	
248	1.001214	0.001925	-6.309849	-0.001925	1.001214	3.834210	
249	1.001940	0.002563	-5.085443	-0.002563	1.001940	2.970370	
250	1.002253	0.001420	-4.628795	-0.001420	1.002253	3.670531	
251	1.001006	0.001699	-3.370334	-0.001699	1.001006	3.422719	
252	1.002511	0.002340	-4.950880	-0.002340	1.002511	0.417864	
253	1.001636	0.002435	-1.989243	-0.002435	1.001636	3.371380	
254	1.002096	0.002244	-1.660436	-0.002244	1.002096	1.743411	
255	1.002117	0.001986	-0.223725	-0.001986	1.002117	2.463282	
256	1.001779	0.001950	0.332883	-0.001950	1.001779	1.923014	
257	1.002175	0.001154	0.296813	-0.001154	1.002175	-0.141598	
258	1.002500	-0.000264	0.178646	0.000264	1.002500	-1.083544	
259	1.002005	-0.000530	0.329640	0.000530	1.002005	-1.051421	
260	1.002221	-0.000083	-0.762894	0.000083	1.002221	-1.096424	
261	1.001710	-0.000278	-0.174219	0.000278	1.001710	-1.135737	
262	1.001977	-0.001336	-0.531810	0.001336	1.001977	-3.490163	
263	1.001570	-0.001379	0.341826	0.001379	1.001570	-3.434964	
264	1.001514	-0.000480	-1.049121	0.000480	1.001514	-3.587174	
265	1.001626	-0.001533	-0.445612	0.001533	1.001626	-4.024893	
266	1.001479	-0.001100	-0.636524	0.001100	1.001479	-3.621170	
267	1.001637	-0.001033	-1.028187	0.001033	1.001637	-2.881313	
268	1.001556	-0.001887	-1.922309	0.001887	1.001556	-4.984962	
269	1.001451	-0.001792	-2.351779	0.001792	1.001451	-5.077801	
270	1.000176	-0.001209	-0.959446	0.001209	1.000176	-3.335299	
271	1.000505	-0.001450	-3.483914	0.001450	1.000505	-6.588916	
272	1.001158	-0.002402	-4.721641	0.002402	1.001158	-7.656421	
273	1.001699	-0.002305	-6.324292	0.002305	1.001699	-8.292361	
274	1.001665	-0.002648	-6.639442	0.002648	1.001665	-8.484849	
275	1.001647	-0.001444	-7.165030	0.001444	1.001647	-7.436322	
276	1.001753	-0.001685	-7.584988	0.001685	1.001753	-8.810803	
277	1.002470	-0.001154	-8.053130	0.001154	1.002470	-8.190741	
278	1.001848	-0.001471	-5.637084	0.001471	1.001848	-9.867767	
279	1.002029	-0.001124	-4.070300	0.001124	1.002029	-9.632069	
280	1.001909	-0.000722	-3.515261	0.000722	1.001909	-8.741611	
281	1.001946	-0.001344	-2.868443	0.001344	1.001946	-10.297848	
282	1.001842	-0.000968	-1.323753	0.000968	1.001842	-9.462697	
283	1.002074	-0.000777	-0.949584	0.000777	1.002074	-9.031024	
284	1.002315	-0.000575	-0.708420	0.000575	1.002315	-9.139447	
285	1.002782	-0.000854	-0.760774	0.000854	1.002782	-8.541586	
286	1.003210	-0.000662	-0.063247	0.000662	1.003210	-9.541063	
287	1.003257	-0.001045	1.124493	0.001045	1.003257	-9.324608	
288	1.004147	-0.000579	0.864840	0.000579	1.004147	-6.866165	
289	1.002364	0.000569	3.086827	-0.000569	1.002364	-4.549905	
290	1.002973	-0.000635	2.546420	0.000635	1.002973	-8.570531	
291	1.002381	-0.000800	3.342966	0.000800	1.002381	-4.961480	
292	1.002624	-0.000845	3.749925	0.000845	1.002624	-4.304898	
293	1.006207	0.000136	0.701905	-0.000136	1.006207	-2.665855	
294	1.002691	0.000304	5.983710	-0.000304	1.002691	-0.046241	
295	1.002662	-0.000210	5.187786	0.000210	1.002662	-1.527964	
296	1.002667	-0.000752	5.096427	0.000752	1.002667	-1.304489	
297	1.002642	-0.000488	4.034997	0.000488	1.002642	-0.773190	
298	1.002551	-0.000646	3.692510	0.000646	1.002551	-0.998320	
299	1.002593	0.000162	2.345317	-0.000162	1.002593	-0.000980	
300	1.002797	0.000219	0.850456	-0.000219	1.002797	-0.153193	
301	1.002428	0.000719	-0.248282	-0.000719	1.002428	0.672464	
302	1.001375	0.001161	-0.399782	-0.001161	1.001375	1.366177	
303	1.001818	0.000868	-1.070935	-0.000868	1.001818	1.459561	
304	1.001548	0.000886	-1.794735	-0.000886	1.001548	2.276364	
305	1.001356	0.001273	-2.636926	-0.001273	1.001356	2.082054	
306	1.000831	0.000927	-2.675464	-0.000927	1.000831	0.003288	
307	1.001727	0.000986	-3.566226	-0.000986	1.001727	1.854855	
308	0.999413	-0.000339	-1.730400	0.000339	0.999413	2.124721	
309	1.001798	-0.000351	-3.507282	0.000351	1.001798	-3.410688	
310	1.000544	-0.000390	-1.365519	0.000390	1.000544	-2.244174	
311	1.001209	-0.000412	-2.051169	0.000412	1.001209	-1.431791	
312	1.001091	-0.000965	-2.401485	0.000965	1.001091	-1.454014	
313	1.000628	-0.000825	-2.852807	0.000825	1.000628	-1.911433	
314	1.001464	0.000128	-4.341765	-0.000128	1.001464	-1.296256	
315	1.001240	0.000600	-4.711062	-0.000600	1.001240	-0.642427	
316	1.001269	0.000421	-5.199663	-0.000421	1.001269	-1.833524	
317	1.000672	0.000862	-3.876260	-0.000862	1.000672	-0.856882	
318	1.000495	0.001088	-3.821232	-0.001088	1.000495	-0.671457	
319	1.000721	0.000289	-3.287906	-0.000289	1.000721	-1.367972	
320	1.000830	0.000264	-3.567692	-0.000264	1.000830	-1.705294	
321	1.000771	0.000549	-3.400071	-0.000549	1.000771	-1.080485	
322	1.001355	0.000562	-4.077271	-0.000562	1.001355	-0.519070	
323	1.001201	0.001099	-3.364667	-0.001099	1.001201	1.745768	
324	1.001455	0.001394	-3.216723	-0.001394	1.001455	0.673232	
325	1.001577	0.000635	-2.616505	-0.000635	1.001577	0.296716	
326	1.001477	0.000360	-1.183731	-0.000360	1.001477	2.568110	
327	1.001318	0.001133	-2.528914	-0.001133	1.001318	-0.827862	
328	1.002058	0.001145	-1.030485	-0.001145	1.002058	0.086161	
329	1.002136	0.000365	-0.524448	-0.000365	1.002136	0.359116	
330	1.002001	0.000362	0.531783	-0.000362	1.002001	2.095658	
331	1.001739	0.000529	0.181935	-0.000529	1.001739	3.213655	
332	1.001865	0.000262	-0.702726	-0.000262	1.001865	1.936057	
333	1.001664	-0.000231	-1.037319	0.000231	1.001664	2.468429	
334	1.001371	-0.000532	-0.879955	0.000532	1.001371	2.464131	
335	1.001123	-0.000536	-1.852988	0.000536	1.001123	2.484280	
336	1.001078	-0.000371	-2.595600	0.000371	1.001078	2.679333	
337	1.001264	-0.000326	-3.122495	0.000326	1.001264	2.139683	
338	1.001708	0.000170	-3.979509	-0.000170	1.001708	1.179563	
339	1.002046	-0.000143	-3.561104	0.000143	1.002046	-0.573345	
340	1.002577	0.000393	-4.418982	-0.000393	1.002577	-1.502510	
341	1.002415	0.000388	-4.462001	-0.000388	1.002415	-1.158308	
342	1.002071	0.000306	-5.447486	-0.000306	1.002071	-0.761731	
343	1.002103	0.000010	-5.481442	-0.000010	1.002103	-2.060463	
344	1.002921	-0.000094	-6.617125	0.000094	1.002921	-3.158424	
345	1.002810	-0.000584	-6.641144	0.000584	1.002810	-1.749284	
346	1.003257	-0.000946	-8.181310	0.000946	1.003257	-1.615148	
347	1.002834	-0.000870	-7.479689	0.000870	1.002834	-5.143407	
348	1.001334	-0.001332	-5.237075	0.001332	1.001334	-3.823218	
349	1.001295	-0.001375	-5.049820	0.001375	1.001295	-2.758103	
350	1.000829	-0.001644	-4.446817	0.001644	1.000829	-1.408214	
351	1.000655	-0.001785	-5.131107	0.001785	1.000655	-2.373569	
352	1.001126	-0.001185	-6.061704	0.001185	1.001126	-2.709971	
353	1.000932	-0.000339	-6.936133	0.000339	1.000932	-0.401586	
354	1.000682	-0.000581	-7.405508	0.000581	1.000682	-1.575177	
355	1.000800	0.000284	-8.436803	-0.000284	1.000800	-0.824031	
356	1.000869	0.000203	-8.562106	-0.000203	1.000869	-0.476613	
357	1.000930	0.000509	-9.326262	-0.000509	1.000930	-0.379512	
358	1.000954	0.000696	-9.465229	-0.000696	1.000954	-0.187869	
359	1.001273	0.001067	-10.894354	-0.001067	1.001273	0.648280	
360	1.001518	0.000610	-10.688626	-0.000610	1.001518	0.553145	
361	1.001224	0.001471	-10.207257	-0.001471	1.001224	2.902565	
362	1.001677	0.001568	-9.658938	-0.001568	1.001677	0.894620	
363	1.002096	0.002170	-7.898029	-0.002170	1.002096	0.872601	
364	1.002051	0.001918	-5.699875	-0.001918	1.002051	3.450844	
365	1.001370	0.002378	-6.595582	-0.002378	1.001370	2.933888	
366	1.002135	0.002883	-4.732818	-0.002883	1.002135	-0.567355	
367	1.001575	0.002287	-2.778042	-0.002287	1.001575	1.215790	
368	1.001873	0.001945	-2.196716	-0.001945	1.001873	1.057285	
369	1.001652	0.002478	-1.046491	-0.002478	1.001652	2.836705	
370	1.001572	0.002043	-0.464482	-0.002043	1.001572	2.848831	
371	1.001837	0.001597	-0.010342	-0.001597	1.001837	2.096446	
372	1.001454	0.000665	0.744304	-0.000665	1.001454	2.565712	
373	1.001420	0.000198	0.600853	-0.000198	1.001420	2.654708	
374	1.001582	-0.000130	0.364228	0.000130	1.001582	2.074434	
375	1.001396	-0.000731	0.521040	0.000731	1.001396	2.158134	
376	1.001273	-0.001953	1.655691	0.001953	1.001273	1.044591	
377	1.001335	-0.001966	1.470637	0.001966	1.001335	0.966329	
378	1.001517	-0.001802	0.802678	0.001802	1.001517	0.102840	
379	1.001636	-0.002364	0.272011	0.002364	1.001636	-0.856947	
380	1.001563	-0.002235	-0.718605	0.002235	1.001563	-0.682927	
381	1.001565	-0.001973	-0.910195	0.001973	1.001565	-0.403562	
382	1.001677	-0.002793	-1.482936	0.002793	1.001677	-4.010924	
383	1.002066	-0.002593	-2.545648	0.002593	1.002066	-3.151832	
384	1.001506	-0.003041	-0.566499	0.003041	1.001506	-0.754338	
385	1.001770	-0.007885	0.446718	0.007885	1.001770	-8.280900	
386	1.002169	-0.004459	-1.917038	0.004459	1.002169	-5.963708	
387	1.001888	-0.003041	-2.423082	0.003041	1.001888	-4.634716	
388	1.001679	-0.002613	-2.042066	0.002613	1.001679	-2.896464	
389	1.001791	-0.002462	-2.267359	0.002462	1.001791	-2.398497	
390	1.001703	-0.001692	-2.532156	0.001692	1.001703	-2.808207	
391	1.001956	-0.000347	-3.587064	0.000347	1.001956	-2.037045	
392	1.001911	-0.000798	-3.284498	0.000798	1.001911	-1.313085	
393	1.002064	-0.000106	-4.031368	0.000106	1.002064	-1.813338	
394	1.001809	0.000145	-3.648910	-0.000145	1.001809	-0.932020	
395	1.002106	0.000335	-4.072662	-0.000335	1.002106	-0.745151	
396	1.002156	0.000108	-3.621294	-0.000108	1.002156	-0.968991	
397	1.002201	-0.000150	-3.876771	0.000150	1.002201	-1.871511	
398	1.002318	0.000219	-4.326663	-0.000219	1.002318	-0.939747	
399	1.002266	0.000220	-4.657060	-0.000220	1.002266	-0.237402	
400	1.002170	-0.000211	-3.551454	0.000211	1.002170	-0.570454	
401	1.002381	0.000679	-2.539547	-0.000679	1.002381	-1.516982	
402	1.002409	0.000533	-1.629467	-0.000533	1.002409	0.522865	
403	1.002163	0.000161	-0.303993	-0.000161	1.002163	1.529191	
404	1.002041	0.000879	-0.778121	-0.000879	1.002041	0.690722	
405	1.002238	0.001164	0.112955	-0.001164	1.002238	-0.546974	
406	1.001360	0.000441	1.218393	-0.000441	1.001360	0.138311	
407	1.001425	0.000104	1.543379	-0.000104	1.001425	0.240761	
408	1.001805	0.000348	3.043805	-0.000348	1.001805	1.015012	
409	1.002169	0.000230	3.649542	-0.000230	1.002169	0.499738	
410	1.002639	-0.000542	4.352565	0.000542	1.002639	-1.795200	
411	1.002645	-0.001221	4.384100	0.001221	1.002645	-2.318066	
412	1.002606	-0.001074	3.918538	0.001074	1.002606	-1.523625	
413	1.002705	-0.000617	3.105455	0.000617	1.002705	-1.872475	
414	1.002757	-0.000867	2.347128	0.000867	1.002757	-1.816463	
415	1.002799	-0.000626	1.449493	0.000626	1.002799	-2.017180	
416	1.002713	-0.000346	0.590043	0.000346	1.002713	-1.251368	
417	1.002323	-0.000345	-0.674041	0.000345	1.002323	-2.185200	
418	1.002179	-0.000579	-1.705932	0.000579	1.002179	-1.532642	
419	1.001730	-0.000026	-1.364042	0.000026	1.001730	0.028265	
420	1.001698	0.000164	-1.998757	-0.000164	1.001698	-1.120780	
421	1.002296	0.000394	-3.767858	-0.000394	1.002296	-1.714390	
422	1.001826	0.000092	-3.688794	-0.000092	1.001826	-0.435376	
423	1.001397	-0.000779	-3.302698	0.000779	1.001397	-0.613987	
424	1.001807	-0.000461	-5.023043	0.000461	1.001807	-3.435005	
425	1.002004	-0.000191	-4.963908	0.000191	1.002004	-3.227369	
426	1.001441	0.000474	-4.082949	-0.000474	1.001441	-0.085080	
427	1.001231	0.000570	-4.499541	-0.000570	1.001231	0.642809	
428	1.001178	0.000464	-5.140818	-0.000464	1.001178	0.174585	
429	1.000544	0.001160	-5.225013	-0.001160	1.000544	-0.267216	
430	1.000934	0.001831	-6.203829	-0.001831	1.000934	1.028775	
431	1.001264	0.001444	-5.380083	-0.001444	1.001264	0.810609	
432	1.000787	0.001564	-3.657673	-0.001564	1.000787	-0.014723	
433	1.001404	0.001287	-3.106164	-0.001287	1.001404	-1.040251	
434	1.001476	0.001462	-2.934275	-0.001462	1.001476	-0.721538	
435	1.001599	0.001037	-2.808323	-0.001037	1.001599	-1.669670	
436	1.002054	0.000654	-2.719079	-0.000654	1.002054	-2.409049	
437	1.001392	0.000690	-2.471370	-0.000690	1.001392	-0.046953	
438	1.001602	0.000781	-3.122395	-0.000781	1.001602	0.161972	
439	1.001512	0.001516	-2.727569	-0.001516	1.001512	-0.502523	
440	1.001298	0.001298	-0.736048	-0.001298	1.001298	0.338530	
441	1.001619	0.001129	-0.248136	-0.001129	1.001619	0.995563	
442	1.002072	0.001609	0.208974	-0.001609	1.002072	1.052492	
443	1.002367	0.002277	0.367148	-0.002277	1.002367	-1.090847	
444	1.002492	0.002114	1.472202	-0.002114	1.002492	0.295253	
445	1.002282	0.001285	2.737381	-0.001285	1.002282	-0.083030	
446	1.002405	0.000475	3.300455	-0.000475	1.002405	-0.227063	
447	1.002464	0.000199	4.182785	-0.000199	1.002464	0.769519	
448	1.002255	-0.000118	4.533882	0.000118	1.002255	0.110436	
449	1.001898	-0.001148	4.586149	0.001148	1.001898	-1.719825	
450	1.001707	-0.001814	5.336942	0.001814	1.001707	-1.687046	
451	1.001564	-0.001464	5.876694	0.001464	1.001564	-1.029078	
452	1.001644	-0.001675	6.533042	0.001675	1.001644	-1.774340	
453	1.001782	-0.002093	6.867556	0.002093	1.001782	-2.550951	
454	1.001871	-0.001771	6.907791	0.001771	1.001871	-2.675769	
455	1.001846	-0.001381	6.131237	0.001381	1.001846	-2.356386	
456	1.001784	-0.001302	5.991193	0.001302	1.001784	-2.386298	
457	1.001844	-0.001838	5.309414	0.001838	1.001844	-2.654233	
458	1.001702	-0.000371	4.950736	0.000371	1.001702	-1.142909	
459	1.002143	0.000217	3.264877	-0.000217	1.002143	-2.143146	
460	1.002119	-0.000163	2.037430	0.000163	1.002119	-2.507112	
461	1.002147	-0.000452	1.520279	0.000452	1.002147	-1.223355	
462	1.001919	-0.000673	0.425996	0.000673	1.001919	-3.004887	
463	1.002534	-0.000668	-2.065729	0.000668	1.002534	-5.546852	
464	1.002176	-0.000847	-2.904592	0.000847	1.002176	-4.588277	
465	1.002048	-0.000503	-3.923415	0.000503	1.002048	-3.552476	
466	1.002149	-0.000034	-4.335443	0.000034	1.002149	-1.378235	
467	1.001706	-0.000459	-5.162393	0.000459	1.001706	-1.867400	
468	1.001874	0.000117	-6.131382	-0.000117	1.001874	-1.716526	
469	1.001610	0.000408	-6.385525	-0.000408	1.001610	-0.986653	
470	1.001803	0.000696	-6.804738	-0.000696	1.001803	-0.230086	
471	1.001278	0.000942	-6.123709	-0.000942	1.001278	-0.776677	
472	1.001617	0.001003	-5.984474	-0.001003	1.001617	0.187989	
473	1.001413	0.001192	-5.593904	-0.001192	1.001413	0.259537	
474	1.001818	0.001117	-5.771733	-0.001117	1.001818	-0.900492	
475	1.001811	0.001247	-4.887626	-0.001247	1.001811	0.384477	
476	1.001662	0.001218	-3.469253	-0.001218	1.001662	1.888908	
477	1.001610	0.000735	-2.932852	-0.000735	1.001610	2.944746	
478	1.001879	0.000798	-2.564428	-0.000798	1.001879	1.127957	
479	1.001828	0.001023	-2.168613	-0.001023	1.001828	1.454382	
480	1.001777	0.000455	-1.207495	-0.000455	1.001777	2.335057	
481	1.001785	0.000890	-0.027940	-0.000890	1.001785	3.201610	
482	1.002049	0.001398	-0.172170	-0.001398	1.002049	-0.725224	
483	1.001921	0.000720	0.906521	-0.000720	1.001921	-0.116675	
484	1.001558	-0.000048	3.094105	0.000048	1.001558	0.909992	
485	1.002134	-0.000626	3.716207	0.000626	1.002134	0.830841	
486	1.002127	-0.000924	5.325035	0.000924	1.002127	3.043035	
487	1.001774	-0.003483	6.587675	0.003483	1.001774	0.024089	
488	1.001706	-0.003894	5.798874	0.003894	1.001706	-1.413866	
489	1.001594	-0.002701	4.652666	0.002701	1.001594	0.371640	
490	1.001629	-0.002533	2.896875	0.002533	1.001629	0.505180	
491	1.001437	-0.002467	1.896435	0.002467	1.001437	0.549883	
492	1.001323	-0.001943	0.753304	0.001943	1.001323	1.252047	
493	1.001399	-0.001598	0.327953	0.001598	1.001399	0.793721	
494	1.001182	-0.000975	-0.959903	0.000975	1.001182	1.021801	
495	1.001346	-0.000795	-1.754226	0.000795	1.001346	0.070021	
496	1.001449	-0.000025	-2.723261	0.000025	1.001449	0.416543	
497	1.001381	0.000573	-3.176375	-0.000573	1.001381	1.339430	
498	1.001729	0.000712	-4.357945	-0.000712	1.001729	0.219972	
499	1.001801	0.000645	-4.888669	-0.000645	1.001801	0.260743	
500	1.001604	0.000861	-4.877872	-0.000861	1.001604	0.675586	
501	1.001786	0.001312	-5.456151	-0.001312	1.001786	0.614035	
502	1.001575	0.000541	-6.636309	-0.000541	1.001575	-2.252857	
503	1.001950	0.000926	-6.835642	-0.000926	1.001950	-2.905758	
504	1.001876	0.001069	-6.446388	-0.001069	1.001876	-1.966714	
505	1.001552	0.002064	-5.943692	-0.002064	1.001552	-0.472389	
506	1.001336	0.002364	-6.522506	-0.002364	1.001336	1.312953	
507	1.001800	0.002442	-8.252382	-0.002442	1.001800	0.785524	
508	1.001920	0.001902	-9.228972	-0.001902	1.001920	-0.228175	
509	1.001677	0.003926	-10.840153	-0.003926	1.001677	2.156707	
510	1.001885	0.003704	-10.674902	-0.003704	1.001885	1.213641	
511	1.001904	0.002930	-9.539282	-0.002930	1.001904	0.502341	
512	1.001755	0.002651	-8.246254	-0.002651	1.001755	-0.321385	
513	1.001787	0.002507	-7.545188	-0.002507	1.001787	-0.967241	
514	1.001985	0.002280	-6.569173	-0.002280	1.001985	-1.008688	
515	1.002391	0.002504	-6.753597	-0.002504	1.002391	-0.972659	
516	1.001730	0.001878	-4.505342	-0.001878	1.001730	0.722826	
517	1.001497	0.001831	-3.560104	-0.001831	1.001497	0.568555	
518	1.001359	0.001298	-3.066276	-0.001298	1.001359	-1.444702	
519	1.001529	0.001069	-2.239087	-0.001069	1.001529	-1.090634	
520	1.001542	0.001101	0.257575	-0.001101	1.001542	0.849978	
521	1.002313	0.001500	-1.264382	-0.001500	1.002313	-2.761200	
522	1.003901	0.001225	-2.663665	-0.001225	1.003901	-3.585937	
523	1.002028	0.000350	0.541267	-0.000350	1.002028	-1.384152	
524	1.001952	0.000663	2.085798	-0.000663	1.001952	-0.904451	
525	1.001956	0.000545	2.891713	-0.000545	1.001956	0.741093	
526	1.001814	0.000479	3.441378	-0.000479	1.001814	0.459273	
527	1.001498	-0.000211	3.911014	0.000211	1.001498	0.101172	
528	1.001726	-0.000597	4.112115	0.000597	1.001726	0.331812	
529	1.001522	-0.001159	4.708714	0.001159	1.001522	0.397909	
530	1.001173	-0.001165	4.819993	0.001165	1.001173	0.529304	
531	1.001461	-0.001039	4.639328	0.001039	1.001461	0.420940	
532	1.001288	-0.000872	4.509413	0.000872	1.001288	0.723848	
533	1.001464	-0.000301	3.670205	0.000301	1.001464	0.787382	
534	1.001304	-0.000694	2.699122	0.000694	1.001304	-0.235496	
535	1.001420	-0.000682	1.236237	0.000682	1.001420	-0.254804	
536	1.000835	-0.000384	1.116330	0.000384	1.000835	0.472677	
537	1.001565	-0.000547	0.545133	0.000547	1.001565	-1.007189	
538	1.001453	-0.000427	-1.783223	0.000427	1.001453	-2.706025	
539	1.001352	-0.001203	-2.523715	0.001203	1.001352	-0.381510	
540	1.001069	-0.001645	-2.364799	0.001645	1.001069	0.418068	
541	1.001717	-0.001374	-3.657178	0.001374	1.001717	-5.191446	
542	1.001654	-0.001498	-3.696517	0.001498	1.001654	-4.383441	
543	1.001393	-0.001552	-2.969115	0.001552	1.001393	-1.722952	
544	1.000927	-0.001743	-3.085575	0.001743	1.000927	-0.878816	
545	1.001357	-0.001836	-4.630256	0.001836	1.001357	-2.155596	
546	1.001141	-0.001626	-5.593688	0.001626	1.001141	-2.690025	
547	1.000965	-0.000936	-6.444401	0.000936	1.000965	-0.367956	
548	1.000716	-0.000734	-6.848988	0.000734	1.000716	-0.026352	
549	1.000762	-0.000383	-6.629721	0.000383	1.000762	0.501462	
550	1.000965	-0.000042	-6.423145	0.000042	1.000965	0.823507	
551	1.000829	0.000486	-5.560682	-0.000486	1.000829	1.259510	
552	1.000524	0.000701	-4.786685	-0.000701	1.000524	1.985886	
553	1.000988	0.000882	-4.625668	-0.000882	1.000988	1.931614	
554	1.000538	0.000578	-3.492602	-0.000578	1.000538	2.564876	
555	1.000912	0.000902	-2.830793	-0.000902	1.000912	3.282126	
556	1.000810	0.000905	-2.464908	-0.000905	1.000810	0.822687	
557	1.001254	0.000790	-0.838816	-0.000790	1.001254	0.862918	
558	1.001545	0.000519	-0.299139	-0.000519	1.001545	1.491509	
559	1.001131	0.000578	0.272917	-0.000578	1.001131	1.818805	
560	1.001789	0.001260	0.934359	-0.001260	1.001789	-2.339867	
561	1.001464	0.000915	2.370452	-0.000915	1.001464	0.644958	
562	1.002128	0.000575	4.329639	-0.000575	1.002128	0.117440	
563	1.003086	0.000866	4.945184	-0.000866	1.003086	0.614459	
564	1.003460	0.000234	5.527253	-0.000234	1.003460	0.641936	
565	1.003055	-0.000762	5.065042	0.000762	1.003055	-1.338490	
566	1.002578	-0.001539	4.828082	0.001539	1.002578	-1.002262	
567	1.003006	-0.001657	4.024922	0.001657	1.003006	-0.821787	
568	1.002503	-0.001009	3.916768	0.001009	1.002503	0.149895	
569	1.002239	-0.001064	4.500211	0.001064	1.002239	0.271873	
570	1.002281	-0.001369	4.478316	0.001369	1.002281	-0.093628	
571	1.002238	-0.001220	4.627464	0.001220	1.002238	-0.150083	
572	1.002272	-0.001291	3.846558	0.001291	1.002272	-0.535863	
573	1.002242	-0.001323	2.875313	0.001323	1.002242	-0.914820	
574	1.002202	-0.000599	1.070768	0.000599	1.002202	-0.571202	
575	1.002144	-0.000498	0.844076	0.000498	1.002144	0.770502	
576	1.002193	-0.000721	-0.639077	0.000721	1.002193	-2.036060	
577	1.002369	-0.000959	-1.157420	0.000959	1.002369	-1.568714	
578	1.001345	-0.001240	-1.708926	0.001240	1.001345	2.943421	
579	1.001570	-0.001160	-4.333548	0.001160	1.001570	-1.266235	
580	1.001796	-0.000394	-3.612447	0.000394	1.001796	-1.907507	
581	1.001194	0.000357	-3.514511	-0.000357	1.001194	-0.574479	
582	1.000861	0.000201	-3.367857	-0.000201	1.000861	1.170809	
583	1.000708	-0.000177	-4.392131	0.000177	1.000708	1.013578	
584	1.000852	0.000048	-5.211685	-0.000048	1.000852	-0.253614	
585	1.001640	0.000831	-6.420498	-0.000831	1.001640	0.179729	
586	1.000971	0.000447	-5.804375	-0.000447	1.000971	1.091261	
587	1.000781	0.000089	-6.034687	-0.000089	1.000781	0.283559	
588	1.001340	0.000339	-5.867139	-0.000339	1.001340	0.126926	
589	1.000475	0.000855	-4.736451	-0.000855	1.000475	1.385903	
590	1.001304	0.000974	-5.274907	-0.000974	1.001304	0.570199	
591	1.001250	0.000718	-4.663517	-0.000718	1.001250	0.105576	
592	1.001135	0.001208	-4.156474	-0.001208	1.001135	0.994269	
593	1.000852	0.001194	-3.177770	-0.001194	1.000852	1.838700	
594	1.001106	0.001318	-2.925575	-0.001318	1.001106	1.366028	
595	1.001219	0.002352	-2.794631	-0.002352	1.001219	1.199021	
596	1.001889	0.001917	-2.579723	-0.001917	1.001889	1.541608	
597	1.001079	0.001785	-1.399714	-0.001785	1.001079	5.302442	
598	1.001319	0.002351	-0.319851	-0.002351	1.001319	2.785664	
599	1.002101	0.002923	-0.188531	-0.002923	1.002101	1.193645	
600	1.001727	0.002201	0.541943	-0.002201	1.001727	2.597934	
601	1.001450	0.001996	1.396583	-0.001996	1.001450	3.635728	
602	1.001447	0.001943	2.648219	-0.001943	1.001447	5.235035	
603	1.001541	0.000942	3.636334	-0.000942	1.001541	3.782795	
604	1.002053	0.000353	3.580199	-0.000353	1.002053	1.782734	
605	1.001898	-0.000817	5.120245	0.000817	1.001898	0.257150	
606	1.002098	-0.001093	5.427148	0.001093	1.002098	-0.361420	
607	1.002587	-0.001512	5.147751	0.001512	1.002587	-1.905201	
608	1.002039	-0.001324	4.307118	0.001324	1.002039	-1.201066	
609	1.001899	-0.001316	4.032706	0.001316	1.001899	-0.801807	
610	1.001774	-0.001421	2.328018	0.001421	1.001774	-0.364357	
611	1.001777	-0.001971	1.442916	0.001971	1.001777	-0.623511	
612	1.001283	-0.002114	1.589599	0.002114	1.001283	-0.286327	
613	1.001174	-0.001306	1.390043	0.001306	1.001174	1.858913	
614	1.001463	-0.001153	0.932678	0.001153	1.001463	0.796783	
615	1.001385	-0.001563	0.008356	0.001563	1.001385	-0.291722	
616	1.001067	-0.001790	-0.746960	0.001790	1.001067	0.287072	
617	1.000519	-0.001368	-1.322235	0.001368	1.000519	1.337952	
618	1.001127	-0.000790	-4.324930	0.000790	1.001127	-1.214930	
619	1.001060	-0.000473	-3.235983	0.000473	1.001060	-0.278763	
620	1.001061	-0.000346	-4.193106	0.000346	1.001061	-0.232465	
621	1.000947	-0.000578	-4.570101	0.000578	1.000947	0.111603	
622	1.000619	-0.000390	-5.073608	0.000390	1.000619	0.899437	
623	1.000640	0.000601	-6.627914	-0.000601	1.000640	0.402034	
624	1.000645	0.000404	-6.294751	-0.000404	1.000645	0.782003	
625	1.000786	0.000485	-6.682921	-0.000485	1.000786	0.556322	
626	1.000801	0.000895	-6.558343	-0.000895	1.000801	0.739434	
627	1.000332	0.000834	-5.797763	-0.000834	1.000332	1.109557	
628	1.000477	0.001397	-5.710273	-0.001397	1.000477	1.742532	
629	1.000753	0.001586	-5.738510	-0.001586	1.000753	1.817422	
630	1.000824	0.001781	-4.741712	-0.001781	1.000824	1.365660	
631	1.000599	0.001448	-3.419735	-0.001448	1.000599	1.855930	
632	1.000880	0.001745	-2.768871	-0.001745	1.000880	2.181205	
633	1.001123	0.002240	-2.955620	-0.002240	1.001123	2.956490	
634	1.001244	0.002193	-1.960708	-0.002193	1.001244	1.496933	
635	1.001678	0.002625	-2.629832	-0.002625	1.001678	4.409325	
636	1.000789	0.001901	-2.496123	-0.001901	1.000789	6.131811	
637	1.000819	0.002289	-3.192887	-0.002289	1.000819	0.756823	
638	1.001286	0.002932	-0.917153	-0.002932	1.001286	3.400225	
639	1.001145	0.003021	-0.607296	-0.003021	1.001145	3.573212	
640	1.001460	0.002745	-0.060162	-0.002745	1.001460	3.056633	
641	1.001585	0.002004	1.357144	-0.002004	1.001585	3.788050	
642	1.001527	0.001996	1.155754	-0.001996	1.001527	1.930130	
643	1.001816	0.000738	2.244636	-0.000738	1.001816	0.458861	
644	1.001523	0.000266	1.539852	-0.000266	1.001523	0.961887	
645	1.001719	0.000534	0.328510	-0.000534	1.001719	0.565962	
646	1.001298	0.000347	0.051809	-0.000347	1.001298	0.988098	
647	1.000931	-0.000031	0.219573	0.000031	1.000931	0.574540	
648	1.001189	-0.000231	-0.184859	0.000231	1.001189	-0.078339	
649	1.000854	-0.000311	-0.122940	0.000311	1.000854	0.019944	
650	1.001188	-0.000594	-0.376570	0.000594	1.001188	-0.805900	
651	1.000856	-0.000079	-1.148761	0.000079	1.000856	0.417716	
652	1.000737	0.000351	-2.147027	-0.000351	1.000737	1.614887	
653	1.001235	0.000468	-3.817217	-0.000468	1.001235	-0.929212	
654	1.001284	0.000650	-4.502018	-0.000650	1.001284	0.052747	
655	1.000469	0.000197	-4.988908	-0.000197	1.000469	1.797024	
656	1.000208	0.000299	-4.370106	-0.000299	1.000208	2.604225	
657	1.000769	0.001238	-5.353893	-0.001238	1.000769	-0.880824	
658	1.000980	0.000553	-4.513220	-0.000553	1.000980	-1.434117	
659	1.000949	0.000628	-4.185102	-0.000628	1.000949	-0.340493	
660	1.000931	0.000501	-4.558587	-0.000501	1.000931	-0.107181	
661	1.000862	0.000872	-5.683407	-0.000872	1.000862	1.263220	
662	1.000733	0.000916	-7.224620	-0.000916	1.000733	1.067010	
663	1.000643	0.000253	-7.195644	-0.000253	1.000643	0.500962	
664	1.000546	0.000433	-7.190670	-0.000433	1.000546	-0.096219	
665	1.000512	0.000944	-7.214450	-0.000944	1.000512	-0.106199	
666	1.000365	0.001117	-7.009349	-0.001117	1.000365	0.181897	
667	1.000639	0.000804	-6.741066	-0.000804	1.000639	-0.352430	
668	1.000804	0.000747	-6.611367	-0.000747	1.000804	-0.505474	
669	1.001049	0.000696	-6.052263	-0.000696	1.001049	-0.103317	
670	1.000838	0.000459	-4.306850	-0.000459	1.000838	0.874491	
671	1.001286	0.001247	-4.565834	-0.001247	1.001286	0.810291	
672	1.001610	0.001457	-4.308217	-0.001457	1.001610	-0.192465	
673	1.001966	0.000660	-3.165648	-0.000660	1.001966	0.825998	
674	1.001458	0.000155	-3.424406	-0.000155	1.001458	0.356382	
675	1.001468	0.000568	-2.625462	-0.000568	1.001468	1.449334	
676	1.002229	0.000802	-3.789222	-0.000802	1.002229	-2.583479	
677	1.001864	0.000475	-2.474250	-0.000475	1.001864	-1.187728	
678	1.001728	0.000683	-1.178903	-0.000683	1.001728	-1.031953	
679	1.001741	0.000997	-0.318586	-0.000997	1.001741	0.857475	
680	1.001367	0.000657	0.906295	-0.000657	1.001367	1.084310	
681	1.001692	0.000310	1.473509	-0.000310	1.001692	-0.442487	
682	1.001668	-0.000421	1.988199	0.000421	1.001668	-0.825091	
683	1.001763	-0.000418	2.773132	0.000418	1.001763	-0.185005	
684	1.002016	-0.000665	3.426430	0.000665	1.002016	-1.609867	
685	1.002355	-0.001198	4.110037	0.001198	1.002355	-2.714552	
686	1.002720	-0.001248	4.235742	0.001248	1.002720	-3.695732	
687	1.002722	-0.000421	3.284221	0.000421	1.002722	-3.583690	
688	1.002628	-0.001116	3.082408	0.001116	1.002628	-5.195405	
689	1.002875	-0.001131	2.203887	0.001131	1.002875	-5.676618	
690	1.002675	-0.000120	0.773776	0.000120	1.002675	-4.405928	
691	1.002563	0.000192	-0.333307	-0.000192	1.002563	-4.228246	
692	1.002003	-0.000661	-0.773064	0.000661	1.002003	-4.894011	
693	1.002327	-0.000654	-1.728102	0.000654	1.002327	-4.884382	
694	1.001941	-0.000117	-3.109462	0.000117	1.001941	-3.991682	
695	1.001567	-0.000656	-3.002352	0.000656	1.001567	-2.477248	
696	1.001891	-0.000678	-3.973817	0.000678	1.001891	-6.510432	
697	1.001979	-0.001022	-2.218244	0.001022	1.001979	-6.432699	
698	1.002771	-0.000776	-2.123451	0.000776	1.002771	-7.161965	
699	1.002717	-0.000688	-2.552306	0.000688	1.002717	-5.480322	
700	1.002065	-0.001546	-3.686843	0.001546	1.002065	-3.041888	
701	1.002366	-0.001901	-5.070427	0.001901	1.002366	-5.994025	
702	1.002212	-0.001915	-5.074103	0.001915	1.002212	-5.964993	
703	1.001924	-0.001626	-5.428605	0.001626	1.001924	-6.094734	
704	1.001796	-0.001289	-4.839644	0.001289	1.001796	-6.580947	
705	1.002739	-0.000566	-4.439024	0.000566	1.002739	-6.299439	
706	1.003381	-0.001047	-3.845994	0.001047	1.003381	-7.144324	
707	1.004237	-0.000736	-4.188225	0.000736	1.004237	-7.992709	
708	1.004251	-0.000866	-3.874999	0.000866	1.004251	-8.341928	
709	1.004568	-0.000975	-4.539887	0.000975	1.004568	-7.198123	
710	1.004972	-0.001199	-5.113827	0.001199	1.004972	-6.033951	
711	1.005000	-0.000298	-5.947478	0.000298	1.005000	-5.535376	
712	1.005575	-0.000390	-6.403537	0.000390	1.005575	-7.003485	
713	1.004618	0.000481	-5.170104	-0.000481	1.004618	-2.758714	
714	1.004807	0.002150	-5.162736	-0.002150	1.004807	-3.212210	
715	1.005249	0.002013	-5.485031	-0.002013	1.005249	-3.918158	
716	1.005578	0.000580	-5.952027	-0.000580	1.005578	-5.370588	
717	1.004651	-0.000024	-4.531610	0.000024	1.004651	-3.572505	
718	1.004592	-0.000411	-4.988396	0.000411	1.004592	-3.396432	
719	1.004431	-0.000395	-4.707315	0.000395	1.004431	-1.697533	
720	1.004940	-0.000467	-6.118764	0.000467	1.004940	-3.066240	
721	1.004794	-0.001002	-5.541837	0.001002	1.004794	-4.092265	
722	1.004664	-0.001638	-4.941396	0.001638	1.004664	-3.992431	
723	1.004210	-0.001636	-4.719269	0.001636	1.004210	-4.430066	
724	1.004503	-0.001566	-5.433506	0.001566	1.004503	-4.996323	
725	1.004407	-0.001428	-5.983278	0.001428	1.004407	-4.357158	
726	1.004798	-0.001468	-8.076109	0.001468	1.004798	-5.018305	
727	1.004352	-0.002042	-8.218915	0.002042	1.004352	-5.924823	
728	1.004252	-0.002024	-9.480462	0.002024	1.004252	-6.578713	
729	1.003531	-0.001883	-8.927480	0.001883	1.003531	-5.531206	
730	1.003499	-0.001915	-9.241845	0.001915	1.003499	-4.718885	
731	1.003992	-0.001298	-10.275189	0.001298	1.003992	-4.715502	
732	1.003972	-0.001250	-11.090678	0.001250	1.003972	-6.551179	
733	1.002098	-0.000525	-8.131167	0.000525	1.002098	0.795611	
734	1.001463	-0.001730	-9.764525	0.001730	1.001463	-2.570403	
735	1.001345	-0.001047	-8.162523	0.001047	1.001345	-2.730312	
736	0.999084	-0.001298	-7.856815	0.001298	0.999084	-2.160328	
737	0.998238	-0.002514	-14.256205	0.002514	0.998238	-3.213144	
738	0.997429	-0.001763	-17.037678	0.001763	0.997429	0.958358	
739	1.000769	-0.000793	-15.491535	0.000793	1.000769	0.690734	
740	1.000974	-0.000069	-10.701009	0.000069	1.000974	0.942474	
741	1.000060	0.001237	-13.538256	-0.001237	1.000060	2.803416	
742	1.000510	0.001005	-12.129587	-0.001005	1.000510	2.200168	
743	1.002148	0.001080	-14.676303	-0.001080	1.002148	0.866853	
744	1.001142	0.001043	-13.936324	-0.001043	1.001142	1.645283	
745	1.003632	0.000769	-16.950556	-0.000769	1.003632	0.018761	
746	0.998632	0.001708	-9.797448	-0.001708	0.998632	3.097205	
747	1.002053	0.000944	-13.932321	-0.000944	1.002053	1.205319	
748	1.003642	0.000657	-14.568079	-0.000657	1.003642	1.370720	
749	0.999960	0.001358	-8.162750	-0.001358	0.999960	4.941625	
750	1.002411	0.001474	-10.137380	-0.001474	1.002411	2.208343	
751	1.003272	0.001543	-9.397167	-0.001543	1.003272	1.350621	
752	1.002927	0.001874	-8.068036	-0.001874	1.002927	3.724255	
753	1.002421	0.001955	-7.232973	-0.001955	1.002421	2.963449	
754	1.003117	0.002555	-7.070534	-0.002555	1.003117	0.615972	
755	1.003194	0.002165	-5.640523	-0.002165	1.003194	2.224003	
756	1.002737	0.000635	-4.269404	-0.000635	1.002737	1.893410	
757	1.002579	0.000885	-2.588531	-0.000885	1.002579	2.998000	
758	1.002697	0.001106	-1.855580	-0.001106	1.002697	3.386129	
759	1.002858	-0.000116	-1.144553	0.000116	1.002858	0.884408	
760	1.002507	-0.000598	-0.571575	0.000598	1.002507	1.204181	
761	1.002866	-0.000684	-0.586979	0.000684	1.002866	0.772845	
762	1.002751	-0.000754	-0.343864	0.000754	1.002751	0.372773	
763	1.003002	-0.000443	-0.154261	0.000443	1.003002	0.005481	
764	1.002755	-0.000635	0.186739	0.000635	1.002755	-1.110256	
765	1.002882	-0.000268	-0.622214	0.000268	1.002882	-1.206232	
766	1.002849	-0.000402	-1.603783	0.000402	1.002849	-1.985540	
767	1.002188	-0.000934	-1.935216	0.000934	1.002188	-2.205396	
768	1.001581	-0.000807	-1.675394	0.000807	1.001581	-0.940661	
769	1.002058	-0.000255	-3.114898	0.000255	1.002058	-2.112630	
770	1.001695	-0.000378	-4.287663	0.000378	1.001695	-2.994153	
771	1.001622	-0.001452	-3.556048	0.001452	1.001622	0.258110	
772	1.000197	-0.002281	-3.997376	0.002281	1.000197	-2.967673	
773	1.001942	-0.001598	-5.902611	0.001598	1.001942	-4.608719	
774	1.001138	-0.000904	-5.821302	0.000904	1.001138	-3.806895	
775	1.001665	-0.000390	-7.681505	0.000390	1.001665	-2.089414	
776	0.999856	-0.000244	-6.122467	0.000244	0.999856	0.906046	
777	1.000366	0.000098	-8.153656	-0.000098	1.000366	0.502487	
778	0.999636	0.000232	-7.483803	-0.000232	0.999636	0.350960	
779	0.999460	0.000528	-7.082623	-0.000528	0.999460	0.864497	
780	0.999861	0.001264	-6.908984	-0.001264	0.999861	0.988431	
781	1.000091	0.001486	-6.214325	-0.001486	1.000091	0.953601	
782	1.000286	0.001392	-4.161248	-0.001392	1.000286	1.101136	
783	1.000225	0.001120	-3.466603	-0.001120	1.000225	0.570547	
784	1.000374	0.000841	-2.673009	-0.000841	1.000374	-0.192150	
785	1.000885	0.000795	-1.857378	-0.000795	1.000885	0.035096	
786	1.001591	-0.000499	-2.331786	0.000499	1.001591	-0.091406	
787	1.001442	0.000542	-1.759936	-0.000542	1.001442	2.236368	
788	1.000821	0.000467	-0.427459	-0.000467	1.000821	1.942295	
789	1.002057	-0.000324	0.729129	0.000324	1.002057	-1.192190	
790	1.003074	0.001015	0.884118	-0.001015	1.003074	3.278617	
791	1.002814	0.001548	2.310280	-0.001548	1.002814	3.011853	
792	1.004567	0.003493	2.581910	-0.003493	1.004567	0.698650	
793	1.005262	0.003333	3.899272	-0.003333	1.005262	1.583417	
794	1.005182	0.002538	3.973951	-0.002538	1.005182	2.773450	
795	1.005265	0.002395	4.063164	-0.002395	1.005265	3.472764	
796	1.004943	0.002174	2.164333	-0.002174	1.004943	4.913864	
797	1.004252	0.001682	1.214397	-0.001682	1.004252	3.669887	
798	1.003765	0.000299	1.640340	-0.000299	1.003765	2.692569	
799	1.003372	-0.000702	1.721266	0.000702	1.003372	2.192798	
800	1.003054	-0.000060	1.254990	0.000060	1.003054	2.564353	
801	1.002523	-0.000398	1.606072	0.000398	1.002523	2.014691	
802	1.002814	-0.001550	2.587427	0.001550	1.002814	0.176716	
803	1.002678	-0.001612	2.544287	0.001612	1.002678	-0.613390	
804	1.002266	-0.001912	2.715305	0.001912	1.002266	-1.604300	
805	1.002006	-0.001524	1.944131	0.001524	1.002006	-2.077887	
806	1.002249	-0.001555	1.248140	0.001555	1.002249	-1.851448	
807	1.002041	-0.001521	1.005994	0.001521	1.002041	-1.425571	
808	1.002116	-0.001849	-0.175289	0.001849	1.002116	-3.901763	
809	1.001535	-0.002055	0.399639	0.002055	1.001535	-3.215447	
810	1.001302	-0.002259	0.918507	0.002259	1.001302	0.278135	
811	1.002827	-0.000771	-3.607593	0.000771	1.002827	-4.490291	
812	1.002329	-0.000667	-3.077426	0.000667	1.002329	-3.526390	
813	1.001696	0.000309	-2.665382	-0.000309	1.001696	-2.097211	
814	1.002213	0.000173	-2.708706	-0.000173	1.002213	-0.720107	
815	1.002825	0.000979	-4.401440	-0.000979	1.002825	0.583620	
816	1.002517	0.001264	-5.347770	-0.001264	1.002517	0.111947	
817	1.002197	0.002427	-6.040492	-0.002427	1.002197	2.500376	
818	1.001133	0.001483	-5.012655	-0.001483	1.001133	1.130783	
819	1.002139	0.001878	-6.303401	-0.001878	1.002139	0.699122	
820	1.001408	0.001670	-4.034021	-0.001670	1.001408	1.481404	
821	1.002241	0.002688	-5.452137	-0.002688	1.002241	1.876276	
822	1.001978	0.001483	-4.324111	-0.001483	1.001978	0.360168	
823	1.002998	0.001665	-3.850760	-0.001665	1.002998	0.457545	
824	1.003058	0.001425	-3.399879	-0.001425	1.003058	0.217087	
825	1.002498	0.001261	-2.689324	-0.001261	1.002498	0.518721	
826	1.003438	0.001888	-3.777603	-0.001888	1.003438	-0.244942	
827	1.003482	0.001964	-1.875521	-0.001964	1.003482	0.097821	
828	1.004749	0.001406	-3.092003	-0.001406	1.004749	2.442115	
829	1.003592	0.001846	-1.354290	-0.001846	1.003592	1.786624	
830	1.006969	0.003148	-4.579951	-0.003148	1.006969	-0.467044	
831	1.009642	0.002126	-5.918363	-0.002126	1.009642	-1.016703	
832	1.007060	0.000333	-2.415593	-0.000333	1.007060	-1.765286	
833	1.007752	-0.000240	-2.176101	0.000240	1.007752	-1.992789	
834	1.006032	0.000415	-0.078888	-0.000415	1.006032	0.318647	
835	1.005192	-0.000468	1.284919	0.000468	1.005192	-0.809317	
836	1.004515	-0.001226	2.375433	0.001226	1.004515	-1.455391	
837	1.004466	-0.001384	2.023156	0.001384	1.004466	-2.139522	
838	1.005086	-0.001177	1.017835	0.001177	1.005086	-2.741179	
839	1.004747	-0.002358	1.424625	0.002358	1.004747	-4.014031	
840	1.004018	-0.002543	2.316760	0.002543	1.004018	-4.732853	
841	1.004123	-0.002705	1.721577	0.002705	1.004123	-5.503707	
842	1.004790	-0.002647	1.078650	0.002647	1.004790	-7.130125	
843	1.005125	-0.002391	0.568400	0.002391	1.005125	-7.222839	
844	1.006520	-0.000533	-3.144344	0.000533	1.006520	-6.320208	
845	1.005029	0.001280	-3.191270	-0.001280	1.005029	-2.443582	
846	1.003250	0.000083	-2.240745	-0.000083	1.003250	-5.565010	
847	1.004458	0.001273	-5.181306	-0.001273	1.004458	-3.495120	
848	1.001580	0.000167	-2.393338	-0.000167	1.001580	-1.059260	
849	1.003225	0.001477	-6.918246	-0.001477	1.003225	-3.052289	
850	1.003140	0.001187	-5.774968	-0.001187	1.003140	-4.337785	
851	1.002328	0.000175	-4.615655	-0.000175	1.002328	-5.484525	
852	1.001525	0.000533	-3.944461	-0.000533	1.001525	-3.504337	
853	1.003232	0.000169	-5.660801	-0.000169	1.003232	-2.296970	
854	1.001707	-0.000020	-5.393605	0.000020	1.001707	-3.118863	
855	1.002876	0.001575	-7.892228	-0.001575	1.002876	-1.773221	
856	1.002104	0.000142	-7.341252	-0.000142	1.002104	-1.872523	
857	1.002175	0.001180	-8.131046	-0.001180	1.002175	-1.933068	
858	1.003587	0.000955	-9.712034	-0.000955	1.003587	-2.115280	
859	1.005619	0.002206	-10.456248	-0.002206	1.005619	-1.490153	
860	1.001269	0.001313	-3.788627	-0.001313	1.001269	-1.861614	
861	1.001124	0.001441	-1.967105	-0.001441	1.001124	-1.126133	
862	1.001617	0.001555	-3.186724	-0.001555	1.001617	-0.442853	
863	1.001859	0.002095	-1.768044	-0.002095	1.001859	0.530853	
864	1.002682	0.002401	-1.740468	-0.002401	1.002682	0.917466	
865	1.001796	0.002652	-1.481534	-0.002652	1.001796	1.203776	
866	1.002121	0.004225	-2.367754	-0.004225	1.002121	5.797771	
867	1.001523	0.008029	-4.478036	-0.008029	1.001523	9.704220	
868	1.001584	0.004332	-3.418180	-0.004332	1.001584	4.529837	
869	1.002098	0.004324	-3.622525	-0.004324	1.002098	4.976583	
870	1.002039	0.003631	-3.426822	-0.003631	1.002039	6.062967	
871	1.001457	0.003164	-2.840808	-0.003164	1.001457	6.077395	
872	1.001966	0.003318	-2.781230	-0.003318	1.001966	5.576050	
873	1.002238	0.002936	-2.990998	-0.002936	1.002238	4.495889	
874	1.001993	0.001857	-2.053463	-0.001857	1.001993	3.124925	
875	1.001825	0.001016	-1.499249	-0.001016	1.001825	2.200996	
876	1.001607	0.000539	-2.431218	-0.000539	1.001607	0.917490	
877	1.001695	0.000710	-3.609052	-0.000710	1.001695	0.067474	
878	1.001785	-0.000165	-3.881631	0.000165	1.001785	-0.970820	
879	1.001882	-0.000947	-3.814250	0.000947	1.001882	-2.181674	
880	1.002067	-0.001103	-3.742235	0.001103	1.002067	-2.781569	
881	1.001794	-0.001652	-3.501271	0.001652	1.001794	-2.573138	
882	1.001597	-0.002069	-3.176299	0.002069	1.001597	-2.816445	
883	1.001601	-0.001782	-4.793454	0.001782	1.001601	-3.673009	
884	1.002170	-0.001715	-5.514608	0.001715	1.002170	-3.996912	
885	1.001232	-0.002176	-4.114897	0.002176	1.001232	-1.035418	
886	1.001710	-0.004960	-5.263876	0.004960	1.001710	-3.236670	
887	1.001387	-0.003134	-6.955903	0.003134	1.001387	-4.926713	
888	1.001599	-0.003491	-9.329546	0.003491	1.001599	-4.609516	
889	0.999284	-0.003623	-13.457177	0.003623	0.999284	-2.197146	
890	1.001162	-0.002900	-14.312735	0.002900	1.001162	-0.447533	
891	1.001533	-0.002388	-12.602310	0.002388	1.001533	0.015924	
892	1.001992	-0.001321	-13.498951	0.001321	1.001992	0.660021	
893	1.001968	-0.001330	-11.387308	0.001330	1.001968	1.445525	
894	1.002263	-0.001652	-10.957563	0.001652	1.002263	0.676254	
895	1.002195	-0.000809	-9.724656	0.000809	1.002195	1.257479	
896	1.001638	-0.000446	-7.870325	0.000446	1.001638	1.496557	
897	1.001590	-0.000408	-4.788400	0.000408	1.001590	1.769794	
898	1.001508	0.000388	-3.645218	-0.000388	1.001508	1.214877	
899	1.001658	-0.000248	-0.281968	0.000248	1.001658	0.386885	
