0	1.000000	0.000000	0.000000	0.000000	1.000000	0.000000	
1	1.000070	-0.000134	1.220981	0.000134	1.000070	0.243314	
2	1.000170	-0.000196	1.646872	0.000196	1.000170	0.379428	
3	1.000212	-0.000167	2.190967	0.000167	1.000212	0.346254	
4	1.000372	-0.000171	2.637767	0.000171	1.000372	0.230329	
5	1.000459	-0.000188	3.097504	0.000188	1.000459	0.258444	
6	1.000484	-0.000255	3.645674	0.000255	1.000484	0.288382	
7	1.000613	-0.000277	4.075936	0.000277	1.000613	0.245762	
8	1.000559	-0.000356	4.456040	0.000356	1.000559	0.210249	
9	1.000000	-0.000000	-0.000039	0.000000	1.000000	0.001430	
10	1.000625	-0.000343	4.840689	0.000343	1.000625	0.086514	
11	1.000245	-0.001359	12.704932	0.001359	1.000245	-0.222485	
12	0.999942	-0.000747	7.130527	0.000747	0.999942	-0.271500	
13	1.000113	-0.000813	7.400583	0.000813	1.000113	-0.335960	
14	1.000139	-0.000847	7.771959	0.000847	1.000139	-0.387125	
15	1.000322	-0.001000	8.140118	0.001000	1.000322	-0.497991	
16	1.000066	-0.000950	8.761314	0.000950	1.000066	-0.342657	
17	1.000307	-0.000981	9.270480	0.000981	1.000307	-0.367855	
18	1.000176	-0.001098	9.915302	0.001098	1.000176	-0.359602	
19	1.000027	-0.001106	10.471552	0.001106	1.000027	-0.320751	
20	1.000160	-0.001229	10.824402	0.001229	1.000160	-0.497891	
21	0.999944	-0.001270	11.069095	0.001270	0.999944	-0.406159	
22	0.999846	-0.001277	11.293085	0.001277	0.999846	-0.322907	
23	1.000053	-0.001148	11.382277	0.001148	1.000053	-0.283182	
24	1.000008	-0.001221	11.559958	0.001221	1.000008	-0.319531	
25	1.000158	-0.001269	11.514804	0.001269	1.000158	-0.530333	
26	1.000127	-0.001287	11.489832	0.001287	1.000127	-0.756111	
27	1.000142	-0.001282	11.603577	0.001282	1.000142	-0.811757	
28	0.999443	-0.001265	11.908987	0.001265	0.999443	-0.709567	
29	1.000004	-0.001287	11.882667	0.001287	1.000004	-0.946722	
30	0.999908	-0.001225	12.218225	0.001225	0.999908	-0.927984	
31	0.999750	-0.001389	12.803523	0.001389	0.999750	-0.627574	
32	0.999762	-0.001421	13.690846	0.001421	0.999762	-0.690221	
33	0.999892	-0.001634	14.182974	0.001634	0.999892	-0.829460	
34	0.999848	-0.001767	14.654708	0.001767	0.999848	-1.015512	
35	0.999858	-0.001735	15.204349	0.001735	0.999858	-1.350700	
36	0.999955	-0.001626	15.648164	0.001626	0.999955	-1.403617	
37	0.999961	-0.001542	16.206592	0.001542	0.999961	-1.307092	
38	1.000084	-0.001572	16.683318	0.001572	1.000084	-1.321040	
39	1.000354	-0.001754	16.919441	0.001754	1.000354	-1.445776	
40	1.000515	-0.002023	17.256266	0.002023	1.000515	-1.697845	
41	1.000340	-0.002225	17.539914	0.002225	1.000340	-1.914564	
42	1.000673	-0.002233	17.145482	0.002233	1.000673	-2.249697	
43	1.000267	-0.002673	16.997420	0.002673	1.000267	-2.791853	
44	1.000106	-0.002416	16.599017	0.002416	1.000106	-2.728721	
45	1.000560	-0.002322	15.785804	0.002322	1.000560	-2.776640	
46	1.000649	-0.002170	15.194039	0.002170	1.000649	-2.760345	
47	1.000994	-0.001963	14.010808	0.001963	1.000994	-2.809751	
48	1.000477	-0.001985	13.512198	0.001985	1.000477	-2.747440	
49	1.000375	-0.002023	12.412089	0.002023	1.000375	-2.820928	
50	0.999959	-0.001931	11.571161	0.001931	0.999959	-2.723487	
51	0.999978	-0.001690	10.352667	0.001690	0.999978	-2.563193	
52	1.000079	-0.001410	9.065341	0.001410	1.000079	-2.398801	
53	1.002262	-0.000064	5.478595	0.000064	1.002262	-1.757117	
54	1.000441	-0.000818	6.315509	0.000818	1.000441	-1.882575	
55	1.000899	-0.000140	4.385559	0.000140	1.000899	-1.457302	
56	1.000750	-0.000200	3.508014	0.000200	1.000750	-1.442265	
57	1.000541	-0.000235	2.666389	0.000235	1.000541	-1.467443	
58	1.000371	-0.000217	1.957730	0.000217	1.000371	-1.352758	
59	1.000343	-0.000122	1.024578	0.000122	1.000343	-1.165758	
60	1.000151	-0.000158	0.211645	0.000158	1.000151	-1.013766	
61	1.000145	0.000051	-0.942817	-0.000051	1.000145	-0.650838	
62	0.999998	0.000028	-1.438117	-0.000028	0.999998	-0.327287	
63	1.000109	0.000162	-2.174386	-0.000162	1.000109	0.159226	
64	0.999668	0.000076	-2.331955	-0.000076	0.999668	0.350277	
65	0.999559	-0.000147	-2.584501	0.000147	0.999559	0.369122	
66	0.999493	-0.000151	-2.889166	0.000151	0.999493	0.489646	
67	0.999602	-0.000278	-3.217909	0.000278	0.999602	0.415581	
68	0.999551	-0.000241	-3.466919	0.000241	0.999551	0.459149	
69	0.999562	-0.000076	-3.659938	0.000076	0.999562	0.415195	
70	0.999402	0.000072	-3.521986	-0.000072	0.999402	0.571361	
71	0.999661	0.000019	-3.980098	-0.000019	0.999661	0.505905	
72	0.999252	-0.000058	-3.925194	0.000058	0.999252	0.483011	
73	0.999224	-0.000002	-4.102895	0.000002	0.999224	0.500843	
74	0.999183	0.000022	-4.177466	-0.000022	0.999183	0.527938	
75	0.999303	0.000004	-4.313889	-0.000004	0.999303	0.613480	
76	0.999528	0.000106	-4.520821	-0.000106	0.999528	0.706754	
77	0.999502	0.000086	-4.467286	-0.000086	0.999502	0.748496	
78	0.999445	0.000033	-4.521963	-0.000033	0.999445	0.685448	
79	0.999391	-0.000068	-4.429442	0.000068	0.999391	0.606900	
80	0.999409	-0.000050	-4.424486	0.000050	0.999409	0.569301	
81	0.999223	-0.000117	-4.218383	0.000117	0.999223	0.534165	
82	0.999163	-0.000132	-4.111827	0.000132	0.999163	0.420411	
83	0.999136	-0.000070	-3.971205	0.000070	0.999136	0.474735	
84	0.999201	0.000008	-3.825343	-0.000008	0.999201	0.479192	
85	0.999036	-0.000005	-3.587156	0.000005	0.999036	0.585427	
86	0.998895	0.000297	-3.388833	-0.000297	0.998895	0.786924	
87	0.998990	0.000337	-3.451325	-0.000337	0.998990	0.820120	
88	0.999118	0.000487	-3.447844	-0.000487	0.999118	0.793441	
89	0.998916	0.000171	-3.090078	-0.000171	0.998916	0.555871	
90	0.998935	0.000279	-2.998311	-0.000279	0.998935	0.618826	
91	0.999057	0.000030	-3.018428	-0.000030	0.999057	0.453612	
92	0.998738	-0.000091	-2.701349	0.000091	0.998738	0.432711	
93	0.998859	-0.000059	-2.814672	0.000059	0.998859	0.484785	
94	0.998927	-0.000103	-2.872412	0.000103	0.998927	0.303789	
95	0.999074	-0.000140	-2.914209	0.000140	0.999074	0.195728	
96	0.998436	0.000365	-2.148174	-0.000365	0.998436	0.570684	
97	0.999023	0.000190	-2.610954	-0.000190	0.999023	0.423058	
98	0.999435	0.000132	-2.901545	-0.000132	0.999435	0.305939	
99	0.999590	0.000086	-3.016488	-0.000086	0.999590	0.271487	
100	0.999368	0.000136	-2.935459	-0.000136	0.999368	0.281377	
101	0.999359	-0.000087	-3.291661	0.000087	0.999359	0.093218	
102	0.998951	-0.000110	-3.457646	0.000110	0.998951	0.066070	
103	0.998677	-0.000202	-3.794105	0.000202	0.998677	0.029577	
104	0.998393	-0.000112	-4.017453	0.000112	0.998393	0.193042	
105	0.998166	0.000067	-4.158632	-0.000067	0.998166	0.478706	
106	0.998162	0.000141	-4.642643	-0.000141	0.998162	0.718571	
107	0.999514	0.000544	-6.774941	-0.000544	0.999514	0.592342	
108	1.000007	0.000003	0.001421	-0.000003	1.000007	0.000560	
109	0.998853	0.000897	-6.661230	-0.000897	0.998853	0.931172	
110	0.999648	0.001614	-15.979514	-0.001614	0.999648	0.961716	
111	0.999400	0.001299	-7.582673	-0.001299	0.999400	0.970086	
112	0.999011	0.001234	-7.238466	-0.001234	0.999011	1.111715	
113	0.999459	0.001086	-7.591320	-0.001086	0.999459	0.853142	
114	0.995679	0.000751	-4.151456	-0.000751	0.995679	1.460147	
115	0.999975	0.000915	-8.164248	-0.000915	0.999975	0.409344	
116	0.997998	0.000795	-6.369226	-0.000795	0.997998	0.444783	
117	0.999505	0.001580	-7.689210	-0.001580	0.999505	0.722728	
118	0.998186	0.001825	-6.531115	-0.001825	0.998186	1.159642	
119	0.999567	0.002053	-7.477940	-0.002053	0.999567	1.231719	
120	0.997178	0.001368	-5.205413	-0.001368	0.997178	1.179630	
121	0.999406	0.001830	-7.215514	-0.001830	0.999406	1.169539	
122	0.998648	0.001720	-6.510956	-0.001720	0.998648	1.194825	
123	0.999694	0.001388	-7.183919	-0.001388	0.999694	0.820077	
124	0.999766	0.001481	-7.179986	-0.001481	0.999766	0.980457	
125	1.000175	0.001411	-7.102069	-0.001411	1.000175	0.798214	
126	0.999988	0.001385	-6.839230	-0.001385	0.999988	0.871726	
127	1.000016	0.001476	-6.731027	-0.001476	1.000016	1.101690	
128	0.999703	0.001439	-6.454857	-0.001439	0.999703	1.188327	
129	1.000028	0.001451	-6.585039	-0.001451	1.000028	1.098663	
130	0.999464	0.001322	-6.040741	-0.001322	0.999464	1.103585	
131	0.998801	0.000889	-4.910640	-0.000889	0.998801	0.848266	
132	0.998851	0.000740	-4.837482	-0.000740	0.998851	0.705280	
133	0.999042	0.000900	-5.302294	-0.000900	0.999042	0.628648	
134	0.998449	0.000307	-4.641498	-0.000307	0.998449	0.353042	
135	0.998416	0.000311	-4.899319	-0.000311	0.998416	0.295544	
136	0.998865	-0.000058	-5.284037	0.000058	0.998865	-0.023296	
137	0.999564	0.000608	-6.195149	-0.000608	0.999564	0.170785	
138	0.999262	0.000722	-5.815320	-0.000722	0.999262	0.473353	
139	0.999115	0.000532	-5.309954	-0.000532	0.999115	0.581256	
140	0.999351	0.000492	-4.883838	-0.000492	0.999351	0.664655	
141	0.999526	0.000624	-4.403935	-0.000624	0.999526	0.751548	
142	0.999549	0.000663	-3.777438	-0.000663	0.999549	0.789546	
143	0.999412	0.000393	-2.783886	-0.000393	0.999412	0.524652	
144	0.999455	0.000258	-1.967029	-0.000258	0.999455	0.149680	
145	0.999643	0.000143	-1.117347	-0.000143	0.999643	0.014667	
146	0.999747	0.000088	-0.472656	-0.000088	0.999747	-0.029130	
147	0.999903	0.000106	0.167681	-0.000106	0.999903	-0.022671	
148	0.999985	0.000113	0.657470	-0.000113	0.999985	0.088794	
149	1.000132	0.000152	0.722904	-0.000152	1.000132	0.190394	
150	1.000197	0.000119	0.960768	-0.000119	1.000197	0.216762	
151	1.000181	0.000074	1.399275	-0.000074	1.000181	0.262924	
152	1.000173	-0.000008	2.011856	0.000008	1.000173	0.185761	
153	1.000207	0.000003	2.550554	-0.000003	1.000207	0.166931	
154	1.000337	-0.000096	2.752109	0.000096	1.000337	-0.043432	
155	1.000391	-0.000097	2.831231	0.000097	1.000391	-0.091225	
156	1.000738	-0.000223	2.915216	0.000223	1.000738	-0.336068	
157	1.000500	-0.000158	3.671433	0.000158	1.000500	-0.249600	
158	1.000523	-0.000100	4.094430	0.000100	1.000523	-0.207068	
159	1.000480	-0.000263	4.356650	0.000263	1.000480	-0.296016	
160	1.000463	-0.000247	4.771767	0.000247	1.000463	-0.274147	
161	1.000430	-0.000164	4.986442	0.000164	1.000430	-0.206491	
162	1.000266	-0.000184	5.412283	0.000184	1.000266	-0.377457	
163	1.000028	-0.000266	5.864641	0.000266	1.000028	-0.335991	
164	1.000299	-0.000230	5.634767	0.000230	1.000299	-0.403555	
165	1.000722	-0.000361	5.361438	0.000361	1.000722	-0.526290	
166	1.000420	-0.000378	5.566384	0.000378	1.000420	-0.442318	
167	1.000559	-0.000328	5.559273	0.000328	1.000559	-0.353345	
168	1.000611	-0.000349	5.376924	0.000349	1.000611	-0.380866	
169	0.999938	-0.000833	6.197407	0.000833	0.999938	-0.430710	
170	1.000043	-0.000927	5.848291	0.000927	1.000043	-0.571194	
171	1.000069	-0.000973	5.950190	0.000973	1.000069	-0.621276	
172	1.000868	-0.000504	4.867950	0.000504	1.000868	-0.632380	
173	1.000447	-0.000612	5.146370	0.000612	1.000447	-0.649354	
174	1.000707	-0.000303	4.770857	0.000303	1.000707	-0.571710	
175	1.000284	-0.000291	5.160787	0.000291	1.000284	-0.445347	
176	1.000883	-0.000708	4.478787	0.000708	1.000883	-0.914482	
177	1.000473	-0.000268	4.715836	0.000268	1.000473	-0.561157	
178	1.000584	-0.000289	4.493815	0.000289	1.000584	-0.606624	
179	1.000504	-0.000453	4.401078	0.000453	1.000504	-0.677500	
180	1.000829	-0.000613	4.231179	0.000613	1.000829	-0.847990	
181	1.000903	-0.000394	3.935195	0.000394	1.000903	-0.757768	
182	1.000222	-0.000471	4.270151	0.000471	1.000222	-0.676710	
183	1.000296	-0.000305	4.072717	0.000305	1.000296	-0.596277	
184	1.000481	-0.000265	3.985900	0.000265	1.000481	-0.536989	
185	1.000141	-0.000319	4.054827	0.000319	1.000141	-0.487523	
186	1.000513	-0.000404	3.883080	0.000404	1.000513	-0.557128	
187	1.000721	-0.000485	3.606176	0.000485	1.000721	-0.629583	
188	1.000606	-0.000573	3.782773	0.000573	1.000606	-0.615532	
189	1.000829	-0.000590	3.736336	0.000590	1.000829	-0.598547	
190	1.001432	-0.000296	3.735763	0.000296	1.001432	-0.390283	
191	1.001612	-0.000114	3.788290	0.000114	1.001612	-0.372523	
192	1.002159	0.000177	3.237663	-0.000177	1.002159	-0.331836	
193	1.001719	-0.000300	3.734752	0.000300	1.001719	-0.492744	
194	1.001328	-0.000239	4.138041	0.000239	1.001328	-0.334474	
195	1.001684	-0.000321	4.181516	0.000321	1.001684	-0.639093	
196	1.000664	-0.000456	5.522077	0.000456	1.000664	-0.623872	
197	1.001188	0.000082	4.917560	-0.000082	1.001188	-0.520880	
198	1.000969	-0.000373	4.654092	0.000373	1.000969	-0.733341	
199	1.000756	-0.000570	4.378621	0.000570	1.000756	-0.807104	
200	1.000692	-0.000648	4.097079	0.000648	1.000692	-0.821668	
201	1.000557	-0.000635	3.785593	0.000635	1.000557	-0.714141	
202	1.000734	-0.000620	3.356301	0.000620	1.000734	-0.646596	
203	1.000661	-0.000615	2.834775	0.000615	1.000661	-0.561210	
204	1.000709	-0.000561	2.622424	0.000561	1.000709	-0.434659	
205	1.000610	-0.000504	2.303032	0.000504	1.000610	-0.241957	
206	1.000252	-0.000406	2.245719	0.000406	1.000252	-0.206857	
207	0.999927	-0.000545	2.223404	0.000545	0.999927	-0.289235	
208	0.999812	-0.000571	2.036710	0.000571	0.999812	-0.343384	
209	0.999805	-0.000648	1.938594	0.000648	0.999805	-0.353158	
210	0.999910	-0.000519	1.552463	0.000519	0.999910	-0.264017	
211	1.000012	-0.000430	1.214046	0.000430	1.000012	-0.218356	
212	0.999847	-0.000520	1.036669	0.000520	0.999847	-0.239070	
213	0.999998	-0.000469	0.653079	0.000469	0.999998	-0.229062	
214	0.999869	-0.000362	0.527823	0.000362	0.999869	-0.216865	
215	0.999936	-0.000257	0.199248	0.000257	0.999936	-0.102421	
216	0.999832	-0.000214	0.085942	0.000214	0.999832	-0.081187	
217	0.999810	-0.000161	0.044545	0.000161	0.999810	-0.021322	
218	0.999804	-0.000110	-0.086322	0.000110	0.999804	0.082580	
219	0.999813	-0.000239	-0.094524	0.000239	0.999813	0.024261	
220	0.999902	-0.000314	-0.137897	0.000314	0.999902	-0.054362	
221	0.999930	-0.000278	-0.021846	0.000278	0.999930	-0.106114	
222	1.000013	-0.000388	0.064061	0.000388	1.000013	-0.129283	
223	0.999936	-0.000190	0.181455	0.000190	0.999936	-0.102886	
224	0.999906	-0.000094	0.213901	0.000094	0.999906	-0.052245	
225	0.999980	-0.000074	0.157154	0.000074	0.999980	0.081707	
226	0.999939	-0.000307	-0.031400	0.000307	0.999939	-0.020438	
227	1.000068	-0.000301	-0.096959	0.000301	1.000068	0.009256	
228	1.000094	-0.000319	-0.117569	0.000319	1.000094	-0.103326	
229	1.000076	-0.000197	0.048654	0.000197	1.000076	-0.204811	
230	1.000117	-0.000070	0.058072	0.000070	1.000117	-0.204664	
231	1.000027	-0.000040	0.127558	0.000040	1.000027	-0.218684	
232	1.000043	0.000010	0.109597	-0.000010	1.000043	-0.165601	
233	1.000059	-0.000006	0.062634	0.000006	1.000059	-0.118248	
234	1.000154	0.000041	-0.008614	-0.000041	1.000154	-0.037214	
235	1.000177	0.000022	-0.050095	-0.000022	1.000177	-0.034399	
236	1.000333	-0.000022	-0.035576	0.000022	1.000333	-0.004020	
237	1.000365	-0.000036	0.029198	0.000036	1.000365	-0.005913	
238	1.000424	-0.000017	0.025675	0.000017	1.000424	-0.033408	
239	1.000095	0.000265	0.043597	-0.000265	1.000095	0.110082	
240	0.999999	-0.000000	0.000851	0.000000	0.999999	-0.000293	
241	0.999905	0.000409	0.149282	-0.000409	0.999905	0.173232	
242	1.000105	0.000454	0.288902	-0.000454	1.000105	0.129123	
