0	1.000000	0.000000	0.000000	0.000000	1.000000	0.000000	
1	1.000001	-0.000094	0.200903	0.000094	1.000001	0.017969	
2	1.000018	-0.000064	0.019513	0.000064	1.000018	-0.003149	
3	1.000004	-0.000038	-0.025973	0.000038	1.000004	-0.017718	
4	0.999999	-0.000037	-0.017114	0.000037	0.999999	-0.014397	
5	1.000010	-0.000032	-0.011384	0.000032	1.000010	-0.011630	
6	0.999996	-0.000007	-0.007812	0.000007	0.999996	-0.004071	
7	0.999994	-0.000008	0.000718	0.000008	0.999994	-0.019399	
8	0.999987	-0.000006	0.008640	0.000006	0.999987	-0.013973	
9	0.999987	0.000005	0.007130	-0.000005	0.999987	-0.008483	
10	0.999978	0.000004	0.001477	-0.000004	0.999978	-0.011370	
11	0.999980	0.000023	-0.018457	-0.000023	0.999980	0.011577	
12	0.999969	0.000014	-0.008108	-0.000014	0.999969	0.016873	
13	0.999958	0.000032	-0.005680	-0.000032	0.999958	0.026403	
14	0.999954	0.000040	-0.005835	-0.000040	0.999954	0.038578	
15	0.999961	0.000041	-0.015530	-0.000041	0.999961	0.017350	
16	0.999982	0.000017	-0.023079	-0.000017	0.999982	-0.001849	
17	0.999951	0.000019	0.001028	-0.000019	0.999951	0.012309	
18	0.999948	0.000005	0.012547	-0.000005	0.999948	0.012998	
19	0.999946	0.000010	-0.011064	-0.000010	0.999946	0.011547	
20	0.999923	0.000012	-0.002689	-0.000012	0.999923	0.018477	
21	0.999920	0.000014	0.002093	-0.000014	0.999920	0.013990	
22	0.999929	-0.000002	0.010997	0.000002	0.999929	0.007352	
23	0.999933	0.000011	0.017442	-0.000011	0.999933	0.015702	
24	0.999940	0.000009	0.005441	-0.000009	0.999940	0.014054	
25	0.999927	0.000017	0.008961	-0.000017	0.999927	0.020772	
26	0.999937	0.000039	0.027350	-0.000039	0.999937	0.026888	
27	0.999925	0.000047	0.007836	-0.000047	0.999925	0.032000	
28	0.999930	0.000037	-0.013040	-0.000037	0.999930	0.023416	
29	0.999954	0.000012	-0.008850	-0.000012	0.999954	0.012505	
30	0.999996	0.000015	-0.010599	-0.000015	0.999996	0.016382	
31	1.000020	0.000029	0.015674	-0.000029	1.000020	0.008317	
32	1.000026	-0.000011	0.072258	0.000011	1.000026	0.005545	
33	1.000053	0.000033	0.198583	-0.000033	1.000053	0.019357	
34	1.000133	0.000104	0.525143	-0.000104	1.000133	-0.003872	
35	1.000143	0.000065	0.842027	-0.000065	1.000143	0.042059	
36	1.000341	0.000031	1.579342	-0.000031	1.000341	0.013953	
37	1.000430	0.000070	2.510698	-0.000070	1.000430	0.060473	
38	1.000641	0.000262	3.669025	-0.000262	1.000641	-0.071569	
39	0.999910	-0.000395	6.579369	0.000395	0.999910	-0.278861	
40	0.999914	-0.000515	8.452924	0.000515	0.999914	-0.481193	
41	0.999821	-0.000568	11.232525	0.000568	0.999821	-0.368983	
42	0.999772	-0.000667	13.869842	0.000667	0.999772	-0.451999	
43	0.999852	-0.000765	16.572972	0.000765	0.999852	-0.608334	
44	1.000045	-0.001133	19.858320	0.001133	1.000045	-0.997839	
45	0.999522	-0.001301	22.940915	0.001301	0.999522	-0.928236	
46	0.999724	-0.001302	24.852121	0.001302	0.999724	-1.149798	
47	0.999676	-0.001393	27.375577	0.001393	0.999676	-1.367918	
48	0.999452	-0.001449	29.218366	0.001449	0.999452	-1.172318	
49	0.999626	-0.001408	29.709633	0.001408	0.999626	-1.176185	
50	0.999797	-0.001614	31.122176	0.001614	0.999797	-1.300031	
51	0.999366	-0.001508	30.625055	0.001508	0.999366	-1.054008	
52	0.999828	-0.001685	30.579411	0.001685	0.999828	-1.460343	
53	1.000942	-0.001700	30.047555	0.001700	1.000942	-1.815774	
54	0.999669	-0.001661	29.389867	0.001661	0.999669	-1.394901	
55	0.999486	-0.001689	28.892495	0.001689	0.999486	-1.415335	
56	0.999712	-0.001438	27.079654	0.001438	0.999712	-1.211908	
57	1.000085	-0.001513	25.379530	0.001513	1.000085	-1.342977	
58	1.000028	-0.001299	24.085267	0.001299	1.000028	-1.100667	
59	1.000062	-0.001112	22.620972	0.001112	1.000062	-1.088219	
60	1.000026	-0.001089	21.454107	0.001089	1.000026	-0.985783	
61	1.000047	-0.001098	21.309473	0.001098	1.000047	-0.794205	
62	1.000021	-0.001152	20.486789	0.001152	1.000021	-0.824422	
63	1.000069	-0.000987	20.206778	0.000987	1.000069	-0.759288	
64	1.000182	-0.001192	20.361046	0.001192	1.000182	-1.209461	
65	1.000225	-0.001178	19.652816	0.001178	1.000225	-1.171163	
66	1.000177	-0.001205	19.598931	0.001205	1.000177	-1.101681	
67	1.000312	-0.001320	19.084378	0.001320	1.000312	-1.285953	
68	1.000055	-0.001116	18.227966	0.001116	1.000055	-0.985464	
69	1.000005	-0.001125	17.716178	0.001125	1.000005	-0.952692	
70	1.000160	-0.001218	16.633113	0.001218	1.000160	-1.101198	
71	1.000329	-0.000988	14.691328	0.000988	1.000329	-1.050449	
72	1.000343	-0.000911	13.354944	0.000911	1.000343	-1.096764	
73	1.000308	-0.000558	10.744739	0.000558	1.000308	-0.615074	
74	1.000464	-0.000548	8.654912	0.000548	1.000464	-0.562676	
75	1.000222	-0.000404	7.207608	0.000404	1.000222	-0.221782	
76	1.001335	0.000320	4.163161	-0.000320	1.001335	-0.124831	
77	1.001085	0.000267	3.136221	-0.000267	1.001085	-0.071327	
78	1.000803	0.000197	2.155793	-0.000197	1.000803	-0.138756	
79	1.000506	0.000044	1.651475	-0.000044	1.000506	-0.148711	
80	1.000327	0.000035	0.648988	-0.000035	1.000327	-0.104390	
81	1.000112	-0.000042	0.271743	0.000042	1.000112	-0.043343	
82	0.999935	-0.000035	-0.473012	0.000035	0.999935	0.024174	
83	0.999856	-0.000084	-0.825417	0.000084	0.999856	0.023417	
84	0.999747	-0.000013	-1.408005	0.000013	0.999747	0.019955	
85	0.999727	-0.000020	-1.677928	0.000020	0.999727	0.050830	
86	0.999505	-0.000111	-2.085904	0.000111	0.999505	0.077614	
87	0.999504	0.000026	-2.292639	-0.000026	0.999504	0.154946	
88	0.999435	0.000055	-2.509849	-0.000055	0.999435	0.226491	
89	0.999399	-0.000073	-2.704574	0.000073	0.999399	0.170923	
90	0.999213	-0.000037	-2.899532	0.000037	0.999213	0.250777	
91	0.999003	-0.000026	-3.082500	0.000026	0.999003	0.325451	
92	0.998829	0.000027	-3.505081	-0.000027	0.998829	0.401032	
93	0.998803	-0.000166	-3.691453	0.000166	0.998803	0.329087	
94	0.998497	-0.000102	-3.981782	0.000102	0.998497	0.509934	
95	0.998409	-0.000256	-4.248865	0.000256	0.998409	0.478306	
96	0.999449	0.000532	-5.985915	-0.000532	0.999449	0.644443	
97	0.999305	0.000619	-6.437063	-0.000619	0.999305	0.773592	
98	0.999261	0.000502	-6.479373	-0.000502	0.999261	0.694688	
99	0.999731	0.000390	-7.069669	-0.000390	0.999731	0.418366	
100	0.999722	0.000566	-7.810311	-0.000566	0.999722	0.592703	
101	0.999711	0.000563	-7.456913	-0.000563	0.999711	0.570828	
102	0.999600	0.000694	-7.768045	-0.000694	0.999600	0.693880	
103	0.999912	0.000516	-8.078828	-0.000516	0.999912	0.375395	
104	0.999793	0.000653	-7.500045	-0.000653	0.999793	0.549710	
105	0.999830	0.000882	-7.831156	-0.000882	0.999830	0.842940	
106	0.999365	0.000655	-7.264926	-0.000655	0.999365	0.832464	
107	1.000029	0.000524	-7.610822	-0.000524	1.000029	0.478058	
108	0.999698	0.000596	-7.971729	-0.000596	0.999698	0.631406	
109	0.999490	0.000574	-7.640972	-0.000574	0.999490	0.736948	
110	0.994722	-0.000547	-3.416210	0.000547	0.994722	1.667712	
111	0.999029	0.000394	-8.095835	-0.000394	0.999029	0.764949	
112	1.000157	0.000557	-9.034328	-0.000557	1.000157	0.496053	
113	1.000189	0.000701	-8.843958	-0.000701	1.000189	0.671137	
114	0.999864	0.000705	-7.436299	-0.000705	0.999864	0.773643	
115	0.999932	0.000590	-6.088376	-0.000590	0.999932	0.562095	
116	0.998995	-0.000063	-3.087774	0.000063	0.998995	0.412072	
117	0.999555	0.000093	-1.606035	-0.000093	0.999555	0.280999	
118	0.999760	0.000062	-0.876047	-0.000062	0.999760	0.089152	
119	1.000025	0.000120	0.045958	-0.000120	1.000025	0.073221	
120	1.000059	0.000108	0.023305	-0.000108	1.000059	0.036702	
121	0.999979	0.000160	0.078773	-0.000160	0.999979	0.119084	
122	0.999981	0.000046	-0.490490	-0.000046	0.999981	0.047168	
123	0.999900	0.000046	-0.495077	-0.000046	0.999900	0.085814	
124	0.999866	0.000007	-0.420610	-0.000007	0.999866	0.045589	
125	0.999878	-0.000010	-0.498186	0.000010	0.999878	0.011583	
126	0.999941	-0.000007	-0.361525	0.000007	0.999941	-0.038658	
127	0.999919	0.000052	-0.336408	-0.000052	0.999919	-0.001242	
128	0.999992	-0.000007	-0.128505	0.000007	0.999992	-0.029209	
129	1.000009	0.000010	-0.011530	-0.000010	1.000009	-0.049522	
130	0.999993	0.000025	0.106060	-0.000025	0.999993	0.035202	
131	1.000087	0.000057	0.047667	-0.000057	1.000087	0.077358	
132	1.000132	0.000093	-0.076290	-0.000093	1.000132	0.136718	
133	1.000153	0.000042	-0.163144	-0.000042	1.000153	0.158042	
134	1.000167	0.000081	-0.082756	-0.000081	1.000167	0.167148	
135	1.000083	0.000009	-0.017971	-0.000009	1.000083	0.094807	
136	1.000131	0.000052	-0.081571	-0.000052	1.000131	0.101433	
137	1.000070	0.000011	0.004957	-0.000011	1.000070	0.049813	
138	1.000004	-0.000002	0.047010	0.000002	1.000004	0.000255	
139	0.999995	-0.000035	0.040877	0.000035	0.999995	-0.040407	
140	0.999996	-0.000027	0.047205	0.000027	0.999996	-0.084493	
141	0.999982	0.000013	0.036880	-0.000013	0.999982	-0.069099	
142	0.999941	-0.000026	0.055442	0.000026	0.999941	-0.060315	
143	0.999954	-0.000040	0.041185	0.000040	0.999954	-0.062463	
144	0.999930	-0.000017	0.053341	0.000017	0.999930	-0.063626	
145	0.999878	-0.000018	-0.384412	0.000018	0.999878	-0.050258	
146	0.999825	-0.000040	-0.611218	0.000040	0.999825	-0.028746	
147	0.999818	0.000012	-1.276864	-0.000012	0.999818	0.044472	
148	0.999815	-0.000015	-1.535588	0.000015	0.999815	0.079712	
149	0.999706	0.000019	-1.945386	-0.000019	0.999706	0.132701	
150	0.999541	-0.000036	-2.716974	0.000036	0.999541	0.217842	
151	0.999375	-0.000133	-3.988085	0.000133	0.999375	0.194311	
152	1.000456	0.000707	-7.448854	-0.000707	1.000456	0.248232	
153	1.000639	0.000743	-10.101882	-0.000743	1.000639	0.221220	
154	1.000792	0.000893	-12.516501	-0.000893	1.000792	0.336483	
155	1.000648	0.001028	-13.999747	-0.001028	1.000648	0.721287	
156	1.000292	0.000933	-13.645686	-0.000933	1.000292	0.868523	
157	1.001515	0.001043	-13.227542	-0.001043	1.001515	0.253105	
158	1.000286	0.000967	-12.366319	-0.000967	1.000286	0.625534	
159	1.000400	0.000325	-11.041564	-0.000325	1.000400	0.105406	
160	1.000461	0.000818	-10.158950	-0.000818	1.000461	0.441151	
161	1.000121	0.000699	-9.045709	-0.000699	1.000121	0.459033	
162	1.000143	0.000647	-8.418473	-0.000647	1.000143	0.386797	
163	0.998083	-0.000811	-5.932322	0.000811	0.998083	0.372989	
164	1.000627	0.000752	-8.207453	-0.000752	1.000627	0.263158	
165	1.000228	0.000595	-7.598982	-0.000595	1.000228	0.310834	
166	1.000757	0.000682	-8.096439	-0.000682	1.000757	0.316913	
167	1.000727	0.000717	-7.904398	-0.000717	1.000727	0.548618	
168	1.000764	0.000699	-7.798341	-0.000699	1.000764	0.567649	
169	1.000971	0.000828	-7.793604	-0.000828	1.000971	0.352741	
170	1.000647	0.000753	-7.094937	-0.000753	1.000647	0.448265	
171	1.000435	0.000679	-6.672997	-0.000679	1.000435	0.394884	
172	0.999074	-0.000122	-4.681183	0.000122	0.999074	0.300339	
173	0.999202	-0.000169	-4.315217	0.000169	0.999202	0.175273	
174	0.999139	-0.000018	-3.916352	0.000018	0.999139	0.355697	
175	0.999269	0.000137	-3.791191	-0.000137	0.999269	0.474030	
176	0.999584	0.000113	-3.512280	-0.000113	0.999584	0.311533	
177	0.999501	0.000147	-2.631410	-0.000147	0.999501	0.293917	
178	0.999429	0.000194	-2.114651	-0.000194	0.999429	0.313480	
179	0.999738	0.000192	-1.168712	-0.000192	0.999738	0.180944	
180	0.999796	0.000102	-0.712995	-0.000102	0.999796	0.106129	
181	1.000030	0.000076	0.040978	-0.000076	1.000030	0.009350	
182	0.999925	0.000164	0.310058	-0.000164	0.999925	0.101118	
183	0.999952	0.000110	0.373593	-0.000110	0.999952	0.074124	
184	0.999906	0.000117	0.104580	-0.000117	0.999906	0.073877	
185	0.999904	0.000102	0.085961	-0.000102	0.999904	0.080809	
186	0.999922	0.000026	0.079114	-0.000026	0.999922	0.062896	
187	0.999934	-0.000011	0.101853	0.000011	0.999934	0.077211	
188	0.999986	-0.000022	0.278133	0.000022	0.999986	0.051118	
189	0.999975	-0.000030	0.092224	0.000030	0.999975	0.044469	
190	0.999955	0.000011	0.117611	-0.000011	0.999955	0.041214	
191	0.999923	0.000027	0.225598	-0.000027	0.999923	0.047568	
192	0.999931	0.000053	0.114407	-0.000053	0.999931	0.056712	
193	1.000043	0.000032	0.283823	-0.000032	1.000043	0.031207	
194	0.999989	0.000070	0.306280	-0.000070	0.999989	0.051168	
195	1.000012	0.000066	0.557149	-0.000066	1.000012	0.020554	
196	0.999952	0.000029	0.593280	-0.000029	0.999952	-0.014750	
197	0.999990	0.000076	0.850428	-0.000076	0.999990	-0.004125	
198	0.999971	0.000058	0.925628	-0.000058	0.999971	0.010060	
199	1.000113	-0.000040	1.170307	0.000040	1.000113	-0.079000	
200	1.000119	-0.000054	1.186430	0.000054	1.000119	-0.082995	
201	1.000287	-0.000063	1.571668	0.000063	1.000287	-0.128484	
202	1.000180	-0.000023	1.799373	0.000023	1.000180	-0.032469	
203	1.000436	-0.000078	2.282544	0.000078	1.000436	-0.150234	
204	1.000493	0.000023	2.880688	-0.000023	1.000493	-0.099106	
205	1.000813	0.000078	4.019413	-0.000078	1.000813	-0.228183	
206	1.000840	0.000095	4.562941	-0.000095	1.000840	-0.233358	
207	0.999660	-0.000578	6.921752	0.000578	0.999660	-0.318198	
208	0.999461	-0.000441	7.848050	0.000441	0.999461	-0.215162	
209	1.001335	0.000414	6.875853	-0.000414	1.001335	-0.393852	
210	0.999977	-0.000524	9.750217	0.000524	0.999977	-0.483560	
211	0.999735	-0.000533	10.945916	0.000533	0.999735	-0.310652	
212	0.999854	-0.000679	11.860931	0.000679	0.999854	-0.473212	
213	1.000007	-0.000744	12.750985	0.000744	1.000007	-0.700992	
214	1.000162	-0.000895	13.106425	0.000895	1.000162	-0.853870	
215	0.999675	-0.001012	13.991197	0.001012	0.999675	-0.659841	
216	0.999752	-0.000978	14.836629	0.000978	0.999752	-0.684768	
217	1.000035	-0.001004	14.548361	0.001004	1.000035	-0.855166	
218	0.999977	-0.000971	14.580227	0.000971	0.999977	-0.829960	
219	0.999834	-0.000877	14.987760	0.000877	0.999834	-0.615737	
220	0.999672	-0.000883	14.442462	0.000883	0.999672	-0.579779	
221	0.999798	-0.000939	14.653098	0.000939	0.999798	-0.625603	
222	0.999660	-0.000877	14.545423	0.000877	0.999660	-0.503343	
223	0.999572	-0.000838	14.684394	0.000838	0.999572	-0.436558	
224	0.999946	-0.000846	14.731632	0.000846	0.999946	-0.530014	
225	0.999931	-0.000898	14.379380	0.000898	0.999931	-0.533917	
226	0.999562	-0.000941	14.101675	0.000941	0.999562	-0.396464	
227	0.999534	-0.000873	14.170575	0.000873	0.999534	-0.338622	
228	0.999583	-0.000994	13.386717	0.000994	0.999583	-0.507330	
229	0.999514	-0.000944	13.063410	0.000944	0.999514	-0.502511	
230	0.999083	-0.001105	13.369358	0.001105	0.999083	-0.499219	
231	0.999212	-0.000760	12.041555	0.000760	0.999212	-0.286248	
232	0.999173	-0.000567	11.353778	0.000567	0.999173	-0.147288	
233	0.999159	-0.000547	10.542534	0.000547	0.999159	-0.226502	
234	0.999035	-0.000342	9.386785	0.000342	0.999035	0.048415	
235	0.999660	-0.000391	8.697932	0.000391	0.999660	-0.159006	
236	0.999287	-0.000561	8.318478	0.000561	0.999287	-0.037660	
237	0.999201	-0.000463	7.172018	0.000463	0.999201	0.049086	
238	0.999055	-0.000536	6.181408	0.000536	0.999055	-0.129451	
239	1.000153	0.000196	3.543284	-0.000196	1.000153	-0.007012	
240	0.999911	-0.000047	2.740723	0.000047	0.999911	-0.135808	
241	0.999920	0.000051	1.780882	-0.000051	0.999920	0.021916	
242	0.999861	0.000006	1.110511	-0.000006	0.999861	-0.014389	
243	0.999659	-0.000146	0.510272	0.000146	0.999659	-0.010010	
244	0.999679	-0.000119	0.076414	0.000119	0.999679	-0.008626	
245	0.999604	-0.000075	-0.279631	0.000075	0.999604	0.035805	
246	0.999402	-0.000168	-0.440841	0.000168	0.999402	0.082097	
247	0.999645	-0.000029	-0.309380	0.000029	0.999645	0.145003	
248	0.999718	0.000001	-0.275438	-0.000001	0.999718	0.163632	
249	0.999794	-0.000023	-0.092876	0.000023	0.999794	0.137970	
250	0.999822	-0.000014	-0.016662	0.000014	0.999822	0.098915	
251	0.999726	-0.000029	0.057007	0.000029	0.999726	0.114473	
252	0.999724	0.000041	0.074056	-0.000041	0.999724	0.137013	
253	0.999810	0.000015	-0.012310	-0.000015	0.999810	0.099501	
254	0.999831	0.000029	-0.102909	-0.000029	0.999831	0.097247	
255	0.999861	0.000024	0.051081	-0.000024	0.999861	0.070137	
256	0.999873	0.000007	-0.044537	-0.000007	0.999873	0.041513	
257	0.999791	0.000006	0.024684	-0.000006	0.999791	0.038091	
258	0.999845	-0.000009	-0.002104	0.000009	0.999845	-0.007985	
259	0.999898	-0.000031	0.017593	0.000031	0.999898	-0.014615	
260	0.999875	-0.000044	-0.000147	0.000044	0.999875	0.003284	
261	0.999880	-0.000078	-0.138840	0.000078	0.999880	0.003248	
262	0.999879	0.000014	-0.267558	-0.000014	0.999879	0.088116	
263	0.999915	-0.000012	-0.121174	0.000012	0.999915	0.059903	
264	0.999896	0.000016	-0.275481	-0.000016	0.999896	0.071682	
265	0.999983	-0.000044	-0.103659	0.000044	0.999983	-0.024224	
266	1.000005	-0.000024	-0.315420	0.000024	1.000005	-0.018765	
267	1.000012	-0.000075	-0.426263	0.000075	1.000012	-0.069987	
268	1.000117	-0.000062	-0.453657	0.000062	1.000117	-0.103968	
269	1.000060	-0.000117	-0.438097	0.000117	1.000060	-0.115860	
270	1.000083	-0.000099	-0.423715	0.000099	1.000083	-0.102714	
271	0.999989	-0.000135	-0.390344	0.000135	0.999989	-0.088326	
272	1.000077	-0.000065	-0.408815	0.000065	1.000077	-0.073514	
273	1.000010	-0.000056	-0.345827	0.000056	1.000010	-0.060159	
274	1.000015	-0.000094	-0.280782	0.000094	1.000015	-0.120440	
275	0.999980	-0.000111	-0.384150	0.000111	0.999980	-0.111616	
276	1.000023	-0.000084	-0.565688	0.000084	1.000023	-0.104769	
277	0.999988	-0.000056	-0.683782	0.000056	0.999988	-0.039437	
278	0.999974	-0.000037	-0.920696	0.000037	0.999974	0.007341	
279	0.999860	-0.000119	-1.326288	0.000119	0.999860	0.019827	
280	0.999943	-0.000068	-1.557661	0.000068	0.999943	0.011599	
281	0.999660	-0.000070	-2.025739	0.000070	0.999660	0.112825	
282	0.999827	-0.000044	-2.356417	0.000044	0.999827	0.064528	
283	0.999643	0.000054	-2.789718	-0.000054	0.999643	0.232040	
284	0.999486	-0.000130	-2.789093	0.000130	0.999486	0.098088	
285	0.999343	-0.000074	-3.587231	0.000074	0.999343	0.217273	
286	0.999245	-0.000196	-3.449670	0.000196	0.999245	0.169455	
287	0.999168	-0.000300	-3.672575	0.000300	0.999168	0.101956	
288	0.999092	-0.000344	-3.887671	0.000344	0.999092	0.114997	
289	0.999058	-0.000360	-3.863908	0.000360	0.999058	0.113135	
290	0.998830	-0.000266	-3.917923	0.000266	0.998830	0.302776	
291	0.999097	-0.000358	-3.828037	0.000358	0.999097	0.114299	
292	0.998999	-0.000279	-3.780404	0.000279	0.998999	0.224661	
293	0.999121	-0.000239	-3.935044	0.000239	0.999121	0.238811	
294	0.998901	-0.000137	-3.728787	0.000137	0.998901	0.372645	
295	0.998728	-0.000219	-3.867235	0.000219	0.998728	0.352056	
296	0.998569	-0.000201	-3.768735	0.000201	0.998569	0.380835	
297	0.998697	-0.000319	-3.854876	0.000319	0.998697	0.356948	
298	0.998743	-0.000329	-3.762449	0.000329	0.998743	0.398713	
299	0.998648	-0.000394	-3.782144	0.000394	0.998648	0.263515	
300	0.998386	-0.000419	-3.574840	0.000419	0.998386	0.268493	
301	0.998680	-0.000291	-3.853504	0.000291	0.998680	0.308790	
302	0.998511	-0.000239	-3.747318	0.000239	0.998511	0.403393	
303	0.998672	-0.000171	-3.723132	0.000171	0.998672	0.410305	
304	0.998806	-0.000185	-3.624161	0.000185	0.998806	0.391402	
305	0.998565	-0.000151	-3.397711	0.000151	0.998565	0.508171	
306	0.998651	-0.000068	-3.276309	0.000068	0.998651	0.441622	
307	0.998421	-0.000203	-3.105760	0.000203	0.998421	0.389130	
308	0.998629	-0.000212	-3.444314	0.000212	0.998629	0.318045	
309	0.997831	-0.000247	-2.851818	0.000247	0.997831	0.622322	
310	0.997523	-0.000147	-3.145769	0.000147	0.997523	0.855605	
311	0.998869	-0.000401	-4.521206	0.000401	0.998869	0.330976	
312	0.998781	-0.000447	-4.487080	0.000447	0.998781	0.236981	
313	1.000044	0.000380	-5.965528	-0.000380	1.000044	0.408418	
314	0.998393	-0.000221	-3.797919	0.000221	0.998393	0.485941	
315	0.998639	-0.000196	-3.718519	0.000196	0.998639	0.310826	
316	0.997318	-0.000144	-2.166626	0.000144	0.997318	0.723304	
317	0.998255	-0.000040	-2.426819	0.000040	0.998255	0.493162	
318	0.998607	-0.000002	-2.163743	0.000002	0.998607	0.472398	
319	0.998831	-0.000143	-2.055424	0.000143	0.998831	0.278634	
320	0.999224	-0.000159	-1.714097	0.000159	0.999224	0.223185	
321	0.999449	-0.000129	-1.443095	0.000129	0.999449	0.190869	
322	0.999473	-0.000075	-1.096115	0.000075	0.999473	0.249978	
323	0.999566	-0.000080	-0.758058	0.000080	0.999566	0.165877	
324	0.999586	-0.000053	-0.699859	0.000053	0.999586	0.193704	
325	0.999755	-0.000048	-0.522283	0.000048	0.999755	0.153195	
326	0.999713	-0.000003	-0.383856	0.000003	0.999713	0.160191	
327	0.999720	0.000037	-0.411933	-0.000037	0.999720	0.163119	
328	0.999743	0.000038	-0.286075	-0.000038	0.999743	0.120755	
329	0.999745	0.000049	-0.354628	-0.000049	0.999745	0.086474	
330	0.999831	0.000059	-0.161903	-0.000059	0.999831	0.045501	
331	0.999866	0.000081	-0.034351	-0.000081	0.999866	0.039066	
332	0.999939	0.000088	0.069507	-0.000088	0.999939	0.035770	
333	0.999927	0.000101	0.121145	-0.000101	0.999927	0.127898	
334	0.999992	0.000088	0.050369	-0.000088	0.999992	0.044135	
335	1.000010	0.000126	0.041888	-0.000126	1.000010	0.026263	
336	1.000039	0.000065	0.013809	-0.000065	1.000039	-0.018865	
337	1.000076	0.000051	-0.003763	-0.000051	1.000076	-0.033070	
338	1.000101	0.000005	-0.038136	-0.000005	1.000101	-0.059812	
339	1.000145	-0.000036	-0.060434	0.000036	1.000145	-0.059161	
340	1.000183	-0.000011	-0.074019	0.000011	1.000183	-0.058358	
341	1.000194	0.000008	-0.085555	-0.000008	1.000194	-0.022492	
342	1.000198	-0.000008	-0.093044	0.000008	1.000198	-0.026255	
343	1.000216	-0.000033	-0.110359	0.000033	1.000216	-0.058638	
344	1.000188	-0.000013	-0.096960	0.000013	1.000188	-0.061140	
345	1.000225	0.000052	-0.104265	-0.000052	1.000225	-0.049068	
346	1.000258	0.000046	-0.086996	-0.000046	1.000258	-0.043086	
347	1.000214	0.000019	-0.136937	-0.000019	1.000214	-0.041661	
348	1.000201	0.000028	-0.101385	-0.000028	1.000201	-0.024758	
349	1.000143	-0.000003	0.058186	0.000003	1.000143	-0.009126	
350	1.000179	-0.000052	0.155088	0.000052	1.000179	-0.021340	
351	1.000152	-0.000019	0.212449	0.000019	1.000152	0.017087	
352	1.000156	-0.000053	0.249148	0.000053	1.000156	-0.002578	
353	1.000156	-0.000052	0.281803	0.000052	1.000156	-0.034921	
354	0.999897	-0.000015	0.347972	0.000015	0.999897	0.029235	
355	1.000042	-0.000000	0.118978	0.000000	1.000042	0.018818	
356	1.000044	0.000009	0.214536	-0.000009	1.000044	0.012729	
357	1.000019	-0.000035	0.097588	0.000035	1.000019	-0.013671	
358	1.000033	-0.000026	0.088760	0.000026	1.000033	-0.034235	
359	0.999896	0.000012	0.086707	-0.000012	0.999896	-0.005587	
360	0.999970	0.000052	-0.005476	-0.000052	0.999970	-0.034888	
361	0.999930	0.000076	0.143521	-0.000076	0.999930	-0.013567	
362	0.999936	0.000061	0.108158	-0.000061	0.999936	-0.020885	
363	1.000025	-0.000031	0.153629	0.000031	1.000025	-0.064575	
364	1.000034	-0.000053	0.155768	0.000053	1.000034	-0.060987	
365	0.999976	-0.000053	0.088167	0.000053	0.999976	-0.028287	
366	1.000017	-0.000060	0.104577	0.000060	1.000017	-0.022137	
367	1.000105	-0.000154	0.245343	0.000154	1.000105	-0.069325	
368	1.000163	-0.000097	0.216325	0.000097	1.000163	-0.018645	
369	1.000151	-0.000039	0.058295	0.000039	1.000151	-0.008789	
370	1.000163	-0.000042	0.127320	0.000042	1.000163	-0.033669	
371	1.000110	0.000043	-0.007443	-0.000043	1.000110	0.018798	
372	1.000090	0.000052	0.055898	-0.000052	1.000090	0.003824	
373	1.000008	0.000077	0.103912	-0.000077	1.000008	-0.005414	
374	0.999968	0.000030	-0.002025	-0.000030	0.999968	-0.024095	
375	0.999976	0.000003	0.000849	-0.000003	0.999976	-0.059243	
376	0.999934	0.000001	-0.011841	-0.000001	0.999934	-0.054249	
377	0.999984	-0.000056	-0.077329	0.000056	0.999984	-0.090320	
378	1.000021	-0.000065	-0.205721	0.000065	1.000021	-0.100609	
379	1.000081	-0.000085	-0.176801	0.000085	1.000081	-0.116286	
380	1.000082	0.000006	-0.125759	-0.000006	1.000082	-0.045937	
381	1.000105	0.000051	-0.078420	-0.000051	1.000105	-0.011243	
382	1.000147	0.000141	-0.063700	-0.000141	1.000147	0.047920	
383	1.000159	0.000152	0.054067	-0.000152	1.000159	0.079012	
384	1.000125	0.000152	-0.070818	-0.000152	1.000125	0.051047	
385	1.000151	0.000101	-0.075843	-0.000101	1.000151	0.034020	
386	1.000178	0.000078	-0.081943	-0.000078	1.000178	-0.003926	
387	1.000170	0.000065	-0.085224	-0.000065	1.000170	-0.028348	
388	1.000196	0.000028	-0.064668	-0.000028	1.000196	-0.060890	
389	1.000191	0.000009	-0.064797	-0.000009	1.000191	-0.063092	
390	1.000282	0.000000	-0.126465	-0.000000	1.000282	-0.103467	
391	1.000281	-0.000004	-0.111952	0.000004	1.000281	-0.096780	
392	1.000317	-0.000024	-0.144583	0.000024	1.000317	-0.105000	
393	1.000421	-0.000006	-0.184411	0.000006	1.000421	-0.128442	
394	1.000360	-0.000051	-0.199659	0.000051	1.000360	-0.149595	
395	1.000363	-0.000002	-0.194342	0.000002	1.000363	-0.139052	
396	1.000333	0.000032	-0.167921	-0.000032	1.000333	-0.112699	
397	1.000365	0.000022	-0.161487	-0.000022	1.000365	-0.138307	
398	1.000362	0.000071	-0.135187	-0.000071	1.000362	-0.113288	
399	1.000341	0.000045	-0.148849	-0.000045	1.000341	-0.104616	
400	1.000268	0.000027	-0.117299	-0.000027	1.000268	-0.102946	
401	1.000304	0.000075	-0.097334	-0.000075	1.000304	-0.073140	
402	1.000298	0.000023	-0.089566	-0.000023	1.000298	-0.075759	
403	1.000337	-0.000018	-0.140244	0.000018	1.000337	-0.100259	
404	1.000419	-0.000027	-0.191839	0.000027	1.000419	-0.106394	
405	1.000347	-0.000043	-0.152387	0.000043	1.000347	-0.080929	
406	1.000338	-0.000044	-0.148204	0.000044	1.000338	-0.080299	
407	1.000348	-0.000022	-0.110011	0.000022	1.000348	-0.052834	
408	1.000336	-0.000015	-0.128218	0.000015	1.000336	-0.068931	
409	1.000253	-0.000005	-0.154371	0.000005	1.000253	-0.065040	
410	1.000242	-0.000000	-0.167658	0.000000	1.000242	-0.063256	
411	1.000363	0.000035	-0.191305	-0.000035	1.000363	-0.077745	
412	1.000381	-0.000010	-0.171619	0.000010	1.000381	-0.070410	
413	1.000324	-0.000024	-0.172168	0.000024	1.000324	-0.049916	
414	1.000358	-0.000061	-0.188834	0.000061	1.000358	-0.056295	
415	1.000382	-0.000113	-0.176987	0.000113	1.000382	-0.080793	
416	1.000349	-0.000120	-0.150986	0.000120	1.000349	-0.119192	
417	1.000373	-0.000143	-0.177223	0.000143	1.000373	-0.144826	
418	1.000368	-0.000127	-0.178743	0.000127	1.000368	-0.145163	
419	1.000304	-0.000101	-0.168698	0.000101	1.000304	-0.123978	
420	1.000264	-0.000058	-0.189274	0.000058	1.000264	-0.114775	
421	1.000183	-0.000018	-0.177907	0.000018	1.000183	-0.076018	
422	1.000197	-0.000008	-0.192809	0.000008	1.000197	-0.082595	
423	1.000208	-0.000038	-0.190707	0.000038	1.000208	-0.118550	
424	1.000206	-0.000049	-0.235168	0.000049	1.000206	-0.125221	
425	1.000170	-0.000081	-0.223332	0.000081	1.000170	-0.129498	
426	1.000141	-0.000097	-0.171233	0.000097	1.000141	-0.106543	
427	1.000200	-0.000137	-0.151811	0.000137	1.000200	-0.121965	
428	1.000060	-0.000143	-0.014311	0.000143	1.000060	-0.072572	
429	1.000111	-0.000152	-0.156358	0.000152	1.000111	-0.095696	
430	1.000072	-0.000112	-0.069050	0.000112	1.000072	-0.054410	
431	1.000125	-0.000121	-0.026474	0.000121	1.000125	-0.064155	
432	1.000143	-0.000161	0.220195	0.000161	1.000143	-0.055054	
433	1.000134	-0.000198	0.521312	0.000198	1.000134	0.132528	
434	1.000235	-0.000101	0.844725	0.000101	1.000235	-0.033138	
435	1.000219	0.000008	1.081088	-0.000008	1.000219	-0.002200	
436	1.000198	0.000005	1.516797	-0.000005	1.000198	-0.048300	
437	1.000262	0.000003	2.070509	-0.000003	1.000262	-0.099774	
438	1.000341	-0.000062	2.304072	0.000062	1.000341	-0.201855	
439	1.000365	0.000025	2.485599	-0.000025	1.000365	-0.099040	
440	1.000470	0.000035	2.729486	-0.000035	1.000470	-0.143337	
441	1.000647	-0.000013	2.945596	0.000013	1.000647	-0.216195	
442	1.000729	-0.000116	3.014074	0.000116	1.000729	-0.368273	
443	1.000651	0.000096	3.476445	-0.000096	1.000651	-0.197623	
444	1.000771	0.000121	3.831726	-0.000121	1.000771	-0.253180	
445	1.000923	0.000212	3.840423	-0.000212	1.000923	-0.234650	
446	1.000991	0.000254	4.042520	-0.000254	1.000991	-0.312190	
447	1.000902	0.000230	4.059456	-0.000230	1.000902	-0.217341	
448	1.000822	0.000266	4.083194	-0.000266	1.000822	-0.251178	
449	1.000768	0.000261	4.074762	-0.000261	1.000768	-0.146683	
450	1.000830	0.000263	3.696257	-0.000263	1.000830	-0.144358	
451	1.000742	0.000223	3.863669	-0.000223	1.000742	-0.123139	
452	1.000620	0.000078	3.636119	-0.000078	1.000620	-0.185313	
453	1.000464	0.000065	3.458957	-0.000065	1.000464	-0.137348	
454	1.000420	-0.000114	3.519275	0.000114	1.000420	-0.286460	
455	1.000494	0.000015	3.090227	-0.000015	1.000494	-0.163009	
456	1.000416	-0.000111	2.974697	0.000111	1.000416	-0.222636	
457	1.000398	-0.000011	2.690667	0.000011	1.000398	-0.101334	
458	0.999973	-0.000229	3.185635	0.000229	0.999973	-0.072552	
459	1.000276	0.000177	2.690670	-0.000177	1.000276	0.037598	
460	1.000375	0.000244	2.845764	-0.000244	1.000375	0.052119	
461	1.000367	0.000166	2.990444	-0.000166	1.000367	0.027431	
462	1.000478	0.000176	3.135691	-0.000176	1.000478	-0.079025	
463	1.000323	0.000252	3.211586	-0.000252	1.000323	0.013327	
464	1.000310	0.000237	3.277544	-0.000237	1.000310	0.010329	
465	1.000393	0.000123	3.049078	-0.000123	1.000393	-0.127438	
466	1.000196	0.000050	2.667463	-0.000050	1.000196	-0.056959	
467	1.000235	0.000043	2.405924	-0.000043	1.000235	-0.065519	
468	1.000156	-0.000043	2.209544	0.000043	1.000156	-0.133589	
469	1.000140	-0.000115	2.070496	0.000115	1.000140	-0.148566	
470	1.000328	-0.000081	2.011575	0.000081	1.000328	-0.285977	
471	1.000069	-0.000200	2.038767	0.000200	1.000069	-0.208532	
472	1.000022	-0.000157	2.023141	0.000157	1.000022	-0.163067	
473	1.000224	-0.000031	1.993534	0.000031	1.000224	-0.134933	
474	1.000184	0.000064	1.773992	-0.000064	1.000184	0.000531	
475	1.000365	0.000274	1.748007	-0.000274	1.000365	0.158498	
476	1.000298	0.000184	1.899355	-0.000184	1.000298	0.115489	
477	1.000097	0.000101	1.874244	-0.000101	1.000097	0.070490	
478	1.000087	0.000053	1.960112	-0.000053	1.000087	-0.011289	
479	1.000157	0.000105	1.892468	-0.000105	1.000157	0.014606	
480	1.000034	0.000082	1.641571	-0.000082	1.000034	-0.011933	
481	1.000051	0.000110	1.688266	-0.000110	1.000051	0.026962	
482	1.000072	0.000070	1.504723	-0.000070	1.000072	-0.027677	
483	1.000063	0.000085	1.212115	-0.000085	1.000063	-0.000531	
484	0.999995	0.000077	1.239612	-0.000077	0.999995	0.008635	
485	1.000050	0.000086	1.096390	-0.000086	1.000050	0.001025	
486	0.999995	0.000023	0.997718	-0.000023	0.999995	-0.020603	
487	0.999979	0.000075	0.883077	-0.000075	0.999979	-0.003208	
488	0.999931	0.000003	0.823901	-0.000003	0.999931	-0.057637	
489	0.999982	0.000062	0.721572	-0.000062	0.999982	-0.030763	
490	0.999926	0.000081	0.540142	-0.000081	0.999926	-0.002580	
491	0.999932	0.000113	0.606541	-0.000113	0.999932	0.023746	
492	0.999923	0.000116	0.404868	-0.000116	0.999923	0.020942	
493	0.999954	0.000073	0.324330	-0.000073	0.999954	0.027625	
494	0.999891	0.000153	0.223910	-0.000153	0.999891	0.084556	
495	0.999874	0.000141	0.151074	-0.000141	0.999874	0.061739	
496	0.999787	0.000124	0.173842	-0.000124	0.999787	0.057811	
497	0.999764	0.000140	0.174987	-0.000140	0.999764	0.108498	
498	0.999860	0.000119	0.112817	-0.000119	0.999860	0.061138	
499	0.999901	0.000074	0.104368	-0.000074	0.999901	0.000371	
