0	1.000000	0.000000	0.000000	0.000000	1.000000	0.000000	
1	0.999598	0.002358	-22.757426	-0.002358	0.999598	0.840176	
2	0.996890	0.002530	-20.242717	-0.002530	0.996890	1.904406	
3	0.994991	0.001904	-17.897743	-0.001904	0.994991	2.119381	
4	0.995293	0.001815	-17.115466	-0.001815	0.995293	1.925879	
5	0.994754	0.001798	-15.461798	-0.001798	0.994754	1.925915	
6	0.994647	0.001243	-14.467949	-0.001243	0.994647	1.505127	
7	0.994300	0.001360	-12.762960	-0.001360	0.994300	1.788816	
8	0.995035	0.001484	-11.952604	-0.001484	0.995035	1.912754	
9	0.994760	0.001234	-10.826500	-0.001234	0.994760	1.674969	
10	0.994191	0.001248	-9.306991	-0.001248	0.994191	1.674171	
11	0.993242	0.001713	-7.358284	-0.001713	0.993242	2.111698	
12	0.993041	0.001256	-6.357464	-0.001256	0.993041	1.757303	
13	0.993580	0.000890	-5.798418	-0.000890	0.993580	1.328023	
14	0.993742	0.000961	-4.966537	-0.000961	0.993742	1.160888	
15	0.992720	0.000783	-2.911341	-0.000783	0.992720	0.908168	
16	0.992843	0.000709	-2.143314	-0.000709	0.992843	0.931847	
17	0.993197	0.000779	-1.519667	-0.000779	0.993197	1.144731	
18	0.993588	0.000740	-1.065597	-0.000740	0.993588	0.832929	
19	0.993710	0.000765	-0.484823	-0.000765	0.993710	0.665609	
20	0.994279	0.000763	-0.151934	-0.000763	0.994279	0.395117	
21	0.995063	0.000592	0.184787	-0.000592	0.995063	0.363476	
22	0.995449	0.000498	0.842507	-0.000498	0.995449	0.151185	
23	0.996097	0.000914	1.325383	-0.000914	0.996097	0.158554	
24	0.996402	0.000419	1.485198	-0.000419	0.996402	-0.251653	
25	0.996692	0.000619	1.876392	-0.000619	0.996692	0.087517	
26	0.997068	0.000751	2.027700	-0.000751	0.997068	0.190679	
27	0.997371	0.001021	1.738887	-0.001021	0.997371	0.307158	
28	0.997693	0.000485	1.446537	-0.000485	0.997693	-0.013898	
29	0.997701	0.000769	1.337048	-0.000769	0.997701	-0.099401	
30	0.997656	0.000706	1.083065	-0.000706	0.997656	-0.084241	
31	0.997493	0.000522	0.209035	-0.000522	0.997493	-0.023895	
32	0.997026	0.000501	-0.829875	-0.000501	0.997026	0.171086	
33	0.996598	0.000351	-1.554151	-0.000351	0.996598	0.324102	
34	0.996754	0.000354	-2.125600	-0.000354	0.996754	0.395365	
35	0.996665	0.000377	-2.390540	-0.000377	0.996665	0.494522	
36	0.996375	0.000454	-2.592058	-0.000454	0.996375	0.782601	
37	0.996509	0.000591	-3.001457	-0.000591	0.996509	0.831934	
38	0.996404	0.000744	-3.175788	-0.000744	0.996404	0.886509	
39	0.996718	0.000690	-3.909837	-0.000690	0.996718	0.869341	
40	0.998267	0.001150	-5.813272	-0.001150	0.998267	1.101389	
41	0.998149	0.000877	-6.263572	-0.000877	0.998149	1.049077	
42	0.991453	0.000370	-0.707219	-0.000370	0.991453	1.271811	
43	0.997945	0.000775	-6.704357	-0.000775	0.997945	1.124196	
44	0.996272	0.000802	-4.831570	-0.000802	0.996272	1.164447	
45	0.998596	0.000946	-6.979048	-0.000946	0.998596	1.254165	
46	0.998857	0.001372	-7.019261	-0.001372	0.998857	1.531569	
47	0.999398	0.001459	-7.725529	-0.001459	0.999398	1.516696	
48	0.999267	0.000979	-7.652436	-0.000979	0.999267	1.167237	
49	0.999080	0.000785	-7.308498	-0.000785	0.999080	1.024742	
50	0.997593	0.000734	-5.460413	-0.000734	0.997593	1.104959	
51	0.997377	0.000493	-5.317017	-0.000493	0.997377	1.016007	
52	0.997362	0.000839	-5.386133	-0.000839	0.997362	1.172698	
53	0.997059	0.001089	-4.550958	-0.001089	0.997059	1.357031	
54	0.998418	0.001123	-6.021020	-0.001123	0.998418	1.442822	
55	0.998762	0.001191	-6.072657	-0.001191	0.998762	1.456269	
56	0.997065	0.000683	-4.024556	-0.000683	0.997065	1.332811	
57	0.997091	0.000568	-3.972918	-0.000568	0.997091	1.271171	
58	0.997139	0.000165	-3.867750	-0.000165	0.997139	0.902186	
59	0.999040	0.001032	-5.563240	-0.001032	0.999040	1.308377	
60	0.998403	0.000241	-4.828844	-0.000241	0.998403	0.879802	
61	0.997617	0.000122	-3.786814	-0.000122	0.997617	0.810521	
62	0.998223	0.000670	-3.801479	-0.000670	0.998223	1.136195	
63	0.997790	0.000504	-3.437399	-0.000504	0.997790	1.049747	
64	0.998218	0.000713	-3.580945	-0.000713	0.998218	1.021475	
65	0.997579	0.000762	-3.036675	-0.000762	0.997579	1.032577	
66	0.996806	0.000724	-2.335756	-0.000724	0.996806	1.043338	
67	0.997792	0.000332	-3.263176	-0.000332	0.997792	0.683479	
68	0.997659	0.000651	-2.821022	-0.000651	0.997659	0.833066	
69	0.997613	0.000486	-2.713635	-0.000486	0.997613	0.774099	
70	0.998071	0.000576	-2.992270	-0.000576	0.998071	0.772735	
71	0.998175	0.000798	-2.993932	-0.000798	0.998175	0.980456	
72	0.998059	0.000659	-3.100691	-0.000659	0.998059	0.995764	
73	0.998508	0.000602	-3.463476	-0.000602	0.998508	0.790209	
74	0.997938	0.000468	-3.083840	-0.000468	0.997938	0.498137	
75	0.997895	0.000122	-2.910380	-0.000122	0.997895	0.524683	
76	0.997520	0.000341	-2.804239	-0.000341	0.997520	0.644566	
77	0.997582	0.000109	-3.027815	-0.000109	0.997582	0.400419	
78	0.997972	0.000327	-3.354198	-0.000327	0.997972	0.512146	
79	0.997723	0.000200	-3.159741	-0.000200	0.997723	0.661912	
80	0.998390	0.000459	-3.448783	-0.000459	0.998390	0.511029	
81	0.998429	0.000312	-3.440517	-0.000312	0.998429	0.529580	
82	0.998619	0.000468	-3.228758	-0.000468	0.998619	0.615105	
83	0.998667	0.000506	-3.050500	-0.000506	0.998667	0.640156	
84	0.998286	0.000401	-2.627258	-0.000401	0.998286	0.221657	
85	0.998365	0.000319	-2.337249	-0.000319	0.998365	0.104900	
86	0.998535	0.000253	-2.291533	-0.000253	0.998535	0.093588	
87	0.998584	0.000215	-2.196659	-0.000215	0.998584	0.129699	
88	0.998862	0.000200	-2.088745	-0.000200	0.998862	0.241550	
89	0.999362	0.000339	-2.124377	-0.000339	0.999362	0.344861	
90	0.999518	0.000257	-2.023999	-0.000257	0.999518	0.145077	
91	0.999244	0.000145	-1.626557	-0.000145	0.999244	0.088882	
92	0.999248	0.000068	-1.315032	-0.000068	0.999248	-0.029184	
93	0.999380	0.000070	-1.062556	-0.000070	0.999380	-0.043506	
94	0.999417	0.000046	-0.982490	-0.000046	0.999417	-0.133515	
95	0.999293	-0.000022	-0.771479	0.000022	0.999293	-0.170758	
96	0.999489	0.000003	-0.701677	-0.000003	0.999489	-0.071170	
97	0.999658	-0.000071	-0.516538	0.000071	0.999658	0.094645	
98	0.999790	-0.000176	-0.198000	0.000176	0.999790	0.141758	
99	0.999840	-0.000234	0.043917	0.000234	0.999840	0.058987	
100	0.999882	-0.000252	0.061514	0.000252	0.999882	-0.131617	
101	0.999818	-0.000273	0.073877	0.000273	0.999818	-0.204341	
102	0.999684	-0.000326	0.145756	0.000326	0.999684	-0.162215	
103	0.999737	-0.000326	0.083563	0.000326	0.999737	-0.094344	
104	0.999707	-0.000406	0.135140	0.000406	0.999707	0.007908	
105	0.999788	-0.000385	0.061469	0.000385	0.999788	0.049539	
106	0.999867	-0.000264	0.033332	0.000264	0.999867	-0.034058	
107	0.999900	-0.000294	0.021328	0.000294	0.999900	-0.059581	
108	0.999932	-0.000362	0.028899	0.000362	0.999932	-0.163765	
109	0.999949	-0.000392	-0.033279	0.000392	0.999949	-0.225585	
110	0.999946	-0.000413	0.013040	0.000413	0.999946	-0.216757	
111	0.999918	-0.000422	0.012168	0.000422	0.999918	-0.236401	
112	0.999899	-0.000457	0.029053	0.000457	0.999899	-0.179174	
113	0.999909	-0.000477	0.022228	0.000477	0.999909	-0.192325	
114	0.999906	-0.000439	0.075373	0.000439	0.999906	-0.168877	
115	1.000025	-0.000500	0.168612	0.000500	1.000025	-0.105357	
116	1.000082	-0.000588	0.155763	0.000588	1.000082	0.033948	
117	1.000111	-0.000511	0.159344	0.000511	1.000111	-0.010043	
118	1.000247	-0.000462	0.244007	0.000462	1.000247	0.002535	
119	1.000250	-0.000582	0.368718	0.000582	1.000250	-0.010983	
120	1.000265	-0.000668	0.467331	0.000668	1.000265	-0.092359	
121	1.000224	-0.000625	0.500431	0.000625	1.000224	-0.124310	
122	1.000276	-0.000740	0.487224	0.000740	1.000276	-0.206777	
123	1.000378	-0.000711	0.430581	0.000711	1.000378	-0.158796	
124	1.000436	-0.000667	0.406885	0.000667	1.000436	-0.169011	
125	1.000546	-0.000592	0.460816	0.000592	1.000546	-0.152993	
126	1.000613	-0.000619	0.461235	0.000619	1.000613	-0.052024	
127	1.000567	-0.000526	0.548818	0.000526	1.000567	0.067443	
128	1.000549	-0.000563	0.657254	0.000563	1.000549	-0.045823	
129	1.000441	-0.000599	0.771966	0.000599	1.000441	-0.079384	
130	1.000519	-0.000707	0.813554	0.000707	1.000519	-0.171294	
131	1.000680	-0.000716	0.808703	0.000716	1.000680	-0.119206	
132	1.000742	-0.000715	0.826454	0.000715	1.000742	-0.176762	
133	1.000974	-0.000744	0.939980	0.000744	1.000974	-0.067258	
134	1.001057	-0.000629	1.062333	0.000629	1.001057	-0.180239	
135	1.001141	-0.000740	1.074303	0.000740	1.001141	-0.291489	
136	1.001057	-0.000683	1.128185	0.000683	1.001057	-0.360903	
137	1.000972	-0.000638	1.088055	0.000638	1.000972	-0.389389	
138	1.000971	-0.000639	1.025314	0.000639	1.000971	-0.329862	
139	1.000983	-0.000720	0.976947	0.000720	1.000983	-0.347454	
140	1.000979	-0.000329	0.903982	0.000329	1.000979	-0.191612	
141	1.001132	-0.000543	0.762120	0.000543	1.001132	-0.307159	
142	1.001032	-0.000585	0.785182	0.000585	1.001032	-0.161908	
143	1.001119	-0.000610	0.829953	0.000610	1.001119	-0.183484	
144	1.001086	-0.000619	0.968471	0.000619	1.001086	-0.201237	
145	1.001054	-0.000695	1.004426	0.000695	1.001054	-0.312052	
146	1.000950	-0.000619	0.896121	0.000619	1.000950	-0.291815	
147	1.001050	-0.000676	0.817270	0.000676	1.001050	-0.347713	
148	1.001052	-0.000741	0.788499	0.000741	1.001052	-0.304319	
149	1.001030	-0.000595	0.871589	0.000595	1.001030	-0.168627	
150	1.001069	-0.000632	0.781425	0.000632	1.001069	-0.247417	
151	1.001126	-0.000689	0.720396	0.000689	1.001126	-0.308457	
152	1.001286	-0.000682	0.683963	0.000682	1.001286	-0.341389	
153	1.001179	-0.000718	0.816827	0.000718	1.001179	-0.337332	
154	1.001207	-0.000641	0.948031	0.000641	1.001207	-0.311610	
155	1.001414	-0.000687	1.130332	0.000687	1.001414	-0.333460	
156	1.001239	-0.000676	1.499569	0.000676	1.001239	-0.433237	
157	1.001380	-0.000657	1.697961	0.000657	1.001380	-0.420009	
158	1.001578	-0.000620	1.756632	0.000620	1.001578	-0.482547	
159	1.001495	-0.000693	2.109941	0.000693	1.001495	-0.528825	
160	1.001571	-0.000579	2.219578	0.000579	1.001571	-0.382626	
161	1.001761	-0.000422	2.319238	0.000422	1.001761	-0.347785	
162	1.002036	-0.000339	2.306132	0.000339	1.002036	-0.376632	
163	1.001758	-0.000344	2.704581	0.000344	1.001758	-0.374995	
164	1.001549	-0.000442	3.028290	0.000442	1.001549	-0.366467	
165	1.001953	-0.000700	2.894223	0.000700	1.001953	-0.611357	
166	1.002425	-0.000711	2.713242	0.000711	1.002425	-0.735315	
167	1.002068	-0.000392	3.216999	0.000392	1.002068	-0.468930	
168	1.002259	-0.000392	3.244471	0.000392	1.002259	-0.452276	
169	1.002792	-0.000426	3.229363	0.000426	1.002792	-0.472342	
170	1.002962	-0.000402	3.647833	0.000402	1.002962	-0.407521	
171	1.001129	-0.000708	5.875155	0.000708	1.001129	-0.567894	
172	1.001368	-0.000745	5.957065	0.000745	1.001368	-0.955052	
173	1.003313	-0.000510	3.864637	0.000510	1.003313	-0.807622	
174	1.004166	-0.000398	3.476233	0.000398	1.004166	-0.935092	
175	1.003805	-0.000346	3.768817	0.000346	1.003805	-0.843298	
176	1.001883	-0.000362	5.730939	0.000362	1.001883	-0.742584	
177	1.003914	-0.000099	4.013283	0.000099	1.003914	-0.547627	
178	1.007866	-0.000184	0.708431	0.000184	1.007866	-0.907512	
179	1.001818	-0.000638	6.325780	0.000638	1.001818	-0.944354	
180	1.001310	-0.000835	6.743696	0.000835	1.001310	-1.076585	
181	1.001181	-0.000875	6.854639	0.000875	1.001181	-1.103195	
182	1.002069	-0.000424	6.303822	0.000424	1.002069	-0.952163	
183	1.003945	-0.000410	3.870351	0.000410	1.003945	-0.991780	
184	1.002566	-0.000205	5.781534	0.000205	1.002566	-0.606848	
185	1.001675	-0.000315	6.651484	0.000315	1.001675	-0.569075	
186	1.001881	-0.000408	6.564270	0.000408	1.001881	-0.750296	
187	1.003922	-0.000479	4.776505	0.000479	1.003922	-1.044598	
188	1.001092	-0.000913	7.241061	0.000913	1.001092	-0.964627	
189	1.001704	-0.000526	6.989355	0.000526	1.001704	-0.782120	
190	1.001609	-0.000839	6.738569	0.000839	1.001609	-1.196646	
191	1.001203	-0.000394	6.927312	0.000394	1.001203	-0.825194	
192	1.001631	-0.000193	6.775039	0.000193	1.001631	-0.499043	
193	1.003927	-0.000170	4.447963	0.000170	1.003927	-0.614098	
194	1.001907	-0.000327	6.429211	0.000327	1.001907	-0.849805	
195	1.001410	-0.000745	6.500360	0.000745	1.001410	-1.114729	
196	1.002271	-0.000658	6.018905	0.000658	1.002271	-1.060636	
197	1.002026	-0.000398	6.125490	0.000398	1.002026	-0.856913	
198	1.002082	-0.000284	6.127371	0.000284	1.002082	-0.717828	
199	1.001644	-0.000049	6.509289	0.000049	1.001644	-0.470565	
200	1.005229	-0.000213	3.156457	0.000213	1.005229	-0.949376	
201	1.004455	-0.000129	3.867430	0.000129	1.004455	-0.882614	
202	1.006621	-0.000122	1.914301	0.000122	1.006621	-1.057874	
203	1.006383	-0.000284	1.997512	0.000284	1.006383	-1.156107	
204	1.003876	-0.000514	4.301370	0.000514	1.003876	-1.179531	
205	1.003796	-0.000116	4.223940	0.000116	1.003796	-0.926787	
206	1.002274	-0.000182	5.634575	0.000182	1.002274	-0.699485	
207	1.003956	0.000089	3.883366	-0.000089	1.003956	-0.607275	
208	1.005158	-0.000107	2.473868	0.000107	1.005158	-0.897871	
209	1.006067	-0.000243	1.549696	0.000243	1.006067	-1.091129	
210	1.003232	0.000015	4.051291	-0.000015	1.003232	-0.866472	
211	1.002559	0.000102	4.746802	-0.000102	1.002559	-0.914452	
212	1.004091	-0.000115	3.363034	0.000115	1.004091	-1.088258	
213	1.004240	0.000039	3.511925	-0.000039	1.004240	-0.946923	
214	1.003011	-0.000145	5.328749	0.000145	1.003011	-0.959638	
215	1.002040	-0.000255	6.873644	0.000255	1.002040	-0.991158	
216	1.001790	-0.000448	7.703078	0.000448	1.001790	-1.019871	
217	1.001281	-0.000335	8.753230	0.000335	1.001281	-0.752060	
218	1.000824	-0.000467	9.694644	0.000467	1.000824	-0.667787	
219	1.001629	-0.000670	9.739705	0.000670	1.001629	-0.819381	
220	1.002155	-0.000829	10.199852	0.000829	1.002155	-0.859315	
221	1.001620	-0.000586	11.553198	0.000586	1.001620	-0.529216	
222	1.001552	-0.000383	12.137850	0.000383	1.001552	-0.457177	
223	1.001661	-0.000679	12.100582	0.000679	1.001661	-0.786918	
224	1.002306	-0.001523	11.190932	0.001523	1.002306	-1.305547	
225	1.001219	-0.000789	11.757580	0.000789	1.001219	-0.694846	
226	1.001271	-0.000448	11.133602	0.000448	1.001271	-0.781443	
227	1.006910	-0.000613	4.661843	0.000613	1.006910	-1.375877	
228	1.008666	-0.000325	1.338366	0.000325	1.008666	-1.343481	
229	1.000759	-0.000386	7.926827	0.000386	1.000759	-0.713076	
230	1.004539	-0.000104	3.647966	0.000104	1.004539	-0.834154	
231	1.003695	-0.000164	4.144915	0.000164	1.003695	-0.958407	
232	1.000880	-0.000569	6.992452	0.000569	1.000880	-1.242697	
233	1.006307	-0.000432	1.641163	0.000432	1.006307	-1.758293	
234	1.003285	0.000074	4.635073	-0.000074	1.003285	-1.257667	
235	1.006355	0.000135	2.099156	-0.000135	1.006355	-1.359341	
236	1.001050	-0.000374	7.336800	0.000374	1.001050	-1.326375	
237	1.000366	-0.000363	8.076242	0.000363	1.000366	-1.216569	
238	1.001003	-0.000342	7.803754	0.000342	1.001003	-1.125543	
239	1.000536	-0.000224	8.302828	0.000224	1.000536	-1.070304	
240	1.006860	-0.000792	2.307787	0.000792	1.006860	-1.952453	
241	1.000532	-0.000309	8.735353	0.000309	1.000532	-1.154994	
242	1.000463	-0.000235	8.939176	0.000235	1.000463	-1.172805	
243	1.000511	-0.000240	8.975918	0.000240	1.000511	-1.049234	
244	1.008539	0.000112	1.514077	-0.000112	1.008539	-1.413861	
245	1.000923	-0.000346	8.880226	0.000346	1.000923	-1.163454	
246	1.000416	-0.000170	9.580455	0.000170	1.000416	-0.929715	
247	1.000733	-0.000165	9.470881	0.000165	1.000733	-1.051912	
248	1.000965	-0.000573	9.404982	0.000573	1.000965	-1.365446	
249	1.008969	-0.000687	1.801784	0.000687	1.008969	-1.945450	
250	1.000440	-0.000198	10.216373	0.000198	1.000440	-0.885823	
251	1.002127	-0.000627	8.889016	0.000627	1.002127	-1.272740	
252	1.001163	-0.000237	9.731353	0.000237	1.001163	-1.027951	
253	1.000895	-0.000193	9.991704	0.000193	1.000895	-0.935175	
254	1.000919	-0.000373	9.935298	0.000373	1.000919	-1.032252	
255	1.001108	-0.000485	9.751936	0.000485	1.001108	-1.079190	
256	1.002760	-0.001060	8.130707	0.001060	1.002760	-1.668098	
257	1.001070	-0.000297	9.569309	0.000297	1.001070	-0.897057	
258	1.001484	-0.000557	8.927642	0.000557	1.001484	-1.043482	
259	1.009120	-0.000407	1.723057	0.000407	1.009120	-1.432676	
260	1.001262	-0.000431	9.040375	0.000431	1.001262	-0.847642	
261	1.010514	-0.000231	0.422067	0.000231	1.010514	-1.400223	
262	1.000885	-0.000465	9.707214	0.000465	1.000885	-0.849090	
263	1.000458	-0.000192	10.266806	0.000192	1.000458	-0.426736	
264	1.000382	-0.000389	10.409759	0.000389	1.000382	-0.570155	
265	1.010525	-0.000685	0.718610	0.000685	1.010525	-1.565510	
266	1.009937	-0.000494	1.386362	0.000494	1.009937	-1.499985	
267	1.009904	-0.000190	1.156594	0.000190	1.009904	-1.287434	
268	1.008594	-0.000006	2.030360	0.000006	1.008594	-1.099099	
269	1.001124	-0.000428	9.157514	0.000428	1.001124	-0.902390	
270	1.001175	-0.000279	9.351829	0.000279	1.001175	-0.793674	
271	1.001243	-0.000387	9.354231	0.000387	1.001243	-0.978749	
272	1.001219	-0.000478	9.451515	0.000478	1.001219	-1.073673	
273	1.001395	-0.000573	9.241175	0.000573	1.001395	-1.198387	
274	1.001273	-0.000540	9.517972	0.000540	1.001273	-1.106502	
275	1.001453	-0.000483	9.464322	0.000483	1.001453	-1.174420	
276	1.001167	-0.000302	10.094747	0.000302	1.001167	-0.962676	
277	1.002514	-0.000776	9.172685	0.000776	1.002514	-1.154736	
278	1.001298	-0.000454	10.401903	0.000454	1.001298	-0.751772	
279	1.009229	-0.000294	2.973295	0.000294	1.009229	-1.459521	
280	1.002160	-0.001009	9.887822	0.001009	1.002160	-1.481989	
281	1.000892	-0.000451	11.254697	0.000451	1.000892	-0.992469	
282	1.011025	-0.000525	1.408683	0.000525	1.011025	-1.593704	
283	1.000625	-0.000435	11.183652	0.000435	1.000625	-0.944867	
284	1.001380	-0.000705	10.594479	0.000705	1.001380	-1.188036	
285	1.001390	-0.000635	10.535045	0.000635	1.001390	-1.107797	
286	1.000860	-0.000500	11.214022	0.000500	1.000860	-0.946749	
287	1.000964	-0.000584	11.407819	0.000584	1.000964	-0.932125	
288	1.001081	-0.000370	11.515439	0.000370	1.001081	-0.718928	
289	1.000593	-0.000380	11.913559	0.000380	1.000593	-0.662276	
290	1.001157	-0.000230	12.047538	0.000230	1.001157	-0.452808	
291	1.000974	-0.000460	12.448239	0.000460	1.000974	-0.525516	
292	1.001260	-0.000527	12.618283	0.000527	1.001260	-0.674825	
293	1.000737	-0.001234	13.243186	0.001234	1.000737	-0.934539	
294	1.001181	-0.000648	13.551789	0.000648	1.001181	-0.669555	
295	1.000676	-0.001238	13.972966	0.001238	1.000676	-0.949020	
296	1.000607	-0.001148	14.339274	0.001148	1.000607	-0.826058	
297	1.001133	-0.000678	14.203601	0.000678	1.001133	-0.446988	
298	1.000956	-0.000665	14.682648	0.000665	1.000956	-0.225486	
299	1.001301	-0.000559	14.803005	0.000559	1.001301	-0.401485	
300	1.001389	-0.000434	14.984870	0.000434	1.001389	-0.361757	
301	1.000938	-0.000719	15.358970	0.000719	1.000938	-0.378098	
302	1.000809	-0.000812	15.465212	0.000812	1.000809	-0.189747	
303	1.001297	-0.001024	14.999481	0.001024	1.001297	-0.425081	
304	1.001733	-0.001611	14.185688	0.001611	1.001733	-1.134523	
305	1.000774	-0.000899	15.015696	0.000899	1.000774	-0.507548	
306	1.008956	-0.001822	7.163271	0.001822	1.008956	-1.642587	
307	1.001389	-0.001137	14.364301	0.001137	1.001389	-0.309826	
308	1.001239	-0.000657	14.427894	0.000657	1.001239	-0.225725	
309	1.001048	-0.000604	14.462608	0.000604	1.001048	-0.413271	
310	1.000400	-0.000692	14.749598	0.000692	1.000400	-0.180847	
311	1.000632	-0.000772	14.275431	0.000772	1.000632	-0.150364	
312	1.000414	-0.000674	14.316323	0.000674	1.000414	-0.119088	
313	1.000100	-0.000745	14.005999	0.000745	1.000100	-0.063051	
314	0.999740	-0.000665	13.822682	0.000665	0.999740	-0.063462	
315	0.998986	-0.000340	13.723798	0.000340	0.998986	0.167695	
316	0.999694	-0.000240	12.963123	0.000240	0.999694	0.303510	
317	0.999571	-0.000346	12.389988	0.000346	0.999571	0.216786	
318	0.998815	-0.000245	12.636297	0.000245	0.998815	0.257343	
319	0.999479	-0.000538	11.556696	0.000538	0.999479	0.069869	
320	0.999267	-0.000469	11.241089	0.000469	0.999267	0.288272	
321	1.000175	-0.001059	9.874998	0.001059	1.000175	-0.202776	
322	0.999803	-0.000126	9.753804	0.000126	0.999803	0.350731	
323	0.999332	-0.000370	9.260338	0.000370	0.999332	0.230687	
324	1.002315	-0.000595	5.853931	0.000595	1.002315	-0.073543	
325	0.999958	-0.000311	7.633654	0.000311	0.999958	0.364050	
326	0.999233	-0.000568	7.305233	0.000568	0.999233	0.402277	
327	1.003297	-0.000952	2.943070	0.000952	1.003297	-0.269335	
328	1.001707	-0.000523	3.611344	0.000523	1.001707	0.034515	
329	1.001733	-0.000804	3.179592	0.000804	1.001733	0.027417	
330	1.000958	-0.000694	3.213237	0.000694	1.000958	0.136896	
331	1.001285	-0.000652	2.756269	0.000652	1.001285	0.041145	
332	1.000683	-0.000632	2.877510	0.000632	1.000683	0.144836	
333	1.001383	-0.000873	2.113138	0.000873	1.001383	-0.166504	
334	1.001350	-0.000757	1.842143	0.000757	1.001350	-0.167454	
335	1.000861	-0.000653	1.767998	0.000653	1.000861	-0.109023	
336	1.000925	-0.000690	1.302786	0.000690	1.000925	-0.235260	
337	1.000730	-0.000460	1.206312	0.000460	1.000730	-0.038964	
338	1.000192	-0.000302	1.348430	0.000302	1.000192	0.007437	
339	1.000300	-0.000579	0.851320	0.000579	1.000300	-0.184031	
340	1.000214	-0.000682	0.476173	0.000682	1.000214	-0.273429	
341	1.000099	-0.000633	0.298948	0.000633	1.000099	-0.255072	
342	0.999981	-0.000750	0.132368	0.000750	0.999981	-0.266784	
343	1.000017	-0.000357	0.032885	0.000357	1.000017	0.023392	
344	0.999984	-0.000312	-0.093339	0.000312	0.999984	-0.031341	
345	1.000032	-0.000018	-0.159383	0.000018	1.000032	0.151395	
346	1.000135	-0.000080	-0.264349	0.000080	1.000135	-0.020293	
347	1.000227	-0.000191	-0.273097	0.000191	1.000227	-0.166970	
348	1.000437	-0.000490	-0.285511	0.000490	1.000437	-0.321810	
349	1.000503	-0.000684	-0.301434	0.000684	1.000503	-0.537627	
350	1.000536	-0.000560	-0.226020	0.000560	1.000536	-0.617547	
351	1.000652	-0.000595	-0.054965	0.000595	1.000652	-0.765427	
352	1.000666	-0.000574	-0.125986	0.000574	1.000666	-0.895006	
353	1.000927	-0.000631	0.040609	0.000631	1.000927	-0.962121	
354	1.001159	-0.000507	0.198568	0.000507	1.001159	-0.609597	
355	1.001319	-0.000599	0.525386	0.000599	1.001319	-0.555780	
356	1.001860	-0.000381	0.665099	0.000381	1.001860	-0.331692	
357	1.002074	-0.000346	0.847776	0.000346	1.002074	-0.261891	
358	1.002420	-0.000305	0.997569	0.000305	1.002420	-0.287526	
359	1.002562	-0.000521	1.082310	0.000521	1.002562	-0.411174	
360	1.002962	-0.000798	1.331159	0.000798	1.002962	-0.549919	
361	1.003635	-0.000844	1.402554	0.000844	1.003635	-0.579084	
362	1.004007	-0.001044	1.636216	0.001044	1.004007	-0.575546	
363	1.004042	-0.001062	2.293946	0.001062	1.004042	-0.573385	
364	1.004338	-0.001028	2.552475	0.001028	1.004338	-0.588746	
365	1.005284	-0.001242	2.223579	0.001242	1.005284	-0.940657	
366	1.006019	-0.001116	2.103426	0.001116	1.006019	-1.019948	
367	1.001805	-0.001006	6.763071	0.001006	1.001805	-0.213533	
368	1.006288	-0.001304	3.071951	0.001304	1.006288	-0.639662	
369	1.001650	-0.000937	7.832409	0.000937	1.001650	0.276770	
370	1.007885	-0.001304	2.604058	0.001304	1.007885	-0.755458	
371	1.001258	-0.001098	8.876333	0.001098	1.001258	0.152605	
372	1.001049	-0.001055	9.190994	0.001055	1.001049	0.140648	
373	1.000977	-0.001148	9.275268	0.001148	1.000977	0.123707	
374	1.001333	-0.001070	9.014353	0.001070	1.001333	0.270620	
375	1.000808	-0.001453	9.172335	0.001453	1.000808	0.153101	
376	1.000297	-0.001214	9.603224	0.001214	1.000297	0.523507	
377	1.000512	-0.001198	9.389983	0.001198	1.000512	0.581508	
378	1.003920	-0.001381	5.839142	0.001381	1.003920	0.131684	
379	1.000407	-0.000860	9.062681	0.000860	1.000407	1.232360	
380	1.000468	-0.000680	9.074321	0.000680	1.000468	1.403901	
381	1.000397	-0.000897	9.057010	0.000897	1.000397	1.447656	
382	0.999970	-0.000934	9.530567	0.000934	0.999970	1.611134	
383	1.000172	-0.000889	9.211522	0.000889	1.000172	1.614817	
384	1.006504	-0.001277	3.769088	0.001277	1.006504	-0.009088	
385	1.007433	-0.001150	3.242380	0.001150	1.007433	-0.341927	
386	1.003154	-0.000891	7.104687	0.000891	1.003154	0.466655	
387	1.003220	-0.000728	6.874029	0.000728	1.003220	0.534109	
388	1.003698	-0.000649	6.442833	0.000649	1.003698	0.621936	
389	1.003696	-0.000577	6.333752	0.000577	1.003696	0.604751	
390	1.004169	-0.000444	5.869337	0.000444	1.004169	0.348355	
391	1.007647	-0.000983	2.430340	0.000983	1.007647	-0.756869	
392	1.004994	-0.000653	4.386685	0.000653	1.004994	-0.100513	
393	1.005803	-0.000275	3.813933	0.000275	1.005803	-0.129134	
394	1.005354	-0.000296	4.037623	0.000296	1.005354	-0.169976	
395	1.005635	-0.000329	3.781222	0.000329	1.005635	-0.275264	
396	1.006154	-0.000289	3.076309	0.000289	1.006154	-0.327986	
397	1.006470	-0.000084	3.019637	0.000084	1.006470	-0.282198	
398	1.006419	-0.000438	2.961349	0.000438	1.006419	-0.401616	
399	1.006682	-0.000114	2.952013	0.000114	1.006682	-0.260545	
400	1.006359	-0.000118	3.190112	0.000118	1.006359	-0.335330	
401	1.006553	-0.000168	3.038169	0.000168	1.006553	-0.490205	
402	1.006190	-0.000291	3.263010	0.000291	1.006190	-0.404483	
403	1.006573	-0.000034	2.803547	0.000034	1.006573	-0.287935	
404	1.006788	-0.000198	2.573012	0.000198	1.006788	-0.527230	
405	1.006892	-0.000093	2.340895	0.000093	1.006892	-0.568865	
406	1.007024	-0.000075	2.035670	0.000075	1.007024	-0.791304	
407	1.007209	0.000059	1.819989	-0.000059	1.007209	-0.807574	
408	1.007128	0.000213	1.831008	-0.000213	1.007128	-0.724269	
409	1.007061	0.000163	1.865883	-0.000163	1.007061	-0.874290	
410	1.006625	0.000098	1.936717	-0.000098	1.006625	-0.792222	
411	1.006757	0.000073	1.472603	-0.000073	1.006757	-0.913934	
412	1.006594	0.000042	1.132305	-0.000042	1.006594	-1.024675	
413	1.006778	-0.000088	0.705465	0.000088	1.006778	-1.187221	
414	1.006192	-0.000076	0.575291	0.000076	1.006192	-1.079366	
415	1.005525	-0.000061	0.591089	0.000061	1.005525	-1.031408	
416	1.005601	-0.000112	0.083147	0.000112	1.005601	-1.054404	
417	1.005512	-0.000024	-0.411789	0.000024	1.005512	-0.972658	
418	1.005338	-0.000028	-0.960201	0.000028	1.005338	-1.113320	
419	1.004955	0.000030	-1.565481	-0.000030	1.004955	-1.161360	
420	1.004201	-0.000053	-1.850826	0.000053	1.004201	-1.095688	
421	1.003857	-0.000024	-2.162640	0.000024	1.003857	-0.996312	
422	1.003993	0.000068	-2.538949	-0.000068	1.003993	-1.048831	
423	1.004044	-0.000048	-2.701914	0.000048	1.004044	-1.258125	
424	1.003456	-0.000188	-2.399524	0.000188	1.003456	-1.261286	
425	1.002948	-0.000105	-2.268179	0.000105	1.002948	-1.104585	
426	1.002106	-0.000156	-2.163967	0.000156	1.002106	-0.960115	
427	1.001678	-0.000201	-2.765438	0.000201	1.001678	-0.796792	
428	1.001361	-0.000056	-3.755343	0.000056	1.001361	-0.583721	
429	1.000718	-0.000044	-3.982852	0.000044	1.000718	-0.498315	
430	1.000751	-0.000011	-4.294848	0.000011	1.000751	-0.591461	
431	1.000702	-0.000061	-4.629808	0.000061	1.000702	-0.587853	
432	1.000497	-0.000061	-4.910201	0.000061	1.000497	-0.557100	
433	1.000238	-0.000198	-5.258198	0.000198	1.000238	-0.562354	
434	0.999918	-0.000148	-5.126629	0.000148	0.999918	-0.394954	
435	1.001674	-0.000009	-7.160589	0.000009	1.001674	-0.667323	
436	1.001741	0.000099	-7.786502	-0.000099	1.001741	-0.464692	
437	1.001444	0.000069	-7.678454	-0.000069	1.001444	-0.415373	
438	1.001102	0.000184	-7.355279	-0.000184	1.001102	-0.092790	
439	1.000678	0.000077	-6.822218	-0.000077	1.000678	-0.085490	
440	1.000815	0.000185	-7.081267	-0.000185	1.000815	-0.051166	
441	1.000634	-0.000086	-6.989174	0.000086	1.000634	-0.226849	
442	1.000517	-0.000052	-6.910494	0.000052	1.000517	-0.138846	
443	1.000409	-0.000097	-6.901938	0.000097	1.000409	-0.185144	
444	0.999404	-0.000218	-5.849243	0.000218	0.999404	-0.029014	
445	1.000581	0.000002	-6.976633	-0.000002	1.000581	-0.034901	
446	1.000567	0.000093	-6.812147	-0.000093	1.000567	0.121641	
447	1.000439	0.000041	-6.567626	-0.000041	1.000439	0.145798	
448	1.000184	-0.000098	-6.050127	0.000098	1.000184	-0.002769	
449	1.000344	-0.000159	-5.928111	0.000159	1.000344	-0.309185	
450	0.999149	-0.000447	-4.527198	0.000447	0.999149	-0.200086	
451	1.000053	-0.000237	-5.272880	0.000237	1.000053	-0.046735	
452	0.999393	-0.000361	-4.539301	0.000361	0.999393	-0.007022	
453	0.999486	-0.000249	-4.492860	0.000249	0.999486	0.151694	
454	0.999469	-0.000268	-4.373694	0.000268	0.999469	0.071089	
455	0.999412	-0.000240	-4.099073	0.000240	0.999412	-0.114213	
456	0.999420	-0.000327	-3.543997	0.000327	0.999420	-0.158300	
457	0.999721	-0.000549	-3.341963	0.000549	0.999721	-0.290589	
458	0.999710	-0.000504	-3.093097	0.000504	0.999710	-0.252356	
459	0.999893	-0.000407	-2.978297	0.000407	0.999893	-0.166587	
460	0.999986	-0.000408	-2.981573	0.000408	0.999986	-0.175006	
461	1.000067	-0.000254	-3.159415	0.000254	1.000067	-0.175128	
462	1.000069	-0.000180	-3.458204	0.000180	1.000069	-0.119867	
463	0.999801	-0.000229	-3.686210	0.000229	0.999801	-0.138185	
464	0.999655	-0.000308	-3.666513	0.000308	0.999655	-0.371776	
465	0.999517	-0.000422	-3.496779	0.000422	0.999517	-0.364514	
466	0.999607	-0.000185	-3.403646	0.000185	0.999607	-0.096252	
467	0.999817	-0.000431	-3.414350	0.000431	0.999817	-0.277115	
468	1.000040	-0.000323	-3.230661	0.000323	1.000040	-0.154345	
469	0.999868	-0.000147	-2.889256	0.000147	0.999868	-0.040801	
470	0.999991	-0.000148	-2.567660	0.000148	0.999991	-0.133430	
471	1.000104	-0.000221	-2.308541	0.000221	1.000104	-0.152683	
472	1.000105	-0.000237	-1.652236	0.000237	1.000105	-0.234292	
473	1.000173	-0.000411	-1.258192	0.000411	1.000173	-0.420815	
474	1.000050	-0.000433	-0.736168	0.000433	1.000050	-0.279201	
475	1.000402	-0.000243	-0.605680	0.000243	1.000402	-0.167485	
476	1.000759	-0.000287	-0.440793	0.000287	1.000759	-0.009361	
477	1.000576	-0.000126	-0.376559	0.000126	1.000576	0.191709	
478	1.000566	0.000023	-0.031971	-0.000023	1.000566	0.179839	
479	1.001032	0.000001	-0.068397	-0.000001	1.001032	0.234044	
480	1.000768	-0.000227	0.469158	0.000227	1.000768	0.046434	
481	1.000878	-0.000327	0.751212	0.000327	1.000878	-0.084105	
482	1.001209	-0.000234	1.033896	0.000234	1.001209	-0.238264	
483	1.001285	-0.000159	1.278307	0.000159	1.001285	-0.245179	
484	1.001590	-0.000129	1.244769	0.000129	1.001590	-0.419727	
485	1.001867	-0.000244	1.260199	0.000244	1.001867	-0.498489	
486	1.001816	-0.000096	1.620439	0.000096	1.001816	-0.461829	
487	1.001952	-0.000446	1.620329	0.000446	1.001952	-0.653635	
488	1.001739	-0.000524	1.665251	0.000524	1.001739	-0.509590	
489	1.001610	-0.000376	1.985784	0.000376	1.001610	-0.400880	
490	1.001750	-0.000359	1.958842	0.000359	1.001750	-0.537890	
491	1.001821	-0.000264	2.056300	0.000264	1.001821	-0.491491	
492	1.002089	-0.000107	1.959853	0.000107	1.002089	-0.326333	
493	1.002049	-0.000192	1.815301	0.000192	1.002049	-0.400976	
494	1.002027	-0.000223	1.606604	0.000223	1.002027	-0.410923	
495	1.001892	-0.000286	1.719783	0.000286	1.001892	-0.442896	
496	1.001821	-0.000285	1.880545	0.000285	1.001821	-0.465890	
497	1.001659	-0.000228	1.845465	0.000228	1.001659	-0.541490	
498	1.002193	-0.000136	1.735520	0.000136	1.002193	-0.544278	
499	1.002316	-0.000287	1.748724	0.000287	1.002316	-0.540493	
500	1.002218	-0.000474	2.200471	0.000474	1.002218	-0.659604	
501	1.001952	-0.000272	2.759932	0.000272	1.001952	-0.521543	
502	1.001722	-0.000306	3.056961	0.000306	1.001722	-0.388149	
503	1.001848	-0.000296	2.896547	0.000296	1.001848	-0.356709	
504	1.001961	-0.000220	2.863778	0.000220	1.001961	-0.291751	
505	1.002983	0.000006	2.609225	-0.000006	1.002983	-0.172376	
506	1.001782	-0.000163	3.384859	0.000163	1.001782	-0.294844	
507	1.001744	-0.000170	3.459106	0.000170	1.001744	-0.340709	
508	1.002063	0.000028	4.041906	-0.000028	1.002063	-0.173676	
509	1.000707	-0.000267	6.506857	0.000267	1.000707	-0.264547	
510	1.000748	-0.000416	7.533814	0.000416	1.000748	-0.373269	
511	1.000762	-0.000366	7.753945	0.000366	1.000762	-0.331939	
512	1.002900	-0.000113	5.296009	0.000113	1.002900	-0.405435	
513	1.000577	-0.000508	7.961408	0.000508	1.000577	-0.418951	
514	1.000638	-0.000467	8.413189	0.000467	1.000638	-0.524152	
515	1.000680	-0.000367	8.717846	0.000367	1.000680	-0.447194	
516	1.000889	-0.000236	8.885122	0.000236	1.000889	-0.236511	
517	1.000619	-0.000291	9.584637	0.000291	1.000619	-0.449525	
518	1.000530	-0.000394	9.967113	0.000394	1.000530	-0.720162	
519	1.000634	-0.000207	9.975130	0.000207	1.000634	-0.309522	
520	1.000793	-0.000357	9.813153	0.000357	1.000793	-0.563340	
521	1.000491	-0.000536	9.974453	0.000536	1.000491	-0.666088	
522	1.000416	-0.000497	9.927222	0.000497	1.000416	-0.962431	
523	1.000502	-0.000552	9.900956	0.000552	1.000502	-1.101139	
524	1.000274	-0.000627	10.087929	0.000627	1.000274	-1.021721	
525	1.000220	-0.000651	10.326175	0.000651	1.000220	-1.073754	
526	1.000199	-0.000505	10.321936	0.000505	1.000199	-1.103947	
527	1.000059	-0.000516	10.330915	0.000516	1.000059	-1.019366	
528	1.000129	-0.000483	10.290948	0.000483	1.000129	-1.019739	
529	0.999979	-0.000598	10.698942	0.000598	0.999979	-1.218484	
530	0.999883	-0.000488	10.731025	0.000488	0.999883	-0.979172	
531	1.000061	-0.000559	10.629408	0.000559	1.000061	-0.831224	
532	0.999917	-0.000443	10.390045	0.000443	0.999917	-0.626217	
533	1.000549	-0.000197	9.610221	0.000197	1.000549	-0.614546	
534	1.000321	-0.000198	9.328830	0.000198	1.000321	-0.693003	
535	1.000093	-0.000245	8.640577	0.000245	1.000093	-0.703847	
536	1.000027	-0.000261	7.938743	0.000261	1.000027	-0.643707	
537	0.999865	-0.000207	7.287671	0.000207	0.999865	-0.566992	
538	1.001264	0.000088	5.197597	-0.000088	1.001264	-0.535169	
539	0.999892	-0.000373	6.055809	0.000373	0.999892	-0.689030	
540	1.001027	0.000071	4.616229	-0.000071	1.001027	-0.512100	
541	0.999864	-0.000223	6.065816	0.000223	0.999864	-0.270009	
542	1.000012	-0.000264	6.141936	0.000264	1.000012	-0.516869	
543	1.001296	0.000315	4.907197	-0.000315	1.001296	-0.559705	
544	1.000290	-0.000015	5.837603	0.000015	1.000290	-0.536639	
545	1.000283	-0.000165	5.924895	0.000165	1.000283	-0.571184	
546	1.001198	0.000110	4.627578	-0.000110	1.001198	-0.401658	
547	1.001052	0.000082	4.211757	-0.000082	1.001052	-0.562500	
548	1.000855	0.000136	3.804169	-0.000136	1.000855	-0.557000	
549	1.000878	0.000028	3.711614	-0.000028	1.000878	-0.571730	
550	1.000975	0.000088	3.806662	-0.000088	1.000975	-0.351177	
551	1.001069	0.000201	4.088820	-0.000201	1.001069	-0.215122	
552	1.001133	0.000244	4.252942	-0.000244	1.001133	-0.293491	
553	1.001107	0.000238	4.154392	-0.000238	1.001107	-0.466351	
554	1.001167	0.000275	4.197452	-0.000275	1.001167	-0.540260	
555	1.001694	0.000193	3.866166	-0.000193	1.001694	-0.582023	
556	1.001217	0.000120	4.375243	-0.000120	1.001217	-0.469747	
557	1.001179	0.000135	4.415945	-0.000135	1.001179	-0.538816	
558	1.001344	0.000317	4.189388	-0.000317	1.001344	-0.527321	
559	1.001207	0.000227	4.303880	-0.000227	1.001207	-0.603380	
560	1.001208	0.000205	4.295088	-0.000205	1.001208	-0.530676	
561	1.001205	0.000312	4.306833	-0.000312	1.001205	-0.559047	
562	1.001053	0.000335	4.351138	-0.000335	1.001053	-0.685208	
563	1.001099	0.000336	4.239213	-0.000336	1.001099	-0.842979	
564	1.001244	0.000256	4.110710	-0.000256	1.001244	-0.801184	
565	1.001245	0.000273	4.288057	-0.000273	1.001245	-0.712883	
566	1.001401	0.000341	4.328528	-0.000341	1.001401	-0.630047	
567	1.001370	0.000228	4.386751	-0.000228	1.001370	-0.545083	
568	1.000771	0.000043	5.066102	-0.000043	1.000771	-0.830059	
569	1.000493	-0.000040	5.650643	0.000040	1.000493	-0.969411	
570	1.000176	-0.000148	6.202461	0.000148	1.000176	-0.918035	
571	1.001424	0.000442	5.015483	-0.000442	1.001424	-0.696512	
572	1.000842	0.000159	5.664762	-0.000159	1.000842	-0.832287	
573	1.000208	-0.000156	6.212048	0.000156	1.000208	-0.888035	
574	1.000432	-0.000071	5.839344	0.000071	1.000432	-0.950691	
575	1.001187	0.000309	4.926497	-0.000309	1.001187	-0.860588	
576	1.001479	0.000295	4.387612	-0.000295	1.001479	-0.648862	
577	1.000874	0.000040	4.996628	-0.000040	1.000874	-0.732834	
578	1.001496	0.000330	4.361015	-0.000330	1.001496	-0.729775	
579	1.001264	0.000350	4.282779	-0.000350	1.001264	-0.535178	
580	1.001145	0.000325	4.232540	-0.000325	1.001145	-0.538315	
581	1.001182	0.000263	4.162342	-0.000263	1.001182	-0.465377	
582	1.001276	0.000390	4.060753	-0.000390	1.001276	-0.508447	
583	1.001548	0.000346	3.944996	-0.000346	1.001548	-0.577534	
584	1.001523	0.000240	3.883463	-0.000240	1.001523	-0.508118	
585	1.001463	0.000223	3.957014	-0.000223	1.001463	-0.517361	
586	1.001491	0.000218	3.876610	-0.000218	1.001491	-0.258725	
587	1.001425	0.000157	3.794891	-0.000157	1.001425	-0.473921	
588	1.001275	0.000159	3.680401	-0.000159	1.001275	-0.448384	
589	1.001298	0.000371	3.538057	-0.000371	1.001298	-0.288863	
590	1.001254	0.000282	3.474961	-0.000282	1.001254	-0.357513	
591	1.001169	0.000201	3.510855	-0.000201	1.001169	-0.444857	
592	1.001230	0.000236	3.396548	-0.000236	1.001230	-0.498336	
593	1.001163	0.000137	3.473565	-0.000137	1.001163	-0.374125	
594	1.001251	-0.000085	3.270321	0.000085	1.001251	-0.318104	
595	1.001141	-0.000017	3.255051	0.000017	1.001141	-0.413723	
596	1.001125	0.000187	3.021793	-0.000187	1.001125	-0.435218	
597	1.001025	0.000116	2.901034	-0.000116	1.001025	-0.399838	
598	1.000991	0.000116	2.902481	-0.000116	1.000991	-0.353817	
599	1.000998	0.000182	2.861183	-0.000182	1.000998	-0.395335	
