0	1.000000	0.000000	0.000000	0.000000	1.000000	0.000000	
1	1.000524	0.000282	3.375269	-0.000282	1.000524	-0.062563	
2	1.000519	0.000195	3.828677	-0.000195	1.000519	-0.135094	
3	1.000488	0.000312	4.098340	-0.000312	1.000488	0.018191	
4	1.000607	0.000279	4.217399	-0.000279	1.000607	-0.106777	
5	1.000074	0.000076	5.073607	-0.000076	1.000074	-0.226561	
6	1.000434	0.000230	4.270046	-0.000230	1.000434	-0.275275	
7	1.000461	0.000352	4.066751	-0.000352	1.000461	0.000583	
8	1.000523	0.000238	4.297703	-0.000238	1.000523	-0.055301	
9	1.000596	0.000200	3.983704	-0.000200	1.000596	-0.076362	
10	1.000710	0.000258	4.207288	-0.000258	1.000710	-0.089437	
11	1.000797	0.000317	4.453127	-0.000317	1.000797	-0.137198	
12	1.000768	0.000273	4.512341	-0.000273	1.000768	-0.208731	
13	0.999892	-0.000097	5.799127	0.000097	0.999892	-0.141908	
14	0.999565	-0.000348	6.287661	0.000348	0.999565	-0.178915	
15	1.000895	0.000429	4.977510	-0.000429	1.000895	-0.075626	
16	0.999509	-0.000283	6.908048	0.000283	0.999509	-0.034017	
17	1.000937	0.000435	5.668136	-0.000435	1.000937	-0.161261	
18	0.999988	-0.000431	7.797817	0.000431	0.999988	-0.350474	
19	0.999606	-0.000478	9.047111	0.000478	0.999606	-0.286866	
20	0.999914	-0.000387	10.076627	0.000387	0.999914	-0.309677	
21	0.999347	-0.000769	11.706292	0.000769	0.999347	-0.352088	
22	0.999622	-0.000750	13.533756	0.000750	0.999622	-0.407216	
23	0.999637	-0.000822	15.600799	0.000822	0.999637	-0.411603	
24	0.999642	-0.000874	17.781159	0.000874	0.999642	-0.504681	
25	0.999061	-0.001111	20.685379	0.001111	0.999061	-0.452620	
26	0.999264	-0.001254	22.550430	0.001254	0.999264	-0.725275	
27	0.998607	-0.001392	25.390375	0.001392	0.998607	-0.551110	
28	0.998822	-0.001534	26.231729	0.001534	0.998822	-0.899121	
29	0.998599	-0.001683	27.095476	0.001683	0.998599	-0.844721	
30	0.999405	-0.001470	27.867090	0.001470	0.999405	-0.962855	
31	0.999664	-0.001500	26.741629	0.001500	0.999664	-1.120831	
32	0.998511	-0.001132	27.223284	0.001132	0.998511	-0.501062	
33	0.999638	-0.001306	26.513144	0.001306	0.999638	-1.108320	
34	0.999885	-0.001414	25.385180	0.001414	0.999885	-1.184749	
35	1.000395	-0.001238	24.421225	0.001238	1.000395	-1.291914	
36	0.999947	-0.001295	23.096343	0.001295	0.999947	-1.119596	
37	0.999971	-0.001298	21.355889	0.001298	0.999971	-1.086004	
38	1.000194	-0.001214	19.714708	0.001214	1.000194	-1.116052	
39	1.000148	-0.001005	16.944012	0.001005	1.000148	-0.926619	
40	1.000203	-0.000866	14.250513	0.000866	1.000203	-0.813500	
41	1.000054	-0.000642	12.211960	0.000642	1.000054	-0.487383	
42	1.000409	-0.000547	9.761697	0.000547	1.000409	-0.551837	
43	1.000141	-0.000478	8.402271	0.000478	1.000141	-0.350042	
44	1.000233	-0.000355	7.422722	0.000355	1.000233	-0.299683	
45	0.999988	-0.000516	6.689920	0.000516	0.999988	-0.338401	
46	0.999916	-0.000574	6.337629	0.000574	0.999916	-0.397329	
47	1.000140	-0.000371	5.673100	0.000371	1.000140	-0.339302	
48	1.001269	0.000296	4.000462	-0.000296	1.001269	-0.305246	
49	1.001355	0.000218	3.768044	-0.000218	1.001355	-0.326728	
50	1.000595	0.000199	3.951522	-0.000199	1.000595	-0.228943	
51	1.001146	0.000124	3.263569	-0.000124	1.001146	-0.343952	
52	1.001131	-0.000119	2.968229	0.000119	1.001131	-0.591678	
53	1.000871	-0.000111	2.470521	0.000111	1.000871	-0.381464	
54	1.000871	-0.000106	1.996414	0.000106	1.000871	-0.344469	
55	1.000815	0.000039	1.556668	-0.000039	1.000815	-0.191869	
56	1.000503	0.000049	0.998518	-0.000049	1.000503	-0.083237	
57	1.000288	0.000142	0.579133	-0.000142	1.000288	0.042234	
58	1.000257	0.000100	0.069759	-0.000100	1.000257	0.003908	
59	1.000187	0.000050	-0.197108	-0.000050	1.000187	0.011550	
60	1.000062	-0.000005	-0.298210	0.000005	1.000062	0.023014	
61	1.000106	-0.000079	-0.103251	0.000079	1.000106	-0.045262	
62	1.000157	-0.000098	0.088012	0.000098	1.000157	-0.050859	
63	1.000058	-0.000098	0.193759	0.000098	1.000058	-0.033528	
64	1.000074	-0.000185	0.164031	0.000185	1.000074	-0.118138	
65	1.000017	-0.000146	0.023670	0.000146	1.000017	-0.084391	
66	1.000007	-0.000151	0.078409	0.000151	1.000007	-0.079925	
67	0.999974	-0.000122	0.069707	0.000122	0.999974	-0.043464	
68	0.999914	-0.000049	0.099048	0.000049	0.999914	0.034628	
69	0.999947	0.000062	0.067139	-0.000062	0.999947	0.097198	
70	0.999978	0.000124	0.029012	-0.000124	0.999978	0.119385	
71	0.999952	0.000118	0.063849	-0.000118	0.999952	0.101608	
72	0.999904	0.000141	0.093161	-0.000141	0.999904	0.134136	
73	0.999892	0.000152	0.115238	-0.000152	0.999892	0.136987	
74	0.999900	0.000100	0.098062	-0.000100	0.999900	0.119704	
75	0.999919	0.000022	0.132502	-0.000022	0.999919	0.083166	
76	0.999920	-0.000051	0.160725	0.000051	0.999920	0.057760	
77	0.999861	-0.000085	0.112789	0.000085	0.999861	0.041218	
78	0.999930	-0.000052	-0.066582	0.000052	0.999930	0.035189	
79	0.999927	-0.000021	-0.273124	0.000021	0.999927	0.064604	
80	0.999768	-0.000083	-0.448214	0.000083	0.999768	0.059894	
81	0.999685	-0.000033	-0.797761	0.000033	0.999685	0.101558	
82	0.999625	-0.000050	-1.062622	0.000050	0.999625	0.105241	
83	0.999368	0.000032	-1.574053	-0.000032	0.999368	0.246400	
84	0.999206	0.000039	-1.798221	-0.000039	0.999206	0.276336	
85	0.999027	0.000042	-2.230020	-0.000042	0.999027	0.325174	
86	0.998834	0.000025	-2.647318	-0.000025	0.998834	0.382254	
87	0.998793	-0.000102	-2.995643	0.000102	0.998793	0.390402	
88	0.998630	-0.000241	-3.232127	0.000241	0.998630	0.376213	
89	0.998069	-0.000008	-3.183971	0.000008	0.998069	0.724902	
90	0.998538	-0.000309	-3.732136	0.000309	0.998538	0.373528	
91	0.998097	-0.000223	-3.625597	0.000223	0.998097	0.708071	
92	0.998295	-0.000354	-3.944606	0.000354	0.998295	0.534066	
93	0.999341	0.000565	-5.416153	-0.000565	0.999341	0.786125	
94	0.999787	0.000609	-6.054794	-0.000609	0.999787	0.618516	
95	0.998477	-0.000265	-4.616561	0.000265	0.998477	0.481365	
96	0.999931	0.000464	-6.601099	-0.000464	0.999931	0.314197	
97	1.000183	0.000773	-7.061492	-0.000773	1.000183	0.581060	
98	1.000029	0.000600	-7.001128	-0.000600	1.000029	0.521442	
99	1.000193	0.000781	-7.852591	-0.000781	1.000193	0.612072	
100	1.000366	0.000869	-7.949800	-0.000869	1.000366	0.476046	
101	1.000406	0.000725	-7.728067	-0.000725	1.000406	0.352564	
102	1.000732	0.000998	-8.678381	-0.000998	1.000732	0.425761	
103	1.000336	0.000713	-8.110222	-0.000713	1.000336	0.343797	
104	1.000369	0.000868	-8.392033	-0.000868	1.000369	0.711854	
105	1.000442	0.000645	-8.628986	-0.000645	1.000442	0.338199	
106	0.999850	0.000601	-7.833498	-0.000601	0.999850	0.360494	
107	1.000034	0.000480	-8.174793	-0.000480	1.000034	0.215105	
108	0.999669	0.000458	-7.366522	-0.000458	0.999669	0.312840	
109	0.999974	0.000562	-6.950533	-0.000562	0.999974	0.545093	
110	0.997939	-0.000340	-3.926521	0.000340	0.997939	0.691162	
111	0.998985	-0.000230	-3.837817	0.000230	0.998985	0.301080	
112	0.998999	-0.000090	-3.140181	0.000090	0.998999	0.323246	
113	0.999351	-0.000189	-2.614128	0.000189	0.999351	0.077245	
114	0.999493	-0.000040	-1.850591	0.000040	0.999493	0.134324	
115	0.999828	-0.000070	-0.864868	0.000070	0.999828	-0.052798	
116	1.000126	-0.000025	0.371556	0.000025	1.000126	-0.069468	
117	1.000239	0.000109	0.959881	-0.000109	1.000239	-0.088310	
118	1.000174	0.000123	1.370001	-0.000123	1.000174	-0.049238	
119	1.000359	0.000061	1.443502	-0.000061	1.000359	-0.138394	
120	1.000472	0.000056	1.796486	-0.000056	1.000472	-0.239259	
121	1.000542	0.000232	2.256114	-0.000232	1.000542	-0.098505	
122	1.000480	0.000151	2.258848	-0.000151	1.000480	-0.158761	
123	1.000585	0.000115	2.372173	-0.000115	1.000585	-0.225031	
124	1.000548	0.000187	2.357901	-0.000187	1.000548	-0.135133	
125	1.000607	0.000290	2.372949	-0.000290	1.000607	-0.056709	
126	1.000800	0.000275	2.455331	-0.000275	1.000800	0.012842	
127	1.000701	0.000258	2.311497	-0.000258	1.000701	0.027501	
128	1.000691	0.000241	2.543842	-0.000241	1.000691	-0.064730	
129	1.000596	0.000294	2.199780	-0.000294	1.000596	-0.041912	
130	1.000411	0.000132	2.038680	-0.000132	1.000411	-0.120421	
131	1.000196	0.000096	1.389476	-0.000096	1.000196	-0.120640	
132	1.000052	0.000053	0.967899	-0.000053	1.000052	-0.021517	
133	0.999994	0.000041	0.692609	-0.000041	0.999994	-0.012549	
134	0.999944	0.000007	0.523244	-0.000007	0.999944	-0.060991	
135	0.999908	-0.000033	0.180480	0.000033	0.999908	-0.086288	
136	0.999933	-0.000020	0.117562	0.000020	0.999933	-0.107181	
137	0.999953	-0.000109	-0.085176	0.000109	0.999953	-0.144850	
138	1.000074	-0.000103	-0.078539	0.000103	1.000074	-0.142785	
139	0.999970	-0.000116	-0.109053	0.000116	0.999970	-0.081695	
140	1.000048	-0.000016	0.061867	0.000016	1.000048	-0.013598	
141	0.999949	0.000083	0.285117	-0.000083	0.999949	0.080320	
142	1.000066	0.000208	0.128362	-0.000208	1.000066	0.108448	
143	1.000081	0.000178	0.189967	-0.000178	1.000081	0.090526	
144	1.000086	0.000250	-0.004101	-0.000250	1.000086	0.106154	
145	1.000019	0.000204	0.020367	-0.000204	1.000019	0.156185	
146	1.000039	0.000095	-0.010767	-0.000095	1.000039	0.033568	
147	1.000114	0.000029	-0.048524	-0.000029	1.000114	-0.040688	
148	1.000078	0.000064	-0.005981	-0.000064	1.000078	-0.027327	
149	1.000230	0.000095	-0.067977	-0.000095	1.000230	-0.057517	
150	1.000212	0.000156	-0.133421	-0.000156	1.000212	-0.039399	
151	1.000238	0.000204	-0.121895	-0.000204	1.000238	-0.016304	
152	1.000267	0.000188	-0.159773	-0.000188	1.000267	-0.049605	
153	1.000354	0.000110	-0.238612	-0.000110	1.000354	-0.126405	
154	1.000459	0.000055	-0.207201	-0.000055	1.000459	-0.174801	
155	1.000444	0.000081	-0.181391	-0.000081	1.000444	-0.130892	
156	1.000370	0.000034	-0.157268	-0.000034	1.000370	-0.112819	
157	1.000310	0.000075	-0.048857	-0.000075	1.000310	-0.077049	
158	1.000305	0.000046	0.010056	-0.000046	1.000305	-0.072639	
159	1.000414	-0.000028	0.008497	0.000028	1.000414	-0.128553	
160	1.000444	-0.000027	0.008460	0.000027	1.000444	-0.117337	
161	1.000359	-0.000004	-0.048216	0.000004	1.000359	-0.077714	
162	1.000338	-0.000003	-0.036531	0.000003	1.000338	-0.063589	
163	1.000250	0.000043	-0.166114	-0.000043	1.000250	-0.026948	
164	1.000249	0.000029	-0.182484	-0.000029	1.000249	-0.054310	
165	1.000208	0.000029	-0.100030	-0.000029	1.000208	-0.045165	
166	1.000263	-0.000020	-0.197984	0.000020	1.000263	-0.102608	
167	1.000148	-0.000044	-0.148317	0.000044	1.000148	-0.074237	
168	1.000222	-0.000118	-0.180537	0.000118	1.000222	-0.120140	
169	1.000230	-0.000167	-0.167411	0.000167	1.000230	-0.131750	
170	1.000262	-0.000195	-0.230074	0.000195	1.000262	-0.125877	
171	1.000348	-0.000161	-0.035276	0.000161	1.000348	-0.137790	
172	1.000136	-0.000121	-0.077837	0.000121	1.000136	-0.064738	
173	1.000166	-0.000104	-0.017802	0.000104	1.000166	-0.080868	
174	1.000094	-0.000091	0.025057	0.000091	1.000094	-0.082973	
175	1.000092	-0.000105	0.014267	0.000105	1.000092	-0.094678	
176	1.000109	-0.000085	0.131978	0.000085	1.000109	-0.086074	
177	1.000064	-0.000059	0.239417	0.000059	1.000064	-0.055118	
178	1.000096	-0.000100	0.230787	0.000100	1.000096	-0.033147	
179	1.000238	-0.000128	0.454254	0.000128	1.000238	-0.074394	
180	1.000158	-0.000095	0.467718	0.000095	1.000158	-0.028959	
181	1.000312	-0.000141	0.904268	0.000141	1.000312	-0.004733	
182	1.000353	-0.000102	1.188910	0.000102	1.000353	0.120118	
183	1.000489	-0.000119	1.381896	0.000119	1.000489	-0.084624	
184	1.000508	-0.000123	1.824589	0.000123	1.000508	0.003110	
185	1.000568	-0.000057	2.071722	0.000057	1.000568	-0.005641	
186	1.000624	-0.000112	2.214132	0.000112	1.000624	-0.038642	
187	1.000722	-0.000114	2.313763	0.000114	1.000722	0.138018	
188	1.000510	-0.000149	2.718182	0.000149	1.000510	0.239878	
189	1.001297	-0.000135	2.729153	0.000135	1.001297	0.157894	
190	1.001068	-0.000151	3.194875	0.000151	1.001068	0.210527	
191	1.001134	-0.000237	3.532405	0.000237	1.001134	0.245094	
192	1.002066	0.000105	3.482751	-0.000105	1.002066	0.146985	
193	1.000247	-0.000477	6.389508	0.000477	1.000247	0.398823	
194	1.000136	-0.000395	6.720239	0.000395	1.000136	0.479825	
195	1.000329	-0.000713	7.403711	0.000713	1.000329	0.233129	
196	1.000299	-0.000666	7.918503	0.000666	1.000299	0.121268	
197	0.997823	-0.000645	9.097867	0.000645	0.997823	0.992071	
198	1.002973	0.000410	5.308662	-0.000410	1.002973	-0.416714	
199	0.999217	-0.000532	8.107989	0.000532	0.999217	0.217279	
200	1.001158	-0.000415	6.713425	0.000415	1.001158	-0.294880	
201	1.000452	-0.000339	7.154208	0.000339	1.000452	0.040893	
202	1.000375	-0.000389	7.327585	0.000389	1.000375	0.025607	
203	1.000470	-0.000496	7.510425	0.000496	1.000470	-0.046874	
204	1.002227	0.000458	5.530360	-0.000458	1.002227	-0.072200	
205	1.000421	-0.000428	7.475112	0.000428	1.000421	-0.124285	
206	0.999356	-0.000699	7.208248	0.000699	0.999356	0.119254	
207	1.000991	-0.000283	5.820060	0.000283	1.000991	-0.387663	
208	1.000692	-0.000305	5.609661	0.000305	1.000692	-0.377488	
209	1.000073	-0.000535	6.079474	0.000535	1.000073	-0.020143	
210	1.000132	-0.000351	6.418064	0.000351	1.000132	0.028620	
211	0.999926	-0.000520	7.138480	0.000520	0.999926	0.014548	
212	1.000083	-0.000409	7.839012	0.000409	1.000083	0.334009	
213	1.000237	-0.000336	7.973031	0.000336	1.000237	-0.018699	
214	1.000089	-0.000074	7.263870	0.000074	1.000089	0.252578	
215	1.000130	-0.000548	7.723684	0.000548	1.000130	-0.118309	
216	0.999758	-0.000521	7.304038	0.000521	0.999758	-0.154347	
217	0.999530	-0.000672	7.914468	0.000672	0.999530	0.147142	
218	0.998734	-0.000863	9.101764	0.000863	0.998734	0.031566	
219	1.001376	0.000011	7.029788	-0.000011	1.001376	-0.275109	
220	0.998629	-0.001381	9.935063	0.001381	0.998629	-0.220964	
221	0.999245	-0.000733	9.400000	0.000733	0.999245	0.055018	
222	0.999372	-0.000902	8.983500	0.000902	0.999372	-0.234523	
223	0.999119	-0.000636	8.540779	0.000636	0.999119	0.047144	
224	0.999547	-0.000370	7.598126	0.000370	0.999547	-0.014975	
225	0.999151	-0.000597	7.162489	0.000597	0.999151	0.013305	
226	1.001202	0.000386	4.900387	-0.000386	1.001202	-0.085997	
227	1.000783	0.000355	4.467880	-0.000355	1.000783	0.052527	
228	1.000821	0.000190	4.209790	-0.000190	1.000821	-0.044799	
229	1.000487	0.000061	4.056326	-0.000061	1.000487	-0.069986	
230	1.000454	0.000029	3.660454	-0.000029	1.000454	-0.162183	
231	1.000326	-0.000010	3.242127	0.000010	1.000326	-0.176584	
232	1.000374	0.000053	2.901687	-0.000053	1.000374	-0.211602	
233	1.000473	0.000098	2.757882	-0.000098	1.000473	-0.128413	
234	1.000467	0.000069	2.455428	-0.000069	1.000467	-0.118100	
235	1.000568	0.000078	2.727243	-0.000078	1.000568	-0.123439	
236	1.000571	0.000145	2.893982	-0.000145	1.000571	-0.127642	
237	1.000732	0.000158	3.186962	-0.000158	1.000732	-0.202659	
238	1.000910	0.000094	3.546206	-0.000094	1.000910	-0.286846	
239	1.000749	0.000109	3.456946	-0.000109	1.000749	-0.247147	
240	1.000891	-0.000003	3.455173	0.000003	1.000891	-0.328329	
241	1.000850	0.000127	3.316899	-0.000127	1.000850	-0.171711	
242	1.000835	-0.000020	3.246097	0.000020	1.000835	-0.261210	
243	1.000960	-0.000036	3.517877	0.000036	1.000960	-0.325519	
244	1.000920	0.000099	3.148102	-0.000099	1.000920	-0.288307	
245	1.001037	0.000030	3.121624	-0.000030	1.001037	-0.465519	
246	1.000972	0.000079	2.845510	-0.000079	1.000972	-0.264157	
247	1.000923	0.000056	2.668833	-0.000056	1.000923	-0.232665	
248	1.001034	0.000061	2.333673	-0.000061	1.001034	-0.249712	
249	1.000807	0.000129	1.972965	-0.000129	1.000807	-0.131586	
250	1.000805	0.000060	1.703212	-0.000060	1.000805	-0.324578	
251	1.000609	0.000166	1.118325	-0.000166	1.000609	-0.232746	
252	1.000359	0.000057	0.904853	-0.000057	1.000359	-0.086568	
253	1.000284	0.000060	0.456802	-0.000060	1.000284	-0.037342	
254	1.000232	-0.000008	0.287727	0.000008	1.000232	-0.069640	
255	1.000189	-0.000025	0.088761	0.000025	1.000189	-0.069078	
256	1.000024	-0.000050	-0.225066	0.000050	1.000024	-0.072851	
257	1.000015	-0.000097	-0.169027	0.000097	1.000015	-0.077227	
258	1.000122	-0.000120	-0.074495	0.000120	1.000122	-0.095498	
259	0.999885	-0.000044	-0.098359	0.000044	0.999885	0.052188	
260	1.000008	-0.000076	0.000150	0.000076	1.000008	0.013786	
261	0.999969	-0.000069	-0.148483	0.000069	0.999969	0.007642	
262	0.999935	0.000057	-0.219809	-0.000057	0.999935	0.012077	
263	0.999835	0.000025	-0.276078	-0.000025	0.999835	0.027478	
264	0.999798	-0.000006	-0.379774	0.000006	0.999798	-0.004594	
265	0.999741	0.000017	-0.477482	-0.000017	0.999741	0.050350	
266	0.999769	0.000003	-0.688320	-0.000003	0.999769	0.095667	
267	0.999726	0.000000	-0.650130	-0.000000	0.999726	0.132845	
268	0.999748	0.000007	-1.004198	-0.000007	0.999748	0.105973	
269	0.999659	0.000060	-1.236025	-0.000060	0.999659	0.147312	
270	0.999583	0.000043	-1.623655	-0.000043	0.999583	0.132166	
271	0.999473	-0.000045	-1.968698	0.000045	0.999473	0.199603	
272	0.999329	-0.000101	-2.386516	0.000101	0.999329	0.206320	
273	0.999219	-0.000229	-3.110990	0.000229	0.999219	0.171467	
274	0.999010	-0.000226	-3.348191	0.000226	0.999010	0.268926	
275	0.998981	-0.000140	-3.993189	0.000140	0.998981	0.301950	
276	0.998845	-0.000176	-4.528232	0.000176	0.998845	0.271888	
277	0.998852	-0.000366	-4.582827	0.000366	0.998852	0.205244	
278	1.000225	0.000439	-6.592464	-0.000439	1.000225	0.294458	
279	1.000127	0.000440	-6.777649	-0.000440	1.000127	0.425341	
280	0.998518	-0.000241	-4.744118	0.000241	0.998518	0.511903	
281	1.000121	0.000290	-6.797396	-0.000290	1.000121	0.150201	
282	1.000097	0.000396	-6.956213	-0.000396	1.000097	0.189666	
283	1.000264	0.000649	-7.299716	-0.000649	1.000264	0.406529	
284	1.000071	0.000582	-7.511237	-0.000582	1.000071	0.450979	
285	1.000259	0.000661	-8.317135	-0.000661	1.000259	0.380151	
286	0.999972	0.000507	-8.530941	-0.000507	0.999972	0.350040	
287	1.000497	0.000784	-9.961261	-0.000784	1.000497	0.508618	
288	1.000373	0.000672	-10.599109	-0.000672	1.000373	0.549352	
289	1.000903	0.000623	-11.467690	-0.000623	1.000903	0.263216	
290	1.000920	0.000755	-13.038203	-0.000755	1.000920	0.395512	
291	1.000726	0.000825	-13.469423	-0.000825	1.000726	0.441231	
292	1.000816	0.001043	-14.829659	-0.001043	1.000816	0.533034	
293	1.000891	0.000728	-15.765715	-0.000728	1.000891	0.175485	
294	1.000801	0.000879	-16.087191	-0.000879	1.000801	0.314071	
295	1.000444	0.001025	-15.787562	-0.001025	1.000444	0.623556	
296	1.000589	0.000696	-14.834526	-0.000696	1.000589	0.336930	
297	0.999602	0.000924	-12.186566	-0.000924	0.999602	1.177798	
298	1.000006	0.000833	-12.217266	-0.000833	1.000006	0.715921	
299	1.000101	0.000770	-11.094625	-0.000770	1.000101	0.591628	
300	0.999921	0.000676	-10.720510	-0.000676	0.999921	0.603247	
301	0.999444	0.000857	-9.931377	-0.000857	0.999444	1.113967	
302	1.000002	0.000674	-9.845383	-0.000674	1.000002	0.908425	
303	1.000110	0.000605	-9.738557	-0.000605	1.000110	0.553977	
304	0.999702	0.000551	-8.838989	-0.000551	0.999702	0.565299	
305	0.999784	0.000650	-8.705065	-0.000650	0.999784	0.641754	
306	0.999843	0.000477	-8.392892	-0.000477	0.999843	0.452168	
307	0.999892	0.000416	-8.542760	-0.000416	0.999892	0.306293	
308	0.999869	0.000577	-8.680495	-0.000577	0.999869	0.528248	
309	1.000089	0.000640	-9.176347	-0.000640	1.000089	0.411344	
310	0.999443	0.001055	-8.672433	-0.001055	0.999443	0.948121	
311	0.997705	-0.000573	-5.670084	0.000573	0.997705	0.436204	
312	0.999804	0.000721	-7.280672	-0.000721	0.999804	0.557985	
313	0.999907	0.000708	-5.575358	-0.000708	0.999907	0.698513	
314	0.998742	-0.000331	-3.037301	0.000331	0.998742	0.485225	
315	0.999472	-0.000183	-2.376121	0.000183	0.999472	0.214046	
316	0.999786	-0.000100	-1.735046	0.000100	0.999786	0.192506	
317	0.999930	-0.000015	-1.219934	0.000015	0.999930	0.140027	
318	1.000033	0.000084	-1.038151	-0.000084	1.000033	0.243021	
319	1.000062	0.000047	-0.682257	-0.000047	1.000062	0.176220	
320	1.000100	0.000060	-0.686829	-0.000060	1.000100	0.179644	
321	1.000137	0.000005	-0.474050	-0.000005	1.000137	0.051876	
322	1.000034	-0.000040	-0.386464	0.000040	1.000034	-0.001189	
323	1.000106	-0.000124	-0.119342	0.000124	1.000106	-0.105158	
324	1.000132	-0.000113	-0.084224	0.000113	1.000132	-0.091558	
325	1.000137	-0.000091	-0.063452	0.000091	1.000137	-0.088804	
326	1.000117	-0.000081	-0.058465	0.000081	1.000117	-0.073015	
327	1.000146	-0.000063	-0.084080	0.000063	1.000146	-0.078822	
328	1.000115	-0.000047	-0.043169	0.000047	1.000115	-0.082010	
329	1.000154	-0.000067	-0.085481	0.000067	1.000154	-0.109723	
330	1.000152	-0.000049	-0.077614	0.000049	1.000152	-0.055544	
331	1.000224	-0.000050	-0.121617	0.000050	1.000224	-0.059924	
332	1.000227	-0.000033	-0.145874	0.000033	1.000227	-0.059934	
333	1.000239	-0.000024	-0.181145	0.000024	1.000239	-0.072075	
334	1.000240	0.000010	-0.194769	-0.000010	1.000240	-0.067263	
335	1.000200	0.000036	-0.148767	-0.000036	1.000200	-0.054119	
336	1.000139	-0.000019	-0.036588	0.000019	1.000139	-0.073323	
337	1.000141	-0.000111	-0.126077	0.000111	1.000141	-0.126138	
338	1.000090	-0.000124	-0.071353	0.000124	1.000090	-0.100728	
339	1.000109	-0.000170	-0.055522	0.000170	1.000109	-0.108981	
340	1.000149	-0.000085	-0.120095	0.000085	1.000149	-0.077160	
341	1.000178	-0.000062	-0.185632	0.000062	1.000178	-0.047244	
342	1.000177	-0.000003	-0.192212	0.000003	1.000177	-0.029511	
343	1.000157	0.000002	-0.184092	-0.000002	1.000157	-0.023952	
344	1.000165	-0.000046	-0.198451	0.000046	1.000165	-0.059182	
345	1.000094	-0.000112	-0.043027	0.000112	1.000094	-0.078848	
346	1.000079	-0.000181	-0.107933	0.000181	1.000079	-0.104127	
347	1.000053	-0.000190	-0.086430	0.000190	1.000053	-0.099652	
348	1.000118	-0.000127	-0.121467	0.000127	1.000118	-0.070128	
349	1.000118	-0.000093	-0.115770	0.000093	1.000118	-0.054689	
350	1.000130	-0.000049	-0.110215	0.000049	1.000130	-0.024826	
351	1.000035	-0.000061	-0.082502	0.000061	1.000035	-0.015691	
352	1.000030	-0.000003	-0.058005	0.000003	1.000030	0.018471	
353	1.000041	0.000033	-0.086837	-0.000033	1.000041	0.036796	
354	1.000060	0.000048	-0.052679	-0.000048	1.000060	0.016044	
355	1.000074	0.000026	-0.089815	-0.000026	1.000074	-0.032672	
356	1.000037	-0.000026	-0.056815	0.000026	1.000037	-0.063641	
357	1.000078	-0.000030	-0.079140	0.000030	1.000078	-0.078775	
358	1.000137	-0.000034	-0.111867	0.000034	1.000137	-0.075691	
359	1.000214	-0.000047	-0.150366	0.000047	1.000214	-0.037547	
360	1.000205	-0.000110	-0.164950	0.000110	1.000205	-0.088726	
361	1.000316	-0.000034	-0.241764	0.000034	1.000316	-0.071550	
362	1.000333	0.000048	-0.213810	-0.000048	1.000333	-0.019524	
363	1.000366	0.000096	-0.286668	-0.000096	1.000366	0.013110	
364	1.000356	0.000095	-0.228070	-0.000095	1.000356	0.015506	
365	1.000350	0.000031	-0.261720	-0.000031	1.000350	-0.040067	
366	1.000236	0.000088	-0.106518	-0.000088	1.000236	-0.003696	
367	1.000350	-0.000039	-0.010739	0.000039	1.000350	-0.149293	
368	1.000251	-0.000014	0.012373	0.000014	1.000251	-0.106103	
369	1.000159	-0.000050	-0.081901	0.000050	1.000159	-0.115984	
370	1.000035	-0.000052	0.028875	0.000052	1.000035	-0.077984	
371	1.000101	-0.000014	0.159462	0.000014	1.000101	-0.064668	
372	1.000168	-0.000038	0.157328	0.000038	1.000168	-0.073782	
373	1.000159	-0.000082	-0.021867	0.000082	1.000159	-0.083197	
374	1.000144	-0.000115	0.077752	0.000115	1.000144	-0.122229	
375	1.000150	-0.000116	0.148443	0.000116	1.000150	-0.141184	
376	1.000132	-0.000092	0.018646	0.000092	1.000132	-0.111079	
377	1.000158	-0.000116	0.259876	0.000116	1.000158	-0.139700	
378	1.000224	-0.000177	0.376513	0.000177	1.000224	-0.154083	
379	1.000252	-0.000037	0.554199	0.000037	1.000252	-0.105511	
380	1.000224	0.000057	0.907681	-0.000057	1.000224	-0.025203	
381	1.000541	-0.000080	1.068820	0.000080	1.000541	-0.171904	
382	1.000396	0.000037	1.471924	-0.000037	1.000396	-0.140335	
383	1.000346	-0.000002	1.664876	0.000002	1.000346	-0.133597	
384	1.000530	0.000016	1.917052	-0.000016	1.000530	-0.163847	
385	1.000629	0.000022	2.176492	-0.000022	1.000629	-0.212862	
386	1.000678	-0.000053	2.474926	0.000053	1.000678	-0.276608	
387	1.000907	0.000103	2.837929	-0.000103	1.000907	-0.291230	
388	1.000983	0.000152	3.164693	-0.000152	1.000983	-0.301898	
389	1.001116	0.000279	3.568434	-0.000279	1.001116	-0.238271	
390	1.001233	0.000202	3.547967	-0.000202	1.001233	-0.368949	
391	1.001123	0.000338	3.795185	-0.000338	1.001123	-0.295557	
392	1.001184	0.000167	3.897947	-0.000167	1.001184	-0.534751	
393	1.001062	0.000262	3.792290	-0.000262	1.001062	-0.354189	
394	1.001084	0.000248	3.713343	-0.000248	1.001084	-0.384822	
395	1.000861	0.000233	3.520703	-0.000233	1.000861	-0.314040	
396	1.000950	0.000116	3.387500	-0.000116	1.000950	-0.395729	
397	1.000880	0.000129	2.964884	-0.000129	1.000880	-0.434722	
398	1.000601	0.000119	2.445401	-0.000119	1.000601	-0.311387	
399	1.000600	0.000112	2.074105	-0.000112	1.000600	-0.278849	
400	1.000658	0.000146	1.651966	-0.000146	1.000658	-0.198364	
401	1.000364	0.000162	1.248667	-0.000162	1.000364	-0.060935	
402	1.000348	0.000115	1.147375	-0.000115	1.000348	-0.058972	
403	1.000429	0.000170	1.235427	-0.000170	1.000429	-0.021502	
404	1.000397	0.000080	1.260378	-0.000080	1.000397	-0.095119	
405	1.000454	0.000114	1.325621	-0.000114	1.000454	-0.100057	
406	1.000514	0.000179	1.627986	-0.000179	1.000514	-0.129661	
407	1.000583	0.000164	1.905826	-0.000164	1.000583	-0.147413	
408	1.000832	0.000199	2.326685	-0.000199	1.000832	-0.203015	
409	1.000923	0.000183	2.761029	-0.000183	1.000923	-0.283806	
410	1.001121	0.000213	3.009623	-0.000213	1.001121	-0.353112	
411	1.001281	0.000302	3.517285	-0.000302	1.001281	-0.331048	
412	1.001471	0.000372	3.780037	-0.000372	1.001471	-0.341629	
413	1.001666	0.000282	3.949552	-0.000282	1.001666	-0.478576	
414	1.000643	-0.000538	5.781179	0.000538	1.000643	-0.646114	
415	1.001726	0.000407	4.343412	-0.000407	1.001726	-0.433542	
416	1.001658	0.000474	4.438553	-0.000474	1.001658	-0.411896	
417	1.000516	-0.000390	6.169367	0.000390	1.000516	-0.596370	
418	1.000373	-0.000418	6.337632	0.000418	1.000373	-0.538994	
419	1.001729	0.000462	4.271456	-0.000462	1.001729	-0.445453	
420	1.001697	0.000462	4.229505	-0.000462	1.001697	-0.406896	
421	1.001572	0.000311	3.760533	-0.000311	1.001572	-0.441542	
422	1.001419	0.000056	3.682800	-0.000056	1.001419	-0.486146	
423	1.001721	0.000180	3.219131	-0.000180	1.001721	-0.448974	
424	1.001574	0.000218	3.096965	-0.000218	1.001574	-0.422083	
425	1.001546	0.000287	3.200785	-0.000287	1.001546	-0.555736	
426	1.001580	0.000304	2.998061	-0.000304	1.001580	-0.564447	
427	1.001455	0.000368	2.529190	-0.000368	1.001455	-0.433791	
428	1.001569	0.000155	2.278106	-0.000155	1.001569	-0.464823	
429	1.001198	0.000171	2.120827	-0.000171	1.001198	-0.265999	
430	1.001308	0.000144	2.071279	-0.000144	1.001308	-0.292382	
431	1.001361	0.000205	2.008448	-0.000205	1.001361	-0.295461	
432	1.001126	0.000133	1.847899	-0.000133	1.001126	-0.388412	
433	1.001187	0.000191	1.735796	-0.000191	1.001187	-0.326506	
434	1.001131	0.000078	1.506608	-0.000078	1.001131	-0.352443	
435	1.001043	0.000122	1.027777	-0.000122	1.001043	-0.215684	
436	1.000842	0.000032	0.842814	-0.000032	1.000842	-0.215310	
437	1.000811	0.000012	0.627066	-0.000012	1.000811	-0.243242	
438	1.000738	0.000077	0.500226	-0.000077	1.000738	-0.242530	
439	1.000636	0.000024	0.453383	-0.000024	1.000636	-0.260943	
440	1.000644	0.000079	0.458376	-0.000079	1.000644	-0.236221	
441	1.000624	0.000082	0.402192	-0.000082	1.000624	-0.177769	
442	1.000606	0.000079	0.445098	-0.000079	1.000606	-0.164297	
443	1.000534	0.000158	0.577669	-0.000158	1.000534	-0.082385	
444	1.000511	0.000118	0.582539	-0.000118	1.000511	-0.109211	
445	1.000483	0.000144	0.697355	-0.000144	1.000483	-0.102342	
446	1.000421	0.000164	0.622646	-0.000164	1.000421	-0.068732	
447	1.000285	0.000136	0.543015	-0.000136	1.000285	-0.044324	
448	1.000436	0.000102	0.591184	-0.000102	1.000436	-0.088055	
449	1.000344	0.000078	0.470624	-0.000078	1.000344	-0.089656	
450	1.000283	0.000050	0.531606	-0.000050	1.000283	-0.149269	
451	1.000256	0.000081	0.517539	-0.000081	1.000256	-0.068056	
452	1.000159	0.000035	0.400241	-0.000035	1.000159	-0.068915	
453	1.000128	0.000049	0.258675	-0.000049	1.000128	-0.074466	
454	1.000038	0.000044	0.070855	-0.000044	1.000038	-0.021670	
455	0.999996	0.000077	0.060470	-0.000077	0.999996	0.026135	
456	0.999928	0.000080	0.097416	-0.000080	0.999928	0.066453	
457	0.999902	0.000124	0.107204	-0.000124	0.999902	0.111772	
458	0.999929	0.000204	0.053140	-0.000204	0.999929	0.081883	
459	0.999891	0.000170	0.085394	-0.000170	0.999891	0.169242	
460	0.999814	0.000138	-0.070400	-0.000138	0.999814	0.144864	
461	0.999735	0.000125	-0.286007	-0.000125	0.999735	0.098355	
462	0.999628	0.000100	-0.512510	-0.000100	0.999628	0.115791	
463	0.999498	0.000033	-0.522896	-0.000033	0.999498	0.182893	
464	0.999460	0.000072	-0.769410	-0.000072	0.999460	0.208277	
465	0.999390	0.000073	-0.703672	-0.000073	0.999390	0.269669	
466	0.999267	0.000029	-0.925510	-0.000029	0.999267	0.292057	
467	0.999257	-0.000001	-1.161903	0.000001	0.999257	0.228030	
468	0.999276	0.000054	-1.367849	-0.000054	0.999276	0.254855	
469	0.999342	-0.000109	-1.982740	0.000109	0.999342	0.124551	
470	0.999198	-0.000083	-2.063726	0.000083	0.999198	0.225021	
471	0.999044	-0.000064	-2.739808	0.000064	0.999044	0.377634	
472	0.998870	-0.000214	-3.483072	0.000214	0.998870	0.344337	
473	0.998705	-0.000359	-4.072723	0.000359	0.998705	0.351220	
474	0.999363	0.000419	-5.875565	-0.000419	0.999363	0.599179	
475	1.000278	0.000534	-7.877028	-0.000534	1.000278	0.339425	
476	0.999919	0.000619	-8.269957	-0.000619	0.999919	0.530980	
477	1.000096	0.000388	-8.853209	-0.000388	1.000096	0.178092	
478	0.999863	0.000649	-9.657644	-0.000649	0.999863	0.475599	
479	1.000118	0.000839	-9.930973	-0.000839	1.000118	0.748702	
480	0.999831	0.000979	-9.685899	-0.000979	0.999831	1.026930	
481	1.000303	0.001018	-10.466942	-0.001018	1.000303	0.874791	
482	1.000489	0.000797	-10.234248	-0.000797	1.000489	0.526515	
483	1.000041	0.000831	-10.238594	-0.000831	1.000041	0.758781	
484	1.000211	0.000677	-10.503953	-0.000677	1.000211	0.446373	
485	1.000426	0.000657	-10.457124	-0.000657	1.000426	0.387960	
486	1.000454	0.000782	-10.949978	-0.000782	1.000454	0.466540	
487	1.000568	0.000676	-10.723240	-0.000676	1.000568	0.508259	
488	1.000293	0.000740	-10.498832	-0.000740	1.000293	0.700249	
489	1.000832	0.000577	-10.848484	-0.000577	1.000832	0.179095	
490	1.000422	0.000709	-9.535336	-0.000709	1.000422	0.320132	
491	0.999453	0.000769	-7.674505	-0.000769	0.999453	0.752422	
492	0.997603	-0.000812	-3.882012	0.000812	0.997603	0.566010	
493	0.999211	-0.000399	-3.785408	0.000399	0.999211	0.214738	
494	0.999186	-0.000263	-2.652186	0.000263	0.999186	0.276273	
495	0.999467	-0.000259	-2.008958	0.000259	0.999467	0.155846	
496	0.999531	-0.000156	-1.491586	0.000156	0.999531	0.131447	
497	0.999426	0.000008	-1.160630	-0.000008	0.999426	0.288163	
498	0.999664	0.000086	-1.153101	-0.000086	0.999664	0.267727	
499	0.999575	0.000072	-1.176956	-0.000072	0.999575	0.278599	
500	0.999476	0.000036	-1.445235	-0.000036	0.999476	0.218243	
501	0.999130	0.000048	-1.576985	-0.000048	0.999130	0.245251	
502	0.999182	-0.000079	-1.617538	0.000079	0.999182	0.091950	
503	0.999362	-0.000006	-1.471631	0.000006	0.999362	0.099221	
504	0.999546	0.000037	-0.994710	-0.000037	0.999546	0.204963	
505	0.999743	0.000088	-0.703457	-0.000088	0.999743	0.231718	
506	0.999753	0.000168	-0.388856	-0.000168	0.999753	0.236721	
507	0.999828	0.000216	-0.330229	-0.000216	0.999828	0.140804	
508	0.999945	0.000256	0.012342	-0.000256	0.999945	0.142885	
509	1.000075	0.000206	0.256746	-0.000206	1.000075	0.140862	
510	1.000120	0.000249	0.310597	-0.000249	1.000120	0.210943	
511	1.000146	0.000179	0.407909	-0.000179	1.000146	0.145906	
512	1.000194	0.000116	0.411884	-0.000116	1.000194	0.030790	
513	1.000198	-0.000011	0.538272	0.000011	1.000198	-0.057789	
514	1.000241	-0.000046	0.497432	0.000046	1.000241	-0.129985	
515	1.000205	-0.000097	0.478676	0.000097	1.000205	-0.183248	
516	1.000228	-0.000121	0.629877	0.000121	1.000228	-0.152046	
517	1.000341	-0.000066	0.632693	0.000066	1.000341	-0.155268	
518	1.000471	-0.000102	1.089067	0.000102	1.000471	-0.229983	
519	1.000599	-0.000130	1.643546	0.000130	1.000599	-0.239130	
520	1.000758	-0.000116	1.653854	0.000116	1.000758	-0.474258	
521	1.000669	-0.000156	1.636956	0.000156	1.000669	-0.461438	
522	1.000592	-0.000088	1.184665	0.000088	1.000592	-0.406132	
523	1.000619	-0.000060	0.952267	0.000060	1.000619	-0.341037	
524	1.000481	-0.000046	0.802052	0.000046	1.000481	-0.147972	
525	1.000585	-0.000139	0.880114	0.000139	1.000585	-0.110951	
526	1.000671	0.000076	0.672156	-0.000076	1.000671	-0.141905	
527	1.000576	0.000164	0.845856	-0.000164	1.000576	-0.104167	
528	1.000514	0.000144	0.878700	-0.000144	1.000514	0.017654	
529	1.000434	0.000095	0.835301	-0.000095	1.000434	0.104731	
530	1.000442	0.000119	0.975504	-0.000119	1.000442	0.068838	
531	1.000408	0.000107	0.836498	-0.000107	1.000408	0.028627	
532	1.000365	0.000070	0.936370	-0.000070	1.000365	-0.056561	
533	1.000259	0.000073	0.946095	-0.000073	1.000259	-0.026062	
534	1.000251	0.000026	0.803720	-0.000026	1.000251	-0.091071	
535	1.000130	-0.000055	0.761044	0.000055	1.000130	-0.075031	
536	1.000276	-0.000088	0.815944	0.000088	1.000276	-0.183192	
537	1.000106	-0.000106	0.687501	0.000106	1.000106	-0.164229	
538	1.000127	0.000007	0.564718	-0.000007	1.000127	-0.141838	
539	1.000116	-0.000084	0.581348	0.000084	1.000116	-0.204256	
540	1.000122	-0.000034	0.443077	0.000034	1.000122	-0.124048	
541	1.000172	0.000003	0.475031	-0.000003	1.000172	-0.033033	
542	1.000256	0.000034	0.205948	-0.000034	1.000256	0.041166	
543	1.000316	0.000066	0.167593	-0.000066	1.000316	0.122687	
544	1.000365	0.000026	0.259459	-0.000026	1.000365	0.098984	
545	1.000280	-0.000051	0.122802	0.000051	1.000280	-0.006462	
546	1.000281	-0.000028	0.229312	0.000028	1.000281	0.012908	
547	1.000091	-0.000015	0.174916	0.000015	1.000091	0.066580	
548	1.000225	-0.000141	0.178341	0.000141	1.000225	-0.102023	
549	1.000199	-0.000160	0.317197	0.000160	1.000199	-0.130987	
550	1.000165	-0.000133	0.452206	0.000133	1.000165	-0.141322	
551	1.000199	-0.000112	0.741381	0.000112	1.000199	-0.162280	
552	1.000198	-0.000081	0.811315	0.000081	1.000198	-0.181339	
553	1.000289	0.000044	0.901228	-0.000044	1.000289	-0.122922	
554	1.000353	0.000117	0.880228	-0.000117	1.000353	-0.056885	
555	1.000414	0.000172	0.844981	-0.000172	1.000414	-0.008893	
556	1.000457	0.000263	0.773119	-0.000263	1.000457	0.011760	
557	1.000269	0.000155	0.850538	-0.000155	1.000269	-0.030788	
558	1.000252	0.000123	0.710556	-0.000123	1.000252	-0.066989	
559	1.000128	0.000067	0.696905	-0.000067	1.000128	-0.064948	
560	1.000086	-0.000053	0.516103	0.000053	1.000086	-0.100221	
561	1.000107	-0.000066	0.469847	0.000066	1.000107	-0.114081	
562	1.000036	-0.000094	0.276992	0.000094	1.000036	-0.115936	
563	0.999989	-0.000042	0.179133	0.000042	0.999989	-0.065774	
564	1.000053	0.000068	0.108761	-0.000068	1.000053	-0.007361	
565	0.999999	0.000088	0.072535	-0.000088	0.999999	0.010766	
566	0.999892	0.000091	0.166728	-0.000091	0.999892	0.018664	
567	0.999843	0.000088	0.166138	-0.000088	0.999843	0.044180	
568	0.999872	0.000088	0.155438	-0.000088	0.999872	0.029095	
569	0.999928	0.000066	0.191609	-0.000066	0.999928	0.000706	
570	0.999877	0.000047	0.141982	-0.000047	0.999877	0.001951	
571	0.999863	0.000060	0.098314	-0.000060	0.999863	0.018384	
572	0.999856	0.000099	0.121681	-0.000099	0.999856	0.050483	
573	0.999902	0.000106	0.112316	-0.000106	0.999902	0.048426	
574	0.999904	0.000039	0.110797	-0.000039	0.999904	0.009274	
575	0.999962	0.000047	0.023218	-0.000047	0.999962	-0.003500	
576	0.999901	-0.000003	-0.011532	0.000003	0.999901	-0.003532	
577	0.999940	-0.000042	-0.094865	0.000042	0.999940	-0.034337	
578	0.999878	-0.000118	-0.261306	0.000118	0.999878	-0.024838	
579	0.999881	-0.000090	-0.257883	0.000090	0.999881	-0.027854	
580	0.999816	-0.000089	-0.547801	0.000089	0.999816	-0.004277	
581	0.999835	-0.000062	-0.609531	0.000062	0.999835	0.104957	
582	0.999698	-0.000065	-0.808097	0.000065	0.999698	0.310507	
583	0.999600	-0.000109	-0.782131	0.000109	0.999600	0.337637	
584	0.999532	0.000013	-0.667554	-0.000013	0.999532	0.071167	
585	0.999541	-0.000008	-0.717330	0.000008	0.999541	0.035163	
586	0.999502	-0.000002	-0.862391	0.000002	0.999502	0.069397	
587	0.999673	-0.000048	-0.999819	0.000048	0.999673	0.039366	
588	0.999595	-0.000035	-1.301384	0.000035	0.999595	0.109159	
589	0.999535	-0.000040	-1.069604	0.000040	0.999535	0.129772	
590	0.999618	-0.000010	-0.876084	0.000010	0.999618	0.141030	
591	0.999660	0.000015	-0.640724	-0.000015	0.999660	0.149570	
592	0.999796	0.000120	-0.223011	-0.000120	0.999796	0.188437	
593	0.999841	0.000084	0.181069	-0.000084	0.999841	0.151824	
594	0.999791	0.000009	0.385165	-0.000009	0.999791	0.132098	
595	0.999693	-0.000015	0.391088	0.000015	0.999693	0.100091	
596	0.999574	0.000000	0.293220	-0.000000	0.999574	0.062544	
597	0.999598	0.000021	0.313216	-0.000021	0.999598	0.098661	
598	0.999659	-0.000019	0.286023	0.000019	0.999659	0.046378	
599	0.999717	0.000006	0.183798	-0.000006	0.999717	0.046840	
600	0.999775	-0.000002	0.061763	0.000002	0.999775	0.010544	
601	0.999768	-0.000021	0.209723	0.000021	0.999768	0.021167	
602	0.999779	0.000002	0.165058	-0.000002	0.999779	0.012405	
603	0.999775	0.000026	0.109012	-0.000026	0.999775	0.028036	
604	0.999731	0.000056	0.286920	-0.000056	0.999731	0.075968	
605	0.999720	0.000158	0.267081	-0.000158	0.999720	0.185523	
606	0.999807	0.000168	0.192211	-0.000168	0.999807	0.221980	
607	0.999810	0.000187	0.209771	-0.000187	0.999810	0.242600	
608	0.999930	0.000228	0.208666	-0.000228	0.999930	0.219164	
609	0.999847	0.000165	0.184177	-0.000165	0.999847	0.207478	
610	0.999911	0.000085	0.167309	-0.000085	0.999911	0.117675	
611	0.999864	0.000109	0.182681	-0.000109	0.999864	0.137456	
612	0.999865	0.000083	0.136269	-0.000083	0.999865	0.048444	
613	0.999904	0.000043	0.098487	-0.000043	0.999904	0.035943	
614	0.999861	0.000029	0.140710	-0.000029	0.999861	0.008831	
615	0.999891	-0.000000	0.105362	0.000000	0.999891	-0.062055	
616	0.999877	-0.000034	0.106803	0.000034	0.999877	-0.016824	
617	0.999913	-0.000024	0.092790	0.000024	0.999913	-0.013342	
618	0.999917	-0.000034	0.077569	0.000034	0.999917	-0.011002	
619	0.999913	-0.000003	0.086240	0.000003	0.999913	0.038954	
620	0.999924	-0.000048	0.085165	0.000048	0.999924	-0.013240	
621	0.999836	-0.000004	0.143615	0.000004	0.999836	0.016392	
622	0.999913	0.000019	0.081671	-0.000019	0.999913	0.014926	
623	0.999981	0.000069	0.059668	-0.000069	0.999981	0.016556	
624	1.000003	0.000092	0.063435	-0.000092	1.000003	0.036551	
625	1.000068	0.000105	0.033499	-0.000105	1.000068	0.039595	
626	1.000072	0.000098	0.014920	-0.000098	1.000072	0.024442	
627	1.000056	0.000053	-0.024754	-0.000053	1.000056	0.012357	
628	1.000069	0.000071	-0.028476	-0.000071	1.000069	-0.000219	
629	1.000181	0.000074	-0.100144	-0.000074	1.000181	-0.062985	
630	1.000098	-0.000007	-0.046256	0.000007	1.000098	-0.065511	
631	1.000148	-0.000023	-0.091356	0.000023	1.000148	-0.111648	
632	1.000217	-0.000029	-0.112161	0.000029	1.000217	-0.121872	
633	1.000150	-0.000056	-0.086404	0.000056	1.000150	-0.096170	
634	1.000174	-0.000013	-0.089752	0.000013	1.000174	-0.057948	
635	1.000137	-0.000008	-0.090727	0.000008	1.000137	-0.046252	
636	1.000199	0.000066	-0.105938	-0.000066	1.000199	0.003714	
637	1.000200	0.000067	-0.109615	-0.000067	1.000200	0.016812	
638	1.000207	0.000052	-0.119954	-0.000052	1.000207	-0.010100	
639	1.000200	0.000038	-0.115796	-0.000038	1.000200	-0.006421	
640	1.000226	-0.000052	-0.142482	0.000052	1.000226	-0.090445	
641	1.000289	0.000025	-0.149891	-0.000025	1.000289	-0.073294	
642	1.000479	0.000079	-0.265486	-0.000079	1.000479	-0.093732	
643	1.000411	0.000026	-0.258453	-0.000026	1.000411	-0.089288	
644	1.000392	0.000011	-0.256508	-0.000011	1.000392	-0.109800	
645	1.000405	0.000115	-0.188967	-0.000115	1.000405	-0.121437	
646	1.000497	0.000057	-0.261737	-0.000057	1.000497	-0.141788	
647	1.000444	-0.000007	-0.223143	0.000007	1.000444	-0.161763	
648	1.000396	-0.000024	-0.160075	0.000024	1.000396	-0.129663	
649	1.000462	-0.000047	-0.152053	0.000047	1.000462	-0.140336	
650	1.000391	-0.000075	-0.193123	0.000075	1.000391	-0.163305	
651	1.000478	-0.000073	-0.235084	0.000073	1.000478	-0.165736	
652	1.000376	-0.000045	-0.170225	0.000045	1.000376	-0.111106	
653	1.000392	-0.000046	-0.203714	0.000046	1.000392	-0.122658	
654	1.000376	-0.000048	-0.205988	0.000048	1.000376	-0.107790	
655	1.000454	-0.000017	-0.260701	0.000017	1.000454	-0.140904	
656	1.000426	0.000068	-0.270447	-0.000068	1.000426	-0.112178	
657	1.000302	0.000095	-0.215094	-0.000095	1.000302	-0.079027	
658	1.000302	0.000080	-0.114462	-0.000080	1.000302	-0.064090	
659	1.000478	0.000069	-0.248261	-0.000069	1.000478	-0.089046	
660	1.000479	-0.000067	-0.020606	0.000067	1.000479	-0.147061	
661	1.000570	-0.000142	0.224374	0.000142	1.000570	-0.149129	
662	1.000433	-0.000181	0.387171	0.000181	1.000433	-0.104246	
663	1.000555	-0.000253	0.356589	0.000253	1.000555	-0.301875	
664	1.000545	-0.000256	0.594172	0.000256	1.000545	-0.296915	
665	1.000400	-0.000175	0.600659	0.000175	1.000400	-0.212286	
666	1.000561	-0.000078	0.775342	0.000078	1.000561	-0.175557	
667	1.000771	-0.000137	1.489307	0.000137	1.000771	-0.118834	
668	1.000977	0.000073	2.192638	-0.000073	1.000977	-0.046999	
669	1.001164	0.000006	2.742045	-0.000006	1.001164	-0.428367	
670	1.001577	0.000037	3.392665	-0.000037	1.001577	-0.619642	
671	1.001793	0.000228	4.018322	-0.000228	1.001793	-0.576383	
672	1.001900	0.000148	4.753377	-0.000148	1.001900	-0.681723	
673	1.000273	-0.000709	6.957512	0.000709	1.000273	-0.607970	
674	0.999846	-0.000846	8.136814	0.000846	0.999846	-0.575193	
675	1.000859	-0.000652	7.885957	0.000652	1.000859	-0.914891	
676	1.000040	-0.000939	8.796062	0.000939	1.000040	-0.780628	
677	0.999748	-0.000829	9.651004	0.000829	0.999748	-0.387691	
678	0.999800	-0.000966	9.781846	0.000966	0.999800	-0.424338	
679	0.999744	-0.001059	10.510241	0.001059	0.999744	-0.469055	
680	0.999726	-0.000934	11.153935	0.000934	0.999726	-0.523283	
681	0.999670	-0.000676	10.944358	0.000676	0.999670	-0.291328	
682	0.998320	-0.001305	11.584409	0.001305	0.998320	-0.283866	
683	1.000063	-0.000768	9.766494	0.000768	1.000063	-0.802403	
684	0.999825	-0.000971	8.461338	0.000971	0.999825	-0.609455	
685	1.001730	0.000545	4.969511	-0.000545	1.001730	-0.302658	
686	1.001692	0.000484	3.364810	-0.000484	1.001692	-0.320832	
687	1.001104	0.000164	3.201696	-0.000164	1.001104	-0.253731	
688	1.000922	0.000194	2.647471	-0.000194	1.000922	-0.204815	
689	1.000797	0.000124	2.423197	-0.000124	1.000797	-0.217178	
690	1.000704	-0.000019	2.333446	0.000019	1.000704	-0.368074	
691	1.000658	0.000187	2.349526	-0.000187	1.000658	-0.227186	
692	1.000907	0.000174	2.503248	-0.000174	1.000907	-0.373374	
693	1.000739	0.000008	2.560521	-0.000008	1.000739	-0.237369	
694	1.000709	0.000207	2.495306	-0.000207	1.000709	-0.068817	
695	1.000610	0.000182	2.004103	-0.000182	1.000610	-0.137627	
696	1.000416	0.000133	1.333697	-0.000133	1.000416	-0.026331	
697	1.000336	0.000085	0.870479	-0.000085	1.000336	0.014812	
698	1.000243	0.000048	0.293025	-0.000048	1.000243	0.043027	
699	1.000187	0.000024	-0.163183	-0.000024	1.000187	0.063090	
700	1.000107	0.000036	-0.415854	-0.000036	1.000107	0.066444	
701	1.000178	-0.000059	-0.282140	0.000059	1.000178	-0.013351	
702	1.000136	-0.000041	-0.298215	0.000041	1.000136	-0.006469	
703	1.000140	-0.000123	-0.103783	0.000123	1.000140	-0.076731	
704	1.000072	-0.000108	-0.064187	0.000108	1.000072	-0.058672	
705	1.000045	-0.000157	-0.053694	0.000157	1.000045	-0.102397	
706	0.999995	-0.000157	0.027766	0.000157	0.999995	-0.122330	
707	0.999973	-0.000178	0.032258	0.000178	0.999973	-0.134200	
708	0.999929	-0.000206	0.048967	0.000206	0.999929	-0.158219	
709	0.999888	-0.000188	0.080892	0.000188	0.999888	-0.147807	
710	0.999912	-0.000169	0.074818	0.000169	0.999912	-0.140370	
711	0.999962	-0.000138	0.041689	0.000138	0.999962	-0.096428	
712	0.999975	-0.000085	0.060785	0.000085	0.999975	-0.000699	
713	1.000051	-0.000028	0.000968	0.000028	1.000051	0.071552	
714	1.000187	0.000036	-0.118975	-0.000036	1.000187	0.153560	
715	1.000153	0.000054	-0.078339	-0.000054	1.000153	0.144441	
716	1.000142	-0.000000	-0.044804	0.000000	1.000142	0.113455	
717	1.000077	0.000039	-0.047765	-0.000039	1.000077	0.092360	
718	1.000025	0.000050	-0.038104	-0.000050	1.000025	0.048940	
719	0.999998	0.000002	0.059859	-0.000002	0.999998	-0.022895	
720	1.000038	-0.000025	0.240931	0.000025	1.000038	-0.090232	
721	0.999995	0.000005	0.334423	-0.000005	0.999995	-0.083396	
722	1.000043	0.000019	0.475162	-0.000019	1.000043	-0.103247	
723	1.000076	0.000070	0.629124	-0.000070	1.000076	-0.068596	
724	1.000156	0.000129	1.107770	-0.000129	1.000156	-0.057399	
725	1.000252	0.000242	1.635591	-0.000242	1.000252	0.015922	
726	1.000565	0.000450	2.194789	-0.000450	1.000565	0.028569	
727	1.000771	0.000532	2.778260	-0.000532	1.000771	0.025550	
728	1.000836	0.000632	3.515305	-0.000632	1.000836	-0.065397	
729	1.001210	0.000744	4.518850	-0.000744	1.001210	-0.071281	
730	1.000169	-0.000151	6.593593	0.000151	1.000169	-0.224777	
731	0.999911	-0.000215	6.940293	0.000215	0.999911	-0.181181	
732	0.999924	-0.000400	6.516713	0.000400	0.999924	-0.459859	
733	1.001126	0.000452	4.524076	-0.000452	1.001126	-0.397876	
734	1.000993	0.000249	4.262677	-0.000249	1.000993	-0.161729	
735	1.000920	0.000250	3.754082	-0.000250	1.000920	-0.157840	
736	1.000870	0.000197	3.592335	-0.000197	1.000870	-0.227679	
737	1.000535	0.000141	3.206949	-0.000141	1.000535	-0.246942	
738	1.000647	0.000152	3.222801	-0.000152	1.000647	-0.387497	
739	1.000813	0.000265	2.850896	-0.000265	1.000813	-0.191748	
740	1.000571	0.000137	2.896250	-0.000137	1.000571	-0.200936	
741	1.000083	-0.000027	3.227346	0.000027	1.000083	-0.115724	
742	1.000492	0.000213	2.301395	-0.000213	1.000492	-0.121725	
743	1.000359	0.000196	2.293745	-0.000196	1.000359	-0.146376	
744	1.000405	0.000238	2.043040	-0.000238	1.000405	-0.147946	
745	1.000448	0.000119	2.037885	-0.000119	1.000448	-0.211496	
746	1.000445	0.000103	2.103822	-0.000103	1.000445	-0.165288	
747	1.000473	0.000096	2.125334	-0.000096	1.000473	-0.146075	
748	1.000490	0.000047	2.269527	-0.000047	1.000490	-0.169664	
749	1.000410	0.000169	2.205062	-0.000169	1.000410	-0.166903	
