0	1.000000	0.000000	0.000000	0.000000	1.000000	0.000000	
1	0.997747	0.000495	3.030332	-0.000495	0.997747	-0.782137	
2	0.997649	0.000497	3.053041	-0.000497	0.997649	-0.745793	
3	0.997855	0.000392	2.833061	-0.000392	0.997855	-1.005084	
4	0.997771	0.000417	2.990128	-0.000417	0.997771	-1.237496	
5	0.997728	0.000648	3.074530	-0.000648	0.997728	-1.423161	
6	0.997297	0.000804	3.455409	-0.000804	0.997297	-1.678517	
7	0.996891	0.000632	3.676347	-0.000632	0.996891	-1.914164	
8	0.996547	0.000558	3.932257	-0.000558	0.996547	-1.953291	
9	0.996445	0.000678	4.061226	-0.000678	0.996445	-1.793444	
10	0.996141	0.000586	4.354157	-0.000586	0.996141	-1.540690	
11	0.996011	0.000637	4.497517	-0.000637	0.996011	-1.157304	
12	0.996287	0.000847	4.446827	-0.000847	0.996287	-0.894830	
13	0.996055	0.000381	4.542524	-0.000381	0.996055	-0.926289	
14	0.996514	0.000222	4.387221	-0.000222	0.996514	-1.052705	
15	0.996029	0.000321	4.802295	-0.000321	0.996029	-0.921257	
16	0.996710	0.000407	4.236574	-0.000407	0.996710	-1.143289	
17	0.996634	0.000327	4.266387	-0.000327	0.996634	-1.032515	
18	0.997048	0.000294	3.854610	-0.000294	0.997048	-1.077494	
19	0.996847	0.000357	4.094616	-0.000357	0.996847	-0.924307	
20	0.996472	0.000684	4.395397	-0.000684	0.996472	-0.524846	
21	0.996633	0.000567	4.338827	-0.000567	0.996633	-0.651063	
22	0.996673	0.000593	4.319273	-0.000593	0.996673	-0.698745	
23	0.996730	0.000542	4.164511	-0.000542	0.996730	-0.835991	
24	0.996969	0.000613	3.967191	-0.000613	0.996969	-0.756263	
25	0.996816	0.000720	3.943577	-0.000720	0.996816	-0.547362	
26	0.997145	0.000738	3.659902	-0.000738	0.997145	-0.467919	
27	0.997035	0.000824	3.765558	-0.000824	0.997035	-0.339860	
28	0.996814	0.000565	3.980577	-0.000565	0.996814	-0.542015	
29	0.996697	0.000384	4.150673	-0.000384	0.996697	-1.053477	
30	0.996452	0.000329	4.196586	-0.000329	0.996452	-1.632126	
31	0.996511	0.000422	3.986156	-0.000422	0.996511	-2.089268	
32	0.996596	0.000436	3.747751	-0.000436	0.996596	-2.533379	
33	0.996334	0.000450	3.674328	-0.000450	0.996334	-2.568678	
34	0.996386	0.000229	3.540042	-0.000229	0.996386	-2.779035	
35	0.995343	0.000128	4.281411	-0.000128	0.995343	-2.181246	
36	0.996161	0.000007	3.501460	-0.000007	0.996161	-3.040388	
37	0.995360	-0.000176	4.177617	0.000176	0.995360	-2.907299	
38	0.994498	-0.000422	5.043265	0.000422	0.994498	-2.704641	
39	0.994382	-0.000552	5.047111	0.000552	0.994382	-2.576784	
40	0.995180	-0.000584	4.661206	0.000584	0.995180	-2.251685	
41	0.994610	-0.000584	5.243507	0.000584	0.994610	-1.683770	
42	0.995134	-0.001105	4.987301	0.001105	0.995134	-1.835042	
43	0.995109	-0.001063	5.348308	0.001063	0.995109	-1.532641	
44	0.994817	-0.000610	6.158335	0.000610	0.994817	-1.415481	
45	0.994850	-0.000951	6.716442	0.000951	0.994850	-1.311734	
46	0.996038	-0.001249	5.565254	0.001249	0.996038	-1.436716	
47	0.996349	-0.001518	5.188973	0.001518	0.996349	-1.818670	
48	0.998083	-0.002514	4.084577	0.002514	0.998083	-2.774716	
49	0.997974	-0.001170	3.189271	0.001170	0.997974	-2.156949	
50	0.997653	-0.000749	3.366758	0.000749	0.997653	-1.263049	
51	0.999701	-0.001845	2.019225	0.001845	0.999701	-1.520231	
52	0.998730	-0.000984	2.463164	0.000984	0.998730	-1.043352	
53	0.998673	-0.000302	1.757503	0.000302	0.998673	-0.340677	
54	0.998719	-0.000729	1.937100	0.000729	0.998719	-0.517019	
55	0.998746	-0.000554	1.721750	0.000554	0.998746	-0.495048	
56	0.998970	-0.000330	1.241066	0.000330	0.998970	-0.471705	
57	1.000134	-0.001163	0.990163	0.001163	1.000134	-1.251056	
58	1.000057	-0.000380	0.400356	0.000380	1.000057	-0.871818	
59	1.000207	0.000002	0.133067	-0.000002	1.000207	-0.713444	
60	0.999547	0.000347	0.307208	-0.000347	0.999547	-0.056085	
61	0.999336	0.000281	0.428999	-0.000281	0.999336	0.188243	
62	0.999416	0.000500	0.117105	-0.000500	0.999416	0.398122	
63	0.999253	0.000247	0.515960	-0.000247	0.999253	0.474169	
64	1.000060	0.000031	-0.023924	-0.000031	1.000060	-0.170601	
65	0.999078	-0.000689	1.421351	0.000689	0.999078	-0.253811	
66	1.000472	-0.000098	-0.152116	0.000098	1.000472	-0.534105	
67	0.999920	-0.000093	0.301136	0.000093	0.999920	-0.189315	
68	0.998077	-0.000693	2.432738	0.000693	0.998077	0.436019	
69	0.999761	-0.000123	0.514281	0.000123	0.999761	-0.013719	
70	0.999752	-0.000056	0.498504	0.000056	0.999752	0.107527	
71	0.999661	0.000035	0.444737	-0.000035	0.999661	0.399030	
72	0.999490	-0.000110	0.655432	0.000110	0.999490	0.492299	
73	0.999405	-0.000311	0.874539	0.000311	0.999405	0.419721	
74	0.998860	-0.000491	1.494251	0.000491	0.998860	0.409940	
75	0.999327	-0.000332	1.007684	0.000332	0.999327	0.153210	
76	0.999405	-0.000079	0.833203	0.000079	0.999405	0.278814	
77	0.999204	0.000158	0.860205	-0.000158	0.999204	0.672940	
78	0.999512	0.000275	0.492347	-0.000275	0.999512	0.702652	
79	0.999319	0.000400	0.518286	-0.000400	0.999319	1.028683	
80	0.999524	0.000174	0.451808	-0.000174	0.999524	0.663805	
81	0.999815	0.000477	-0.135685	-0.000477	0.999815	0.610244	
82	0.999879	0.000554	-0.276977	-0.000554	0.999879	0.869733	
83	1.000178	0.000477	-0.573830	-0.000477	1.000178	0.656084	
84	0.999357	0.000308	0.467952	-0.000308	0.999357	0.997943	
85	1.000512	0.000660	-0.661490	-0.000660	1.000512	0.642316	
86	0.999907	0.000731	-0.180194	-0.000731	0.999907	1.014406	
87	0.999569	0.000637	0.216460	-0.000637	0.999569	1.142616	
88	0.999232	0.000798	0.492488	-0.000798	0.999232	1.539134	
89	0.998752	0.000549	1.123870	-0.000549	0.998752	1.687866	
90	0.998801	0.000096	1.548813	-0.000096	0.998801	1.274777	
91	0.999168	-0.000145	1.345794	0.000145	0.999168	0.779004	
92	0.999586	-0.000250	1.177285	0.000250	0.999586	0.397721	
93	1.000126	-0.000177	0.478362	0.000177	1.000126	0.194369	
94	1.000555	0.000436	-0.323838	-0.000436	1.000555	0.481008	
95	1.001013	0.001670	-1.385886	-0.001670	1.001013	1.370830	
96	1.000805	0.001578	-1.710854	-0.001578	1.000805	1.467453	
97	1.000144	0.001120	-0.913593	-0.001120	1.000144	1.371026	
98	1.000064	0.001007	-1.133325	-0.001007	1.000064	1.170006	
99	1.001903	0.002463	-4.081028	-0.002463	1.001903	1.081267	
100	0.999826	0.001539	-1.223414	-0.001539	0.999826	1.514855	
101	0.999006	0.000946	-0.210868	-0.000946	0.999006	1.497588	
102	0.999920	0.003661	-3.016588	-0.003661	0.999920	3.161390	
103	0.999055	0.001252	-0.576564	-0.001252	0.999055	1.528284	
104	0.999286	0.001357	-0.846561	-0.001357	0.999286	1.391700	
105	0.999941	0.000745	-0.609683	-0.000745	0.999941	0.649168	
106	1.000015	0.000827	-0.928140	-0.000827	1.000015	0.619771	
107	0.999741	0.000867	-0.633509	-0.000867	0.999741	0.831943	
108	0.999694	0.000830	-0.542853	-0.000830	0.999694	0.854315	
109	0.999947	0.000750	-0.797659	-0.000750	0.999947	0.625985	
110	1.000068	0.000971	-1.114575	-0.000971	1.000068	0.703300	
111	1.000096	0.000901	-1.275653	-0.000901	1.000096	0.659342	
112	1.000122	0.000993	-1.288867	-0.000993	1.000122	0.773489	
113	0.999843	0.001044	-1.128449	-0.001044	0.999843	1.077327	
114	1.007057	0.005305	-10.497886	-0.005305	1.007057	1.758304	
115	0.999281	0.000979	-0.662331	-0.000979	0.999281	1.446715	
116	1.004811	0.004258	-7.547192	-0.004258	1.004811	1.226329	
117	0.999102	0.002254	-1.397202	-0.002254	0.999102	2.264890	
118	0.999912	0.000929	-0.903075	-0.000929	0.999912	0.858145	
119	0.999713	0.001995	-1.619301	-0.001995	0.999713	1.773772	
120	0.999883	0.000915	-0.850638	-0.000915	0.999883	0.770873	
121	0.999856	0.000812	-0.761294	-0.000812	0.999856	0.728360	
122	0.999937	0.000866	-0.930504	-0.000866	0.999937	0.746878	
123	1.005627	0.003955	-8.132987	-0.003955	1.005627	0.208924	
124	1.001755	0.001488	-2.683572	-0.001488	1.001755	-0.139732	
125	1.003998	0.001381	-4.623102	-0.001381	1.003998	-1.714497	
126	1.002211	0.000381	-2.237976	-0.000381	1.002211	-1.645607	
127	1.001582	-0.000227	-1.021194	0.000227	1.001582	-1.602434	
128	1.001089	-0.000459	-0.309131	0.000459	1.001089	-1.264128	
129	1.000373	-0.000886	0.830802	0.000886	1.000373	-1.035884	
130	0.999313	-0.001048	1.765422	0.001048	0.999313	-0.581840	
131	0.999052	-0.000895	1.850853	0.000895	0.999052	-0.421491	
132	0.994985	-0.005506	9.273122	0.005506	0.994985	-1.603887	
133	0.999983	-0.000094	0.123530	0.000094	0.999983	-0.064402	
134	1.000040	-0.000130	0.035213	0.000130	1.000040	-0.111686	
135	1.000034	-0.000213	0.101176	0.000213	1.000034	-0.158121	
136	0.999994	-0.000244	0.147424	0.000244	0.999994	-0.161721	
137	0.999994	-0.000249	0.157782	0.000249	0.999994	-0.172422	
138	0.999994	-0.000270	0.170301	0.000270	0.999994	-0.205071	
139	1.000022	-0.000309	0.187670	0.000309	1.000022	-0.213879	
140	0.999975	-0.000245	0.157877	0.000245	0.999975	-0.184758	
141	0.999823	-0.000174	0.224049	0.000174	0.999823	-0.044778	
142	1.000335	-0.000366	0.018937	0.000366	1.000335	-0.425322	
143	0.999833	-0.000290	0.243700	0.000290	0.999833	-0.113341	
144	1.000156	-0.000172	0.000103	0.000172	1.000156	-0.209512	
145	1.000285	-0.000239	-0.127367	0.000239	1.000285	-0.335843	
146	0.993529	-0.005135	8.918112	0.005135	0.993529	-0.434263	
147	0.999020	-0.001060	2.185873	0.001060	0.999020	-0.249493	
148	1.000061	-0.000957	1.451022	0.000957	1.000061	-0.540197	
149	1.000762	-0.000153	-0.111353	0.000153	1.000762	-0.322155	
150	1.000829	-0.000010	-0.576391	0.000010	1.000829	-0.257099	
151	1.000853	0.000629	-1.244302	-0.000629	1.000853	0.349973	
152	1.000650	0.000891	-1.651083	-0.000891	1.000650	0.611214	
153	1.000888	0.001740	-2.856971	-0.001740	1.000888	0.995760	
154	1.003097	0.003493	-6.332757	-0.003493	1.003097	1.354589	
155	0.996929	0.004469	-2.407567	-0.004469	0.996929	4.714019	
156	1.006389	0.005977	-10.256653	-0.005977	1.006389	1.894213	
157	0.999917	0.000114	-0.025393	-0.000114	0.999917	0.138132	
158	0.999825	0.000276	-0.075814	-0.000276	0.999825	0.328849	
159	0.999849	0.000183	-0.053865	-0.000183	0.999849	0.230671	
160	0.999872	0.000154	-0.046579	-0.000154	0.999872	0.190572	
161	0.996229	0.005779	-3.385306	-0.005779	0.996229	6.018487	
162	0.999933	0.000118	-0.134011	-0.000118	0.999933	0.105687	
163	0.999816	0.000812	-0.876120	-0.000812	0.999816	0.733421	
164	0.999423	0.001714	-1.657952	-0.001714	0.999423	1.691908	
165	1.000381	0.001919	-2.559988	-0.001919	1.000381	1.428816	
166	1.000321	0.001418	-1.966375	-0.001418	1.000321	1.148535	
167	0.999985	0.000748	-0.745914	-0.000748	0.999985	0.839454	
168	0.999648	0.000260	0.246522	-0.000260	0.999648	0.617123	
169	0.999294	-0.000340	1.214698	0.000340	0.999294	0.347227	
170	0.998702	-0.000671	2.011284	0.000671	0.998702	0.357925	
171	0.998472	-0.001136	2.676345	0.001136	0.998472	0.169059	
172	0.997890	-0.000494	2.393885	0.000494	0.997890	0.965900	
173	0.996765	-0.000765	3.657545	0.000765	0.996765	1.634857	
174	0.998809	-0.000399	1.847810	0.000399	0.998809	0.826822	
175	0.998371	-0.000661	2.399608	0.000661	0.998371	1.050098	
176	0.996818	-0.000534	3.277946	0.000534	0.996818	1.764853	
177	0.998461	-0.000819	2.303674	0.000819	0.998461	0.773538	
178	0.996441	-0.001169	3.799453	0.001169	0.996441	1.352758	
179	0.999073	-0.001574	2.365845	0.001574	0.999073	-0.199157	
180	0.998923	-0.001451	2.493161	0.001451	0.998923	-0.057266	
181	0.997784	-0.001019	2.890136	0.001019	0.997784	0.778285	
182	0.996954	-0.001034	3.781259	0.001034	0.996954	1.284331	
183	0.996536	-0.001229	4.233419	0.001229	0.996536	1.391465	
184	0.995848	-0.003427	5.720455	0.003427	0.995848	0.312216	
185	0.999731	-0.000811	0.838640	0.000811	0.999731	-0.165862	
186	0.999804	-0.000803	0.962678	0.000803	0.999804	-0.158190	
187	0.999930	-0.000759	0.833645	0.000759	0.999930	-0.291383	
188	0.992642	-0.003077	9.216241	0.003077	0.992642	2.327299	
189	1.000062	-0.000475	0.376037	0.000475	1.000062	-0.217594	
190	0.993370	-0.003545	7.637287	0.003545	0.993370	1.374735	
191	0.993175	-0.002970	8.647847	0.002970	0.993175	1.349304	
192	0.999682	-0.000697	0.948183	0.000697	0.999682	-0.133586	
193	0.999694	-0.000683	0.906860	0.000683	0.999694	-0.166106	
194	0.999751	-0.000542	0.727242	0.000542	0.999751	-0.089225	
195	0.993502	-0.003227	7.367705	0.003227	0.993502	1.614764	
196	0.997890	-0.000839	2.642860	0.000839	0.997890	0.833494	
197	0.997778	-0.000490	2.464986	0.000490	0.997778	1.180965	
198	0.992856	-0.002134	8.331747	0.002134	0.992856	2.599789	
199	0.999627	-0.000639	0.767811	0.000639	0.999627	-0.070485	
200	0.994405	-0.002461	7.747961	0.002461	0.994405	1.593488	
201	0.999852	-0.009127	6.366617	0.009127	0.999852	-6.929593	
202	0.995986	-0.004695	6.649101	0.004695	0.995986	-0.935159	
203	0.999906	-0.007687	5.847068	0.007687	0.999906	-4.996975	
204	0.996083	-0.003771	6.225062	0.003771	0.996083	-0.504555	
205	1.004944	-0.005614	3.632630	0.005614	1.004944	-3.905140	
206	1.004605	-0.007104	3.654661	0.007104	1.004605	-5.182075	
207	1.003746	-0.009404	4.215053	0.009404	1.003746	-8.270019	
208	0.997560	-0.005595	6.699447	0.005595	0.997560	-2.941264	
209	1.005788	-0.006066	2.959770	0.006066	1.005788	-5.149358	
210	0.997918	-0.004330	5.468159	0.004330	0.997918	-1.892639	
211	0.997139	-0.002002	4.617614	0.002002	0.997139	0.321636	
212	0.997385	-0.001456	3.448342	0.001456	0.997385	0.610558	
213	0.997564	0.000054	2.306335	-0.000054	0.997564	1.690954	
214	0.996077	-0.002298	4.576079	0.002298	0.996077	0.958607	
215	0.997778	-0.001129	3.890149	0.001129	0.997778	0.906968	
216	1.004868	-0.004597	2.322475	0.004597	1.004868	-3.635867	
217	1.004695	-0.004711	2.324072	0.004711	1.004695	-3.307095	
218	0.997941	-0.000525	2.229976	0.000525	0.997941	1.162156	
219	0.998100	-0.000608	2.253350	0.000608	0.998100	1.072558	
220	1.004575	-0.004450	2.279264	0.004450	1.004575	-3.272991	
221	0.998360	-0.001654	2.962082	0.001654	0.998360	0.185026	
222	1.001226	-0.004846	3.486895	0.004846	1.001226	-2.574315	
223	1.004073	-0.005750	2.826289	0.005750	1.004073	-4.964440	
224	1.001097	-0.004586	3.444707	0.004586	1.001097	-2.575082	
225	0.998894	-0.002502	3.248873	0.002502	0.998894	-0.709400	
226	1.003989	-0.004544	2.308869	0.004544	1.003989	-3.436386	
227	1.003902	-0.004909	2.209385	0.004909	1.003902	-4.062541	
228	0.999896	-0.002847	3.039870	0.002847	0.999896	-1.364609	
229	1.000740	-0.003792	3.061752	0.003792	1.000740	-2.517824	
230	1.005251	-0.002593	1.252375	0.002593	1.005251	-1.990120	
231	1.005993	-0.001759	0.247116	0.001759	1.005993	-1.325369	
232	1.004786	-0.001698	0.035227	0.001698	1.004786	-1.585641	
233	1.003914	-0.001137	0.067345	0.001137	1.003914	-0.946518	
234	1.004933	-0.002091	0.097492	0.002091	1.004933	-1.873198	
235	1.003295	-0.002538	0.762746	0.002538	1.003295	-2.651050	
236	1.001978	-0.002992	1.669721	0.002992	1.001978	-3.142001	
237	1.006505	-0.001882	0.380731	0.001882	1.006505	-4.011050	
238	1.004688	-0.001306	1.158932	0.001306	1.004688	-2.872161	
239	1.005663	-0.001329	0.685384	0.001329	1.005663	-2.630320	
240	1.004888	-0.001066	0.115571	0.001066	1.004888	-2.116420	
241	1.004699	-0.000822	-0.516461	0.000822	1.004699	-1.948086	
242	1.004141	-0.000521	-1.109027	0.000521	1.004141	-1.848469	
243	1.003648	-0.000815	-1.756574	0.000815	1.003648	-2.259772	
244	1.003729	-0.000684	-1.745281	0.000684	1.003729	-2.077777	
245	1.003424	-0.001249	-1.679779	0.001249	1.003424	-2.529731	
246	1.003285	-0.000904	-1.718047	0.000904	1.003285	-1.754297	
247	1.003350	-0.000838	-1.810525	0.000838	1.003350	-1.345863	
248	1.003789	-0.000613	-2.547610	0.000613	1.003789	-0.803764	
249	1.002809	-0.000029	-1.266043	0.000029	1.002809	0.466943	
250	1.002479	-0.000080	-1.540861	0.000080	1.002479	0.483041	
251	1.003040	-0.000849	-2.514542	0.000849	1.003040	-0.314638	
252	1.003134	-0.001025	-3.198862	0.001025	1.003134	-0.666232	
253	1.003031	-0.001103	-4.288672	0.001103	1.003031	-0.864816	
254	1.002299	-0.001297	-5.137096	0.001297	1.002299	-0.857885	
255	1.002719	-0.000928	-7.260327	0.000928	1.002719	-0.729495	
256	0.998314	-0.000872	-4.732011	0.000872	0.998314	0.676434	
257	0.996722	-0.001142	-4.758042	0.001142	0.996722	0.959531	
258	0.998775	-0.000338	-8.985834	0.000338	0.998775	1.313168	
259	0.999043	-0.000536	-10.926631	0.000536	0.999043	1.126007	
260	0.998893	-0.000148	-12.197569	0.000148	0.998893	1.547969	
261	1.000454	-0.000928	-15.244860	0.000928	1.000454	0.741949	
262	0.999665	0.000156	-15.443565	-0.000156	0.999665	1.713424	
263	1.000943	-0.000045	-17.938683	0.000045	1.000943	1.368789	
264	1.001177	0.000139	-18.589546	-0.000139	1.001177	1.542613	
265	1.002010	0.000177	-19.564560	-0.000177	1.002010	1.218615	
266	1.001783	-0.000019	-19.360496	0.000019	1.001783	1.011926	
267	1.003049	-0.000336	-20.640847	0.000336	1.003049	0.265350	
268	1.002432	0.000189	-20.414041	-0.000189	1.002432	0.743545	
269	1.003467	-0.000508	-21.444715	0.000508	1.003467	0.049200	
270	1.002991	0.000077	-21.181379	-0.000077	1.002991	0.676375	
271	1.005294	-0.000482	-23.375877	0.000482	1.005294	-0.046968	
272	1.004601	-0.000241	-23.078004	0.000241	1.004601	0.156895	
273	1.004589	0.000201	-23.314764	-0.000201	1.004589	0.544375	
274	1.004546	0.000320	-23.410210	-0.000320	1.004546	0.528164	
275	1.004897	0.000462	-23.937772	-0.000462	1.004897	0.416221	
276	1.003791	0.000420	-23.223656	-0.000420	1.003791	0.474186	
277	1.003804	0.000124	-23.047463	-0.000124	1.003804	0.074070	
278	1.003618	-0.000124	-23.043502	0.000124	1.003618	0.108689	
279	1.004110	-0.000162	-23.642600	0.000162	1.004110	0.051678	
280	1.004544	-0.000001	-24.097026	0.000001	1.004544	0.037746	
281	1.004183	0.000003	-24.040305	-0.000003	1.004183	0.172665	
282	1.004907	0.000144	-24.275458	-0.000144	1.004907	0.169078	
283	1.004880	0.000199	-23.435819	-0.000199	1.004880	0.267681	
284	1.005773	-0.000073	-23.557861	0.000073	1.005773	0.121705	
285	1.004737	-0.000290	-21.853932	0.000290	1.004737	0.160393	
286	1.004993	-0.000572	-20.800331	0.000572	1.004993	-0.208613	
287	1.004735	-0.001215	-19.113408	0.001215	1.004735	-0.795412	
288	1.004159	-0.000938	-17.260530	0.000938	1.004159	-0.477788	
289	1.003819	-0.000274	-15.882131	0.000274	1.003819	0.057056	
290	1.004289	-0.000335	-14.997053	0.000335	1.004289	-0.223115	
291	1.004622	-0.000353	-13.713010	0.000353	1.004622	-0.449892	
292	1.006164	-0.000599	-13.132662	0.000599	1.006164	-0.614070	
293	1.004963	-0.000382	-11.550074	0.000382	1.004963	0.040826	
294	0.999314	-0.000764	-6.111736	0.000764	0.999314	0.670331	
295	1.003694	-0.000677	-9.183625	0.000677	1.003694	0.869237	
296	1.004122	-0.000474	-8.601592	0.000474	1.004122	1.337835	
297	1.004564	-0.000564	-8.411873	0.000564	1.004564	1.345203	
298	1.004361	-0.000010	-7.785893	0.000010	1.004361	1.778152	
299	1.004125	0.000124	-7.365987	-0.000124	1.004125	1.787654	
300	1.004276	-0.000046	-7.035192	0.000046	1.004276	1.306194	
301	1.002281	-0.000743	-4.975313	0.000743	1.002281	0.843880	
302	1.002356	-0.000655	-4.853136	0.000655	1.002356	0.927810	
303	1.001298	-0.000873	-3.875500	0.000873	1.001298	0.547496	
304	1.001973	-0.000938	-3.846223	0.000938	1.001973	0.388004	
305	1.002308	-0.001127	-3.754596	0.001127	1.002308	0.307924	
306	1.002294	-0.001262	-3.481547	0.001262	1.002294	0.240578	
307	1.002153	-0.000986	-3.057126	0.000986	1.002153	0.222806	
308	1.001779	-0.000682	-2.536404	0.000682	1.001779	0.228718	
309	1.002184	-0.000553	-2.476266	0.000553	1.002184	0.308532	
310	1.002209	-0.000617	-2.235336	0.000617	1.002209	0.149202	
311	1.001946	-0.000565	-1.682207	0.000565	1.001946	0.436745	
312	1.001915	-0.000705	-1.294048	0.000705	1.001915	0.352360	
313	1.002163	-0.000716	-1.260518	0.000716	1.002163	0.209553	
314	1.002707	-0.000685	-1.184780	0.000685	1.002707	0.022835	
315	1.002451	-0.000889	-0.493064	0.000889	1.002451	-0.151947	
316	1.003020	-0.000995	-0.419621	0.000995	1.003020	-0.381486	
317	1.003039	-0.000687	-0.186677	0.000687	1.003039	-0.119239	
318	1.003669	-0.000550	-0.176830	0.000550	1.003669	-0.114572	
319	1.003995	-0.000378	-0.288871	0.000378	1.003995	-0.261533	
320	1.003741	-0.000091	0.070280	0.000091	1.003741	-0.118204	
321	1.002752	-0.000313	0.519749	0.000313	1.002752	-0.465091	
322	1.002623	-0.000276	1.005010	0.000276	1.002623	-0.180154	
323	1.002195	-0.000601	1.603139	0.000601	1.002195	0.032258	
324	1.001131	-0.000956	2.094625	0.000956	1.001131	0.112012	
325	1.003177	-0.001523	1.527049	0.001523	1.003177	-0.138549	
326	1.003123	-0.001281	1.793586	0.001281	1.003123	0.078910	
327	1.001531	-0.000598	2.338424	0.000598	1.001531	0.581986	
328	1.001664	-0.000378	2.181890	0.000378	1.001664	0.785514	
329	1.001317	-0.000312	2.375077	0.000312	1.001317	0.981650	
330	1.001428	-0.000288	2.309275	0.000288	1.001428	1.120064	
331	0.999992	-0.000863	2.954049	0.000863	0.999992	0.877573	
332	1.001021	-0.000170	2.739883	0.000170	1.001021	1.462476	
333	1.000416	-0.000974	3.330333	0.000974	1.000416	1.121315	
334	1.000599	-0.001040	3.391869	0.001040	1.000599	1.032351	
335	1.000388	-0.000680	3.481298	0.000680	1.000388	1.232983	
336	1.000792	-0.000543	3.302230	0.000543	1.000792	1.058143	
337	0.999832	-0.000316	3.639206	0.000316	0.999832	0.978045	
338	1.000718	-0.001159	2.937730	0.001159	1.000718	0.425688	
339	1.000023	-0.000388	3.486723	0.000388	1.000023	0.890268	
340	1.003298	-0.000748	2.236128	0.000748	1.003298	0.663741	
341	1.000160	-0.001862	3.172877	0.001862	1.000160	-0.284081	
342	1.002835	-0.001075	2.325187	0.001075	1.002835	0.281115	
343	1.001363	-0.000922	3.015525	0.000922	1.001363	0.290001	
344	1.000747	-0.000761	3.416087	0.000761	1.000747	0.415360	
345	1.002556	-0.001153	3.026560	0.001153	1.002556	0.069093	
346	0.999763	-0.000391	3.761663	0.000391	0.999763	0.361887	
347	1.001137	-0.000403	3.361389	0.000403	1.001137	0.183563	
348	0.999596	-0.000293	3.839603	0.000293	0.999596	0.216496	
349	1.000441	-0.000413	3.668440	0.000413	1.000441	0.166448	
350	1.001165	-0.001051	3.466237	0.001051	1.001165	-0.251454	
351	0.999517	-0.000826	4.006125	0.000826	0.999517	0.157288	
352	1.001593	-0.002047	3.498598	0.002047	1.001593	-0.967958	
353	1.002429	-0.000863	3.310402	0.000863	1.002429	-0.233571	
354	1.000547	-0.000420	4.046846	0.000420	1.000547	0.190491	
355	1.001764	-0.000485	3.381783	0.000485	1.001764	-0.103400	
356	1.001722	-0.000200	3.367582	0.000200	1.001722	0.143742	
357	1.002182	-0.000571	3.228286	0.000571	1.002182	-0.126090	
358	1.002521	-0.000383	3.285298	0.000383	1.002521	-0.148200	
359	0.999509	-0.000682	4.293806	0.000682	0.999509	-0.217725	
360	0.999555	-0.000321	4.330119	0.000321	0.999555	0.094281	
361	1.000554	-0.000600	3.965909	0.000600	1.000554	-0.127183	
362	1.001157	-0.000421	3.702463	0.000421	1.001157	0.039168	
363	1.000186	-0.000403	4.017684	0.000403	1.000186	0.121879	
364	1.002108	-0.000349	3.561071	0.000349	1.002108	-0.069289	
365	1.000531	-0.000114	4.042918	0.000114	1.000531	0.197816	
366	1.000797	-0.000156	3.937165	0.000156	1.000797	0.106108	
367	0.998922	-0.000331	5.196521	0.000331	0.998922	0.188579	
368	1.000479	-0.000370	4.072184	0.000370	1.000479	-0.186123	
369	0.999701	-0.001048	4.269075	0.001048	0.999701	-0.421812	
370	0.999602	-0.001205	4.330944	0.001205	0.999602	-0.420207	
371	1.001812	-0.000556	3.423618	0.000556	1.001812	-0.165925	
372	1.000761	-0.000290	3.720532	0.000290	1.000761	0.189015	
373	1.000660	-0.000146	3.890474	0.000146	1.000660	0.299970	
374	1.001704	-0.000709	3.714569	0.000709	1.001704	-0.069261	
375	0.999802	-0.000447	5.044260	0.000447	0.999802	0.317571	
376	1.001497	-0.000558	4.677649	0.000558	1.001497	0.105134	
377	0.999493	-0.000773	7.349697	0.000773	0.999493	0.880261	
378	0.997862	-0.000348	8.974550	0.000348	0.997862	1.705836	
379	0.999058	-0.001369	9.529624	0.001369	0.999058	1.266381	
380	0.999050	-0.000851	10.212649	0.000851	0.999050	1.883835	
381	0.998933	-0.001236	10.842769	0.001236	0.998933	1.400486	
382	0.999468	-0.001443	11.383264	0.001443	0.999468	0.883444	
383	0.999193	-0.001275	12.594709	0.001275	0.999193	0.755188	
384	0.999285	-0.001131	13.519944	0.001131	0.999285	0.777059	
385	0.999304	-0.000818	14.462514	0.000818	0.999304	1.019704	
386	0.999960	-0.001006	14.841610	0.001006	0.999960	0.822073	
387	0.999797	-0.001030	15.436936	0.001030	0.999797	0.808183	
388	1.000139	-0.001214	15.473625	0.001214	1.000139	0.451129	
389	0.999359	-0.001172	16.184828	0.001172	0.999359	0.464257	
390	0.999089	-0.000852	16.460667	0.000852	0.999089	0.784541	
391	0.999249	-0.001147	16.266105	0.001147	0.999249	0.435809	
392	0.999433	-0.001134	16.000528	0.001134	0.999433	0.371013	
393	0.999282	-0.000709	15.993085	0.000709	0.999282	0.872651	
394	0.999482	-0.000719	15.877047	0.000719	0.999482	1.339038	
395	0.999501	-0.001362	15.842732	0.001362	0.999501	1.261720	
396	1.001372	-0.001488	14.878717	0.001488	1.001372	0.673711	
397	1.002941	-0.001544	14.113212	0.001544	1.002941	0.293325	
398	1.002904	-0.001372	14.226790	0.001372	1.002904	0.537026	
399	1.002868	-0.000920	14.225937	0.000920	1.002868	0.866336	
400	1.003554	-0.000806	13.915958	0.000806	1.003554	0.660963	
401	1.003644	-0.000878	13.769944	0.000878	1.003644	0.496008	
402	1.004643	-0.001226	13.465894	0.001226	1.004643	0.032151	
403	1.004561	-0.001711	13.420562	0.001711	1.004561	-0.318113	
404	1.005181	-0.001638	12.955540	0.001638	1.005181	-0.572651	
405	1.005404	-0.001679	12.513084	0.001679	1.005404	-0.493412	
406	1.006254	-0.001674	11.816852	0.001674	1.006254	-0.527320	
407	1.006496	-0.001376	11.753363	0.001376	1.006496	-0.525293	
408	1.005915	-0.001165	12.128727	0.001165	1.005915	-0.432974	
409	1.006034	-0.001393	11.572096	0.001393	1.006034	-0.857010	
410	1.005256	-0.001248	11.982674	0.001248	1.005256	-0.665715	
411	1.007489	-0.001849	10.212496	0.001849	1.007489	-1.621548	
412	1.005625	-0.001236	11.240963	0.001236	1.005625	-1.028737	
413	1.005542	-0.000996	10.911434	0.000996	1.005542	-0.683019	
414	1.006422	-0.001070	10.004392	0.001070	1.006422	-0.955307	
415	1.005388	-0.001265	10.335217	0.001265	1.005388	-0.708135	
416	1.005814	-0.001255	10.097057	0.001255	1.005814	-0.567188	
417	1.005867	-0.001507	10.171434	0.001507	1.005867	-0.721182	
418	1.004896	-0.001173	10.764337	0.001173	1.004896	-0.364957	
419	1.006000	-0.001354	9.773591	0.001354	1.006000	-0.770217	
420	1.005508	-0.001024	9.997744	0.001024	1.005508	-0.606546	
421	1.005939	-0.001362	9.495206	0.001362	1.005939	-0.878473	
422	1.005941	-0.001323	9.223504	0.001323	1.005941	-1.066675	
423	1.005547	-0.001663	9.528605	0.001663	1.005547	-1.236216	
424	1.005138	-0.001775	9.762092	0.001775	1.005138	-1.242257	
425	1.005571	-0.002327	9.279887	0.002327	1.005571	-1.800785	
426	1.006080	-0.002176	8.606315	0.002176	1.006080	-1.597648	
427	1.005938	-0.001851	8.633563	0.001851	1.005938	-1.322779	
428	1.006465	-0.001539	8.204279	0.001539	1.006465	-1.402970	
429	1.006021	-0.001610	8.432051	0.001610	1.006021	-1.206783	
430	1.005035	-0.000970	9.273084	0.000970	1.005035	-0.613363	
431	1.004163	-0.001498	9.764954	0.001498	1.004163	-0.924111	
432	1.003496	-0.001778	10.296119	0.001778	1.003496	-0.892559	
433	1.005258	-0.002359	9.133381	0.002359	1.005258	-1.467829	
434	1.003950	-0.002109	10.121095	0.002109	1.003950	-1.068259	
435	1.004045	-0.002458	9.682585	0.002458	1.004045	-1.282466	
436	1.005505	-0.001961	8.862269	0.001961	1.005505	-1.130148	
437	1.005108	-0.001570	8.979998	0.001570	1.005108	-0.860871	
438	1.004554	-0.001120	9.081882	0.001120	1.004554	-0.618847	
439	1.009761	-0.001190	4.147153	0.001190	1.009761	-1.741358	
440	1.003497	-0.001101	9.446766	0.001101	1.003497	-0.407944	
441	1.002585	-0.001457	9.718099	0.001457	1.002585	-0.598640	
442	1.009976	-0.001271	3.970651	0.001271	1.009976	-1.693108	
443	1.004646	-0.002498	7.404800	0.002498	1.004646	-1.620558	
444	1.002317	-0.001830	8.521397	0.001830	1.002317	-0.514408	
445	1.004793	-0.001841	7.011126	0.001841	1.004793	-1.117888	
446	1.004720	-0.000985	6.839864	0.000985	1.004720	-0.653405	
447	1.005291	-0.000451	5.918347	0.000451	1.005291	-0.636667	
448	1.002969	-0.001464	7.132343	0.001464	1.002969	-1.173338	
449	1.004104	-0.000460	6.422386	0.000460	1.004104	-0.608361	
450	1.009952	-0.001319	1.079641	0.001319	1.009952	-2.109456	
451	1.003698	-0.002182	6.091712	0.002182	1.003698	-1.548004	
452	1.009516	-0.001362	0.979247	0.001362	1.009516	-1.930433	
453	1.005656	-0.000999	4.314141	0.000999	1.005656	-1.145324	
454	1.006610	-0.001433	2.976755	0.001433	1.006610	-1.645497	
455	1.004741	-0.001000	2.981107	0.001000	1.004741	-1.272742	
456	1.007255	-0.001020	2.274845	0.001020	1.007255	-1.897704	
457	1.005848	-0.000226	3.156369	0.000226	1.005848	-1.391537	
458	1.005492	0.000141	3.188634	-0.000141	1.005492	-1.388197	
459	1.005543	0.000042	2.981902	-0.000042	1.005543	-1.474076	
460	1.001863	-0.001205	3.381319	0.001205	1.001863	-1.275185	
461	1.004061	-0.000807	2.690859	0.000807	1.004061	-1.582777	
462	1.005212	-0.000322	3.066348	0.000322	1.005212	-1.491631	
463	1.004798	-0.000375	2.976299	0.000375	1.004798	-1.385218	
464	1.004821	0.000108	2.985829	-0.000108	1.004821	-1.145966	
465	1.004284	0.000085	3.499082	-0.000085	1.004284	-1.230185	
466	1.005733	-0.000208	2.291979	0.000208	1.005733	-1.612964	
467	1.001824	0.000083	4.090902	-0.000083	1.001824	-0.871576	
468	1.004071	0.000340	3.249385	-0.000340	1.004071	-0.898240	
469	1.004100	0.000044	3.026335	-0.000044	1.004100	-1.105796	
470	1.003924	-0.000266	2.870197	0.000266	1.003924	-1.245031	
471	1.003096	-0.000641	2.954592	0.000641	1.003096	-1.225420	
472	1.001855	-0.000858	2.935270	0.000858	1.001855	-1.139269	
473	1.002269	-0.000088	3.160470	0.000088	1.002269	-0.739602	
474	1.003521	0.000131	2.772978	-0.000131	1.003521	-0.660843	
475	1.001326	0.000147	3.662387	-0.000147	1.001326	-0.404753	
476	1.001424	0.000273	3.750628	-0.000273	1.001424	-0.281887	
477	1.001706	0.000471	3.576756	-0.000471	1.001706	-0.046524	
478	0.999332	-0.000383	4.355298	0.000383	0.999332	-0.211476	
479	1.002905	-0.000382	3.191724	0.000382	1.002905	-0.746702	
480	1.002646	-0.000306	3.307616	0.000306	1.002646	-0.589328	
481	1.002174	-0.000382	3.538448	0.000382	1.002174	-0.511871	
482	1.001612	-0.000602	3.873985	0.000602	1.001612	-0.453018	
483	1.001619	-0.000116	4.084216	0.000116	1.001619	-0.109747	
484	1.001615	0.000084	4.108525	-0.000084	1.001615	0.060288	
485	1.000805	0.000294	4.452423	-0.000294	1.000805	0.468651	
486	1.001598	0.000142	4.299539	-0.000142	1.001598	0.245022	
487	1.002004	-0.000449	4.349764	0.000449	1.002004	-0.082055	
488	1.002335	-0.000217	4.196510	0.000217	1.002335	0.016163	
489	0.999627	-0.000125	5.805506	0.000125	0.999627	0.396143	
490	1.003684	-0.000701	2.891322	0.000701	1.003684	-0.790520	
491	1.002060	-0.000757	4.005765	0.000757	1.002060	-0.480593	
492	1.001815	-0.000854	3.637394	0.000854	1.001815	-0.679911	
493	1.002557	-0.000401	3.522469	0.000401	1.002557	-0.487468	
494	1.001883	-0.000096	4.045887	0.000096	1.001883	-0.185863	
495	1.001031	-0.000402	4.003561	0.000402	1.001031	-0.364763	
496	0.999729	0.000164	4.557125	-0.000164	0.999729	0.078364	
497	1.001141	0.000271	4.145057	-0.000271	1.001141	-0.276130	
498	1.001407	0.000236	4.455779	-0.000236	1.001407	-0.390374	
499	1.001838	-0.000036	4.725791	0.000036	1.001838	-0.508186	
500	1.000198	-0.000638	7.159717	0.000638	1.000198	-0.353361	
501	1.000286	-0.000553	8.120269	0.000553	1.000286	-0.295477	
502	1.001249	-0.000660	8.482662	0.000660	1.001249	-0.493373	
503	1.001368	-0.001214	8.828428	0.001214	1.001368	-0.765016	
504	1.000899	-0.000580	9.294602	0.000580	1.000899	0.007077	
505	0.998077	-0.000156	9.770010	0.000156	0.998077	0.987623	
506	0.999985	-0.000407	9.755776	0.000407	0.999985	0.563351	
507	1.000949	-0.000638	9.054590	0.000638	1.000949	-0.447831	
508	0.998811	-0.000403	9.004214	0.000403	0.998811	-0.568404	
509	0.999971	-0.000531	8.331599	0.000531	0.999971	-0.772620	
510	1.001669	-0.000522	5.013929	0.000522	1.001669	-1.323293	
511	0.996490	-0.000780	7.891590	0.000780	0.996490	0.402797	
512	1.000051	-0.000882	8.189836	0.000882	1.000051	0.178170	
513	1.000304	-0.001101	7.061506	0.001101	1.000304	-1.293492	
514	0.999153	-0.000512	5.989170	0.000512	0.999153	-1.401288	
515	0.999145	0.000161	5.779935	-0.000161	0.999145	-1.513151	
516	0.998321	0.000177	8.177591	-0.000177	0.998321	-0.717921	
517	0.999386	-0.000324	10.105399	0.000324	0.999386	-2.013582	
518	0.998340	-0.001386	12.070350	0.001386	0.998340	-3.114502	
519	0.998752	-0.000083	12.084365	0.000083	0.998752	-1.947139	
520	0.999259	-0.000493	11.878693	0.000493	0.999259	-1.239622	
521	0.999097	-0.001044	11.851870	0.001044	0.999097	-1.394021	
522	0.998424	-0.001120	12.474402	0.001120	0.998424	-1.223549	
523	0.998459	-0.000272	12.634268	0.000272	0.998459	-0.615747	
524	0.998430	-0.000602	11.944628	0.000602	0.998430	-1.077509	
525	0.997552	-0.000674	11.819265	0.000674	0.997552	-0.662490	
526	0.995737	0.000425	12.033234	-0.000425	0.995737	0.964057	
527	0.996773	0.000295	11.868973	-0.000295	0.996773	0.478136	
528	0.996611	-0.000195	12.099819	0.000195	0.996611	0.047051	
529	0.995676	-0.000015	12.244730	0.000015	0.995676	0.657964	
530	0.996601	0.000245	11.723184	-0.000245	0.996601	0.895210	
531	0.996357	0.000141	11.601346	-0.000141	0.996357	0.610768	
532	0.996341	-0.000363	11.509644	0.000363	0.996341	0.274659	
533	0.996109	-0.000406	11.483977	0.000406	0.996109	0.742401	
534	0.994127	0.000289	12.158786	-0.000289	0.994127	1.862848	
535	0.993783	0.000021	11.919802	-0.000021	0.993783	1.855765	
536	0.994369	0.000320	11.728094	-0.000320	0.994369	1.950374	
537	0.995820	0.000205	11.454110	-0.000205	0.995820	1.783152	
538	0.995521	0.000357	11.397616	-0.000357	0.995521	1.748122	
539	0.995962	0.000148	11.384281	-0.000148	0.995962	1.325155	
540	0.994674	0.000276	11.853218	-0.000276	0.994674	1.858249	
541	0.995884	0.000050	11.747484	-0.000050	0.995884	1.618010	
542	0.994200	0.000208	12.165300	-0.000208	0.994200	2.082458	
543	0.996273	-0.000102	11.644554	0.000102	0.996273	1.542153	
544	0.995384	0.000271	11.860248	-0.000271	0.995384	2.044793	
545	0.996503	-0.000173	11.558910	0.000173	0.996503	1.619335	
546	0.996079	-0.000275	11.501155	0.000275	0.996079	1.559152	
547	0.996417	-0.000404	11.184061	0.000404	0.996417	1.335234	
548	0.996556	-0.000263	10.886312	0.000263	0.996556	1.192739	
549	0.996856	-0.000098	10.564282	0.000098	0.996856	1.127702	
550	0.996696	-0.000168	10.495077	0.000168	0.996696	1.149821	
551	0.995689	0.000188	10.587485	-0.000188	0.995689	1.702459	
552	0.995499	0.000331	10.598003	-0.000331	0.995499	1.854441	
553	0.996185	-0.000026	10.665274	0.000026	0.996185	1.471618	
554	0.996608	0.000087	10.215090	-0.000087	0.996608	1.161177	
555	0.996242	0.000446	10.194981	-0.000446	0.996242	1.407966	
556	0.998758	0.000037	9.520824	-0.000037	0.998758	0.601153	
557	0.999317	-0.000155	9.508459	0.000155	0.999317	0.200754	
558	0.995767	-0.000222	10.716792	0.000222	0.995767	0.883163	
559	0.999187	-0.000352	10.379359	0.000352	0.999187	0.398916	
560	0.998150	-0.001000	11.385714	0.001000	0.998150	0.806770	
561	0.998915	-0.000077	11.550241	0.000077	0.998915	0.652250	
562	0.999053	-0.000129	13.386663	0.000129	0.999053	0.986382	
563	0.998330	-0.000775	16.735224	0.000775	0.998330	1.543095	
564	0.998748	-0.000361	17.498802	0.000361	0.998748	1.866354	
565	1.000699	-0.000751	15.709252	0.000751	1.000699	0.269722	
566	1.001560	-0.000815	15.074026	0.000815	1.001560	-0.317445	
567	1.003000	-0.000649	14.279803	0.000649	1.003000	-0.585041	
568	1.002931	-0.000924	14.610018	0.000924	1.002931	-0.856464	
569	1.004046	-0.000825	14.900557	0.000825	1.004046	-1.415861	
570	1.004632	-0.000711	14.847196	0.000711	1.004632	-1.766931	
571	1.005236	-0.000687	14.473502	0.000687	1.005236	-1.752408	
572	1.006320	-0.000796	13.658470	0.000796	1.006320	-2.012153	
573	1.005650	-0.000765	13.399563	0.000765	1.005650	-2.066492	
574	1.006220	-0.000898	12.581695	0.000898	1.006220	-2.602157	
575	1.005540	-0.000966	11.792818	0.000966	1.005540	-2.667204	
576	1.007267	-0.000823	9.152055	0.000823	1.007267	-3.493798	
577	1.007428	-0.000416	7.305090	0.000416	1.007428	-3.516000	
578	1.007744	-0.000548	4.899683	0.000548	1.007744	-3.367239	
579	1.007314	-0.000033	2.878693	0.000033	1.007314	-2.656750	
580	1.007504	0.000154	1.210767	-0.000154	1.007504	-2.672316	
581	1.004653	-0.000189	0.600741	0.000189	1.004653	-1.910271	
582	1.004182	-0.000140	-0.954369	0.000140	1.004182	-1.614925	
583	1.002745	-0.000204	-2.458200	0.000204	1.002745	-1.177963	
584	1.001177	-0.000216	-2.306014	0.000216	1.001177	-0.628255	
585	1.000000	-0.000440	-3.414745	0.000440	1.000000	-0.358915	
586	0.998800	-0.000469	-5.500116	0.000469	0.998800	-0.216722	
587	1.000036	0.000091	-8.582773	-0.000091	1.000036	-0.158741	
588	1.000290	0.000109	-10.543493	-0.000109	1.000290	-0.151298	
589	1.000397	0.000204	-12.193712	-0.000204	1.000397	-0.210155	
590	1.000383	0.000402	-13.743577	-0.000402	1.000383	-0.507482	
591	1.000584	0.000516	-15.730722	-0.000516	1.000584	-0.510704	
592	1.000319	0.000578	-17.191959	-0.000578	1.000319	-0.338421	
593	0.998078	0.000672	-16.763514	-0.000672	0.998078	0.947670	
594	0.997630	0.000669	-17.625911	-0.000669	0.997630	1.367109	
595	0.997597	0.000355	-18.621665	-0.000355	0.997597	0.953749	
596	0.996724	0.000627	-18.473950	-0.000627	0.996724	1.695799	
597	0.996806	0.000727	-18.551595	-0.000727	0.996806	1.878988	
598	0.996813	0.000914	-18.417053	-0.000914	0.996813	1.921199	
599	0.996752	0.000986	-17.928273	-0.000986	0.996752	1.656171	
600	0.996379	0.000962	-17.282638	-0.000962	0.996379	1.953258	
601	0.996153	0.001033	-16.595756	-0.001033	0.996153	2.221251	
602	0.996042	0.000678	-15.839147	-0.000678	0.996042	2.043033	
603	0.996366	0.000797	-14.108126	-0.000797	0.996366	2.009840	
604	0.995797	0.000623	-11.688025	-0.000623	0.995797	2.195078	
605	0.996065	0.000488	-9.739157	-0.000488	0.996065	1.905120	
606	0.996359	0.000552	-8.051905	-0.000552	0.996359	1.868523	
607	0.996499	0.000559	-6.492284	-0.000559	0.996499	1.886657	
608	0.996188	0.000030	-4.950459	-0.000030	0.996188	1.704612	
609	0.995971	-0.000517	-3.090060	0.000517	0.995971	1.674832	
610	0.996140	-0.000401	-1.661550	0.000401	0.996140	1.544804	
611	0.996611	-0.000050	-0.204353	0.000050	0.996611	1.377226	
612	0.996996	0.000053	1.184471	-0.000053	0.996996	0.962304	
613	0.996984	0.000164	2.473543	-0.000164	0.996984	0.887861	
614	0.997050	0.000311	2.833297	-0.000311	0.997050	1.088401	
615	0.996985	0.000459	4.058853	-0.000459	0.996985	1.344424	
616	0.997169	0.000393	5.540318	-0.000393	0.997169	1.360784	
617	0.996181	0.000085	7.240350	-0.000085	0.996181	1.468110	
618	0.996231	0.000145	7.714579	-0.000145	0.996231	1.488764	
619	0.996105	0.000093	8.389506	-0.000093	0.996105	1.395987	
620	0.996211	0.000017	9.481550	-0.000017	0.996211	1.265318	
621	0.996182	-0.000029	10.319773	0.000029	0.996182	1.516796	
622	0.995711	0.000082	11.095651	-0.000082	0.995711	1.723850	
623	0.997559	-0.000333	10.743597	0.000333	0.997559	0.879226	
624	0.997292	-0.000387	10.658696	0.000387	0.997292	0.871590	
625	0.997977	-0.000635	10.177448	0.000635	0.997977	0.858669	
626	0.998626	-0.000717	9.703331	0.000717	0.998626	0.885172	
627	0.999201	-0.000603	9.029790	0.000603	0.999201	0.748148	
628	1.000073	-0.000395	8.180833	0.000395	1.000073	0.320025	
629	0.996891	-0.000036	8.783690	0.000036	0.996891	1.227753	
630	0.999189	-0.000570	8.233147	0.000570	0.999189	0.713774	
631	0.998867	-0.000312	8.188985	0.000312	0.998867	0.911834	
632	0.999297	-0.000625	7.923637	0.000625	0.999297	0.487862	
633	0.997697	-0.000228	8.136296	0.000228	0.997697	0.556381	
634	0.998948	-0.000446	7.765075	0.000446	0.998948	0.106552	
635	0.999453	-0.000535	7.319827	0.000535	0.999453	0.147445	
636	0.999406	-0.000694	6.960201	0.000694	0.999406	0.068484	
637	0.998381	-0.000052	5.858573	0.000052	0.998381	0.483630	
638	0.999148	0.000100	4.931378	-0.000100	0.999148	0.389357	
639	0.999056	-0.000117	4.718963	0.000117	0.999056	0.327546	
640	0.999670	0.000115	4.638837	-0.000115	0.999670	0.427570	
641	0.998849	-0.000077	5.374548	0.000077	0.998849	0.678471	
642	1.000774	0.000161	5.300690	-0.000161	1.000774	0.291356	
643	0.998384	-0.000079	7.194640	0.000079	0.998384	0.922910	
644	0.998564	-0.000212	7.140103	0.000212	0.998564	0.798592	
645	1.000261	-0.000741	6.663642	0.000741	1.000261	-0.049937	
646	0.999523	-0.000627	7.428202	0.000627	0.999523	0.145638	
647	0.999959	-0.000756	7.554940	0.000756	0.999959	-0.374392	
648	0.999607	-0.000771	8.155402	0.000771	0.999607	-0.187199	
649	0.997284	-0.000306	8.896661	0.000306	0.997284	1.008121	
650	0.999299	-0.000709	8.500673	0.000709	0.999299	0.162758	
651	0.998193	-0.000171	8.643193	0.000171	0.998193	0.270699	
652	0.998461	-0.000418	8.835064	0.000418	0.998461	0.025221	
653	0.995028	0.000004	10.412710	-0.000004	0.995028	1.618370	
654	0.994972	0.000051	10.248143	-0.000051	0.994972	1.641852	
655	0.994141	0.000092	10.646463	-0.000092	0.994141	1.881462	
656	0.993542	0.000049	10.777015	-0.000049	0.993542	2.060376	
657	0.993871	-0.000090	10.259025	0.000090	0.993871	1.972443	
658	0.993536	-0.000008	10.508852	0.000008	0.993536	2.141931	
659	0.993292	0.000041	10.575906	-0.000041	0.993292	1.695957	
660	0.993479	0.000013	10.472250	-0.000013	0.993479	1.091508	
661	0.993401	0.000045	10.658196	-0.000045	0.993401	0.904484	
662	0.992891	0.000042	10.998731	-0.000042	0.992891	1.425926	
663	0.993118	0.000018	10.789128	-0.000018	0.993118	1.310256	
664	0.992803	0.000017	10.704276	-0.000017	0.992803	1.353730	
665	0.992575	-0.000014	10.507316	0.000014	0.992575	1.556452	
666	0.992898	-0.000031	10.045571	0.000031	0.992898	1.694071	
667	0.992396	-0.000016	10.085086	0.000016	0.992396	2.130226	
668	0.992891	0.000073	9.371988	-0.000073	0.992891	1.888826	
669	0.992959	0.000080	8.878817	-0.000080	0.992959	1.831266	
670	0.994119	0.000523	7.567500	-0.000523	0.994119	1.617490	
671	0.993408	0.000028	8.186399	-0.000028	0.993408	1.489241	
672	0.993085	0.000023	8.132378	-0.000023	0.993085	1.428159	
673	0.993946	0.000201	7.033851	-0.000201	0.993946	1.142824	
674	0.994098	0.000209	6.648799	-0.000209	0.994098	1.100237	
