0	1.000000	0.000000	0.000000	0.000000	1.000000	0.000000	
1	0.997257	0.000249	-2.616240	-0.000249	0.997257	0.540800	
2	0.998455	0.000177	-3.758598	-0.000177	0.998455	0.259903	
3	0.998333	0.000192	-3.540083	-0.000192	0.998333	0.296654	
4	0.998474	0.000201	-3.499256	-0.000201	0.998474	0.290873	
5	0.998350	0.000250	-3.829840	-0.000250	0.998350	0.341449	
6	0.998244	0.000249	-3.683705	-0.000249	0.998244	0.261966	
7	0.998344	0.000167	-3.360401	-0.000167	0.998344	0.361281	
8	0.998471	0.000088	-3.234235	-0.000088	0.998471	0.375158	
9	0.998390	0.000150	-2.879516	-0.000150	0.998390	0.374144	
10	0.998602	0.000393	-2.492444	-0.000393	0.998602	0.371551	
11	0.998696	0.000363	-2.422885	-0.000363	0.998696	0.335386	
12	0.998770	0.000257	-2.310042	-0.000257	0.998770	0.576072	
13	0.999064	0.000409	-2.461795	-0.000409	0.999064	0.689098	
14	0.998687	0.000415	-2.192723	-0.000415	0.998687	0.641990	
15	0.998737	0.000262	-2.272134	-0.000262	0.998737	0.484462	
16	0.998592	0.000274	-2.145474	-0.000274	0.998592	0.605209	
17	0.998533	0.000243	-2.293333	-0.000243	0.998533	0.683316	
18	0.998482	0.000209	-2.413554	-0.000209	0.998482	0.711791	
19	0.998637	0.000174	-2.489001	-0.000174	0.998637	0.670754	
20	0.998732	0.000225	-2.640256	-0.000225	0.998732	0.574598	
21	0.998554	0.000210	-2.661753	-0.000210	0.998554	0.568574	
22	0.998562	0.000298	-2.735244	-0.000298	0.998562	0.567333	
23	0.998666	0.000302	-2.849389	-0.000302	0.998666	0.506678	
24	0.998747	0.000391	-2.830774	-0.000391	0.998747	0.612813	
25	0.998782	0.000263	-2.662932	-0.000263	0.998782	0.562406	
26	0.998810	0.000217	-2.451110	-0.000217	0.998810	0.555471	
27	0.998627	-0.000037	-2.402395	0.000037	0.998627	0.406035	
28	0.998786	0.000097	-2.459589	-0.000097	0.998786	0.494069	
29	0.998950	0.000019	-2.520709	-0.000019	0.998950	0.564926	
30	0.998790	0.000082	-2.707791	-0.000082	0.998790	0.594370	
31	0.998647	0.000094	-2.899494	-0.000094	0.998647	0.577869	
32	0.998593	0.000111	-3.022919	-0.000111	0.998593	0.567465	
33	0.998606	0.000021	-3.093620	-0.000021	0.998606	0.511949	
34	0.998629	0.000104	-3.335563	-0.000104	0.998629	0.493770	
35	0.998328	0.000041	-3.103366	-0.000041	0.998328	0.508618	
36	0.998599	0.000075	-3.405056	-0.000075	0.998599	0.498893	
37	0.998470	0.000095	-3.382086	-0.000095	0.998470	0.544064	
38	0.998488	0.000263	-3.372404	-0.000263	0.998488	0.624101	
39	0.998374	0.000186	-3.278275	-0.000186	0.998374	0.601579	
40	0.998687	0.000217	-3.410200	-0.000217	0.998687	0.483376	
41	0.998655	-0.000022	-3.382495	0.000022	0.998655	0.461531	
42	0.998607	-0.000001	-3.437208	0.000001	0.998607	0.559243	
43	0.998511	0.000116	-3.477962	-0.000116	0.998511	0.308722	
44	0.998489	0.000156	-3.528651	-0.000156	0.998489	0.347820	
45	0.998519	0.000127	-3.676772	-0.000127	0.998519	0.296622	
46	0.998523	0.000078	-3.610990	-0.000078	0.998523	0.433511	
47	0.998285	0.000052	-3.270957	-0.000052	0.998285	0.430653	
48	0.998610	0.000104	-3.423073	-0.000104	0.998610	0.233143	
49	0.998473	0.000010	-3.287383	-0.000010	0.998473	0.231546	
50	0.998485	0.000042	-3.124074	-0.000042	0.998485	0.486419	
51	0.998591	0.000027	-3.271783	-0.000027	0.998591	0.458838	
52	0.998426	0.000181	-3.225364	-0.000181	0.998426	0.464409	
53	0.998441	0.000266	-3.324303	-0.000266	0.998441	0.206896	
54	0.998471	0.000115	-3.278697	-0.000115	0.998471	0.222230	
55	0.998582	0.000128	-3.249441	-0.000128	0.998582	0.422353	
56	0.998639	0.000160	-3.139619	-0.000160	0.998639	0.248618	
57	0.998737	0.000150	-2.964057	-0.000150	0.998737	0.212653	
58	0.998780	0.000148	-2.647388	-0.000148	0.998780	0.401782	
59	0.998877	0.000064	-2.388966	-0.000064	0.998877	0.349177	
60	0.998972	-0.000012	-2.098514	0.000012	0.998972	0.529866	
61	0.999235	0.000096	-1.665410	-0.000096	0.999235	0.732014	
62	0.999423	-0.000024	-1.073859	0.000024	0.999423	0.627605	
63	0.999534	0.000092	-0.559745	-0.000092	0.999534	0.798204	
64	0.999648	0.000171	-0.282052	-0.000171	0.999648	0.682082	
65	0.999734	0.000268	-0.078714	-0.000268	0.999734	0.685391	
66	0.999717	0.000189	0.064800	-0.000189	0.999717	0.736352	
67	0.999905	0.000175	0.314027	-0.000175	0.999905	0.667788	
68	0.999880	0.000167	0.229002	-0.000167	0.999880	0.638698	
69	0.999860	0.000109	0.232120	-0.000109	0.999860	0.629776	
70	0.999927	0.000174	0.249289	-0.000174	0.999927	0.390546	
71	0.999911	0.000132	0.221166	-0.000132	0.999911	0.411466	
72	0.999956	0.000075	0.284861	-0.000075	0.999956	0.552759	
73	0.999896	0.000125	0.357538	-0.000125	0.999896	0.697660	
74	1.000026	0.000153	0.574024	-0.000153	1.000026	0.738912	
75	1.000211	0.000167	0.861787	-0.000167	1.000211	0.689454	
76	1.000385	-0.000056	1.093141	0.000056	1.000385	0.691971	
77	1.000546	-0.000132	1.346973	0.000132	1.000546	0.767717	
78	1.000732	-0.000262	1.624597	0.000262	1.000732	0.868310	
79	1.001008	-0.000170	1.868868	0.000170	1.001008	0.814175	
80	1.000922	-0.000056	2.183013	0.000056	1.000922	0.732429	
81	1.000947	0.000052	2.304363	-0.000052	1.000947	0.833058	
82	1.001198	-0.000109	2.155665	0.000109	1.001198	0.638939	
83	1.001180	0.000013	2.298084	-0.000013	1.001180	0.576750	
84	1.001246	0.000018	2.499348	-0.000018	1.001246	0.544104	
85	1.001299	-0.000091	2.688672	0.000091	1.001299	0.506107	
86	1.001438	0.000043	2.919965	-0.000043	1.001438	0.539192	
87	1.001500	0.000134	3.113762	-0.000134	1.001500	0.390094	
88	1.001492	0.000323	3.164879	-0.000323	1.001492	0.204483	
89	1.001499	0.000297	3.311898	-0.000297	1.001499	-0.006541	
90	1.001612	0.000285	3.193764	-0.000285	1.001612	0.021820	
91	1.001472	0.000323	3.342732	-0.000323	1.001472	0.022860	
92	1.001540	0.000279	3.356685	-0.000279	1.001540	0.031696	
93	1.002141	0.000198	2.999209	-0.000198	1.002141	-0.138429	
94	1.001861	0.000321	3.589320	-0.000321	1.001861	-0.044360	
95	1.002257	0.000270	3.770113	-0.000270	1.002257	0.001322	
96	1.001559	0.000140	5.051187	-0.000140	1.001559	0.198547	
97	1.000525	-0.000012	6.317261	0.000012	1.000525	0.159565	
98	1.000586	0.000056	6.452756	-0.000056	1.000586	0.060619	
99	1.000783	0.000013	6.446954	-0.000013	1.000783	0.001697	
100	1.003577	0.000456	3.554821	-0.000456	1.003577	-0.228089	
101	1.000956	-0.000063	5.913405	0.000063	1.000956	-0.322375	
102	1.001766	0.000111	5.026813	-0.000111	1.001766	-0.227869	
103	1.000714	-0.000123	6.162397	0.000123	1.000714	-0.244349	
104	1.001470	0.000011	5.504031	-0.000011	1.001470	-0.385465	
105	1.000585	-0.000062	6.299304	0.000062	1.000585	-0.207361	
106	1.002176	0.000234	4.658714	-0.000234	1.002176	-0.106712	
107	1.000708	-0.000133	6.140593	0.000133	1.000708	-0.083225	
108	1.002175	0.000168	4.609147	-0.000168	1.002175	-0.042031	
109	1.001542	0.000013	5.240435	-0.000013	1.001542	-0.039304	
110	1.002020	0.000111	4.802501	-0.000111	1.002020	0.055739	
111	1.001023	-0.000167	5.747831	0.000167	1.001023	0.035308	
112	1.002183	0.000028	4.383328	-0.000028	1.002183	-0.028522	
113	1.002248	0.000105	4.212747	-0.000105	1.002248	-0.126685	
114	1.002055	0.000007	4.097599	-0.000007	1.002055	-0.102472	
115	1.002136	-0.000010	3.794135	0.000010	1.002136	-0.154750	
116	1.002171	-0.000015	3.549072	0.000015	1.002171	-0.308242	
117	1.002066	0.000099	3.534289	-0.000099	1.002066	-0.345374	
118	1.001926	0.000083	3.480628	-0.000083	1.001926	-0.327728	
119	1.001903	0.000127	3.434943	-0.000127	1.001903	-0.276220	
120	1.001895	0.000203	3.379579	-0.000203	1.001895	-0.329825	
121	1.001854	0.000158	3.331737	-0.000158	1.001854	-0.362235	
122	1.001913	0.000083	3.121983	-0.000083	1.001913	-0.400877	
123	1.001764	0.000025	3.118380	-0.000025	1.001764	-0.407726	
124	1.001772	0.000010	3.073460	-0.000010	1.001772	-0.357459	
125	1.001839	0.000001	3.012320	-0.000001	1.001839	-0.345436	
126	1.001778	0.000066	3.095195	-0.000066	1.001778	-0.467127	
127	1.001754	0.000139	3.194383	-0.000139	1.001754	-0.326031	
128	1.001692	0.000060	3.282375	-0.000060	1.001692	-0.302697	
129	1.001671	0.000122	3.480719	-0.000122	1.001671	-0.219646	
130	1.001623	0.000169	3.559660	-0.000169	1.001623	-0.495409	
131	1.001621	0.000144	3.580570	-0.000144	1.001621	-0.554758	
132	1.001637	0.000045	3.571913	-0.000045	1.001637	-0.567356	
133	1.001744	0.000132	3.587666	-0.000132	1.001744	-0.485803	
134	1.001805	0.000067	3.763833	-0.000067	1.001805	-0.439862	
135	1.001976	0.000159	3.645055	-0.000159	1.001976	-0.429747	
136	1.001866	0.000160	3.651952	-0.000160	1.001866	-0.577715	
137	1.001856	0.000205	3.654934	-0.000205	1.001856	-0.609474	
138	1.001858	0.000116	3.768624	-0.000116	1.001858	-0.626069	
139	1.001889	0.000099	3.871791	-0.000099	1.001889	-0.513321	
140	1.001890	0.000148	3.883242	-0.000148	1.001890	-0.460432	
141	1.001984	0.000131	4.004118	-0.000131	1.001984	-0.601054	
142	1.001954	0.000050	4.137110	-0.000050	1.001954	-0.535594	
143	1.002133	0.000083	4.085086	-0.000083	1.002133	-0.512432	
144	1.002108	0.000099	4.111290	-0.000099	1.002108	-0.290760	
145	1.002652	0.000196	4.015223	-0.000196	1.002652	-0.361551	
146	1.002147	0.000081	4.010012	-0.000081	1.002147	-0.612362	
147	1.005037	0.000475	1.707676	-0.000475	1.005037	-0.733107	
148	1.003191	0.000074	3.012334	-0.000074	1.003191	-0.638109	
149	1.002419	0.000104	3.485594	-0.000104	1.002419	-0.596483	
150	1.002220	0.000113	3.533433	-0.000113	1.002220	-0.421518	
151	1.001867	0.000137	3.504124	-0.000137	1.001867	-0.381688	
152	1.001866	-0.000095	3.520590	0.000095	1.001866	-0.615929	
153	1.002321	0.000094	3.246241	-0.000094	1.002321	-0.521702	
154	1.002114	0.000088	3.637302	-0.000088	1.002114	-0.202614	
155	1.002149	0.000062	3.526164	-0.000062	1.002149	-0.248107	
156	1.001898	0.000069	3.658978	-0.000069	1.001898	-0.476994	
157	1.001912	0.000116	3.785375	-0.000116	1.001912	-0.403615	
158	1.002530	0.000189	3.434282	-0.000189	1.002530	-0.499889	
159	1.001912	0.000153	4.018894	-0.000153	1.001912	-0.398941	
160	1.001857	0.000204	4.241479	-0.000204	1.001857	-0.360025	
161	1.000638	-0.000129	5.743731	0.000129	1.000638	-0.540599	
162	1.001001	-0.000004	5.547363	0.000004	1.001001	-0.655061	
163	1.001933	0.000264	4.835089	-0.000264	1.001933	-0.531658	
164	1.000660	-0.000133	6.333518	0.000133	1.000660	-0.457186	
165	1.001975	0.000198	5.093000	-0.000198	1.001975	-0.397236	
166	1.000631	-0.000217	6.539397	0.000217	1.000631	-0.518916	
167	1.000481	-0.000226	6.770682	0.000226	1.000481	-0.530037	
168	1.000475	-0.000191	6.903380	0.000191	1.000475	-0.479588	
169	1.000411	-0.000294	7.044454	0.000294	1.000411	-0.350894	
170	1.002387	0.000205	5.050593	-0.000205	1.002387	-0.293749	
171	1.000379	-0.000134	7.175861	0.000134	1.000379	-0.154309	
172	1.000343	-0.000207	7.248301	0.000207	1.000343	-0.371186	
173	1.000198	-0.000250	7.709823	0.000250	1.000198	-0.495489	
174	1.000252	-0.000176	8.132820	0.000176	1.000252	-0.366051	
175	1.000198	-0.000166	8.687454	0.000166	1.000198	-0.327025	
176	1.000294	-0.000303	8.896866	0.000303	1.000294	-0.398973	
177	1.000209	-0.000209	9.362859	0.000209	1.000209	-0.302877	
178	1.000167	-0.000279	10.060223	0.000279	1.000167	-0.500634	
179	0.999947	-0.000223	10.792007	0.000223	0.999947	-0.475193	
180	1.000144	-0.000388	11.320724	0.000388	1.000144	-0.638380	
181	1.000147	-0.000295	12.328160	0.000295	1.000147	-0.177440	
182	1.000442	-0.000245	12.872730	0.000245	1.000442	-0.437193	
183	1.000289	-0.000422	13.542692	0.000422	1.000289	-0.733457	
184	1.000435	-0.000354	14.192883	0.000354	1.000435	-0.671959	
185	1.000654	-0.000407	14.544373	0.000407	1.000654	-0.734221	
186	1.001220	-0.000347	14.675781	0.000347	1.001220	-0.723826	
187	1.000149	-0.000555	15.671381	0.000555	1.000149	-0.762635	
188	1.000697	-0.000484	15.887697	0.000484	1.000697	-0.899967	
189	1.000650	-0.000600	16.421469	0.000600	1.000650	-1.032017	
190	1.000559	-0.000657	16.806737	0.000657	1.000559	-1.079131	
191	1.000876	-0.000620	17.135318	0.000620	1.000876	-1.077615	
192	1.000766	-0.000521	17.688173	0.000521	1.000766	-0.805915	
193	1.000988	-0.000479	17.740755	0.000479	1.000988	-0.949777	
194	1.000736	-0.000472	18.201816	0.000472	1.000736	-1.103217	
195	1.000806	-0.000580	18.275080	0.000580	1.000806	-1.239231	
196	1.000577	-0.000573	18.450540	0.000573	1.000577	-1.315561	
197	1.000352	-0.000582	18.804605	0.000582	1.000352	-1.359546	
198	1.000945	-0.000443	18.597458	0.000443	1.000945	-1.347662	
199	1.001144	-0.000249	18.642326	0.000249	1.001144	-1.226383	
200	1.001027	-0.000292	19.029037	0.000292	1.001027	-1.267217	
201	1.000375	-0.000569	19.543528	0.000569	1.000375	-1.388131	
202	0.999910	-0.000187	20.092004	0.000187	0.999910	-1.164279	
203	1.000424	-0.000289	19.649161	0.000289	1.000424	-1.206561	
204	1.000838	-0.000445	19.202396	0.000445	1.000838	-1.222067	
205	1.000799	-0.000237	19.192293	0.000237	1.000799	-1.137363	
206	1.000363	-0.000127	19.367485	0.000127	1.000363	-1.094766	
207	1.000684	-0.000322	19.041468	0.000322	1.000684	-1.367588	
208	1.000575	-0.000462	19.222451	0.000462	1.000575	-1.350395	
209	1.000146	-0.000152	19.434843	0.000152	1.000146	-0.839207	
210	1.000555	-0.000359	19.061844	0.000359	1.000555	-1.055752	
211	1.000352	-0.000081	19.103367	0.000081	1.000352	-0.888886	
212	1.001022	-0.000206	18.130098	0.000206	1.001022	-1.095375	
213	1.000522	-0.000203	18.560188	0.000203	1.000522	-0.891235	
214	1.000964	-0.000415	17.925169	0.000415	1.000964	-0.859784	
215	1.000390	-0.000113	18.307953	0.000113	1.000390	-0.651428	
216	1.000286	-0.000093	18.167684	0.000093	1.000286	-0.594948	
217	1.000410	-0.000059	17.720902	0.000059	1.000410	-0.663115	
218	1.001183	-0.000290	16.651820	0.000290	1.001183	-0.887551	
219	1.000317	-0.000140	17.165846	0.000140	1.000317	-0.693937	
220	1.000293	-0.000020	16.837556	0.000020	1.000293	-0.544953	
221	1.000034	-0.000054	16.713349	0.000054	1.000034	-0.532151	
222	1.000090	-0.000149	16.200460	0.000149	1.000090	-0.602880	
223	1.000009	0.000028	15.841719	-0.000028	1.000009	-0.683454	
224	0.999465	-0.000269	15.684022	0.000269	0.999465	-0.715798	
225	0.998532	-0.000089	16.160693	0.000089	0.998532	-0.123076	
226	0.997754	-0.000218	16.010493	0.000218	0.997754	-0.027616	
227	0.997728	-0.000124	15.531285	0.000124	0.997728	0.020178	
228	0.997723	-0.000108	15.003369	0.000108	0.997723	-0.334008	
229	0.997625	-0.000251	14.687487	0.000251	0.997625	-0.242514	
230	0.996711	-0.000068	14.685079	0.000068	0.996711	0.249389	
231	0.996679	-0.000081	14.071648	0.000081	0.996679	0.277519	
232	0.996575	-0.000157	13.422400	0.000157	0.996575	0.300419	
233	0.996384	-0.000107	12.934801	0.000107	0.996384	0.398878	
234	0.996566	-0.000186	11.805334	0.000186	0.996566	0.045032	
235	0.996717	-0.000076	10.692822	0.000076	0.996717	0.151491	
236	0.996583	-0.000008	9.237747	0.000008	0.996583	-0.189568	
237	0.996841	-0.000032	7.702463	0.000032	0.996841	-0.483538	
238	1.000901	0.000287	2.542401	-0.000287	1.000901	-0.568313	
239	0.998497	0.000340	3.927699	-0.000340	0.998497	-0.512218	
240	0.998631	0.000187	3.250087	-0.000187	0.998631	-0.564040	
241	0.998438	0.000324	3.136851	-0.000324	0.998438	-0.512690	
242	0.998494	0.000266	2.742535	-0.000266	0.998494	-0.680164	
243	0.998523	0.000308	2.365625	-0.000308	0.998523	-0.421388	
244	0.998345	0.000103	1.794633	-0.000103	0.998345	-0.387311	
245	0.998171	-0.000024	1.464369	0.000024	0.998171	-0.006340	
246	0.998130	-0.000120	1.090789	0.000120	0.998130	0.208362	
247	0.998055	-0.000351	0.927580	0.000351	0.998055	0.378683	
248	0.997974	-0.000481	0.984470	0.000481	0.997974	0.545460	
249	0.998067	-0.000426	0.870015	0.000426	0.998067	0.453145	
250	0.998174	-0.000248	0.753030	0.000248	0.998174	0.486444	
251	0.998182	-0.000241	0.537556	0.000241	0.998182	0.398404	
252	0.998343	-0.000089	0.264057	0.000089	0.998343	0.266450	
253	0.998464	-0.000228	0.351003	0.000228	0.998464	0.425978	
254	0.998403	-0.000356	0.536872	0.000356	0.998403	0.587506	
255	0.998452	-0.000239	0.641323	0.000239	0.998452	0.584456	
256	0.998412	-0.000221	0.504325	0.000221	0.998412	0.622738	
257	0.998362	-0.000319	0.412397	0.000319	0.998362	0.615047	
258	0.998320	-0.000308	0.568710	0.000308	0.998320	0.733617	
259	0.998544	-0.000317	0.796428	0.000317	0.998544	0.737823	
260	0.998494	-0.000283	0.875746	0.000283	0.998494	0.638496	
261	0.998536	-0.000241	0.791570	0.000241	0.998536	0.439525	
262	0.998586	-0.000244	0.676228	0.000244	0.998586	0.261947	
263	0.998577	-0.000221	0.396325	0.000221	0.998577	0.290346	
264	0.998720	-0.000333	0.103260	0.000333	0.998720	0.475135	
265	0.998446	-0.000163	0.170061	0.000163	0.998446	0.592792	
266	0.998470	-0.000119	0.077484	0.000119	0.998470	0.321868	
267	0.998478	-0.000069	0.225874	0.000069	0.998478	0.718409	
268	0.998484	-0.000162	0.175241	0.000162	0.998484	0.696404	
269	0.998327	-0.000367	-0.111898	0.000367	0.998327	0.513642	
270	0.998109	0.000039	-0.237298	-0.000039	0.998109	0.608567	
271	0.998240	-0.000094	-0.304228	0.000094	0.998240	0.248540	
272	0.998646	0.000033	-0.831956	-0.000033	0.998646	0.747939	
273	0.999072	-0.000057	-0.870757	0.000057	0.999072	0.593314	
274	0.998931	-0.000072	-0.644744	0.000072	0.998931	0.493012	
275	0.999150	-0.000012	-0.463567	0.000012	0.999150	0.275189	
276	0.999138	-0.000143	-0.468441	0.000143	0.999138	-0.024441	
277	0.999085	-0.000188	-0.512277	0.000188	0.999085	0.108603	
278	0.999088	-0.000145	-0.551828	0.000145	0.999088	0.055825	
279	0.999063	-0.000096	-0.643604	0.000096	0.999063	0.075789	
280	0.999147	0.000017	-0.863498	-0.000017	0.999147	-0.051156	
281	0.999201	0.000035	-0.915603	-0.000035	0.999201	-0.127061	
282	0.999129	-0.000016	-0.877316	0.000016	0.999129	0.089365	
283	0.999327	-0.000079	-1.059132	0.000079	0.999327	-0.027370	
284	0.999036	0.000006	-1.037571	-0.000006	0.999036	0.076758	
285	0.999273	-0.000110	-1.194473	0.000110	0.999273	0.025633	
286	0.999322	-0.000065	-1.100714	0.000065	0.999322	-0.105500	
287	0.999501	-0.000059	-1.132470	0.000059	0.999501	-0.085884	
288	0.999562	0.000029	-1.097043	-0.000029	0.999562	-0.021869	
289	0.999586	-0.000081	-1.090593	0.000081	0.999586	0.050532	
290	0.999565	0.000075	-1.080337	-0.000075	0.999565	-0.090418	
291	0.999579	0.000037	-1.132978	-0.000037	0.999579	-0.349046	
292	0.999557	-0.000008	-0.979878	0.000008	0.999557	-0.245078	
293	0.999611	-0.000040	-0.875536	0.000040	0.999611	-0.229230	
294	0.999689	0.000025	-0.746798	-0.000025	0.999689	-0.247780	
295	0.999772	0.000013	-0.559939	-0.000013	0.999772	-0.275665	
296	0.999861	-0.000014	-0.424481	0.000014	0.999861	-0.350961	
297	0.999882	0.000076	-0.427903	-0.000076	0.999882	-0.241345	
298	0.999933	0.000105	-0.380944	-0.000105	0.999933	-0.230650	
299	0.999967	0.000105	-0.414722	-0.000105	0.999967	-0.251825	
300	0.999892	0.000191	-0.451049	-0.000191	0.999892	-0.214855	
301	0.999795	0.000184	-0.513284	-0.000184	0.999795	-0.276695	
302	0.999642	0.000102	-0.584441	-0.000102	0.999642	-0.319469	
303	0.999520	0.000024	-0.640631	-0.000024	0.999520	-0.361767	
304	0.999423	0.000089	-0.722090	-0.000089	0.999423	-0.289202	
305	0.999341	0.000160	-0.759229	-0.000160	0.999341	-0.233968	
306	0.999376	0.000116	-0.789126	-0.000116	0.999376	-0.117159	
307	0.999300	0.000025	-0.752077	-0.000025	0.999300	-0.089076	
308	0.999207	0.000065	-0.712297	-0.000065	0.999207	-0.095397	
309	0.999168	0.000010	-0.721793	-0.000010	0.999168	-0.145486	
310	0.998989	0.000167	-0.680114	-0.000167	0.998989	-0.270231	
311	0.999018	0.000138	-0.682264	-0.000138	0.999018	-0.195289	
312	0.998935	0.000146	-0.696801	-0.000146	0.998935	-0.112194	
313	0.998871	0.000125	-0.693447	-0.000125	0.998871	-0.113568	
314	0.998872	0.000073	-0.638973	-0.000073	0.998872	-0.327246	
315	0.998908	0.000078	-0.545733	-0.000078	0.998908	-0.323647	
316	0.998876	-0.000004	-0.507687	0.000004	0.998876	-0.337364	
317	0.998987	-0.000075	-0.441812	0.000075	0.998987	-0.201409	
318	0.999081	-0.000174	-0.365801	0.000174	0.999081	-0.086086	
319	0.999083	-0.000065	-0.310931	0.000065	0.999083	-0.134347	
320	0.999183	0.000161	-0.304541	-0.000161	0.999183	-0.282581	
321	0.999164	0.000123	-0.160558	-0.000123	0.999164	-0.340717	
322	0.999239	0.000132	-0.161071	-0.000132	0.999239	-0.128143	
323	0.999163	0.000042	-0.101328	-0.000042	0.999163	0.002726	
324	0.999054	0.000201	-0.066543	-0.000201	0.999054	-0.088440	
325	0.999190	0.000264	-0.194880	-0.000264	0.999190	-0.232213	
326	0.999186	0.000203	-0.229108	-0.000203	0.999186	-0.135741	
327	0.998994	-0.000082	-0.219605	0.000082	0.998994	0.047403	
328	0.998906	-0.000063	-0.257692	0.000063	0.998906	0.094712	
329	0.998818	-0.000089	-0.274205	0.000089	0.998818	0.019296	
330	0.998870	-0.000020	-0.396910	0.000020	0.998870	-0.289008	
331	0.998822	0.000073	-0.487738	-0.000073	0.998822	-0.278084	
332	0.998637	-0.000063	-0.673891	0.000063	0.998637	-0.158194	
333	0.998563	0.000062	-0.966331	-0.000062	0.998563	-0.083058	
334	0.998516	0.000106	-1.246958	-0.000106	0.998516	-0.230868	
335	0.998503	0.000104	-1.307727	-0.000104	0.998503	-0.271642	
336	0.998506	-0.000002	-1.442931	0.000002	0.998506	-0.236739	
337	0.998497	-0.000035	-1.487128	0.000035	0.998497	-0.265183	
338	0.998532	-0.000109	-1.539037	0.000109	0.998532	-0.285631	
339	0.998529	-0.000081	-1.631920	0.000081	0.998529	-0.247522	
340	0.998482	-0.000135	-1.577453	0.000135	0.998482	-0.198053	
341	0.998526	-0.000021	-1.571622	0.000021	0.998526	-0.164464	
342	0.998556	-0.000004	-1.569676	0.000004	0.998556	-0.121690	
343	0.998574	0.000018	-1.610445	-0.000018	0.998574	-0.116610	
344	0.998660	-0.000013	-1.687286	0.000013	0.998660	-0.174911	
345	0.998652	-0.000086	-1.798666	0.000086	0.998652	-0.088111	
346	0.998724	-0.000144	-1.787236	0.000144	0.998724	-0.009277	
347	0.998655	-0.000204	-1.716620	0.000204	0.998655	-0.057376	
348	0.998746	-0.000197	-1.794586	0.000197	0.998746	-0.151915	
349	0.998674	-0.000141	-1.725226	0.000141	0.998674	-0.150653	
350	0.998683	-0.000112	-1.680176	0.000112	0.998683	0.049709	
351	0.998611	-0.000033	-1.625123	0.000033	0.998611	0.081022	
352	0.998561	0.000069	-1.508135	-0.000069	0.998561	0.108612	
353	0.998579	-0.000100	-1.653250	0.000100	0.998579	-0.007635	
354	0.998531	-0.000125	-1.570591	0.000125	0.998531	0.039158	
355	0.998654	-0.000119	-1.553007	0.000119	0.998654	0.079176	
356	0.998719	-0.000310	-1.693917	0.000310	0.998719	0.143929	
357	0.998691	-0.000292	-1.727641	0.000292	0.998691	0.108513	
358	0.998681	-0.000169	-1.738611	0.000169	0.998681	0.052837	
359	0.998597	-0.000192	-1.635587	0.000192	0.998597	0.039058	
360	0.998563	-0.000261	-1.518392	0.000261	0.998563	0.173985	
361	0.998502	-0.000108	-1.412626	0.000108	0.998502	0.252529	
362	0.998448	-0.000115	-1.184052	0.000115	0.998448	0.133738	
363	0.998573	-0.000201	-1.129138	0.000201	0.998573	0.093197	
364	0.998654	-0.000164	-1.178375	0.000164	0.998654	0.082870	
365	0.998726	-0.000164	-1.226162	0.000164	0.998726	0.134588	
366	0.998718	-0.000331	-1.294745	0.000331	0.998718	0.138885	
367	0.998839	-0.000317	-1.353372	0.000317	0.998839	0.106552	
368	0.998719	-0.000179	-1.309655	0.000179	0.998719	0.098645	
369	0.998729	-0.000047	-1.338640	0.000047	0.998729	0.145991	
370	0.998631	-0.000152	-1.295543	0.000152	0.998631	0.216230	
371	0.998624	-0.000167	-1.428581	0.000167	0.998624	0.235881	
372	0.998569	-0.000095	-1.301158	0.000095	0.998569	0.141825	
373	0.998614	-0.000157	-1.199934	0.000157	0.998614	0.109696	
374	0.998571	-0.000342	-1.138873	0.000342	0.998571	0.075369	
375	0.998542	-0.000468	-1.015635	0.000468	0.998542	0.145289	
376	0.998573	-0.000179	-1.016889	0.000179	0.998573	0.137783	
377	0.998559	-0.000268	-1.112321	0.000268	0.998559	-0.009135	
378	0.998522	-0.000222	-1.056063	0.000222	0.998522	0.276965	
379	0.998418	-0.000169	-0.966954	0.000169	0.998418	0.267016	
380	0.998465	-0.000119	-0.903161	0.000119	0.998465	0.059531	
381	0.998519	-0.000244	-0.812615	0.000244	0.998519	0.026503	
382	0.998512	-0.000440	-0.778703	0.000440	0.998512	0.124283	
383	0.998481	-0.000316	-0.722092	0.000316	0.998481	0.192501	
384	0.998460	-0.000354	-0.742303	0.000354	0.998460	0.079798	
385	0.998498	-0.000365	-0.846715	0.000365	0.998498	0.057602	
386	0.998419	-0.000222	-0.863965	0.000222	0.998419	0.133568	
387	0.998416	-0.000049	-0.857900	0.000049	0.998416	0.247871	
388	0.998663	-0.000159	-0.891655	0.000159	0.998663	0.350193	
389	0.998493	-0.000079	-0.836359	0.000079	0.998493	0.243147	
390	0.998436	-0.000179	-0.707341	0.000179	0.998436	0.125468	
391	0.998398	-0.000395	-0.596229	0.000395	0.998398	0.119175	
392	0.998619	-0.000269	-0.541511	0.000269	0.998619	0.315632	
393	0.998963	-0.000230	-0.599717	0.000230	0.998963	0.232519	
394	0.998721	-0.000135	-0.451228	0.000135	0.998721	0.412250	
395	0.998762	-0.000043	-0.458569	0.000043	0.998762	0.414148	
396	0.998735	-0.000005	-0.352328	0.000005	0.998735	0.318824	
397	0.998443	-0.000004	-0.157958	0.000004	0.998443	0.463229	
398	0.998166	-0.000149	-0.191392	0.000149	0.998166	0.264767	
399	0.998314	-0.000251	-0.610970	0.000251	0.998314	0.077803	
400	0.998296	-0.000226	-0.888879	0.000226	0.998296	0.109959	
401	0.998395	-0.000220	-1.114591	0.000220	0.998395	0.104069	
402	0.998240	-0.000203	-1.093410	0.000203	0.998240	0.246799	
403	0.998230	-0.000271	-1.298325	0.000271	0.998230	0.264395	
404	0.998142	-0.000138	-1.456502	0.000138	0.998142	0.338991	
405	0.998002	-0.000056	-1.584178	0.000056	0.998002	0.262197	
406	0.998140	-0.000018	-1.741066	0.000018	0.998140	0.281891	
407	0.998049	-0.000011	-1.741590	0.000011	0.998049	0.410029	
408	0.998072	-0.000160	-1.776588	0.000160	0.998072	0.216617	
409	0.998242	-0.000202	-1.832822	0.000202	0.998242	0.145455	
410	0.998083	-0.000287	-1.901931	0.000287	0.998083	0.202883	
411	0.998087	-0.000049	-2.106642	0.000049	0.998087	0.219102	
412	0.998023	-0.000108	-2.108092	0.000108	0.998023	0.188282	
413	0.997982	-0.000083	-2.211873	0.000083	0.997982	0.173939	
414	0.997955	-0.000078	-2.293664	0.000078	0.997955	0.194163	
415	0.997891	-0.000138	-2.231318	0.000138	0.997891	0.156070	
416	0.997952	-0.000149	-2.318080	0.000149	0.997952	0.168759	
417	0.998035	-0.000165	-2.388503	0.000165	0.998035	0.170337	
418	0.998061	-0.000141	-2.319399	0.000141	0.998061	0.203102	
419	0.998205	-0.000122	-2.309455	0.000122	0.998205	0.228900	
420	0.998201	-0.000178	-2.264759	0.000178	0.998201	0.243748	
421	0.998330	-0.000158	-2.217205	0.000158	0.998330	0.190521	
422	0.998434	-0.000092	-2.219538	0.000092	0.998434	0.170347	
423	0.998520	-0.000103	-2.291100	0.000103	0.998520	0.147876	
424	0.998407	-0.000297	-2.176412	0.000297	0.998407	0.166529	
425	0.998592	-0.000279	-2.178893	0.000279	0.998592	0.164271	
426	0.998558	-0.000194	-2.150314	0.000194	0.998558	-0.034902	
427	0.998654	-0.000140	-2.184992	0.000140	0.998654	-0.078716	
428	0.998629	-0.000248	-2.218526	0.000248	0.998629	0.024156	
429	0.998633	-0.000197	-2.391116	0.000197	0.998633	0.034182	
430	0.998625	-0.000160	-2.421130	0.000160	0.998625	0.042089	
431	0.998564	-0.000098	-2.498774	0.000098	0.998564	0.040783	
432	0.998546	-0.000085	-2.657829	0.000085	0.998546	-0.080068	
433	0.998597	-0.000020	-2.885621	0.000020	0.998597	-0.035050	
434	0.998593	0.000018	-2.841831	-0.000018	0.998593	0.026377	
435	0.998495	-0.000039	-2.758236	0.000039	0.998495	-0.023640	
436	0.998746	-0.000183	-2.432495	0.000183	0.998746	-0.108210	
437	0.998955	-0.000293	-2.231405	0.000293	0.998955	-0.105488	
438	0.999165	-0.000350	-2.055759	0.000350	0.999165	-0.121364	
439	0.999120	-0.000390	-1.885519	0.000390	0.999120	-0.137840	
440	0.999210	-0.000235	-1.710356	0.000235	0.999210	-0.188984	
441	0.999355	-0.000171	-1.285636	0.000171	0.999355	-0.114885	
442	0.999605	-0.000165	-1.168512	0.000165	0.999605	-0.146683	
443	0.999602	-0.000209	-1.166212	0.000209	0.999602	-0.069399	
444	0.999688	-0.000217	-1.121232	0.000217	0.999688	-0.070461	
445	0.999472	-0.000191	-1.270143	0.000191	0.999472	-0.068299	
446	0.999148	-0.000178	-2.101077	0.000178	0.999148	-0.332702	
447	0.999076	-0.000049	-2.259949	0.000049	0.999076	-0.309520	
448	0.999043	-0.000058	-2.070845	0.000058	0.999043	-0.289402	
449	0.999064	-0.000121	-2.044359	0.000121	0.999064	-0.293002	
450	0.998964	-0.000049	-2.071192	0.000049	0.998964	-0.237566	
451	0.998990	0.000090	-2.120045	-0.000090	0.998990	-0.192026	
452	0.999063	0.000131	-2.032896	-0.000131	0.999063	-0.564250	
453	0.999165	0.000026	-2.000069	-0.000026	0.999165	-0.669872	
454	0.999193	0.000033	-1.850407	-0.000033	0.999193	-0.508776	
455	0.999174	0.000124	-1.839463	-0.000124	0.999174	-0.613071	
456	0.999234	0.000136	-1.836637	-0.000136	0.999234	-0.735638	
457	0.999281	0.000182	-1.918949	-0.000182	0.999281	-0.762429	
458	0.999380	0.000267	-1.793205	-0.000267	0.999380	-0.737176	
459	0.999468	0.000232	-1.711779	-0.000232	0.999468	-0.709188	
460	0.999575	0.000133	-1.602871	-0.000133	0.999575	-0.805161	
461	0.999607	0.000206	-1.476118	-0.000206	0.999607	-0.832314	
462	0.999663	0.000265	-1.446746	-0.000265	0.999663	-0.872656	
463	0.999750	0.000159	-1.419128	-0.000159	0.999750	-0.897312	
464	0.999752	0.000235	-1.400394	-0.000235	0.999752	-0.876500	
465	0.999695	0.000276	-1.413086	-0.000276	0.999695	-0.891325	
466	0.999673	0.000348	-1.360032	-0.000348	0.999673	-1.026378	
467	0.999783	0.000291	-1.143479	-0.000291	0.999783	-1.161653	
468	0.999877	0.000201	-0.980963	-0.000201	0.999877	-1.191312	
469	1.000024	0.000070	-0.810365	-0.000070	1.000024	-1.113961	
470	1.000213	-0.000046	-0.689697	0.000046	1.000213	-1.017045	
471	1.000343	0.000131	-0.470843	-0.000131	1.000343	-0.818910	
472	1.000446	0.000105	-0.186150	-0.000105	1.000446	-0.679912	
473	1.000408	0.000086	-0.146739	-0.000086	1.000408	-0.590652	
474	1.000394	0.000034	0.063191	-0.000034	1.000394	-0.379743	
475	1.000475	-0.000242	0.222966	0.000242	1.000475	-0.189075	
476	1.000596	-0.000344	0.406338	0.000344	1.000596	-0.095522	
477	1.000782	-0.000332	0.581521	0.000332	1.000782	-0.151261	
478	1.001060	-0.000340	0.786212	0.000340	1.001060	-0.180499	
479	1.001232	-0.000522	0.953233	0.000522	1.001232	-0.004955	
480	1.001171	-0.000457	1.094330	0.000457	1.001171	0.079133	
481	1.001188	-0.000492	1.222315	0.000492	1.001188	0.065250	
482	1.001189	-0.000497	1.480613	0.000497	1.001189	-0.042917	
483	1.001177	-0.000561	1.623696	0.000561	1.001177	-0.124758	
484	1.001293	-0.000496	1.636709	0.000496	1.001293	-0.050008	
485	1.001394	-0.000584	1.615070	0.000584	1.001394	-0.057876	
486	1.001425	-0.000391	1.524940	0.000391	1.001425	-0.019852	
487	1.001415	-0.000298	1.557693	0.000298	1.001415	0.069556	
488	1.001400	-0.000296	1.407722	0.000296	1.001400	0.107974	
489	1.001190	-0.000319	1.406524	0.000319	1.001190	0.112399	
490	1.001047	-0.000335	1.334304	0.000335	1.001047	-0.002851	
491	1.000853	-0.000375	1.275243	0.000375	1.000853	-0.017109	
492	1.000897	-0.000573	1.173675	0.000573	1.000897	-0.010193	
493	1.000996	-0.000654	1.263690	0.000654	1.000996	0.008161	
494	1.001052	-0.000515	1.337413	0.000515	1.001052	0.156098	
495	1.001025	-0.000435	1.341051	0.000435	1.001025	0.187555	
496	1.001154	-0.000426	1.480188	0.000426	1.001154	0.178919	
497	1.001236	-0.000329	1.606121	0.000329	1.001236	0.310442	
498	1.001314	-0.000249	1.757803	0.000249	1.001314	0.362408	
499	1.001269	-0.000314	1.946360	0.000314	1.001269	0.409628	
500	1.001173	-0.000245	1.983322	0.000245	1.001173	0.357134	
501	1.000896	-0.000207	2.095293	0.000207	1.000896	0.340391	
502	1.000806	-0.000226	2.100600	0.000226	1.000806	0.241350	
503	1.000859	-0.000308	1.978111	0.000308	1.000859	0.159191	
504	1.000714	-0.000203	2.026813	0.000203	1.000714	0.092107	
505	1.000797	-0.000178	1.805584	0.000178	1.000797	0.091101	
506	1.000681	-0.000192	1.730912	0.000192	1.000681	0.053995	
507	1.000658	-0.000124	1.636372	0.000124	1.000658	0.089121	
508	1.000667	-0.000144	1.643911	0.000144	1.000667	0.107078	
509	1.000677	-0.000164	1.636123	0.000164	1.000677	0.071427	
510	1.000508	0.000020	1.723397	-0.000020	1.000508	0.055071	
511	1.000566	-0.000144	1.622554	0.000144	1.000566	-0.056316	
512	1.000484	-0.000093	1.521745	0.000093	1.000484	-0.064987	
513	1.000473	-0.000112	1.508242	0.000112	1.000473	-0.092898	
514	1.000443	-0.000073	1.509234	0.000073	1.000443	-0.043557	
515	1.000324	-0.000143	1.445892	0.000143	1.000324	-0.091861	
516	1.000179	-0.000125	1.255794	0.000125	1.000179	-0.084575	
517	1.000228	0.000028	1.289319	-0.000028	1.000228	0.103608	
518	1.000341	-0.000129	1.097983	0.000129	1.000341	-0.004111	
519	1.000405	-0.000056	1.080254	0.000056	1.000405	0.145575	
520	1.000254	-0.000054	1.034033	0.000054	1.000254	0.183070	
521	1.000322	-0.000118	0.760880	0.000118	1.000322	-0.017810	
522	1.000558	-0.000197	0.507472	0.000197	1.000558	0.109326	
523	1.000316	-0.000221	0.785558	0.000221	1.000316	0.137130	
524	1.000273	-0.000057	0.719545	0.000057	1.000273	0.127129	
525	1.000271	0.000035	0.728228	-0.000035	1.000271	0.120815	
526	1.000098	0.000053	0.798459	-0.000053	1.000098	0.105661	
527	1.000187	-0.000150	0.690878	0.000150	1.000187	0.180929	
528	1.000328	-0.000169	0.624629	0.000169	1.000328	0.052572	
529	1.000471	-0.000138	0.612695	0.000138	1.000471	0.063882	
530	1.000649	-0.000092	0.528868	0.000092	1.000649	-0.075010	
531	1.000898	-0.000122	0.437300	0.000122	1.000898	-0.172159	
532	1.001173	-0.000143	0.262510	0.000143	1.001173	-0.125075	
533	1.001306	-0.000099	0.212268	0.000099	1.001306	-0.181352	
534	1.001294	-0.000127	0.212699	0.000127	1.001294	-0.260738	
535	1.001170	-0.000130	0.187853	0.000130	1.001170	-0.281794	
536	1.001214	-0.000044	0.152790	0.000044	1.001214	-0.282893	
537	1.001210	-0.000134	0.157502	0.000134	1.001210	-0.141919	
538	1.001132	-0.000114	0.229992	0.000114	1.001132	-0.209543	
539	1.001164	-0.000227	0.146275	0.000227	1.001164	-0.281990	
540	1.001164	-0.000117	0.027205	0.000117	1.001164	-0.362403	
541	1.001329	-0.000137	-0.076307	0.000137	1.001329	-0.500962	
542	1.001356	-0.000049	-0.107404	0.000049	1.001356	-0.453380	
543	1.001424	-0.000052	-0.143243	0.000052	1.001424	-0.396581	
544	1.001455	-0.000002	-0.057679	0.000002	1.001455	-0.387630	
545	1.001586	0.000094	-0.036987	-0.000094	1.001586	-0.350004	
546	1.001845	0.000210	-0.030449	-0.000210	1.001845	-0.372285	
547	1.002088	0.000251	0.066973	-0.000251	1.002088	-0.342898	
548	1.002295	0.000115	0.390728	-0.000115	1.002295	-0.374827	
549	1.002428	0.000131	1.036707	-0.000131	1.002428	-0.435204	
550	1.002911	0.000214	1.979258	-0.000214	1.002911	-0.472912	
551	1.003573	0.000163	2.686519	-0.000163	1.003573	-0.510654	
552	1.004135	-0.000041	3.297805	0.000041	1.004135	-0.630621	
553	1.002204	-0.000255	6.791271	0.000255	1.002204	-0.545672	
554	1.001846	-0.000457	8.611919	0.000457	1.001846	-0.288429	
555	1.001643	-0.000278	9.590014	0.000278	1.001643	-0.250371	
556	1.001415	-0.000441	10.101065	0.000441	1.001415	-0.256867	
557	1.001589	-0.000120	9.996560	0.000120	1.001589	0.011096	
558	1.001385	-0.000032	10.071943	0.000032	1.001385	0.133840	
559	1.001444	-0.000044	9.981654	0.000044	1.001444	0.150539	
560	1.001392	0.000034	9.976032	-0.000034	1.001392	0.410382	
561	1.001604	-0.000258	9.680375	0.000258	1.001604	0.176602	
562	1.001467	-0.000220	9.685843	0.000220	1.001467	0.245106	
563	1.001439	-0.000077	9.589562	0.000077	1.001439	0.426659	
564	1.001735	-0.000317	9.400460	0.000317	1.001735	0.326260	
565	1.001639	-0.000369	9.164904	0.000369	1.001639	0.360108	
566	1.001672	-0.000223	9.180680	0.000223	1.001672	0.534801	
567	1.001411	-0.000290	9.749098	0.000290	1.001411	0.542719	
568	1.003060	-0.000681	8.590812	0.000681	1.003060	0.062577	
569	1.001228	-0.000218	11.268095	0.000218	1.001228	0.323350	
570	1.001643	-0.000429	11.507128	0.000429	1.001643	0.136375	
571	1.001762	-0.000413	12.182385	0.000413	1.001762	0.180933	
572	1.001400	-0.000262	12.794340	0.000262	1.001400	0.444094	
573	1.001356	-0.000151	13.578302	0.000151	1.001356	0.634028	
574	1.001277	-0.000164	14.022744	0.000164	1.001277	0.728317	
575	1.001156	-0.000096	14.493741	0.000096	1.001156	0.772882	
576	1.001418	-0.000207	14.213689	0.000207	1.001418	0.672546	
577	1.000987	-0.000176	14.470273	0.000176	1.000987	0.744353	
578	1.000557	-0.000258	14.737863	0.000258	1.000557	0.831658	
579	1.000518	-0.000247	14.502434	0.000247	1.000518	0.885407	
580	1.000361	-0.000135	14.418502	0.000135	1.000361	1.027272	
581	1.000355	0.000025	14.422264	-0.000025	1.000355	1.088973	
582	1.000102	-0.000016	14.167501	0.000016	1.000102	1.032106	
583	0.999821	-0.000175	14.216577	0.000175	0.999821	1.015752	
584	0.999916	0.000045	13.787793	-0.000045	0.999916	1.142877	
585	0.999932	0.000058	13.612722	-0.000058	0.999932	1.301425	
586	0.999982	-0.000155	13.431260	0.000155	0.999982	1.158653	
587	1.000286	-0.000016	12.705512	0.000016	1.000286	1.154585	
588	1.000465	-0.000218	11.879669	0.000218	1.000465	0.736934	
589	1.000199	-0.000244	11.568852	0.000244	1.000199	0.723328	
590	1.000161	-0.000229	11.362295	0.000229	1.000161	0.790077	
591	1.000065	-0.000145	10.818922	0.000145	1.000065	0.571666	
592	0.999762	-0.000020	10.340569	0.000020	0.999762	0.541811	
593	0.999610	-0.000181	9.549530	0.000181	0.999610	0.384635	
594	0.999742	-0.000128	8.068211	0.000128	0.999742	0.151664	
595	1.001232	-0.000025	5.672267	0.000025	1.001232	0.123398	
596	1.000512	-0.000070	5.093680	0.000070	1.000512	0.051413	
597	1.000806	-0.000017	3.513279	0.000017	1.000806	-0.225593	
598	1.000393	-0.000029	2.553851	0.000029	1.000393	-0.129059	
599	1.000227	-0.000022	1.887103	0.000022	1.000227	-0.135772	
600	1.000076	-0.000012	1.351791	0.000012	1.000076	-0.124975	
601	0.999986	-0.000037	0.932182	0.000037	0.999986	-0.187865	
602	0.999847	-0.000038	0.512563	0.000038	0.999847	-0.126245	
603	0.999815	-0.000091	0.190364	0.000091	0.999815	-0.023855	
604	0.999661	-0.000097	-0.014951	0.000097	0.999661	0.014703	
605	0.999723	-0.000110	0.070618	0.000110	0.999723	-0.059873	
606	0.999702	-0.000051	0.048877	0.000051	0.999702	-0.023617	
607	0.999680	-0.000057	0.051205	0.000057	0.999680	-0.019575	
608	0.999671	-0.000043	-0.002093	0.000043	0.999671	-0.011300	
609	0.999704	-0.000072	0.025817	0.000072	0.999704	-0.020285	
610	0.999723	-0.000147	0.076127	0.000147	0.999723	0.024387	
611	0.999693	-0.000250	0.086302	0.000250	0.999693	0.009485	
612	0.999777	-0.000123	0.096596	0.000123	0.999777	-0.001551	
613	0.999778	-0.000099	0.048906	0.000099	0.999778	-0.031859	
614	0.999833	-0.000142	0.035877	0.000142	0.999833	-0.050778	
615	0.999724	-0.000061	0.075530	0.000061	0.999724	-0.009727	
616	0.999669	0.000013	0.046807	-0.000013	0.999669	0.170001	
617	0.999562	-0.000059	0.098100	0.000059	0.999562	0.050790	
618	0.999618	-0.000056	-0.063002	0.000056	0.999618	-0.136900	
619	0.999539	-0.000109	-0.183979	0.000109	0.999539	-0.065388	
620	0.999622	-0.000195	-0.346813	0.000195	0.999622	0.054516	
621	0.999534	-0.000265	-0.560527	0.000265	0.999534	0.002796	
622	0.999466	-0.000084	-0.846687	0.000084	0.999466	-0.157772	
623	0.999401	-0.000002	-0.986126	0.000002	0.999401	-0.147496	
624	0.999315	-0.000097	-1.146371	0.000097	0.999315	-0.044290	
625	0.999310	-0.000077	-1.280074	0.000077	0.999310	-0.023439	
626	0.999245	-0.000045	-1.521266	0.000045	0.999245	-0.049155	
627	0.999177	-0.000110	-1.747061	0.000110	0.999177	-0.072082	
628	0.999134	-0.000152	-1.834218	0.000152	0.999134	-0.128368	
629	0.999223	-0.000126	-1.966934	0.000126	0.999223	-0.123749	
630	0.999166	-0.000072	-2.010207	0.000072	0.999166	-0.092571	
631	0.999065	-0.000046	-2.157199	0.000046	0.999065	0.005460	
632	0.999032	-0.000026	-2.434839	0.000026	0.999032	0.005921	
633	0.998996	-0.000103	-2.868576	0.000103	0.998996	-0.058251	
634	0.999072	-0.000239	-3.496795	0.000239	0.999072	-0.111498	
635	0.998903	-0.000270	-3.602865	0.000270	0.998903	-0.093270	
636	0.998767	-0.000402	-3.569054	0.000402	0.998767	-0.160372	
637	0.998917	-0.000350	-3.647333	0.000350	0.998917	-0.080090	
638	0.998804	-0.000224	-3.390420	0.000224	0.998804	-0.050193	
639	0.999956	-0.000291	-4.779770	0.000291	0.999956	-0.316955	
640	0.998932	-0.000181	-4.163556	0.000181	0.998932	0.019410	
641	0.999161	-0.000190	-4.969640	0.000190	0.999161	-0.022500	
642	1.000102	0.000116	-6.702908	-0.000116	1.000102	0.222423	
643	1.000265	0.000207	-7.583541	-0.000207	1.000265	0.289521	
644	1.000174	0.000289	-8.200771	-0.000289	1.000174	0.488015	
645	1.000047	0.000252	-8.588967	-0.000252	1.000047	0.429439	
646	1.000166	0.000216	-8.854729	-0.000216	1.000166	0.240644	
647	0.999373	0.000580	-8.730881	-0.000580	0.999373	0.850436	
648	0.999858	0.000088	-9.564442	-0.000088	0.999858	0.204098	
649	0.999751	0.000247	-10.353150	-0.000247	0.999751	0.393353	
650	0.999892	0.000040	-10.747447	-0.000040	0.999892	0.237984	
651	0.999939	0.000153	-11.180138	-0.000153	0.999939	0.144206	
652	1.000246	0.000050	-11.775375	-0.000050	1.000246	0.009521	
653	0.999810	-0.000005	-11.820361	0.000005	0.999810	-0.008441	
654	0.999708	-0.000095	-12.168551	0.000095	0.999708	-0.128038	
655	0.999599	-0.000010	-12.334793	0.000010	0.999599	-0.012300	
656	0.999830	-0.000032	-12.683723	0.000032	0.999830	-0.253003	
657	0.999754	0.000130	-12.883714	-0.000130	0.999754	-0.074489	
658	0.999654	0.000196	-13.041137	-0.000196	0.999654	-0.149473	
659	0.999604	0.000310	-13.177976	-0.000310	0.999604	-0.040003	
660	0.999235	0.000347	-12.923766	-0.000347	0.999235	-0.022635	
661	0.999462	0.000301	-13.069823	-0.000301	0.999462	-0.246861	
662	0.999178	0.000404	-12.873449	-0.000404	0.999178	-0.305990	
663	0.999282	0.000326	-13.026631	-0.000326	0.999282	-0.459654	
664	0.999397	0.000419	-13.074409	-0.000419	0.999397	-0.382656	
665	0.999331	0.000457	-12.996115	-0.000457	0.999331	-0.467507	
666	0.999356	0.000540	-12.998640	-0.000540	0.999356	-0.482605	
667	0.999402	0.000308	-12.898428	-0.000308	0.999402	-0.513495	
668	0.999777	0.000264	-13.108200	-0.000264	0.999777	-0.495721	
669	0.999557	0.000219	-12.747127	-0.000219	0.999557	-0.452332	
670	0.999629	0.000215	-12.518553	-0.000215	0.999629	-0.536253	
671	0.999614	0.000123	-12.193809	-0.000123	0.999614	-0.590734	
672	0.999456	0.000248	-11.988373	-0.000248	0.999456	-0.453376	
673	0.999634	0.000397	-11.803693	-0.000397	0.999634	-0.354725	
674	0.999504	0.000472	-11.338086	-0.000472	0.999504	-0.118143	
675	0.999598	0.000474	-11.163108	-0.000474	0.999598	-0.107776	
676	0.999447	0.000286	-10.899914	-0.000286	0.999447	-0.092203	
677	0.999342	0.000159	-10.602727	-0.000159	0.999342	-0.201564	
678	0.999131	-0.000028	-10.371004	0.000028	0.999131	-0.279167	
679	0.999150	-0.000235	-10.279800	0.000235	0.999150	-0.428411	
680	0.999039	-0.000276	-9.912058	0.000276	0.999039	-0.404238	
681	0.998886	-0.000281	-9.562233	0.000281	0.998886	-0.235418	
682	0.998866	-0.000003	-9.272402	0.000003	0.998866	-0.111440	
683	0.998877	-0.000007	-9.134394	0.000007	0.998877	-0.037318	
684	0.998675	0.000127	-8.748061	-0.000127	0.998675	0.153821	
685	0.998681	0.000126	-8.537813	-0.000126	0.998681	0.181631	
686	0.998829	-0.000027	-8.453374	0.000027	0.998829	-0.046046	
687	0.999011	-0.000125	-8.559389	0.000125	0.999011	-0.120011	
688	0.998887	-0.000151	-8.156194	0.000151	0.998887	-0.033552	
689	0.999079	-0.000166	-8.026992	0.000166	0.999079	-0.033741	
690	0.999183	-0.000074	-7.846100	0.000074	0.999183	0.124207	
691	0.999182	0.000026	-7.503526	-0.000026	0.999182	0.197503	
692	0.999094	0.000179	-7.056648	-0.000179	0.999094	0.280598	
693	0.999119	0.000122	-6.735485	-0.000122	0.999119	0.138192	
694	0.994999	-0.000207	-2.552151	0.000207	0.994999	0.356882	
695	0.999127	0.000067	-6.293998	-0.000067	0.999127	0.093525	
696	0.999155	-0.000026	-6.099809	0.000026	0.999155	0.076673	
697	0.997288	-0.000259	-3.859749	0.000259	0.997288	0.085693	
698	0.997443	-0.000258	-3.698957	0.000258	0.997443	0.191665	
699	0.997527	-0.000308	-3.632515	0.000308	0.997527	0.122478	
700	0.997641	-0.000225	-3.450481	0.000225	0.997641	0.164545	
701	0.997713	-0.000221	-3.373702	0.000221	0.997713	0.164241	
702	0.997633	-0.000228	-3.371116	0.000228	0.997633	0.170249	
703	0.997547	-0.000175	-3.398712	0.000175	0.997547	0.188594	
704	0.997638	-0.000223	-3.510105	0.000223	0.997638	0.196595	
705	0.997748	-0.000225	-3.289078	0.000225	0.997748	0.061598	
706	0.997680	-0.000275	-3.109720	0.000275	0.997680	0.033462	
707	0.997951	-0.000161	-3.541139	0.000161	0.997951	0.068212	
708	0.997718	-0.000162	-3.677014	0.000162	0.997718	0.088203	
709	0.999202	0.000079	-5.530413	-0.000079	0.999202	0.135059	
710	0.999490	0.000026	-6.136474	-0.000026	0.999490	0.065613	
711	0.999623	0.000074	-6.678000	-0.000074	0.999623	0.110697	
712	0.999439	0.000036	-6.679644	-0.000036	0.999439	0.070867	
713	0.999525	-0.000004	-6.805929	0.000004	0.999525	0.061642	
714	0.999493	-0.000084	-6.898237	0.000084	0.999493	0.004464	
715	0.997039	-0.000293	-4.383314	0.000293	0.997039	0.017954	
716	0.999547	0.000027	-6.761154	-0.000027	0.999547	0.023404	
717	0.999136	0.000037	-6.151772	-0.000037	0.999136	0.081865	
718	0.999613	0.000055	-6.507851	-0.000055	0.999613	-0.052354	
719	0.999717	0.000017	-6.429994	-0.000017	0.999717	-0.101923	
720	0.999951	0.000056	-6.388527	-0.000056	0.999951	-0.136362	
721	0.998346	-0.000203	-4.652770	0.000203	0.998346	0.000715	
722	0.998790	-0.000088	-5.095190	0.000088	0.998790	-0.190287	
723	0.999635	0.000026	-5.875179	-0.000026	0.999635	-0.326199	
724	0.999596	0.000015	-6.008279	-0.000015	0.999596	-0.333686	
725	0.999379	-0.000085	-5.876370	0.000085	0.999379	-0.151235	
726	0.997937	-0.000048	-4.453763	0.000048	0.997937	-0.045760	
727	0.997954	0.000012	-4.446095	-0.000012	0.997954	-0.113888	
728	0.999497	0.000151	-5.921870	-0.000151	0.999497	-0.079858	
729	0.998212	-0.000046	-4.416586	0.000046	0.998212	0.023724	
730	1.000191	0.000111	-6.368179	-0.000111	1.000191	-0.157419	
731	0.998388	-0.000227	-4.272356	0.000227	0.998388	-0.193809	
732	0.996671	-0.000318	-2.863068	0.000318	0.996671	-0.102699	
733	1.000247	-0.000109	-6.673762	0.000109	1.000247	-0.371541	
734	1.000179	-0.000091	-6.527337	0.000091	1.000179	-0.469729	
735	1.000300	-0.000048	-6.293788	0.000048	1.000300	-0.437954	
736	1.000073	-0.000052	-5.803665	0.000052	1.000073	-0.442379	
737	0.998535	-0.000187	-4.020349	0.000187	0.998535	-0.286618	
738	0.998494	-0.000238	-3.749595	0.000238	0.998494	-0.278971	
739	0.998610	0.000047	-3.609288	-0.000047	0.998610	-0.107049	
740	0.998759	-0.000123	-3.553493	0.000123	0.998759	-0.433252	
741	0.998888	-0.000159	-3.454475	0.000159	0.998888	-0.402958	
742	0.998988	-0.000280	-3.323011	0.000280	0.998988	-0.316428	
743	0.999011	-0.000296	-3.130958	0.000296	0.999011	-0.311364	
744	0.999036	-0.000302	-2.987512	0.000302	0.999036	-0.540541	
745	0.999252	-0.000119	-2.937974	0.000119	0.999252	-0.459817	
746	0.999079	-0.000163	-2.726212	0.000163	0.999079	-0.367815	
747	0.999283	-0.000036	-2.966967	0.000036	0.999283	-0.237263	
748	0.999072	0.000062	-2.823091	-0.000062	0.999072	-0.218206	
749	0.999280	0.000053	-2.790467	-0.000053	0.999280	-0.253948	
750	0.999307	0.000040	-2.617430	-0.000040	0.999307	-0.188269	
751	0.999404	0.000112	-2.593049	-0.000112	0.999404	-0.161839	
752	0.999353	0.000194	-2.571257	-0.000194	0.999353	-0.250343	
753	0.999324	0.000007	-2.716688	-0.000007	0.999324	-0.448276	
754	0.999144	-0.000044	-2.843472	0.000044	0.999144	-0.395421	
755	0.998942	0.000064	-2.695107	-0.000064	0.998942	-0.240491	
756	0.999043	0.000039	-2.883140	-0.000039	0.999043	-0.215287	
757	0.999126	-0.000029	-3.115722	0.000029	0.999126	-0.234988	
758	0.999226	-0.000009	-3.109923	0.000009	0.999226	-0.251082	
759	0.999278	-0.000050	-2.898260	0.000050	0.999278	-0.234223	
760	0.999289	-0.000122	-2.990318	0.000122	0.999289	-0.302919	
761	0.998678	-0.000200	-2.603231	0.000200	0.998678	-0.306754	
762	0.999132	-0.000190	-2.984313	0.000190	0.999132	-0.285708	
763	0.999074	-0.000225	-3.073007	0.000225	0.999074	-0.299148	
764	0.998787	-0.000045	-2.919043	0.000045	0.998787	-0.280983	
765	0.999042	-0.000128	-2.969288	0.000128	0.999042	-0.184982	
766	0.998696	0.000003	-2.814434	-0.000003	0.998696	-0.071156	
767	0.998918	0.000240	-3.027108	-0.000240	0.998918	-0.045951	
768	0.998357	0.000312	-2.585650	-0.000312	0.998357	-0.003108	
769	0.998424	0.000063	-2.757749	-0.000063	0.998424	0.111814	
770	0.998667	0.000079	-3.045706	-0.000079	0.998667	0.067935	
771	0.998634	0.000046	-2.906823	-0.000046	0.998634	0.000207	
772	0.998463	-0.000092	-2.746934	0.000092	0.998463	-0.230467	
773	0.997968	-0.000146	-2.364667	0.000146	0.997968	-0.375106	
774	0.997968	-0.000049	-2.415800	0.000049	0.997968	-0.068738	
775	0.998056	-0.000271	-2.492033	0.000271	0.998056	-0.049934	
776	0.998077	-0.000351	-2.520513	0.000351	0.998077	-0.260151	
777	0.997670	0.000196	-2.347411	-0.000196	0.997670	-0.345134	
778	0.997554	0.000014	-2.054617	-0.000014	0.997554	-0.089511	
779	0.998052	-0.000167	-2.208286	0.000167	0.998052	0.243104	
780	0.998271	0.000016	-2.220893	-0.000016	0.998271	0.184733	
781	0.998365	0.000192	-2.190548	-0.000192	0.998365	-0.087533	
782	0.998525	-0.000107	-2.326449	0.000107	0.998525	-0.223262	
783	0.998276	-0.000218	-2.533917	0.000218	0.998276	0.010853	
784	0.998198	-0.000275	-2.565061	0.000275	0.998198	-0.079304	
785	0.997925	-0.000178	-2.355727	0.000178	0.997925	-0.010783	
786	0.997726	-0.000050	-2.264805	0.000050	0.997726	0.044805	
787	0.997762	0.000008	-2.315464	-0.000008	0.997762	0.181427	
788	0.997895	0.000098	-2.345243	-0.000098	0.997895	0.265507	
789	0.998095	0.000082	-2.287915	-0.000082	0.998095	0.266551	
790	0.998218	0.000026	-2.126533	-0.000026	0.998218	0.205298	
791	0.998373	-0.000127	-2.080313	0.000127	0.998373	0.086679	
792	0.998365	-0.000088	-1.874417	0.000088	0.998365	0.019956	
793	0.998318	-0.000054	-1.477328	0.000054	0.998318	0.049991	
794	0.998681	-0.000005	-1.193516	0.000005	0.998681	0.075916	
795	0.998834	-0.000025	-0.924643	0.000025	0.998834	0.049467	
796	0.999292	-0.000295	-1.029934	0.000295	0.999292	-0.259077	
797	0.999039	-0.000005	-0.726840	0.000005	0.999039	0.036093	
798	0.999156	-0.000011	-0.873430	0.000011	0.999156	0.039118	
799	0.999095	0.000010	-0.999655	-0.000010	0.999095	0.097334	
800	0.999074	0.000046	-1.151491	-0.000046	0.999074	0.089926	
801	0.999174	0.000123	-1.101147	-0.000123	0.999174	0.056579	
802	0.999169	-0.000053	-0.774973	0.000053	0.999169	0.128262	
803	0.999176	0.000036	-0.784970	-0.000036	0.999176	0.080472	
804	0.999258	0.000111	-0.814220	-0.000111	0.999258	0.068532	
805	0.999323	0.000008	-0.665860	-0.000008	0.999323	0.166297	
806	0.999348	-0.000063	-0.620088	0.000063	0.999348	0.066561	
807	0.999297	0.000040	-0.771520	-0.000040	0.999297	0.051758	
808	0.999388	0.000139	-0.934611	-0.000139	0.999388	0.043718	
809	0.999333	-0.000020	-0.956823	0.000020	0.999333	0.144528	
810	0.999247	-0.000050	-1.116838	0.000050	0.999247	0.200898	
811	0.999111	0.000060	-1.230734	-0.000060	0.999111	0.116173	
812	0.999074	0.000062	-1.285875	-0.000062	0.999074	0.084409	
813	0.999096	-0.000016	-1.438505	0.000016	0.999096	0.045421	
814	0.999058	-0.000058	-1.645344	0.000058	0.999058	0.033084	
815	0.998898	-0.000043	-1.817133	0.000043	0.998898	0.065638	
816	0.998967	-0.000018	-1.929697	0.000018	0.998967	0.058344	
817	0.998934	-0.000066	-1.911222	0.000066	0.998934	0.057811	
818	0.998947	0.000029	-1.967527	-0.000029	0.998947	0.164104	
819	0.999049	0.000018	-1.816897	-0.000018	0.999049	0.181253	
820	0.999034	-0.000065	-1.720273	0.000065	0.999034	0.246425	
821	0.998995	-0.000098	-1.714979	0.000098	0.998995	0.190957	
822	0.998985	-0.000001	-1.666557	0.000001	0.998985	0.049266	
823	0.999134	-0.000000	-1.627632	0.000000	0.999134	-0.001411	
824	0.999065	-0.000041	-1.462273	0.000041	0.999065	0.086557	
825	0.999143	-0.000071	-1.423918	0.000071	0.999143	0.134951	
826	0.999149	0.000042	-1.382353	-0.000042	0.999149	0.130988	
827	0.999165	0.000015	-1.526387	-0.000015	0.999165	0.122636	
828	0.999263	0.000093	-1.747098	-0.000093	0.999263	0.114784	
829	0.999266	0.000100	-1.778944	-0.000100	0.999266	0.125383	
830	0.999336	-0.000018	-1.843587	0.000018	0.999336	0.068223	
831	0.999284	-0.000087	-1.928151	0.000087	0.999284	0.013483	
832	0.999266	-0.000088	-1.925924	0.000088	0.999266	-0.020730	
833	0.999259	-0.000056	-1.910399	0.000056	0.999259	-0.028058	
834	0.999239	-0.000068	-1.901810	0.000068	0.999239	-0.075383	
835	0.999283	-0.000135	-1.753433	0.000135	0.999283	-0.099713	
836	0.999329	-0.000172	-1.679820	0.000172	0.999329	-0.061481	
837	0.999366	-0.000117	-1.698253	0.000117	0.999366	-0.066368	
838	0.999364	-0.000095	-1.640975	0.000095	0.999364	0.055127	
839	0.999443	-0.000066	-1.642113	0.000066	0.999443	0.270694	
840	0.999341	0.000094	-1.725626	-0.000094	0.999341	0.123026	
841	0.999316	0.000001	-1.803618	-0.000001	0.999316	0.009908	
842	0.999221	0.000013	-1.913061	-0.000013	0.999221	0.173067	
843	0.999265	-0.000046	-2.053170	0.000046	0.999265	0.152744	
844	0.999120	-0.000059	-1.935765	0.000059	0.999120	0.030886	
845	0.999227	0.000075	-1.907452	-0.000075	0.999227	0.039841	
846	0.999298	0.000020	-1.972175	-0.000020	0.999298	0.019938	
847	0.999236	-0.000021	-1.915113	0.000021	0.999236	0.073835	
848	0.999257	0.000070	-1.896093	-0.000070	0.999257	0.150164	
849	0.999258	0.000114	-1.832439	-0.000114	0.999258	0.125883	
850	0.999232	0.000105	-1.849337	-0.000105	0.999232	0.103763	
851	0.999313	0.000177	-2.016569	-0.000177	0.999313	0.063580	
852	0.999226	0.000069	-1.932547	-0.000069	0.999226	0.159775	
853	0.999203	0.000023	-1.912464	-0.000023	0.999203	0.115830	
854	0.999191	0.000085	-1.934477	-0.000085	0.999191	0.039379	
855	0.999163	0.000105	-1.820219	-0.000105	0.999163	0.070986	
856	0.999221	0.000135	-1.813328	-0.000135	0.999221	0.066541	
857	0.999238	0.000170	-1.819527	-0.000170	0.999238	0.086495	
858	0.999287	0.000141	-1.807973	-0.000141	0.999287	0.243818	
859	0.999225	0.000153	-1.748266	-0.000153	0.999225	0.254010	
860	0.999281	0.000156	-1.763254	-0.000156	0.999281	0.033624	
861	0.999227	0.000082	-1.840486	-0.000082	0.999227	0.015378	
862	0.999194	0.000056	-1.898548	-0.000056	0.999194	0.094170	
863	0.999225	0.000047	-1.946242	-0.000047	0.999225	0.091084	
864	0.999176	0.000047	-1.883959	-0.000047	0.999176	0.038039	
865	0.999118	0.000079	-1.957090	-0.000079	0.999118	0.087685	
866	0.999105	0.000108	-2.060223	-0.000108	0.999105	0.188645	
867	0.999011	0.000113	-2.211060	-0.000113	0.999011	0.202305	
868	0.998928	0.000116	-2.130988	-0.000116	0.998928	0.141527	
869	0.998870	0.000101	-2.117778	-0.000101	0.998870	0.115223	
870	0.998878	0.000097	-2.154199	-0.000097	0.998878	0.117497	
871	0.998847	-0.000022	-2.224376	0.000022	0.998847	0.157096	
872	0.998766	-0.000038	-2.224783	0.000038	0.998766	0.141716	
873	0.998722	-0.000001	-2.150964	0.000001	0.998722	-0.024161	
874	0.998605	-0.000005	-2.156812	0.000005	0.998605	0.042535	
875	0.998516	-0.000026	-2.169139	0.000026	0.998516	0.215374	
876	0.998614	0.000027	-2.266842	-0.000027	0.998614	0.171679	
877	0.998514	-0.000012	-2.335615	0.000012	0.998514	0.151918	
878	0.998691	0.000091	-2.464253	-0.000091	0.998691	0.180401	
879	0.998751	0.000068	-2.521184	-0.000068	0.998751	0.163270	
880	0.998492	0.000048	-2.477840	-0.000048	0.998492	0.164189	
881	0.998396	0.000030	-2.425051	-0.000030	0.998396	0.138152	
882	0.998487	0.000025	-2.330101	-0.000025	0.998487	0.159221	
883	0.998574	0.000031	-2.174166	-0.000031	0.998574	0.152159	
884	0.998740	0.000057	-2.045953	-0.000057	0.998740	0.218960	
885	0.998814	0.000087	-2.056504	-0.000087	0.998814	0.208481	
886	0.998799	0.000127	-1.926837	-0.000127	0.998799	0.200763	
887	0.998841	0.000054	-1.797559	-0.000054	0.998841	0.259758	
888	0.998930	0.000076	-1.860066	-0.000076	0.998930	0.351198	
889	0.999023	-0.000072	-1.851358	0.000072	0.999023	0.150954	
890	0.999017	0.000157	-1.830532	-0.000157	0.999017	0.221648	
891	0.998976	0.000077	-1.780809	-0.000077	0.998976	0.195346	
892	0.998982	-0.000033	-1.756436	0.000033	0.998982	0.268883	
893	0.999131	-0.000074	-1.757740	0.000074	0.999131	0.246996	
894	0.999094	0.000060	-1.607352	-0.000060	0.999094	0.329088	
895	0.999021	0.000101	-1.755530	-0.000101	0.999021	0.313770	
896	0.998945	0.000150	-1.822408	-0.000150	0.998945	0.267029	
897	0.998735	0.000174	-1.592936	-0.000174	0.998735	0.349181	
898	0.998695	0.000034	-1.495193	-0.000034	0.998695	0.436982	
899	0.998708	0.000052	-1.558982	-0.000052	0.998708	0.466632	
900	0.998783	0.000078	-1.629308	-0.000078	0.998783	0.432776	
901	0.998776	-0.000035	-1.672132	0.000035	0.998776	0.317516	
902	0.998717	0.000048	-1.716332	-0.000048	0.998717	0.312230	
903	0.998654	0.000073	-1.745224	-0.000073	0.998654	0.293436	
904	0.998762	0.000211	-1.637961	-0.000211	0.998762	0.373741	
905	0.999008	0.000209	-1.231076	-0.000209	0.999008	0.363655	
906	0.999027	0.000108	-1.122559	-0.000108	0.999027	0.386585	
907	0.999035	0.000228	-1.076536	-0.000228	0.999035	0.316897	
908	0.998901	0.000392	-0.980419	-0.000392	0.998901	0.052834	
909	0.998666	0.000285	-1.465820	-0.000285	0.998666	-0.036740	
910	0.998730	0.000153	-1.557935	-0.000153	0.998730	0.140386	
911	0.998919	0.000184	-1.309115	-0.000184	0.998919	0.240361	
912	0.999117	0.000273	-1.349029	-0.000273	0.999117	0.165994	
913	0.999172	0.000195	-1.412876	-0.000195	0.999172	0.112206	
914	0.999306	0.000174	-1.010059	-0.000174	0.999306	0.220184	
915	0.999467	0.000150	-0.947636	-0.000150	0.999467	0.185330	
916	0.999339	0.000083	-0.944930	-0.000083	0.999339	0.115680	
917	0.999439	0.000117	-0.821787	-0.000117	0.999439	0.110800	
918	0.999524	0.000245	-0.690582	-0.000245	0.999524	0.090050	
919	0.999639	0.000167	-0.527469	-0.000167	0.999639	0.142668	
920	0.999630	0.000147	-0.371953	-0.000147	0.999630	0.247433	
921	0.999628	0.000371	-0.298455	-0.000371	0.999628	0.177053	
922	0.999637	0.000348	-0.139707	-0.000348	0.999637	0.078334	
923	0.999710	0.000224	0.013145	-0.000224	0.999710	0.251449	
924	0.999735	0.000099	0.022581	-0.000099	0.999735	0.265594	
925	0.999750	0.000246	-0.016223	-0.000246	0.999750	0.143834	
926	0.999853	0.000224	-0.065718	-0.000224	0.999853	-0.014474	
927	0.999810	0.000128	-0.008625	-0.000128	0.999810	0.101387	
928	0.999917	0.000139	0.073128	-0.000139	0.999917	0.140673	
929	0.999876	0.000177	0.019566	-0.000177	0.999876	0.132271	
930	0.999867	0.000219	-0.069128	-0.000219	0.999867	0.078223	
931	0.999862	0.000292	-0.157818	-0.000292	0.999862	0.099963	
932	0.999731	0.000212	-0.259132	-0.000212	0.999731	0.163020	
933	0.999725	0.000199	-0.410780	-0.000199	0.999725	0.144825	
934	0.999644	0.000209	-0.411705	-0.000209	0.999644	0.046356	
935	0.999615	0.000239	-0.429582	-0.000239	0.999615	0.037751	
936	0.999558	0.000111	-0.348336	-0.000111	0.999558	0.031127	
937	0.999623	0.000121	-0.371354	-0.000121	0.999623	0.147287	
938	0.999674	0.000173	-0.429035	-0.000173	0.999674	0.147044	
939	0.999693	0.000252	-0.420830	-0.000252	0.999693	0.070965	
940	0.999772	0.000207	-0.452986	-0.000207	0.999772	0.144427	
941	0.999748	0.000292	-0.464061	-0.000292	0.999748	0.209218	
942	0.999793	0.000178	-0.356414	-0.000178	0.999793	0.126733	
943	0.999751	0.000227	-0.289629	-0.000227	0.999751	0.155269	
944	0.999752	0.000219	-0.268085	-0.000219	0.999752	0.027865	
945	0.999709	0.000242	-0.369964	-0.000242	0.999709	0.094076	
946	0.999673	0.000146	-0.483991	-0.000146	0.999673	0.149809	
947	0.999689	0.000259	-0.484262	-0.000259	0.999689	0.127796	
948	0.999649	0.000296	-0.551584	-0.000296	0.999649	0.011856	
949	0.999666	0.000228	-0.598040	-0.000228	0.999666	0.117260	
950	0.999616	0.000069	-0.572391	-0.000069	0.999616	0.189152	
951	0.999622	0.000167	-0.652154	-0.000167	0.999622	0.159964	
952	0.999498	0.000167	-0.601614	-0.000167	0.999498	-0.034794	
953	0.999633	0.000164	-0.556824	-0.000164	0.999633	0.038304	
954	0.999619	0.000225	-0.502284	-0.000225	0.999619	0.068599	
955	0.999671	0.000092	-0.373047	-0.000092	0.999671	0.148900	
956	0.999799	0.000173	-0.308632	-0.000173	0.999799	0.101291	
957	0.999815	0.000215	-0.197868	-0.000215	0.999815	0.059153	
958	0.999819	0.000153	-0.118272	-0.000153	0.999819	0.070329	
959	0.999886	0.000223	-0.140256	-0.000223	0.999886	0.120886	
960	0.999865	0.000174	-0.161493	-0.000174	0.999865	0.145582	
961	0.999803	0.000223	-0.108795	-0.000223	0.999803	0.149720	
962	0.999913	0.000232	0.178471	-0.000232	0.999913	0.077545	
963	0.999936	0.000198	0.172567	-0.000198	0.999936	0.082022	
964	0.999935	0.000240	0.212177	-0.000240	0.999935	0.056384	
965	0.999961	0.000258	0.190606	-0.000258	0.999961	0.075033	
966	1.000055	0.000265	0.191672	-0.000265	1.000055	-0.083059	
967	1.000035	0.000317	0.155013	-0.000317	1.000035	-0.159594	
968	1.000047	0.000281	0.165781	-0.000281	1.000047	-0.111444	
969	1.000027	0.000216	0.151878	-0.000216	1.000027	0.089886	
970	0.999991	0.000248	0.149585	-0.000248	0.999991	0.144117	
971	0.999964	0.000319	0.241143	-0.000319	0.999964	-0.038292	
972	1.000012	0.000350	0.236427	-0.000350	1.000012	-0.139935	
973	1.000025	0.000265	0.145453	-0.000265	1.000025	-0.074371	
974	1.000019	0.000273	0.160778	-0.000273	1.000019	0.059517	
975	1.000021	0.000252	0.155844	-0.000252	1.000021	0.029005	
976	1.000051	0.000243	0.135886	-0.000243	1.000051	-0.092555	
977	1.000057	0.000288	0.131918	-0.000288	1.000057	-0.128315	
978	1.000036	0.000218	0.130445	-0.000218	1.000036	0.008858	
979	1.000073	0.000240	0.154031	-0.000240	1.000073	0.009325	
980	1.000023	0.000213	0.186728	-0.000213	1.000023	0.009645	
981	1.000195	0.000243	0.318836	-0.000243	1.000195	0.027401	
982	1.000211	0.000199	0.469928	-0.000199	1.000211	0.193849	
983	1.000194	0.000175	0.514301	-0.000175	1.000194	0.135605	
984	1.000185	0.000204	0.489575	-0.000204	1.000185	0.085325	
985	1.000169	0.000232	0.478419	-0.000232	1.000169	0.093577	
986	1.000196	0.000266	0.616044	-0.000266	1.000196	0.046868	
987	1.000289	0.000186	0.841489	-0.000186	1.000289	0.133676	
988	1.000355	0.000197	0.809163	-0.000197	1.000355	0.077098	
989	1.000343	0.000204	0.962528	-0.000204	1.000343	0.088991	
990	1.000402	0.000154	0.988279	-0.000154	1.000402	0.082203	
991	1.000296	0.000097	0.654324	-0.000097	1.000296	0.042335	
992	1.000152	0.000089	0.448030	-0.000089	1.000152	0.233402	
993	1.000117	0.000115	0.476550	-0.000115	1.000117	0.088253	
994	1.000107	0.000217	0.505715	-0.000217	1.000107	-0.053625	
995	1.000118	0.000136	0.373523	-0.000136	1.000118	0.084663	
996	1.000103	0.000102	0.291116	-0.000102	1.000103	0.288625	
997	1.000029	0.000111	0.331866	-0.000111	1.000029	0.167743	
998	1.000101	0.000269	0.382207	-0.000269	1.000101	0.064923	
999	1.000140	0.000140	0.511294	-0.000140	1.000140	0.115156	
1000	1.000144	0.000153	0.526265	-0.000153	1.000144	0.181346	
1001	1.000196	0.000104	0.471849	-0.000104	1.000196	0.086469	
1002	1.000185	0.000163	0.502922	-0.000163	1.000185	0.046967	
1003	1.000207	0.000195	0.485249	-0.000195	1.000207	0.054788	
1004	1.000217	0.000156	0.437362	-0.000156	1.000217	-0.034156	
1005	1.000303	0.000120	0.419582	-0.000120	1.000303	0.169615	
1006	1.000309	0.000101	0.545991	-0.000101	1.000309	0.248604	
1007	1.000332	0.000231	0.647186	-0.000231	1.000332	0.015317	
1008	1.000389	0.000265	0.664316	-0.000265	1.000389	-0.080657	
1009	1.000356	0.000251	0.677562	-0.000251	1.000356	0.036742	
1010	1.000342	0.000081	0.652896	-0.000081	1.000342	0.239232	
1011	1.000277	0.000058	0.802099	-0.000058	1.000277	0.231813	
1012	1.000318	0.000309	0.666388	-0.000309	1.000318	-0.031010	
1013	1.000254	0.000212	0.688601	-0.000212	1.000254	-0.048047	
1014	1.000247	-0.000004	0.602516	0.000004	1.000247	0.122350	
1015	1.000113	-0.000098	0.504377	0.000098	1.000113	0.312136	
1016	1.000145	0.000197	0.344637	-0.000197	1.000145	0.088279	
1017	1.000114	0.000210	0.363840	-0.000210	1.000114	-0.110851	
1018	1.000201	0.000020	0.376255	-0.000020	1.000201	0.094133	
1019	1.000101	0.000062	0.494411	-0.000062	1.000101	0.270979	
1020	1.000176	0.000127	0.471916	-0.000127	1.000176	0.182910	
1021	1.000182	0.000127	0.597024	-0.000127	1.000182	-0.018874	
1022	1.000209	0.000146	0.541975	-0.000146	1.000209	0.030031	
1023	1.000201	0.000208	0.555835	-0.000208	1.000201	0.084053	
1024	1.000250	0.000105	0.539436	-0.000105	1.000250	0.076833	
1025	1.000241	0.000143	0.532659	-0.000143	1.000241	0.075999	
1026	1.000180	0.000187	0.502722	-0.000187	1.000180	0.021680	
1027	1.000189	0.000079	0.528935	-0.000079	1.000189	-0.017087	
1028	1.000250	0.000054	0.519741	-0.000054	1.000250	-0.009774	
1029	1.000228	0.000072	0.441017	-0.000072	1.000228	0.019236	
1030	1.000228	0.000107	0.429363	-0.000107	1.000228	0.020715	
1031	1.000255	0.000115	0.439433	-0.000115	1.000255	-0.018450	
1032	1.000275	0.000112	0.411610	-0.000112	1.000275	0.039039	
1033	1.000277	0.000066	0.409029	-0.000066	1.000277	0.133205	
1034	1.000299	0.000061	0.418997	-0.000061	1.000299	0.097579	
1035	1.000284	0.000051	0.392893	-0.000051	1.000284	-0.031317	
1036	1.000256	0.000227	0.382029	-0.000227	1.000256	-0.082203	
1037	1.000247	0.000135	0.396708	-0.000135	1.000247	-0.055817	
1038	1.000246	0.000006	0.380097	-0.000006	1.000246	0.084484	
1039	1.000229	-0.000006	0.372547	0.000006	1.000229	0.116393	
1040	1.000174	0.000060	0.398843	-0.000060	1.000174	0.028438	
1041	1.000210	0.000071	0.328887	-0.000071	1.000210	-0.140715	
1042	1.000160	0.000016	0.350788	-0.000016	1.000160	-0.009504	
1043	1.000152	0.000028	0.375279	-0.000028	1.000152	0.224068	
1044	1.000100	0.000008	0.345033	-0.000008	1.000100	0.188383	
1045	1.000142	0.000046	0.316955	-0.000046	1.000142	0.007496	
1046	1.000163	0.000142	0.273532	-0.000142	1.000163	-0.020895	
1047	1.000158	0.000072	0.257172	-0.000072	1.000158	0.049388	
1048	1.000087	-0.000006	0.283756	0.000006	1.000087	0.311423	
1049	1.000164	-0.000026	0.348390	0.000026	1.000164	0.208948	
1050	1.000200	0.000141	0.329263	-0.000141	1.000200	0.052995	
1051	1.000099	0.000172	0.390501	-0.000172	1.000099	0.013744	
1052	1.000072	-0.000041	0.390513	0.000041	1.000072	0.131239	
1053	1.000088	0.000036	0.317616	-0.000036	1.000088	0.277076	
1054	1.000015	0.000095	0.256735	-0.000095	1.000015	0.069640	
1055	1.000023	0.000087	0.230455	-0.000087	1.000023	0.048018	
1056	0.999923	0.000001	0.124209	-0.000001	0.999923	0.146973	
1057	0.999904	-0.000014	0.139089	0.000014	0.999904	0.114445	
1058	0.999894	-0.000028	0.100413	0.000028	0.999894	0.208047	
1059	0.999900	0.000046	0.151510	-0.000046	0.999900	0.052149	
1060	0.999935	0.000038	0.117925	-0.000038	0.999935	0.091800	
1061	0.999910	0.000028	0.113561	-0.000028	0.999910	0.143452	
1062	0.999865	0.000060	0.060919	-0.000060	0.999865	0.136734	
1063	0.999844	0.000090	0.102587	-0.000090	0.999844	0.168477	
1064	0.999828	0.000165	0.084405	-0.000165	0.999828	0.069840	
1065	0.999809	0.000143	0.110053	-0.000143	0.999809	0.029253	
1066	0.999870	0.000092	0.061939	-0.000092	0.999870	0.142916	
1067	0.999799	0.000083	0.099630	-0.000083	0.999799	0.161848	
1068	0.999846	0.000059	0.101649	-0.000059	0.999846	0.143826	
1069	0.999781	0.000115	0.096146	-0.000115	0.999781	0.117124	
1070	0.999754	0.000130	0.075143	-0.000130	0.999754	0.122886	
1071	0.999823	0.000076	0.008502	-0.000076	0.999823	0.092834	
1072	0.999759	-0.000048	0.034454	0.000048	0.999759	0.212246	
1073	0.999770	0.000015	-0.165220	-0.000015	0.999770	0.313302	
1074	0.999723	0.000110	-0.265570	-0.000110	0.999723	0.096823	
1075	0.999666	0.000116	-0.310734	-0.000116	0.999666	0.091952	
1076	0.999639	0.000185	-0.281014	-0.000185	0.999639	0.179010	
1077	0.999584	0.000057	-0.286846	-0.000057	0.999584	0.335007	
1078	0.999561	-0.000006	-0.314718	0.000006	0.999561	0.233979	
1079	0.999640	0.000146	-0.283206	-0.000146	0.999640	0.197994	
1080	0.999655	0.000100	-0.316299	-0.000100	0.999655	0.080949	
1081	0.999598	0.000082	-0.335591	-0.000082	0.999598	0.069063	
1082	0.999638	-0.000029	-0.245160	0.000029	0.999638	0.253924	
1083	0.999680	0.000006	-0.284957	-0.000006	0.999680	0.325141	
1084	0.999709	0.000105	-0.286656	-0.000105	0.999709	0.078495	
1085	0.999782	0.000093	-0.193562	-0.000093	0.999782	0.075981	
1086	0.999717	0.000115	-0.164189	-0.000115	0.999717	0.226746	
1087	0.999776	0.000081	-0.084207	-0.000081	0.999776	0.236205	
1088	0.999696	0.000058	-0.149703	-0.000058	0.999696	0.265089	
1089	0.999685	0.000212	-0.025831	-0.000212	0.999685	0.204481	
1090	0.999765	0.000173	-0.050340	-0.000173	0.999765	0.116904	
1091	0.999708	0.000170	-0.003191	-0.000170	0.999708	0.128232	
1092	0.999783	0.000132	0.114441	-0.000132	0.999783	0.335612	
1093	0.999686	0.000191	0.158925	-0.000191	0.999686	0.356926	
1094	0.999772	0.000215	-0.003408	-0.000215	0.999772	0.121828	
1095	0.999811	0.000235	0.008597	-0.000235	0.999811	0.177409	
1096	0.999779	0.000128	-0.033725	-0.000128	0.999779	0.234849	
1097	0.999772	0.000147	-0.133979	-0.000147	0.999772	0.147322	
1098	0.999731	0.000209	-0.164095	-0.000209	0.999731	0.143081	
1099	0.999707	0.000215	-0.127747	-0.000215	0.999707	0.173073	
1100	0.999648	0.000137	-0.111708	-0.000137	0.999648	0.224014	
1101	0.999688	0.000165	-0.149706	-0.000165	0.999688	0.282823	
1102	0.999551	0.000370	-0.146353	-0.000370	0.999551	0.307474	
1103	0.999563	0.000403	-0.155951	-0.000403	0.999563	0.216585	
1104	0.999616	0.000268	-0.159001	-0.000268	0.999616	0.243379	
1105	0.999593	0.000241	-0.091682	-0.000241	0.999593	0.404429	
1106	0.999629	0.000172	-0.106193	-0.000172	0.999629	0.502679	
1107	0.999657	0.000215	-0.132342	-0.000215	0.999657	0.231987	
1108	0.999650	0.000313	-0.128174	-0.000313	0.999650	0.118265	
1109	0.999656	0.000271	-0.140918	-0.000271	0.999656	0.227071	
1110	0.999608	0.000147	-0.101494	-0.000147	0.999608	0.385461	
1111	0.999673	0.000080	-0.150902	-0.000080	0.999673	0.331763	
1112	0.999600	0.000221	-0.110331	-0.000221	0.999600	0.167336	
1113	0.999563	0.000309	-0.098886	-0.000309	0.999563	0.086575	
1114	0.999642	0.000156	-0.125725	-0.000156	0.999642	0.310373	
1115	0.999591	0.000226	-0.099511	-0.000226	0.999591	0.396622	
1116	0.999609	0.000191	-0.110633	-0.000191	0.999609	0.290647	
1117	0.999575	0.000243	-0.091092	-0.000243	0.999575	0.364283	
1118	0.999583	0.000265	-0.091312	-0.000265	0.999583	0.165572	
1119	0.999671	0.000256	-0.132022	-0.000256	0.999671	0.200447	
1120	0.999596	0.000249	-0.076701	-0.000249	0.999596	0.398694	
1121	0.999669	0.000211	-0.102880	-0.000211	0.999669	0.371867	
1122	0.999713	0.000116	-0.125518	-0.000116	0.999713	0.268471	
1123	0.999596	0.000240	-0.057334	-0.000240	0.999596	0.217385	
1124	0.999576	0.000246	-0.098027	-0.000246	0.999576	0.250158	
1125	0.999591	0.000179	-0.198642	-0.000179	0.999591	0.329912	
1126	0.999622	0.000142	-0.237967	-0.000142	0.999622	0.324624	
1127	0.999578	0.000266	-0.258554	-0.000266	0.999578	0.299551	
1128	0.999620	0.000223	-0.382756	-0.000223	0.999620	0.190061	
1129	0.999609	0.000300	-0.282312	-0.000300	0.999609	0.329054	
1130	0.999608	0.000276	-0.220642	-0.000276	0.999608	0.420794	
1131	0.999633	0.000209	-0.203274	-0.000209	0.999633	0.324802	
1132	0.999653	0.000193	-0.210242	-0.000193	0.999653	0.370782	
1133	0.999675	0.000131	-0.193286	-0.000131	0.999675	0.325339	
1134	0.999631	0.000194	-0.155740	-0.000194	0.999631	0.286511	
1135	0.999672	0.000202	-0.221101	-0.000202	0.999672	0.337991	
1136	0.999665	0.000263	-0.215389	-0.000263	0.999665	0.335433	
1137	0.999683	0.000144	-0.187926	-0.000144	0.999683	0.220912	
1138	0.999622	0.000185	-0.225173	-0.000185	0.999622	0.276878	
1139	0.999620	0.000187	-0.355004	-0.000187	0.999620	0.178581	
1140	0.999545	0.000171	-0.396877	-0.000171	0.999545	0.160051	
1141	0.999566	0.000251	-0.485535	-0.000251	0.999566	0.211005	
1142	0.999461	0.000243	-0.533901	-0.000243	0.999461	0.243534	
1143	0.999437	0.000235	-0.732283	-0.000235	0.999437	0.242133	
1144	0.999459	0.000240	-0.780385	-0.000240	0.999459	0.196621	
1145	0.999408	0.000247	-0.863853	-0.000247	0.999408	0.218971	
1146	0.999413	0.000218	-0.882091	-0.000218	0.999413	0.241362	
1147	0.999316	0.000169	-0.986736	-0.000169	0.999316	0.236924	
1148	0.999132	0.000212	-1.120440	-0.000212	0.999132	0.226949	
1149	0.999178	0.000203	-1.132179	-0.000203	0.999178	0.279329	
1150	0.999190	0.000153	-1.196058	-0.000153	0.999190	0.399218	
1151	0.999139	0.000207	-1.197060	-0.000207	0.999139	0.413626	
1152	0.999273	0.000287	-1.306400	-0.000287	0.999273	0.215725	
1153	0.999387	0.000290	-1.177510	-0.000290	0.999387	0.226842	
1154	0.999397	0.000205	-0.991578	-0.000205	0.999397	0.352072	
1155	0.999491	0.000193	-0.955070	-0.000193	0.999491	0.333212	
1156	0.999456	0.000275	-1.021187	-0.000275	0.999456	0.162239	
1157	0.999471	0.000197	-1.092101	-0.000197	0.999471	0.118258	
1158	0.999501	0.000193	-1.071492	-0.000193	0.999501	0.259370	
1159	0.999592	0.000191	-1.076065	-0.000191	0.999592	0.228539	
1160	0.999558	0.000249	-0.980582	-0.000249	0.999558	0.110269	
1161	0.999642	0.000305	-0.912882	-0.000305	0.999642	0.100513	
1162	0.999794	0.000193	-0.876090	-0.000193	0.999794	0.054858	
1163	0.999757	0.000204	-0.774224	-0.000204	0.999757	0.143887	
1164	0.999812	0.000162	-0.727014	-0.000162	0.999812	0.132773	
1165	0.999781	0.000235	-0.646717	-0.000235	0.999781	0.122223	
1166	0.999763	0.000273	-0.638976	-0.000273	0.999763	0.025825	
1167	0.999844	0.000215	-0.617323	-0.000215	0.999844	0.153740	
1168	0.999808	0.000279	-0.538709	-0.000279	0.999808	0.174673	
1169	0.999954	0.000304	-0.556636	-0.000304	0.999954	0.196497	
1170	1.000012	0.000297	-0.485260	-0.000297	1.000012	0.190224	
1171	1.000081	0.000357	-0.411709	-0.000357	1.000081	0.098046	
1172	1.000209	0.000185	-0.290493	-0.000185	1.000209	0.120169	
1173	1.000224	0.000162	-0.261021	-0.000162	1.000224	0.192133	
1174	1.000281	0.000144	-0.167507	-0.000144	1.000281	0.186015	
1175	1.000354	0.000087	-0.181247	-0.000087	1.000354	0.159936	
1176	1.000340	0.000160	-0.163333	-0.000160	1.000340	0.012272	
1177	1.000399	0.000265	-0.141841	-0.000265	1.000399	0.052952	
1178	1.000377	0.000091	-0.201627	-0.000091	1.000377	0.246964	
1179	1.000374	0.000154	-0.166893	-0.000154	1.000374	0.309948	
1180	1.000437	0.000189	-0.222362	-0.000189	1.000437	0.144678	
1181	1.000347	0.000287	-0.142782	-0.000287	1.000347	0.119283	
1182	1.000391	0.000220	-0.168108	-0.000220	1.000391	0.118375	
1183	1.000335	0.000093	-0.159946	-0.000093	1.000335	0.139829	
1184	1.000264	0.000148	-0.096557	-0.000148	1.000264	0.213779	
1185	1.000295	0.000199	-0.129348	-0.000199	1.000295	0.181456	
1186	1.000334	0.000290	-0.135687	-0.000290	1.000334	0.067138	
1187	1.000356	0.000294	-0.187129	-0.000294	1.000356	0.140444	
1188	1.000417	0.000170	-0.193401	-0.000170	1.000417	0.109948	
1189	1.000299	0.000216	-0.123251	-0.000216	1.000299	0.174594	
1190	1.000375	0.000225	-0.176948	-0.000225	1.000375	0.225188	
1191	1.000373	0.000166	-0.139842	-0.000166	1.000373	0.071747	
1192	1.000323	0.000228	-0.149068	-0.000228	1.000323	0.100607	
1193	1.000342	0.000250	-0.157152	-0.000250	1.000342	0.117060	
1194	1.000334	0.000210	-0.103250	-0.000210	1.000334	0.081547	
1195	1.000391	0.000104	-0.186053	-0.000104	1.000391	0.122385	
1196	1.000350	0.000216	-0.145683	-0.000216	1.000350	0.077158	
1197	1.000313	0.000203	-0.119413	-0.000203	1.000313	-0.062446	
1198	1.000342	0.000126	-0.206502	-0.000126	1.000342	-0.131796	
1199	1.000287	0.000176	-0.201690	-0.000176	1.000287	-0.091701	
1200	1.000233	0.000176	-0.307299	-0.000176	1.000233	-0.087871	
1201	1.000169	0.000112	-0.471157	-0.000112	1.000169	-0.042948	
1202	1.000106	0.000311	-0.568495	-0.000311	1.000106	-0.067413	
1203	1.000081	0.000310	-0.561614	-0.000310	1.000081	-0.124358	
1204	1.000070	0.000213	-0.615404	-0.000213	1.000070	-0.193979	
1205	0.999978	0.000379	-0.626864	-0.000379	0.999978	-0.081821	
1206	1.000009	0.000461	-0.570168	-0.000461	1.000009	-0.031444	
1207	1.000048	0.000408	-0.487163	-0.000408	1.000048	-0.025152	
1208	1.000133	0.000116	-0.631311	-0.000116	1.000133	-0.200582	
1209	1.000011	0.000149	-0.759757	-0.000149	1.000011	-0.007268	
1210	0.999906	0.000048	-1.017406	-0.000048	0.999906	-0.017079	
1211	0.999975	0.000069	-1.202804	-0.000069	0.999975	-0.000267	
1212	0.999601	0.000272	-1.139296	-0.000272	0.999601	0.111814	
1213	0.999608	0.000225	-1.453166	-0.000225	0.999608	0.036186	
1214	0.999431	0.000383	-1.394534	-0.000383	0.999431	0.106673	
1215	0.999453	0.000338	-1.543226	-0.000338	0.999453	0.126164	
1216	0.999576	0.000390	-1.596398	-0.000390	0.999576	0.147269	
1217	0.999670	0.000381	-1.661274	-0.000381	0.999670	0.160514	
1218	0.999691	0.000286	-1.557882	-0.000286	0.999691	0.061669	
1219	0.999760	0.000164	-1.441228	-0.000164	0.999760	0.054392	
1220	0.999782	0.000151	-1.390400	-0.000151	0.999782	-0.085635	
1221	0.999795	0.000132	-1.242210	-0.000132	0.999795	-0.064538	
1222	0.999879	0.000154	-1.135874	-0.000154	0.999879	-0.020834	
1223	0.999905	0.000089	-1.062008	-0.000089	0.999905	-0.026955	
1224	0.999908	0.000145	-0.944907	-0.000145	0.999908	-0.085299	
1225	0.999962	0.000232	-0.958092	-0.000232	0.999962	-0.090527	
1226	0.999941	0.000226	-0.993070	-0.000226	0.999941	-0.179061	
1227	0.999785	0.000221	-0.945447	-0.000221	0.999785	-0.107573	
1228	0.999819	0.000239	-0.849929	-0.000239	0.999819	-0.146729	
1229	0.999819	0.000306	-0.806418	-0.000306	0.999819	-0.152906	
1230	0.999752	0.000233	-0.765698	-0.000233	0.999752	-0.181246	
1231	0.999783	0.000310	-0.804652	-0.000310	0.999783	-0.093518	
1232	0.999737	0.000394	-0.857165	-0.000394	0.999737	-0.116159	
1233	0.999739	0.000234	-0.871151	-0.000234	0.999739	-0.339407	
1234	0.999607	0.000280	-0.909996	-0.000280	0.999607	-0.258761	
1235	0.999382	0.000280	-1.640641	-0.000280	0.999382	-0.447709	
1236	0.999407	0.000325	-1.312700	-0.000325	0.999407	-0.418456	
1237	0.999504	0.000228	-1.087080	-0.000228	0.999504	-0.329242	
1238	0.999608	0.000240	-1.096094	-0.000240	0.999608	-0.424946	
1239	0.999804	0.000406	-0.872842	-0.000406	0.999804	-0.291278	
1240	0.999791	0.000341	-0.737348	-0.000341	0.999791	-0.173945	
1241	0.999890	0.000246	-0.655534	-0.000246	0.999890	-0.148288	
1242	0.999919	0.000348	-0.481348	-0.000348	0.999919	0.086822	
1243	0.999968	0.000300	-0.392657	-0.000300	0.999968	0.027992	
1244	0.999892	0.000191	-0.434098	-0.000191	0.999892	0.134293	
1245	0.999918	0.000235	-0.415870	-0.000235	0.999918	0.198819	
1246	0.999956	0.000236	-0.339420	-0.000236	0.999956	0.133061	
1247	0.999971	0.000175	-0.352869	-0.000175	0.999971	0.130690	
1248	0.999965	0.000147	-0.386476	-0.000147	0.999965	0.225841	
1249	0.999921	0.000206	-0.425076	-0.000206	0.999921	0.155395	
