0	1.000000	0.000000	0.000000	0.000000	1.000000	0.000000	
1	0.998875	0.004284	-4.898168	-0.004284	0.998875	3.311182	
2	1.000102	0.003552	-6.081455	-0.003552	1.000102	2.238360	
3	1.000032	0.003429	-6.170375	-0.003429	1.000032	1.999802	
4	1.000708	0.000767	-7.249026	-0.000767	1.000708	-0.171660	
5	0.999688	0.005544	-5.900376	-0.005544	0.999688	3.716565	
6	1.001684	0.003422	-7.125528	-0.003422	1.001684	1.514848	
7	1.003179	0.002668	-8.160572	-0.002668	1.003179	0.526393	
8	1.003435	0.002744	-8.291288	-0.002744	1.003435	0.557700	
9	1.002525	0.002891	-7.346010	-0.002891	1.002525	1.071489	
10	1.002753	0.002969	-7.401500	-0.002969	1.002753	0.860695	
11	1.001831	0.003304	-6.496855	-0.003304	1.001831	1.154046	
12	1.003487	0.001917	-8.070760	-0.001917	1.003487	-0.061677	
13	1.001517	0.003466	-6.523702	-0.003466	1.001517	1.475500	
14	1.000714	0.003992	-5.498626	-0.003992	1.000714	2.326840	
15	1.003717	0.002761	-8.139718	-0.002761	1.003717	0.638446	
16	1.003041	0.003167	-7.327888	-0.003167	1.003041	1.104380	
17	1.000585	0.004098	-5.665574	-0.004098	1.000585	2.434432	
18	1.002571	0.003222	-7.464491	-0.003222	1.002571	1.204276	
19	0.999259	0.004924	-4.599810	-0.004924	0.999259	3.721718	
20	0.999522	0.004879	-4.953653	-0.004879	0.999522	3.597761	
21	1.004289	0.002867	-8.898909	-0.002867	1.004289	0.623285	
22	1.000470	0.004622	-5.841476	-0.004622	1.000470	2.695684	
23	1.003340	0.004254	-7.977750	-0.004254	1.003340	1.471609	
24	1.003541	0.002771	-8.419876	-0.002771	1.003541	0.666457	
25	0.997744	0.004845	-3.236390	-0.004845	0.997744	4.425170	
26	1.003900	0.002607	-8.525401	-0.002607	1.003900	0.564807	
27	1.001118	0.003878	-6.443333	-0.003878	1.001118	2.112892	
28	1.004180	0.002990	-8.510819	-0.002990	1.004180	0.709048	
29	1.002344	0.002933	-7.097899	-0.002933	1.002344	1.331228	
30	1.002365	0.002961	-6.677333	-0.002961	1.002365	1.170507	
31	1.000150	0.003751	-4.816181	-0.003751	1.000150	2.432864	
32	1.001590	0.003429	-5.950166	-0.003429	1.001590	1.532515	
33	1.003965	0.002510	-8.041542	-0.002510	1.003965	0.008520	
34	1.004736	0.002213	-8.867912	-0.002213	1.004736	-0.179588	
35	1.000094	0.004347	-5.410390	-0.004347	1.000094	2.900979	
36	1.004144	0.002739	-8.911509	-0.002739	1.004144	0.348203	
37	1.001689	0.005015	-7.119136	-0.005015	1.001689	2.429131	
38	1.003277	0.003425	-8.553078	-0.003425	1.003277	1.241779	
39	1.005201	0.002409	-10.140349	-0.002409	1.005201	-0.225168	
40	1.004383	0.002179	-9.776034	-0.002179	1.004383	-0.284622	
41	1.004037	0.001951	-9.295144	-0.001951	1.004037	-0.164119	
42	1.001767	0.003694	-6.857721	-0.003694	1.001767	1.436682	
43	0.999203	0.004569	-4.635791	-0.004569	0.999203	3.485886	
44	1.003549	0.003973	-8.264376	-0.003973	1.003549	0.883699	
45	1.004921	0.002812	-9.540843	-0.002812	1.004921	-0.321881	
46	1.003532	0.002828	-8.470414	-0.002828	1.003532	0.186001	
47	1.002137	0.004040	-7.423757	-0.004040	1.002137	1.525718	
48	1.005021	0.003424	-10.101321	-0.003424	1.005021	0.230047	
49	1.007444	0.002862	-11.782177	-0.002862	1.007444	-1.307114	
50	1.003254	0.003926	-8.676683	-0.003926	1.003254	1.200652	
51	1.004571	0.003786	-9.572691	-0.003786	1.004571	0.636895	
52	1.006778	0.002164	-11.046911	-0.002164	1.006778	-1.516154	
53	1.005956	0.002621	-10.021225	-0.002621	1.005956	-1.166452	
54	1.005668	0.001861	-9.860380	-0.001861	1.005668	-1.594937	
55	1.004282	0.004091	-8.758206	-0.004091	1.004282	0.544194	
56	1.001413	0.004582	-6.491211	-0.004582	1.001413	2.395660	
57	1.003259	0.005191	-8.130940	-0.005191	1.003259	2.020451	
58	1.000662	0.003444	-5.395282	-0.003444	1.000662	2.729436	
59	1.003274	0.002691	-6.635251	-0.002691	1.003274	1.441489	
60	1.005991	0.002144	-8.249661	-0.002144	1.005991	0.762933	
61	1.002914	0.002332	-5.668725	-0.002332	1.002914	1.556903	
62	1.003449	0.002554	-6.610188	-0.002554	1.003449	1.184773	
63	1.004259	0.002432	-7.314765	-0.002432	1.004259	0.892146	
64	1.003826	0.001686	-7.132400	-0.001686	1.003826	1.521473	
65	0.999126	0.002079	-3.032134	-0.002079	0.999126	3.657727	
66	1.002167	0.001750	-6.370210	-0.001750	1.002167	2.851526	
67	1.002032	0.002225	-6.404483	-0.002225	1.002032	2.534717	
68	1.003114	0.001420	-7.431332	-0.001420	1.003114	1.881601	
69	1.002856	0.002098	-6.814500	-0.002098	1.002856	2.059641	
70	1.000966	0.001985	-4.936419	-0.001985	1.000966	2.441986	
71	1.000958	0.002052	-4.653176	-0.002052	1.000958	2.380521	
72	1.000816	0.001808	-4.294535	-0.001808	1.000816	2.304136	
73	1.000401	0.001842	-3.744139	-0.001842	1.000401	2.427865	
74	1.000608	0.001872	-4.136031	-0.001872	1.000608	2.296600	
75	1.001430	0.001643	-4.423488	-0.001643	1.001430	1.762850	
76	1.000385	0.001827	-3.651484	-0.001827	1.000385	2.108917	
77	1.002156	0.001343	-4.317183	-0.001343	1.002156	1.128129	
78	1.000332	0.000972	-2.065847	-0.000972	1.000332	1.466581	
79	1.001057	0.000663	-1.883595	-0.000663	1.001057	0.893926	
80	1.000773	-0.000206	-0.260961	0.000206	1.000773	0.387378	
81	1.000314	-0.000562	0.815481	0.000562	1.000314	0.043340	
82	1.000212	-0.000625	1.078332	0.000625	1.000212	-0.115374	
83	0.999761	-0.000641	1.372794	0.000641	0.999761	-0.041717	
84	0.999886	-0.000567	1.389312	0.000567	0.999886	0.124028	
85	0.999765	-0.000415	1.332297	0.000415	0.999765	0.194475	
86	0.999740	-0.000259	0.930912	0.000259	0.999740	0.293291	
87	0.999597	-0.000126	0.500683	0.000126	0.999597	0.310282	
88	0.999371	0.000009	0.118867	-0.000009	0.999371	0.322671	
89	0.999195	0.000138	0.160402	-0.000138	0.999195	0.445438	
90	0.999233	0.000779	-0.574128	-0.000779	0.999233	0.738985	
91	0.999249	0.001061	-1.078989	-0.001061	0.999249	0.816636	
92	0.999156	0.001113	-1.309344	-0.001113	0.999156	0.890850	
93	0.999059	0.001208	-1.426437	-0.001208	0.999059	1.102772	
94	0.999109	0.001432	-1.950469	-0.001432	0.999109	1.307455	
95	0.998620	0.001254	-1.818251	-0.001254	0.998620	1.071054	
96	0.998956	0.001731	-2.446088	-0.001731	0.998956	1.400659	
97	0.998804	0.001722	-2.503119	-0.001722	0.998804	1.536371	
98	0.998605	0.002013	-2.784196	-0.002013	0.998605	1.957524	
99	0.998613	0.002375	-3.358792	-0.002375	0.998613	2.194594	
100	0.998477	0.002213	-2.924541	-0.002213	0.998477	2.150033	
101	0.998411	0.001492	-1.753794	-0.001492	0.998411	2.009092	
102	0.998873	0.001183	-1.596888	-0.001183	0.998873	1.788059	
103	0.998917	0.000853	-1.017265	-0.000853	0.998917	1.518714	
104	0.999068	0.000559	-0.806715	-0.000559	0.999068	1.218413	
105	0.999036	0.000405	-0.567772	-0.000405	0.999036	1.061395	
106	0.999046	0.000569	-0.849306	-0.000569	0.999046	1.136607	
107	0.998989	0.000931	-1.143246	-0.000931	0.998989	1.293490	
108	0.999166	0.000734	-0.965051	-0.000734	0.999166	1.063443	
109	0.999243	0.000634	-0.749436	-0.000634	0.999243	1.039074	
110	0.999145	0.000803	-0.768676	-0.000803	0.999145	1.293929	
111	0.999220	0.001018	-1.422026	-0.001018	0.999220	1.581985	
112	0.999063	0.001469	-1.873260	-0.001469	0.999063	2.076870	
113	0.998716	0.001617	-1.749278	-0.001617	0.998716	2.446863	
114	0.999073	0.001560	-2.157017	-0.001560	0.999073	2.365711	
115	0.999100	0.001484	-2.194613	-0.001484	0.999100	2.123349	
116	0.998766	0.001521	-2.072663	-0.001521	0.998766	2.328541	
117	0.998962	0.001799	-2.703832	-0.001799	0.998962	2.399664	
118	0.998408	0.002070	-2.608261	-0.002070	0.998408	2.902985	
119	0.998363	0.002266	-3.028162	-0.002266	0.998363	3.063988	
120	0.998234	0.002497	-3.288029	-0.002497	0.998234	3.135278	
121	0.998359	0.002300	-4.044134	-0.002300	0.998359	3.149765	
122	0.997972	0.002525	-3.861745	-0.002525	0.997972	3.367076	
123	0.997879	0.002539	-3.710374	-0.002539	0.997879	3.535756	
124	0.998020	0.002386	-3.540317	-0.002386	0.998020	3.457974	
125	0.997837	0.002538	-3.120906	-0.002538	0.997837	3.440632	
126	0.997622	0.002331	-2.717580	-0.002331	0.997622	3.487330	
127	0.997843	0.002303	-3.197170	-0.002303	0.997843	3.716474	
128	0.998114	0.002144	-3.211206	-0.002144	0.998114	3.209174	
129	0.997937	0.002228	-2.995990	-0.002228	0.997937	3.341198	
130	0.997747	0.001802	-2.825659	-0.001802	0.997747	3.248798	
131	0.997949	0.002019	-2.737252	-0.002019	0.997949	3.358144	
132	0.997981	0.001856	-2.413760	-0.001856	0.997981	3.279521	
133	0.998001	0.001854	-2.334302	-0.001854	0.998001	3.493009	
134	0.998153	0.001524	-2.308291	-0.001524	0.998153	3.360772	
135	0.998632	0.001424	-2.312662	-0.001424	0.998632	3.076037	
136	0.999374	0.001357	-2.532783	-0.001357	0.999374	2.713004	
137	1.000645	0.001422	-3.052747	-0.001422	1.000645	2.162262	
138	1.002550	0.001215	-4.134538	-0.001215	1.002550	1.166880	
139	1.002720	0.000921	-3.752209	-0.000921	1.002720	0.608837	
140	1.002872	0.000929	-3.717276	-0.000929	1.002872	0.264191	
141	1.004013	0.000811	-4.197337	-0.000811	1.004013	-0.517098	
142	1.004649	0.000952	-4.745378	-0.000952	1.004649	-1.196301	
143	1.003997	0.000900	-3.966160	-0.000900	1.003997	-1.017682	
144	1.004592	0.000754	-3.972952	-0.000754	1.004592	-1.514594	
145	1.005671	0.000691	-4.461687	-0.000691	1.005671	-2.300053	
146	1.004969	0.000639	-4.015446	-0.000639	1.004969	-2.200073	
147	1.006245	0.000405	-4.639105	-0.000405	1.006245	-2.721026	
148	1.006878	-0.000319	-3.859797	0.000319	1.006878	-3.343664	
149	1.006274	-0.000487	-3.393256	0.000487	1.006274	-2.557517	
150	1.005709	-0.000663	-2.464779	0.000663	1.005709	-2.505855	
151	1.006158	-0.000993	-2.160099	0.000993	1.006158	-3.615926	
152	1.005609	-0.001577	-0.811447	0.001577	1.005609	-3.527972	
153	1.006078	-0.002168	-0.067560	0.002168	1.006078	-4.253681	
154	1.007379	-0.002772	0.203551	0.002772	1.007379	-4.846079	
155	1.005963	-0.002879	1.471155	0.002879	1.005963	-4.622592	
156	1.005930	-0.002708	2.014683	0.002708	1.005930	-4.291536	
157	1.007821	-0.003850	1.950499	0.003850	1.007821	-6.335870	
158	1.007620	-0.000859	3.375471	0.000859	1.007620	-4.535599	
159	1.007762	-0.001700	3.883893	0.001700	1.007762	-5.013015	
160	1.005967	-0.000914	5.584111	0.000914	1.005967	-3.909868	
161	1.009818	-0.004973	3.042200	0.004973	1.009818	-8.349519	
162	1.002521	-0.001160	10.572561	0.001160	1.002521	-3.276976	
163	1.001140	-0.001226	12.867360	0.001226	1.001140	-3.057680	
164	1.001095	-0.001756	13.718034	0.001756	1.001095	-3.758117	
165	1.001790	-0.002042	14.079784	0.002042	1.001790	-4.334232	
166	1.000972	-0.001648	15.496808	0.001648	1.000972	-3.872623	
167	1.002317	-0.001936	14.681671	0.001936	1.002317	-4.506891	
168	1.001113	-0.001913	16.196514	0.001913	1.001113	-4.110179	
169	1.001985	-0.001682	16.062392	0.001682	1.001985	-4.194427	
170	1.000979	-0.001734	17.908839	0.001734	1.000979	-3.930003	
171	1.001947	-0.001437	17.962323	0.001437	1.001947	-3.533651	
172	1.001306	-0.001578	19.159407	0.001578	1.001306	-3.252574	
173	1.001071	-0.001805	19.396977	0.001805	1.001071	-3.153847	
174	0.998960	-0.001435	20.036794	0.001435	0.998960	-1.746470	
175	0.999014	-0.001898	17.607978	0.001898	0.999014	-2.743922	
176	1.013452	-0.007770	0.166807	0.007770	1.013452	-12.051917	
177	1.010816	-0.006634	1.305212	0.006634	1.010816	-10.250623	
178	1.009527	-0.007178	3.214218	0.007178	1.009527	-9.396707	
179	0.997663	-0.001946	14.894667	0.001946	0.997663	-2.514629	
180	0.995596	-0.001688	18.039824	0.001688	0.995596	-1.540274	
181	0.996350	-0.001488	19.000383	0.001488	0.996350	-1.182033	
182	0.996392	-0.001605	20.154007	0.001605	0.996392	-1.194416	
183	0.996418	-0.001623	20.848185	0.001623	0.996418	-1.431621	
184	0.996918	-0.001111	20.739547	0.001111	0.996918	-1.009335	
185	0.996459	-0.001395	21.614197	0.001395	0.996459	-0.758007	
186	0.994897	-0.001471	22.883860	0.001471	0.994897	0.064556	
187	0.995697	-0.001433	22.786265	0.001433	0.995697	-0.456212	
188	0.996102	-0.001640	22.891767	0.001640	0.996102	-0.339059	
189	0.995603	-0.001617	23.208873	0.001617	0.995603	0.112354	
190	0.995220	-0.001643	23.585051	0.001643	0.995220	0.390320	
191	0.995163	-0.001489	23.941893	0.001489	0.995163	0.717244	
192	0.995639	-0.001253	23.747026	0.001253	0.995639	0.952778	
193	0.995005	-0.001479	24.586570	0.001479	0.995005	1.189048	
194	0.994949	-0.001316	24.594325	0.001316	0.994949	1.412992	
195	0.995662	-0.001421	24.301735	0.001421	0.995662	1.161779	
196	0.995577	-0.001449	24.138112	0.001449	0.995577	1.154383	
197	0.995143	-0.001575	23.878528	0.001575	0.995143	1.285647	
198	0.995452	-0.002107	23.560740	0.002107	0.995452	0.932349	
199	0.995817	-0.001736	23.442020	0.001736	0.995817	1.006447	
200	0.995310	-0.001353	23.365732	0.001353	0.995310	1.428251	
201	0.994843	-0.001387	23.082684	0.001387	0.994843	1.666426	
202	0.995615	-0.001412	21.553074	0.001412	0.995615	1.168008	
203	0.994684	-0.001443	21.758014	0.001443	0.994684	1.563615	
204	0.994552	-0.001415	21.564404	0.001415	0.994552	1.713688	
205	0.995507	-0.001325	20.695385	0.001325	0.995507	1.492462	
206	0.996125	-0.001352	19.691983	0.001352	0.996125	1.315901	
207	0.995441	-0.001323	19.270315	0.001323	0.995441	1.652680	
208	0.995488	-0.001270	19.386445	0.001270	0.995488	1.721137	
209	0.995779	-0.001413	18.809159	0.001413	0.995779	1.559145	
210	0.995958	-0.001527	17.710211	0.001527	0.995958	1.166153	
211	0.995704	-0.001609	17.979851	0.001609	0.995704	1.170018	
212	0.995296	-0.001357	18.796962	0.001357	0.995296	1.086642	
213	0.995912	-0.001434	19.025992	0.001434	0.995912	0.722252	
214	0.995078	-0.001648	20.014443	0.001648	0.995078	0.874424	
215	0.994932	-0.001904	20.667030	0.001904	0.994932	0.655316	
216	0.995164	-0.002185	20.981542	0.002185	0.995164	0.244192	
217	0.995919	-0.002130	20.589533	0.002130	0.995919	-0.011441	
218	0.996556	-0.002571	19.156916	0.002571	0.996556	-0.516773	
219	0.995748	-0.001995	19.316327	0.001995	0.995748	-0.060196	
220	0.995684	-0.002277	18.741647	0.002277	0.995684	-0.552811	
221	0.994892	-0.001937	19.238466	0.001937	0.994892	-0.184057	
222	0.994717	-0.001764	18.560019	0.001764	0.994717	0.071296	
223	0.995896	-0.001869	16.998451	0.001869	0.995896	-0.277395	
224	0.996653	-0.001698	16.413740	0.001698	0.996653	-0.520907	
225	0.998624	-0.001841	15.377003	0.001841	0.998624	-1.685594	
226	0.998757	-0.001801	15.806478	0.001801	0.998757	-1.520463	
227	0.999143	-0.002051	15.795506	0.002051	0.999143	-1.593311	
228	0.999360	-0.001988	16.031868	0.001988	0.999360	-1.673583	
229	0.999631	-0.002339	16.519747	0.002339	0.999631	-1.866519	
230	0.999432	-0.002328	17.172999	0.002328	0.999432	-1.855817	
231	0.999279	-0.002263	17.517391	0.002263	0.999279	-1.769675	
232	0.999700	-0.002076	17.075664	0.002076	0.999700	-1.701359	
233	1.000391	-0.001609	16.748582	0.001609	1.000391	-1.724606	
234	1.000746	-0.001292	17.040336	0.001292	1.000746	-1.518217	
235	1.000205	-0.001567	17.806460	0.001567	1.000205	-1.218097	
236	1.000521	-0.001447	17.998854	0.001447	1.000521	-1.131944	
237	1.000115	-0.001572	18.484645	0.001572	1.000115	-1.092254	
238	1.000049	-0.001628	17.674153	0.001628	1.000049	-1.013770	
239	0.999861	-0.001672	16.845074	0.001672	0.999861	-0.885821	
240	1.000112	-0.001574	16.272331	0.001574	1.000112	-0.940637	
241	1.000092	-0.001656	16.144378	0.001656	1.000092	-0.967725	
242	1.000488	-0.001547	15.801617	0.001547	1.000488	-1.026345	
243	1.001002	-0.001397	14.907225	0.001397	1.001002	-1.035981	
244	1.002573	-0.001401	13.393781	0.001401	1.002573	-1.609376	
245	1.002206	-0.001369	13.387757	0.001369	1.002206	-1.479415	
246	1.002479	-0.001117	13.006012	0.001117	1.002479	-1.422218	
247	1.002693	-0.001253	11.821404	0.001253	1.002693	-1.911187	
248	1.002559	-0.001214	11.395973	0.001214	1.002559	-1.777740	
249	1.004887	-0.002818	8.464477	0.002818	1.004887	-3.425373	
250	0.991609	-0.008540	13.530269	0.008540	0.991609	-1.553455	
251	0.992220	-0.007473	10.828932	0.007473	0.992220	0.007955	
252	1.003959	-0.001026	7.120128	0.001026	1.003959	-2.307189	
253	1.005480	-0.000734	6.619086	0.000734	1.005480	-2.873163	
254	1.006710	-0.002394	6.227602	0.002394	1.006710	-3.933443	
255	0.993262	-0.008829	11.722788	0.008829	0.993262	-1.748248	
256	1.005044	-0.007099	6.681961	0.007099	1.005044	-6.489676	
257	1.004896	-0.000861	7.244264	0.000861	1.004896	-2.632388	
258	1.003397	-0.000849	8.299399	0.000849	1.003397	-2.018526	
259	1.002849	-0.000939	8.283229	0.000939	1.002849	-1.672502	
260	1.003165	-0.000966	7.279813	0.000966	1.003165	-1.954236	
261	0.997475	-0.007068	8.884405	0.007068	0.997475	-3.385226	
262	1.004926	-0.001105	5.080124	0.001105	1.004926	-2.732494	
263	0.996535	-0.006571	7.707654	0.006571	0.996535	-1.998936	
264	1.004376	-0.002335	4.805173	0.002335	1.004376	-2.885554	
265	0.997556	-0.005617	6.527364	0.005617	0.997556	-1.770917	
266	1.003385	-0.003220	3.258197	0.003220	1.003385	-3.186237	
267	1.003413	-0.003687	2.796276	0.003687	1.003413	-3.533232	
268	1.003158	-0.002780	2.525798	0.002780	1.003158	-2.424158	
269	1.002188	-0.002456	2.740388	0.002456	1.002188	-1.744736	
270	1.002695	-0.001989	1.891711	0.001989	1.002695	-1.291264	
271	1.001249	-0.002048	2.052229	0.002048	1.001249	-0.691856	
272	1.002169	-0.001860	1.556977	0.001860	1.002169	-1.440068	
273	1.001286	-0.001841	2.023149	0.001841	1.001286	-1.057164	
274	1.001067	-0.001501	1.530056	0.001501	1.001067	-0.767814	
275	1.001935	-0.001340	1.076961	0.001340	1.001935	-1.335103	
276	1.001796	-0.001463	1.505272	0.001463	1.001796	-1.309394	
277	1.000893	-0.001897	2.712996	0.001897	1.000893	-1.163179	
278	1.000717	-0.002241	3.333767	0.002241	1.000717	-0.840448	
279	0.999723	-0.002176	4.062762	0.002176	0.999723	-0.103331	
280	1.000297	-0.002188	3.816699	0.002188	1.000297	-1.213692	
281	1.000344	-0.002464	4.048559	0.002464	1.000344	-1.513356	
282	1.000235	-0.002619	4.120443	0.002619	1.000235	-1.237480	
283	1.000253	-0.002451	3.661476	0.002451	1.000253	-1.083147	
284	1.000142	-0.002078	3.301682	0.002078	1.000142	-0.900904	
285	1.000009	-0.001630	2.614897	0.001630	1.000009	-0.758438	
286	1.000069	-0.000941	1.331114	0.000941	1.000069	-0.450199	
287	0.999781	-0.000973	1.428796	0.000973	0.999781	-0.241976	
288	0.999653	-0.000987	1.993727	0.000987	0.999653	-0.196879	
289	0.999521	-0.000870	2.086877	0.000870	0.999521	-0.005919	
290	0.999837	-0.000439	1.065149	0.000439	0.999837	-0.063859	
291	0.999920	-0.000477	1.137166	0.000477	0.999920	-0.312580	
292	0.999799	-0.000396	1.242493	0.000396	0.999799	-0.094029	
293	0.999726	0.000085	0.695781	-0.000085	0.999726	0.112103	
294	0.999716	0.000151	0.517235	-0.000151	0.999716	0.091085	
295	0.999818	0.000205	0.318319	-0.000205	0.999818	0.040378	
296	0.999870	0.000013	0.311719	-0.000013	0.999870	-0.036473	
297	0.999673	-0.000040	0.633137	0.000040	0.999673	0.173782	
298	0.999826	0.000021	0.412437	-0.000021	0.999826	0.003151	
299	0.999840	0.000026	0.300190	-0.000026	0.999840	-0.126817	
300	0.999658	0.000127	0.049309	-0.000127	0.999658	0.205500	
301	0.999564	0.000116	-0.030117	-0.000116	0.999564	0.379550	
302	0.999628	0.000056	0.098988	-0.000056	0.999628	0.323934	
303	0.999727	0.000054	-0.037500	-0.000054	0.999727	0.054906	
304	0.999889	-0.000082	-0.080607	0.000082	0.999889	-0.060883	
305	0.999514	-0.000215	0.199948	0.000215	0.999514	0.063858	
306	0.999705	-0.000241	0.019403	0.000241	0.999705	-0.088865	
307	0.999663	0.000167	-0.531222	-0.000167	0.999663	0.185355	
308	0.999676	0.000504	-1.155493	-0.000504	0.999676	0.408046	
309	0.999572	0.000754	-1.636144	-0.000754	0.999572	0.854381	
310	0.999229	0.001167	-2.133157	-0.001167	0.999229	1.577206	
311	0.999233	0.001441	-2.918414	-0.001441	0.999233	1.308989	
312	0.999054	0.001389	-2.829852	-0.001389	0.999054	1.425134	
313	0.998903	0.000934	-1.886871	-0.000934	0.998903	1.356982	
314	0.999105	0.000369	-0.461144	-0.000369	0.999105	0.891155	
315	0.999388	-0.000228	0.357710	0.000228	0.999388	-0.008958	
316	0.999546	-0.000417	0.638171	0.000417	0.999546	-0.146869	
317	0.999266	-0.000531	0.814963	0.000531	0.999266	0.192491	
318	0.999452	-0.000492	0.814134	0.000492	0.999452	0.023839	
319	0.999635	-0.000479	0.877910	0.000479	0.999635	-0.127623	
320	0.999470	-0.000511	1.041737	0.000511	0.999470	0.032208	
321	0.999272	-0.000834	1.471480	0.000834	0.999272	0.127669	
322	0.999586	-0.001109	1.668687	0.001109	0.999586	-0.193864	
323	0.999688	-0.001151	1.675127	0.001151	0.999688	-0.368044	
324	0.999652	-0.001524	2.182297	0.001524	0.999652	-0.541439	
325	0.999535	-0.001998	2.916754	0.001998	0.999535	-0.660269	
326	0.998361	-0.002109	4.098927	0.002109	0.998361	-0.186162	
327	0.999240	-0.002241	3.420801	0.002241	0.999240	-0.569891	
328	0.999677	-0.002074	2.848635	0.002074	0.999677	-0.605215	
329	0.999007	-0.001682	2.642205	0.001682	0.999007	-0.147124	
330	0.999340	-0.001037	1.816369	0.001037	0.999340	0.061568	
331	0.999385	-0.000820	1.447296	0.000820	0.999385	0.170283	
332	0.999506	-0.000583	1.228738	0.000583	0.999506	0.228920	
333	0.999605	-0.000483	0.981943	0.000483	0.999605	0.190946	
334	0.999617	-0.000257	0.707680	0.000257	0.999617	0.298856	
335	0.999601	-0.000315	0.694102	0.000315	0.999601	0.302188	
336	0.999495	-0.000294	0.663643	0.000294	0.999495	0.407318	
337	0.999566	-0.000442	0.758596	0.000442	0.999566	0.410453	
338	0.999422	-0.000696	1.124094	0.000696	0.999422	0.473712	
339	0.999232	-0.000915	1.535172	0.000915	0.999232	0.489945	
340	0.999445	-0.001181	1.835210	0.001181	0.999445	0.315729	
341	0.999465	-0.001251	1.829936	0.001251	0.999465	0.209368	
342	0.999456	-0.001216	1.682814	0.001216	0.999456	0.214718	
343	0.999587	-0.001012	1.401511	0.001012	0.999587	0.267179	
344	0.999456	-0.000958	1.349770	0.000958	0.999456	0.327182	
345	0.999475	-0.000906	1.298117	0.000906	0.999475	0.303604	
346	0.999306	-0.000827	1.290639	0.000827	0.999306	0.355229	
347	0.999183	-0.000835	1.328696	0.000835	0.999183	0.406517	
348	0.999084	-0.000714	1.369620	0.000714	0.999084	0.541362	
349	0.999185	-0.000710	1.527482	0.000710	0.999185	0.563244	
350	0.999310	-0.001191	2.038351	0.001191	0.999310	0.180555	
351	0.999039	-0.001809	3.094412	0.001809	0.999039	-0.156872	
352	1.000568	-0.003266	3.382958	0.003266	1.000568	-1.792051	
353	0.999833	-0.003280	4.323986	0.003280	0.999833	-1.431511	
354	1.000274	-0.003321	4.239053	0.003321	1.000274	-1.575772	
355	1.000231	-0.003279	4.054644	0.003279	1.000231	-1.433336	
356	0.999506	-0.002933	4.114334	0.002933	0.999506	-0.821632	
357	0.999697	-0.002906	4.117569	0.002906	0.999697	-0.856494	
358	0.999544	-0.002700	4.099294	0.002700	0.999544	-0.564080	
359	0.999752	-0.002624	3.974436	0.002624	0.999752	-0.481016	
360	0.999537	-0.002931	4.067623	0.002931	0.999537	-0.580860	
361	1.000232	-0.002724	3.580942	0.002724	1.000232	-0.796704	
362	1.002846	-0.002665	2.028618	0.002665	1.002846	-1.974671	
363	1.001032	-0.002942	3.011135	0.002942	1.001032	-1.271903	
364	1.002094	-0.002426	2.665892	0.002426	1.002094	-1.370049	
365	1.001735	-0.002504	2.921721	0.002504	1.001735	-1.331914	
366	1.002575	-0.002612	2.292947	0.002612	1.002575	-1.763069	
367	1.002740	-0.002539	2.174130	0.002539	1.002740	-1.803204	
368	1.002551	-0.002820	1.944749	0.002820	1.002551	-1.930141	
369	1.002085	-0.002684	2.032134	0.002684	1.002085	-1.501961	
370	1.002493	-0.002576	1.939561	0.002576	1.002493	-1.515815	
371	1.002732	-0.002582	1.616301	0.002582	1.002732	-1.611267	
372	1.002441	-0.002204	1.616839	0.002204	1.002441	-1.240576	
373	1.002729	-0.001826	0.938248	0.001826	1.002729	-1.223990	
374	1.002814	-0.001652	0.571722	0.001652	1.002814	-1.192674	
375	1.002192	-0.001363	0.720152	0.001363	1.002192	-0.690494	
376	1.002529	-0.001456	0.543715	0.001456	1.002529	-0.860862	
377	1.003415	-0.001472	-0.116476	0.001472	1.003415	-1.414458	
378	1.004075	-0.001481	-0.684953	0.001481	1.004075	-1.841269	
379	1.001892	-0.001142	0.156721	0.001142	1.001892	-0.752981	
380	1.001903	-0.000883	-0.248931	0.000883	1.001903	-0.533935	
381	1.001787	-0.000783	-0.374808	0.000783	1.001787	-0.358278	
382	1.003392	-0.000462	-1.691863	0.000462	1.003392	-0.762107	
383	1.002947	-0.000337	-1.605582	0.000337	1.002947	-0.407648	
384	1.002321	-0.000417	-1.152481	0.000417	1.002321	-0.164340	
385	1.001740	0.000123	-1.337111	-0.000123	1.001740	0.419964	
386	1.002753	-0.000434	-1.420897	0.000434	1.002753	-0.200175	
387	1.003002	-0.000414	-1.576666	0.000414	1.003002	-0.419407	
388	1.001984	-0.000209	-1.156305	0.000209	1.001984	0.207125	
389	1.002150	-0.000443	-1.213419	0.000443	1.002150	0.040248	
390	1.001892	-0.000244	-1.265900	0.000244	1.001892	0.094747	
391	1.002487	-0.000016	-1.747805	0.000016	1.002487	-0.084742	
392	1.002567	0.000097	-2.077514	-0.000097	1.002567	-0.077061	
393	1.002925	0.000210	-2.522741	-0.000210	1.002925	-0.184996	
394	1.002663	0.000346	-2.561354	-0.000346	1.002663	-0.312820	
395	1.001941	0.000454	-2.140336	-0.000454	1.001941	-0.329257	
396	1.002805	0.000548	-2.745100	-0.000548	1.002805	-0.967346	
397	1.003784	0.000446	-3.480098	-0.000446	1.003784	-1.326504	
398	1.004795	0.000622	-4.128018	-0.000622	1.004795	-1.528300	
399	1.003060	0.000291	-2.810726	-0.000291	1.003060	-0.622455	
400	1.002259	0.000418	-2.287813	-0.000418	1.002259	-0.020273	
401	1.002608	0.000073	-2.292148	-0.000073	1.002608	-0.393055	
402	1.003916	0.000234	-3.137915	-0.000234	1.003916	-1.109362	
403	1.002896	0.000458	-2.765852	-0.000458	1.002896	-0.681389	
404	1.002554	0.000616	-2.666660	-0.000616	1.002554	-0.520055	
405	1.002368	0.000272	-2.370573	-0.000272	1.002368	-0.500502	
406	1.003304	0.000048	-2.884673	-0.000048	1.003304	-0.974141	
407	1.003929	0.000231	-3.357440	-0.000231	1.003929	-1.284728	
408	1.003902	0.000408	-3.436326	-0.000408	1.003902	-1.157956	
409	1.003432	0.000881	-3.727715	-0.000881	1.003432	-0.899387	
410	1.003418	0.001055	-4.039452	-0.001055	1.003418	-0.858605	
411	1.002502	0.001196	-3.400234	-0.001196	1.002502	-0.417062	
412	1.002641	0.001031	-3.267028	-0.001031	1.002641	-0.717645	
413	1.003763	0.001236	-3.950934	-0.001236	1.003763	-1.349126	
414	1.005595	0.001098	-4.925429	-0.001098	1.005595	-2.615741	
415	1.004767	0.001354	-4.520315	-0.001354	1.004767	-2.615530	
416	1.004696	0.001111	-4.154391	-0.001111	1.004696	-2.855994	
417	1.004585	0.000873	-4.034847	-0.000873	1.004585	-2.691260	
418	1.005918	0.001029	-4.854570	-0.001029	1.005918	-2.886993	
419	1.004647	0.001073	-4.418727	-0.001073	1.004647	-2.177599	
420	1.003307	0.001038	-3.542540	-0.001038	1.003307	-1.573516	
421	1.002863	0.001556	-3.738504	-0.001556	1.002863	-1.067390	
422	1.003395	0.001081	-3.841718	-0.001081	1.003395	-1.356734	
423	1.003691	0.001707	-4.194973	-0.001707	1.003691	-1.231435	
424	1.004896	0.001485	-5.136929	-0.001485	1.004896	-1.897374	
425	1.004072	0.001827	-4.981533	-0.001827	1.004072	-1.381811	
426	1.003658	0.001805	-4.710862	-0.001805	1.003658	-1.179879	
427	1.004484	0.001632	-4.816110	-0.001632	1.004484	-1.523572	
428	1.003655	0.001369	-3.743427	-0.001369	1.003655	-1.287060	
429	1.002993	0.001020	-2.894063	-0.001020	1.002993	-1.119933	
430	1.003757	0.000666	-2.876525	-0.000666	1.003757	-1.557036	
431	1.003440	0.000566	-2.512925	-0.000566	1.003440	-1.492778	
432	1.004020	0.000650	-2.718466	-0.000650	1.004020	-1.632052	
433	1.005417	0.000375	-3.583152	-0.000375	1.005417	-2.150548	
434	1.004500	0.000355	-2.891051	-0.000355	1.004500	-1.836261	
435	1.003459	0.000378	-2.120573	-0.000378	1.003459	-1.367985	
436	1.002522	0.000396	-1.616910	-0.000396	1.002522	-0.897180	
437	1.003563	0.000321	-2.260836	-0.000321	1.003563	-1.444331	
438	1.002133	0.000178	-1.320325	-0.000178	1.002133	-0.968326	
439	1.003129	0.000202	-1.752096	-0.000202	1.003129	-1.412815	
440	1.002142	0.000327	-1.107956	-0.000327	1.002142	-0.907724	
441	1.002456	0.000206	-1.340471	-0.000206	1.002456	-1.021015	
442	1.001507	0.000128	-0.778479	-0.000128	1.001507	-0.459733	
443	1.001998	0.000250	-1.079444	-0.000250	1.001998	-0.705248	
444	1.001491	0.000216	-0.715270	-0.000216	1.001491	-0.473230	
445	0.999952	0.000427	0.156651	-0.000427	0.999952	0.476504	
446	1.000060	0.000370	-0.028870	-0.000370	1.000060	0.371702	
447	1.000189	0.000443	-0.183530	-0.000443	1.000189	0.369606	
448	0.999916	0.000615	-0.056434	-0.000615	0.999916	0.744945	
449	0.999989	0.000767	-0.324062	-0.000767	0.999989	0.759610	
450	0.999922	0.000914	-0.698023	-0.000914	0.999922	0.716117	
451	0.999919	0.001190	-1.088883	-0.001190	0.999919	0.783550	
452	0.999991	0.001242	-1.422161	-0.001242	0.999991	0.739977	
453	0.999971	0.001552	-1.822428	-0.001552	0.999971	0.889038	
454	0.999971	0.001717	-2.299295	-0.001717	0.999971	1.029440	
455	1.000081	0.002066	-2.941550	-0.002066	1.000081	1.130351	
456	1.000218	0.002840	-4.227984	-0.002840	1.000218	1.334056	
457	1.000236	0.003374	-5.242269	-0.003374	1.000236	1.453732	
458	1.000329	0.003838	-5.788442	-0.003838	1.000329	1.395759	
459	1.000716	0.001178	-7.424912	-0.001178	1.000716	-0.998120	
460	1.005131	0.005628	-9.664641	-0.005628	1.005131	-0.167951	
461	0.996762	0.006504	-4.710066	-0.006504	0.996762	4.971143	
462	0.998690	0.005896	-5.422101	-0.005896	0.998690	3.247973	
463	0.999169	0.002878	-3.520630	-0.002878	0.999169	1.624465	
464	0.999015	0.002295	-2.794151	-0.002295	0.999015	1.357239	
465	0.998662	0.001937	-2.206680	-0.001937	0.998662	1.234877	
466	0.998618	0.002552	-3.031859	-0.002552	0.998618	1.555882	
467	0.999557	0.003977	-4.490610	-0.003977	0.999557	1.796869	
468	0.998221	0.005037	-4.386079	-0.005037	0.998221	3.125334	
469	0.996792	0.003608	-4.035602	-0.003608	0.996792	2.692509	
470	0.996319	0.008470	-6.054321	-0.008470	0.996319	5.710739	
471	1.004589	0.007699	-9.478726	-0.007699	1.004589	0.940744	
472	1.002838	0.008542	-8.682457	-0.008542	1.002838	1.965776	
473	1.002365	0.006918	-8.104363	-0.006918	1.002365	1.693618	
474	0.996346	0.009191	-6.781000	-0.009191	0.996346	5.285635	
475	1.004272	0.006118	-7.940955	-0.006118	1.004272	0.189177	
476	0.996888	0.005172	-6.620573	-0.005172	0.996888	2.247265	
477	1.007610	0.005728	-8.864037	-0.005728	1.007610	-2.030690	
478	0.993712	-0.000022	-6.358810	0.000022	0.993712	-0.286716	
479	0.993564	-0.000395	-7.021519	0.000395	0.993564	-0.973919	
480	0.993038	0.000155	-7.221994	-0.000155	0.993038	-0.727345	
481	0.994107	0.000312	-8.434477	-0.000312	0.994107	-1.022885	
482	1.009493	0.012256	-13.757429	-0.012256	1.009493	-0.563663	
483	0.990545	0.000809	-8.232005	-0.000809	0.990545	0.349177	
484	0.991138	0.000954	-9.256128	-0.000954	0.991138	-0.002998	
485	0.991298	0.000891	-9.717963	-0.000891	0.991298	-0.112001	
486	0.992840	0.000979	-10.807834	-0.000979	0.992840	-0.413816	
487	0.991741	0.000632	-10.363402	-0.000632	0.991741	-0.327168	
488	0.991802	0.000265	-10.882407	-0.000265	0.991802	-0.628397	
489	0.992877	0.000633	-11.993905	-0.000633	0.992877	-0.970513	
490	0.990374	0.000817	-11.179947	-0.000817	0.990374	-0.021840	
491	0.992138	0.000995	-12.646731	-0.000995	0.992138	-0.400155	
492	0.992954	0.000758	-13.096600	-0.000758	0.992954	-0.515605	
493	0.992896	0.000996	-13.535754	-0.000996	0.992896	-0.413511	
494	0.992055	0.000867	-12.701292	-0.000867	0.992055	0.018405	
495	0.991920	0.000637	-12.348724	-0.000637	0.991920	0.038993	
496	0.992373	0.000833	-12.316188	-0.000833	0.992373	0.190325	
497	1.008520	0.010049	-13.494262	-0.010049	1.008520	-0.372251	
498	1.007604	0.007664	-11.701599	-0.007664	1.007604	-0.045032	
499	1.009453	0.007396	-13.233151	-0.007396	1.009453	-0.674684	
500	1.008706	0.010822	-14.026091	-0.010822	1.008706	1.110637	
501	1.005911	0.009329	-12.669892	-0.009329	1.005911	1.861791	
502	0.988771	0.000598	-8.284071	-0.000598	0.988771	1.851079	
503	0.988547	0.000711	-8.083064	-0.000711	0.988547	2.486622	
504	0.988092	0.000657	-7.681477	-0.000657	0.988092	2.458962	
505	1.008359	0.009490	-13.463924	-0.009490	1.008359	1.310516	
506	1.007113	0.007375	-10.373590	-0.007375	1.007113	0.702526	
507	1.007367	0.008180	-10.872154	-0.008180	1.007367	0.906823	
508	1.007022	0.007977	-11.798532	-0.007977	1.007022	1.462060	
509	0.990113	0.000828	-6.826318	-0.000828	0.990113	2.554965	
510	1.005827	0.010224	-11.004631	-0.010224	1.005827	2.412776	
511	1.006909	0.009280	-11.390974	-0.009280	1.006909	1.709331	
512	1.007935	0.008665	-10.946103	-0.008665	1.007935	0.491762	
513	0.991331	0.001132	-6.891434	-0.001132	0.991331	1.981547	
514	1.006756	0.006782	-9.992860	-0.006782	1.006756	0.777499	
515	0.992342	0.000964	-6.639021	-0.000964	0.992342	1.620518	
516	1.005041	0.006496	-8.652985	-0.006496	1.005041	1.067955	
517	1.006472	0.007364	-9.450579	-0.007364	1.006472	0.503035	
518	0.992385	0.000545	-6.156685	-0.000545	0.992385	1.837827	
519	1.006527	0.007509	-9.547115	-0.007509	1.006527	0.825126	
520	0.993224	0.000522	-6.341970	-0.000522	0.993224	1.734368	
521	1.006258	0.006229	-8.733480	-0.006229	1.006258	0.594302	
522	0.993984	0.000726	-6.750365	-0.000726	0.993984	1.723732	
523	0.993841	0.000709	-6.248394	-0.000709	0.993841	1.976009	
524	0.993640	0.000471	-6.494966	-0.000471	0.993640	1.937955	
525	1.004919	0.006910	-8.432347	-0.006910	1.004919	1.293524	
526	0.994847	0.000612	-7.436747	-0.000612	0.994847	1.669234	
527	0.994453	0.000713	-7.072822	-0.000713	0.994453	2.035643	
528	0.995651	0.000547	-7.434429	-0.000547	0.995651	1.563966	
529	0.996820	0.000569	-6.975629	-0.000569	0.996820	1.210549	
530	0.998853	0.000607	-7.684038	-0.000607	0.998853	0.583025	
531	0.997897	0.004824	-5.546350	-0.004824	0.997897	3.255363	
532	1.003912	0.004755	-7.556826	-0.004755	1.003912	0.808896	
533	1.000298	0.004549	-5.536461	-0.004549	1.000298	2.382371	
534	1.000133	0.003375	-5.235678	-0.003375	1.000133	1.831866	
535	1.000071	0.002640	-3.832958	-0.002640	1.000071	1.376501	
536	0.999966	0.002420	-3.772690	-0.002420	0.999966	1.298174	
537	1.000282	0.002336	-3.680503	-0.002336	1.000282	1.164217	
538	1.000122	0.001844	-2.762174	-0.001844	1.000122	0.844416	
539	1.000053	0.001714	-2.304222	-0.001714	1.000053	0.837089	
540	1.000207	0.001520	-2.303074	-0.001520	1.000207	0.538359	
541	1.000162	0.001406	-2.020615	-0.001406	1.000162	0.571049	
542	1.000284	0.001428	-1.837889	-0.001428	1.000284	0.798685	
543	1.001182	0.001182	-1.898371	-0.001182	1.001182	0.163284	
544	1.000541	0.001043	-1.236009	-0.001043	1.000541	0.312292	
545	1.000340	0.000630	-0.802295	-0.000630	1.000340	0.268938	
546	1.000315	0.000431	-0.644826	-0.000431	1.000315	0.167020	
547	1.000393	0.000547	-0.840864	-0.000547	1.000393	0.171043	
548	1.000323	0.000702	-1.058294	-0.000702	1.000323	0.231477	
549	1.000743	0.000595	-0.883010	-0.000595	1.000743	0.120818	
