0	1.000000	0.000000	0.000000	0.000000	1.000000	0.000000	
1	1.007804	0.001492	-13.999920	-0.001492	1.007804	-1.203104	
2	1.010622	0.001406	-20.016166	-0.001406	1.010622	-2.096752	
3	1.007589	0.001326	-13.292444	-0.001326	1.007589	-1.173873	
4	1.006952	0.001473	-12.738712	-0.001473	1.006952	-0.939399	
5	1.009276	0.001087	-18.396077	-0.001087	1.009276	-1.999539	
6	1.006634	0.000908	-12.413474	-0.000908	1.006634	-1.463963	
7	1.008642	0.001117	-17.863314	-0.001117	1.008642	-2.049017	
8	1.005973	0.001678	-11.587683	-0.001678	1.005973	-0.992201	
9	1.006020	0.002828	-11.301524	-0.002828	1.006020	-0.505269	
10	1.007969	0.001086	-16.295595	-0.001086	1.007969	-2.474146	
11	1.005884	0.001426	-10.955627	-0.001426	1.005884	-1.378763	
12	1.007906	0.000864	-15.857484	-0.000864	1.007906	-2.526427	
13	1.005327	0.002329	-9.920855	-0.002329	1.005327	-0.558936	
14	1.005898	0.001648	-10.158481	-0.001648	1.005898	-1.116707	
15	1.008797	0.001049	-14.843368	-0.001049	1.008797	-2.451363	
16	1.005887	0.001501	-8.725677	-0.001501	1.005887	-1.092008	
17	1.006596	0.002247	-8.908654	-0.002247	1.006596	-0.444486	
18	1.002791	0.000402	-2.878090	-0.000402	1.002791	0.250489	
19	1.001400	-0.000152	-0.771316	0.000152	1.001400	0.571579	
20	0.999837	-0.001083	2.092205	0.001083	0.999837	1.731990	
21	0.999459	-0.001329	2.868137	0.001329	0.999459	1.298531	
22	0.998027	-0.001072	6.228885	0.001072	0.998027	3.328638	
23	0.999225	-0.001933	4.778169	0.001933	0.999225	1.461791	
24	0.998865	-0.002069	5.546479	0.002069	0.998865	1.926459	
25	0.999261	-0.000965	9.093258	0.000965	0.999261	5.122438	
26	0.999645	-0.000399	6.597610	0.000399	0.999645	3.222433	
27	0.998984	-0.000785	10.873970	0.000785	0.998984	3.800699	
28	0.999579	-0.000348	7.751943	0.000348	0.999579	1.710337	
29	0.999604	-0.000324	7.970958	0.000324	0.999604	1.034890	
30	0.998964	-0.000917	12.641691	0.000917	0.998964	0.592971	
31	0.999374	-0.000685	8.714813	0.000685	0.999374	-0.096691	
32	0.998879	-0.000883	13.507411	0.000883	0.998879	-0.279414	
33	0.999310	-0.000628	9.043215	0.000628	0.999310	-0.258926	
34	0.999105	-0.000803	9.229783	0.000803	0.999105	-0.190812	
35	0.998466	-0.001233	13.868024	0.001233	0.998466	-0.082127	
36	0.999053	-0.000914	9.059218	0.000914	0.999053	-0.177813	
37	0.998398	-0.001213	13.299758	0.001213	0.998398	-0.378650	
38	0.998353	-0.001072	9.014671	0.001072	0.998353	-0.271648	
39	0.998425	-0.000849	8.621791	0.000849	0.998425	-0.116361	
40	0.998524	-0.001129	11.782705	0.001129	0.998524	-0.224157	
41	1.002709	-0.004516	4.266018	0.004516	1.002709	-4.517810	
42	0.998618	-0.000925	11.016140	0.000925	0.998618	-0.279594	
43	0.998710	-0.002804	6.754655	0.002804	0.998710	-1.650450	
44	0.998866	-0.002474	6.514007	0.002474	0.998866	-1.581720	
45	0.998130	-0.000809	10.396585	0.000809	0.998130	-0.440833	
46	1.000196	-0.002982	4.810022	0.002982	1.000196	-2.373398	
47	0.998777	-0.000830	9.505179	0.000830	0.998777	-0.481602	
48	0.999695	-0.002369	5.197633	0.002369	0.999695	-1.502341	
49	0.999721	-0.002372	5.100284	0.002372	0.999721	-1.500029	
50	0.998877	-0.001689	8.526791	0.001689	0.998877	-1.025572	
51	0.999728	-0.002226	4.815810	0.002226	0.999728	-1.668993	
52	0.998589	-0.004675	8.075308	0.004675	0.998589	-2.667351	
53	1.000147	-0.002056	4.389379	0.002056	1.000147	-1.968952	
54	1.000610	-0.001977	3.909891	0.001977	1.000610	-2.075008	
55	1.002738	-0.001030	4.755235	0.001030	1.002738	-2.692537	
56	1.001731	-0.001549	2.205525	0.001549	1.001731	-2.281580	
57	1.002999	-0.002212	2.513269	0.002212	1.002999	-3.104141	
58	1.002251	-0.001079	1.037104	0.001079	1.002251	-1.648193	
59	1.001978	-0.000924	0.891947	0.000924	1.001978	-1.128703	
60	1.002417	-0.001373	1.332556	0.001373	1.002417	-1.120559	
61	1.001800	-0.000752	0.711769	0.000752	1.001800	-0.577538	
62	1.002689	-0.001230	1.115433	0.001230	1.002689	-1.242962	
63	1.002028	-0.000760	0.510359	0.000760	1.002028	-0.947498	
64	1.002117	-0.000737	0.387257	0.000737	1.002117	-1.061995	
65	1.003287	-0.001212	0.515548	0.001212	1.003287	-1.640542	
66	1.002750	-0.000748	0.093354	0.000748	1.002750	-1.169689	
67	1.004504	-0.001085	0.077063	0.001085	1.004504	-1.636982	
68	1.002927	-0.000732	0.190115	0.000732	1.002927	-0.925234	
69	1.002937	-0.000824	0.207887	0.000824	1.002937	-0.947384	
70	1.003162	-0.001414	0.896526	0.001414	1.003162	-1.063623	
71	1.002989	-0.001017	0.561190	0.001017	1.002989	-1.095537	
72	1.005074	-0.001898	1.247938	0.001898	1.005074	-2.122586	
73	1.002390	-0.001343	1.589076	0.001343	1.002390	-1.145965	
74	1.001955	-0.001389	2.041213	0.001389	1.001955	-1.005063	
75	1.004105	-0.002016	2.769534	0.002016	1.004105	-1.793911	
76	1.002645	-0.001448	1.831045	0.001448	1.002645	-1.600508	
77	1.005841	-0.002110	1.654922	0.002110	1.005841	-3.373460	
78	1.004079	-0.001389	0.694846	0.001389	1.004079	-2.582033	
79	1.004055	-0.001216	0.246050	0.001216	1.004055	-2.491241	
80	1.005858	-0.001425	-0.368923	0.001425	1.005858	-3.056744	
81	1.003538	-0.000716	-0.586196	0.000716	1.003538	-1.481962	
82	1.002776	-0.000383	-0.351573	0.000383	1.002776	-0.264371	
83	1.002273	-0.000310	-0.592268	0.000310	1.002273	0.023643	
84	1.002218	-0.000349	-0.595391	0.000349	1.002218	0.102449	
85	1.003432	-0.000628	-0.669306	0.000628	1.003432	0.184077	
86	1.002716	-0.000491	-0.454896	0.000491	1.002716	-0.367333	
87	1.007195	-0.001057	-1.928659	0.001057	1.007195	-2.940498	
88	1.008622	-0.000940	-3.151327	0.000940	1.008622	-4.905861	
89	1.010413	-0.001142	-4.058372	0.001142	1.010413	-6.776594	
90	1.018816	-0.000673	-6.162336	0.000673	1.018816	-11.986119	
91	1.011787	-0.001494	-3.298671	0.001494	1.011787	-8.435845	
92	1.016966	-0.000865	-2.198434	0.000865	1.016966	-11.865105	
93	1.009884	-0.000857	0.827186	0.000857	1.009884	-7.530148	
94	1.008352	-0.000548	3.379483	0.000548	1.008352	-6.768951	
95	1.010310	-0.001154	9.309847	0.001154	1.010310	-9.326908	
96	1.004140	-0.001037	9.476091	0.001037	1.004140	-5.292991	
97	1.003379	-0.001249	17.912587	0.001249	1.003379	-7.246609	
98	1.000577	-0.000647	13.528339	0.000647	1.000577	-4.014852	
99	0.999524	-0.000485	13.753968	0.000485	0.999524	-3.550978	
100	0.999950	-0.000955	19.121034	0.000955	0.999950	-4.958442	
101	0.999669	-0.000816	11.796933	0.000816	0.999669	-2.947737	
102	0.999808	-0.000936	16.090651	0.000936	0.999808	-3.518155	
103	0.999721	-0.000423	9.463737	0.000423	0.999721	-1.700885	
104	1.005969	-0.007095	2.552042	0.007095	1.005969	-8.243674	
105	0.999570	-0.000764	10.352254	0.000764	0.999570	-1.340065	
106	0.999768	-0.002947	4.987305	0.002947	0.999768	-2.019559	
107	0.999669	-0.000504	7.343069	0.000504	0.999669	-0.564596	
108	0.999351	-0.002139	3.795639	0.002139	0.999351	-1.219984	
109	0.998769	-0.001926	3.796594	0.001926	0.998769	-0.767700	
110	0.997607	-0.002820	5.915087	0.002820	0.997607	-0.751046	
111	0.998071	-0.002214	4.466465	0.002214	0.998071	-0.563859	
112	0.996445	-0.000716	9.178455	0.000716	0.996445	0.997479	
113	0.997882	-0.002170	6.182702	0.002170	0.997882	-0.141909	
114	0.998023	-0.002158	6.445239	0.002158	0.998023	-0.054345	
115	0.996245	-0.000606	11.658139	0.000606	0.996245	1.739608	
116	0.997000	-0.001899	7.971162	0.001899	0.997000	0.318600	
117	0.995876	-0.000441	12.855973	0.000441	0.995876	1.978241	
118	0.996971	-0.000742	8.777247	0.000742	0.996971	1.168645	
119	0.996380	-0.000865	9.210073	0.000865	0.996380	1.489105	
120	0.994675	-0.000875	14.089618	0.000875	0.994675	3.102094	
121	0.996138	-0.001036	9.532503	0.001036	0.996138	2.523904	
122	0.994340	-0.000627	14.885120	0.000627	0.994340	5.675770	
123	0.995796	-0.000941	10.178331	0.000941	0.995796	4.147652	
124	0.996058	-0.000571	10.255367	0.000571	0.996058	4.758350	
125	0.993850	-0.000349	16.552786	0.000349	0.993850	8.436214	
126	0.996304	-0.000485	11.398056	0.000485	0.996304	5.934177	
127	0.995304	-0.001297	18.257538	0.001297	0.995304	9.495551	
128	0.997946	-0.001066	12.244677	0.001066	0.997946	5.962895	
129	0.999316	-0.001513	11.919035	0.001513	0.999316	4.973548	
130	1.000081	-0.001671	17.434208	0.001671	1.000081	7.715711	
131	1.000287	-0.001120	11.360929	0.001120	1.000287	4.506019	
132	1.000470	-0.001511	17.446289	0.001511	1.000470	6.658107	
133	1.000129	-0.001063	11.375827	0.001063	1.000129	4.166229	
134	1.000170	-0.001039	10.871466	0.001039	1.000170	4.076376	
135	1.000031	-0.001268	15.914034	0.001268	1.000031	5.858656	
136	1.000305	-0.000919	9.846946	0.000919	1.000305	3.086135	
137	0.999951	-0.001042	14.700038	0.001042	0.999951	4.246225	
138	1.000228	-0.000729	9.327119	0.000729	1.000228	2.434065	
139	1.000154	-0.000831	9.178887	0.000831	1.000154	2.160934	
140	0.998913	-0.001285	14.080567	0.001285	0.998913	3.681412	
141	0.999118	-0.000610	9.003377	0.000610	0.999118	2.542048	
142	0.998718	-0.000751	12.508541	0.000751	0.998718	3.671622	
143	0.998657	-0.000409	7.593801	0.000409	0.998657	2.618443	
144	0.997750	-0.000984	7.505949	0.000984	0.997750	2.564432	
145	0.997261	-0.000354	10.355123	0.000354	0.997261	4.720475	
146	0.998156	-0.002596	6.031553	0.002596	0.998156	1.274779	
147	0.997591	-0.000183	8.536889	0.000183	0.997591	4.761693	
148	0.998093	-0.002141	5.257139	0.002141	0.998093	1.461009	
149	0.998141	-0.001952	5.001675	0.001952	0.998141	1.580089	
150	0.997292	-0.001348	6.910998	0.001348	0.997292	3.101248	
151	0.998571	-0.001403	3.670370	0.001403	0.998571	1.210944	
152	0.997939	-0.001491	4.113456	0.001491	0.997939	1.983938	
153	0.998540	-0.000270	1.288561	0.000270	0.998540	1.652129	
154	0.998512	0.000282	-0.068619	-0.000282	0.998512	1.907394	
155	0.997459	0.001269	-1.786589	-0.001269	0.997459	3.531921	
156	0.998389	0.001240	-2.090587	-0.001240	0.998389	2.341091	
157	0.997939	0.001036	-5.363829	-0.001036	0.997939	2.869417	
158	0.998030	0.002060	-4.080853	-0.002060	0.998030	2.636298	
159	0.997449	0.002179	-4.547440	-0.002179	0.997449	2.655241	
160	0.997306	0.001001	-9.671981	-0.001001	0.997306	1.211929	
161	0.997678	0.000611	-7.136294	-0.000611	0.997678	0.543910	
162	0.996459	0.000732	-11.989331	-0.000732	0.996459	0.513406	
163	0.996983	0.000829	-7.996748	-0.000829	0.996983	0.971276	
164	0.997205	0.000762	-8.212396	-0.000762	0.997205	1.083505	
165	0.996007	0.001071	-12.545941	-0.001071	0.996007	1.828037	
166	0.997302	0.000949	-8.395090	-0.000949	0.997302	1.466119	
167	0.996202	0.001261	-12.372788	-0.001261	0.996202	1.957842	
168	0.997389	0.000934	-8.006448	-0.000934	0.997389	1.182880	
169	0.996026	0.002656	-6.703978	-0.002656	0.996026	2.627386	
170	0.996284	0.001101	-11.397751	-0.001101	0.996284	0.980951	
171	0.997170	0.001269	-7.224821	-0.001269	0.997170	0.883169	
172	0.996452	0.001107	-11.771597	-0.001107	0.996452	0.563116	
173	0.997556	0.000747	-7.827625	-0.000747	0.997556	0.442104	
174	0.997504	0.000805	-7.892725	-0.000805	0.997504	0.553844	
175	0.996096	0.001236	-12.326864	-0.001236	0.996096	0.962943	
176	0.997671	0.000982	-8.818459	-0.000982	0.997671	0.525700	
177	0.996576	0.001260	-13.613024	-0.001260	0.996576	0.534533	
178	0.997636	0.000854	-9.205262	-0.000854	0.997636	0.395825	
179	0.997548	0.001073	-9.373795	-0.001073	0.997548	0.654592	
180	0.996465	0.001520	-14.619194	-0.001520	0.996465	1.007770	
181	0.997850	0.000950	-10.205354	-0.000950	0.997850	0.618472	
182	0.996315	0.001368	-15.719999	-0.001368	0.996315	1.204947	
183	0.998198	0.001147	-11.463791	-0.001147	0.998198	0.606255	
184	0.998261	0.001207	-12.133539	-0.001207	0.998261	0.656051	
185	0.996991	0.001501	-19.875338	-0.001501	0.996991	0.887373	
186	0.998466	0.001590	-14.694182	-0.001590	0.998466	0.801428	
187	0.997512	0.002136	-23.773965	-0.002136	0.997512	1.291950	
188	0.997716	0.001643	-16.395957	-0.001643	0.997716	1.148942	
189	0.997833	0.001802	-17.230888	-0.001802	0.997833	1.236326	
190	0.997047	0.002185	-26.192332	-0.002185	0.997047	1.863567	
191	0.997915	0.001725	-17.497593	-0.001725	0.997915	1.576113	
192	0.997585	0.002617	-26.905528	-0.002617	0.997585	2.280272	
193	0.999012	0.001899	-18.432173	-0.001899	0.999012	1.448411	
194	1.000426	0.001985	-19.421842	-0.001985	1.000426	0.969871	
195	1.000781	0.002764	-29.309468	-0.002764	1.000781	1.265107	
196	0.999751	0.001659	-18.944117	-0.001659	0.999751	1.053015	
197	1.001041	0.002603	-29.204051	-0.002603	1.001041	1.239153	
198	1.000067	0.001612	-18.820498	-0.001612	1.000067	0.953865	
199	1.000419	0.001562	-18.480527	-0.001562	1.000419	0.842529	
200	1.002059	0.002498	-28.175324	-0.002498	1.002059	0.818447	
201	1.001439	0.001566	-18.242059	-0.001566	1.001439	0.526966	
202	1.001461	0.002130	-26.261685	-0.002130	1.001461	1.027292	
203	1.000592	0.001486	-16.766868	-0.001486	1.000592	0.860526	
204	1.000705	0.001597	-16.354125	-0.001597	1.000705	0.886153	
205	1.001490	0.002943	-23.791129	-0.002943	1.001490	1.271538	
206	1.000389	0.001473	-14.935175	-0.001473	1.000389	0.503919	
207	1.000657	0.001820	-21.573088	-0.001820	1.000657	0.195469	
208	1.000437	0.001214	-13.762640	-0.001214	1.000437	0.060490	
209	1.000284	0.001129	-12.911709	-0.001129	1.000284	0.132235	
210	1.000508	0.001588	-18.070021	-0.001588	1.000508	0.097611	
211	1.000676	0.001160	-11.352414	-0.001160	1.000676	0.128845	
212	1.000985	0.001229	-15.650727	-0.001229	1.000985	-0.264873	
213	1.000558	0.000949	-9.005194	-0.000949	1.000558	-0.271829	
214	1.000855	0.000751	-7.873298	-0.000751	1.000855	-0.795827	
215	1.001214	0.000882	-9.885111	-0.000882	1.001214	-2.121481	
216	1.001205	0.002342	-5.420975	-0.002342	1.001205	-0.824164	
217	1.004263	0.000633	-8.382699	-0.000633	1.004263	-5.341710	
218	1.003920	0.001587	-5.190179	-0.001587	1.003920	-3.326198	
219	1.005016	0.001332	-5.304248	-0.001332	1.005016	-4.165060	
220	1.007842	0.001426	-7.297076	-0.001426	1.007842	-6.626389	
221	1.005049	0.000790	-4.379661	-0.000790	1.005049	-4.234279	
222	1.007382	0.000832	-5.669906	-0.000832	1.007382	-6.032663	
223	1.004517	0.000358	-3.076229	-0.000358	1.004517	-3.668218	
224	1.003382	0.000343	-2.398985	-0.000343	1.003382	-3.004399	
225	1.002475	0.000845	-2.672402	-0.000845	1.002475	-2.864272	
226	1.000657	0.000741	-1.500820	-0.000741	1.000657	-1.186330	
227	1.000933	0.001026	-2.124354	-0.001026	1.000933	-1.775510	
228	1.000441	0.000600	-1.174697	-0.000600	1.000441	-0.985315	
229	1.000420	0.000472	-1.038553	-0.000472	1.000420	-1.002493	
230	1.000558	0.000573	-1.274936	-0.000573	1.000558	-1.408410	
231	1.000296	0.000206	-0.577292	-0.000206	1.000296	-0.830434	
232	1.000771	0.000126	-0.618126	-0.000126	1.000771	-1.404426	
233	1.000522	-0.000011	-0.086870	0.000011	1.000522	-1.102768	
234	1.000739	-0.000146	-0.057390	0.000146	1.000739	-1.387416	
235	1.001854	-0.000403	-0.173222	0.000403	1.001854	-2.564736	
236	1.001522	-0.000296	0.126034	0.000296	1.001522	-1.928483	
237	1.002853	-0.000886	0.869493	0.000886	1.002853	-3.436025	
238	1.002117	-0.000756	0.962535	0.000756	1.002117	-2.332301	
239	1.001687	-0.001302	1.633501	0.001302	1.001687	-2.356091	
240	1.003782	-0.001916	2.186745	0.001916	1.003782	-4.002489	
241	1.002391	-0.001286	1.751560	0.001286	1.002391	-2.524743	
242	1.003089	-0.003147	3.538629	0.003147	1.003089	-4.014646	
243	1.002310	-0.001633	2.072048	0.001633	1.002310	-2.578828	
244	1.002116	-0.001662	2.263187	0.001662	1.002116	-2.421224	
245	1.003483	-0.002748	3.325302	0.002748	1.003483	-3.841322	
246	1.002159	-0.001820	2.309499	0.001820	1.002159	-2.522676	
247	1.002762	-0.003465	3.773824	0.003465	1.002762	-3.996294	
248	1.001963	-0.002094	2.510341	0.002094	1.001963	-2.613421	
249	1.001979	-0.001940	2.451577	0.001940	1.001979	-2.548385	
250	1.004230	-0.002144	3.239942	0.002144	1.004230	-3.816018	
251	1.002308	-0.001975	2.469575	0.001975	1.002308	-2.750711	
252	1.004535	-0.001456	3.917508	0.001456	1.004535	-3.501085	
253	1.002471	-0.002232	2.895076	0.002232	1.002471	-2.966473	
254	1.002560	-0.002289	2.975431	0.002289	1.002560	-2.913754	
255	1.003292	-0.000869	5.897086	0.000869	1.003292	-2.550208	
256	1.002396	-0.002546	3.452978	0.002546	1.002396	-2.977220	
257	1.003537	-0.000824	6.064473	0.000824	1.003537	-2.487437	
258	1.002874	-0.002197	3.308124	0.002197	1.002874	-2.739436	
259	1.002378	-0.002321	3.409150	0.002321	1.002378	-2.672744	
260	1.003725	-0.001334	5.432672	0.001334	1.003725	-2.597502	
261	1.002436	-0.002363	3.373013	0.002363	1.002436	-2.730134	
262	1.003534	-0.000615	5.831016	0.000615	1.003534	-2.101578	
263	1.002841	-0.002587	3.245678	0.002587	1.002841	-3.045246	
264	1.003054	-0.002413	3.078139	0.002413	1.003054	-3.020423	
265	1.003486	-0.000764	6.300512	0.000764	1.003486	-2.025753	
266	1.002977	-0.002236	3.604834	0.002236	1.002977	-2.693425	
