0	1.000000	0.000000	0.000000	0.000000	1.000000	0.000000	
1	0.999998	-0.000106	-0.456127	0.000106	0.999998	-0.085393	
2	0.999996	-0.000185	-1.129859	0.000185	0.999996	-0.184029	
3	0.999957	-0.000120	-0.626692	0.000120	0.999957	-0.090269	
4	1.000001	-0.000155	-0.748968	0.000155	1.000001	-0.110010	
5	0.999965	-0.000115	-0.782099	0.000115	0.999965	-0.070482	
6	0.999995	-0.000167	-0.837399	0.000167	0.999995	-0.116985	
7	0.999964	-0.000115	-0.934744	0.000115	0.999964	-0.110236	
8	0.999863	-0.000106	-0.968677	0.000106	0.999863	-0.090918	
9	1.000056	-0.000242	-1.186160	0.000242	1.000056	-0.196536	
10	1.000045	-0.000207	-1.342283	0.000207	1.000045	-0.153489	
11	0.999959	-0.000213	-1.487179	0.000213	0.999959	-0.148290	
12	1.000188	-0.000694	-3.622798	0.000694	1.000188	-0.565375	
13	0.999987	-0.000345	-2.044913	0.000345	0.999987	-0.293551	
14	1.000074	-0.000398	-2.193112	0.000398	1.000074	-0.360558	
15	1.000071	-0.000425	-2.367517	0.000425	1.000071	-0.356593	
16	1.000064	-0.000440	-2.439510	0.000440	1.000064	-0.365339	
17	1.002499	-0.000600	-7.689128	0.000600	1.002499	-1.141636	
18	1.000093	-0.000507	-2.724101	0.000507	1.000093	-0.380022	
19	1.000154	-0.000599	-2.848345	0.000599	1.000154	-0.473110	
20	1.000160	-0.000528	-2.961731	0.000528	1.000160	-0.462483	
21	1.000042	-0.000604	-2.897488	0.000604	1.000042	-0.474131	
22	0.999759	0.000742	-8.211713	-0.000742	0.999759	0.513641	
23	1.000154	-0.000636	-3.283521	0.000636	1.000154	-0.498621	
24	1.000284	-0.000773	-3.534605	0.000773	1.000284	-0.611851	
25	1.000367	-0.000669	-3.721340	0.000669	1.000367	-0.567918	
26	1.001658	-0.000536	-5.189161	0.000536	1.001658	-0.831845	
27	0.999878	0.000917	-9.937031	-0.000917	0.999878	0.445629	
28	1.000002	-0.000884	-3.760097	0.000884	1.000002	-0.792638	
29	1.000268	-0.000993	-4.150517	0.000993	1.000268	-0.922878	
30	1.000805	-0.000875	-4.978800	0.000875	1.000805	-0.867903	
31	1.001925	-0.000737	-6.513506	0.000737	1.001925	-0.999005	
32	0.999000	0.001335	-14.179075	-0.001335	0.999000	1.251809	
33	0.996812	-0.000107	-5.648174	0.000107	0.996812	0.687074	
34	0.999493	0.000895	-9.361764	-0.000895	0.999493	0.603222	
35	0.999636	0.001068	-10.688389	-0.001068	0.999636	0.671473	
36	0.998600	0.001157	-11.277561	-0.001157	0.998600	0.968225	
37	0.998500	0.002039	-28.397731	-0.002039	0.998500	1.578868	
38	0.998489	0.001774	-16.748873	-0.001774	0.998489	1.544540	
39	0.997525	0.002700	-18.790197	-0.002700	0.997525	2.379033	
40	0.998663	0.002570	-21.246375	-0.002570	0.998663	2.010496	
41	0.999403	0.002174	-22.945247	-0.002174	0.999403	1.518065	
42	1.000531	0.003780	-52.028570	-0.003780	1.000531	2.231308	
43	1.001669	0.001874	-28.395033	-0.001874	1.001669	0.679230	
44	1.002257	0.001872	-29.947976	-0.001872	1.002257	0.576382	
45	1.003475	0.001874	-30.791922	-0.001874	1.003475	0.184398	
46	1.001811	0.001451	-29.894684	-0.001451	1.001811	0.322077	
47	1.003862	0.002084	-58.243522	-0.002084	1.003862	-0.014124	
48	0.999319	0.001818	-27.638265	-0.001818	0.999319	1.040509	
49	1.000331	0.001911	-27.591709	-0.001911	1.000331	0.926692	
50	1.001003	0.002105	-26.775744	-0.002105	1.001003	0.884691	
51	0.997444	0.002390	-24.121028	-0.002390	0.997444	2.076419	
52	0.996032	0.004002	-45.108396	-0.004002	0.996032	3.600837	
53	0.997426	0.002612	-21.137499	-0.002612	0.997426	2.191460	
54	1.000482	0.001694	-20.949236	-0.001694	1.000482	0.781175	
55	0.997916	0.002322	-18.449922	-0.002322	0.997916	1.872458	
56	0.998938	0.001867	-17.685524	-0.001867	0.998938	1.306480	
57	1.001289	0.001806	-31.999417	-0.001806	1.001289	0.765509	
58	0.999150	0.001265	-13.966300	-0.001265	0.999150	0.901341	
59	1.000096	0.001142	-12.859943	-0.001142	1.000096	0.612689	
60	1.000909	0.001187	-11.857839	-0.001187	1.000909	0.404994	
61	1.000445	0.001071	-10.356701	-0.001071	1.000445	0.372318	
62	1.000807	0.001342	-15.887456	-0.001342	1.000807	0.285021	
63	1.001527	-0.000886	-4.943714	0.000886	1.001527	-1.006255	
64	1.001226	-0.000751	-3.839009	0.000751	1.001226	-0.902249	
65	1.000875	-0.000486	-2.829246	0.000486	1.000875	-0.625962	
66	1.000511	-0.000294	-2.119679	0.000294	1.000511	-0.460796	
67	1.000713	-0.000485	-2.392092	0.000485	1.000713	-0.516155	
68	1.000103	-0.000019	-0.510377	0.000019	1.000103	-0.113533	
69	1.000048	-0.000045	-0.253622	0.000045	1.000048	-0.065094	
70	0.999969	-0.000055	0.026346	0.000055	0.999969	-0.162596	
71	0.999976	-0.000038	0.021082	0.000038	0.999976	-0.128039	
72	0.999942	-0.000028	0.037473	0.000028	0.999942	-0.135666	
73	0.999997	-0.000020	-0.007259	0.000020	0.999997	-0.025709	
74	0.999998	-0.000022	-0.004848	0.000022	0.999998	-0.015056	
75	0.999999	-0.000024	-0.008924	0.000024	0.999999	-0.012559	
76	1.000008	-0.000023	-0.012355	0.000023	1.000008	-0.008948	
77	1.000023	-0.000034	-0.023263	0.000034	1.000023	-0.012521	
78	0.999989	-0.000048	-0.004336	0.000048	0.999989	-0.020511	
79	1.000017	-0.000001	-0.001578	0.000001	1.000017	0.004528	
80	0.999960	-0.000023	0.164562	0.000023	0.999960	-0.065998	
81	0.999905	-0.000064	0.231194	0.000064	0.999905	-0.074223	
82	0.999671	0.000036	0.911320	-0.000036	0.999671	0.028878	
83	0.999715	-0.000033	1.108851	0.000033	0.999715	-0.054675	
84	0.999429	0.000103	1.740477	-0.000103	0.999429	0.080349	
85	0.999298	0.000188	2.433148	-0.000188	0.999298	0.172002	
86	0.999084	0.000343	3.132758	-0.000343	0.999084	0.264432	
87	0.999302	-0.000954	10.063302	0.000954	0.999302	-0.775085	
88	0.997020	0.000286	6.979533	-0.000286	0.997020	0.723289	
89	0.998516	-0.000673	7.657522	0.000673	0.998516	-0.235401	
90	0.999863	-0.000668	7.663974	0.000668	0.999863	-0.601041	
91	0.994489	0.000989	10.249007	-0.000989	0.994489	1.640710	
92	0.999788	-0.001756	19.242243	0.001756	0.999788	-1.322986	
93	0.999409	-0.001415	10.860696	0.001415	0.999409	-0.759471	
94	0.999615	-0.001191	11.067594	0.001191	0.999615	-0.661758	
95	0.999752	-0.001241	11.391789	0.001241	0.999752	-0.756492	
96	1.000438	-0.001022	11.423768	0.001022	1.000438	-0.799510	
97	1.000020	-0.002092	23.331979	0.002092	1.000020	-1.391484	
98	1.000291	-0.001104	11.635267	0.001104	1.000291	-0.819885	
99	0.999669	-0.000980	11.764488	0.000980	0.999669	-0.545957	
100	1.000218	-0.001056	11.352050	0.001056	1.000218	-0.725957	
101	1.000287	-0.001003	11.150221	0.001003	1.000287	-0.683059	
102	1.001417	-0.002124	20.878029	0.002124	1.001417	-1.496966	
103	1.000205	-0.001123	10.116004	0.001123	1.000205	-0.689305	
104	0.999536	-0.000968	9.927161	0.000968	0.999536	-0.477586	
105	0.999693	-0.000991	9.335683	0.000991	0.999693	-0.659493	
106	1.000072	-0.000878	8.773819	0.000878	1.000072	-0.710923	
107	0.999739	-0.001514	16.186864	0.001514	0.999739	-0.991294	
108	0.996218	0.001369	6.563522	-0.001369	0.996218	1.474705	
109	0.998138	-0.000367	7.408406	0.000367	0.998138	0.327435	
110	0.999525	0.000688	5.236326	-0.000688	0.999525	0.566293	
111	0.997771	0.000334	6.294328	-0.000334	0.997771	0.789852	
112	0.999862	-0.001165	10.967937	0.001165	0.999862	-0.787884	
113	0.999364	0.000684	4.064063	-0.000684	0.999364	0.594272	
114	0.999306	0.000573	3.775013	-0.000573	0.999306	0.579289	
115	0.999745	0.000449	3.210337	-0.000449	0.999745	0.527467	
116	0.999714	0.000351	2.900034	-0.000351	0.999714	0.449080	
117	0.998349	0.000500	6.049545	-0.000500	0.998349	0.769351	
118	0.999905	0.000239	1.873808	-0.000239	0.999905	0.121051	
119	0.999872	0.000048	1.462361	-0.000048	0.999872	-0.051222	
120	0.999964	0.000168	1.018959	-0.000168	0.999964	0.108013	
121	0.999941	0.000089	0.748467	-0.000089	0.999941	0.060003	
122	0.999929	0.000037	0.960090	-0.000037	0.999929	0.092112	
123	1.000036	0.000000	0.205205	-0.000000	1.000036	-0.014763	
124	0.999949	0.000008	0.203000	-0.000008	0.999949	0.007697	
125	0.999976	-0.000038	0.449620	0.000038	0.999976	-0.120876	
126	0.999906	0.000055	0.628222	-0.000055	0.999906	-0.210741	
127	0.999841	0.000618	3.232497	-0.000618	0.999841	-0.125519	
128	0.999918	0.000478	3.593877	-0.000478	0.999918	0.039376	
129	0.998281	0.000198	6.142494	-0.000198	0.998281	0.290077	
130	0.998142	0.000285	7.730362	-0.000285	0.998142	0.155134	
131	1.000548	-0.000627	8.532707	0.000627	1.000548	-1.066268	
132	1.000975	-0.001909	17.199630	0.001909	1.000975	-1.611623	
133	0.998337	0.000482	6.204387	-0.000482	0.998337	0.912637	
134	0.999867	0.000377	2.241208	-0.000377	0.999867	0.685824	
135	1.000129	-0.000123	-0.531015	0.000123	1.000129	0.339620	
136	1.000200	-0.000422	-2.580712	0.000422	1.000200	0.000185	
137	0.999792	0.000980	-11.921420	-0.000980	0.999792	0.166049	
138	0.997530	-0.000089	-5.800520	0.000089	0.997530	0.066947	
139	1.000118	0.000837	-9.055201	-0.000837	1.000118	-0.209684	
140	0.999746	0.000823	-9.408992	-0.000823	0.999746	-0.143683	
141	1.004422	-0.001386	-10.845805	0.001386	1.004422	-2.411653	
142	0.999694	0.001536	-19.933623	-0.001536	0.999694	0.497906	
143	0.999659	0.000855	-9.662067	-0.000855	0.999659	0.362314	
144	1.000404	0.000834	-9.771589	-0.000834	1.000404	0.157852	
145	0.999470	0.000772	-8.511074	-0.000772	0.999470	0.504335	
146	1.002373	-0.000137	-8.862660	0.000137	1.002373	-0.700851	
147	1.000624	0.001020	-13.214623	-0.001020	1.000624	0.361943	
148	1.000849	-0.000708	-3.986172	0.000708	1.000849	-0.701898	
149	1.000761	-0.000535	-3.037465	0.000535	1.000761	-0.528580	
150	1.000418	-0.000234	-2.184435	0.000234	1.000418	-0.283719	
151	1.000206	-0.000171	-1.411237	0.000171	1.000206	-0.174650	
152	1.000259	-0.000161	-1.615537	0.000161	1.000259	-0.187975	
153	1.000007	-0.000025	-0.377719	0.000025	1.000007	-0.026210	
154	0.999997	0.000014	0.019881	-0.000014	0.999997	-0.010038	
155	1.000014	0.000046	0.025214	-0.000046	1.000014	0.005868	
156	1.000031	0.000051	0.021305	-0.000051	1.000031	0.009201	
157	1.000003	0.000031	0.028756	-0.000031	1.000003	-0.009972	
158	1.000035	0.000069	-0.010268	-0.000069	1.000035	0.034142	
159	1.000060	0.000063	-0.026763	-0.000063	1.000060	0.028250	
160	1.000018	0.000048	0.013671	-0.000048	1.000018	0.009667	
161	1.000069	0.000070	-0.046825	-0.000070	1.000069	0.007446	
162	1.000048	-0.000083	-0.424723	0.000083	1.000048	-0.070661	
163	1.000127	0.000012	-0.283314	-0.000012	1.000127	-0.029325	
164	1.000097	-0.000035	-0.320038	0.000035	1.000097	-0.042055	
165	1.000158	0.000032	-0.402597	-0.000032	1.000158	0.001623	
166	1.000158	-0.000020	-0.518779	0.000020	1.000158	-0.033263	
167	1.000141	-0.000150	-0.889990	0.000150	1.000141	-0.128291	
168	1.000162	-0.000033	-0.650976	0.000033	1.000162	-0.075753	
169	1.000190	0.000031	-0.709502	-0.000031	1.000190	-0.050496	
170	1.000214	-0.000008	-0.731409	0.000008	1.000214	-0.064860	
171	1.000250	0.000025	-0.789845	-0.000025	1.000250	-0.050599	
172	1.000256	-0.000050	-1.382765	0.000050	1.000256	-0.088082	
173	1.000204	-0.000017	-0.734358	0.000017	1.000204	-0.062423	
174	1.000209	0.000003	-0.733398	-0.000003	1.000209	-0.035834	
175	1.000253	0.000079	-0.762305	-0.000079	1.000253	0.005456	
176	1.000198	-0.000038	-0.705137	0.000038	1.000198	-0.052099	
177	1.000196	-0.000139	-1.056422	0.000139	1.000196	-0.117363	
178	1.000192	-0.000019	-0.599276	0.000019	1.000192	-0.026783	
179	1.000192	-0.000016	-0.568028	0.000016	1.000192	-0.029172	
180	1.000222	0.000063	-0.444301	-0.000063	1.000222	0.019136	
181	1.000117	-0.000000	-0.289098	0.000000	1.000117	-0.019894	
182	1.000100	-0.000076	-0.408912	0.000076	1.000100	-0.073445	
183	1.000080	0.000029	-0.030583	-0.000029	1.000080	0.007503	
184	1.000097	0.000051	-0.034533	-0.000051	1.000097	0.021711	
185	1.000075	-0.000004	-0.029931	0.000004	1.000075	-0.003354	
186	1.000093	0.000016	-0.033647	-0.000016	1.000093	0.005278	
187	1.000072	0.000022	-0.024334	-0.000022	1.000072	0.015240	
188	1.000089	0.000035	-0.024671	-0.000035	1.000089	0.021999	
189	1.000053	0.000050	-0.013721	-0.000050	1.000053	0.025486	
190	1.000017	-0.000001	-0.002042	0.000001	1.000017	0.006390	
191	0.999988	-0.000043	0.005074	0.000043	0.999988	-0.012533	
192	1.000020	0.000033	0.007662	-0.000033	1.000020	0.017115	
193	0.999986	0.000028	0.007452	-0.000028	0.999986	0.017823	
194	0.999969	0.000036	0.013163	-0.000036	0.999969	0.021348	
195	0.999964	0.000024	0.015602	-0.000024	0.999964	0.019103	
196	0.999925	0.000007	0.026580	-0.000007	0.999925	0.010503	
197	0.999952	0.000004	0.031338	-0.000004	0.999952	0.024391	
198	0.999982	-0.000067	0.015079	0.000067	0.999982	-0.008702	
199	0.999995	-0.000126	0.003435	0.000126	0.999995	-0.025073	
200	1.000030	-0.000137	0.012904	0.000137	1.000030	-0.037260	
201	0.999976	-0.000148	0.038181	0.000148	0.999976	-0.049332	
202	0.999804	-0.000066	0.448657	0.000066	0.999804	0.004342	
203	0.999848	0.000023	0.328255	-0.000023	0.999848	0.024836	
204	0.999900	0.000052	0.303378	-0.000052	0.999900	0.030850	
205	0.999945	0.000076	0.335581	-0.000076	0.999945	0.029363	
206	0.999903	0.000038	0.439665	-0.000038	0.999903	0.033969	
207	0.999872	-0.000074	0.591758	0.000074	0.999872	0.007449	
208	0.999913	-0.000056	0.384222	0.000056	0.999913	0.013025	
209	0.999994	-0.000057	0.294773	0.000057	0.999994	0.001026	
210	1.000005	-0.000034	0.265835	0.000034	1.000005	0.004603	
211	0.999940	-0.000060	0.274092	0.000060	0.999940	-0.004753	
212	1.000009	0.000049	0.460708	-0.000049	1.000009	0.044808	
213	0.999891	0.000006	0.272576	-0.000006	0.999891	0.001119	
214	0.999933	0.000009	0.310021	-0.000009	0.999933	0.010063	
215	0.999961	0.000024	0.303539	-0.000024	0.999961	0.010350	
216	0.999987	0.000066	0.329017	-0.000066	0.999987	0.034638	
217	0.999859	0.000041	0.758292	-0.000041	0.999859	0.049125	
218	0.999892	0.000051	0.568676	-0.000051	0.999892	0.052376	
219	0.999837	0.000045	0.618929	-0.000045	0.999837	0.062685	
220	0.999843	0.000002	0.756527	-0.000002	0.999843	0.033938	
221	0.999851	0.000024	0.795466	-0.000024	0.999851	0.058897	
222	0.999729	0.000179	1.811717	-0.000179	0.999729	0.166170	
223	0.999858	0.000126	1.009774	-0.000126	0.999858	0.107382	
224	0.999886	0.000122	1.079733	-0.000122	0.999886	0.089169	
225	0.999919	-0.000071	1.138215	0.000071	0.999919	-0.031815	
226	0.999866	0.000156	1.249120	-0.000156	0.999866	0.116075	
227	0.999697	0.000237	2.756100	-0.000237	0.999697	0.173509	
228	0.999905	0.000218	1.526514	-0.000218	0.999905	0.153406	
229	0.999829	0.000223	1.603358	-0.000223	0.999829	0.158645	
230	0.999843	0.000275	1.772605	-0.000275	0.999843	0.225553	
231	0.999853	0.000192	1.927950	-0.000192	0.999853	0.146101	
232	0.999533	0.000510	3.999345	-0.000510	0.999533	0.404349	
233	0.999698	0.000262	2.284741	-0.000262	0.999698	0.199391	
234	0.999673	0.000278	2.314775	-0.000278	0.999673	0.224591	
235	0.999758	0.000326	2.302632	-0.000326	0.999758	0.268587	
236	0.999788	0.000391	2.297679	-0.000391	0.999788	0.294201	
237	0.999520	0.000495	4.512859	-0.000495	0.999520	0.424131	
238	0.999727	0.000325	2.294250	-0.000325	0.999727	0.268657	
239	0.999645	0.000304	2.302999	-0.000304	0.999645	0.278155	
240	0.999719	0.000290	2.191871	-0.000290	0.999719	0.228828	
241	0.999815	0.000284	2.105666	-0.000284	0.999815	0.230904	
242	0.999557	0.000440	3.887255	-0.000440	0.999557	0.318106	
243	0.999853	0.000253	1.874772	-0.000253	0.999853	0.200872	
244	0.999874	0.000241	1.813181	-0.000241	0.999874	0.191248	
245	0.999950	0.000203	1.659746	-0.000203	0.999950	0.145264	
246	0.999903	0.000143	1.543103	-0.000143	0.999903	0.122407	
247	0.999822	0.000332	2.856321	-0.000332	0.999822	0.267384	
248	0.999961	0.000211	1.184413	-0.000211	0.999961	0.143680	
249	0.999876	0.000086	1.141195	-0.000086	0.999876	0.085688	
250	0.999884	-0.000126	1.054708	0.000126	0.999884	-0.076560	
251	0.999905	0.000111	0.899768	-0.000111	0.999905	0.090253	
252	0.999928	0.000088	1.404817	-0.000088	0.999928	0.072184	
253	0.999953	0.000021	0.558453	-0.000021	0.999953	0.007920	
254	0.999961	0.000019	0.488333	-0.000019	0.999961	0.000823	
255	0.999990	-0.000004	0.330895	0.000004	0.999990	-0.018270	
256	0.999996	-0.000000	0.255800	0.000000	0.999996	-0.012155	
257	1.000003	0.000055	0.353316	-0.000055	1.000003	0.039301	
258	1.000012	-0.000005	0.052165	0.000005	1.000012	-0.012478	
259	1.000027	-0.000003	-0.013665	0.000003	1.000027	-0.014855	
260	1.000055	-0.000013	-0.042587	0.000013	1.000055	-0.025651	
261	1.000062	0.000017	-0.051326	-0.000017	1.000062	-0.000702	
262	1.000069	0.000044	-0.044780	-0.000044	1.000069	0.022025	
263	1.000068	-0.000012	-0.047271	0.000012	1.000068	-0.016991	
264	1.000068	-0.000031	-0.055235	0.000031	1.000068	-0.029858	
265	1.000058	-0.000000	-0.031005	0.000000	1.000058	-0.006679	
266	1.000025	-0.000058	-0.035389	0.000058	1.000025	-0.047837	
267	0.999971	-0.000003	0.024809	0.000003	0.999971	-0.009100	
268	1.000025	-0.000030	-0.019777	0.000030	1.000025	-0.023685	
269	1.000044	-0.000031	-0.036191	0.000031	1.000044	-0.036005	
270	1.000049	-0.000082	-0.059832	0.000082	1.000049	-0.082133	
271	0.999980	-0.000046	-0.007953	0.000046	0.999980	-0.047725	
272	0.999919	0.000012	0.037184	-0.000012	0.999919	0.016112	
273	1.000022	-0.000047	-0.022374	0.000047	1.000022	-0.040315	
274	1.000024	-0.000082	-0.011297	0.000082	1.000024	-0.065996	
275	1.000029	-0.000061	-0.021976	0.000061	1.000029	-0.034079	
276	1.000061	-0.000086	-0.053928	0.000086	1.000061	-0.054591	
277	0.999994	-0.000130	-0.002414	0.000130	0.999994	-0.054296	
278	0.999985	-0.000104	-0.006508	0.000104	0.999985	-0.044329	
279	0.999942	-0.000121	0.025292	0.000121	0.999942	-0.059380	
280	0.999931	-0.000107	0.018344	0.000107	0.999931	-0.058914	
281	0.999927	-0.000058	0.028483	0.000058	0.999927	-0.024376	
282	0.999923	-0.000095	0.060621	0.000095	0.999923	-0.064028	
283	0.999957	-0.000043	0.010590	0.000043	0.999957	-0.018565	
284	0.999980	-0.000061	-0.011459	0.000061	0.999980	-0.038510	
285	0.999959	-0.000019	0.017351	0.000019	0.999959	-0.008822	
286	0.999935	-0.000002	0.028020	0.000002	0.999935	0.009207	
287	0.999952	0.000030	0.012265	-0.000030	0.999952	0.032045	
288	0.999937	0.000060	0.054771	-0.000060	0.999937	0.044749	
289	0.999904	0.000071	0.079784	-0.000071	0.999904	0.048719	
290	0.999933	0.000069	0.048089	-0.000069	0.999933	0.041442	
291	0.999967	0.000074	0.020991	-0.000074	0.999967	0.032748	
292	0.999950	0.000024	0.021271	-0.000024	0.999950	0.021114	
293	0.999946	0.000047	0.041478	-0.000047	0.999946	0.032274	
294	0.999979	0.000009	0.011863	-0.000009	0.999979	0.013176	
295	0.999987	0.000009	0.014293	-0.000009	0.999987	0.015161	
296	0.999962	-0.000006	0.024898	0.000006	0.999962	0.005459	
297	0.999858	-0.000018	0.080722	0.000018	0.999858	0.019001	
298	0.999884	0.000017	0.079984	-0.000017	0.999884	0.019244	
299	0.999864	0.000039	0.097576	-0.000039	0.999864	0.024777	
300	0.999842	0.000019	-0.015573	-0.000019	0.999842	0.013112	
301	0.999834	0.000027	-0.083773	-0.000027	0.999834	0.004592	
302	0.999849	-0.000020	-0.810906	0.000020	0.999849	-0.030486	
303	0.999855	-0.000082	-0.706057	0.000082	0.999855	-0.053559	
304	0.999913	-0.000118	-0.987970	0.000118	0.999913	-0.092872	
305	0.999865	-0.000153	-1.423390	0.000153	0.999865	-0.137173	
306	0.999878	-0.000210	-1.818861	0.000210	0.999878	-0.193803	
307	1.000043	-0.000488	-4.447562	0.000488	1.000043	-0.572751	
308	1.000065	-0.000380	-2.745343	0.000380	1.000065	-0.323719	
309	1.000549	-0.000254	-3.429210	0.000254	1.000549	-0.312195	
310	1.000060	-0.000362	-3.275754	0.000362	1.000060	-0.311614	
311	1.000345	-0.000455	-3.802052	0.000455	1.000345	-0.405428	
312	0.999883	0.001070	-9.999170	-0.001070	0.999883	0.458508	
313	1.000390	-0.000497	-4.072793	0.000497	1.000390	-0.666643	
314	1.000385	-0.000444	-3.319192	0.000444	1.000385	-0.857817	
315	1.000068	-0.000378	-2.108924	0.000378	1.000068	-0.912412	
316	0.999878	-0.000209	-0.544949	0.000209	0.999878	-0.861597	
317	0.999496	-0.000106	1.751198	0.000106	0.999496	-1.424177	
318	0.999685	0.000107	1.484301	-0.000107	0.999685	-0.462411	
319	0.999614	0.000122	1.475968	-0.000122	0.999614	-0.205768	
320	0.999817	0.000019	1.266109	-0.000019	0.999817	-0.119789	
321	0.999803	0.000205	1.129875	-0.000205	0.999803	0.151054	
322	0.999660	0.000229	2.033036	-0.000229	0.999660	0.226024	
323	0.999870	0.000147	0.830654	-0.000147	0.999870	0.096086	
324	0.999905	0.000055	0.696229	-0.000055	0.999905	0.039320	
325	0.999899	-0.000064	0.638845	0.000064	0.999899	0.000145	
326	0.999942	0.000020	0.508245	-0.000020	0.999942	0.022659	
327	0.999920	-0.000090	0.834476	0.000090	0.999920	-0.005506	
328	0.999939	-0.000013	0.342279	0.000013	0.999939	0.007591	
329	0.999953	-0.000040	0.204454	0.000040	0.999953	-0.019663	
330	0.999902	-0.000019	0.186942	0.000019	0.999902	-0.002802	
331	0.999938	-0.000016	0.046852	0.000016	0.999938	-0.031636	
332	0.999916	0.000008	0.034900	-0.000008	0.999916	-0.025312	
333	0.999950	0.000011	0.017577	-0.000011	0.999950	-0.000965	
334	0.999945	0.000004	0.028000	-0.000004	0.999945	0.009431	
335	0.999948	0.000030	0.015654	-0.000030	0.999948	0.033446	
336	0.999952	0.000031	0.014379	-0.000031	0.999952	0.033261	
337	0.999857	-0.000017	0.066147	0.000017	0.999857	0.009430	
338	0.999920	-0.000007	0.047439	0.000007	0.999920	0.000124	
339	0.999894	-0.000020	0.075688	0.000020	0.999894	-0.011956	
340	0.999826	-0.000038	0.106804	0.000038	0.999826	-0.022889	
341	0.999841	-0.000048	0.081979	0.000048	0.999841	-0.029560	
342	0.999908	-0.000025	0.035646	0.000025	0.999908	0.016145	
343	0.999827	-0.000022	0.096720	0.000022	0.999827	-0.002104	
344	0.999857	-0.000038	0.105252	0.000038	0.999857	-0.027651	
345	0.999848	-0.000017	0.111323	0.000017	0.999848	-0.034360	
346	0.999878	-0.000034	0.091215	0.000034	0.999878	-0.141070	
347	0.999779	-0.000004	0.096797	0.000004	0.999779	-0.125923	
348	0.999899	-0.000029	-0.093345	0.000029	0.999899	0.002770	
