0	1.000000	0.000000	0.000000	0.000000	1.000000	0.000000	
1	1.000000	-0.000000	0.000000	0.000000	1.000000	0.000000	
2	1.002675	-0.000327	-0.762435	0.000327	1.002675	1.463392	
3	1.001175	0.000063	-0.293745	-0.000063	1.001175	1.027204	
4	1.000986	-0.000009	-0.276262	0.000009	1.000986	1.054982	
5	1.000932	-0.000125	-0.098888	0.000125	1.000932	0.485606	
6	1.000544	-0.000047	0.249082	0.000047	1.000544	0.852396	
7	1.000074	0.000013	1.465572	-0.000013	1.000074	1.713265	
8	1.000053	-0.000099	0.580677	0.000099	1.000053	1.033327	
9	1.000025	-0.000013	0.555013	0.000013	1.000025	0.378512	
10	1.000101	0.000004	0.649295	-0.000004	1.000101	0.968891	
11	1.000046	-0.000088	0.635671	0.000088	1.000046	0.797073	
12	1.000021	-0.000121	1.237170	0.000121	1.000021	2.037300	
13	1.000028	-0.000062	0.726897	0.000062	1.000028	0.869350	
14	1.000027	0.000056	0.935796	-0.000056	1.000027	0.845536	
15	1.000174	-0.000145	0.586060	0.000145	1.000174	1.394765	
16	1.000164	-0.000023	0.831711	0.000023	1.000164	0.091934	
17	1.000406	-0.000091	1.208265	0.000091	1.000406	1.946276	
18	1.000183	-0.000076	0.592971	0.000076	1.000183	0.738618	
19	1.000149	-0.000122	0.547615	0.000122	1.000149	0.581582	
20	1.000107	-0.000100	0.505494	0.000100	1.000107	0.893155	
21	1.000115	-0.000054	0.306994	0.000054	1.000115	0.755687	
22	1.000303	-0.000188	0.420978	0.000188	1.000303	2.077054	
23	0.999963	-0.000033	0.464159	0.000033	0.999963	1.192507	
24	1.000070	-0.000037	0.520808	0.000037	1.000070	1.163479	
25	1.000027	-0.000052	0.403426	0.000052	1.000027	1.255512	
26	1.000024	-0.000089	0.595244	0.000089	1.000024	1.218892	
27	1.000122	-0.000098	1.317408	0.000098	1.000122	2.871955	
28	0.999907	-0.000097	0.736840	0.000097	0.999907	1.425229	
29	1.000038	-0.000058	1.053888	0.000058	1.000038	1.211457	
30	0.999929	-0.000162	1.178198	0.000162	0.999929	1.879788	
31	0.999955	-0.000065	1.377767	0.000065	0.999955	0.799097	
32	1.000514	-0.000496	3.225921	0.000496	1.000514	3.209833	
33	1.000021	-0.000214	2.063105	0.000214	1.000021	1.805729	
34	1.000071	-0.000217	2.228243	0.000217	1.000071	2.113997	
35	1.000113	-0.000165	2.360147	0.000165	1.000113	2.208617	
36	1.000077	-0.000319	2.747653	0.000319	1.000077	1.489775	
37	1.000861	-0.000556	7.919027	0.000556	1.000861	3.781841	
38	1.000584	-0.000295	3.707063	0.000295	1.000584	0.852246	
39	1.000787	-0.000352	4.067748	0.000352	1.000787	1.005814	
40	1.001811	-0.000140	4.017387	0.000140	1.001811	1.040343	
41	1.001970	-0.000162	4.413339	0.000162	1.001970	1.412808	
42	1.001079	-0.001016	11.859110	0.001016	1.001079	2.553382	
43	1.001169	-0.000178	5.251744	0.000178	1.001169	0.749791	
44	1.001716	-0.000094	4.548351	0.000094	1.001716	1.047398	
45	0.999679	-0.000530	5.491215	0.000530	0.999679	2.378911	
46	1.000932	-0.000224	4.281128	0.000224	1.000932	-0.333276	
47	1.002355	-0.000727	10.432278	0.000727	1.002355	1.938624	
48	1.001009	-0.000231	4.157658	0.000231	1.001009	0.912627	
49	1.002023	0.000233	3.756144	-0.000233	1.002023	0.449744	
50	1.001103	-0.000191	3.727330	0.000191	1.001103	0.681423	
51	1.001209	-0.000194	3.540846	0.000194	1.001209	0.579365	
52	1.004253	-0.000762	7.945361	0.000762	1.004253	2.006800	
53	1.001562	-0.000089	3.049226	0.000089	1.001562	1.569501	
54	1.003024	-0.000123	2.531518	0.000123	1.003024	1.510516	
55	1.003394	-0.000378	2.306635	0.000378	1.003394	1.956930	
56	1.003576	-0.000160	1.879914	0.000160	1.003576	2.173103	
57	1.004223	-0.000653	6.387897	0.000653	1.004223	6.867622	
58	1.003565	-0.000664	1.787123	0.000664	1.003565	2.761657	
59	1.003872	-0.000421	1.674886	0.000421	1.003872	2.402737	
60	1.003821	-0.000492	1.537443	0.000492	1.003821	2.543244	
61	1.003759	-0.000452	1.461694	0.000452	1.003759	2.509649	
62	1.006145	-0.000644	3.826175	0.000644	1.006145	4.748770	
63	1.003849	-0.000405	1.337749	0.000405	1.003849	1.719369	
64	1.002715	-0.000062	1.298483	0.000062	1.002715	1.762792	
65	1.004492	-0.000373	0.940172	0.000373	1.004492	0.921615	
66	1.004295	-0.000375	1.070381	0.000375	1.004295	0.593209	
67	1.010024	0.000158	1.566828	-0.000158	1.010024	0.136928	
68	1.004679	-0.000171	1.008908	0.000171	1.004679	-0.329403	
69	1.005153	0.000138	0.856415	-0.000138	1.005153	-0.856979	
70	1.004783	0.000602	1.001614	-0.000602	1.004783	-1.095811	
71	1.003161	-0.000148	1.392527	0.000148	1.003161	-1.085483	
72	1.010333	0.001592	1.252163	-0.001592	1.010333	-3.217462	
73	1.003719	0.000174	0.865773	-0.000174	1.003719	-1.272654	
74	1.004757	0.000387	0.530047	-0.000387	1.004757	-1.693910	
75	1.004829	0.000235	0.313280	-0.000235	1.004829	-0.901195	
76	1.002117	-0.000009	1.064334	0.000009	1.002117	-0.792147	
77	1.010021	0.000544	0.136399	-0.000544	1.010021	-3.008072	
78	1.003446	0.000113	0.300726	-0.000113	1.003446	-0.825902	
79	1.003475	-0.000074	0.323658	0.000074	1.003475	-1.692315	
80	1.003151	-0.000043	0.139947	0.000043	1.003151	-1.296524	
81	1.003160	-0.000045	0.222709	0.000045	1.003160	-1.122288	
82	1.007307	0.000189	-0.577976	-0.000189	1.007307	-2.663905	
83	1.002938	-0.000119	-0.265445	0.000119	1.002938	-1.484919	
84	1.002971	-0.000098	-0.266778	0.000098	1.002971	-1.679115	
85	1.003010	-0.000155	-0.664600	0.000155	1.003010	-1.895186	
86	1.003050	-0.000218	-0.876481	0.000218	1.003050	-2.108941	
87	1.007246	0.000015	-2.538240	-0.000015	1.007246	-4.378828	
88	1.003229	-0.000146	-1.215189	0.000146	1.003229	-1.842137	
89	1.003589	-0.000062	-1.610167	0.000062	1.003589	-0.883479	
90	1.003058	-0.000194	-1.497101	0.000194	1.003058	-2.276484	
91	1.003260	-0.000041	-1.888914	0.000041	1.003260	-1.389177	
92	1.006948	-0.000015	-5.559237	0.000015	1.006948	-2.875239	
93	1.003242	0.000152	-3.486243	-0.000152	1.003242	-1.011925	
94	1.002570	-0.000070	-4.168998	0.000070	1.002570	-2.144051	
95	1.002923	0.000188	-5.568690	-0.000188	1.002923	-1.830091	
96	0.999582	-0.000543	-4.612715	0.000543	0.999582	-1.437985	
97	1.000707	0.000722	-15.058796	-0.000722	1.000707	-5.144076	
98	1.003549	0.000490	-9.483393	-0.000490	1.003549	-3.520569	
99	1.001223	0.000207	-9.431204	-0.000207	1.001223	-2.742079	
100	1.001486	0.000057	-9.595145	-0.000057	1.001486	-2.948393	
101	1.001706	0.000236	-10.370176	-0.000236	1.001706	-2.944981	
102	1.001826	0.001072	-21.559819	-0.001072	1.001826	-5.762303	
103	1.005429	0.000978	-12.640498	-0.000978	1.005429	-4.125915	
104	1.001102	0.000595	-11.816253	-0.000595	1.001102	-3.284876	
105	1.001314	0.000665	-12.270431	-0.000665	1.001314	-3.043086	
106	1.001077	0.000527	-12.533535	-0.000527	1.001077	-3.171616	
107	1.001850	0.001602	-26.065560	-0.001602	1.001850	-5.892663	
108	1.001260	0.001146	-13.574339	-0.001146	1.001260	-3.173908	
109	1.000955	0.000958	-13.768603	-0.000958	1.000955	-2.901779	
110	1.000802	0.000825	-14.365680	-0.000825	1.000802	-3.042965	
111	1.000179	0.001108	-14.077493	-0.001108	1.000179	-2.686544	
112	0.998615	0.001910	-28.713151	-0.001910	0.998615	-4.195376	
113	0.999430	0.000858	-14.416779	-0.000858	0.999430	-1.974796	
114	0.999618	0.001136	-14.468234	-0.001136	0.999618	-1.751188	
115	1.009718	0.001806	-17.192242	-0.001806	1.009718	-4.621165	
116	0.999848	0.000779	-15.171322	-0.000779	0.999848	-2.119646	
117	0.997406	0.001453	-30.871086	-0.001453	0.997406	-3.770782	
118	0.999473	0.000875	-15.941928	-0.000875	0.999473	-2.069977	
119	0.998878	0.000840	-15.927311	-0.000840	0.998878	-2.024886	
120	0.998863	0.000863	-16.285147	-0.000863	0.998863	-2.146885	
121	0.997699	0.001435	-15.732369	-0.001435	0.997699	-1.390003	
122	0.998172	0.001946	-36.199422	-0.001946	0.998172	-3.361149	
123	0.997766	0.001287	-17.590233	-0.001287	0.997766	-0.364681	
124	0.997979	0.001178	-18.198148	-0.001178	0.997979	0.018390	
125	0.999011	0.001761	-20.449033	-0.001761	0.999011	0.626661	
126	1.000065	0.001956	-22.531735	-0.001956	1.000065	0.505110	
127	0.997638	0.001890	-43.865336	-0.001890	0.997638	1.528828	
128	0.999282	0.001694	-24.082697	-0.001694	0.999282	1.360405	
129	0.998448	0.001746	-23.802041	-0.001746	0.998448	0.939556	
130	0.998402	0.001538	-23.955664	-0.001538	0.998402	0.967657	
131	0.998922	0.001986	-24.581920	-0.001986	0.998922	0.970810	
132	0.998779	0.003212	-50.112281	-0.003212	0.998779	1.745218	
133	0.998921	0.001916	-25.315005	-0.001916	0.998921	-0.213904	
134	0.997866	0.001576	-24.450837	-0.001576	0.997866	1.380186	
135	0.998572	0.002101	-25.408705	-0.002101	0.998572	-0.183151	
136	0.998055	0.001987	-25.037615	-0.001987	0.998055	-0.005993	
137	0.998121	0.001920	-26.035156	-0.001920	0.998121	0.187378	
138	0.998703	0.003531	-53.073240	-0.003531	0.998703	0.030003	
139	0.997349	0.001582	-25.716551	-0.001582	0.997349	0.530354	
140	0.997507	0.001760	-27.220437	-0.001760	0.997507	0.482972	
141	0.996923	0.001326	-26.718982	-0.001326	0.996923	0.436803	
142	0.997467	0.001000	-27.085395	-0.001000	0.997467	1.869940	
143	0.996906	0.003014	-57.509136	-0.003014	0.996906	-0.282548	
144	0.997814	0.000835	-27.895988	-0.000835	0.997814	0.972234	
145	0.998132	0.000444	-27.742318	-0.000444	0.998132	1.119550	
146	0.998320	0.001080	-28.223758	-0.001080	0.998320	1.445012	
147	0.998245	0.000758	-27.730623	-0.000758	0.998245	0.931567	
148	0.999614	0.002386	-56.729723	-0.002386	0.999614	1.488439	
149	1.000130	0.001875	-27.080628	-0.001875	1.000130	1.005168	
150	0.999906	0.001236	-26.314164	-0.001236	0.999906	0.899424	
151	1.000062	0.001343	-25.866759	-0.001343	1.000062	1.057994	
152	1.000081	0.001339	-25.388411	-0.001339	1.000081	1.262162	
153	0.999636	0.003093	-49.699631	-0.003093	0.999636	2.657739	
154	0.999956	0.002172	-24.661597	-0.002172	0.999956	1.200887	
155	1.002426	0.002381	-25.518459	-0.002381	1.002426	0.622588	
156	0.999716	0.001737	-24.676217	-0.001737	0.999716	1.292100	
157	1.000412	0.001921	-25.013865	-0.001921	1.000412	1.194239	
158	1.000003	0.002994	-49.126706	-0.002994	1.000003	1.995509	
159	0.999792	0.001802	-24.748696	-0.001802	0.999792	1.269796	
160	0.999607	0.001545	-25.017155	-0.001545	0.999607	1.485034	
161	0.999863	0.001305	-25.014863	-0.001305	0.999863	1.581276	
162	0.999658	0.001546	-24.972995	-0.001546	0.999658	1.418621	
163	0.998626	0.002622	-49.816324	-0.002622	0.998626	3.242476	
164	1.000815	0.001309	-25.825609	-0.001309	1.000815	0.913579	
165	1.000364	0.001391	-25.887736	-0.001391	1.000364	1.708114	
166	1.000803	0.001434	-26.160835	-0.001434	1.000803	0.216696	
167	1.001296	0.001660	-26.062406	-0.001660	1.001296	0.482509	
168	1.000686	0.002365	-49.198392	-0.002365	1.000686	1.320137	
169	1.001101	0.001749	-25.033682	-0.001749	1.001101	0.781849	
170	1.000680	0.001598	-23.713238	-0.001598	1.000680	2.712802	
171	1.001244	0.001650	-23.590432	-0.001650	1.001244	-0.240742	
172	0.999751	0.001070	-20.963953	-0.001070	0.999751	2.294932	
173	1.000435	0.002152	-40.102297	-0.002152	1.000435	2.434760	
174	0.999508	0.000918	-17.960643	-0.000918	0.999508	2.501581	
175	0.999810	0.000684	-16.800840	-0.000684	0.999810	2.993216	
176	0.999927	0.000821	-15.844675	-0.000821	0.999927	3.495950	
177	1.000122	0.000836	-14.842206	-0.000836	1.000122	3.875964	
178	0.999890	0.001639	-26.361200	-0.001639	0.999890	8.955495	
179	0.999939	0.000732	-11.499316	-0.000732	0.999939	4.435148	
180	0.999769	0.000705	-10.749789	-0.000705	0.999769	5.119647	
181	0.999596	0.000744	-9.907087	-0.000744	0.999596	4.804528	
182	0.999771	0.000660	-9.662606	-0.000660	0.999771	5.210372	
183	0.999322	0.001020	-18.143124	-0.001020	0.999322	11.248285	
184	0.999836	0.000640	-8.874629	-0.000640	0.999836	5.239586	
185	0.999917	0.000596	-8.428814	-0.000596	0.999917	5.492149	
186	0.999733	0.000717	-7.786832	-0.000717	0.999733	5.226750	
187	0.999913	0.000388	-7.580610	-0.000388	0.999913	3.727524	
188	0.999995	0.000313	-13.881951	-0.000313	0.999995	5.887802	
189	0.999146	-0.000365	-5.381260	0.000365	0.999146	2.679524	
190	0.999655	0.000282	-5.714506	-0.000282	0.999655	2.593623	
191	1.000781	0.001690	-6.107846	-0.001690	1.000781	2.958594	
192	0.999598	0.000201	-4.030279	-0.000201	0.999598	1.535028	
193	1.000670	0.000517	-9.788664	-0.000517	1.000670	3.664817	
194	0.999693	0.000224	-3.068109	-0.000224	0.999693	1.337848	
195	0.999707	0.000314	-2.436720	-0.000314	0.999707	1.796523	
196	0.999919	0.000181	-2.352658	-0.000181	0.999919	1.462004	
197	0.999934	-0.000032	-2.055403	0.000032	0.999934	2.096717	
198	0.999446	-0.002520	-2.603092	0.002520	0.999446	2.676487	
199	1.000024	-0.000233	-1.044355	0.000233	1.000024	2.801146	
200	1.000456	0.000084	-0.918201	-0.000084	1.000456	1.969748	
201	1.000188	0.000122	-0.537201	-0.000122	1.000188	1.148541	
202	1.000476	0.000163	-0.508439	-0.000163	1.000476	0.511905	
203	1.001125	-0.000225	-0.877479	0.000225	1.001125	2.141312	
204	1.000786	-0.000055	-0.443002	0.000055	1.000786	1.668222	
205	1.000751	0.000164	-0.601301	-0.000164	1.000751	0.778168	
206	1.000708	0.000112	-0.656731	-0.000112	1.000708	1.387279	
207	1.000424	0.000171	-0.668407	-0.000171	1.000424	1.003635	
208	1.000807	-0.000253	-1.738299	0.000253	1.000807	1.891344	
209	1.000507	0.000157	-1.099733	-0.000157	1.000507	0.920910	
210	1.000400	0.000214	-1.007538	-0.000214	1.000400	1.022501	
211	1.000423	0.000107	-0.992056	-0.000107	1.000423	0.937538	
212	1.000358	0.000132	-1.056160	-0.000132	1.000358	0.612047	
213	1.000942	0.000008	-2.353253	-0.000008	1.000942	1.340837	
214	1.000226	0.000284	-0.634116	-0.000284	1.000226	-0.031898	
215	1.000185	0.000192	-0.579911	-0.000192	1.000185	0.424522	
216	1.000255	0.000228	-0.506510	-0.000228	1.000255	0.037241	
217	0.999957	0.000458	-0.365418	-0.000458	0.999957	0.198934	
218	1.001135	0.000316	-1.761993	-0.000316	1.001135	-0.094808	
219	1.000326	0.000155	-0.674160	-0.000155	1.000326	0.446005	
220	1.000212	0.000170	-0.675765	-0.000170	1.000212	-0.324122	
221	1.000286	-0.000048	-0.743992	0.000048	1.000286	0.061981	
222	1.000357	-0.000034	-0.880496	0.000034	1.000357	-0.648887	
223	1.000769	0.000056	-1.571580	-0.000056	1.000769	-1.168707	
224	1.000303	-0.000001	-0.766709	0.000001	1.000303	-0.559696	
225	1.000402	-0.000005	-0.708086	0.000005	1.000402	-0.708988	
226	1.000434	0.000048	-0.721538	-0.000048	1.000434	-0.926050	
227	1.000575	0.000008	-0.466633	-0.000008	1.000575	-0.704756	
228	1.001297	0.000471	-0.923869	-0.000471	1.001297	-2.528981	
229	1.000704	0.000288	-0.487051	-0.000288	1.000704	-1.221878	
230	1.000665	0.000312	-0.543098	-0.000312	1.000665	-1.336775	
231	1.000658	0.000259	-0.357311	-0.000259	1.000658	-1.105280	
232	1.000633	0.000186	-0.378378	-0.000186	1.000633	-1.298409	
233	1.001204	0.000234	-0.519433	-0.000234	1.001204	-2.702640	
234	1.000648	0.000017	-0.116468	-0.000017	1.000648	-0.725634	
235	1.000611	0.000037	-0.305255	-0.000037	1.000611	-1.449106	
236	1.000603	0.000006	-0.343041	-0.000006	1.000603	-1.088289	
237	1.000751	-0.000069	-0.238897	0.000069	1.000751	-0.622101	
238	1.001142	0.000011	0.155689	-0.000011	1.001142	-1.661277	
239	1.000467	-0.000141	0.400763	0.000141	1.000467	-0.696674	
240	1.000721	-0.000206	0.465585	0.000206	1.000721	-1.086127	
241	1.000924	-0.000344	0.560776	0.000344	1.000924	-0.748427	
242	1.000919	-0.000240	0.774412	0.000240	1.000919	-1.136389	
243	1.001729	-0.000035	3.048006	0.000035	1.001729	-1.621704	
244	1.000800	-0.000296	2.013015	0.000296	1.000800	-0.997466	
245	1.001196	-0.000287	2.204392	0.000287	1.001196	-0.945344	
246	1.001253	-0.000139	2.421683	0.000139	1.001253	-1.249489	
247	1.001211	-0.000298	2.726038	0.000298	1.001211	-0.755634	
248	1.001109	-0.000624	7.293116	0.000624	1.001109	-1.908733	
249	1.000721	-0.000330	2.362073	0.000330	1.000721	-0.730653	
250	1.000644	-0.000378	2.254677	0.000378	1.000644	-0.593471	
251	1.000525	-0.000314	2.006524	0.000314	1.000525	-0.637182	
252	1.000574	-0.000350	2.057867	0.000350	1.000574	-0.003071	
253	1.001586	0.000042	3.618759	-0.000042	1.001586	-1.942374	
254	1.000629	-0.000102	1.901090	0.000102	1.000629	-1.239556	
255	1.000518	-0.000254	1.786134	0.000254	1.000518	-0.920149	
256	1.000527	-0.000226	1.741788	0.000226	1.000527	-0.920143	
257	1.000521	-0.000166	1.797065	0.000166	1.000521	-0.905360	
258	1.001376	0.000103	3.935137	-0.000103	1.001376	-2.079962	
259	1.000576	-0.000203	2.360055	0.000203	1.000576	-1.405381	
260	1.000673	-0.000080	2.438982	0.000080	1.000673	-1.794774	
261	1.000918	-0.000086	2.496118	0.000086	1.000918	-1.638209	
262	1.000936	0.000058	2.800774	-0.000058	1.000936	-2.304199	
263	1.000617	-0.000442	8.977791	0.000442	1.000617	-4.054825	
264	1.000048	-0.001502	5.123283	0.001502	1.000048	-3.580111	
265	1.001622	0.000890	3.699347	-0.000890	1.001622	-1.840413	
266	1.002815	0.002020	2.788948	-0.002020	1.002815	-1.646541	
267	1.000387	-0.000352	6.201735	0.000352	1.000387	-3.499641	
268	1.000748	-0.000733	14.263127	0.000733	1.000748	-6.829176	
269	1.000371	-0.000441	7.784096	0.000441	1.000371	-3.532567	
270	1.000222	-0.000583	8.138849	0.000583	1.000222	-3.998689	
271	1.000123	-0.000569	8.824466	0.000569	1.000123	-3.839035	
272	1.000544	-0.000604	9.018088	0.000604	1.000544	-4.068167	
273	1.001317	-0.000798	18.612762	0.000798	1.001317	-8.015941	
274	1.000168	-0.000775	9.910558	0.000775	1.000168	-4.122394	
275	1.000297	-0.000644	10.257921	0.000644	1.000297	-3.766038	
276	1.000006	-0.000750	10.886424	0.000750	1.000006	-3.977123	
277	1.000177	-0.000717	11.096861	0.000717	1.000177	-4.230635	
278	0.999576	-0.000928	23.279964	0.000928	0.999576	-7.087767	
279	0.999578	-0.000732	12.226602	0.000732	0.999578	-3.925630	
280	0.999673	-0.000776	12.483719	0.000776	0.999673	-3.682376	
281	0.999728	-0.000900	12.636637	0.000900	0.999728	-3.334261	
282	0.999596	-0.001080	13.128487	0.001080	0.999596	-4.336180	
283	1.000105	-0.001535	26.230600	0.001535	1.000105	-7.639255	
284	0.999778	-0.000788	13.390319	0.000788	0.999778	-4.341942	
285	1.000239	-0.000845	13.596395	0.000845	1.000239	-3.587218	
286	1.000335	-0.000939	13.758280	0.000939	1.000335	-5.119737	
287	0.999729	-0.000960	14.734479	0.000960	0.999729	-4.821495	
288	0.999701	-0.001712	30.870851	0.001712	0.999701	-9.431402	
289	0.999778	-0.001079	15.960699	0.001079	0.999778	-4.483534	
290	1.000045	-0.001040	16.266068	0.001040	1.000045	-4.642466	
291	1.000201	-0.000825	16.616099	0.000825	1.000201	-4.632344	
292	1.000794	-0.000853	16.582061	0.000853	1.000794	-4.592768	
293	0.999754	-0.002037	35.805362	0.002037	0.999754	-9.435583	
294	1.000828	-0.000846	17.263880	0.000846	1.000828	-5.200861	
295	0.999590	-0.000919	18.576094	0.000919	0.999590	-3.198584	
296	1.000197	-0.000967	18.116752	0.000967	1.000197	-4.607431	
297	1.000246	-0.000639	17.900785	0.000639	1.000246	-3.403430	
298	1.000834	-0.001896	36.589960	0.001896	1.000834	-5.808154	
299	1.000776	-0.001095	18.185098	0.001095	1.000776	-5.407177	
300	1.000059	-0.001003	18.742726	0.001003	1.000059	-3.205770	
301	1.000499	-0.000521	18.376972	0.000521	1.000499	-2.757124	
302	1.000480	-0.000892	18.424244	0.000892	1.000480	-2.342910	
303	1.000474	-0.000510	17.848962	0.000510	1.000474	-3.361450	
304	0.997881	-0.003043	37.610038	0.003043	0.997881	-4.282627	
305	1.000014	-0.000743	17.476083	0.000743	1.000014	-1.705458	
306	0.999985	-0.000840	17.562797	0.000840	0.999985	-2.042759	
307	1.000410	-0.000600	16.833867	0.000600	1.000410	-1.420633	
308	0.999790	-0.001460	17.591143	0.001460	0.999790	-2.844127	
309	0.998081	-0.002773	35.720896	0.002773	0.998081	-3.175705	
310	1.000735	-0.000857	16.115370	0.000857	1.000735	-1.995076	
311	1.001527	-0.000799	14.995949	0.000799	1.001527	-0.917788	
312	1.000498	-0.000898	15.513153	0.000898	1.000498	-2.646974	
313	0.999779	-0.000869	15.969167	0.000869	0.999779	-1.472768	
314	1.000370	-0.000630	30.766972	0.000630	1.000370	-2.775858	
315	0.999578	-0.000992	15.745156	0.000992	0.999578	-1.768703	
316	0.999640	-0.001228	15.673657	0.001228	0.999640	-2.154974	
317	0.999569	-0.001129	15.498845	0.001129	0.999569	-1.656894	
318	0.999430	-0.000715	15.541318	0.000715	0.999430	-1.887945	
319	0.998502	-0.000708	30.755918	0.000708	0.998502	-2.507035	
320	0.999955	-0.000704	14.526182	0.000704	0.999955	-2.748493	
321	0.999577	-0.000831	14.809853	0.000831	0.999577	-2.391120	
322	1.000189	-0.001143	14.086425	0.001143	1.000189	-2.179718	
323	0.999553	-0.001287	14.422116	0.001287	0.999553	-3.080735	
324	0.998889	-0.000484	28.523448	0.000484	0.998889	-4.474915	
325	0.999802	-0.001034	13.425632	0.001034	0.999802	-2.263472	
326	0.999884	-0.001209	13.440608	0.001209	0.999884	-2.412869	
327	1.000394	-0.001209	12.777051	0.001209	1.000394	-2.525597	
328	0.999869	-0.001120	13.016245	0.001120	0.999869	-1.851795	
329	0.999061	-0.001436	26.536410	0.001436	0.999061	-1.844005	
330	0.999426	-0.001032	13.062385	0.001032	0.999426	-0.331854	
331	0.999280	-0.000900	12.930361	0.000900	0.999280	0.166788	
332	0.999443	-0.000979	12.700772	0.000979	0.999443	-0.472947	
333	0.999036	-0.000791	12.518135	0.000791	0.999036	-0.247323	
334	0.998114	-0.001528	25.545081	0.001528	0.998114	0.516786	
335	0.999629	-0.001132	11.553838	0.001132	0.999629	-0.321972	
336	1.008787	0.001399	2.021056	-0.001399	1.008787	-0.397353	
337	0.999561	-0.000911	11.504797	0.000911	0.999561	0.608743	
338	1.006628	0.001333	3.859718	-0.001333	1.006628	-0.139897	
339	0.997473	-0.002068	24.011601	0.002068	0.997473	0.479424	
340	1.000336	-0.001246	10.350733	0.001246	1.000336	-0.809234	
341	1.005552	-0.000207	5.028490	0.000207	1.005552	-1.279473	
342	0.999723	-0.001162	10.526812	0.001162	0.999723	-0.202826	
343	1.000060	-0.000993	10.218593	0.000993	1.000060	-0.774682	
344	1.000553	-0.001345	19.100603	0.001345	1.000553	-0.058064	
345	1.000510	-0.000704	9.165244	0.000704	1.000510	0.570304	
346	0.999046	-0.001546	10.326607	0.001546	0.999046	-0.586958	
347	0.998749	-0.001872	10.412168	0.001872	0.998749	-0.184763	
348	0.999661	-0.001074	10.336814	0.001074	0.999661	0.507430	
349	0.998203	-0.002063	22.265022	0.002063	0.998203	0.669038	
350	1.005787	-0.000050	3.932936	0.000050	1.005787	-0.917690	
351	0.999641	-0.001049	10.411712	0.001049	0.999641	0.476673	
352	0.998633	-0.001311	10.693176	0.001311	0.998633	0.331352	
353	0.999458	-0.001096	10.264209	0.001096	0.999458	0.405853	
354	0.999382	-0.001346	19.652372	0.001346	0.999382	1.130317	
355	1.000058	-0.000675	9.254124	0.000675	1.000058	0.280798	
356	1.005571	0.000278	3.670412	-0.000278	1.005571	-0.461565	
357	0.999825	-0.000916	9.553036	0.000916	0.999825	-0.678338	
358	0.999724	-0.000954	9.789500	0.000954	0.999724	-0.609999	
359	0.999087	-0.001411	20.136379	0.001411	0.999087	-1.413607	
360	1.000018	-0.001021	9.525015	0.001021	1.000018	-0.897572	
361	0.999772	-0.000979	10.023657	0.000979	0.999772	0.531528	
362	0.999864	-0.000782	9.564427	0.000782	0.999864	-1.353824	
363	0.999525	-0.001301	10.220156	0.001301	0.999525	-0.843907	
364	0.996948	-0.002019	22.642835	0.002019	0.996948	-0.606120	
365	0.999424	-0.001157	10.025600	0.001157	0.999424	-0.917163	
366	0.999419	-0.001175	9.888220	0.001175	0.999419	-0.152250	
367	0.999338	-0.001038	9.896197	0.001038	0.999338	-0.700479	
368	0.999127	-0.000841	9.956064	0.000841	0.999127	-0.434439	
369	0.996755	-0.001937	21.623777	0.001937	0.996755	-0.183516	
370	1.001598	0.000374	6.422174	-0.000374	1.001598	-0.125648	
371	0.998545	-0.000928	9.875963	0.000928	0.998545	0.302093	
372	0.998932	-0.000809	9.462446	0.000809	0.998932	0.906144	
373	0.997908	-0.001691	9.618703	0.001691	0.997908	-0.509964	
374	0.998346	-0.001188	17.725180	0.001188	0.998346	1.466541	
375	0.997071	-0.001450	9.267134	0.001450	0.997071	0.588167	
376	0.997414	-0.001365	8.538051	0.001365	0.997414	0.948273	
377	1.002214	-0.000611	3.541493	0.000611	1.002214	-0.853908	
378	0.997507	-0.001187	8.300376	0.001187	0.997507	1.206435	
379	0.997532	-0.001110	15.802902	0.001110	0.997532	-0.079396	
380	0.997883	-0.001143	7.876119	0.001143	0.997883	0.121301	
381	0.997714	-0.001457	7.933804	0.001457	0.997714	-0.505104	
382	0.997050	-0.001093	7.859960	0.001093	0.997050	0.361002	
383	0.999579	-0.000323	5.314007	0.000323	0.999579	0.362974	
384	0.997272	-0.001186	14.645441	0.001186	0.997272	1.496366	
385	0.998267	-0.000742	6.463626	0.000742	0.998267	-0.200166	
386	0.998061	-0.000924	6.796332	0.000924	0.998061	1.003264	
387	0.999334	-0.000356	5.257373	0.000356	0.999334	0.678928	
388	0.997785	-0.001070	7.125156	0.001070	0.997785	0.842962	
389	0.997958	-0.001028	13.152415	0.001028	0.997958	2.306823	
390	0.997551	-0.000853	6.752273	0.000853	0.997551	1.108768	
391	0.998139	-0.000562	5.926876	0.000562	0.998139	1.357548	
392	0.998923	-0.000346	4.953878	0.000346	0.998923	1.690316	
393	0.998280	-0.000490	5.325868	0.000490	0.998280	1.181910	
394	0.995875	-0.000638	10.897676	0.000638	0.995875	4.897807	
395	0.999086	-0.000164	3.909995	0.000164	0.999086	0.703754	
396	0.999096	-0.000151	3.751174	0.000151	0.999096	1.335530	
397	0.999051	-0.000081	3.698687	0.000081	0.999051	1.227594	
398	0.999060	-0.000125	3.587736	0.000125	0.999060	1.098973	
399	0.997175	-0.000411	7.957746	0.000411	0.997175	2.548084	
400	0.999122	-0.000044	3.131427	0.000044	0.999122	1.284597	
401	0.999023	0.000002	3.265720	-0.000002	0.999023	0.927837	
402	0.998924	-0.000087	3.097281	0.000087	0.998924	1.791527	
403	0.998899	-0.000090	3.022692	0.000090	0.998899	0.562683	
404	0.997786	-0.000206	5.385509	0.000206	0.997786	2.050302	
405	0.998869	0.000008	2.395069	-0.000008	0.998869	1.484994	
406	0.998889	-0.000068	1.927794	0.000068	0.998889	0.993744	
407	0.998949	0.000044	1.753644	-0.000044	0.998949	1.331655	
408	0.998998	0.000086	1.529928	-0.000086	0.998998	1.303587	
409	0.997987	-0.000048	2.066861	0.000048	0.997987	3.593998	
410	0.999194	0.000142	0.506854	-0.000142	0.999194	1.158020	
411	0.999772	0.000196	-0.051036	-0.000196	0.999772	1.475621	
412	0.999805	0.000099	-0.155466	-0.000099	0.999805	2.150077	
413	0.999925	0.000093	0.085362	-0.000093	0.999925	1.936537	
414	0.999825	0.000161	0.085987	-0.000161	0.999825	4.088818	
415	0.999852	0.000121	0.333904	-0.000121	0.999852	2.048098	
416	0.999863	0.000107	-0.148779	-0.000107	0.999863	2.007264	
417	0.999867	0.000037	-0.037186	-0.000037	0.999867	1.017168	
418	0.999814	0.000121	0.003676	-0.000121	0.999814	1.749905	
419	0.999765	0.000103	-0.089606	-0.000103	0.999765	1.219592	
420	0.999885	0.000057	-0.025243	-0.000057	0.999885	0.344353	
421	0.999875	0.000104	-0.113847	-0.000104	0.999875	0.436385	
422	0.999891	0.000110	-0.187477	-0.000110	0.999891	0.319680	
423	0.999976	0.000127	-0.031104	-0.000127	0.999976	0.103242	
424	0.999835	0.000033	-0.111656	-0.000033	0.999835	0.256648	
425	0.999958	0.000119	-0.002880	-0.000119	0.999958	-0.223841	
426	0.999982	0.000110	-0.025338	-0.000110	0.999982	0.328683	
427	1.000009	0.000108	-0.048975	-0.000108	1.000009	0.768977	
428	0.999949	0.000063	-0.027644	-0.000063	0.999949	-0.899286	
429	1.000050	0.000132	-0.042655	-0.000132	1.000050	0.786272	
430	0.999951	0.000059	0.081652	-0.000059	0.999951	0.314410	
431	0.999999	0.000103	0.047740	-0.000103	0.999999	0.408803	
432	0.999957	0.000068	-0.045820	-0.000068	0.999957	0.237497	
433	0.999950	0.000091	-0.005051	-0.000091	0.999950	0.252609	
434	0.999822	0.000056	0.101129	-0.000056	0.999822	0.333700	
435	1.000006	0.000132	-0.059593	-0.000132	1.000006	0.240760	
436	1.000002	0.000116	0.131795	-0.000116	1.000002	0.183803	
437	1.000035	0.000073	-0.023504	-0.000073	1.000035	0.068949	
438	0.999993	0.000078	-0.065349	-0.000078	0.999993	0.375475	
439	0.999756	-0.000020	0.204263	0.000020	0.999756	0.489928	
440	0.999931	0.000021	0.024289	-0.000021	0.999931	0.273863	
441	0.999935	0.000064	0.060299	-0.000064	0.999935	0.057370	
442	0.999946	0.000013	0.072011	-0.000013	0.999946	-0.187062	
443	0.999906	-0.000009	0.055401	0.000009	0.999906	-0.083224	
444	0.999843	-0.000045	0.136776	0.000045	0.999843	0.014383	
445	0.999921	-0.000018	0.038846	0.000018	0.999921	0.024202	
446	0.999960	-0.000041	-0.005577	0.000041	0.999960	0.096396	
447	0.999954	-0.000033	0.034081	0.000033	0.999954	0.113639	
448	0.999888	-0.000063	0.028617	0.000063	0.999888	0.062053	
449	0.999720	-0.000109	0.089418	0.000109	0.999720	-0.117029	
450	0.999859	-0.000091	0.134347	0.000091	0.999859	-0.196923	
451	0.999879	-0.000052	0.018246	0.000052	0.999879	0.016718	
452	0.999920	-0.000045	0.058509	0.000045	0.999920	0.081867	
453	0.999966	-0.000100	0.075228	0.000100	0.999966	0.025978	
454	0.999922	-0.000103	0.129511	0.000103	0.999922	0.213759	
455	0.999971	-0.000029	-0.045059	0.000029	0.999971	0.892647	
456	0.999925	-0.000100	-0.040873	0.000100	0.999925	-1.295395	
457	0.999945	-0.000130	0.058833	0.000130	0.999945	-0.536886	
458	0.999935	-0.000036	0.050874	0.000036	0.999935	-0.099016	
459	0.999898	-0.000045	0.005772	0.000045	0.999898	-0.407102	
460	0.999919	-0.000078	0.049298	0.000078	0.999919	-0.496872	
461	0.999952	-0.000024	0.011111	0.000024	0.999952	-0.402556	
462	0.999939	-0.000002	-0.008574	0.000002	0.999939	-0.174206	
463	0.999944	-0.000012	-0.058578	0.000012	0.999944	-0.260792	
464	0.999467	-0.000128	0.346128	0.000128	0.999467	-0.595920	
465	0.999261	-0.000031	0.349518	0.000031	0.999261	0.037988	
466	0.998666	-0.000054	0.951301	0.000054	0.998666	-0.119274	
467	0.998593	-0.000037	0.787179	0.000037	0.998593	0.279750	
468	0.998580	-0.000064	0.902031	0.000064	0.998580	0.402237	
469	0.998506	-0.000041	0.842826	0.000041	0.998506	0.177018	
470	0.997277	-0.000011	1.805064	0.000011	0.997277	0.513303	
471	0.998494	-0.000046	0.953540	0.000046	0.998494	0.240191	
472	0.998474	-0.000080	0.913431	0.000080	0.998474	0.487583	
473	0.998681	-0.000053	0.727153	0.000053	0.998681	1.468828	
474	0.998683	-0.000100	0.816271	0.000100	0.998683	-0.391586	
475	0.997290	-0.000069	1.782163	0.000069	0.997290	0.616800	
476	0.998634	-0.000098	0.786428	0.000098	0.998634	0.256480	
477	0.998702	-0.000082	0.778076	0.000082	0.998702	0.366797	
478	0.998781	-0.000056	0.771025	0.000056	0.998781	0.433708	
479	0.998804	-0.000101	0.719094	0.000101	0.998804	0.433846	
480	0.997969	-0.000085	1.268662	0.000085	0.997969	0.833445	
481	0.998808	-0.000040	0.689760	0.000040	0.998808	0.834071	
482	0.998880	-0.000065	0.712407	0.000065	0.998880	0.383340	
483	0.998783	-0.000074	0.691670	0.000074	0.998783	1.412435	
484	0.999005	-0.000050	0.630253	0.000050	0.999005	-0.575470	
485	0.998069	-0.000135	1.235130	0.000135	0.998069	0.642193	
486	0.999143	-0.000055	0.566807	0.000055	0.999143	0.299827	
487	0.999383	-0.000085	0.543864	0.000085	0.999383	0.289032	
488	0.999484	-0.000096	0.496114	0.000096	0.999484	0.237207	
489	0.999371	-0.000056	0.665328	0.000056	0.999371	0.801640	
490	0.999301	-0.000010	1.722274	0.000010	0.999301	-0.937904	
491	0.999704	-0.000195	1.219406	0.000195	0.999704	-0.344730	
492	0.999641	-0.000182	1.713635	0.000182	0.999641	0.123853	
493	0.999649	-0.000166	2.208276	0.000166	0.999649	-0.366592	
494	0.999760	-0.000221	2.322198	0.000221	0.999760	-0.554776	
495	0.999231	-0.000597	7.245933	0.000597	0.999231	-1.109995	
496	0.999822	-0.000223	2.931924	0.000223	0.999822	-0.689818	
497	0.999754	-0.000340	3.304169	0.000340	0.999754	-0.196050	
498	0.999752	-0.000205	3.414606	0.000205	0.999752	-0.791347	
499	0.999825	-0.000259	3.536858	0.000259	0.999825	-0.552595	
500	0.999360	-0.000504	9.400281	0.000504	0.999360	-1.182337	
501	0.999954	-0.000271	3.866551	0.000271	0.999954	-0.657573	
502	0.999931	-0.000201	4.112129	0.000201	0.999931	-0.223837	
503	1.000098	-0.000262	4.024544	0.000262	1.000098	-0.841056	
504	0.999862	-0.000144	4.263782	0.000144	0.999862	-0.859542	
505	0.999609	-0.000825	10.561125	0.000825	0.999609	-1.019666	
506	1.000166	-0.000170	3.727304	0.000170	1.000166	-0.449456	
507	1.000231	-0.000246	3.469468	0.000246	1.000231	-0.345647	
508	0.999965	-0.000459	3.546904	0.000459	0.999965	-0.303653	
509	1.000123	-0.000244	3.086099	0.000244	1.000123	-0.609740	
510	1.000051	-0.000561	7.271957	0.000561	1.000051	-0.641042	
511	1.000101	-0.000112	2.558018	0.000112	1.000101	0.427764	
512	1.000188	-0.000192	2.394625	0.000192	1.000188	1.017200	
513	1.000180	-0.000131	2.136929	0.000131	1.000180	-0.760767	
514	1.000073	-0.000192	2.092821	0.000192	1.000073	-0.522258	
515	1.000097	-0.000159	3.501740	0.000159	1.000097	0.376982	
516	1.000175	-0.000017	1.380772	0.000017	1.000175	0.550744	
517	1.000125	0.000056	1.028532	-0.000056	1.000125	1.410509	
518	1.000174	-0.000014	0.962761	0.000014	1.000174	-0.059475	
519	1.000047	0.000107	0.735516	-0.000107	1.000047	1.880149	
520	0.999977	-0.000020	1.181277	0.000020	0.999977	0.955143	
521	0.999999	0.000053	0.465642	-0.000053	0.999999	0.845930	
522	0.999968	0.000172	0.257051	-0.000172	0.999968	1.190732	
523	0.999991	0.000036	0.304271	-0.000036	0.999991	-0.017526	
524	0.999977	0.000079	0.152902	-0.000079	0.999977	0.392878	
525	0.999888	0.000076	0.467615	-0.000076	0.999888	0.652695	
526	0.999917	-0.000111	0.135154	0.000111	0.999917	-0.369131	
527	0.999949	-0.000053	0.130841	0.000053	0.999949	0.251668	
528	0.999921	-0.000113	0.113897	0.000113	0.999921	0.385836	
529	0.999936	-0.000056	-0.098541	0.000056	0.999936	0.487210	
530	0.999981	0.000106	-0.390451	-0.000106	0.999981	2.813128	
531	1.000027	-0.000037	-0.160047	0.000037	1.000027	-0.430827	
532	1.000020	0.000028	-0.082494	-0.000028	1.000020	0.022218	
533	1.000099	0.000033	-0.235393	-0.000033	1.000099	0.480496	
534	1.000089	0.000115	-0.246310	-0.000115	1.000089	0.461103	
535	1.000289	-0.000008	-0.249739	0.000008	1.000289	0.479629	
536	1.000125	-0.000016	-0.182292	0.000016	1.000125	0.149025	
537	1.000202	0.000013	-0.266736	-0.000013	1.000202	0.301992	
538	1.000187	-0.000051	-0.223821	0.000051	1.000187	-0.176919	
539	1.000204	0.000001	-0.202636	-0.000001	1.000204	0.233035	
540	1.000532	0.000047	-0.523532	-0.000047	1.000532	0.422599	
541	1.000208	0.000023	-0.059022	-0.000023	1.000208	0.869992	
542	1.000395	0.000004	-0.357158	-0.000004	1.000395	-0.752272	
543	1.000409	0.000036	-0.399140	-0.000036	1.000409	0.206565	
544	1.000447	0.000054	-0.434004	-0.000054	1.000447	0.077990	
545	1.000657	0.000077	-0.492752	-0.000077	1.000657	0.502640	
546	1.000383	0.000015	-0.345331	-0.000015	1.000383	0.086595	
547	1.000267	0.000042	-0.137509	-0.000042	1.000267	0.254491	
548	1.000096	0.000111	-0.167777	-0.000111	1.000096	0.360844	
549	1.000086	0.000032	-0.002656	-0.000032	1.000086	0.247038	
550	0.999928	-0.000009	-0.087786	0.000009	0.999928	0.381035	
551	0.999999	0.000061	0.017530	-0.000061	0.999999	0.219349	
552	0.999927	0.000151	-0.033700	-0.000151	0.999927	0.606630	
553	0.999991	-0.000030	-0.027644	0.000030	0.999991	-0.344564	
554	0.999973	0.000006	-0.073377	-0.000006	0.999973	0.344491	
555	1.000105	0.000012	-0.296960	-0.000012	1.000105	-0.138033	
556	1.000039	0.000001	-0.259464	-0.000001	1.000039	-0.015401	
557	1.000043	0.000052	-0.208822	-0.000052	1.000043	0.298917	
558	1.000046	0.000058	-0.257788	-0.000058	1.000046	0.192052	
559	1.000102	0.000057	-0.267094	-0.000057	1.000102	0.461672	
560	1.000181	0.000122	-0.592590	-0.000122	1.000181	0.988432	
561	1.000162	0.000051	-0.508117	-0.000051	1.000162	0.518918	
562	1.000031	0.000102	-0.418137	-0.000102	1.000031	1.230359	
563	1.000130	0.000053	-0.440179	-0.000053	1.000130	0.563594	
564	1.000071	0.000018	-0.371193	-0.000018	1.000071	-0.597793	
565	1.000104	0.000053	-0.811679	-0.000053	1.000104	0.709429	
566	1.000062	0.000091	-0.405814	-0.000091	1.000062	0.309681	
567	1.000052	0.000056	-0.332547	-0.000056	1.000052	0.283221	
568	1.000061	0.000077	-0.286155	-0.000077	1.000061	0.385503	
569	1.000100	0.000064	-0.208137	-0.000064	1.000100	0.354505	
570	1.000182	0.000056	-0.158373	-0.000056	1.000182	0.950453	
571	1.000082	0.000010	-0.013872	-0.000010	1.000082	0.259087	
572	1.000141	0.000019	-0.007425	-0.000019	1.000141	0.394604	
573	1.000156	-0.000011	-0.038164	0.000011	1.000156	0.559025	
574	1.000199	0.000057	-0.064063	-0.000057	1.000199	0.702956	
575	1.000776	0.000046	-0.177899	-0.000046	1.000776	0.911848	
576	0.999949	0.000025	0.342440	-0.000025	0.999949	0.702262	
577	1.000392	-0.000032	-0.079183	0.000032	1.000392	0.355538	
578	1.000374	-0.000119	-0.055294	0.000119	1.000374	0.323872	
579	1.000213	0.000049	-0.178783	-0.000049	1.000213	0.885894	
580	1.000631	-0.000070	-0.280391	0.000070	1.000631	0.834115	
581	1.000399	-0.000089	-0.099093	0.000089	1.000399	0.967793	
582	1.000270	-0.000006	-0.110689	0.000006	1.000270	0.588866	
583	1.000339	-0.000026	-0.097111	0.000026	1.000339	1.056440	
584	1.000342	-0.000190	0.173547	0.000190	1.000342	0.895731	
585	1.000739	-0.000219	1.291375	0.000219	1.000739	2.366420	
586	1.000296	-0.000229	0.885563	0.000229	1.000296	1.343415	
587	1.000215	-0.000069	0.980050	0.000069	1.000215	0.958146	
588	1.000375	-0.000123	0.900953	0.000123	1.000375	1.064792	
589	1.000587	0.000014	0.806854	-0.000014	1.000587	1.851185	
590	1.002070	-0.000277	2.591913	0.000277	1.002070	5.071002	
591	1.000696	-0.000104	1.366932	0.000104	1.000696	2.429411	
592	1.000857	-0.000025	1.571071	0.000025	1.000857	3.166682	
593	1.000574	-0.000185	1.543405	0.000185	1.000574	2.527681	
594	1.000984	-0.000227	1.350668	0.000227	1.000984	2.026073	
595	1.002476	-0.000329	3.171638	0.000329	1.002476	6.082470	
596	1.001186	-0.000165	1.058327	0.000165	1.001186	2.582277	
597	1.000914	-0.000103	1.103401	0.000103	1.000914	2.237349	
598	1.001027	-0.000125	0.900538	0.000125	1.001027	2.277537	
599	1.001566	-0.000128	0.476306	0.000128	1.001566	1.892794	
600	1.005697	-0.001013	-0.177794	0.001013	1.005697	1.910227	
601	1.002011	-0.000085	-0.418674	0.000085	1.002011	0.893091	
602	1.001893	-0.000030	-0.454446	0.000030	1.001893	0.784524	
603	1.002113	-0.000060	-0.753224	0.000060	1.002113	0.680777	
604	1.002005	0.000014	-0.738711	-0.000014	1.002005	1.049844	
605	1.003955	-0.000143	-1.273572	0.000143	1.003955	0.085389	
606	1.002080	0.000015	-0.830843	-0.000015	1.002080	0.727955	
607	1.002009	-0.000056	-0.988687	0.000056	1.002009	-0.069305	
608	1.002084	-0.000091	-0.937190	0.000091	1.002084	-0.023909	
609	1.002197	-0.000094	-0.866241	0.000094	1.002197	-0.040434	
610	1.004497	-0.000180	-2.300066	0.000180	1.004497	-0.654780	
611	1.002427	-0.000093	-1.436178	0.000093	1.002427	-0.547997	
612	1.002438	-0.000055	-1.360651	0.000055	1.002438	-0.457455	
613	1.002821	-0.000089	-1.850638	0.000089	1.002821	-0.600140	
614	1.002506	0.000002	-1.513580	-0.000002	1.002506	-0.634185	
615	1.005305	-0.000012	-3.435331	0.000012	1.005305	-1.092893	
616	1.002463	0.000030	-1.785554	-0.000030	1.002463	-0.414250	
617	1.002473	0.000054	-1.369488	-0.000054	1.002473	-0.545484	
618	1.002342	0.000025	-1.588216	-0.000025	1.002342	-0.550840	
619	1.002338	0.000027	-1.577873	-0.000027	1.002338	-0.619591	
620	1.004491	0.000091	-3.052746	-0.000091	1.004491	-1.637889	
621	1.002810	0.000072	-1.715825	-0.000072	1.002810	-1.243224	
622	1.002568	0.000069	-1.557151	-0.000069	1.002568	-1.180457	
623	1.002514	0.000071	-1.474742	-0.000071	1.002514	-1.291658	
624	1.002533	0.000067	-1.599809	-0.000067	1.002533	-1.503654	
625	1.005309	-0.000049	-3.439394	0.000049	1.005309	-3.487696	
626	1.002498	-0.000052	-1.895766	0.000052	1.002498	-2.192853	
627	1.002330	0.000033	-1.893345	-0.000033	1.002330	-2.080155	
628	1.002245	0.000038	-2.311688	-0.000038	1.002245	-2.000788	
629	1.002425	-0.000045	-3.106645	0.000045	1.002425	-3.164450	
630	1.008198	-0.000446	-10.380884	0.000446	1.008198	-8.638301	
631	1.002725	-0.000023	-4.410438	0.000023	1.002725	-3.180897	
632	1.005163	-0.000433	-6.019719	0.000433	1.005163	-5.290629	
633	1.001274	0.000405	-4.045006	-0.000405	1.001274	-2.368845	
634	1.004058	0.000364	-5.982965	-0.000364	1.004058	-3.141463	
635	1.002736	0.000039	-5.010334	-0.000039	1.002736	-2.396470	
636	1.007734	0.000797	-12.987209	-0.000797	1.007734	-5.623638	
637	1.004375	0.000492	-6.434896	-0.000492	1.004375	-2.808617	
638	1.002797	0.000096	-4.794253	-0.000096	1.002797	-1.973467	
639	1.002643	0.000077	-4.716541	-0.000077	1.002643	-2.086706	
640	1.002626	0.000149	-4.675801	-0.000149	1.002626	-2.229132	
641	1.007428	0.000550	-12.700808	-0.000550	1.007428	-6.253219	
642	1.004314	0.000403	-7.196168	-0.000403	1.004314	-3.583966	
643	1.004362	0.000215	-7.204347	-0.000215	1.004362	-4.077994	
644	1.004560	0.000259	-7.790080	-0.000259	1.004560	-4.461587	
645	1.004536	0.000283	-7.909362	-0.000283	1.004536	-4.555477	
646	1.006255	0.000615	-16.426652	-0.000615	1.006255	-9.114109	
647	1.002785	0.000338	-8.468647	-0.000338	1.002785	-4.570692	
648	1.002836	0.000248	-9.065044	-0.000248	1.002836	-4.400302	
649	1.003931	0.000372	-10.023900	-0.000372	1.003931	-3.548535	
650	1.001965	0.000440	-9.995105	-0.000440	1.001965	-4.827808	
651	1.003255	0.000561	-21.297723	-0.000561	1.003255	-7.399684	
652	1.001605	0.000623	-11.591973	-0.000623	1.001605	-2.311683	
653	1.001391	0.000734	-11.744244	-0.000734	1.001391	-3.089109	
654	1.001039	0.000856	-12.164350	-0.000856	1.001039	-2.330804	
655	1.001086	0.000649	-12.636121	-0.000649	1.001086	-2.259351	
656	1.001081	0.001480	-25.941398	-0.001480	1.001081	-2.646403	
657	1.001137	0.000556	-13.158467	-0.000556	1.001137	-1.038447	
658	1.000463	0.000650	-13.645392	-0.000650	1.000463	-0.602879	
659	1.000699	0.000612	-13.752410	-0.000612	1.000699	-0.684596	
660	1.000789	0.001016	-14.156690	-0.001016	1.000789	-0.364450	
661	1.000348	0.001269	-28.176038	-0.001269	1.000348	-1.187398	
662	1.000467	0.000808	-14.450769	-0.000808	1.000467	-0.883970	
663	1.000281	0.000798	-14.424950	-0.000798	1.000281	-1.040826	
664	1.000307	0.000781	-13.533378	-0.000781	1.000307	-0.852325	
665	1.000092	0.000892	-15.392905	-0.000892	1.000092	-0.812489	
666	0.999405	0.000990	-28.114935	-0.000990	0.999405	-0.698986	
667	1.000575	0.000938	-14.435067	-0.000938	1.000575	-1.379140	
668	1.000619	0.000919	-14.513689	-0.000919	1.000619	-0.330979	
669	1.000862	0.000971	-14.656107	-0.000971	1.000862	-0.272687	
670	1.000551	0.000952	-14.212649	-0.000952	1.000551	-0.463574	
671	0.999700	0.001203	-28.280937	-0.001203	0.999700	-0.518325	
672	1.000204	0.000608	-14.131759	-0.000608	1.000204	-0.564425	
673	1.000190	0.000832	-14.148795	-0.000832	1.000190	0.287683	
674	0.999984	0.000752	-13.897386	-0.000752	0.999984	-0.643584	
675	0.999806	0.000808	-13.596669	-0.000808	0.999806	-0.303577	
676	0.999023	0.001489	-27.054067	-0.001489	0.999023	-0.092916	
677	0.999641	0.000947	-13.184386	-0.000947	0.999641	-0.070514	
678	0.999777	0.000843	-13.150036	-0.000843	0.999777	0.554789	
679	0.999424	0.000916	-13.079988	-0.000916	0.999424	-0.224349	
680	0.999391	0.001079	-12.885236	-0.001079	0.999391	0.598650	
681	0.998987	0.001532	-26.298784	-0.001532	0.998987	0.741499	
682	0.999010	0.001017	-12.927798	-0.001017	0.999010	0.929147	
683	0.999182	0.000936	-13.216507	-0.000936	0.999182	0.717024	
684	0.999026	0.000934	-13.344173	-0.000934	0.999026	0.975757	
685	0.998620	0.001028	-13.172986	-0.001028	0.998620	0.680350	
686	0.997789	0.001003	-26.490748	-0.001003	0.997789	1.937414	
687	0.998751	0.000998	-13.283095	-0.000998	0.998751	1.223407	
688	0.998857	0.001063	-13.525305	-0.001063	0.998857	0.985917	
689	0.998811	0.000811	-13.439004	-0.000811	0.998811	0.566919	
690	0.998873	0.000929	-13.384537	-0.000929	0.998873	0.878323	
691	0.997272	0.001179	-26.463193	-0.001179	0.997272	1.635875	
692	0.998802	0.001062	-13.255147	-0.001062	0.998802	2.232977	
693	0.998733	0.001076	-13.137230	-0.001076	0.998733	0.600939	
694	0.998263	0.000923	-12.828314	-0.000923	0.998263	1.545581	
695	0.998799	0.000857	-13.026509	-0.000857	0.998799	1.200995	
696	0.996915	0.000874	-25.795489	-0.000874	0.996915	1.880220	
697	0.999214	0.000777	-13.306533	-0.000777	0.999214	1.026340	
698	0.998670	0.000871	-12.996933	-0.000871	0.998670	0.654600	
699	0.998646	0.000834	-13.051891	-0.000834	0.998646	0.976755	
700	0.998619	0.000896	-12.886710	-0.000896	0.998619	1.609734	
701	0.997130	0.000711	-26.462038	-0.000711	0.997130	2.025006	
702	0.998914	0.000896	-13.196929	-0.000896	0.998914	1.606835	
703	0.999535	0.000875	-13.615081	-0.000875	0.999535	0.999114	
704	0.998990	0.001019	-13.132754	-0.001019	0.998990	2.538046	
705	0.999212	0.000861	-13.168868	-0.000861	0.999212	-0.710125	
706	0.997717	0.001361	-25.915302	-0.001361	0.997717	1.723112	
707	0.999641	0.000775	-12.671748	-0.000775	0.999641	0.334183	
708	0.999069	0.001215	-12.069740	-0.001215	0.999069	2.169096	
709	0.999257	0.001375	-11.746927	-0.001375	0.999257	-0.090534	
710	0.999169	0.001144	-11.647372	-0.001144	0.999169	0.699043	
711	0.999243	0.001665	-24.683650	-0.001665	0.999243	2.525565	
712	1.000930	0.000639	-12.283217	-0.000639	1.000930	-0.830682	
713	0.999180	0.000732	-11.955749	-0.000732	0.999180	0.363131	
714	0.999714	0.000766	-12.283731	-0.000766	0.999714	0.447635	
715	0.999653	0.001570	-12.391478	-0.001570	0.999653	1.149409	
716	0.998658	0.001962	-24.761457	-0.001962	0.998658	1.223149	
717	1.010806	0.004868	-15.396926	-0.004868	1.010806	-0.780149	
718	0.999555	0.001262	-12.018936	-0.001262	0.999555	1.613386	
719	1.009116	0.003663	-15.778527	-0.003663	1.009116	-1.355343	
720	0.999487	0.001292	-11.456350	-0.001292	0.999487	1.035045	
721	1.000356	0.002013	-23.209448	-0.002013	1.000356	2.072492	
722	0.999428	0.000960	-10.470834	-0.000960	0.999428	0.785784	
723	1.006297	0.002966	-13.207123	-0.002966	1.006297	-0.514529	
724	0.999845	0.000890	-9.914371	-0.000890	0.999845	1.120929	
725	1.000428	0.001019	-9.780433	-0.001019	1.000428	0.847046	
726	0.997686	0.000140	-17.395226	-0.000140	0.997686	1.702651	
727	1.003583	0.002017	-10.074052	-0.002017	1.003583	0.132041	
728	1.004295	0.002337	-10.306523	-0.002337	1.004295	1.027898	
729	0.997245	-0.001475	-5.159779	0.001475	0.997245	-0.253288	
730	1.006961	0.003141	-9.951730	-0.003141	1.006961	-0.474838	
731	0.997236	0.000555	-14.409604	-0.000555	0.997236	2.405086	
732	1.002034	0.001769	-7.855301	-0.001769	1.002034	0.745189	
733	1.004303	0.002211	-8.431690	-0.002211	1.004303	-0.246344	
734	0.999354	0.000744	-6.700193	-0.000744	0.999354	1.719239	
735	1.001404	0.001124	-7.220852	-0.001124	1.001404	-0.116567	
736	0.997437	0.001096	-12.664723	-0.001096	0.997437	2.153271	
737	1.000916	0.000517	-5.805189	-0.000517	1.000916	0.126498	
738	1.001574	0.001318	-6.848123	-0.001318	1.001574	-0.198787	
739	1.000906	0.001128	-6.109226	-0.001128	1.000906	0.568619	
740	1.001707	0.001873	-7.283137	-0.001873	1.001707	1.291275	
741	0.998088	0.001105	-12.561939	-0.001105	0.998088	2.772103	
742	1.002123	0.001825	-7.459071	-0.001825	1.002123	0.462206	
743	1.004325	0.002263	-8.393836	-0.002263	1.004325	-0.405035	
744	0.999054	0.000673	-6.740774	-0.000673	0.999054	0.315996	
745	0.997873	-0.000741	-5.340308	0.000741	0.997873	-0.350285	
746	0.997841	0.001198	-15.329571	-0.001198	0.997841	1.804334	
747	1.002125	0.001719	-9.656980	-0.001719	1.002125	0.993715	
748	0.999755	0.000663	-9.151515	-0.000663	0.999755	1.772102	
749	0.999237	0.000666	-9.022089	-0.000666	0.999237	0.527908	
750	0.999352	0.000754	-9.535440	-0.000754	0.999352	0.533165	
751	0.996904	0.001217	-18.208988	-0.001217	0.996904	1.799204	
752	1.002933	0.002133	-11.090820	-0.002133	1.002933	0.141218	
753	0.999288	0.000880	-9.683183	-0.000880	0.999288	0.874692	
754	0.998884	0.000840	-9.493216	-0.000840	0.998884	1.276143	
755	0.999001	0.000787	-9.496850	-0.000787	0.999001	1.147370	
756	0.996696	0.001196	-18.900030	-0.001196	0.996696	3.080704	
757	0.999239	0.000750	-9.854447	-0.000750	0.999239	0.167244	
758	0.998796	0.000756	-9.808319	-0.000756	0.998796	1.801893	
759	0.998818	0.000766	-9.684613	-0.000766	0.998818	1.095226	
760	0.999214	0.000875	-9.993749	-0.000875	0.999214	0.638219	
761	0.997711	0.001508	-20.652470	-0.001508	0.997711	2.390448	
762	0.999279	0.000992	-10.320636	-0.000992	0.999279	0.939639	
763	0.999207	0.001104	-10.080146	-0.001104	0.999207	1.077259	
764	1.003813	0.002599	-11.617470	-0.002599	1.003813	0.254896	
765	0.999371	0.000935	-9.931391	-0.000935	0.999371	1.524208	
766	0.997386	0.001417	-19.192439	-0.001417	0.997386	3.014445	
767	0.999175	0.000873	-9.121434	-0.000873	0.999175	2.128424	
768	0.999166	0.000867	-8.907698	-0.000867	0.999166	0.441867	
769	0.999089	0.000778	-8.312661	-0.000778	0.999089	1.920019	
770	0.999006	0.000700	-8.319758	-0.000700	0.999006	1.482620	
771	0.997444	0.001345	-15.767919	-0.001345	0.997444	3.971054	
772	0.998229	0.000394	-6.388002	-0.000394	0.998229	1.861822	
773	0.997833	-0.000670	-5.035485	0.000670	0.997833	1.513852	
774	0.998689	0.000730	-6.522690	-0.000730	0.998689	1.859823	
775	0.998692	0.000693	-6.338479	-0.000693	0.998692	2.357676	
776	0.997598	0.001028	-13.228173	-0.001028	0.997598	4.975145	
777	0.998473	0.000789	-5.668469	-0.000789	0.998473	3.003646	
778	0.998412	0.000753	-5.611323	-0.000753	0.998412	2.957535	
779	0.999192	0.000938	-5.201068	-0.000938	0.999192	2.007958	
780	0.997897	-0.000538	-3.894437	0.000538	0.997897	2.071919	
781	0.998751	0.001024	-12.373931	-0.001024	0.998751	5.220309	
782	0.998987	-0.000578	-4.424961	0.000578	0.998987	1.712664	
783	0.999727	0.000841	-6.392751	-0.000841	0.999727	2.495985	
784	1.000679	0.001240	-6.697681	-0.001240	1.000679	2.650060	
785	1.000519	0.001400	-6.424461	-0.001400	1.000519	2.034857	
786	1.000058	0.000981	-13.475698	-0.000981	1.000058	4.083422	
787	0.999258	0.000261	-5.909137	-0.000261	0.999258	2.462111	
788	1.000048	0.000600	-6.883213	-0.000600	1.000048	1.591816	
789	1.000873	0.001855	-7.364544	-0.001855	1.000873	2.403538	
790	0.999942	0.000686	-7.076599	-0.000686	0.999942	2.098288	
791	1.000190	0.001274	-14.553158	-0.001274	1.000190	4.521693	
792	0.999811	0.000717	-6.823776	-0.000717	0.999811	2.480481	
793	0.999812	0.000667	-6.791779	-0.000667	0.999812	2.754558	
794	0.999930	0.000480	-6.990590	-0.000480	0.999930	2.588741	
795	1.001033	0.001808	-7.518237	-0.001808	1.001033	2.242982	
796	1.000492	0.000974	-14.497147	-0.000974	1.000492	4.215040	
797	0.996452	-0.001529	-2.861181	0.001529	0.996452	0.907246	
798	0.998272	-0.001090	-4.792962	0.001090	0.998272	1.219187	
799	1.000526	0.000150	-5.449790	-0.000150	1.000526	0.730673	
800	0.998533	-0.000906	-5.228938	0.000906	0.998533	1.439032	
801	1.000404	0.000953	-14.774812	-0.000953	1.000404	0.603788	
802	1.000076	0.000668	-6.959236	-0.000668	1.000076	0.918027	
803	1.001453	0.001564	-7.826780	-0.001564	1.001453	0.734687	
804	0.997264	-0.000404	-3.342839	0.000404	0.997264	0.636419	
805	1.000081	0.000454	-6.449844	-0.000454	1.000081	0.526231	
806	1.001500	0.001327	-6.964799	-0.001327	1.001500	0.385826	
807	1.001671	0.000851	-12.892697	-0.000851	1.001671	0.018616	
808	0.999437	0.000005	-3.599894	-0.000005	0.999437	0.182117	
809	0.999952	0.000012	-4.155925	-0.000012	0.999952	0.645483	
810	1.000097	0.000132	-3.831944	-0.000132	1.000097	-0.574400	
811	1.000111	0.000043	-3.428483	-0.000043	1.000111	0.011461	
812	1.001865	0.000528	-8.848772	-0.000528	1.001865	-0.133636	
813	1.000124	0.000138	-2.493515	-0.000138	1.000124	0.176305	
814	1.000168	0.000081	-2.332835	-0.000081	1.000168	-0.596506	
815	1.000255	0.000127	-2.061561	-0.000127	1.000255	-0.134461	
816	1.000344	0.000159	-1.714601	-0.000159	1.000344	-0.261512	
817	1.000892	0.000112	-3.168955	-0.000112	1.000892	-0.884863	
818	1.000276	0.000116	-1.007869	-0.000116	1.000276	-0.559274	
819	1.000274	0.000150	-1.100187	-0.000150	1.000274	-0.569582	
820	1.000116	0.000118	-0.838425	-0.000118	1.000116	-0.352244	
821	1.000326	0.000067	-0.691789	-0.000067	1.000326	0.375885	
822	1.000752	0.000065	-1.981415	-0.000065	1.000752	-0.517290	
823	1.000289	0.000098	-1.007270	-0.000098	1.000289	0.285244	
824	1.000277	0.000124	-1.174434	-0.000124	1.000277	0.516193	
825	1.000440	0.000104	-1.417369	-0.000104	1.000440	-0.586122	
826	1.000374	0.000111	-1.434763	-0.000111	1.000374	0.252683	
827	1.001290	0.000081	-3.523752	-0.000081	1.001290	-0.577785	
828	1.000584	0.000063	-1.662000	-0.000063	1.000584	-0.586721	
829	1.000753	-0.000010	-1.771576	0.000010	1.000753	-0.496884	
830	1.000762	-0.000116	-1.652709	0.000116	1.000762	-0.039416	
831	1.000579	-0.000198	-1.449004	0.000198	1.000579	-0.185610	
832	1.001536	-0.000104	-3.237580	0.000104	1.001536	-1.304621	
833	1.000618	-0.000124	-1.424209	0.000124	1.000618	-0.637219	
834	1.000738	-0.000028	-1.428969	0.000028	1.000738	-0.440194	
835	1.000795	-0.000124	-1.358235	0.000124	1.000795	0.723931	
836	1.000906	0.000059	-1.305960	-0.000059	1.000906	-1.258412	
837	1.001858	0.000006	-2.005125	-0.000006	1.001858	-0.047428	
838	1.001004	0.000034	-0.808730	-0.000034	1.001004	-0.899370	
839	1.001196	0.000037	-0.893947	-0.000037	1.001196	-0.599781	
840	1.001072	-0.000036	-0.771947	0.000036	1.001072	-0.451056	
841	1.001033	-0.000074	-0.646029	0.000074	1.001033	-0.458063	
842	1.002064	-0.000057	-1.341401	0.000057	1.002064	-0.566164	
843	1.001200	-0.000108	-0.810716	0.000108	1.001200	-0.585905	
844	1.001266	-0.000169	-0.821380	0.000169	1.001266	-0.795065	
845	1.001206	-0.000086	-0.826946	0.000086	1.001206	-0.437117	
846	1.001215	-0.000219	-0.762869	0.000219	1.001215	-0.600142	
847	1.002547	-0.000253	-1.724097	0.000253	1.002547	-0.602232	
848	1.001464	0.000010	-1.011954	-0.000010	1.001464	-0.604038	
849	1.001668	-0.000087	-1.190210	0.000087	1.001668	-0.950772	
850	1.001479	-0.000140	-0.917007	0.000140	1.001479	-0.650413	
851	1.001356	0.000035	-0.958641	-0.000035	1.001356	-0.526935	
852	1.002601	-0.000145	-1.412510	0.000145	1.002601	-0.890170	
853	1.001914	-0.000061	-1.012197	0.000061	1.001914	-0.743973	
854	1.001499	-0.000075	-0.735703	0.000075	1.001499	-1.362576	
855	1.001361	-0.000197	-0.483978	0.000197	1.001361	-0.097739	
856	1.001478	-0.000184	-0.451865	0.000184	1.001478	-1.904591	
857	1.002252	-0.000056	0.610634	0.000056	1.002252	-2.560486	
858	1.001537	-0.000116	0.326251	0.000116	1.001537	-1.080857	
859	1.001565	-0.000090	0.673154	0.000090	1.001565	-2.032094	
860	1.001341	-0.000176	1.125489	0.000176	1.001341	-1.604959	
861	1.001379	-0.000101	1.383566	0.000101	1.001379	-1.284399	
862	1.002785	-0.000008	2.754542	0.000008	1.002785	-2.381201	
863	1.001283	-0.000398	1.756473	0.000398	1.001283	-0.914560	
864	1.001272	-0.000254	1.686999	0.000254	1.001272	-1.243365	
865	1.000912	-0.000227	1.845876	0.000227	1.000912	0.200452	
866	1.001257	-0.000212	1.343186	0.000212	1.001257	-1.296355	
867	1.002196	0.000208	2.494129	-0.000208	1.002196	-0.721888	
868	1.000904	-0.000063	0.979841	0.000063	1.000904	-0.106064	
869	1.000792	-0.000064	0.785201	0.000064	1.000792	-0.925486	
870	1.000708	-0.000109	0.617878	0.000109	1.000708	-0.805335	
871	1.000630	-0.000133	0.539478	0.000133	1.000630	-0.685004	
872	1.000785	-0.000084	1.442804	0.000084	1.000785	-1.022543	
873	1.000836	-0.000171	0.335585	0.000171	1.000836	-1.089501	
874	1.000770	-0.000227	0.451388	0.000227	1.000770	-1.126711	
875	1.000807	-0.000153	0.724233	0.000153	1.000807	-1.153860	
