0	1.000000	0.000000	0.000000	0.000000	1.000000	0.000000	
1	1.000000	-0.000000	0.000000	0.000000	1.000000	0.000000	
2	1.001459	0.000005	-0.848364	-0.000005	1.001459	-0.659377	
3	1.001473	-0.000044	-0.865752	0.000044	1.001473	-0.700963	
4	1.001492	-0.000055	-0.829040	0.000055	1.001492	-0.728593	
5	1.001779	0.000012	-1.042774	-0.000012	1.001779	-0.889231	
6	1.001719	-0.000026	-0.935197	0.000026	1.001719	-0.891003	
7	1.001841	-0.000053	-1.053047	0.000053	1.001841	-0.952515	
8	1.002028	0.000004	-1.221574	-0.000004	1.002028	-1.028971	
9	1.002240	-0.000023	-1.278724	0.000023	1.002240	-1.093274	
10	1.002363	-0.000069	-1.393660	0.000069	1.002363	-1.170716	
11	1.002555	0.000004	-1.496908	-0.000004	1.002555	-1.245353	
12	1.002770	-0.000005	-1.615990	0.000005	1.002770	-1.275933	
13	1.003101	0.000019	-1.799977	-0.000019	1.003101	-1.202031	
14	1.002933	-0.000126	-1.664944	0.000126	1.002933	-1.482939	
15	1.003268	-0.000005	-1.839181	0.000005	1.003268	-1.417689	
16	1.003452	-0.000057	-1.929583	0.000057	1.003452	-1.491169	
17	1.003974	-0.000091	-2.326576	0.000091	1.003974	-1.767774	
18	1.004358	-0.000083	-2.557304	0.000083	1.004358	-1.915043	
19	1.004687	-0.000054	-2.773766	0.000054	1.004687	-2.048337	
20	1.005132	-0.000067	-3.128594	0.000067	1.005132	-2.186923	
21	1.005473	-0.000118	-3.311903	0.000118	1.005473	-2.447392	
22	1.006013	-0.000086	-3.645329	0.000086	1.006013	-2.611351	
23	1.006293	-0.000073	-3.905101	0.000073	1.006293	-2.772501	
24	1.006987	-0.000071	-4.370193	0.000071	1.006987	-3.041606	
25	1.007202	-0.000024	-4.349713	0.000024	1.007202	-3.202221	
26	1.007220	-0.000051	-4.488869	0.000051	1.007220	-3.089069	
27	1.007579	-0.000060	-4.701104	0.000060	1.007579	-3.345926	
28	1.008153	-0.000091	-4.972387	0.000091	1.008153	-3.595501	
29	1.008394	-0.000046	-5.167078	0.000046	1.008394	-3.727255	
30	1.009244	-0.000046	-5.608248	0.000046	1.009244	-4.025299	
31	1.009192	-0.000092	-5.655437	0.000092	1.009192	-4.017401	
32	1.009805	-0.000115	-6.058369	0.000115	1.009805	-4.348865	
33	1.009907	-0.000065	-6.122283	0.000065	1.009907	-4.384189	
34	1.009701	-0.000123	-5.976763	0.000123	1.009701	-4.275260	
35	1.009834	-0.000114	-6.135544	0.000114	1.009834	-4.402429	
36	1.009567	-0.000135	-5.925749	0.000135	1.009567	-4.207331	
37	1.009359	-0.000098	-5.864079	0.000098	1.009359	-4.059265	
38	1.009236	-0.000042	-5.766285	0.000042	1.009236	-3.894729	
39	1.009216	-0.000205	-5.624188	0.000205	1.009216	-4.101958	
40	1.009651	-0.000117	-5.863621	0.000117	1.009651	-4.098392	
41	1.009475	-0.000095	-5.783529	0.000095	1.009475	-4.085710	
42	1.009685	-0.000102	-5.908159	0.000102	1.009685	-4.217822	
43	1.009606	-0.000147	-5.905034	0.000147	1.009606	-4.132789	
44	1.008942	-0.000122	-5.628320	0.000122	1.008942	-3.917142	
45	1.009282	-0.000142	-5.836423	0.000142	1.009282	-4.012312	
46	1.009144	-0.000218	-5.956892	0.000218	1.009144	-4.048768	
47	1.009025	-0.000086	-6.153152	0.000086	1.009025	-3.935443	
48	1.008960	-0.000112	-6.016979	0.000112	1.008960	-4.096208	
49	1.008734	-0.000088	-6.005563	0.000088	1.008734	-3.864861	
50	1.008763	-0.000148	-6.119079	0.000148	1.008763	-3.906943	
51	1.008540	-0.000012	-5.966354	0.000012	1.008540	-3.600328	
52	1.008495	-0.000012	-5.785669	0.000012	1.008495	-3.637362	
53	1.008495	-0.000162	-5.747695	0.000162	1.008495	-3.737881	
54	1.008398	-0.000123	-5.587738	0.000123	1.008398	-3.630269	
55	1.008476	-0.000185	-5.649421	0.000185	1.008476	-3.762263	
56	1.008117	-0.000200	-5.467172	0.000200	1.008117	-3.607175	
57	1.008570	-0.000276	-5.693284	0.000276	1.008570	-3.834390	
58	1.008645	-0.000206	-5.695476	0.000206	1.008645	-3.764923	
59	1.008117	-0.000208	-5.043756	0.000208	1.008117	-3.578082	
60	1.008501	-0.000331	-5.122837	0.000331	1.008501	-3.868739	
61	1.008126	-0.000286	-4.720588	0.000286	1.008126	-3.617082	
62	1.008536	-0.000248	-4.633167	0.000248	1.008536	-3.871021	
63	1.008713	-0.000265	-4.527331	0.000265	1.008713	-3.945380	
64	1.007990	-0.000315	-3.932500	0.000315	1.007990	-3.659724	
65	1.008379	-0.000344	-3.832305	0.000344	1.008379	-3.875572	
66	1.008173	-0.000322	-3.493666	0.000322	1.008173	-3.789720	
67	1.008234	-0.000283	-3.258965	0.000283	1.008234	-3.762595	
68	1.008796	-0.000409	-2.728823	0.000409	1.008796	-4.167805	
69	1.017048	-0.000911	-3.443243	0.000911	1.017048	-8.273826	
70	1.008012	-0.000793	-0.653370	0.000793	1.008012	-4.100034	
71	1.007549	-0.000937	0.055523	0.000937	1.007549	-3.972322	
72	1.007832	-0.000787	0.035887	0.000787	1.007832	-3.920720	
73	1.006972	-0.001114	0.605597	0.001114	1.006972	-3.713278	
74	1.007231	-0.001032	0.712495	0.001032	1.007231	-3.753219	
75	1.006634	-0.000830	1.045565	0.000830	1.006634	-3.600086	
76	1.006921	-0.000948	1.490006	0.000948	1.006921	-3.860561	
77	1.006546	-0.001159	2.257278	0.001159	1.006546	-3.981641	
78	1.006110	-0.000922	2.240080	0.000922	1.006110	-3.569518	
79	1.006601	-0.001170	2.711088	0.001170	1.006601	-3.896954	
80	1.006008	-0.001088	2.852350	0.001088	1.006008	-3.574583	
81	1.006015	-0.001126	3.206390	0.001126	1.006015	-3.606440	
82	1.005808	-0.001151	3.617875	0.001151	1.005808	-3.610960	
83	1.004789	-0.001114	3.541506	0.001114	1.004789	-3.281321	
84	1.005764	-0.001143	4.063588	0.001143	1.005764	-3.482460	
85	1.005424	-0.001081	3.971873	0.001081	1.005424	-3.319171	
86	1.005689	-0.001144	4.113224	0.001144	1.005689	-3.315416	
87	1.005452	-0.001057	3.936068	0.001057	1.005452	-3.248712	
88	1.005177	-0.000797	3.638535	0.000797	1.005177	-3.084703	
89	1.005575	-0.000919	4.153562	0.000919	1.005575	-3.350147	
90	1.005606	-0.000816	4.047488	0.000816	1.005606	-3.079930	
91	1.004633	-0.000844	4.096694	0.000844	1.004633	-2.738279	
92	1.005808	-0.000783	4.348185	0.000783	1.005808	-2.944119	
93	1.005264	-0.000714	4.686760	0.000714	1.005264	-2.490868	
94	1.005660	-0.000928	5.459997	0.000928	1.005660	-2.630913	
95	1.000000	-0.000000	0.000000	0.000000	1.000000	0.000000	
96	1.005051	-0.001001	5.673835	0.001001	1.005051	-2.491338	
97	1.005368	-0.000982	5.949317	0.000982	1.005368	-2.588117	
98	1.005372	-0.001142	6.141382	0.001142	1.005372	-2.579274	
99	1.004862	-0.001074	5.716542	0.001074	1.004862	-2.287777	
100	1.004881	-0.001134	6.638152	0.001134	1.004881	-2.341680	
101	1.004281	-0.000890	6.809325	0.000890	1.004281	-1.883528	
102	1.004107	-0.001012	7.147273	0.001012	1.004107	-1.941440	
103	1.004416	-0.001062	7.101963	0.001062	1.004416	-2.178996	
104	1.003774	-0.000768	6.694269	0.000768	1.003774	-1.778629	
105	1.004026	-0.000940	7.721660	0.000940	1.004026	-2.056699	
106	1.003546	-0.000920	7.998323	0.000920	1.003546	-1.890207	
107	1.003515	-0.001039	8.085761	0.001039	1.003515	-1.993818	
108	1.003935	-0.001380	8.082884	0.001380	1.003935	-2.512233	
109	1.003058	-0.000988	7.224425	0.000988	1.003058	-1.742230	
110	1.003642	-0.000916	7.838255	0.000916	1.003642	-1.974989	
111	1.003493	-0.001003	8.043818	0.001003	1.003493	-1.968678	
112	1.003845	-0.001103	7.859357	0.001103	1.003845	-2.233439	
113	1.004173	-0.000941	8.802082	0.000941	1.004173	-2.274987	
114	1.003455	-0.001045	8.863606	0.001045	1.003455	-2.129222	
115	1.003911	-0.001451	9.927301	0.001451	1.003911	-2.443203	
116	1.003225	-0.001053	10.679378	0.001053	1.003225	-1.924765	
117	1.002326	-0.001054	10.359276	0.001054	1.002326	-1.922505	
118	1.002922	-0.001311	11.376976	0.001311	1.002922	-2.280217	
119	1.001883	-0.001000	10.417924	0.001000	1.001883	-1.861649	
120	1.002226	-0.001669	10.441874	0.001669	1.002226	-2.301818	
121	1.001776	-0.001013	9.867197	0.001013	1.001776	-1.480978	
122	1.001157	-0.001138	9.845873	0.001138	1.001157	-1.247217	
123	1.001787	-0.001510	8.705394	0.001510	1.001787	-1.496529	
124	1.000514	-0.000911	8.399334	0.000911	1.000514	-0.672751	
125	1.000165	-0.000952	8.451989	0.000952	1.000165	-0.298370	
126	1.000259	-0.001037	7.892773	0.001037	1.000259	-0.375887	
127	0.999673	-0.000688	6.639390	0.000688	0.999673	0.009663	
128	0.999830	-0.000653	6.010946	0.000653	0.999830	-0.050664	
129	0.999842	-0.000372	5.016519	0.000372	0.999842	0.359548	
130	1.000297	-0.000537	4.355936	0.000537	1.000297	0.410411	
131	0.999709	-0.000319	4.622358	0.000319	0.999709	0.878147	
132	1.001294	-0.000593	3.600224	0.000593	1.001294	0.115003	
133	0.999701	-0.000499	6.303307	0.000499	0.999701	0.884466	
134	0.999757	-0.000425	6.330989	0.000425	0.999757	0.918350	
135	0.999040	-0.000684	7.398389	0.000684	0.999040	0.784231	
136	0.999631	-0.000718	7.426174	0.000718	0.999631	0.584865	
137	0.999557	-0.000362	6.722893	0.000362	0.999557	0.842454	
138	0.999260	-0.000830	7.438330	0.000830	0.999260	0.773564	
139	0.999023	-0.000516	6.742221	0.000516	0.999023	0.906756	
140	0.998375	-0.000396	6.971527	0.000396	0.998375	1.245158	
141	0.998310	-0.000531	6.336075	0.000531	0.998310	1.301362	
142	0.998670	-0.000343	5.427367	0.000343	0.998670	1.406167	
143	0.998619	-0.000242	5.617591	0.000242	0.998619	1.395389	
144	0.998611	-0.000237	5.380380	0.000237	0.998611	1.416936	
145	0.998275	-0.000297	5.472439	0.000297	0.998275	1.637681	
146	0.998319	-0.000299	5.559343	0.000299	0.998319	1.583925	
147	0.998537	-0.000240	5.219324	0.000240	0.998537	1.513310	
148	0.998922	-0.000240	4.744956	0.000240	0.998922	1.258260	
149	0.998764	-0.000354	3.965770	0.000354	0.998764	0.979497	
150	0.998802	-0.000047	3.621186	0.000047	0.998802	0.891277	
151	0.998528	0.000010	3.463760	-0.000010	0.998528	1.001909	
152	0.998449	0.000024	4.043359	-0.000024	0.998449	1.342617	
153	0.998274	0.000037	5.232524	-0.000037	0.998274	1.539985	
154	0.998402	-0.000296	5.636347	0.000296	0.998402	1.242593	
155	0.998437	-0.000413	5.256405	0.000413	0.998437	0.673274	
156	0.998796	-0.000379	4.242985	0.000379	0.998796	0.301418	
157	0.998709	-0.000427	3.539568	0.000427	0.998709	0.481848	
158	0.998886	-0.000231	2.876886	0.000231	0.998886	0.874778	
159	0.999147	-0.000440	1.833277	0.000440	0.999147	0.524132	
160	0.999194	-0.000200	1.504559	0.000200	0.999194	0.699548	
161	0.999302	-0.000100	1.406580	0.000100	0.999302	0.896443	
162	0.999446	-0.000212	1.381336	0.000212	0.999446	0.885354	
163	0.999377	-0.000191	1.327819	0.000191	0.999377	1.026745	
164	0.999135	-0.000125	1.124055	0.000125	0.999135	1.120815	
165	0.999530	0.000012	0.310115	-0.000012	0.999530	1.022221	
166	0.999655	-0.000001	0.033392	0.000001	0.999655	1.028311	
167	0.999756	0.000066	0.049955	-0.000066	0.999756	0.933303	
168	0.999659	0.000051	0.453937	-0.000051	0.999659	0.873787	
169	0.999539	-0.000111	1.027937	0.000111	0.999539	0.733788	
170	0.999850	-0.000219	1.214804	0.000219	0.999850	0.492244	
171	0.999651	-0.000337	1.311331	0.000337	0.999651	0.326673	
172	0.999665	-0.000257	0.715268	0.000257	0.999665	0.145182	
173	0.999699	-0.000090	0.025123	0.000090	0.999699	0.091445	
174	0.999517	-0.000178	-0.051506	0.000178	0.999517	0.026153	
175	0.999634	-0.000050	-0.009303	0.000050	0.999634	0.022643	
176	0.999792	-0.000072	-0.048447	0.000072	0.999792	-0.042491	
177	0.999824	-0.000009	-0.082851	0.000009	0.999824	0.038463	
178	0.999853	-0.000032	-0.273348	0.000032	0.999853	0.292299	
179	0.999850	-0.000081	-0.231481	0.000081	0.999850	0.395057	
180	0.999905	-0.000007	-0.306562	0.000007	0.999905	0.297329	
181	0.999942	-0.000050	-0.123628	0.000050	0.999942	-0.003175	
182	1.000020	-0.000168	-0.089917	0.000168	1.000020	-0.084890	
183	1.000025	-0.000138	-0.034917	0.000138	1.000025	-0.106667	
184	1.000012	-0.000030	-0.095761	0.000030	1.000012	-0.025398	
185	0.999959	0.000023	-0.109875	-0.000023	0.999959	0.002034	
186	0.999920	0.000071	-0.061061	-0.000071	0.999920	0.039174	
187	0.999881	0.000079	0.020805	-0.000079	0.999881	0.072782	
188	0.999871	0.000090	-0.012782	-0.000090	0.999871	0.055044	
189	0.999857	0.000138	-0.076355	-0.000138	0.999857	0.053105	
190	0.999877	0.000157	-0.120657	-0.000157	0.999877	0.052407	
191	0.999902	0.000120	-0.146102	-0.000120	0.999902	0.033472	
192	0.999918	0.000182	-0.087234	-0.000182	0.999918	0.062972	
193	0.999861	0.000150	0.096342	-0.000150	0.999861	0.129637	
194	0.999912	0.000122	0.075194	-0.000122	0.999912	0.089935	
195	0.999944	0.000116	-0.038623	-0.000116	0.999944	0.099577	
196	1.000005	0.000069	-0.167890	-0.000069	1.000005	0.028521	
197	0.999967	0.000060	-0.134970	-0.000060	0.999967	-0.018499	
198	0.999975	0.000052	-0.147469	-0.000052	0.999975	-0.029079	
199	1.000038	-0.000040	-0.072981	0.000040	1.000038	-0.054970	
200	1.000017	-0.000032	-0.002127	0.000032	1.000017	0.017207	
201	1.000006	-0.000062	0.015526	0.000062	1.000006	0.036209	
202	1.000042	-0.000176	0.201316	0.000176	1.000042	0.038182	
203	0.999871	-0.000247	0.562657	0.000247	0.999871	0.175476	
204	0.999751	-0.000278	0.742709	0.000278	0.999751	0.316234	
205	0.999643	-0.000304	0.879679	0.000304	0.999643	0.451110	
206	0.999598	-0.000260	0.845829	0.000260	0.999598	0.605189	
207	0.999537	-0.000298	0.982165	0.000298	0.999537	0.583976	
208	0.999336	-0.000383	1.616915	0.000383	0.999336	0.618229	
209	0.999243	-0.000667	2.293287	0.000667	0.999243	0.700717	
210	0.999032	-0.000919	2.909241	0.000919	0.999032	0.647069	
211	0.999026	-0.001108	3.208736	0.001108	0.999026	0.570184	
212	0.998914	-0.001161	3.424239	0.001161	0.998914	0.539015	
213	0.998985	-0.001357	3.673771	0.001357	0.998985	0.421940	
214	0.999428	-0.001386	3.409137	0.001386	0.999428	0.165292	
215	0.999760	-0.001289	2.785530	0.001289	0.999760	-0.035715	
216	0.999748	-0.001078	2.518163	0.001078	0.999748	0.017271	
217	1.000006	-0.000934	2.278071	0.000934	1.000006	-0.029173	
218	0.999765	-0.001216	2.980922	0.001216	0.999765	0.059742	
219	0.999928	-0.001400	3.446204	0.001400	0.999928	-0.090845	
220	1.000314	-0.001562	3.459177	0.001562	1.000314	-0.480227	
221	1.000129	-0.001757	3.887743	0.001757	1.000129	-0.612111	
222	1.000326	-0.001814	3.673840	0.001814	1.000326	-0.839840	
223	0.999890	-0.002119	3.896151	0.002119	0.999890	-0.925163	
224	1.000950	-0.001857	3.211919	0.001857	1.000950	-1.122231	
225	1.001352	-0.001736	2.519640	0.001736	1.001352	-1.189905	
226	1.000319	-0.001616	2.842686	0.001616	1.000319	-0.593449	
227	1.000689	-0.001494	2.777718	0.001494	1.000689	-0.628402	
228	1.001011	-0.001779	3.081563	0.001779	1.001011	-0.795022	
229	1.001038	-0.001898	3.177030	0.001898	1.001038	-0.850099	
230	1.001303	-0.001834	2.823660	0.001834	1.001303	-1.002818	
231	1.001114	-0.001841	2.827920	0.001841	1.001114	-0.894420	
232	1.001147	-0.001511	2.339956	0.001511	1.001147	-0.819330	
233	1.001712	-0.001510	1.851536	0.001510	1.001712	-1.034042	
234	1.001733	-0.001439	1.595805	0.001439	1.001733	-1.023064	
235	1.001303	-0.001327	1.380803	0.001327	1.001303	-0.894260	
236	1.001602	-0.001219	0.961153	0.001219	1.001602	-0.971216	
237	1.001803	-0.000912	0.357701	0.000912	1.001803	-1.014990	
238	1.001856	-0.000645	-0.036917	0.000645	1.001856	-0.835775	
239	1.001973	-0.000390	-0.301462	0.000390	1.001973	-0.781403	
240	1.001893	-0.000386	-0.192642	0.000386	1.001893	-0.698527	
241	1.001772	-0.000490	0.086703	0.000490	1.001772	-0.650973	
242	1.003889	-0.001533	1.406602	0.001533	1.003889	-1.461043	
243	1.001218	-0.000921	1.276327	0.000921	1.001218	-0.608283	
244	1.000670	-0.001048	1.862531	0.001048	1.000670	-0.428298	
245	1.000639	-0.001281	2.164317	0.001281	1.000639	-0.570968	
246	1.000416	-0.001268	2.254514	0.001268	1.000416	-0.514602	
247	1.001117	-0.001157	1.380349	0.001157	1.001117	-0.900601	
248	1.001295	-0.000919	0.758985	0.000919	1.001295	-1.044025	
249	1.001218	-0.000658	0.525884	0.000658	1.001218	-0.761544	
250	1.001155	-0.000712	0.818921	0.000712	1.001155	-0.591021	
251	1.000850	-0.001027	1.307893	0.001027	1.000850	-0.585055	
252	1.000973	-0.000976	1.262041	0.000976	1.000973	-0.637134	
253	1.001606	-0.001055	0.902609	0.001055	1.001606	-0.967565	
254	1.001221	-0.001118	1.288961	0.001118	1.001221	-0.825217	
255	1.001328	-0.001080	1.123282	0.001080	1.001328	-0.906255	
256	1.001086	-0.001141	1.150020	0.001141	1.001086	-0.920918	
257	1.001587	-0.000926	0.486634	0.000926	1.001587	-1.081500	
258	1.001806	-0.000688	-0.115546	0.000688	1.001806	-1.177505	
259	1.001406	-0.000449	-0.257512	0.000449	1.001406	-0.848280	
260	1.001037	-0.000358	-0.033345	0.000358	1.001037	-0.495789	
261	1.000389	-0.000442	0.577591	0.000442	1.000389	-0.117290	
262	0.999930	-0.000373	0.934460	0.000373	0.999930	0.139233	
263	0.999987	-0.000500	0.952022	0.000500	0.999987	-0.034369	
264	0.999959	-0.000480	0.927959	0.000480	0.999959	-0.189746	
265	0.999898	-0.000482	0.876679	0.000482	0.999898	-0.224432	
266	0.999700	-0.000517	0.898247	0.000517	0.999700	-0.165550	
267	0.999747	-0.000571	0.819677	0.000571	0.999747	-0.332530	
268	0.999785	-0.000539	0.849695	0.000539	0.999785	-0.282734	
269	1.000000	-0.000000	0.000000	0.000000	1.000000	0.000000	
270	0.999684	-0.000490	1.051830	0.000490	0.999684	-0.198284	
271	0.999495	-0.000811	1.747752	0.000811	0.999495	-0.314432	
272	0.999363	-0.001104	2.259960	0.001104	0.999363	-0.465946	
273	0.999318	-0.001041	2.321770	0.001041	0.999318	-0.451318	
274	0.999628	-0.001106	2.176239	0.001106	0.999628	-0.803436	
275	0.999619	-0.001170	2.275184	0.001170	0.999619	-0.864081	
276	0.999575	-0.001122	2.234030	0.001122	0.999575	-0.735957	
277	0.999425	-0.001272	2.493021	0.001272	0.999425	-0.621079	
278	0.999351	-0.001180	2.598166	0.001180	0.999351	-0.601789	
279	0.999186	-0.001411	2.727286	0.001411	0.999186	-0.577577	
280	0.999093	-0.001432	2.739188	0.001432	0.999093	-0.759240	
281	0.998975	-0.001627	2.879885	0.001627	0.998975	-0.845859	
282	0.998965	-0.001491	2.612849	0.001491	0.998965	-0.862913	
283	0.998967	-0.001376	2.336080	0.001376	0.998967	-0.809823	
284	0.999116	-0.001225	2.150268	0.001225	0.999116	-0.906113	
285	0.999157	-0.001221	2.182281	0.001221	0.999157	-0.929796	
286	0.999235	-0.001017	2.217429	0.001017	0.999235	-0.848793	
287	0.999154	-0.001298	2.482970	0.001298	0.999154	-0.998826	
288	0.998903	-0.001305	2.745050	0.001305	0.998903	-0.764556	
289	0.999013	-0.001466	2.845339	0.001466	0.999013	-0.916491	
290	0.998845	-0.001347	2.824843	0.001347	0.998845	-0.858046	
291	0.998730	-0.001201	2.724343	0.001201	0.998730	-0.718049	
292	0.998539	-0.001159	2.769787	0.001159	0.998539	-0.603590	
293	0.999086	-0.001268	2.326912	0.001268	0.999086	-0.904272	
294	0.999209	-0.001168	2.088054	0.001168	0.999209	-0.966487	
295	0.999048	-0.001127	2.095146	0.001127	0.999048	-0.820166	
296	0.998718	-0.001307	2.398301	0.001307	0.998718	-0.730645	
297	0.998843	-0.001221	2.359284	0.001221	0.998843	-0.782528	
298	0.999444	-0.001262	2.119377	0.001262	0.999444	-1.140731	
299	0.999332	-0.001412	2.264354	0.001412	0.999332	-1.207177	
300	0.999067	-0.001347	2.455035	0.001347	0.999067	-1.006975	
301	0.998516	-0.001387	2.846094	0.001387	0.998516	-0.801420	
302	0.998633	-0.001388	2.811508	0.001388	0.998633	-0.890842	
303	0.998678	-0.001218	2.656447	0.001218	0.998678	-0.768652	
304	0.999051	-0.001211	2.383530	0.001211	0.999051	-0.891922	
305	0.999178	-0.001162	2.233687	0.001162	0.999178	-0.789586	
306	0.999103	-0.001097	2.201631	0.001097	0.999103	-0.511789	
307	0.999130	-0.001049	2.194547	0.001049	0.999130	-0.514751	
308	0.999034	-0.001078	2.189614	0.001078	0.999034	-0.502395	
309	0.999059	-0.001070	1.982208	0.001070	0.999059	-0.505976	
310	0.999109	-0.000891	1.733419	0.000891	0.999109	-0.351611	
311	0.999218	-0.000845	1.459930	0.000845	0.999218	-0.409676	
312	0.999226	-0.000711	1.316277	0.000711	0.999226	-0.301482	
313	0.999205	-0.000671	1.218445	0.000671	0.999205	-0.309928	
314	0.999207	-0.000663	1.324413	0.000663	0.999207	-0.285859	
315	0.998879	-0.000745	1.644343	0.000745	0.998879	-0.280088	
316	0.999172	-0.000840	1.711310	0.000840	0.999172	-0.482367	
317	0.999068	-0.000893	1.869329	0.000893	0.999068	-0.654672	
318	0.999484	-0.000975	1.752244	0.000975	0.999484	-0.865484	
319	0.999044	-0.000916	2.076661	0.000916	0.999044	-0.620535	
320	0.999181	-0.000954	2.069651	0.000954	0.999181	-0.585821	
321	0.999151	-0.000885	2.204565	0.000885	0.999151	-0.275904	
322	0.998779	-0.000987	2.689244	0.000987	0.998779	0.252197	
323	0.998761	-0.000949	2.681201	0.000949	0.998761	0.659885	
324	0.998853	-0.000995	2.529157	0.000995	0.998853	0.743062	
325	0.998917	-0.000711	2.120152	0.000711	0.998917	1.056213	
326	0.999023	-0.000528	1.641305	0.000528	0.999023	1.103347	
327	0.998897	-0.000449	1.579212	0.000449	0.998897	1.338453	
328	0.998992	-0.000415	1.668085	0.000415	0.998992	1.297428	
329	0.999104	-0.000542	1.746561	0.000542	0.999104	1.190064	
330	0.999144	-0.000606	1.902463	0.000606	0.999144	1.340506	
331	0.999899	-0.000679	1.627278	0.000679	0.999899	1.201308	
332	1.000694	-0.000631	0.993801	0.000631	1.000694	0.903352	
333	1.000991	-0.000506	0.760535	0.000506	1.000991	0.905849	
334	1.001221	-0.000421	0.509897	0.000421	1.001221	0.811274	
335	1.001374	-0.000386	0.271251	0.000386	1.001374	0.646302	
336	1.001961	-0.000424	-0.155729	0.000424	1.001961	0.195637	
337	1.001875	-0.000252	-0.470773	0.000252	1.001875	0.065418	
338	1.002229	-0.000272	-1.019535	0.000272	1.002229	-0.321304	
339	1.002526	-0.000088	-1.275707	0.000088	1.002526	-0.523491	
340	1.002704	-0.000158	-1.060408	0.000158	1.002704	-0.635992	
341	1.002323	-0.000252	-0.754336	0.000252	1.002323	-0.412525	
342	1.002240	-0.000281	-0.861578	0.000281	1.002240	-0.494787	
343	1.002249	-0.000142	-1.046615	0.000142	1.002249	-0.558712	
344	1.002772	-0.000015	-1.550836	0.000015	1.002772	-0.862617	
345	1.002854	-0.000064	-1.685066	0.000064	1.002854	-1.103518	
346	1.002748	0.000006	-1.725435	-0.000006	1.002748	-1.117612	
347	1.002965	0.000019	-1.942316	-0.000019	1.002965	-1.147481	
348	1.003378	0.000046	-2.192344	-0.000046	1.003378	-1.330369	
349	1.003238	-0.000001	-2.030141	0.000001	1.003238	-1.267690	
350	1.003392	-0.000016	-1.959790	0.000016	1.003392	-1.371830	
351	1.002905	-0.000192	-1.346495	0.000192	1.002905	-1.222411	
352	1.003021	-0.000333	-1.076803	0.000333	1.003021	-1.432759	
353	1.002789	-0.000401	-0.817277	0.000401	1.002789	-1.433398	
354	1.003045	-0.000576	-0.838838	0.000576	1.003045	-1.687733	
355	1.003145	-0.000659	-0.913124	0.000659	1.003145	-1.822540	
356	1.003093	-0.000669	-1.018751	0.000669	1.003093	-1.814846	
357	1.003180	-0.000617	-1.010471	0.000617	1.003180	-1.772939	
358	1.003046	-0.000705	-0.819854	0.000705	1.003046	-1.779888	
359	1.003217	-0.000687	-0.790609	0.000687	1.003217	-1.921915	
360	1.003051	-0.000864	-0.574071	0.000864	1.003051	-2.093022	
361	1.003151	-0.000884	-0.489953	0.000884	1.003151	-2.238880	
362	1.003216	-0.001034	-0.359202	0.001034	1.003216	-2.482465	
363	1.003345	-0.000940	-0.422249	0.000940	1.003345	-2.686558	
364	1.003477	-0.000984	-0.386482	0.000984	1.003477	-2.749050	
365	1.003631	-0.001088	-0.207702	0.001088	1.003631	-2.837098	
366	1.003476	-0.001268	0.092930	0.001268	1.003476	-2.979560	
367	1.003902	-0.001179	-0.004120	0.001179	1.003902	-3.175276	
368	1.003565	-0.001472	0.421470	0.001472	1.003565	-3.290948	
369	1.003496	-0.001753	0.838138	0.001753	1.003496	-3.389704	
370	1.003560	-0.001831	1.101046	0.001831	1.003560	-3.498129	
371	1.003179	-0.002320	1.481761	0.002320	1.003179	-3.504621	
372	1.003685	-0.002363	1.711866	0.002363	1.003685	-3.880616	
373	1.003763	-0.002461	1.870501	0.002461	1.003763	-4.092493	
374	1.004347	-0.002558	1.717193	0.002558	1.004347	-4.877522	
375	1.003956	-0.002447	1.683899	0.002447	1.003956	-4.818020	
376	1.003894	-0.002135	1.399706	0.002135	1.003894	-4.690689	
377	1.003923	-0.002298	1.216737	0.002298	1.003923	-5.094891	
378	1.005018	-0.001769	0.278915	0.001769	1.005018	-5.296203	
379	1.004401	-0.001909	0.225059	0.001909	1.004401	-5.284904	
380	1.003724	-0.001888	-0.050798	0.001888	1.003724	-5.033303	
381	1.003914	-0.001356	-0.990033	0.001356	1.003914	-4.848290	
382	1.004110	-0.000978	-1.978565	0.000978	1.004110	-4.943164	
383	1.003862	-0.000349	-2.572221	0.000349	1.003862	-4.474793	
384	1.003896	-0.000240	-2.919542	0.000240	1.003896	-4.804784	
385	1.003471	-0.000130	-2.965401	0.000130	1.003471	-4.808750	
386	1.003436	0.000203	-3.456355	-0.000203	1.003436	-4.589244	
387	1.003617	0.000528	-4.712359	-0.000528	1.003617	-4.741095	
388	1.004074	0.001807	-6.193073	-0.001807	1.004074	-4.139577	
389	1.000954	0.000128	-6.843509	-0.000128	1.000954	-5.785529	
390	1.004689	0.001127	-9.544701	-0.001127	1.004689	-5.950028	
391	1.012987	0.001344	-10.206958	-0.001344	1.012987	-7.641628	
392	1.002087	0.000307	-11.284354	-0.000307	1.002087	-6.747913	
393	1.014069	0.003131	-14.369815	-0.003131	1.014069	-6.860259	
394	1.018219	0.003015	-14.359810	-0.003015	1.018219	-9.213417	
395	1.003881	0.000357	-16.104802	-0.000357	1.003881	-6.779790	
396	1.021122	0.003633	-18.860841	-0.003633	1.021122	-9.652179	
397	1.024735	0.003816	-22.951386	-0.003816	1.024735	-11.096319	
398	1.009503	-0.000895	-20.889072	0.000895	1.009503	-8.485387	
399	1.002645	0.001208	-3.161167	-0.001208	1.002645	-0.813691	
400	1.005166	0.002185	-5.859931	-0.002185	1.005166	-1.811589	
401	1.003563	0.005893	-6.719688	-0.005893	1.003563	1.458135	
402	1.004510	0.007094	-7.857455	-0.007094	1.004510	1.352304	
403	1.007842	0.004778	-8.019472	-0.004778	1.007842	-2.259495	
404	1.005079	0.006118	-7.145126	-0.006118	1.005079	0.106943	
405	1.005888	0.002503	-5.719756	-0.002503	1.005888	-2.183258	
406	1.000597	0.004795	-3.584353	-0.004795	1.000597	2.744879	
407	1.000292	0.005764	-4.452511	-0.005764	1.000292	3.605314	
408	1.003432	0.004195	-6.249280	-0.004195	1.003432	1.161567	
409	1.002089	0.004070	-4.631036	-0.004070	1.002089	1.626816	
410	1.004573	0.006298	-8.216081	-0.006298	1.004573	1.260330	
411	0.999573	0.006428	-4.082658	-0.006428	0.999573	4.161658	
412	0.999706	0.012022	-7.480395	-0.012022	0.999706	7.666134	
413	1.007055	0.003626	-8.866978	-0.003626	1.007055	-2.325646	
414	0.993942	0.015308	-5.728141	-0.015308	0.993942	14.717798	
415	0.993790	0.002643	2.031321	-0.002643	0.993790	5.895277	
416	1.000017	0.000139	-0.132543	-0.000139	1.000017	0.094406	
417	1.010362	0.014990	-17.350040	-0.014990	1.010362	4.472508	
418	0.995845	0.012547	-5.911414	-0.012547	0.995845	10.444250	
419	0.999270	0.004244	-2.102270	-0.004244	0.999270	3.229632	
420	0.993598	0.012407	-3.775236	-0.012407	0.993598	11.872418	
421	0.992910	0.011912	-2.941271	-0.011912	0.992910	12.090413	
422	1.008503	0.004981	-9.521492	-0.004981	1.008503	-1.820677	
423	1.007660	0.002745	-8.681672	-0.002745	1.007660	-1.138977	
424	1.000694	0.007481	-6.453504	-0.007481	1.000694	5.335262	
425	0.996289	0.010741	-6.093215	-0.010741	0.996289	9.666054	
426	0.995297	0.014939	-6.976546	-0.014939	0.995297	11.198190	
427	0.995902	0.010637	-4.746192	-0.010637	0.995902	9.285315	
428	0.997281	0.007072	-3.058046	-0.007072	0.997281	5.919127	
429	0.998779	0.005174	-2.203800	-0.005174	0.998779	2.957887	
430	0.999169	0.006357	-3.090558	-0.006357	0.999169	4.006622	
431	0.998671	0.005709	-2.484189	-0.005709	0.998671	4.163371	
432	0.997004	0.001845	1.554710	-0.001845	0.997004	2.439078	
433	0.998707	-0.000598	1.602390	0.000598	0.998707	0.244339	
434	0.997553	0.002407	0.444870	-0.002407	0.997553	3.205673	
435	0.997962	0.003060	-1.083034	-0.003060	0.997962	3.337544	
436	0.995444	0.003459	1.595785	-0.003459	0.995444	3.904055	
437	0.995190	0.001276	2.428141	-0.001276	0.995190	2.945122	
438	0.996935	0.003259	-0.233619	-0.003259	0.996935	3.864130	
439	0.999305	0.002619	-1.101466	-0.002619	0.999305	1.948468	
440	0.997683	0.001382	0.898417	-0.001382	0.997683	1.981893	
441	0.994147	0.003454	2.459984	-0.003454	0.994147	5.116924	
442	1.000000	-0.000000	0.000000	0.000000	1.000000	0.000000	
443	0.995715	0.004102	0.534188	-0.004102	0.995715	5.000812	
444	0.992766	0.004529	2.813870	-0.004529	0.992766	7.522817	
445	0.995462	0.005183	-0.201798	-0.005183	0.995462	6.378787	
446	0.997413	0.004389	-1.055540	-0.004389	0.997413	4.550007	
447	0.998950	0.001771	-0.337146	-0.001771	0.998950	1.621406	
448	0.995737	0.008123	-2.317755	-0.008123	0.995737	8.350149	
449	0.995854	0.010553	-4.174497	-0.010553	0.995854	9.189872	
450	0.996633	0.000394	1.940820	-0.000394	0.996633	2.776224	
451	0.996293	0.008518	-3.172933	-0.008518	0.996293	7.958030	
452	0.995486	0.008590	-2.563963	-0.008590	0.995486	8.423584	
453	1.000485	0.007186	-5.312697	-0.007186	1.000485	5.364615	
454	0.998179	0.006476	-2.866397	-0.006476	0.998179	5.511023	
455	1.001956	0.007199	-5.339333	-0.007199	1.001956	3.399148	
456	1.000590	0.002433	-1.822679	-0.002433	1.000590	1.075592	
457	0.991112	0.003488	1.921964	-0.003488	0.991112	7.003548	
458	0.992721	0.006329	0.772804	-0.006329	0.992721	8.676948	
459	0.993030	0.002674	2.845434	-0.002674	0.993030	5.765020	
460	0.994931	0.000988	3.116228	-0.000988	0.994931	3.641138	
461	0.990356	0.005662	3.282935	-0.005662	0.990356	8.373176	
462	0.996203	0.001320	2.087067	-0.001320	0.996203	3.207001	
463	0.992126	0.003218	3.813081	-0.003218	0.992126	6.682434	
464	0.997399	0.001097	1.326767	-0.001097	0.997399	2.278427	
465	0.993955	0.001338	2.756799	-0.001338	0.993955	4.169115	
466	0.993878	0.001143	2.958278	-0.001143	0.993878	4.267258	
467	0.994273	0.000837	3.438228	-0.000837	0.994273	3.817905	
468	0.993212	-0.000777	4.935543	0.000777	0.993212	3.611765	
469	0.990404	-0.001313	6.145949	0.001313	0.990404	4.668381	
470	0.994767	-0.000802	3.884042	0.000802	0.994767	2.894390	
471	0.996800	0.000234	1.901086	-0.000234	0.996800	2.379787	
472	0.987755	0.003487	3.473374	-0.003487	0.987755	8.680649	
473	1.000326	0.001283	-11.985342	-0.001283	1.000326	2.973159	
474	0.999837	0.000374	-0.362848	-0.000374	0.999837	-0.028143	
475	0.988528	0.003665	2.442335	-0.003665	0.988528	7.753308	
476	0.990312	0.006718	0.843822	-0.006718	0.990312	9.277659	
477	0.988895	0.006879	1.345677	-0.006879	0.988895	9.787900	
478	0.990241	0.005856	1.747987	-0.005856	0.990241	9.063471	
479	0.989545	0.006759	1.049333	-0.006759	0.989545	9.506165	
480	0.989916	-0.000496	2.928934	0.000496	0.989916	5.985949	
481	0.990147	0.007928	0.157222	-0.007928	0.990147	11.096499	
482	0.990231	0.007365	-0.324859	-0.007365	0.990231	10.002331	
483	0.999801	0.000967	-10.528344	-0.000967	0.999801	2.840999	
484	0.990828	0.002854	0.636875	-0.002854	0.990828	6.426703	
485	1.000036	0.000973	-10.876716	-0.000973	1.000036	2.117149	
486	1.000405	0.001018	-10.798203	-0.001018	1.000405	1.943636	
487	0.999603	0.001278	-10.924613	-0.001278	0.999603	2.329219	
488	1.000018	0.001302	-11.241483	-0.001302	1.000018	2.109123	
489	0.993313	0.002287	0.044958	-0.002287	0.993313	4.923808	
490	1.000424	0.000883	-10.227092	-0.000883	1.000424	1.879527	
491	0.999997	0.000548	-8.880750	-0.000548	0.999997	1.594100	
492	1.000688	0.000633	-9.254345	-0.000633	1.000688	1.702624	
493	0.993365	0.006012	-1.916511	-0.006012	0.993365	7.440847	
494	1.001874	0.002141	-7.859572	-0.002141	1.001874	1.755214	
495	0.999391	0.002667	-5.537205	-0.002667	0.999391	2.828746	
496	1.001314	0.002458	-5.706536	-0.002458	1.001314	1.938292	
497	0.995608	0.004747	-1.897363	-0.004747	0.995608	5.670027	
498	0.995000	0.003449	-0.953184	-0.003449	0.995000	5.679202	
499	0.997018	0.003787	-3.251315	-0.003787	0.997018	5.340471	
500	0.995876	0.004239	-2.440577	-0.004239	0.995876	5.665822	
501	1.000833	0.000581	-6.721611	-0.000581	1.000833	1.995097	
502	0.999619	0.002320	-4.460870	-0.002320	0.999619	2.972678	
503	0.997617	0.002212	-2.029423	-0.002212	0.997617	3.562603	
504	0.999726	0.001728	-3.366646	-0.001728	0.999726	2.490354	
505	0.998705	0.001785	-2.237659	-0.001785	0.998705	2.842939	
506	0.998748	0.001525	-2.064708	-0.001525	0.998748	2.603100	
507	1.000260	0.001716	-3.908169	-0.001716	1.000260	2.314468	
508	1.001052	0.002838	-5.438477	-0.002838	1.001052	2.523020	
509	1.001726	0.001046	-7.365287	-0.001046	1.001726	1.494202	
510	0.997638	0.003545	-3.754228	-0.003545	0.997638	4.532665	
511	1.001482	0.001947	-6.164680	-0.001947	1.001482	2.492860	
512	1.000802	0.002022	-4.245788	-0.002022	1.000802	2.320564	
513	1.001599	0.001035	-3.671184	-0.001035	1.001599	1.019753	
514	1.001343	0.000585	-2.762938	-0.000585	1.001343	0.535750	
515	1.001459	0.000732	-2.845490	-0.000732	1.001459	0.458733	
516	1.001251	0.000683	-2.613080	-0.000683	1.001251	0.201186	
517	1.001331	0.000848	-2.651839	-0.000848	1.001331	0.209316	
518	1.000991	0.001224	-2.722947	-0.001224	1.000991	0.630799	
519	1.001018	0.001147	-2.812382	-0.001147	1.001018	0.536795	
520	1.000917	0.001351	-3.492823	-0.001351	1.000917	0.738865	
521	0.998602	0.001912	-2.282098	-0.001912	0.998602	2.128787	
522	0.998913	0.001837	-3.005535	-0.001837	0.998913	2.114256	
523	0.998768	0.001990	-3.307246	-0.001990	0.998768	2.468913	
524	0.998429	0.002141	-3.038392	-0.002141	0.998429	2.719807	
525	0.998068	0.002397	-3.402748	-0.002397	0.998068	3.112716	
526	0.997359	0.001415	-3.546669	-0.001415	0.997359	2.688013	
527	0.996522	0.002663	-2.888469	-0.002663	0.996522	3.975987	
528	0.993405	0.004121	-0.934664	-0.004121	0.993405	6.464337	
529	0.996190	0.000837	-4.103881	-0.000837	0.996190	2.993961	
530	0.999065	0.004954	-5.624799	-0.004954	0.999065	4.152588	
531	0.996309	0.000668	-5.031796	-0.000668	0.996309	2.950543	
532	0.995534	0.002468	-3.974481	-0.002468	0.995534	4.322203	
533	0.995223	0.002778	-4.502904	-0.002778	0.995223	4.849509	
534	0.995891	0.003300	-3.992618	-0.003300	0.995891	4.911660	
535	0.995322	0.002129	-4.331088	-0.002129	0.995322	4.516445	
536	0.995314	0.002003	-4.074459	-0.002003	0.995314	4.463406	
537	0.995362	0.002046	-3.899079	-0.002046	0.995362	4.715519	
538	0.996928	0.005003	-4.576747	-0.005003	0.996928	5.801326	
539	0.992098	0.005166	-1.091421	-0.005166	0.992098	8.355003	
540	0.996181	0.001537	-5.108355	-0.001537	0.996181	5.070334	
541	0.994156	0.005590	-2.984984	-0.005590	0.994156	7.849337	
542	0.990814	0.004240	0.392440	-0.004240	0.990814	8.933902	
543	0.990942	0.003763	0.190081	-0.003763	0.990942	8.284658	
544	0.991773	0.003374	0.187242	-0.003374	0.991773	7.257737	
545	0.994994	0.002646	-3.169725	-0.002646	0.994994	5.214189	
546	0.996840	0.002816	-3.883607	-0.002816	0.996840	4.762969	
547	0.995289	0.002768	-2.244582	-0.002768	0.995289	5.105073	
548	0.995324	0.003425	-1.912386	-0.003425	0.995324	5.429825	
549	0.995638	0.002471	-1.853298	-0.002471	0.995638	4.786572	
550	0.995751	0.002655	-2.127932	-0.002655	0.995751	4.946822	
551	0.996230	0.002655	-2.281529	-0.002655	0.996230	4.617750	
552	0.995991	0.002495	-1.950281	-0.002495	0.995991	4.617654	
553	0.996236	0.003649	-2.397856	-0.003649	0.996236	4.916989	
554	0.996961	0.002496	-1.963146	-0.002496	0.996961	4.026614	
555	0.996593	0.001765	-1.551640	-0.001765	0.996593	3.657636	
556	0.996852	0.001565	-1.076949	-0.001565	0.996852	3.562290	
557	0.997301	0.001182	-0.306368	-0.001182	0.997301	2.938358	
558	0.997398	0.000604	0.776835	-0.000604	0.997398	2.555121	
559	0.996918	-0.000044	2.245271	0.000044	0.996918	2.097231	
560	0.997047	-0.000456	2.675210	0.000456	0.997047	1.570970	
561	0.997179	-0.000448	2.663754	0.000448	0.997179	1.485551	
562	0.997242	-0.000458	2.566278	0.000458	0.997242	1.468399	
563	0.996607	-0.000368	2.888658	0.000368	0.996607	1.859966	
564	0.997098	-0.000340	2.474186	0.000340	0.997098	1.717756	
565	0.997398	-0.000269	2.181626	0.000269	0.997398	1.593551	
566	0.997748	-0.000330	2.007042	0.000330	0.997748	1.344164	
567	0.998289	-0.000327	1.671695	0.000327	0.998289	1.000999	
568	0.998648	-0.000383	1.474724	0.000383	0.998648	0.721845	
569	0.998756	-0.000269	1.176286	0.000269	0.998756	0.761288	
570	0.998716	-0.000094	0.850752	0.000094	0.998716	0.902939	
571	0.998560	0.000008	0.660943	-0.000008	0.998560	0.949025	
572	0.998625	0.000136	0.422488	-0.000136	0.998625	1.024574	
573	0.998718	0.000215	0.118883	-0.000215	0.998718	0.975538	
574	0.998455	0.000277	0.106031	-0.000277	0.998455	1.376943	
575	0.998985	0.000320	-0.419902	-0.000320	0.998985	1.523448	
576	0.999049	0.000328	-0.610710	-0.000328	0.999049	1.880531	
577	0.999123	0.000462	-0.747352	-0.000462	0.999123	1.803936	
578	0.999362	0.000302	-0.871819	-0.000302	0.999362	1.345588	
579	0.999294	0.000423	-0.759349	-0.000423	0.999294	1.463571	
580	0.999331	0.000301	-0.589906	-0.000301	0.999331	1.403645	
581	0.999407	-0.000037	-0.346638	0.000037	0.999407	1.187896	
582	0.999225	-0.000181	0.039663	0.000181	0.999225	1.448569	
583	0.999892	-0.000210	-0.340266	0.000210	0.999892	1.406412	
584	1.001046	-0.000245	-1.140467	0.000245	1.001046	0.869572	
585	1.001229	-0.000301	-1.161560	0.000301	1.001229	0.829160	
586	1.002094	-0.000001	-1.914011	0.000001	1.002094	0.955487	
587	1.002140	-0.000004	-1.971219	0.000004	1.002140	0.960467	
588	1.002214	0.000018	-1.959621	-0.000018	1.002214	1.001407	
589	1.010985	0.000709	-9.484510	-0.000709	1.010985	1.666887	
590	1.004410	0.000201	-3.768252	-0.000201	1.004410	0.159795	
591	1.004397	0.000163	-3.807799	-0.000163	1.004397	0.172859	
592	1.004646	0.000308	-4.255076	-0.000308	1.004646	0.250751	
593	1.004718	0.000211	-4.502795	-0.000211	1.004718	0.214159	
594	1.005642	0.000660	-5.848372	-0.000660	1.005642	0.625008	
595	1.004872	0.000402	-5.122501	-0.000402	1.004872	0.377936	
596	1.006536	0.000576	-6.865970	-0.000576	1.006536	0.199919	
597	1.005631	0.000708	-5.972238	-0.000708	1.005631	0.129909	
598	1.006120	0.000568	-6.518502	-0.000568	1.006120	-0.167040	
599	1.005296	0.000618	-5.614191	-0.000618	1.005296	-0.268169	
600	1.006927	0.000723	-7.311610	-0.000723	1.006927	-0.796006	
601	1.007231	0.000774	-7.918050	-0.000774	1.007231	-1.068701	
602	1.010927	0.000432	-11.759186	-0.000432	1.010927	-2.347208	
603	1.006078	0.000868	-7.009136	-0.000868	1.006078	-1.051129	
604	1.005351	0.000975	-6.337370	-0.000975	1.005351	-0.713014	
605	1.006854	0.001613	-8.245261	-0.001613	1.006854	-0.909825	
606	1.011218	0.000485	-12.594721	-0.000485	1.011218	-2.564585	
607	1.013489	-0.000102	-15.000833	0.000102	1.013489	-3.781066	
608	1.009290	0.001224	-10.677384	-0.001224	1.009290	-1.824707	
609	1.004999	0.001178	-6.189024	-0.001178	1.004999	-0.614623	
610	1.009034	0.001354	-10.370598	-0.001354	1.009034	-2.036080	
611	1.012248	0.000445	-13.448869	-0.000445	1.012248	-3.724821	
612	1.005524	0.001053	-6.163765	-0.001053	1.005524	-1.241152	
613	1.007125	0.001226	-7.933238	-0.001226	1.007125	-1.778953	
614	1.012363	0.000520	-13.227706	-0.000520	1.012363	-3.700291	
615	1.011408	0.000762	-11.411718	-0.000762	1.011408	-3.724680	
616	1.000000	-0.000000	0.000000	0.000000	1.000000	0.000000	
617	1.008668	0.000674	-7.679682	-0.000674	1.008668	-3.238791	
618	1.011327	0.000342	-9.768327	-0.000342	1.011327	-4.780124	
619	1.009115	0.000303	-7.151303	-0.000303	1.009115	-4.181257	
620	1.008997	0.000043	-6.897144	-0.000043	1.008997	-4.221671	
621	1.009104	-0.000022	-6.567845	0.000022	1.009104	-4.468170	
622	1.008320	0.000084	-6.087435	-0.000084	1.008320	-4.174385	
623	1.006910	0.000044	-5.058309	-0.000044	1.006910	-3.292141	
624	1.005907	0.000002	-4.289421	-0.000002	1.005907	-3.094679	
625	1.005923	0.000047	-4.257183	-0.000047	1.005923	-3.141677	
626	1.006019	-0.000054	-3.801814	0.000054	1.006019	-3.341232	
627	1.005121	-0.000084	-2.754784	0.000084	1.005121	-2.865143	
628	1.004490	-0.000328	-2.026283	0.000328	1.004490	-3.064519	
629	1.003499	-0.000598	-1.012120	0.000598	1.003499	-3.241034	
630	1.002300	-0.000809	0.620684	0.000809	1.002300	-3.279685	
631	1.002631	-0.001230	1.062283	0.001230	1.002631	-4.084569	
632	1.002872	-0.001441	1.313397	0.001441	1.002872	-4.351881	
633	1.003677	-0.001483	1.195204	0.001483	1.003677	-4.693007	
634	1.001630	-0.000430	3.721893	0.000430	1.001630	-3.715897	
635	1.003271	-0.000799	2.491774	0.000799	1.003271	-4.366143	
636	1.001753	-0.000116	5.251453	0.000116	1.001753	-3.660501	
637	1.002441	0.000078	4.617491	-0.000078	1.002441	-3.746511	
638	1.003279	-0.000606	5.320486	0.000606	1.003279	-5.222208	
639	1.002934	-0.000139	6.013006	0.000139	1.002934	-5.304247	
640	1.002219	-0.000180	6.686341	0.000180	1.002219	-5.156050	
641	1.001317	-0.000858	9.032665	0.000858	1.001317	-6.486448	
642	1.003423	-0.000012	7.210588	0.000012	1.003423	-6.371586	
643	1.001132	-0.001095	10.846146	0.001095	1.001132	-7.246888	
644	1.002127	-0.001118	11.512508	0.001118	1.002127	-8.351655	
645	1.002102	-0.001335	10.827859	0.001335	1.002102	-8.459439	
646	1.005117	-0.000682	9.891574	0.000682	1.005117	-9.474328	
647	1.003500	-0.001791	11.076008	0.001791	1.003500	-9.838797	
648	1.002573	-0.000221	13.111467	0.000221	1.002573	-8.473266	
649	1.002724	-0.000609	13.358232	0.000609	1.002724	-8.495008	
650	1.002731	-0.000455	13.213210	0.000455	1.002731	-7.783390	
651	1.006369	-0.000941	10.885932	0.000941	1.006369	-8.917293	
652	1.002387	-0.000763	14.543433	0.000763	1.002387	-6.846123	
653	1.004252	-0.000981	13.346592	0.000981	1.004252	-7.066663	
654	1.001308	-0.000721	17.599723	0.000721	1.001308	-5.238487	
655	1.001423	-0.001136	15.770470	0.001136	1.001423	-4.147339	
656	1.000541	-0.001453	18.912498	0.001453	1.000541	-4.200081	
657	1.003393	-0.000931	12.477982	0.000931	1.003393	-3.950182	
658	0.998671	-0.001103	16.384927	0.001103	0.998671	-3.062000	
659	0.999750	-0.002534	13.561987	0.002534	0.999750	-5.019784	
660	1.007147	-0.004340	3.501924	0.004340	1.007147	-8.188976	
661	1.007473	-0.006149	0.813100	0.006149	1.007473	-9.533100	
662	1.002385	-0.002346	1.652414	0.002346	1.002385	-4.844592	
663	1.001055	-0.000570	0.196631	0.000570	1.001055	-2.676107	
664	0.998501	0.000032	0.691955	-0.000032	0.998501	-1.115275	
665	0.998640	0.000963	-0.688944	-0.000963	0.998640	-0.426443	
666	0.998307	0.001402	-1.192199	-0.001402	0.998307	-0.082556	
667	0.997506	0.001826	-1.734214	-0.001826	0.997506	0.436168	
668	0.996934	0.002897	-2.464854	-0.002897	0.996934	1.952951	
669	0.995731	0.003175	-3.248025	-0.003175	0.995731	2.977585	
670	0.993304	0.005451	-2.086351	-0.005451	0.993304	6.290556	
671	0.995014	0.000808	-5.517798	-0.000808	0.995014	2.047934	
672	1.002395	0.008143	-9.694580	-0.008143	1.002395	3.821683	
673	0.994888	0.000476	-8.526473	-0.000476	0.994888	1.265487	
674	0.995674	0.000307	-11.677323	-0.000307	0.995674	0.917020	
675	0.995546	0.000349	-10.873097	-0.000349	0.995546	0.909695	
676	0.994916	0.000696	-12.165100	-0.000696	0.994916	1.113420	
677	0.994681	0.000495	-11.624267	-0.000495	0.994681	0.883798	
678	0.993696	0.000553	-10.270728	-0.000553	0.993696	1.059765	
679	0.993478	0.000498	-10.607719	-0.000498	0.993478	1.296991	
680	0.993560	0.000636	-8.292552	-0.000636	0.993560	1.273240	
681	0.995311	0.000250	-11.095773	-0.000250	0.995311	1.200898	
682	0.994881	0.000009	-9.782405	-0.000009	0.994881	1.071432	
683	0.994074	0.000387	-7.872524	-0.000387	0.994074	1.827654	
684	0.992176	0.001409	-5.546897	-0.001409	0.992176	3.483564	
685	0.987898	0.006470	-0.342498	-0.006470	0.987898	9.200276	
686	0.989024	0.003501	-2.145496	-0.003501	0.989024	6.380478	
687	0.993360	0.000504	-5.031698	-0.000504	0.993360	2.606751	
688	0.991222	0.002648	-2.821022	-0.002648	0.991222	5.175314	
689	0.993392	0.000459	-4.635393	-0.000459	0.993392	3.062920	
690	0.993977	0.000171	-4.116384	-0.000171	0.993977	2.673741	
691	0.992199	0.001778	-2.683138	-0.001778	0.992199	4.247730	
692	0.993875	0.000082	-3.668701	-0.000082	0.993875	2.098192	
693	0.990723	0.005789	-0.033076	-0.005789	0.990723	8.258197	
694	0.991832	0.004766	-1.198822	-0.004766	0.991832	6.845059	
695	0.991733	0.005521	-0.069822	-0.005521	0.991733	7.697124	
696	0.992664	0.005556	-0.393351	-0.005556	0.992664	7.289436	
697	0.995124	0.002896	-1.561109	-0.002896	0.995124	4.403816	
698	0.995385	0.002156	-0.586410	-0.002156	0.995385	3.948304	
699	0.995275	0.001783	0.506707	-0.001783	0.995275	3.790315	
700	0.995231	0.001006	1.395315	-0.001006	0.995231	3.571992	
701	0.995618	0.000764	2.114660	-0.000764	0.995618	3.251299	
702	0.995203	0.000188	3.133676	-0.000188	0.995203	3.269536	
703	0.995540	-0.000062	3.291214	0.000062	0.995540	2.922519	
704	0.995354	0.000034	3.457626	-0.000034	0.995354	3.137159	
705	0.995232	0.000207	3.293997	-0.000207	0.995232	3.176522	
706	0.995493	0.000129	3.212882	-0.000129	0.995493	3.073253	
707	0.995551	0.000178	3.186979	-0.000178	0.995551	3.129414	
708	0.995394	-0.000049	3.497366	0.000049	0.995394	3.244024	
709	0.995850	-0.000182	3.345998	0.000182	0.995850	3.034308	
710	0.995746	-0.000280	3.593119	0.000280	0.995746	2.992688	
711	0.996148	-0.000233	3.499884	0.000233	0.996148	2.696263	
712	0.996834	-0.000464	3.235720	0.000464	0.996834	2.151297	
713	0.997130	-0.000329	2.806323	0.000329	0.997130	1.870145	
714	0.996811	-0.000218	2.766128	0.000218	0.996811	2.053176	
715	0.996669	-0.000107	2.509773	0.000107	0.996669	2.242415	
716	0.996439	-0.000077	2.484275	0.000077	0.996439	2.760709	
717	0.996531	-0.000127	2.330390	0.000127	0.996531	2.902075	
718	0.996453	-0.000162	2.454090	0.000162	0.996453	3.069933	
719	0.996083	0.000015	2.717694	-0.000015	0.996083	3.572950	
720	0.996419	-0.000135	2.510038	0.000135	0.996419	3.148986	
721	0.997537	-0.000194	1.889797	0.000194	0.997537	2.634907	
722	0.998386	-0.000510	1.681166	0.000510	0.998386	2.166242	
723	0.998874	-0.000733	1.624655	0.000733	0.998874	1.765874	
724	0.998854	-0.000789	1.891342	0.000789	0.998854	1.853034	
725	0.998988	-0.000931	2.036708	0.000931	0.998988	1.543943	
726	0.999210	-0.001292	2.293890	0.001292	0.999210	1.216436	
727	1.000715	-0.001743	1.641350	0.001743	1.000715	-0.004949	
728	1.002013	-0.001041	0.618788	0.001041	1.002013	-0.185529	
729	1.002864	-0.001025	-0.124609	0.001025	1.002864	-0.459841	
730	1.003262	-0.000972	-0.688854	0.000972	1.003262	-0.655459	
731	1.003800	-0.000951	-1.312504	0.000951	1.003800	-0.741353	
732	1.005034	-0.000873	-2.190497	0.000873	1.005034	-1.150320	
733	1.004489	-0.000892	-1.923570	0.000892	1.004489	-0.978881	
734	1.005250	-0.000899	-2.316737	0.000899	1.005250	-1.168184	
735	1.005746	-0.000792	-2.601368	0.000792	1.005746	-1.408819	
736	1.005446	-0.000831	-2.319500	0.000831	1.005446	-1.479676	
737	1.006472	-0.001035	-2.317052	0.001035	1.006472	-1.948751	
738	1.006431	-0.001145	-1.972794	0.001145	1.006431	-1.997030	
739	1.006549	-0.001825	-1.367215	0.001825	1.006549	-2.422433	
740	1.005882	-0.001704	-0.961723	0.001704	1.005882	-2.181611	
741	1.007842	-0.001425	-1.485382	0.001425	1.007842	-1.696334	
742	1.006323	-0.002313	-0.432337	0.002313	1.006323	-2.046695	
743	1.007185	-0.001946	-0.538200	0.001946	1.007185	-1.217703	
744	1.009088	-0.000954	-1.138486	0.000954	1.009088	0.120371	
745	1.008469	-0.000439	-0.943125	0.000439	1.008469	1.012606	
746	1.008347	-0.000189	-0.868546	0.000189	1.008347	1.397937	
747	0.999553	-0.000737	1.879405	0.000737	0.999553	2.065944	
748	0.999090	-0.000782	1.727419	0.000782	0.999090	1.919240	
749	1.000581	-0.000865	1.040154	0.000865	1.000581	1.322509	
750	1.004837	-0.001619	-0.252214	0.001619	1.004837	-0.532799	
751	1.004601	-0.001764	-0.488208	0.001764	1.004601	-0.882075	
752	1.004445	-0.000962	-1.034471	0.000962	1.004445	-0.571895	
753	1.004338	-0.000938	-1.429807	0.000938	1.004338	-1.021131	
754	1.004816	-0.000561	-2.244184	0.000561	1.004816	-0.704838	
755	1.004790	-0.000557	-2.177244	0.000557	1.004790	-0.627234	
756	1.004481	-0.000625	-2.079592	0.000625	1.004481	-0.291192	
757	1.004333	-0.000473	-2.150086	0.000473	1.004333	0.034075	
758	1.004386	-0.000287	-2.401735	0.000287	1.004386	0.128371	
759	1.004458	-0.000176	-2.599729	0.000176	1.004458	0.226684	
760	1.004071	-0.000157	-2.483889	0.000157	1.004071	0.488894	
761	1.004019	-0.000141	-2.552350	0.000141	1.004019	0.526267	
762	1.003896	-0.000192	-2.400366	0.000192	1.003896	0.574753	
763	1.012398	0.000458	-8.407973	-0.000458	1.012398	1.468428	
764	1.003907	-0.000223	-2.404881	0.000223	1.003907	0.072758	
765	1.003573	-0.000366	-2.126906	0.000366	1.003573	0.091161	
766	1.003716	-0.000151	-2.367083	0.000151	1.003716	0.042502	
767	1.003618	0.000029	-2.527211	-0.000029	1.003618	0.053876	
768	1.003654	0.000225	-2.681282	-0.000225	1.003654	-0.032701	
769	1.004196	0.000127	-3.029215	-0.000127	1.004196	-0.573116	
770	1.004154	0.000136	-2.991520	-0.000136	1.004154	-0.855922	
771	1.004193	-0.000019	-2.969570	0.000019	1.004193	-1.093730	
772	1.004009	0.000033	-2.694994	-0.000033	1.004009	-1.105058	
773	1.004053	-0.000139	-2.677016	0.000139	1.004053	-1.262661	
774	1.004101	-0.000198	-2.593539	0.000198	1.004101	-1.334887	
775	1.004086	-0.000153	-2.512059	0.000153	1.004086	-1.339128	
776	1.003807	-0.000166	-2.366892	0.000166	1.003807	-1.374079	
777	1.003473	-0.000267	-1.995184	0.000267	1.003473	-1.458892	
778	1.003876	-0.000303	-2.068190	0.000303	1.003876	-1.948116	
779	1.003570	-0.000350	-1.750929	0.000350	1.003570	-1.924253	
780	1.003502	-0.000420	-1.542768	0.000420	1.003502	-1.952693	
781	1.003808	-0.000598	-1.532796	0.000598	1.003808	-2.412821	
782	1.004161	-0.000683	-1.377482	0.000683	1.004161	-2.688279	
783	1.004636	-0.000811	-1.235379	0.000811	1.004636	-2.999857	
784	1.003962	-0.001146	-0.333997	0.001146	1.003962	-2.952611	
785	1.003918	-0.001408	0.059622	0.001408	1.003918	-3.255511	
786	1.004498	-0.001766	0.353900	0.001766	1.004498	-4.030652	
787	1.003242	-0.002296	1.515449	0.002296	1.003242	-3.892019	
788	1.004707	-0.002790	1.822212	0.002790	1.004707	-4.951453	
789	1.004483	-0.002839	2.240308	0.002839	1.004483	-5.022478	
790	1.000000	-0.000000	0.000000	0.000000	1.000000	0.000000	
791	1.004979	-0.001930	2.637250	0.001930	1.004979	-4.678245	
792	1.005343	-0.004192	3.153561	0.004192	1.005343	-6.259251	
793	1.005764	-0.003982	2.640384	0.003982	1.005764	-6.518864	
794	1.004432	-0.004854	4.511907	0.004854	1.004432	-6.507455	
795	1.003832	-0.005007	4.698750	0.005007	1.003832	-6.274278	
796	1.004103	-0.001113	5.142293	0.001113	1.004103	-3.871692	
797	1.003374	-0.000741	6.345424	0.000741	1.003374	-3.535593	
798	1.002888	-0.008162	5.884607	0.008162	1.002888	-7.499517	
799	1.005349	-0.002018	4.509023	0.002018	1.005349	-4.853294	
800	1.003769	-0.001277	6.064497	0.001277	1.003769	-3.852080	
801	1.004671	-0.004666	4.112968	0.004666	1.004671	-6.363367	
