0	1.000000	0.000000	0.000000	0.000000	1.000000	0.000000	
1	0.999148	0.000326	-5.375899	-0.000326	0.999148	0.587398	
2	0.999176	0.000425	-6.053243	-0.000425	0.999176	0.676348	
3	0.999453	0.000446	-6.668586	-0.000446	0.999453	0.573243	
4	0.999417	0.000405	-6.573014	-0.000405	0.999417	0.549862	
5	0.999556	0.000565	-6.853836	-0.000565	0.999556	0.624844	
6	0.999395	0.000324	-6.899206	-0.000324	0.999395	0.510567	
7	0.999410	0.000499	-7.110609	-0.000499	0.999410	0.674655	
8	0.999629	0.000301	-7.125042	-0.000301	0.999629	0.385481	
9	0.999582	0.000389	-7.555855	-0.000389	0.999582	0.478931	
10	0.999677	0.000482	-7.424179	-0.000482	0.999677	0.586678	
11	0.999530	0.000423	-7.273047	-0.000423	0.999530	0.585268	
12	0.999713	0.000322	-8.080657	-0.000322	0.999713	0.376439	
13	0.999729	0.000271	-7.969678	-0.000271	0.999729	0.302799	
14	0.999829	0.000545	-9.357029	-0.000545	0.999829	0.457857	
15	0.999725	0.000387	-10.395456	-0.000387	0.999725	0.340743	
16	0.999708	0.000563	-12.472222	-0.000563	0.999708	0.451234	
17	0.999722	0.000739	-15.305126	-0.000739	0.999722	0.452524	
18	0.999828	0.000958	-18.343016	-0.000958	0.999828	0.660114	
19	0.999904	0.001160	-21.062606	-0.001160	0.999904	0.747909	
20	1.000026	0.001284	-23.927308	-0.001284	1.000026	0.898376	
21	1.000067	0.001354	-26.528816	-0.001354	1.000067	1.066296	
22	0.999709	0.001391	-27.554683	-0.001391	0.999709	1.325959	
23	0.999616	0.001452	-29.682641	-0.001452	0.999616	1.392113	
24	1.000010	0.001856	-30.518739	-0.001856	1.000010	1.566242	
25	0.999437	0.001773	-31.096026	-0.001773	0.999437	1.629505	
26	1.000119	0.001938	-33.347059	-0.001938	1.000119	1.404640	
27	0.999754	0.001780	-33.301496	-0.001780	0.999754	1.416459	
28	0.999680	0.001806	-34.142967	-0.001806	0.999680	1.528075	
29	1.000546	0.001825	-35.202764	-0.001825	1.000546	1.370728	
30	1.000421	0.001593	-34.164162	-0.001593	1.000421	1.375330	
31	1.000715	0.001705	-34.123838	-0.001705	1.000715	1.378295	
32	1.000401	0.001370	-32.318505	-0.001370	1.000401	1.259708	
33	0.999936	0.001337	-29.815020	-0.001337	0.999936	1.313391	
34	0.999858	0.001292	-27.659128	-0.001292	0.999858	1.338882	
35	1.000241	0.001114	-23.862516	-0.001114	1.000241	1.118663	
36	0.999656	0.001053	-20.227654	-0.001053	0.999656	1.354276	
37	0.999634	0.000864	-17.410208	-0.000864	0.999634	1.179737	
38	0.999665	0.000597	-13.871083	-0.000597	0.999665	0.835719	
39	0.999683	0.000443	-11.131732	-0.000443	0.999683	0.466190	
40	0.999554	0.000271	-8.791021	-0.000271	0.999554	0.260048	
41	0.996924	-0.000877	-4.031081	0.000877	0.996924	0.349617	
42	0.998650	-0.000605	-3.715522	0.000605	0.998650	0.103831	
43	0.998924	-0.000606	-2.770200	0.000606	0.998924	0.287950	
44	0.999399	-0.000363	-1.838532	0.000363	0.999399	0.169820	
45	0.999566	-0.000411	-1.198894	0.000411	0.999566	-0.008423	
46	0.999704	-0.000375	-0.725261	0.000375	0.999704	-0.041944	
47	0.999877	-0.000231	-0.038912	0.000231	0.999877	-0.069092	
48	0.999835	-0.000227	0.051739	0.000227	0.999835	-0.034944	
49	0.999850	-0.000143	0.080001	0.000143	0.999850	0.003950	
50	0.999812	-0.000205	0.139915	0.000205	0.999812	0.042917	
51	0.999819	-0.000104	0.030019	0.000104	0.999819	0.017840	
52	0.999776	-0.000084	0.039317	0.000084	0.999776	0.018669	
53	0.999762	-0.000084	0.070290	0.000084	0.999762	0.028759	
54	0.999763	-0.000109	0.078674	0.000109	0.999763	0.031224	
55	0.999901	-0.000067	0.057282	0.000067	0.999901	0.026889	
56	0.999981	0.000011	0.596106	-0.000011	0.999981	0.033228	
57	1.000337	0.000117	1.299174	-0.000117	1.000337	0.002498	
58	1.000470	0.000082	2.078912	-0.000082	1.000470	-0.057124	
59	1.000886	0.000065	2.748446	-0.000065	1.000886	-0.246842	
60	1.000799	0.000134	3.235921	-0.000134	1.000799	-0.175107	
61	1.001016	0.000076	3.366708	-0.000076	1.001016	-0.356704	
62	1.001156	0.000438	3.850488	-0.000438	1.001156	-0.136731	
63	1.001196	0.000403	3.835034	-0.000403	1.001196	-0.253387	
64	1.001324	0.000534	3.842632	-0.000534	1.001324	-0.201679	
65	1.001240	0.000307	4.115276	-0.000307	1.001240	-0.368321	
66	1.001339	0.000388	3.829585	-0.000388	1.001339	-0.256559	
67	1.001533	0.000279	3.756343	-0.000279	1.001533	-0.431242	
68	1.001385	0.000495	3.861870	-0.000495	1.001385	-0.224925	
69	1.001309	0.000349	3.576580	-0.000349	1.001309	-0.324370	
70	1.001424	0.000437	3.693397	-0.000437	1.001424	-0.320186	
71	1.001072	0.000280	3.557300	-0.000280	1.001072	-0.314936	
72	1.001068	0.000211	3.616774	-0.000211	1.001068	-0.346759	
73	1.001069	0.000131	3.605234	-0.000131	1.001069	-0.390631	
74	1.000936	0.000214	3.484909	-0.000214	1.000936	-0.211623	
75	1.001104	0.000163	3.525056	-0.000163	1.001104	-0.327235	
76	1.001070	0.000423	3.625374	-0.000423	1.001070	-0.050296	
77	1.001109	0.000436	3.617729	-0.000436	1.001109	-0.091938	
78	1.001367	0.000553	3.848364	-0.000553	1.001367	-0.012950	
79	1.001432	0.000632	4.111947	-0.000632	1.001432	-0.015477	
80	1.001372	0.000457	4.700312	-0.000457	1.001372	-0.168369	
81	0.999887	-0.000530	7.697625	0.000530	0.999887	-0.334760	
82	0.999790	-0.000569	8.334460	0.000569	0.999790	-0.335212	
83	0.999890	-0.000794	9.140188	0.000794	0.999890	-0.543854	
84	0.999768	-0.001095	9.756211	0.001095	0.999768	-0.717429	
85	1.000300	-0.001439	9.491224	0.001439	1.000300	-1.184427	
86	1.000083	-0.000975	9.502029	0.000975	1.000083	-0.735537	
87	1.000143	-0.001032	9.066605	0.001032	1.000143	-0.844371	
88	1.000010	-0.000974	8.845402	0.000974	1.000010	-0.807261	
89	0.999988	-0.000958	8.352637	0.000958	0.999988	-0.725812	
90	0.999770	-0.000743	7.970577	0.000743	0.999770	-0.376172	
91	1.002372	0.000537	4.352006	-0.000537	1.002372	-0.401220	
92	0.999667	-0.000785	6.456120	0.000785	0.999667	-0.394318	
93	1.001101	-0.000119	3.725707	0.000119	1.001101	-0.535652	
94	1.000950	-0.000033	3.063822	0.000033	1.000950	-0.484729	
95	1.000778	-0.000145	2.372062	0.000145	1.000778	-0.537246	
96	1.000679	-0.000135	1.854209	0.000135	1.000679	-0.435608	
97	1.000543	-0.000001	1.479381	0.000001	1.000543	-0.251956	
98	1.000371	-0.000033	1.103557	0.000033	1.000371	-0.150414	
99	1.000352	-0.000034	0.705479	0.000034	1.000352	-0.095545	
100	1.000335	-0.000103	0.490085	0.000103	1.000335	-0.092320	
101	1.000227	-0.000121	0.434291	0.000121	1.000227	-0.004250	
102	1.000253	-0.000126	0.233720	0.000126	1.000253	-0.026304	
103	1.000276	-0.000251	0.224508	0.000251	1.000276	-0.064577	
104	1.000280	-0.000237	0.306254	0.000237	1.000280	-0.123839	
105	1.000350	-0.000210	0.259251	0.000210	1.000350	-0.177405	
106	1.000270	-0.000117	0.277625	0.000117	1.000270	-0.144160	
107	1.000194	0.000028	0.289345	-0.000028	1.000194	-0.058667	
108	1.000222	0.000059	0.409894	-0.000059	1.000222	-0.074613	
109	1.000170	0.000073	0.314858	-0.000073	1.000170	-0.100672	
110	1.000119	0.000123	0.307589	-0.000123	1.000119	-0.088614	
111	1.000203	0.000065	0.370520	-0.000065	1.000203	-0.145577	
112	1.000088	0.000108	0.123178	-0.000108	1.000088	-0.057712	
113	1.000073	0.000071	0.100020	-0.000071	1.000073	-0.037764	
114	1.000108	0.000024	-0.057493	-0.000024	1.000108	-0.040443	
115	1.000153	-0.000046	-0.073939	0.000046	1.000153	-0.077119	
116	1.000184	-0.000053	-0.104291	0.000053	1.000184	-0.064103	
117	1.000108	-0.000007	-0.079447	0.000007	1.000108	-0.015398	
118	1.000106	0.000058	-0.091379	-0.000058	1.000106	0.016876	
119	1.000034	0.000069	-0.050919	-0.000069	1.000034	0.041653	
120	1.000066	0.000115	-0.079707	-0.000115	1.000066	0.075734	
121	1.000143	0.000088	-0.132295	-0.000088	1.000143	0.049965	
122	1.000183	0.000093	-0.149143	-0.000093	1.000183	0.032573	
123	1.000132	0.000086	-0.098108	-0.000086	1.000132	0.011838	
124	1.000138	0.000056	-0.118629	-0.000056	1.000138	-0.044030	
125	1.000160	0.000064	-0.121875	-0.000064	1.000160	-0.066072	
126	1.000145	0.000044	-0.114987	-0.000044	1.000145	-0.074529	
127	1.000169	0.000030	-0.126836	-0.000030	1.000169	-0.087643	
128	1.000140	0.000014	-0.103017	-0.000014	1.000140	-0.082505	
129	1.000109	-0.000018	-0.079707	0.000018	1.000109	-0.081689	
130	1.000132	-0.000052	-0.079993	0.000052	1.000132	-0.088110	
131	1.000128	-0.000093	-0.061175	0.000093	1.000128	-0.125414	
132	1.000074	0.000016	-0.042163	-0.000016	1.000074	-0.044154	
133	0.999986	0.000025	-0.018118	-0.000025	0.999986	-0.029830	
134	0.999979	0.000048	-0.044428	-0.000048	0.999979	-0.016984	
135	0.999985	0.000056	-0.042831	-0.000056	0.999985	-0.013357	
136	1.000061	0.000036	-0.100041	-0.000036	1.000061	-0.029362	
137	1.000112	0.000025	-0.095042	-0.000025	1.000112	-0.019345	
138	1.000080	-0.000032	-0.078052	0.000032	1.000080	-0.046889	
139	1.000133	-0.000045	-0.104123	0.000045	1.000133	-0.068687	
140	1.000195	-0.000050	-0.146908	0.000050	1.000195	-0.080765	
141	1.000123	-0.000066	-0.048840	0.000066	1.000123	-0.099817	
142	1.000088	-0.000032	-0.014896	0.000032	1.000088	-0.074046	
143	1.000099	0.000026	-0.056018	-0.000026	1.000099	-0.042352	
144	1.000023	0.000029	-0.030251	-0.000029	1.000023	0.003871	
145	1.000008	0.000034	-0.005184	-0.000034	1.000008	0.001382	
146	0.999953	0.000032	0.052768	-0.000032	0.999953	0.010100	
147	1.000025	0.000063	0.018101	-0.000063	1.000025	0.013385	
148	1.000055	0.000033	-0.001935	-0.000033	1.000055	-0.019131	
149	1.000026	0.000052	0.020258	-0.000052	1.000026	-0.007687	
150	1.000003	0.000079	-0.010625	-0.000079	1.000003	0.035228	
151	0.999949	0.000088	-0.046414	-0.000088	0.999949	0.049729	
152	1.000011	0.000169	-0.074609	-0.000169	1.000011	0.097870	
153	1.000090	0.000112	-0.059624	-0.000112	1.000090	0.065494	
154	0.999985	0.000104	-0.158909	-0.000104	0.999985	0.066222	
155	0.999898	0.000033	-0.109827	-0.000033	0.999898	0.017334	
156	0.999836	0.000004	-0.367177	-0.000004	0.999836	0.027354	
157	0.999776	0.000009	-0.474660	-0.000009	0.999776	0.051025	
158	0.999674	0.000012	-0.709676	-0.000012	0.999674	0.109429	
159	0.999426	0.000022	-1.155657	-0.000022	0.999426	0.188734	
160	0.999301	0.000013	-1.393596	-0.000013	0.999301	0.239113	
161	0.999387	-0.000042	-2.033339	0.000042	0.999387	0.203661	
162	0.998904	0.000006	-2.534305	-0.000006	0.998904	0.368312	
163	0.998682	-0.000052	-3.099993	0.000052	0.998682	0.371680	
164	0.998562	-0.000094	-3.548901	0.000094	0.998562	0.343074	
165	0.998186	-0.000236	-3.879282	0.000236	0.998186	0.353930	
166	0.999713	0.000595	-6.214857	-0.000595	0.999713	0.305726	
167	0.999778	0.000618	-7.077739	-0.000618	0.999778	0.349533	
168	0.996297	-0.000418	-3.520629	0.000418	0.996297	1.051758	
169	0.999488	0.000943	-7.226007	-0.000943	0.999488	0.933421	
170	0.999752	0.000893	-7.612107	-0.000893	0.999752	0.723158	
171	0.999877	0.000947	-7.578873	-0.000947	0.999877	0.686634	
172	0.999681	0.000926	-7.369137	-0.000926	0.999681	0.832603	
173	0.998408	0.001227	-6.179931	-0.001227	0.998408	1.620180	
174	0.999528	0.000543	-6.446958	-0.000543	0.999528	0.609570	
175	0.999317	0.000594	-6.248651	-0.000594	0.999317	0.764205	
176	0.998047	-0.000430	-4.011038	0.000430	0.998047	0.508428	
177	0.998100	-0.000313	-3.474291	0.000313	0.998100	0.499201	
178	0.998199	-0.000174	-3.089178	0.000174	0.998199	0.477646	
179	0.998586	-0.000153	-2.395061	0.000153	0.998586	0.380031	
180	0.999179	-0.000072	-2.006642	0.000072	0.999179	0.211995	
181	0.999369	0.000045	-1.388483	-0.000045	0.999369	0.292599	
182	0.999657	0.000062	-0.925914	-0.000062	0.999657	0.160725	
183	0.999803	0.000142	-0.381687	-0.000142	0.999803	0.112426	
184	0.999762	0.000217	-0.247878	-0.000217	0.999762	0.136286	
185	0.999909	0.000245	0.177905	-0.000245	0.999909	0.083093	
186	0.999863	0.000236	0.194889	-0.000236	0.999863	0.067695	
187	0.999859	0.000233	0.152087	-0.000233	0.999859	0.065346	
188	0.999811	0.000237	0.179962	-0.000237	0.999811	0.064416	
189	0.999869	0.000186	0.149774	-0.000186	0.999869	0.052354	
190	0.999917	0.000168	0.151337	-0.000168	0.999917	0.084301	
191	1.000016	0.000097	0.128002	-0.000097	1.000016	0.091259	
192	1.000144	0.000007	0.096838	-0.000007	1.000144	0.077216	
193	1.000161	-0.000056	0.109762	0.000056	1.000161	0.040786	
194	1.000177	-0.000146	0.095628	0.000146	1.000177	-0.000839	
195	1.000112	-0.000095	0.056803	0.000095	1.000112	0.009399	
196	0.999996	-0.000034	0.067924	0.000034	0.999996	0.047960	
197	0.999946	0.000040	0.063761	-0.000040	0.999946	0.081218	
198	0.999883	0.000088	0.069378	-0.000088	0.999883	0.101904	
199	0.999924	0.000087	0.010142	-0.000087	0.999924	0.070715	
200	0.999839	0.000046	0.098789	-0.000046	0.999839	0.061783	
201	0.999798	0.000084	0.112451	-0.000084	0.999798	0.026494	
202	0.999845	0.000061	0.090904	-0.000061	0.999845	0.001153	
203	0.999890	0.000052	0.044797	-0.000052	0.999890	-0.006468	
204	0.999851	0.000067	0.090149	-0.000067	0.999851	0.031265	
205	0.999979	0.000055	0.057725	-0.000055	0.999979	0.015654	
206	1.000025	0.000115	-0.013557	-0.000115	1.000025	0.061056	
207	1.000094	0.000099	-0.055984	-0.000099	1.000094	0.059574	
208	1.000115	0.000093	-0.068130	-0.000093	1.000115	0.072717	
209	1.000056	0.000075	-0.047617	-0.000075	1.000056	0.080952	
210	1.000053	0.000017	-0.042574	-0.000017	1.000053	0.047569	
211	1.000045	0.000012	-0.024300	-0.000012	1.000045	0.052954	
212	1.000023	-0.000068	-0.008274	0.000068	1.000023	0.015056	
213	0.999998	-0.000036	0.011253	0.000036	0.999998	0.019046	
214	0.999964	-0.000025	-0.009592	0.000025	0.999964	0.013876	
215	0.999959	-0.000010	-0.016721	0.000010	0.999959	0.010740	
216	0.999964	-0.000048	-0.015418	0.000048	0.999964	-0.021423	
217	0.999922	-0.000065	0.001478	0.000065	0.999922	-0.035296	
218	0.999954	-0.000101	-0.044114	0.000101	0.999954	-0.065545	
219	0.999970	-0.000132	-0.053182	0.000132	0.999970	-0.095246	
220	0.999976	-0.000119	-0.047422	0.000119	0.999976	-0.076877	
221	1.000018	-0.000104	-0.050876	0.000104	1.000018	-0.067178	
222	1.000026	-0.000097	-0.091475	0.000097	1.000026	-0.061926	
223	1.000110	-0.000084	0.062117	0.000084	1.000110	-0.068562	
224	1.000184	-0.000094	0.019254	0.000094	1.000184	-0.065075	
225	1.000280	-0.000042	0.362153	0.000042	1.000280	-0.043100	
226	1.000495	0.000009	0.672222	-0.000009	1.000495	-0.052274	
227	1.000628	0.000017	1.219212	-0.000017	1.000628	-0.138471	
228	1.000864	0.000039	1.733772	-0.000039	1.000864	-0.179565	
229	1.001184	-0.000013	1.922920	0.000013	1.001184	-0.353976	
230	1.001621	0.000077	2.285233	-0.000077	1.001621	-0.405030	
231	1.001766	0.000141	2.747971	-0.000141	1.001766	-0.428984	
232	1.001648	0.000213	2.944781	-0.000213	1.001648	-0.337964	
233	1.001942	0.000135	3.189566	-0.000135	1.001942	-0.566349	
234	1.002899	0.000122	2.499747	-0.000122	1.002899	-0.930752	
235	1.002178	-0.000014	3.121474	0.000014	1.002178	-0.814997	
236	1.002922	0.000085	2.768479	-0.000085	1.002922	-0.976620	
237	1.002102	0.000163	3.249259	-0.000163	1.002102	-0.651190	
238	1.002682	0.000129	2.655891	-0.000129	1.002682	-0.822303	
239	1.002480	0.000197	2.875693	-0.000197	1.002480	-0.670229	
240	1.002421	0.000181	2.716938	-0.000181	1.002421	-0.623945	
241	1.002560	0.000012	2.678461	-0.000012	1.002560	-0.806229	
242	1.002270	0.000087	2.553406	-0.000087	1.002270	-0.669965	
243	1.002304	0.000091	2.426789	-0.000091	1.002304	-0.709656	
244	1.002096	0.000116	2.623637	-0.000116	1.002096	-0.604461	
245	1.002000	0.000133	2.405102	-0.000133	1.002000	-0.618997	
246	1.001888	0.000232	2.428878	-0.000232	1.001888	-0.514632	
247	1.001941	0.000142	2.313354	-0.000142	1.001941	-0.611693	
248	1.001736	0.000183	1.927985	-0.000183	1.001736	-0.477692	
249	1.001628	0.000204	1.492784	-0.000204	1.001628	-0.424925	
250	1.001182	0.000129	1.308275	-0.000129	1.001182	-0.362521	
251	1.000884	0.000049	0.538869	-0.000049	1.000884	-0.263483	
252	1.000636	-0.000158	0.178816	0.000158	1.000636	-0.313435	
253	1.000435	-0.000192	-0.121338	0.000192	1.000435	-0.269330	
254	1.000236	-0.000134	-0.321790	0.000134	1.000236	-0.131125	
255	1.000146	-0.000102	-0.235490	0.000102	1.000146	-0.091899	
256	1.000251	-0.000037	-0.304941	0.000037	1.000251	-0.044900	
257	1.000289	-0.000009	-0.244021	0.000009	1.000289	-0.047282	
258	1.000234	0.000015	-0.170137	-0.000015	1.000234	-0.034517	
259	1.000188	0.000036	-0.134191	-0.000036	1.000188	-0.030986	
260	1.000110	0.000087	-0.064351	-0.000087	1.000110	0.021651	
261	1.000120	0.000040	-0.067612	-0.000040	1.000120	-0.024577	
262	1.000033	0.000038	-0.008400	-0.000038	1.000033	-0.017659	
263	1.000037	0.000049	0.013079	-0.000049	1.000037	-0.014264	
264	0.999995	0.000070	-0.017663	-0.000070	0.999995	-0.007742	
265	1.000003	0.000057	0.050264	-0.000057	1.000003	0.014646	
266	0.999992	0.000085	0.060506	-0.000085	0.999992	0.036338	
267	0.999965	0.000110	0.069408	-0.000110	0.999965	0.057495	
268	0.999919	0.000128	0.072889	-0.000128	0.999919	0.092714	
269	0.999897	0.000099	-0.188567	-0.000099	0.999897	0.090827	
270	0.999807	0.000102	-0.164196	-0.000102	0.999807	0.107622	
271	0.999727	0.000133	-0.268171	-0.000133	0.999727	0.166818	
272	0.999617	0.000041	-0.492588	-0.000041	0.999617	0.134097	
273	0.999602	0.000054	-0.457896	-0.000054	0.999602	0.139014	
274	0.999562	-0.000038	-0.740898	0.000038	0.999562	0.095249	
275	0.999281	-0.000015	-1.300313	0.000015	0.999281	0.166287	
276	0.999059	-0.000193	-1.656578	0.000193	0.999059	0.132627	
277	0.998275	-0.000221	-2.071031	0.000221	0.998275	0.329510	
278	0.998351	-0.000403	-3.098465	0.000403	0.998351	0.241282	
279	0.997848	-0.000605	-3.774378	0.000605	0.997848	0.273811	
280	0.996974	-0.000767	-4.148341	0.000767	0.996974	0.588362	
281	0.999650	0.000518	-8.220054	-0.000518	0.999650	0.567546	
282	0.999203	0.000576	-8.327593	-0.000576	0.999203	0.720249	
283	0.995068	-0.001380	-4.648004	0.001380	0.995068	0.738685	
284	0.999229	0.000702	-9.016998	-0.000702	0.999229	1.001020	
285	0.998959	0.000811	-9.052207	-0.000811	0.998959	1.106624	
286	0.999830	0.000554	-9.375040	-0.000554	0.999830	0.474012	
287	0.999435	0.000652	-8.645742	-0.000652	0.999435	0.658899	
288	0.999219	0.000559	-8.087160	-0.000559	0.999219	0.680233	
289	0.999466	0.000718	-8.061182	-0.000718	0.999466	0.759444	
290	1.000130	0.000578	-8.080497	-0.000578	1.000130	0.380723	
291	0.999717	0.000648	-7.078133	-0.000648	0.999717	0.660974	
292	0.999819	0.000595	-6.951899	-0.000595	0.999819	0.504709	
293	0.999468	0.000610	-6.086790	-0.000610	0.999468	0.643192	
294	0.998126	-0.000373	-4.250355	0.000373	0.998126	0.312150	
295	0.997470	-0.000448	-3.024232	0.000448	0.997470	0.466813	
296	0.998545	-0.000143	-3.242204	0.000143	0.998545	0.274888	
297	0.998478	0.000070	-2.705682	-0.000070	0.998478	0.455614	
298	0.998968	0.000032	-1.976023	-0.000032	0.998968	0.303165	
299	0.999331	0.000146	-1.559375	-0.000146	0.999331	0.348905	
300	0.999661	0.000148	-0.999800	-0.000148	0.999661	0.357590	
301	0.999927	0.000052	-0.559486	-0.000052	0.999927	0.190608	
302	0.999942	-0.000010	-0.351201	0.000010	0.999942	0.167538	
303	0.999933	-0.000006	0.130957	0.000006	0.999933	0.139593	
304	0.999995	-0.000038	0.086885	0.000038	0.999995	0.063653	
305	0.999938	-0.000067	0.068787	0.000067	0.999938	0.009058	
306	0.999933	-0.000036	0.099415	0.000036	0.999933	0.010526	
307	0.999879	-0.000019	0.094056	0.000019	0.999879	-0.003327	
308	0.999849	-0.000012	0.092807	0.000012	0.999849	0.001666	
309	0.999879	-0.000039	0.090968	0.000039	0.999879	-0.061050	
310	0.999836	0.000012	0.125799	-0.000012	0.999836	-0.037254	
311	0.999890	0.000051	0.084226	-0.000051	0.999890	-0.031339	
312	0.999936	0.000063	-0.008371	-0.000063	0.999936	-0.027696	
313	0.999972	0.000061	-0.066094	-0.000061	0.999972	-0.020432	
314	1.000012	-0.000002	-0.028415	0.000002	1.000012	-0.046737	
