0	1.000000	0.000000	0.000000	0.000000	1.000000	0.000000	
1	0.999399	-0.000272	2.758600	0.000272	0.999399	-0.304971	
2	0.999581	-0.000308	2.495301	0.000308	0.999581	-0.456617	
3	0.999448	-0.000354	2.601943	0.000354	0.999448	-0.389455	
4	0.999230	-0.000310	2.674662	0.000310	0.999230	-0.217366	
5	0.999422	-0.000319	2.552907	0.000319	0.999422	-0.229506	
6	0.999219	-0.000349	2.619213	0.000349	0.999219	-0.194567	
7	0.999136	-0.000227	2.526872	0.000227	0.999136	-0.083935	
8	0.999124	-0.000210	2.434986	0.000210	0.999124	0.007685	
9	0.999170	-0.000111	2.201414	0.000111	0.999170	0.042919	
10	0.999259	0.000026	1.715103	-0.000026	0.999259	0.078366	
11	0.998908	0.000058	1.317114	-0.000058	0.998908	0.278999	
12	0.998997	0.000017	0.762718	-0.000017	0.998997	0.460116	
13	0.999866	0.000107	-0.057316	-0.000107	0.999866	0.302903	
14	1.000163	0.000102	-0.111306	-0.000102	1.000163	-0.024452	
15	1.000079	0.000066	-0.017620	-0.000066	1.000079	-0.026883	
16	1.000204	0.000081	-0.103573	-0.000081	1.000204	0.010630	
17	1.000205	0.000133	-0.140983	-0.000133	1.000205	0.070039	
18	1.000295	0.000034	-0.114914	-0.000034	1.000295	0.049253	
19	1.000202	0.000160	-0.091407	-0.000160	1.000202	0.097011	
20	1.000148	0.000254	-0.200043	-0.000254	1.000148	0.077247	
21	1.000148	0.000168	-0.407644	-0.000168	1.000148	0.068511	
22	1.000186	0.000175	-0.599694	-0.000175	1.000186	0.108750	
23	1.000232	0.000241	-0.652712	-0.000241	1.000232	0.123975	
24	1.000098	0.000339	-0.790343	-0.000339	1.000098	0.160661	
25	1.000084	0.000320	-0.885500	-0.000320	1.000084	0.116316	
26	0.999941	0.000331	-0.853385	-0.000331	0.999941	0.259518	
27	1.000101	0.000340	-1.028541	-0.000340	1.000101	0.241183	
28	1.000937	0.000519	-2.638636	-0.000519	1.000937	-0.310374	
29	1.000893	0.000354	-2.006528	-0.000354	1.000893	-0.049889	
30	1.000921	0.000343	-2.261331	-0.000343	1.000921	-0.176043	
31	1.000844	0.000348	-2.377864	-0.000348	1.000844	-0.192695	
32	1.000952	0.000362	-2.652569	-0.000362	1.000952	-0.210928	
33	1.001831	0.000504	-3.607231	-0.000504	1.001831	-0.414339	
34	1.002512	0.000507	-3.907695	-0.000507	1.002512	-0.609952	
35	1.003445	0.000403	-4.468520	-0.000403	1.003445	-1.012541	
36	1.003999	0.000432	-4.963765	-0.000432	1.003999	-1.153440	
37	1.003881	0.000514	-5.281224	-0.000514	1.003881	-1.082673	
38	1.004013	0.000558	-5.644478	-0.000558	1.004013	-1.055905	
39	1.004293	0.000574	-5.855487	-0.000574	1.004293	-1.176943	
40	1.002362	0.000582	-4.224904	-0.000582	1.002362	-0.341861	
41	1.002610	0.000516	-4.634874	-0.000516	1.002610	-0.495238	
42	1.005624	0.000714	-7.352251	-0.000714	1.005624	-1.626960	
43	1.008671	0.000402	-9.685193	-0.000402	1.008671	-2.867375	
44	1.005616	0.000362	-7.613315	-0.000362	1.005616	-1.815819	
45	1.003285	0.000521	-4.725362	-0.000521	1.003285	-0.753212	
46	1.004937	0.000568	-6.476407	-0.000568	1.004937	-1.403386	
47	1.006500	0.000324	-7.965053	-0.000324	1.006500	-1.955572	
48	1.008045	0.000601	-9.017449	-0.000601	1.008045	-2.057705	
49	1.005370	0.000695	-7.020412	-0.000695	1.005370	-0.922113	
50	1.003125	0.000603	-5.174479	-0.000603	1.003125	0.017283	
51	1.007930	0.000025	-9.136879	-0.000025	1.007930	-2.267853	
52	1.007657	-0.000013	-9.223599	0.000013	1.007657	-2.241929	
53	1.007714	0.000116	-9.352070	-0.000116	1.007714	-1.965517	
54	1.007923	0.000182	-9.614425	-0.000182	1.007923	-1.746076	
55	1.006927	0.000300	-9.050518	-0.000300	1.006927	-1.076700	
56	1.005190	0.000389	-7.554793	-0.000389	1.005190	-0.326214	
57	1.008569	0.000609	-10.901806	-0.000609	1.008569	-1.005482	
58	1.008083	0.000541	-11.166472	-0.000541	1.008083	-0.760994	
59	1.009856	0.000760	-12.764584	-0.000760	1.009856	-1.289272	
60	1.010638	0.000430	-13.491606	-0.000430	1.010638	-1.897422	
61	1.011471	0.000343	-13.999873	-0.000343	1.011471	-2.050476	
62	1.011184	0.000262	-13.730763	-0.000262	1.011184	-2.016470	
63	1.012078	0.000200	-14.191550	-0.000200	1.012078	-2.172443	
64	1.012795	0.000351	-14.776456	-0.000351	1.012795	-2.045880	
65	1.012793	0.000210	-14.974073	-0.000210	1.012793	-2.212132	
66	1.013221	0.000168	-15.537020	-0.000168	1.013221	-2.560358	
67	1.012601	0.000201	-15.231315	-0.000201	1.012601	-2.272636	
68	1.012806	0.000093	-15.600349	-0.000093	1.012806	-2.144130	
69	1.013554	0.000349	-16.376802	-0.000349	1.013554	-1.955804	
70	1.014668	0.000225	-17.293744	-0.000225	1.014668	-2.189424	
71	1.015038	0.000416	-18.207688	-0.000416	1.015038	-1.958071	
72	1.014343	0.000197	-17.961936	-0.000197	1.014343	-1.621296	
73	1.014257	0.000458	-18.061148	-0.000458	1.014257	-1.204148	
74	1.014360	0.000326	-18.277980	-0.000326	1.014360	-1.395716	
75	1.014487	0.000328	-18.325193	-0.000328	1.014487	-1.735865	
76	1.015410	0.000213	-18.917447	-0.000213	1.015410	-2.379996	
77	1.015287	-0.000223	-18.806464	0.000223	1.015287	-2.804654	
78	1.014276	0.000334	-17.959358	-0.000334	1.014276	-1.987154	
79	1.014828	-0.000250	-18.326768	0.000250	1.014828	-2.881904	
80	1.013856	0.000020	-17.623974	-0.000020	1.013856	-2.565908	
81	1.014223	0.000689	-17.771908	-0.000689	1.014223	-2.270287	
82	1.014294	0.000020	-17.371697	-0.000020	1.014294	-2.905553	
83	1.013093	-0.000186	-16.198919	0.000186	1.013093	-2.712801	
84	1.012788	-0.000260	-15.618282	0.000260	1.012788	-2.847738	
85	1.013131	-0.000377	-15.674291	0.000377	1.013131	-3.045971	
86	1.015191	0.000212	-17.292758	-0.000212	1.015191	-3.464024	
87	1.015951	-0.000653	-17.716396	0.000653	1.015951	-4.668014	
88	1.013696	-0.000413	-15.652038	0.000413	1.013696	-3.885784	
89	1.011876	0.000405	-13.975918	-0.000405	1.011876	-2.711691	
90	1.011810	0.000846	-13.591587	-0.000846	1.011810	-2.382843	
91	1.013124	0.000217	-14.001210	-0.000217	1.013124	-3.679477	
92	1.011839	-0.000071	-12.983022	0.000071	1.011839	-3.459180	
93	1.012009	-0.000270	-12.343123	0.000270	1.012009	-3.736486	
94	1.009302	0.000712	-9.518637	-0.000712	1.009302	-2.233259	
95	1.004552	0.000912	-4.307018	-0.000912	1.004552	-1.339389	
96	1.001240	-0.000244	0.649952	0.000244	1.001240	-1.513743	
97	1.000654	-0.000532	1.246649	0.000532	1.000654	-1.277479	
98	1.001564	-0.000973	3.254056	0.000973	1.001564	-2.310286	
99	0.999634	-0.000366	8.712008	0.000366	0.999634	-2.422188	
100	0.999933	-0.000472	12.855506	0.000472	0.999933	-2.844973	
101	0.999757	-0.000864	17.176019	0.000864	0.999757	-4.292067	
102	0.998942	-0.001197	20.184985	0.001197	0.998942	-5.151040	
103	0.991103	-0.000641	27.185561	0.000641	0.991103	-0.929542	
104	0.989594	-0.000536	26.802495	0.000536	0.989594	-0.216631	
105	0.989121	-0.000530	26.625505	0.000530	0.989121	0.280826	
106	0.989991	-0.000545	25.066422	0.000545	0.989991	0.490363	
107	0.988683	-0.000235	23.845017	0.000235	0.988683	1.443582	
108	0.989231	0.000382	21.489726	-0.000382	0.989231	1.899871	
109	0.988331	-0.000298	21.263456	0.000298	0.988331	1.892422	
110	0.987884	-0.001298	20.836516	0.001298	0.987884	0.836446	
111	0.985136	-0.001059	21.502807	0.001059	0.985136	1.760536	
112	0.986224	-0.001689	19.393221	0.001689	0.986224	0.946980	
113	0.987270	-0.001015	17.761837	0.001015	0.987270	1.618486	
114	0.989777	-0.001127	15.512494	0.001127	0.989777	0.789949	
115	1.003718	-0.001692	0.875586	0.001692	1.003718	-3.473550	
116	0.993021	-0.001277	13.152824	0.001277	0.993021	-0.096599	
117	1.005308	-0.002428	0.346155	0.002428	1.005308	-4.416957	
118	0.991789	-0.000930	15.061647	0.000930	0.991789	0.929456	
119	0.993696	-0.001133	13.414805	0.001133	0.993696	-0.261492	
120	0.992952	-0.000743	13.180804	0.000743	0.992952	0.242502	
121	0.992426	-0.000598	13.277994	0.000598	0.992426	0.575511	
122	0.993415	-0.000547	12.476651	0.000547	0.993415	0.333454	
123	0.993704	-0.000104	11.782420	0.000104	0.993704	0.971709	
124	0.992333	0.000106	11.873050	-0.000106	0.992333	1.893854	
125	0.993177	-0.000591	11.355120	0.000591	0.993177	0.852855	
126	0.993645	-0.000450	10.985177	0.000450	0.993645	0.801925	
127	1.002222	-0.002153	0.787066	0.002153	1.002222	-3.116058	
128	0.990845	-0.000121	12.737342	0.000121	0.990845	2.526032	
129	0.999547	-0.002201	5.520142	0.002201	0.999547	-1.778602	
130	0.992772	-0.000494	12.630655	0.000494	0.992772	1.380558	
131	0.992410	-0.000522	13.134039	0.000522	0.992410	1.576048	
132	0.993998	-0.000436	12.197558	0.000436	0.993998	1.259131	
133	1.003568	-0.003069	2.156635	0.003069	1.003568	-3.968813	
134	0.993322	-0.000991	13.177210	0.000991	0.993322	0.975523	
135	0.993694	-0.000981	13.406885	0.000981	0.993694	0.859515	
136	0.994310	-0.000891	13.377151	0.000891	0.994310	0.377710	
137	0.994650	-0.001035	13.350692	0.001035	0.994650	0.095666	
138	1.005976	-0.003223	0.885876	0.003223	1.005976	-4.872302	
139	1.005883	-0.003215	0.920275	0.003215	1.005883	-4.802103	
140	0.995270	-0.001006	12.670742	0.001006	0.995270	0.058716	
141	0.994040	-0.001078	13.502674	0.001078	0.994040	0.363405	
142	0.993311	-0.001681	14.277997	0.001681	0.993311	-0.000006	
143	0.994186	-0.001120	14.625362	0.001120	0.994186	0.251576	
144	0.994893	-0.001208	14.832700	0.001208	0.994893	-0.207079	
145	0.993726	-0.001083	16.171655	0.001083	0.993726	0.532535	
146	0.993889	-0.001103	16.557423	0.001103	0.993889	0.695629	
147	0.994509	-0.000944	16.794510	0.000944	0.994509	0.511209	
148	0.993587	-0.000872	18.029284	0.000872	0.993587	0.630301	
149	0.993738	-0.001038	18.646912	0.001038	0.993738	0.564470	
150	0.993253	-0.001385	19.385527	0.001385	0.993253	0.299513	
151	0.992740	-0.001231	19.977923	0.001231	0.992740	0.520357	
152	0.992601	-0.001201	20.328634	0.001201	0.992601	0.459965	
153	0.993280	-0.001380	20.128717	0.001380	0.993280	0.484862	
154	0.993993	-0.001692	19.426041	0.001692	0.993993	0.124579	
155	0.993118	-0.001895	19.797261	0.001895	0.993118	0.297427	
156	0.992742	-0.001440	20.150086	0.001440	0.992742	0.879880	
157	0.993201	-0.001623	19.979996	0.001623	0.993201	0.810106	
158	0.993735	-0.001570	20.196533	0.001570	0.993735	0.496702	
159	0.992596	-0.001713	21.946400	0.001713	0.992596	0.906540	
160	0.993821	-0.001333	22.258225	0.001333	0.993821	0.730471	
161	0.994508	-0.001509	22.779546	0.001509	0.994508	0.412493	
162	0.992628	-0.001328	24.712451	0.001328	0.992628	1.346863	
163	0.993309	-0.001464	25.008802	0.001464	0.993309	1.572203	
164	0.994216	-0.001642	24.761011	0.001642	0.994216	0.372859	
165	0.994450	-0.001378	25.420819	0.001378	0.994450	0.431847	
166	0.993916	-0.001657	25.813288	0.001657	0.993916	1.221898	
167	0.994444	-0.001644	25.705704	0.001644	0.994444	1.013871	
168	0.994946	-0.001621	25.806929	0.001621	0.994946	0.159732	
169	0.994789	-0.001735	25.988956	0.001735	0.994789	0.007827	
170	0.993824	-0.001517	27.192625	0.001517	0.993824	0.904953	
171	0.995413	-0.001375	26.256829	0.001375	0.995413	0.877753	
172	0.995338	-0.001337	26.555880	0.001337	0.995338	0.865979	
173	0.994639	-0.001365	26.795612	0.001365	0.994639	0.857670	
174	0.993808	-0.001468	27.217321	0.001468	0.993808	1.193121	
175	0.994842	-0.001795	25.958024	0.001795	0.994842	1.024401	
176	0.993301	-0.001274	26.377218	0.001274	0.993301	1.847959	
177	0.994248	-0.001313	25.168566	0.001313	0.994248	1.331917	
178	0.994676	-0.001190	23.904704	0.001190	0.994676	1.130231	
179	0.996006	-0.001409	22.101575	0.001409	0.996006	0.923677	
180	0.994872	-0.001442	22.443126	0.001442	0.994872	1.298264	
181	0.994518	-0.001537	22.732221	0.001537	0.994518	1.044483	
182	0.995085	-0.001554	22.237100	0.001554	0.995085	0.535951	
183	1.015322	-0.010335	2.003999	0.010335	1.015322	-12.172870	
184	0.993005	-0.001298	23.819146	0.001298	0.993005	1.715028	
185	0.994406	-0.001473	23.053999	0.001473	0.994406	1.188369	
186	0.994024	-0.001436	22.730552	0.001436	0.994024	1.306603	
187	0.993841	-0.001577	22.887167	0.001577	0.993841	1.063575	
188	0.995325	-0.001505	21.338115	0.001505	0.995325	0.267674	
189	0.995586	-0.001642	20.557445	0.001642	0.995586	0.114781	
190	0.994708	-0.001910	21.448756	0.001910	0.994708	0.357601	
191	0.995975	-0.002180	20.788655	0.002180	0.995975	-0.271334	
192	0.996074	-0.001867	20.535580	0.001867	0.996074	-0.133815	
193	0.997325	-0.001683	18.995022	0.001683	0.997325	-0.284985	
194	0.995144	-0.001539	20.059569	0.001539	0.995144	0.858816	
195	0.995422	-0.001337	19.598485	0.001337	0.995422	0.906855	
196	0.996792	-0.001096	18.130076	0.001096	0.996792	0.282848	
197	0.996324	-0.001082	18.342879	0.001082	0.996324	0.712453	
198	0.996580	-0.001334	17.840036	0.001334	0.996580	0.489615	
199	0.995980	-0.001493	18.328625	0.001493	0.995980	0.450022	
200	0.996259	-0.001350	17.872485	0.001350	0.996259	0.525977	
201	0.995951	-0.001358	17.867011	0.001358	0.995951	0.679757	
202	0.998521	-0.000883	15.252182	0.000883	0.998521	0.033181	
203	0.997506	-0.001367	16.741369	0.001367	0.997506	0.112543	
204	0.997909	-0.001297	16.146883	0.001297	0.997909	-0.085619	
205	0.997238	-0.001453	17.022018	0.001453	0.997238	0.071751	
206	0.997265	-0.001601	17.125012	0.001601	0.997265	0.029184	
207	0.996578	-0.001517	17.263059	0.001517	0.996578	0.299806	
208	0.997636	-0.001544	16.446209	0.001544	0.997636	-0.033449	
209	0.997646	-0.001499	16.056352	0.001499	0.997646	-0.029915	
210	0.997359	-0.001360	15.943876	0.001360	0.997359	0.029050	
211	0.997895	-0.001472	15.604459	0.001472	0.997895	-0.250958	
212	0.997629	-0.001564	15.686361	0.001564	0.997629	-0.169584	
213	0.997347	-0.001388	15.657465	0.001388	0.997347	0.147261	
214	0.999345	-0.001417	14.087442	0.001417	0.999345	-0.700236	
215	0.998929	-0.001046	13.155005	0.001046	0.998929	-0.356311	
216	0.998844	-0.000769	12.311502	0.000769	0.998844	-0.102390	
217	0.999456	-0.000896	11.969822	0.000896	0.999456	-0.351083	
218	1.000064	-0.000973	11.622961	0.000973	1.000064	-0.498782	
219	0.998719	-0.000577	11.175293	0.000577	0.998719	0.262129	
220	0.999264	-0.000518	9.903758	0.000518	0.999264	0.080497	
221	0.999260	-0.000522	8.903681	0.000522	0.999260	0.213580	
222	0.999856	-0.000535	8.421969	0.000535	0.999856	0.043211	
223	0.999452	-0.000613	8.420414	0.000613	0.999452	0.318853	
224	0.999460	-0.000689	8.026844	0.000689	0.999460	0.318393	
225	0.999911	-0.000639	7.718863	0.000639	0.999911	0.027678	
226	0.999499	-0.000578	6.956556	0.000578	0.999499	0.305521	
227	1.000841	-0.001278	4.989868	0.001278	1.000841	-0.783662	
228	1.000651	-0.001031	3.929384	0.001031	1.000651	-0.641396	
229	1.000703	-0.000990	3.988191	0.000990	1.000703	-0.385029	
230	1.000269	-0.000854	3.585892	0.000854	1.000269	-0.237719	
231	1.000607	-0.000939	3.191153	0.000939	1.000607	-0.268632	
232	1.000947	-0.000713	2.728468	0.000713	1.000947	-0.132967	
233	1.001342	-0.000755	2.560160	0.000755	1.001342	-0.262330	
234	1.001990	-0.000865	2.106381	0.000865	1.001990	-0.509263	
235	1.001872	-0.000729	2.008360	0.000729	1.001872	-0.826134	
236	1.001985	-0.000603	1.796831	0.000603	1.001985	-1.174629	
237	1.002008	-0.000713	1.668585	0.000713	1.002008	-1.274658	
238	1.001893	-0.000822	1.670102	0.000822	1.001893	-1.131726	
239	1.002198	-0.000817	1.553531	0.000817	1.002198	-0.972052	
240	1.002652	-0.000965	1.242567	0.000965	1.002652	-1.202244	
241	1.002313	-0.000931	1.158493	0.000931	1.002313	-1.299504	
242	1.002916	-0.000749	1.049577	0.000749	1.002916	-1.682531	
243	1.003099	-0.000762	0.878218	0.000762	1.003099	-1.645672	
244	1.003400	-0.000807	1.149319	0.000807	1.003400	-1.809227	
245	1.003727	-0.000750	1.074366	0.000750	1.003727	-2.068274	
246	1.003557	-0.000598	0.866664	0.000598	1.003557	-1.990759	
247	1.004314	-0.000289	-0.052091	0.000289	1.004314	-2.162597	
248	1.003945	-0.000485	-0.106853	0.000485	1.003945	-1.837835	
249	1.003610	-0.000604	0.204936	0.000604	1.003610	-1.626428	
250	1.003711	-0.000574	0.236723	0.000574	1.003711	-1.724325	
251	1.003170	-0.000552	0.633120	0.000552	1.003170	-1.648160	
252	1.003802	-0.000608	0.297722	0.000608	1.003802	-1.935419	
253	1.003761	-0.000744	0.304530	0.000744	1.003761	-1.872342	
254	1.003658	-0.000788	0.418986	0.000788	1.003658	-1.686479	
255	1.003597	-0.000762	0.648773	0.000762	1.003597	-1.648354	
256	1.003445	-0.000784	0.989160	0.000784	1.003445	-1.837733	
257	1.003874	-0.000830	1.176722	0.000830	1.003874	-2.052702	
258	1.004281	-0.000973	1.059169	0.000973	1.004281	-2.113675	
259	1.003620	-0.000907	1.519923	0.000907	1.003620	-1.784908	
260	1.003904	-0.000888	1.320273	0.000888	1.003904	-1.968119	
261	1.004768	-0.000981	1.111364	0.000981	1.004768	-2.469385	
262	1.006110	-0.001110	0.807514	0.001110	1.006110	-2.916030	
263	1.006395	-0.001229	1.284592	0.001229	1.006395	-3.034983	
264	1.006059	-0.001221	1.757609	0.001221	1.006059	-2.855319	
265	1.006158	-0.001271	1.934393	0.001271	1.006158	-2.946481	
266	1.006610	-0.001800	1.852416	0.001800	1.006610	-3.220219	
267	1.006776	-0.001399	1.806607	0.001399	1.006776	-3.134940	
268	1.007124	-0.001338	1.767877	0.001338	1.007124	-3.252059	
269	1.008574	-0.001401	1.079281	0.001401	1.008574	-3.967055	
270	1.007427	-0.001600	2.032198	0.001600	1.007427	-3.515862	
271	1.008653	-0.001637	1.396338	0.001637	1.008653	-4.148976	
272	1.010397	-0.001613	0.613787	0.001613	1.010397	-4.818363	
273	1.010816	-0.001730	0.575944	0.001730	1.010816	-5.044962	
274	1.010968	-0.001402	0.360334	0.001402	1.010968	-4.893686	
275	1.011130	-0.001593	0.281235	0.001593	1.011130	-4.876592	
276	1.011154	-0.001659	-0.143166	0.001659	1.011154	-4.801274	
277	1.012177	-0.001484	-0.860538	0.001484	1.012177	-5.016243	
278	1.012786	-0.001459	-1.546459	0.001459	1.012786	-5.161346	
279	1.013464	-0.001405	-2.143177	0.001405	1.013464	-5.312162	
280	1.013376	-0.001239	-2.393992	0.001239	1.013376	-5.107642	
281	1.014103	-0.001311	-3.153260	0.001311	1.014103	-5.226561	
282	1.014269	-0.001119	-3.563543	0.001119	1.014269	-4.972167	
283	1.014804	-0.001025	-4.247903	0.001025	1.014804	-4.838718	
284	1.014376	-0.001398	-4.055650	0.001398	1.014376	-4.747040	
285	1.014196	-0.001555	-4.108188	0.001555	1.014196	-4.500680	
286	1.018138	-0.000373	-7.200040	0.000373	1.018138	-4.198244	
287	1.018391	-0.000055	-7.404247	0.000055	1.018391	-3.739212	
288	1.018506	0.000213	-7.816263	-0.000213	1.018506	-3.418014	
289	1.017717	0.000030	-7.965865	-0.000030	1.017717	-3.292290	
290	1.018612	0.000267	-9.116897	-0.000267	1.018612	-3.772566	
291	1.018516	-0.000210	-9.725984	0.000210	1.018516	-4.464578	
292	1.018003	-0.000393	-9.921824	0.000393	1.018003	-4.739439	
293	1.017807	-0.000188	-10.206457	0.000188	1.017807	-4.805262	
294	1.018105	-0.000085	-10.440015	0.000085	1.018105	-4.621278	
295	1.017519	-0.000257	-9.989013	0.000257	1.017519	-4.398316	
296	1.017101	-0.000454	-10.123650	0.000454	1.017101	-4.526916	
297	1.017176	-0.000311	-10.333610	0.000311	1.017176	-4.565674	
298	1.015078	-0.000449	-9.168542	0.000449	1.015078	-4.705940	
299	1.014370	-0.000274	-8.323564	0.000274	1.014370	-5.258222	
300	1.013962	-0.000297	-8.162805	0.000297	1.013962	-5.518692	
301	1.013802	-0.000015	-8.279889	0.000015	1.013802	-5.657096	
302	1.012007	0.000240	-7.591002	-0.000240	1.012007	-5.253350	
303	1.011535	0.001124	-7.224795	-0.001124	1.011535	-4.431588	
304	1.011036	0.000808	-6.716255	-0.000808	1.011036	-4.096469	
305	1.009550	0.000590	-5.970215	-0.000590	1.009550	-3.883306	
306	1.008927	0.000274	-5.953457	-0.000274	1.008927	-3.792871	
307	1.006399	-0.000099	-4.370398	0.000099	1.006399	-2.796058	
308	1.005406	-0.000117	-3.652829	0.000117	1.005406	-2.250448	
309	1.005828	-0.000089	-3.920967	0.000089	1.005828	-2.180008	
310	1.003862	-0.001375	-2.811555	0.001375	1.003862	-1.790186	
311	1.004348	0.000419	-2.834438	-0.000419	1.004348	-1.397236	
312	1.003042	0.000226	-2.166653	-0.000226	1.003042	-0.778480	
313	1.002535	-0.000217	-1.942581	0.000217	1.002535	-0.697421	
314	1.001569	-0.000214	-0.886368	0.000214	1.001569	-0.563850	
315	1.000269	-0.000398	-0.206424	0.000398	1.000269	-0.577729	
316	0.999676	-0.000048	-0.457358	0.000048	0.999676	-0.697827	
317	0.999671	0.000199	-0.368192	-0.000199	0.999671	-0.988979	
318	0.999776	0.000393	-0.585361	-0.000393	0.999776	-1.427628	
319	0.999773	0.000847	-1.831373	-0.000847	0.999773	-1.652198	
320	0.999777	0.001491	-3.817331	-0.001491	0.999777	-1.436612	
321	0.999299	0.002086	-5.871168	-0.002086	0.999299	-0.729697	
322	0.999883	0.000202	-7.348512	-0.000202	0.999883	-2.019272	
323	0.999688	0.000026	-6.442552	-0.000026	0.999688	-1.499152	
324	0.999312	0.001341	-4.716626	-0.001341	0.999312	-0.250115	
325	0.995340	0.000748	-0.631381	-0.000748	0.995340	1.722245	
326	0.993715	0.000795	0.224167	-0.000795	0.993715	2.392909	
327	0.993916	0.000592	0.759573	-0.000592	0.993916	1.945888	
328	0.994126	0.000445	1.388378	-0.000445	0.994126	1.422571	
329	0.994596	0.000337	1.624172	-0.000337	0.994596	0.780757	
330	0.994019	0.000179	2.160526	-0.000179	0.994019	0.500067	
331	0.993430	0.000269	2.669292	-0.000269	0.993430	0.936347	
332	0.993851	0.000001	2.885661	-0.000001	0.993851	0.531318	
333	0.993830	0.000146	3.297062	-0.000146	0.993830	0.827133	
334	0.993019	0.000312	3.790736	-0.000312	0.993019	1.403261	
335	0.993325	-0.000092	3.406393	0.000092	0.993325	1.473038	
336	0.992077	0.000292	3.791556	-0.000292	0.992077	2.537711	
337	0.991722	0.000681	3.837755	-0.000681	0.991722	2.722534	
338	0.991634	0.000478	3.134357	-0.000478	0.991634	2.999762	
339	0.990815	0.000458	2.067722	-0.000458	0.990815	3.759048	
340	0.990189	0.000915	0.173887	-0.000915	0.990189	4.608794	
341	0.990273	0.001823	-2.145022	-0.001823	0.990273	4.968360	
342	0.989078	0.002320	-3.668103	-0.002320	0.989078	5.471335	
343	0.990490	-0.000103	-6.990263	0.000103	0.990490	3.629276	
344	0.985828	0.000473	-6.252247	-0.000473	0.985828	5.871251	
345	0.986728	0.000497	-8.197011	-0.000497	0.986728	5.602310	
346	0.985700	0.000512	-8.253753	-0.000512	0.985700	5.594216	
347	0.986039	0.000600	-8.411194	-0.000600	0.986039	5.384234	
348	0.987423	0.000529	-9.817583	-0.000529	0.987423	4.964065	
349	0.985209	0.000809	-9.095489	-0.000809	0.985209	5.978333	
350	0.985117	0.000990	-9.235916	-0.000990	0.985117	5.939754	
351	0.984547	0.000526	-8.948062	-0.000526	0.984547	5.697290	
352	0.985096	0.000906	-8.625850	-0.000906	0.985096	5.280634	
353	0.985975	0.001360	-8.931254	-0.001360	0.985975	5.222605	
354	0.984891	0.000839	-7.648028	-0.000839	0.984891	5.657823	
355	0.985738	0.001268	-7.243583	-0.001268	0.985738	5.482817	
356	0.986092	0.000851	-6.858422	-0.000851	0.986092	5.071431	
357	0.986560	0.000604	-6.117742	-0.000604	0.986560	4.849273	
358	0.986359	0.000848	-4.798500	-0.000848	0.986359	4.765924	
359	0.990847	0.003133	-3.355513	-0.003133	0.990847	4.309843	
360	0.987435	0.002261	-2.129831	-0.002261	0.987435	5.086920	
361	0.987344	0.001608	-1.063917	-0.001608	0.987344	4.722179	
362	0.988267	0.001713	-0.187180	-0.001713	0.988267	4.714286	
363	0.988612	0.001286	1.015485	-0.001286	0.988612	4.531959	
364	0.986773	0.000838	3.317271	-0.000838	0.986773	5.292523	
365	0.988424	0.000683	2.904781	-0.000683	0.988424	4.794299	
366	0.989832	0.000653	2.653866	-0.000653	0.989832	4.367304	
367	0.992118	0.000573	1.755143	-0.000573	0.992118	3.290038	
368	0.992319	0.000491	1.981040	-0.000491	0.992319	3.127746	
369	0.994966	0.000550	0.935508	-0.000550	0.994966	2.228874	
370	0.996333	0.000518	0.622875	-0.000518	0.996333	1.873180	
371	0.996894	0.000370	0.427618	-0.000370	0.996894	1.553663	
372	0.997177	0.000222	0.436898	-0.000222	0.997177	1.335457	
373	0.998641	0.000216	-0.133646	-0.000216	0.998641	0.858853	
374	0.998994	0.000148	-0.184130	-0.000148	0.998994	0.686704	
375	0.999457	0.000120	-0.372831	-0.000120	0.999457	0.367738	
376	0.999689	0.000097	-0.552678	-0.000097	0.999689	0.377630	
377	0.999664	0.000239	-0.633164	-0.000239	0.999664	0.454951	
378	0.999645	0.000237	-0.654455	-0.000237	0.999645	0.184542	
379	0.999565	0.000139	-0.511681	-0.000139	0.999565	0.183168	
380	0.999689	0.000122	-0.290542	-0.000122	0.999689	0.295749	
381	0.999771	0.000234	-0.269026	-0.000234	0.999771	0.289461	
382	0.999852	0.000263	-0.344493	-0.000263	0.999852	0.115325	
383	0.999716	0.000194	-0.230262	-0.000194	0.999716	0.166310	
384	0.999753	0.000164	-0.225703	-0.000164	0.999753	0.315136	
385	0.999808	0.000118	-0.304842	-0.000118	0.999808	0.270780	
386	0.999808	0.000117	-0.089077	-0.000117	0.999808	0.144916	
387	0.999819	0.000175	-0.048757	-0.000175	0.999819	0.125587	
388	0.999923	0.000070	-0.019848	-0.000070	0.999923	0.014575	
389	0.999911	0.000033	-0.027168	-0.000033	0.999911	0.009112	
390	1.000088	0.000034	-0.116109	-0.000034	1.000088	-0.075791	
391	1.000223	-0.000052	-0.122789	0.000052	1.000223	-0.078284	
392	1.000109	-0.000037	-0.061163	0.000037	1.000109	-0.054482	
393	1.000054	-0.000020	-0.010867	0.000020	1.000054	-0.024848	
394	0.999994	0.000036	0.016091	-0.000036	0.999994	0.123802	
395	0.999966	0.000073	0.088647	-0.000073	0.999966	0.119679	
396	1.000008	0.000054	0.223972	-0.000054	1.000008	0.098162	
397	1.000000	0.000114	0.175431	-0.000114	1.000000	0.183274	
398	0.999985	0.000203	0.068831	-0.000203	0.999985	0.291833	
399	1.000100	0.000178	0.128831	-0.000178	1.000100	0.251804	
400	1.000102	0.000081	0.213358	-0.000081	1.000102	0.264221	
401	1.000133	0.000025	0.327701	-0.000025	1.000133	0.247189	
402	1.000123	0.000040	0.412778	-0.000040	1.000123	0.155596	
403	0.999876	0.000216	0.376519	-0.000216	0.999876	0.286430	
404	1.000133	0.000176	0.491529	-0.000176	1.000133	0.218703	
405	1.000102	0.000141	0.544738	-0.000141	1.000102	0.304694	
406	0.999980	0.000070	0.638907	-0.000070	0.999980	0.364585	
407	1.000725	-0.000097	0.201801	0.000097	1.000725	-0.115787	
408	1.001528	-0.000062	-0.692951	0.000062	1.001528	-0.681290	
409	1.001345	-0.000302	-0.010387	0.000302	1.001345	-0.497730	
410	1.001498	-0.000309	0.117669	0.000309	1.001498	-0.633136	
411	1.001493	-0.000237	0.161054	0.000237	1.001493	-0.628863	
412	1.002083	-0.000120	0.319740	0.000120	1.002083	-0.927725	
413	1.002231	-0.000196	0.483479	0.000196	1.002231	-1.184748	
414	1.002113	-0.000127	0.809574	0.000127	1.002113	-1.090607	
415	1.002398	-0.000276	1.058754	0.000276	1.002398	-1.291607	
416	1.002438	-0.000397	1.929881	0.000397	1.002438	-1.506931	
417	1.002448	-0.000530	2.737054	0.000530	1.002448	-1.844440	
418	1.002198	-0.000745	3.558384	0.000745	1.002198	-2.156181	
419	1.000407	-0.000147	6.743036	0.000147	1.000407	-1.331838	
420	0.999882	-0.000181	8.521108	0.000181	0.999882	-1.075032	
421	0.999729	-0.000493	9.239304	0.000493	0.999729	-0.889087	
422	0.999808	-0.000601	9.611515	0.000601	0.999808	-0.830852	
423	0.999888	-0.000782	8.981505	0.000782	0.999888	-0.629644	
424	0.994573	-0.000781	12.156661	0.000781	0.994573	1.605161	
425	0.989052	-0.000605	14.252635	0.000605	0.989052	3.291307	
426	0.990276	-0.000462	12.593234	0.000462	0.990276	3.009742	
427	0.989914	-0.000366	11.961274	0.000366	0.989914	3.348482	
428	0.994499	-0.001097	7.879311	0.001097	0.994499	1.479601	
429	0.993984	-0.000142	8.736824	0.000142	0.993984	2.306657	
430	0.995116	-0.000310	7.612094	0.000310	0.995116	1.688744	
431	0.997294	-0.000260	6.096563	0.000260	0.997294	0.807909	
432	1.000001	-0.000809	4.062173	0.000809	1.000001	-0.409330	
433	1.000461	-0.000887	3.890241	0.000887	1.000461	-0.564949	
434	1.000472	-0.000905	4.081541	0.000905	1.000472	-0.707210	
435	1.000614	-0.001144	4.468530	0.001144	1.000614	-0.717876	
436	1.000398	-0.001195	4.668359	0.001195	1.000398	-0.457669	
437	1.000361	-0.001321	4.802748	0.001321	1.000361	-0.501065	
438	1.000444	-0.001333	4.863975	0.001333	1.000444	-0.517833	
439	1.000299	-0.001310	5.005557	0.001310	1.000299	-0.420310	
440	1.000472	-0.001321	4.962696	0.001321	1.000472	-0.493437	
441	0.999989	-0.001249	5.074162	0.001249	0.999989	-0.268450	
442	0.999943	-0.001161	4.849775	0.001161	0.999943	-0.168711	
443	1.000041	-0.001117	4.988462	0.001117	1.000041	-0.184845	
444	1.001789	-0.000858	3.146144	0.000858	1.001789	-0.977986	
445	1.002718	-0.000992	3.015643	0.000992	1.002718	-1.254161	
446	1.002005	-0.001026	3.358928	0.001026	1.002005	-0.767704	
447	1.002305	-0.001119	3.516638	0.001119	1.002305	-0.691268	
448	1.002742	-0.001199	3.101880	0.001199	1.002742	-0.640485	
449	1.003926	-0.001180	2.055458	0.001180	1.003926	-0.938799	
450	1.006718	-0.001160	0.418105	0.001160	1.006718	-1.731145	
451	1.007529	-0.001320	0.161985	0.001320	1.007529	-2.139605	
452	1.005410	-0.001543	0.357776	0.001543	1.005410	-1.176367	
453	1.009005	-0.001292	-0.443753	0.001292	1.009005	-2.636415	
454	1.008738	-0.001379	-0.332769	0.001379	1.008738	-2.516348	
455	1.009768	-0.001335	-0.810903	0.001335	1.009768	-2.862000	
456	1.010252	-0.001262	-1.061454	0.001262	1.010252	-2.946241	
457	1.011501	-0.001178	-1.834692	0.001178	1.011501	-3.291959	
458	1.011654	-0.001010	-2.334028	0.001010	1.011654	-3.255475	
459	1.010978	-0.001016	-2.239272	0.001016	1.010978	-2.988831	
460	1.011048	-0.000986	-2.405893	0.000986	1.011048	-2.991526	
461	1.011546	-0.001060	-2.750332	0.001060	1.011546	-3.016061	
462	1.011577	-0.001271	-2.887105	0.001271	1.011577	-2.632310	
463	1.011879	-0.001175	-2.926989	0.001175	1.011879	-2.446997	
464	1.012739	-0.000425	-4.091316	0.000425	1.012739	-1.543829	
465	1.013273	-0.000436	-4.346466	0.000436	1.013273	-1.557578	
466	1.010677	-0.003508	-0.873710	0.003508	1.010677	-3.676749	
467	1.014880	-0.000195	-5.568779	0.000195	1.014880	-1.588374	
468	1.016527	0.000121	-6.556422	-0.000121	1.016527	-1.842607	
469	1.016334	0.000168	-6.920331	-0.000168	1.016334	-1.774678	
470	1.015483	0.000319	-6.832923	-0.000319	1.015483	-1.512088	
471	1.016767	0.000337	-7.555190	-0.000337	1.016767	-1.979842	
472	1.017211	0.000456	-7.917227	-0.000456	1.017211	-2.237075	
473	1.017259	0.000160	-8.588462	-0.000160	1.017259	-2.455980	
474	1.017454	0.000651	-8.874907	-0.000651	1.017454	-2.162187	
475	1.017309	0.000232	-9.402927	-0.000232	1.017309	-2.604102	
476	1.017138	0.000333	-9.928355	-0.000333	1.017138	-2.899292	
477	1.017549	-0.000111	-10.921016	0.000111	1.017549	-4.046926	
478	1.018288	0.000301	-11.615503	-0.000301	1.018288	-4.855640	
479	1.016003	0.000066	-10.487100	-0.000066	1.016003	-5.061544	
480	1.015697	0.000369	-10.196634	-0.000369	1.015697	-5.439162	
481	1.015394	0.000199	-9.931684	-0.000199	1.015394	-5.842805	
482	1.014391	0.000502	-9.072333	-0.000502	1.014391	-5.461572	
483	1.012678	0.000447	-8.102534	-0.000447	1.012678	-4.834986	
484	1.011098	0.001075	-6.710523	-0.001075	1.011098	-3.900633	
485	1.012343	0.000289	-7.695181	-0.000289	1.012343	-4.539251	
486	1.010754	0.000231	-6.312501	-0.000231	1.010754	-4.208997	
487	1.007877	-0.000002	-4.873303	0.000002	1.007877	-3.011213	
488	1.006083	-0.000123	-3.925138	0.000123	1.006083	-2.425873	
489	1.003357	-0.000005	-2.136780	0.000005	1.003357	-1.080042	
490	1.002579	-0.000064	-1.670335	0.000064	1.002579	-0.693580	
491	1.001853	0.000097	-1.198273	-0.000097	1.001853	-0.596719	
492	1.001266	0.000102	-0.766938	-0.000102	1.001266	-0.434109	
493	1.001094	0.000182	-0.563654	-0.000182	1.001094	-0.295180	
494	1.000661	0.000257	-0.322513	-0.000257	1.000661	0.031547	
495	1.000356	0.000249	-0.248586	-0.000249	1.000356	-0.066807	
496	1.000095	0.000248	-0.085946	-0.000248	1.000095	-0.110547	
497	1.000094	0.000222	0.064854	-0.000222	1.000094	-0.230088	
498	1.000199	0.000304	-0.067199	-0.000304	1.000199	0.056857	
499	1.000238	0.000330	0.058530	-0.000330	1.000238	0.069770	
