0	1.000000	0.000000	0.000000	0.000000	1.000000	0.000000	
1	1.000315	0.000015	-0.183230	-0.000015	1.000315	0.010837	
2	1.000275	-0.000008	-0.129510	0.000008	1.000275	-0.024246	
3	1.000222	0.000007	-0.167586	-0.000007	1.000222	-0.170084	
4	1.000367	-0.000021	-0.202059	0.000021	1.000367	-0.092171	
5	1.000746	-0.000006	-0.482117	0.000006	1.000746	-0.092016	
6	1.000545	-0.000030	-0.318557	0.000030	1.000545	-0.081777	
7	1.000602	-0.000021	-0.463331	0.000021	1.000602	0.016271	
8	1.000856	-0.000047	-0.588369	0.000047	1.000856	-0.357877	
9	1.000867	-0.000035	-0.489584	0.000035	1.000867	-0.327262	
10	1.001996	-0.000030	-1.261161	0.000030	1.001996	-0.548708	
11	1.001247	-0.000040	-0.781858	0.000040	1.001247	-0.435415	
12	1.001062	-0.000035	-0.616586	0.000035	1.001062	-0.342962	
13	1.001023	-0.000050	-0.709022	0.000050	1.001023	-0.333294	
14	1.001087	-0.000035	-0.670629	0.000035	1.001087	-0.191731	
15	1.002509	-0.000053	-1.630948	0.000053	1.002509	-0.442333	
16	1.001709	-0.000052	-1.114830	0.000052	1.001709	-0.596540	
17	1.001820	-0.000031	-1.051800	0.000031	1.001820	-0.681867	
18	1.001686	-0.000005	-1.067541	0.000005	1.001686	-0.334773	
19	1.001816	-0.000013	-1.158612	0.000013	1.001816	-0.568520	
20	1.003505	0.000001	-2.096960	-0.000001	1.003505	-1.407828	
21	1.001860	-0.000043	-1.174491	0.000043	1.001860	-0.489095	
22	1.001756	-0.000031	-1.126699	0.000031	1.001756	-0.750856	
23	1.001830	0.000190	-1.264823	-0.000190	1.001830	-0.220473	
24	1.001226	-0.000150	-0.636386	0.000150	1.001226	-0.922156	
25	1.003457	-0.000115	-2.050047	0.000115	1.003457	-1.586273	
26	1.001551	-0.000021	-0.885573	0.000021	1.001551	-0.831024	
27	1.001345	-0.000061	-0.641246	0.000061	1.001345	-0.844193	
28	1.001259	-0.000071	-0.492124	0.000071	1.001259	-0.684413	
29	1.001362	-0.000053	-0.592000	0.000053	1.001362	-0.816985	
30	1.001859	-0.000074	-0.402291	0.000074	1.001859	-1.315596	
31	1.000675	-0.000061	-0.042976	0.000061	1.000675	-0.526271	
32	1.000516	-0.000039	0.377298	0.000039	1.000516	-0.643438	
33	1.000348	-0.000034	0.583496	0.000034	1.000348	-0.509571	
34	1.000345	-0.000069	0.804047	0.000069	1.000345	-0.706219	
35	1.000331	-0.000235	2.499315	0.000235	1.000331	-1.904825	
36	1.000325	-0.000077	2.124889	0.000077	1.000325	-1.283813	
37	1.000385	-0.000137	2.310444	0.000137	1.000385	-1.451739	
38	1.000366	-0.000143	2.563169	0.000143	1.000366	-2.301933	
39	1.000352	-0.000175	2.892145	0.000175	1.000352	-2.538358	
40	1.000311	-0.000569	7.990931	0.000569	1.000311	-6.537973	
41	1.000531	-0.000205	3.513585	0.000205	1.000531	-2.718945	
42	1.000970	0.001070	3.365065	-0.001070	1.000970	-2.499743	
43	1.000540	-0.000185	3.646062	0.000185	1.000540	-2.697607	
44	1.000693	-0.000137	3.584374	0.000137	1.000693	-2.836417	
45	1.000400	-0.000623	10.057270	0.000623	1.000400	-6.972274	
46	1.001266	0.000895	3.726788	-0.000895	1.001266	-3.075342	
47	1.000989	0.001099	3.807255	-0.001099	1.000989	-3.203249	
48	1.000642	-0.000148	4.940042	0.000148	1.000642	-4.363891	
49	1.000918	0.000067	4.462749	-0.000067	1.000918	-4.726663	
50	1.000639	-0.000585	10.093937	0.000585	1.000639	-9.548179	
51	1.000910	-0.000424	4.498721	0.000424	1.000910	-5.205962	
52	1.000897	0.000418	4.011422	-0.000418	1.000897	-4.429735	
53	1.000962	-0.000683	4.220158	0.000683	1.000962	-5.447997	
54	1.000914	-0.000483	4.070110	0.000483	1.000914	-5.311038	
55	1.000965	-0.000614	8.632933	0.000614	1.000965	-11.330993	
56	1.001196	0.001344	2.890573	-0.001344	1.001196	-4.685296	
57	1.000895	-0.000184	3.671713	0.000184	1.000895	-6.625295	
58	1.001036	-0.000067	3.447031	0.000067	1.001036	-6.780046	
59	1.001232	-0.000342	3.181883	0.000342	1.001232	-7.423725	
60	1.000827	-0.000518	7.244976	0.000518	1.000827	-15.058448	
61	1.001262	-0.002600	3.210176	0.002600	1.001262	-9.089793	
62	1.000986	-0.000053	2.920650	0.000053	1.000986	-8.214872	
63	1.000759	-0.000300	3.020937	0.000300	1.000759	-8.283610	
64	1.000728	-0.000531	3.031042	0.000531	1.000728	-8.045197	
65	1.000879	-0.000478	5.690237	0.000478	1.000879	-15.640703	
66	1.000899	-0.002562	2.751116	0.002562	1.000899	-8.090891	
67	1.000364	0.000069	2.168494	-0.000069	1.000364	-6.432760	
68	0.999768	0.001328	1.606995	-0.001328	0.999768	-4.429050	
69	1.000099	-0.000290	1.493914	0.000290	1.000099	-4.058665	
70	0.999969	0.000150	2.544753	-0.000150	0.999969	-7.208839	
71	1.000200	-0.000248	0.770794	0.000248	1.000200	-1.784941	
72	1.000203	-0.000239	0.507511	0.000239	1.000203	-1.079804	
73	1.000166	-0.000267	0.235579	0.000267	1.000166	-0.516346	
74	1.000095	-0.000226	0.008893	0.000226	1.000095	0.158249	
75	1.000114	-0.000014	-0.599366	0.000014	1.000114	1.044437	
76	1.000142	-0.000148	-0.289583	0.000148	1.000142	0.389339	
77	1.000167	-0.000148	-0.360979	0.000148	1.000167	0.195971	
78	1.000268	-0.000114	-0.466776	0.000114	1.000268	-0.088187	
79	1.000300	-0.000102	-0.648353	0.000102	1.000300	0.237066	
80	1.000570	-0.000309	-2.225858	0.000309	1.000570	1.153313	
81	1.000277	0.000029	-1.826133	-0.000029	1.000277	2.353185	
82	1.000133	-0.001023	-2.138781	0.001023	1.000133	2.278752	
83	1.000367	0.000018	-2.830239	-0.000018	1.000367	3.079183	
84	1.000118	-0.000714	-3.198756	0.000714	1.000118	2.810408	
85	1.000368	0.000792	-10.192970	-0.000792	1.000368	6.676701	
86	1.000325	0.000279	-4.498206	-0.000279	1.000325	2.158493	
87	1.001451	0.001152	-5.702586	-0.001152	1.001451	2.058814	
88	1.000481	0.000540	-5.304878	-0.000540	1.000481	2.286505	
89	0.999895	-0.000519	-5.494326	0.000519	0.999895	1.670928	
90	1.000123	0.000691	-14.000367	-0.000691	1.000123	4.229486	
91	1.000407	0.000318	-7.207093	-0.000318	1.000407	2.047984	
92	1.003639	0.002211	-8.877920	-0.002211	1.003639	1.421524	
93	0.999953	0.000238	-7.490595	-0.000238	0.999953	1.836742	
94	1.001874	0.001845	-8.923594	-0.001845	1.001874	2.237875	
95	1.000057	0.000907	-17.292837	-0.000907	1.000057	4.197018	
96	1.000419	0.000582	-9.339740	-0.000582	1.000419	1.763695	
97	1.000413	0.000725	-9.994277	-0.000725	1.000413	1.879824	
98	1.000383	0.000770	-10.221963	-0.000770	1.000383	2.035897	
99	1.000295	0.000856	-10.641024	-0.000856	1.000295	2.000610	
100	0.999487	0.001498	-21.368921	-0.001498	0.999487	4.180715	
101	1.000039	0.000840	-10.844442	-0.000840	1.000039	2.190504	
102	0.999988	0.000772	-10.530062	-0.000772	0.999988	2.553973	
103	0.999969	0.000710	-10.407998	-0.000710	0.999969	2.933506	
104	0.999737	0.000563	-10.138837	-0.000563	0.999737	2.909379	
105	0.999261	0.001465	-19.273635	-0.001465	0.999261	7.220995	
106	0.999619	0.000423	-8.426460	-0.000423	0.999619	3.579192	
107	0.999576	0.000335	-7.508163	-0.000335	0.999576	3.652869	
108	0.998557	-0.001059	-4.874947	0.001059	0.998557	2.890833	
109	0.999435	0.000103	-5.011468	-0.000103	0.999435	3.590330	
110	0.999325	0.000439	-7.607710	-0.000439	0.999325	7.379745	
111	0.999290	-0.000084	-1.553317	0.000084	0.999290	2.910144	
112	0.999332	-0.000075	-0.960218	0.000075	0.999332	2.691156	
113	0.999341	-0.000095	-0.613852	0.000095	0.999341	2.736725	
114	0.999360	-0.000114	-0.103408	0.000114	0.999360	2.173558	
115	0.998924	-0.000476	0.487053	0.000476	0.998924	3.998494	
116	0.999245	-0.000199	0.704146	0.000199	0.999245	1.878518	
117	0.999064	-0.000129	0.506087	0.000129	0.999064	2.061904	
118	0.999049	-0.000158	0.657602	0.000158	0.999049	2.152283	
119	0.999040	-0.000144	0.505244	0.000144	0.999040	2.237312	
120	0.998969	-0.000383	0.309516	0.000383	0.998969	4.016051	
121	0.999084	-0.000253	0.489372	0.000253	0.999084	2.234058	
122	0.999161	-0.000211	0.299672	0.000211	0.999161	1.992730	
123	0.999154	-0.000207	0.315668	0.000207	0.999154	2.115206	
124	0.999154	-0.000179	0.379746	0.000179	0.999154	2.211568	
125	0.998973	-0.000092	0.476818	0.000092	0.998973	3.373171	
126	0.999102	-0.000124	0.449459	0.000124	0.999102	1.710424	
127	0.999242	-0.000140	0.519476	0.000140	0.999242	1.438230	
128	0.999285	-0.000097	0.495805	0.000097	0.999285	1.461957	
129	0.999263	-0.000184	0.528784	0.000184	0.999263	1.372498	
130	0.999256	-0.000233	0.886192	0.000233	0.999256	2.210989	
131	0.999780	-0.000122	0.312093	0.000122	0.999780	0.854846	
132	0.999789	-0.000115	0.254282	0.000115	0.999789	0.735283	
133	0.999833	-0.000172	0.424065	0.000172	0.999833	0.503374	
134	0.999907	-0.000158	0.311170	0.000158	0.999907	0.434888	
135	1.000217	-0.000285	0.593939	0.000285	1.000217	0.132711	
136	0.999900	-0.000251	0.546822	0.000251	0.999900	0.292731	
137	0.999954	-0.000158	0.678400	0.000158	0.999954	0.273256	
138	0.999879	-0.000109	1.083709	0.000109	0.999879	0.548451	
139	0.999854	-0.000321	1.436107	0.000321	0.999854	0.468473	
140	1.000634	-0.000608	4.051642	0.000608	1.000634	1.215839	
141	0.999734	-0.000333	3.013255	0.000333	0.999734	1.056676	
142	0.999829	-0.000544	3.558580	0.000544	0.999829	1.195373	
143	0.999844	-0.000551	3.976098	0.000551	0.999844	1.521403	
144	0.999952	-0.000504	4.431572	0.000504	0.999952	1.797828	
145	0.999857	-0.000841	12.469464	0.000841	0.999857	4.882103	
146	0.998214	-0.000890	7.119439	0.000890	0.998214	2.377102	
147	0.998834	-0.000836	6.431032	0.000836	0.998834	1.880565	
148	0.998653	-0.000875	6.202663	0.000875	0.998653	1.387970	
149	1.000549	-0.000361	4.329857	0.000361	1.000549	0.915445	
150	0.999567	-0.000734	10.490349	0.000734	0.999567	1.553324	
151	0.999699	-0.000493	4.204879	0.000493	0.999699	0.236293	
152	0.999459	-0.000695	4.123087	0.000695	0.999459	0.017175	
153	0.999711	-0.000580	3.785351	0.000580	0.999711	-0.210577	
154	0.999684	-0.000479	3.805373	0.000479	0.999684	-0.086145	
155	0.998483	-0.001333	8.564511	0.001333	0.998483	-0.570165	
156	0.999592	-0.000200	3.030478	0.000200	0.999592	-0.356913	
157	0.999407	-0.000111	3.060028	0.000111	0.999407	0.069403	
158	0.999481	-0.000071	2.759801	0.000071	0.999481	0.173296	
159	0.999455	-0.000189	2.536839	0.000189	0.999455	0.017230	
160	0.999442	-0.000301	2.525397	0.000301	0.999442	0.001122	
161	0.999425	-0.000417	3.783719	0.000417	0.999425	-0.054054	
162	0.999688	-0.000323	1.750673	0.000323	0.999688	-0.165824	
163	0.999528	-0.000372	1.757751	0.000372	0.999528	-0.353806	
164	0.999569	-0.000273	1.336047	0.000273	0.999569	-0.205233	
165	0.999636	-0.000258	1.179500	0.000258	0.999636	-0.179682	
166	0.999628	-0.000151	1.523250	0.000151	0.999628	-0.148305	
167	0.999827	-0.000136	0.482264	0.000136	0.999827	-0.201403	
168	0.999706	-0.000128	0.313764	0.000128	0.999706	-0.199017	
169	0.999712	-0.000126	0.149564	0.000126	0.999712	-0.414078	
170	0.999600	-0.000123	-0.011564	0.000123	0.999600	-0.594370	
171	0.999785	-0.000102	-0.241086	0.000102	0.999785	-1.143080	
172	0.999818	-0.000136	-0.041789	0.000136	0.999818	-0.672020	
173	0.999861	-0.000094	0.005380	0.000094	0.999861	-0.711674	
174	0.999751	0.000006	0.059648	-0.000006	0.999751	-0.554534	
175	0.999790	0.000038	-0.071190	-0.000038	0.999790	-0.556795	
176	0.999673	0.000043	-0.248563	-0.000043	0.999673	-1.228283	
177	0.999756	0.000049	-0.179041	-0.000049	0.999756	-0.694197	
178	0.999795	-0.000068	-0.165431	0.000068	0.999795	-0.707542	
179	0.999745	0.000005	-0.300629	-0.000005	0.999745	-0.655106	
180	0.999898	0.000114	-0.448817	-0.000114	0.999898	-0.585330	
181	0.999694	0.000084	-1.035406	-0.000084	0.999694	-0.719822	
182	0.999783	0.000077	-0.429153	-0.000077	0.999783	-0.473050	
183	0.999689	0.000064	-0.368487	-0.000064	0.999689	-0.325063	
184	0.999738	0.000134	-0.450175	-0.000134	0.999738	-0.148195	
185	0.999602	0.000142	-0.370756	-0.000142	0.999602	-0.246084	
186	0.999663	0.000117	-1.318762	-0.000117	0.999663	-0.780915	
187	0.999810	0.000142	-0.635815	-0.000142	0.999810	-0.706877	
188	0.999692	-0.000010	-0.562490	0.000010	0.999692	-1.067791	
189	0.999847	0.000085	-0.833201	-0.000085	0.999847	-1.151433	
190	0.999755	-0.000030	-0.780703	0.000030	0.999755	-1.219828	
191	0.999740	0.000215	-1.346027	-0.000215	0.999740	-1.868673	
192	0.999738	-0.000077	-0.475133	0.000077	0.999738	-0.844981	
193	0.999673	0.000013	-0.468776	-0.000013	0.999673	-0.505500	
194	0.999668	-0.000017	-0.374773	0.000017	0.999668	-0.400065	
195	0.999690	0.000002	-0.328948	-0.000002	0.999690	-0.212713	
196	0.999813	0.000107	-0.690250	-0.000107	0.999813	-0.532726	
197	0.999877	-0.000005	-0.245571	0.000005	0.999877	-0.245375	
198	0.999849	-0.000055	-0.252495	0.000055	0.999849	-0.378841	
199	0.999862	-0.000115	-0.116455	0.000115	0.999862	-0.637304	
200	0.999867	-0.000111	-0.383532	0.000111	0.999867	-0.576954	
201	0.999898	-0.000020	-0.510058	0.000020	0.999898	-0.949139	
202	0.999936	-0.000044	-0.175767	0.000044	0.999936	-0.505520	
203	0.999911	-0.000122	-0.100198	0.000122	0.999911	-0.709807	
204	0.999922	-0.000071	-0.077064	0.000071	0.999922	-0.665787	
205	0.999955	-0.000044	-0.052057	0.000044	0.999955	-0.486392	
206	1.000001	-0.000108	0.283227	0.000108	1.000001	-1.079560	
207	0.999842	-0.000064	0.495806	0.000064	0.999842	-0.614598	
208	0.999903	-0.000151	0.777699	0.000151	0.999903	-0.653860	
209	0.999943	-0.000137	0.838616	0.000137	0.999943	-0.654924	
210	1.000031	-0.000164	0.967408	0.000164	1.000031	-0.991239	
211	1.000070	-0.000250	2.419946	0.000250	1.000070	-1.646146	
212	1.000126	-0.000249	1.450852	0.000249	1.000126	-0.900732	
213	0.999994	-0.000283	1.633856	0.000283	0.999994	-0.672687	
214	1.000113	-0.000325	1.555038	0.000325	1.000113	-0.603204	
215	1.000115	-0.000255	1.616506	0.000255	1.000115	-0.239745	
216	1.000209	-0.000381	3.286679	0.000381	1.000209	0.277869	
217	1.000048	-0.000204	1.703333	0.000204	1.000048	0.394061	
218	1.000112	-0.000364	2.011119	0.000364	1.000112	0.208717	
219	1.000070	-0.000306	2.047377	0.000306	1.000070	0.031324	
220	1.000063	-0.000377	2.272552	0.000377	1.000063	-0.169447	
221	0.999333	-0.000735	7.394956	0.000735	0.999333	0.335647	
222	1.000164	-0.000485	3.040987	0.000485	1.000164	0.190590	
223	1.000017	-0.000377	3.482911	0.000377	1.000017	0.538043	
224	1.000165	-0.000442	3.470241	0.000442	1.000165	0.321897	
225	1.000074	-0.000463	3.582568	0.000463	1.000074	0.365442	
226	0.999920	-0.000423	9.591098	0.000423	0.999920	0.971381	
227	1.000070	-0.000356	3.794273	0.000356	1.000070	-0.000736	
228	1.000119	-0.000487	3.422282	0.000487	1.000119	-0.075138	
229	0.999943	-0.000322	3.767210	0.000322	0.999943	0.533080	
230	0.999177	-0.000120	3.685408	0.000120	0.999177	0.864807	
231	0.999307	-0.000767	10.189483	0.000767	0.999307	3.241586	
232	0.999770	-0.000480	4.082255	0.000480	0.999770	1.649379	
233	0.999999	-0.000702	3.583459	0.000702	0.999999	1.705226	
234	0.999774	-0.000412	3.899989	0.000412	0.999774	1.986761	
235	0.999691	-0.000365	3.719448	0.000365	0.999691	2.004520	
236	0.999495	-0.000393	8.289843	0.000393	0.999495	5.318688	
237	1.000230	-0.000167	2.398101	0.000167	1.000230	1.834329	
238	0.999642	-0.000192	2.114525	0.000192	0.999642	1.666167	
239	0.999547	-0.000017	1.294861	0.000017	0.999547	1.847596	
240	0.999604	-0.000075	0.845907	0.000075	0.999604	1.581553	
241	0.999381	0.000168	0.976977	-0.000168	0.999381	3.547546	
242	0.999660	0.000032	0.243097	-0.000032	0.999660	2.172202	
243	0.999564	0.000009	0.444158	-0.000009	0.999564	2.457834	
244	0.999725	0.000074	0.535779	-0.000074	0.999725	2.437111	
245	0.999587	-0.000025	0.769323	0.000025	0.999587	2.831264	
246	0.997667	0.000998	3.864006	-0.000998	0.997667	7.748192	
247	0.999511	-0.000090	1.661781	0.000090	0.999511	2.802223	
248	0.999609	-0.000038	1.905733	0.000038	0.999609	2.952062	
249	0.999558	-0.000065	2.365520	0.000065	0.999558	2.903738	
250	0.999650	-0.000105	2.271139	0.000105	0.999650	2.891970	
251	0.999770	-0.000248	5.549153	0.000248	0.999770	6.170889	
252	0.999715	-0.000153	2.353447	0.000153	0.999715	2.712714	
253	0.999749	-0.000061	2.423249	0.000061	0.999749	2.772114	
254	0.999508	-0.000083	2.571123	0.000083	0.999508	3.005438	
255	0.999661	-0.000048	2.793873	0.000048	0.999661	3.320730	
256	0.999728	-0.000273	6.778365	0.000273	0.999728	8.261766	
257	0.999440	0.000103	3.080860	-0.000103	0.999440	3.450183	
258	0.999454	-0.000030	3.036190	0.000030	0.999454	3.334422	
259	0.999584	0.000032	3.095701	-0.000032	0.999584	3.485993	
260	0.998251	0.000244	4.229693	-0.000244	0.998251	4.103212	
261	0.999543	-0.000418	8.113254	0.000418	0.999543	7.156541	
262	0.999592	0.000012	3.597903	-0.000012	0.999592	2.932510	
263	0.999736	-0.000141	3.140607	0.000141	0.999736	2.747201	
264	0.999730	-0.000145	3.614660	0.000145	0.999730	2.825865	
265	0.999936	-0.000110	3.462345	0.000110	0.999936	2.700039	
266	1.000984	-0.000508	7.793163	0.000508	1.000984	5.873738	
267	1.001314	-0.000281	2.881943	0.000281	1.001314	1.938113	
268	1.000366	-0.000066	3.158199	0.000066	1.000366	2.148314	
269	1.000463	-0.000089	3.257061	0.000089	1.000463	2.138933	
270	1.000307	-0.000071	3.299051	0.000071	1.000307	1.943556	
271	1.001778	-0.000555	8.075185	0.000555	1.001778	4.270728	
272	1.000365	-0.000055	3.277758	0.000055	1.000365	1.797597	
273	1.000504	-0.000127	3.408866	0.000127	1.000504	1.504905	
274	1.000565	0.000003	3.371008	-0.000003	1.000565	1.565325	
275	1.000754	0.000001	3.067880	-0.000001	1.000754	1.091842	
276	1.004728	0.000376	5.244655	-0.000376	1.004728	1.255131	
277	1.001104	-0.000025	2.936631	0.000025	1.001104	0.437015	
278	1.001015	0.000044	2.828366	-0.000044	1.001015	0.311048	
279	1.000693	-0.000188	2.814135	0.000188	1.000693	-0.007383	
280	1.001137	-0.000023	2.487284	0.000023	1.001137	-0.221035	
281	0.999560	-0.001856	7.175918	0.001856	0.999560	-1.339620	
282	1.001048	-0.000111	2.106972	0.000111	1.001048	-0.663531	
283	1.000936	-0.000073	1.898676	0.000073	1.000936	-0.830668	
284	1.001769	0.000234	1.271701	-0.000234	1.001769	-0.802070	
285	1.001332	-0.000007	1.162753	0.000007	1.001332	-0.613939	
286	1.001913	-0.000169	1.481780	0.000169	1.001913	-0.848441	
287	1.001410	0.000034	0.041876	-0.000034	1.001410	-0.508375	
288	1.000835	-0.000123	-0.094042	0.000123	1.000835	-0.567991	
289	1.000914	-0.000060	-0.503783	0.000060	1.000914	-0.573295	
290	1.000970	0.000047	-0.793011	-0.000047	1.000970	-0.563296	
291	1.001484	-0.000203	-1.434884	0.000203	1.001484	-1.214108	
292	1.000921	-0.000067	-0.743677	0.000067	1.000921	-0.676717	
293	1.000809	-0.000020	-0.609754	0.000020	1.000809	-0.628509	
294	1.000692	-0.000040	-0.419239	0.000040	1.000692	-0.656272	
295	1.000791	-0.000011	-0.388408	0.000011	1.000791	-0.541966	
296	1.001292	0.000002	-0.709648	-0.000002	1.001292	-0.886660	
297	1.000741	-0.000031	-0.422051	0.000031	1.000741	-0.472345	
298	1.000730	-0.000062	-0.371260	0.000062	1.000730	-0.472014	
299	1.000861	-0.000044	-0.453344	0.000044	1.000861	-0.479356	
300	1.000872	-0.000068	-0.493728	0.000068	1.000872	-0.567252	
301	1.001367	-0.000130	-0.747961	0.000130	1.001367	-0.873420	
302	1.001038	0.000027	-0.410478	-0.000027	1.001038	-0.514135	
303	1.000863	-0.000024	-0.339529	0.000024	1.000863	-0.472885	
304	1.000970	-0.000040	-0.427726	0.000040	1.000970	-0.640684	
305	1.000837	-0.000083	-0.269276	0.000083	1.000837	-0.805952	
306	1.001133	-0.000131	-0.243857	0.000131	1.001133	-1.693014	
307	1.000724	-0.000152	0.050344	0.000152	1.000724	-1.116361	
308	1.000702	-0.000120	0.147415	0.000120	1.000702	-1.322891	
309	1.000748	-0.000180	0.238422	0.000180	1.000748	-1.414343	
310	1.000641	-0.000251	0.463987	0.000251	1.000641	-1.450794	
311	1.001191	-0.000261	1.032373	0.000261	1.001191	-2.639344	
312	1.000774	-0.000172	0.613437	0.000172	1.000774	-1.247226	
313	1.000634	-0.000056	0.644468	0.000056	1.000634	-1.196302	
314	1.000962	-0.000146	0.482544	0.000146	1.000962	-1.546540	
315	1.000733	-0.000139	0.615046	0.000139	1.000733	-1.358448	
316	1.001194	-0.000242	1.145906	0.000242	1.001194	-2.198023	
317	1.000829	-0.000088	0.422061	0.000088	1.000829	-1.002133	
318	1.000978	-0.000069	0.368968	0.000069	1.000978	-0.945938	
319	1.000975	-0.000072	0.337346	0.000072	1.000975	-0.792030	
320	1.000846	-0.000045	0.292901	0.000045	1.000846	-0.652162	
321	1.000971	-0.000252	0.681764	0.000252	1.000971	-1.111101	
322	1.000657	-0.000117	0.139125	0.000117	1.000657	-0.605737	
323	1.000578	-0.000108	0.163270	0.000108	1.000578	-0.577421	
324	1.000729	-0.000029	-0.013589	0.000029	1.000729	-0.532378	
325	1.000785	-0.000107	-0.112168	0.000107	1.000785	-0.567049	
326	1.000803	-0.000107	-0.047929	0.000107	1.000803	-0.702609	
327	1.000840	-0.000264	0.008633	0.000264	1.000840	-1.334693	
328	1.000678	-0.000162	-0.144310	0.000162	1.000678	-1.023274	
329	1.000660	-0.000207	-0.160808	0.000207	1.000660	-1.262534	
330	1.000656	-0.000125	-0.171321	0.000125	1.000656	-1.101898	
331	1.000622	-0.000243	-0.193798	0.000243	1.000622	-1.342322	
332	1.001018	-0.000297	-0.696573	0.000297	1.001018	-2.211843	
333	1.000625	-0.000014	-0.469240	0.000014	1.000625	-1.321935	
334	1.000509	-0.000068	-0.504495	0.000068	1.000509	-1.365804	
335	1.000620	-0.000169	-0.711621	0.000169	1.000620	-1.665033	
336	1.000753	0.000039	-0.705199	-0.000039	1.000753	-1.653387	
337	1.000877	-0.000033	-1.231745	0.000033	1.000877	-3.216341	
338	1.000638	-0.000028	-0.557329	0.000028	1.000638	-1.622570	
339	1.000593	0.000190	-0.714801	-0.000190	1.000593	-1.497422	
340	1.000547	0.000114	-0.759690	-0.000114	1.000547	-1.384183	
341	1.000471	0.000065	-0.946649	-0.000065	1.000471	-1.434152	
342	1.000610	0.000103	-2.595508	-0.000103	1.000610	-3.127259	
343	1.000840	0.000109	-1.644293	-0.000109	1.000840	-1.961789	
344	1.000686	0.000015	-1.540016	-0.000015	1.000686	-1.958682	
345	1.000697	0.000081	-1.662210	-0.000081	1.000697	-2.003984	
346	1.000630	0.000011	-1.707812	-0.000011	1.000630	-2.115533	
347	1.002530	-0.000577	-4.466703	0.000577	1.002530	-5.360247	
348	1.001437	-0.000328	-2.273578	0.000328	1.001437	-2.947665	
349	1.000432	-0.000021	-1.490143	0.000021	1.000432	-2.256301	
350	1.000721	-0.000102	-1.630450	0.000102	1.000721	-2.758179	
351	1.000377	0.000023	-1.253945	-0.000023	1.000377	-2.787511	
352	1.000844	0.000192	-4.044190	-0.000192	1.000844	-6.732175	
353	1.000408	0.000088	-1.515435	-0.000088	1.000408	-2.688459	
354	1.000338	0.000000	-1.573328	-0.000000	1.000338	-2.522186	
355	1.000394	0.000025	-1.914224	-0.000025	1.000394	-2.441376	
356	1.000384	0.000055	-1.985956	-0.000055	1.000384	-2.245982	
357	1.000603	0.000407	-6.651834	-0.000407	1.000603	-5.031335	
358	1.000672	-0.000053	-3.269418	0.000053	1.000672	-2.311645	
359	1.000709	-0.000034	-3.557567	0.000034	1.000709	-2.408824	
360	1.000626	0.000019	-3.835040	-0.000019	1.000626	-2.526843	
361	1.000317	0.000047	-4.055599	-0.000047	1.000317	-2.426866	
362	1.000864	0.000600	-11.530299	-0.000600	1.000864	-5.371385	
363	0.999154	0.000221	-5.291372	-0.000221	0.999154	-2.239213	
364	1.002677	0.000717	-7.378846	-0.000717	1.002677	-2.805585	
365	1.002355	0.000657	-7.832061	-0.000657	1.002355	-2.887793	
366	1.002391	0.000650	-8.175296	-0.000650	1.002391	-2.770549	
367	1.001078	0.000312	-16.586691	-0.000312	1.001078	-5.240867	
368	1.000462	0.000388	-8.717607	-0.000388	1.000462	-2.339959	
369	1.000803	0.000536	-9.329595	-0.000536	1.000803	-1.775338	
370	1.001017	0.000502	-10.185355	-0.000502	1.001017	-1.762814	
371	1.000379	0.000640	-9.978437	-0.000640	1.000379	-0.958042	
372	1.001709	0.001749	-22.422850	-0.001749	1.001709	-1.579021	
373	1.000727	0.000500	-11.674062	-0.000500	1.000727	-0.887736	
374	1.000982	0.000571	-12.403540	-0.000571	1.000982	-0.639158	
375	1.001340	0.000790	-13.360494	-0.000790	1.001340	-0.603901	
376	1.001389	0.000948	-14.273438	-0.000948	1.001389	-0.250083	
377	1.000898	0.000911	-28.465521	-0.000911	1.000898	0.274553	
378	1.000731	0.000716	-14.838398	-0.000716	1.000731	0.200505	
379	1.000236	0.000900	-14.675755	-0.000900	1.000236	0.563043	
380	1.000260	0.000791	-14.724061	-0.000791	1.000260	0.515254	
381	1.000180	0.000814	-14.653882	-0.000814	1.000180	0.385417	
382	0.998820	0.000614	-28.143197	-0.000614	0.998820	0.942945	
383	1.000029	0.000861	-14.477868	-0.000861	1.000029	0.538503	
384	0.999780	0.000853	-13.988962	-0.000853	0.999780	0.681519	
385	0.999406	0.000904	-13.421005	-0.000904	0.999406	0.824439	
386	0.999911	0.000783	-13.742084	-0.000783	0.999911	0.414910	
387	0.998982	0.001031	-26.492251	-0.001031	0.998982	0.983988	
388	0.999488	0.000739	-13.259814	-0.000739	0.999488	0.776220	
389	0.999189	0.000675	-13.114425	-0.000675	0.999189	0.955266	
390	0.999504	0.000623	-13.072299	-0.000623	0.999504	0.678742	
391	0.998536	0.000867	-12.236923	-0.000867	0.998536	1.145660	
392	0.997224	0.001030	-24.937312	-0.001030	0.997224	1.468719	
393	0.998673	0.000742	-12.524849	-0.000742	0.998673	0.981812	
394	0.997809	0.000809	-11.956870	-0.000809	0.997809	1.102811	
395	0.997988	0.000796	-11.841293	-0.000796	0.997988	1.024043	
396	0.998104	0.000833	-11.913548	-0.000833	0.998104	1.037977	
397	0.996505	0.001207	-23.672732	-0.001207	0.996505	1.453578	
398	0.997964	0.000789	-11.123599	-0.000789	0.997964	1.173566	
399	0.997856	0.000609	-10.815412	-0.000609	0.997856	0.903372	
400	0.998029	0.000658	-10.899943	-0.000658	0.998029	0.828189	
401	0.997811	0.000828	-10.658379	-0.000828	0.997811	1.183904	
402	0.996117	0.001527	-21.858953	-0.001527	0.996117	1.911863	
403	0.989167	-0.002809	-0.220854	0.002809	0.989167	0.183003	
404	0.997897	0.000582	-10.269465	-0.000582	0.997897	1.171053	
405	0.997584	0.000503	-10.119623	-0.000503	0.997584	1.276415	
406	0.997837	0.000515	-10.273121	-0.000515	0.997837	1.372403	
407	0.995941	0.001206	-21.880147	-0.001206	0.995941	2.607564	
408	0.997592	0.000722	-10.474900	-0.000722	0.997592	1.514547	
409	0.997523	0.000669	-10.269619	-0.000669	0.997523	1.214043	
410	0.997457	0.000639	-10.510206	-0.000639	0.997457	1.291783	
411	0.997273	0.000707	-10.390570	-0.000707	0.997273	1.356697	
412	0.995488	0.001378	-23.198958	-0.001378	0.995488	3.069232	
413	0.997342	0.000740	-11.204011	-0.000740	0.997342	1.683614	
414	0.997343	0.001054	-11.556306	-0.001054	0.997343	1.794815	
415	0.997445	0.000720	-11.498811	-0.000720	0.997445	1.017596	
416	0.997454	0.000866	-11.780090	-0.000866	0.997454	0.960778	
417	0.995067	0.001286	-24.736161	-0.001286	0.995067	2.689374	
418	0.997528	0.000720	-12.314755	-0.000720	0.997528	1.384458	
419	0.997402	0.000720	-12.622666	-0.000720	0.997402	1.648942	
420	0.998435	0.000892	-13.640484	-0.000892	0.998435	1.167278	
421	0.998476	0.000751	-13.329086	-0.000751	0.998476	1.028718	
422	0.994908	0.000632	-26.627877	-0.000632	0.994908	1.955150	
423	0.997934	0.000615	-13.509601	-0.000615	0.997934	1.089751	
424	0.998617	0.001331	-14.401866	-0.001331	0.998617	1.350512	
425	0.998466	0.001027	-13.828047	-0.001027	0.998466	1.385540	
426	0.998031	0.001348	-13.821866	-0.001348	0.998031	1.569990	
427	0.995735	0.000927	-26.784970	-0.000927	0.995735	2.288933	
428	0.998861	0.001062	-13.567818	-0.001062	0.998861	1.291825	
429	0.999551	0.000987	-13.970625	-0.000987	0.999551	0.936000	
430	0.998979	0.000845	-13.403325	-0.000845	0.998979	0.934163	
431	0.999399	0.000861	-13.571068	-0.000861	0.999399	0.845744	
432	0.997193	0.001245	-26.356203	-0.001245	0.997193	2.025809	
433	0.999404	0.001383	-13.176339	-0.001383	0.999404	1.359156	
434	0.998914	0.001093	-12.679536	-0.001093	0.998914	1.314506	
435	0.999616	0.001223	-12.667351	-0.001223	0.999616	1.098418	
436	0.998881	0.001201	-12.545529	-0.001201	0.998881	1.181708	
437	0.997155	0.001726	-24.827280	-0.001726	0.997155	2.221240	
438	0.999999	0.000781	-12.418175	-0.000781	0.999999	0.655334	
439	0.998717	0.001237	-12.158331	-0.001237	0.998717	1.511283	
440	1.008007	0.005154	-16.276901	-0.005154	1.008007	0.801897	
441	0.998327	0.001175	-11.884290	-0.001175	0.998327	1.379903	
442	0.997090	0.001925	-24.404091	-0.001925	0.997090	2.146062	
443	0.998680	0.001284	-11.791402	-0.001284	0.998680	1.336174	
444	0.998665	0.001262	-11.739161	-0.001262	0.998665	1.211959	
445	0.997961	0.001126	-11.107024	-0.001126	0.997961	1.236203	
446	0.998900	0.001174	-11.510288	-0.001174	0.998900	1.368185	
447	0.995846	0.002426	-21.958755	-0.002426	0.995846	3.078798	
448	0.997504	0.001095	-10.233129	-0.001095	0.997504	1.843866	
449	0.998358	0.000978	-10.320395	-0.000978	0.998358	1.562188	
450	0.998372	0.000783	-9.916347	-0.000783	0.998372	1.422380	
451	0.998474	0.000939	-9.777329	-0.000939	0.998474	1.452448	
452	0.994389	0.001115	-18.719849	-0.001115	0.994389	2.529455	
453	0.998082	0.000955	-9.434923	-0.000955	0.998082	1.235165	
454	0.998352	0.000755	-8.922706	-0.000755	0.998352	1.262946	
455	0.998203	0.000706	-8.818305	-0.000706	0.998203	1.420259	
456	0.998319	0.000451	-8.765098	-0.000451	0.998319	1.458317	
457	0.994465	0.000972	-16.557901	-0.000972	0.994465	3.464601	
458	0.998459	0.000621	-8.736801	-0.000621	0.998459	1.111363	
459	0.998900	0.000431	-8.485572	-0.000431	0.998900	0.716255	
460	0.998303	0.000651	-8.358705	-0.000651	0.998303	1.043582	
461	0.998448	0.000763	-8.711250	-0.000763	0.998448	0.989391	
462	0.994649	0.000951	-17.545134	-0.000951	0.994649	3.132295	
463	1.004595	0.002930	-11.634931	-0.002930	1.004595	0.225767	
464	0.999334	0.001057	-10.056244	-0.001057	0.999334	1.341306	
465	0.998972	0.001237	-10.046189	-0.001237	0.998972	1.213368	
466	0.999046	0.001062	-10.416222	-0.001062	0.999046	1.155625	
467	0.995728	0.001656	-19.565657	-0.001656	0.995728	2.922086	
468	0.999021	0.001490	-10.075690	-0.001490	0.999021	1.508663	
469	0.998557	0.001384	-9.319839	-0.001384	0.998557	1.590184	
470	0.998781	0.001166	-9.043209	-0.001166	0.998781	1.336663	
471	1.002951	0.002706	-10.186144	-0.002706	1.002951	0.631362	
472	0.996202	0.001575	-16.900392	-0.001575	0.996202	3.794314	
473	0.998726	0.000891	-8.238742	-0.000891	0.998726	1.676521	
474	0.998185	0.000794	-7.629276	-0.000794	0.998185	1.773191	
475	0.997920	0.000913	-7.226919	-0.000913	0.997920	1.824712	
476	0.996895	-0.000583	-5.160688	0.000583	0.996895	1.465259	
477	0.994972	0.001571	-12.210818	-0.001571	0.994972	4.244162	
478	1.001339	0.000321	-5.297616	-0.000321	1.001339	0.605063	
479	0.997816	-0.000215	-4.800178	0.000215	0.997816	1.625049	
480	0.998147	-0.000530	-4.821603	0.000530	0.998147	1.246321	
481	0.999841	0.000656	-6.422715	-0.000656	0.999841	1.637832	
482	1.000561	0.001372	-13.341664	-0.001372	1.000561	3.130565	
483	1.001583	0.001486	-6.955538	-0.001486	1.001583	1.204606	
484	1.000962	0.001109	-5.928549	-0.001109	1.000962	1.155048	
485	1.001386	0.001351	-6.477635	-0.001351	1.001386	1.042423	
486	0.999384	-0.000068	-4.697663	0.000068	0.999384	0.650998	
487	1.000307	0.001302	-12.708810	-0.001302	1.000307	2.483133	
488	0.999487	-0.000301	-4.768271	0.000301	0.999487	0.796104	
489	1.000875	0.001168	-5.912716	-0.001168	1.000875	1.312592	
490	1.000751	0.000698	-5.416355	-0.000698	1.000751	1.078372	
491	1.000925	0.001174	-5.809363	-0.001174	1.000925	1.188086	
492	1.000233	0.000286	-4.344492	-0.000286	1.000233	0.816700	
493	1.001616	0.001940	-10.185649	-0.001940	1.001616	2.055035	
494	1.000050	0.000331	-3.356498	-0.000331	1.000050	0.888404	
495	1.000108	0.000342	-3.221721	-0.000342	1.000108	0.978772	
496	0.999831	0.000439	-2.637661	-0.000439	0.999831	0.854700	
497	1.000059	0.000327	-2.553126	-0.000327	1.000059	0.795569	
498	1.000712	0.001061	-5.526376	-0.001061	1.000712	1.397479	
499	0.999818	0.000397	-1.787446	-0.000397	0.999818	0.759884	
500	0.999868	0.000363	-1.453131	-0.000363	0.999868	0.807866	
501	0.999862	0.000355	-1.288092	-0.000355	0.999862	0.790652	
502	0.999901	0.000224	-1.256735	-0.000224	0.999901	0.739880	
503	0.999866	0.000433	-2.986165	-0.000433	0.999866	1.765376	
504	0.999840	0.000243	-1.568669	-0.000243	0.999840	0.942107	
505	0.999831	0.000357	-1.955550	-0.000357	0.999831	0.980754	
506	1.000012	0.000339	-2.240734	-0.000339	1.000012	0.652735	
507	0.999983	0.000305	-2.207631	-0.000305	0.999983	0.674668	
508	1.001927	0.001200	-6.679598	-0.001200	1.001927	1.137720	
509	1.000251	0.000254	-2.341842	-0.000254	1.000251	0.595874	
510	1.000251	0.000218	-2.382033	-0.000218	1.000251	0.765240	
511	1.000306	0.000149	-2.148763	-0.000149	1.000306	0.334027	
512	0.999807	0.000372	-2.154341	-0.000372	0.999807	0.790552	
513	1.000138	0.000238	-3.825894	-0.000238	1.000138	1.161019	
514	0.999775	0.000325	-1.784635	-0.000325	0.999775	0.881662	
515	0.999823	0.000154	-1.855339	-0.000154	0.999823	0.948576	
516	0.999714	0.000202	-1.878405	-0.000202	0.999714	1.222256	
517	0.999776	0.000323	-1.960121	-0.000323	0.999776	0.992645	
518	0.999478	0.000370	-2.980217	-0.000370	0.999478	1.542438	
519	0.999766	0.000143	-1.059679	-0.000143	0.999766	0.585894	
520	0.999840	0.000071	-0.755298	-0.000071	0.999840	0.699559	
521	0.999864	0.000111	-0.406846	-0.000111	0.999864	0.692314	
522	0.999843	0.000160	-0.198111	-0.000160	0.999843	0.772490	
523	0.999992	0.000006	0.317222	-0.000006	0.999992	1.058699	
524	1.000000	0.000081	0.343827	-0.000081	1.000000	0.604630	
525	1.000156	-0.000016	0.575389	0.000016	1.000156	0.419300	
526	0.999962	-0.000030	0.769989	0.000030	0.999962	0.283995	
527	1.000033	-0.000146	0.749857	0.000146	1.000033	-0.164182	
528	0.999872	-0.000039	2.115370	0.000039	0.999872	-0.383892	
529	1.000001	-0.000137	1.216612	0.000137	1.000001	-0.408875	
530	0.999933	-0.000170	1.279555	0.000170	0.999933	-0.353803	
531	0.999933	-0.000098	1.452510	0.000098	0.999933	-0.078231	
532	1.000025	-0.000164	1.678411	0.000164	1.000025	0.147250	
533	1.000093	-0.000316	4.049536	0.000316	1.000093	-0.006355	
534	1.000009	-0.000284	2.580012	0.000284	1.000009	-0.131838	
535	0.999961	-0.000239	2.876692	0.000239	0.999961	-0.101683	
536	1.000016	-0.000233	3.294977	0.000233	1.000016	-0.314953	
537	1.000093	-0.000314	3.485698	0.000314	1.000093	-0.359171	
538	0.999797	-0.000785	8.882641	0.000785	0.999797	-0.278793	
539	1.000119	-0.000191	3.520999	0.000191	1.000119	-0.151652	
540	0.999244	-0.000841	4.655226	0.000841	0.999244	-0.205407	
541	0.999956	-0.000266	3.451792	0.000266	0.999956	0.036008	
542	1.000025	-0.000161	3.292909	0.000161	1.000025	-0.034343	
543	1.001388	0.000432	5.449873	-0.000432	1.001388	-0.238137	
544	1.000053	-0.000268	2.550863	0.000268	1.000053	-0.128749	
545	1.000104	-0.000163	2.311978	0.000163	1.000104	-0.020605	
546	1.000014	-0.000129	2.124708	0.000129	1.000014	0.143433	
547	0.999957	-0.000170	1.937270	0.000170	0.999957	0.242575	
548	0.999891	-0.000251	3.322485	0.000251	0.999891	0.623801	
549	0.999906	-0.000085	1.512074	0.000085	0.999906	0.102295	
550	0.999911	-0.000125	1.561982	0.000125	0.999911	-0.086478	
551	0.999921	-0.000204	1.355663	0.000204	0.999921	-0.149773	
552	0.999937	-0.000141	1.267678	0.000141	0.999937	-0.020483	
553	0.999865	-0.000225	2.365044	0.000225	0.999865	0.068100	
554	0.999968	-0.000098	1.029184	0.000098	0.999968	0.006774	
555	0.999982	-0.000026	0.876160	0.000026	0.999982	0.174520	
556	0.999999	0.000054	0.917303	-0.000054	0.999999	0.265623	
557	1.000011	0.000074	0.690368	-0.000074	1.000011	0.242182	
558	1.000014	-0.000039	1.097526	0.000039	1.000014	0.358989	
559	1.000083	0.000062	0.409998	-0.000062	1.000083	0.269299	
560	1.000080	0.000108	0.190883	-0.000108	1.000080	0.277337	
561	1.000130	0.000084	0.142425	-0.000084	1.000130	0.347938	
562	1.000177	0.000079	0.150453	-0.000079	1.000177	0.418786	
563	1.000351	0.000040	0.608686	-0.000040	1.000351	0.885395	
564	1.000239	0.000050	0.540269	-0.000050	1.000239	0.393108	
565	1.000257	0.000077	0.523836	-0.000077	1.000257	0.426588	
566	1.000252	0.000062	0.539455	-0.000062	1.000252	0.476093	
567	1.000195	0.000029	0.626852	-0.000029	1.000195	0.157763	
568	1.000357	-0.000055	0.789547	0.000055	1.000357	0.263281	
569	1.000313	0.000008	0.091258	-0.000008	1.000313	0.086668	
570	1.000281	-0.000031	-0.114269	0.000031	1.000281	0.183654	
571	1.000319	0.000056	-0.446301	-0.000056	1.000319	0.237974	
572	1.000295	0.000091	-0.482245	-0.000091	1.000295	0.210475	
573	1.000408	0.000023	-0.659763	-0.000023	1.000408	0.278419	
574	1.000245	0.000027	-0.147161	-0.000027	1.000245	0.255242	
575	1.000309	0.000017	-0.117413	-0.000017	1.000309	0.083590	
576	1.000225	-0.000026	-0.136605	0.000026	1.000225	0.088679	
577	1.000160	-0.000002	-0.126955	0.000002	1.000160	0.034356	
578	1.000584	-0.000025	-0.344888	0.000025	1.000584	0.010023	
579	1.000290	0.000001	-0.152711	-0.000001	1.000290	0.014967	
580	1.000182	-0.000018	-0.102908	0.000018	1.000182	0.088113	
581	1.000215	-0.000021	-0.087210	0.000021	1.000215	0.002725	
582	1.000295	0.000022	-0.170314	-0.000022	1.000295	0.179743	
583	1.000535	-0.000018	-0.375335	0.000018	1.000535	0.413658	
584	1.000259	0.000020	-0.122943	-0.000020	1.000259	0.296092	
585	1.000317	-0.000033	-0.217921	0.000033	1.000317	0.185808	
586	1.000321	-0.000001	-0.160861	0.000001	1.000321	0.283608	
587	1.000294	0.000022	-0.170501	-0.000022	1.000294	0.171823	
588	1.000437	0.000046	-0.389117	-0.000046	1.000437	0.425755	
589	1.000236	0.000019	-0.288474	-0.000019	1.000236	0.223597	
590	1.000255	0.000047	-0.379721	-0.000047	1.000255	0.162064	
591	1.000180	-0.000075	-0.438958	0.000075	1.000180	-0.073548	
592	1.000248	0.000026	-0.713239	-0.000026	1.000248	0.095832	
593	1.000399	0.000062	-2.347839	-0.000062	1.000399	0.477809	
594	1.000315	0.000110	-2.012212	-0.000110	1.000315	0.542118	
595	1.000200	0.000130	-2.303902	-0.000130	1.000200	0.661297	
596	1.000249	0.000140	-2.469901	-0.000140	1.000249	0.514282	
597	1.000258	0.000106	-2.782956	-0.000106	1.000258	0.603981	
598	1.001848	0.001611	-7.943851	-0.001611	1.001848	1.967933	
599	1.000425	0.000112	-3.226892	-0.000112	1.000425	0.853619	
600	1.000639	0.000106	-3.554476	-0.000106	1.000639	0.882539	
601	1.000654	0.000151	-3.679366	-0.000151	1.000654	0.801829	
602	1.000708	0.000182	-3.943734	-0.000182	1.000708	0.691811	
603	1.001553	0.000794	-9.959882	-0.000794	1.001553	1.975609	
604	1.000504	0.000093	-3.950618	-0.000093	1.000504	0.710320	
605	1.000065	-0.000050	-3.766288	0.000050	1.000065	0.599535	
606	1.000280	0.000148	-3.746873	-0.000148	1.000280	0.814349	
607	1.000401	0.000060	-3.583272	-0.000060	1.000401	0.493506	
608	1.000086	0.000147	-5.775147	-0.000147	1.000086	0.827765	
609	1.000156	0.000122	-2.442151	-0.000122	1.000156	0.228636	
610	1.000205	0.000169	-2.088507	-0.000169	1.000205	0.133712	
611	1.000350	0.000111	-1.892699	-0.000111	1.000350	0.055538	
612	1.000219	0.000156	-1.639758	-0.000156	1.000219	0.161903	
613	1.000663	0.000212	-2.971135	-0.000212	1.000663	0.205258	
614	1.000317	0.000074	-1.075595	-0.000074	1.000317	-0.101972	
615	1.000315	0.000088	-0.890526	-0.000088	1.000315	0.061317	
616	1.000262	0.000082	-0.783212	-0.000082	1.000262	-0.132189	
617	1.000275	0.000097	-0.499355	-0.000097	1.000275	0.024431	
618	1.000285	0.000012	-0.388988	-0.000012	1.000285	-0.240816	
619	1.000256	-0.000046	-0.120739	0.000046	1.000256	-0.193209	
620	1.000370	-0.000008	-0.242527	0.000008	1.000370	-0.280029	
621	1.000401	-0.000025	-0.097538	0.000025	1.000401	-0.118675	
622	1.000188	0.000008	-0.033131	-0.000008	1.000188	-0.065138	
623	1.000537	0.000040	-0.059505	-0.000040	1.000537	-0.167990	
624	1.000207	0.000033	0.053884	-0.000033	1.000207	-0.343285	
625	1.000121	0.000035	0.105881	-0.000035	1.000121	-0.160128	
626	1.000066	0.000019	0.366942	-0.000019	1.000066	-0.607581	
627	0.999972	-0.000002	0.471989	0.000002	0.999972	-0.882764	
628	0.999996	0.000121	1.305525	-0.000121	0.999996	-2.267915	
629	0.999844	-0.000060	0.836306	0.000060	0.999844	-1.405313	
630	0.999939	-0.000112	0.796036	0.000112	0.999939	-1.451000	
631	0.999952	-0.000077	0.834197	0.000077	0.999952	-1.345359	
632	0.999989	-0.000058	0.733337	0.000058	0.999989	-1.377938	
633	0.999993	-0.000059	1.275526	0.000059	0.999993	-2.514725	
634	1.000007	0.000056	0.686206	-0.000056	1.000007	-0.844249	
635	1.000024	0.000012	0.450135	-0.000012	1.000024	-0.572477	
636	1.000060	0.000036	0.277688	-0.000036	1.000060	-0.196236	
637	1.000019	0.000103	0.004849	-0.000103	1.000019	-0.081901	
638	0.999972	0.000231	-0.225748	-0.000231	0.999972	0.483560	
639	0.999906	0.000150	-0.333823	-0.000150	0.999906	0.436197	
640	1.000031	0.000101	-0.468041	-0.000101	1.000031	0.360991	
641	1.000005	0.000103	-0.467231	-0.000103	1.000005	0.064324	
642	0.999992	0.000120	-0.748164	-0.000120	0.999992	0.093367	
643	1.000151	0.000310	-1.614278	-0.000310	1.000151	0.168298	
644	0.999993	0.000183	-1.000733	-0.000183	0.999993	0.199917	
645	0.999975	0.000189	-0.994609	-0.000189	0.999975	0.385567	
646	0.999940	0.000209	-1.166345	-0.000209	0.999940	0.711244	
647	0.999929	0.000213	-1.302065	-0.000213	0.999929	0.886672	
648	1.000037	0.000379	-3.392755	-0.000379	1.000037	2.737313	
649	1.000041	0.000375	-1.765655	-0.000375	1.000041	1.616750	
650	1.000115	0.000407	-1.871204	-0.000407	1.000115	1.747687	
651	1.000195	0.000237	-1.865382	-0.000237	1.000195	1.149566	
652	1.000195	0.000206	-1.799313	-0.000206	1.000195	0.891456	
653	1.000531	0.000369	-3.597100	-0.000369	1.000531	0.857659	
654	1.000261	0.000211	-1.843787	-0.000211	1.000261	0.353957	
655	1.000220	0.000203	-1.868020	-0.000203	1.000220	0.310266	
656	1.000261	0.000221	-1.915255	-0.000221	1.000261	0.153080	
657	1.000257	0.000217	-1.874794	-0.000217	1.000257	0.465288	
658	1.000273	0.000161	-1.868370	-0.000161	1.000273	0.018507	
659	1.000579	0.000336	-3.768392	-0.000336	1.000579	0.223804	
660	1.000313	0.000244	-1.885348	-0.000244	1.000313	0.264274	
661	1.000268	0.000218	-1.816963	-0.000218	1.000268	0.162048	
662	1.000335	0.000204	-1.848533	-0.000204	1.000335	0.312760	
663	1.000295	0.000174	-1.852988	-0.000174	1.000295	0.213825	
664	1.000496	0.000309	-3.285910	-0.000309	1.000496	0.363366	
665	1.000193	0.000166	-1.366108	-0.000166	1.000193	0.100299	
666	1.000249	0.000195	-1.531231	-0.000195	1.000249	0.156367	
667	1.000204	0.000149	-1.346110	-0.000149	1.000204	0.072990	
668	1.000276	0.000153	-1.516457	-0.000153	1.000276	0.061155	
669	1.000443	0.000296	-2.967832	-0.000296	1.000443	0.006909	
670	1.000087	0.000090	-1.574405	-0.000090	1.000087	-0.168798	
671	1.000243	0.000215	-1.767000	-0.000215	1.000243	0.015432	
672	1.000239	0.000136	-1.775152	-0.000136	1.000239	0.070844	
673	1.000289	0.000182	-1.956003	-0.000182	1.000289	0.013379	
674	1.000527	0.000314	-4.034440	-0.000314	1.000527	0.152211	
675	1.000223	0.000232	-1.991939	-0.000232	1.000223	-0.011162	
676	1.000184	0.000148	-1.853473	-0.000148	1.000184	-0.000091	
677	1.000274	0.000187	-1.891652	-0.000187	1.000274	-0.059199	
678	1.000351	0.000166	-2.015100	-0.000166	1.000351	-0.071499	
679	1.000684	0.000159	-3.796705	-0.000159	1.000684	0.035390	
680	1.000512	0.000185	-2.045588	-0.000185	1.000512	0.060424	
681	1.000430	0.000209	-2.025042	-0.000209	1.000430	0.134413	
682	1.000535	0.000176	-2.126693	-0.000176	1.000535	0.133305	
683	1.000630	0.000139	-2.183755	-0.000139	1.000630	-0.002224	
684	1.000954	0.000216	-4.534674	-0.000216	1.000954	0.199267	
685	1.000380	0.000162	-2.242902	-0.000162	1.000380	0.252789	
686	1.000484	0.000160	-2.382679	-0.000160	1.000484	0.073137	
687	1.000512	0.000148	-2.274250	-0.000148	1.000512	-0.058182	
688	1.000604	0.000223	-2.310054	-0.000223	1.000604	-0.052804	
689	1.001359	0.000217	-4.776101	-0.000217	1.001359	-0.371135	
690	1.000671	0.000114	-2.154725	-0.000114	1.000671	-0.326800	
691	1.000762	0.000131	-2.126400	-0.000131	1.000762	-0.211199	
692	1.000754	0.000075	-1.977777	-0.000075	1.000754	-0.274239	
693	1.000692	0.000077	-1.921557	-0.000077	1.000692	-0.085990	
694	1.000941	0.000193	-3.287015	-0.000193	1.000941	-0.193770	
695	1.000724	0.000084	-1.753067	-0.000084	1.000724	-0.247348	
696	1.000618	0.000055	-1.699947	-0.000055	1.000618	-0.151391	
697	1.000630	0.000084	-1.726343	-0.000084	1.000630	-0.253800	
698	1.000617	0.000007	-1.743088	-0.000007	1.000617	-0.133527	
699	1.001204	0.000169	-3.274470	-0.000169	1.001204	-0.274191	
700	1.000626	0.000033	-1.707442	-0.000033	1.000626	-0.161335	
701	1.000713	0.000036	-1.698688	-0.000036	1.000713	-0.346416	
702	1.000679	0.000019	-1.604738	-0.000019	1.000679	-0.265250	
703	1.000714	0.000051	-1.710644	-0.000051	1.000714	-0.248244	
704	1.001136	0.000031	-2.982175	-0.000031	1.001136	-0.441251	
705	1.000656	-0.000014	-1.479752	0.000014	1.000656	-0.097565	
706	1.000555	0.000044	-1.318080	-0.000044	1.000555	-0.118382	
707	1.000632	0.000074	-1.403093	-0.000074	1.000632	-0.246605	
708	1.000629	-0.000010	-1.297005	0.000010	1.000629	-0.235974	
709	1.001024	0.000019	-2.048177	-0.000019	1.001024	-0.426854	
710	1.000364	0.000031	-0.842357	-0.000031	1.000364	-0.172422	
711	1.000221	0.000011	-0.685630	-0.000011	1.000221	-0.032941	
712	1.000065	0.000053	-0.514858	-0.000053	1.000065	0.017347	
713	1.000024	0.000039	-0.461175	-0.000039	1.000024	-0.003608	
714	0.999977	0.000056	-0.684970	-0.000056	0.999977	-0.015429	
715	0.999958	0.000027	-0.285935	-0.000027	0.999958	0.007724	
716	0.999972	0.000066	-0.299498	-0.000066	0.999972	0.094381	
717	0.999972	0.000061	-0.435386	-0.000061	0.999972	0.202783	
718	0.999891	0.000024	-0.150106	-0.000024	0.999891	0.062189	
719	0.999918	0.000162	-0.652835	-0.000162	0.999918	0.213632	
720	0.999911	0.000084	-0.177201	-0.000084	0.999911	0.097449	
721	0.999866	0.000062	-0.179188	-0.000062	0.999866	0.122627	
722	0.999919	0.000028	-0.209543	-0.000028	0.999919	0.050538	
723	0.999860	0.000028	-0.124076	-0.000028	0.999860	0.097048	
724	0.999895	-0.000050	-0.358661	0.000050	0.999895	0.139685	
725	0.999778	0.000019	-0.069326	-0.000019	0.999778	-0.041041	
