0	1.000000	0.000000	0.000000	0.000000	1.000000	0.000000	
1	0.999385	0.000451	-0.156170	-0.000451	0.999385	0.391431	
2	0.999081	0.000410	-0.073528	-0.000410	0.999081	0.663626	
3	0.999148	0.000431	-0.183119	-0.000431	0.999148	0.750342	
4	0.999368	0.000538	-0.307398	-0.000538	0.999368	0.575546	
5	0.997777	0.001086	-0.562614	-0.001086	0.997777	0.530382	
6	0.999039	0.000544	-0.282837	-0.000544	0.999039	-0.549138	
7	0.998834	0.000319	0.019064	-0.000319	0.998834	-0.421443	
8	0.998293	0.000238	0.447596	-0.000238	0.998293	0.248788	
9	0.998156	0.000253	0.786563	-0.000253	0.998156	0.750555	
10	0.995428	0.000416	2.037427	-0.000416	0.995428	2.548960	
11	0.997986	0.000141	0.910417	-0.000141	0.997986	1.070271	
12	0.997975	0.000159	0.843296	-0.000159	0.997975	0.898642	
13	0.998185	0.000227	0.739800	-0.000227	0.998185	0.673192	
14	0.998252	0.000293	0.719290	-0.000293	0.998252	0.635093	
15	0.996305	0.000488	1.165783	-0.000488	0.996305	1.582540	
16	0.998089	0.000222	0.763561	-0.000222	0.998089	1.046640	
17	0.998156	0.000085	0.977173	-0.000085	0.998156	1.152635	
18	0.998128	0.000087	1.054392	-0.000087	0.998128	1.197707	
19	0.998119	0.000060	1.025982	-0.000060	0.998119	1.148345	
20	0.996280	0.000083	1.970377	-0.000083	0.996280	2.391138	
21	0.998189	0.000042	1.111318	-0.000042	0.998189	1.371527	
22	0.998391	0.000014	1.050408	-0.000014	0.998391	1.301969	
23	0.998274	-0.000038	1.248345	0.000038	0.998274	1.264681	
24	0.998179	-0.000040	1.236877	0.000040	0.998179	1.116531	
25	0.996808	-0.000081	2.270738	0.000081	0.996808	1.149908	
26	0.998540	-0.000004	1.036970	0.000004	0.998540	0.353334	
27	0.998597	-0.000019	0.986528	0.000019	0.998597	0.436700	
28	0.998353	-0.000087	1.199918	0.000087	0.998353	0.715910	
29	0.998376	-0.000098	1.190945	0.000098	0.998376	0.813946	
30	0.996200	0.000038	2.570056	-0.000038	0.996200	1.993524	
31	0.998446	-0.000115	1.435719	0.000115	0.998446	0.702637	
32	0.998517	-0.000257	1.462404	0.000257	0.998517	0.471230	
33	0.998590	-0.000185	1.319463	0.000185	0.998590	0.404191	
34	0.998645	-0.000192	1.244413	0.000192	0.998645	0.306639	
35	0.996973	-0.000206	2.331386	0.000206	0.996973	1.152071	
36	0.998412	-0.000086	1.094455	0.000086	0.998412	0.723237	
37	0.998449	-0.000118	1.061954	0.000118	0.998449	0.581931	
38	0.998195	-0.001246	1.735295	0.001246	0.998195	-1.243281	
39	0.998567	-0.001164	1.533308	0.001164	0.998567	-1.188423	
40	0.997913	-0.001305	1.926726	0.001305	0.997913	-1.550559	
41	0.999277	0.000060	0.446811	-0.000060	0.999277	-0.128663	
42	0.999165	0.000111	0.512824	-0.000111	0.999165	0.201032	
43	0.999021	0.000162	0.520974	-0.000162	0.999021	0.332480	
44	0.999178	0.000627	0.003438	-0.000627	0.999178	0.189469	
45	0.998367	0.001295	0.084815	-0.001295	0.998367	0.185640	
46	0.998816	0.000118	0.713997	-0.000118	0.998816	0.327351	
47	0.998701	0.000047	0.776850	-0.000047	0.998701	0.535904	
48	0.998357	0.000021	0.940015	-0.000021	0.998357	0.763280	
49	0.998476	0.000065	0.826242	-0.000065	0.998476	0.690982	
50	0.997021	0.000628	1.275718	-0.000628	0.997021	1.327349	
51	0.998649	0.000268	0.599009	-0.000268	0.998649	0.513211	
52	0.998833	0.000351	0.420098	-0.000351	0.998833	0.378716	
53	0.998773	0.000551	0.315758	-0.000551	0.998773	0.390234	
54	0.998852	0.000511	0.311691	-0.000511	0.998852	0.305891	
55	0.997349	0.000931	0.808333	-0.000931	0.997349	1.046566	
56	0.998576	0.000369	0.487358	-0.000369	0.998576	0.591783	
57	0.998418	0.000305	0.600425	-0.000305	0.998418	0.664303	
58	0.998414	0.000359	0.567511	-0.000359	0.998414	0.703386	
59	0.998598	0.000485	0.422598	-0.000485	0.998598	0.621823	
60	0.997247	0.001064	0.664486	-0.001064	0.997247	1.138294	
61	0.998526	0.000692	0.266687	-0.000692	0.998526	0.636394	
62	0.998522	0.000653	0.247843	-0.000653	0.998522	0.628857	
63	0.998483	0.000716	0.191718	-0.000716	0.998483	0.701616	
64	0.998462	0.000837	0.079185	-0.000837	0.998462	0.720640	
65	0.996876	0.001833	-0.018942	-0.001833	0.996876	1.589950	
66	0.998328	0.000959	-0.026699	-0.000959	0.998328	0.841933	
67	0.998303	0.000994	-0.045650	-0.000994	0.998303	0.915668	
68	0.998253	0.000988	0.014687	-0.000988	0.998253	0.968214	
69	0.998136	0.001068	0.020296	-0.001068	0.998136	1.062086	
70	0.996517	0.001987	-0.005055	-0.001987	0.996517	1.991992	
71	0.998223	0.000966	0.009459	-0.000966	0.998223	0.975623	
72	0.998337	0.000938	-0.040458	-0.000938	0.998337	0.918668	
73	0.997926	0.001070	0.086445	-0.001070	0.997926	1.152260	
74	0.998224	0.001079	-0.107967	-0.001079	0.998224	0.961830	
75	0.998328	0.001427	-0.510854	-0.001427	0.998328	0.743335	
76	0.998218	0.001040	-0.023735	-0.001040	0.998218	0.961950	
77	0.998111	0.001046	-0.013318	-0.001046	0.998111	1.044984	
78	0.998320	0.001035	-0.095817	-0.001035	0.998320	0.913570	
79	0.998205	0.000998	0.044595	-0.000998	0.998205	0.952615	
80	0.997413	0.001536	-0.083886	-0.001536	0.997413	1.316431	
81	0.998251	0.001004	0.035812	-0.001004	0.998251	0.943552	
82	0.998376	0.000944	0.025834	-0.000944	0.998376	0.849419	
83	0.998351	0.000977	-0.001523	-0.000977	0.998351	0.861526	
84	0.998331	0.001028	-0.067882	-0.001028	0.998331	0.889481	
85	0.996494	0.002029	-0.028875	-0.002029	0.996494	1.980937	
86	0.998260	0.001079	-0.037131	-0.001079	0.998260	0.964744	
87	0.998274	0.001119	-0.103224	-0.001119	0.998274	0.964918	
88	0.998341	0.001081	-0.103715	-0.001081	0.998341	0.925436	
89	0.998310	0.001023	0.011696	-0.001023	0.998310	0.897615	
90	0.996814	0.001754	0.138787	-0.001754	0.996814	1.670921	
91	0.998216	0.000855	0.175972	-0.000855	0.998216	0.963219	
92	0.998254	0.000830	0.142980	-0.000830	0.998254	0.949453	
93	0.998042	0.000920	0.155798	-0.000920	0.998042	1.154637	
94	0.998105	0.000898	0.156634	-0.000898	0.998105	1.129121	
95	0.996729	0.001658	0.151018	-0.001658	0.996729	2.025974	
96	0.998256	0.001001	-0.075915	-0.001001	0.998256	1.036000	
97	0.998376	0.001108	-0.215424	-0.001108	0.998376	0.981519	
98	0.998369	0.001181	-0.256496	-0.001181	0.998369	1.009354	
99	0.998421	0.001244	-0.343228	-0.001244	0.998421	0.987335	
100	0.999664	0.001631	-1.385543	-0.001631	0.999664	0.308922	
101	0.998234	0.001322	-0.384819	-0.001322	0.998234	1.203721	
102	0.998241	0.001467	-0.520070	-0.001467	0.998241	1.246491	
103	0.998289	0.001601	-0.683430	-0.001601	0.998289	1.247999	
104	0.998067	0.001526	-0.455111	-0.001526	0.998067	1.431750	
105	0.998169	0.001333	-0.340887	-0.001333	0.998169	1.357800	
106	0.996060	0.002485	-0.505693	-0.002485	0.996060	3.030100	
107	0.997940	0.001089	-0.037604	-0.001089	0.997940	1.571633	
108	0.997979	0.001136	-0.099514	-0.001136	0.997979	1.616192	
109	0.998014	0.001173	-0.183822	-0.001173	0.998014	1.629620	
110	0.997991	0.001235	-0.233785	-0.001235	0.997991	1.675424	
111	0.995773	0.002677	-0.727138	-0.002677	0.995773	3.400589	
112	0.998090	0.001465	-0.533457	-0.001465	0.998090	1.606660	
113	0.997961	0.001352	-0.342144	-0.001352	0.997961	1.643264	
114	0.998064	0.001320	-0.370151	-0.001320	0.998064	1.666976	
115	0.997989	0.001261	-0.382224	-0.001261	0.997989	1.766298	
116	0.998269	0.002652	-2.031089	-0.002652	0.998269	2.692020	
117	0.998797	0.001440	-1.104045	-0.001440	0.998797	1.575179	
118	0.998866	0.001727	-1.355277	-0.001727	0.998866	1.620642	
119	0.998908	0.001983	-1.552130	-0.001983	0.998908	1.611299	
120	0.999019	0.002159	-1.796194	-0.002159	0.999019	1.520582	
121	0.992318	0.004478	0.298499	-0.004478	0.992318	6.218944	
122	0.998672	0.002286	-1.902439	-0.002286	0.998672	1.947192	
123	0.998586	0.002337	-1.961614	-0.002337	0.998586	2.098334	
124	0.998313	0.002374	-1.822126	-0.002374	0.998313	2.253260	
125	0.998460	0.002474	-1.976366	-0.002474	0.998460	2.178651	
126	0.992927	0.004097	-0.006573	-0.004097	0.992927	5.949787	
127	0.998841	0.002461	-2.074276	-0.002461	0.998841	1.867455	
128	0.998416	0.002339	-1.621678	-0.002339	0.998416	2.054612	
129	0.999005	0.002257	-1.992290	-0.002257	0.999005	1.754146	
130	0.998946	0.002105	-1.770089	-0.002105	0.998946	1.679856	
131	0.991876	0.004138	0.991722	-0.004138	0.991876	6.375689	
132	0.999084	0.001770	-1.541683	-0.001770	0.999084	1.486420	
133	0.999034	0.001757	-1.541780	-0.001757	0.999034	1.531545	
134	0.999161	0.001528	-1.366976	-0.001528	0.999161	1.342461	
135	0.999285	0.001363	-1.219968	-0.001363	0.999285	1.191477	
136	0.998286	0.003023	-2.525849	-0.003023	0.998286	2.753410	
137	0.999206	0.001213	-0.979417	-0.001213	0.999206	1.188362	
138	0.999076	0.001215	-0.951660	-0.001215	0.999076	1.293382	
139	0.999000	0.001219	-0.893543	-0.001219	0.999000	1.325324	
140	0.999211	0.001397	-1.145697	-0.001397	0.999211	1.268135	
141	0.993924	0.002928	0.516963	-0.002928	0.993924	4.647563	
142	0.999194	0.001749	-1.491529	-0.001749	0.999194	1.370612	
143	0.999061	0.001705	-1.359182	-0.001705	0.999061	1.403782	
144	0.998967	0.001688	-1.299958	-0.001688	0.998967	1.505293	
145	0.998953	0.001740	-1.346610	-0.001740	0.998953	1.525154	
146	0.994068	0.003500	-0.013230	-0.003500	0.994068	5.080784	
147	0.997482	0.001803	-0.417959	-0.001803	0.997482	2.275530	
148	0.998798	0.002033	-1.601902	-0.002033	0.998798	1.727113	
149	0.998850	0.002225	-1.876527	-0.002225	0.998850	1.835887	
150	0.997280	0.001973	-0.561132	-0.001973	0.997280	2.462163	
151	0.992108	0.004362	0.277099	-0.004362	0.992108	6.371488	
152	0.998818	0.002434	-2.016636	-0.002434	0.998818	1.973285	
153	0.998525	0.002449	-1.845591	-0.002449	0.998525	2.154927	
154	0.998158	0.002346	-1.526822	-0.002346	0.998158	2.327187	
155	0.998558	0.002500	-1.924470	-0.002500	0.998558	2.215920	
156	0.990180	0.004694	0.672992	-0.004694	0.990180	7.434983	
157	0.998430	0.002373	-1.850695	-0.002373	0.998430	2.206359	
158	0.998625	0.002336	-1.871492	-0.002336	0.998625	2.096683	
159	0.997951	0.002090	-1.219482	-0.002090	0.997951	2.284598	
160	0.997370	0.002117	-0.767829	-0.002117	0.997370	2.592711	
161	0.991625	0.004393	0.295871	-0.004393	0.991625	6.772342	
162	0.998740	0.001896	-1.482812	-0.001896	0.998740	1.815467	
163	0.997810	0.001830	-0.748420	-0.001830	0.997810	2.250066	
164	0.998506	0.002178	-1.621109	-0.002178	0.998506	2.112822	
165	0.997958	0.002252	-1.337319	-0.002252	0.997958	2.344260	
166	0.989504	0.006372	0.365670	-0.006372	0.989504	8.941121	
167	0.998672	0.002446	-1.968209	-0.002446	0.998672	2.106731	
168	0.997202	0.002425	-0.805756	-0.002425	0.997202	2.876173	
169	0.998416	0.002427	-1.904593	-0.002427	0.998416	2.294251	
170	0.998469	0.002511	-1.971140	-0.002511	0.998469	2.294895	
171	0.988413	0.005798	0.170277	-0.005798	0.988413	8.624768	
172	0.997336	0.002635	-1.225976	-0.002635	0.997336	2.861722	
173	0.997258	0.002482	-1.112608	-0.002482	0.997258	2.875095	
174	0.997487	0.002274	-1.173246	-0.002274	0.997487	2.687069	
175	0.997938	0.002390	-1.600588	-0.002390	0.997938	2.533672	
176	0.999224	0.000546	-0.041953	-0.000546	0.999224	0.806727	
177	0.997970	0.002388	-1.536024	-0.002388	0.997970	2.357082	
178	0.996849	0.002736	-0.884257	-0.002736	0.996849	3.032456	
179	0.996888	0.002725	-0.866246	-0.002725	0.996888	3.022736	
180	0.996472	0.002945	-0.950089	-0.002945	0.996472	3.313097	
181	0.999271	0.001142	-0.354542	-0.001142	0.999271	1.049672	
182	0.996788	0.003023	-1.177728	-0.003023	0.996788	3.381923	
183	0.996205	0.002837	-0.681250	-0.002837	0.996205	3.633643	
184	0.996431	0.002692	-0.776205	-0.002692	0.996431	3.476533	
185	0.996883	0.002538	-1.035624	-0.002538	0.996883	3.210120	
186	0.988809	0.003944	1.621249	-0.003944	0.988809	7.828078	
187	0.997607	0.002568	-1.411534	-0.002568	0.997607	2.751339	
188	0.998157	0.002513	-1.546816	-0.002513	0.998157	2.374777	
189	0.996828	0.002501	-0.695848	-0.002501	0.996828	3.018106	
190	0.997453	0.002491	-1.164290	-0.002491	0.997453	2.707507	
191	0.993855	0.001554	1.760764	-0.001554	0.993855	4.092041	
192	0.997722	0.002490	-1.328387	-0.002490	0.997722	2.572148	
193	0.997745	0.002479	-1.354172	-0.002479	0.997745	2.554731	
194	0.997834	0.002406	-1.305733	-0.002406	0.997834	2.452821	
195	0.997918	0.002540	-1.491504	-0.002540	0.997918	2.422897	
196	0.999004	0.000419	0.153232	-0.000419	0.999004	0.717336	
197	0.997900	0.002884	-1.722765	-0.002884	0.997900	2.569484	
198	0.997786	0.003044	-1.781096	-0.003044	0.997786	2.727505	
199	0.997851	0.002964	-1.741812	-0.002964	0.997851	2.678844	
200	0.997837	0.002817	-1.611031	-0.002817	0.997837	2.659843	
201	0.991624	0.004766	0.076386	-0.004766	0.991624	6.912944	
202	0.997750	0.002535	-1.387544	-0.002535	0.997750	2.649237	
203	0.997762	0.002598	-1.508682	-0.002598	0.997762	2.642448	
204	0.997857	0.002582	-1.529653	-0.002582	0.997857	2.549164	
205	0.998020	0.002552	-1.548873	-0.002552	0.998020	2.424911	
206	0.993072	0.005489	-1.414059	-0.005489	0.993072	6.262719	
207	0.998309	0.002593	-1.719648	-0.002593	0.998309	2.265503	
208	0.998174	0.002613	-1.638845	-0.002613	0.998174	2.357874	
209	0.998362	0.002434	-1.637214	-0.002434	0.998362	2.195501	
210	0.998276	0.002317	-1.463937	-0.002317	0.998276	2.183957	
211	0.991944	0.003179	1.205335	-0.003179	0.991944	5.750505	
212	0.998090	0.002409	-1.430143	-0.002409	0.998090	2.283762	
213	0.998209	0.002511	-1.584171	-0.002511	0.998209	2.217793	
214	0.998154	0.002460	-1.506230	-0.002460	0.998154	2.229881	
215	0.998194	0.002356	-1.475889	-0.002356	0.998194	2.226737	
216	0.993480	0.004323	-0.455086	-0.004323	0.993480	5.650981	
217	0.998182	0.002001	-1.146394	-0.002001	0.998182	2.089960	
218	0.998296	0.001970	-1.166875	-0.001970	0.998296	1.971946	
219	0.998402	0.002030	-1.250916	-0.002030	0.998402	1.849984	
220	0.998476	0.001950	-1.225015	-0.001950	0.998476	1.765906	
221	0.996440	0.004441	-2.441620	-0.004441	0.996440	4.112455	
222	0.998495	0.002125	-1.401657	-0.002125	0.998495	1.905724	
223	0.998274	0.002115	-1.285726	-0.002115	0.998274	2.061741	
224	0.998325	0.002084	-1.335622	-0.002084	0.998325	2.061294	
225	0.998206	0.002176	-1.312311	-0.002176	0.998206	2.192510	
226	0.993920	0.004847	-1.565451	-0.004847	0.993920	5.651171	
227	0.998198	0.002419	-1.591983	-0.002419	0.998198	2.294176	
228	0.998358	0.002425	-1.658400	-0.002425	0.998358	2.199290	
229	0.998425	0.002369	-1.600312	-0.002369	0.998425	2.103021	
230	0.998510	0.002332	-1.695293	-0.002332	0.998510	2.051063	
231	0.999698	0.000284	-0.052491	-0.000284	0.999698	0.308674	
232	0.998490	0.002431	-1.848965	-0.002431	0.998490	2.146216	
233	0.998410	0.002448	-1.826959	-0.002448	0.998410	2.208623	
234	0.998458	0.002473	-1.876482	-0.002473	0.998458	2.214350	
235	0.998354	0.002435	-1.834868	-0.002435	0.998354	2.240840	
236	0.991468	0.004284	0.800387	-0.004284	0.991468	6.559395	
237	0.998438	0.002515	-1.923569	-0.002515	0.998438	2.255950	
238	0.998418	0.002408	-1.829386	-0.002408	0.998418	2.254265	
239	0.998318	0.002435	-1.790457	-0.002435	0.998318	2.341300	
240	0.998272	0.002509	-1.822861	-0.002509	0.998272	2.389564	
241	0.991895	0.004643	0.057010	-0.004643	0.991895	6.647436	
242	0.998605	0.002668	-2.137222	-0.002668	0.998605	2.279790	
243	0.998585	0.002647	-2.106504	-0.002647	0.998585	2.266607	
244	0.998706	0.002587	-2.145457	-0.002587	0.998706	2.160482	
245	0.998737	0.002607	-2.232174	-0.002607	0.998737	2.184259	
246	0.992811	0.003764	0.516500	-0.003764	0.992811	5.800952	
247	0.998730	0.002371	-1.839983	-0.002371	0.998730	2.147010	
248	0.999423	0.002344	-2.393009	-0.002344	0.999423	1.797532	
249	0.999325	0.002279	-2.280487	-0.002279	0.999325	1.828436	
250	0.998968	0.002122	-1.766547	-0.002122	0.998968	1.916744	
251	0.995079	0.004057	-1.355833	-0.004057	0.995079	4.817067	
252	0.999181	0.002123	-1.860722	-0.002123	0.999181	1.678805	
253	0.999401	0.002105	-1.972492	-0.002105	0.999401	1.532054	
254	0.999705	0.002021	-2.111806	-0.002021	0.999705	1.314760	
255	0.999646	0.001972	-2.048334	-0.001972	0.999646	1.346140	
256	0.995855	0.002525	-0.070423	-0.002525	0.995855	3.700361	
257	0.999897	0.001531	-1.635823	-0.001531	0.999897	0.973198	
258	0.999792	0.001557	-1.619593	-0.001557	0.999792	0.939940	
259	0.999999	0.001424	-1.596224	-0.001424	0.999999	0.790965	
260	0.999941	0.001199	-1.318927	-0.001199	0.999941	0.775474	
261	0.999261	0.002268	-2.003178	-0.002268	0.999261	1.786468	
262	1.000115	0.001052	-1.219532	-0.001052	1.000115	0.589954	
263	1.000108	0.000942	-1.116797	-0.000942	1.000108	0.554359	
264	1.000021	0.000806	-0.993701	-0.000806	1.000021	0.559734	
265	1.000008	0.000891	-1.106240	-0.000891	1.000008	0.611673	
266	1.000166	0.002113	-2.730481	-0.002113	1.000166	1.262974	
267	1.000057	0.001326	-1.616251	-0.001326	1.000057	0.841321	
268	0.999894	0.001409	-1.627882	-0.001409	0.999894	1.009840	
269	0.999934	0.001457	-1.655429	-0.001457	0.999934	1.060899	
270	0.999914	0.001315	-1.526205	-0.001315	0.999914	1.066635	
271	0.999326	0.002318	-2.392685	-0.002318	0.999326	2.079822	
272	1.000192	0.001536	-1.787136	-0.001536	1.000192	0.830147	
273	1.000337	0.001442	-1.736233	-0.001442	1.000337	0.728446	
274	1.000531	0.001313	-1.668835	-0.001313	1.000531	0.584356	
275	1.000623	0.001281	-1.767829	-0.001281	1.000623	0.552398	
276	1.000680	0.001210	-1.748813	-0.001210	1.000680	0.497991	
277	1.000850	0.001835	-2.682420	-0.001835	1.000850	0.877483	
278	1.000535	0.000749	-1.097592	-0.000749	1.000535	0.209601	
279	1.000661	0.000556	-0.987393	-0.000556	1.000661	-0.077290	
280	1.000560	0.000403	-0.800567	-0.000403	1.000560	-0.187514	
281	1.000516	0.000411	-0.797930	-0.000411	1.000516	-0.186922	
282	1.000826	0.001048	-1.712994	-0.001048	1.000826	0.135265	
283	1.000122	0.000572	-0.810973	-0.000572	1.000122	0.427276	
284	1.000140	0.000616	-0.963796	-0.000616	1.000140	0.553741	
285	1.000013	0.000548	-0.897189	-0.000548	1.000013	0.626235	
286	0.999931	0.000533	-0.828026	-0.000533	0.999931	0.679512	
287	1.000476	0.001392	-2.116988	-0.001392	1.000476	0.971169	
288	1.000246	0.000513	-1.027745	-0.000513	1.000246	0.377406	
289	1.000278	0.000540	-1.113144	-0.000540	1.000278	0.413691	
290	1.000291	0.000564	-1.108948	-0.000564	1.000291	0.469155	
291	1.000165	0.000548	-0.998110	-0.000548	1.000165	0.569943	
292	1.000367	0.001746	-2.421883	-0.001746	1.000367	1.460797	
293	1.000358	0.000988	-1.435802	-0.000988	1.000358	0.694536	
294	1.000331	0.000975	-1.381784	-0.000975	1.000331	0.658005	
295	1.000418	0.001080	-1.487698	-0.001080	1.000418	0.649609	
296	1.000507	0.001133	-1.601515	-0.001133	1.000507	0.634463	
297	0.998373	0.001495	-0.685252	-0.001495	0.998373	1.848521	
298	1.000773	0.001159	-1.841010	-0.001159	1.000773	0.411478	
299	1.000793	0.001167	-1.868619	-0.001167	1.000793	0.435676	
300	1.000631	0.001152	-1.804768	-0.001152	1.000631	0.513481	
301	1.000663	0.001134	-1.854843	-0.001134	1.000663	0.514053	
302	0.997643	0.001344	-0.194025	-0.001344	0.997643	2.219430	
303	1.001103	0.001273	-2.125426	-0.001273	1.001103	0.385796	
304	1.000973	0.001246	-2.025257	-0.001246	1.000973	0.401819	
305	1.001336	0.001412	-2.361357	-0.001412	1.001336	0.258092	
306	1.001516	0.001421	-2.491583	-0.001421	1.001516	0.143510	
307	0.998944	0.001843	-1.034881	-0.001843	0.998944	1.563306	
308	1.001853	0.001301	-2.546325	-0.001301	1.001853	-0.140381	
309	1.001356	0.001325	-2.189250	-0.001325	1.001356	0.108215	
310	1.002322	0.001195	-2.789525	-0.001195	1.002322	-0.415108	
311	1.002248	0.001180	-2.699904	-0.001180	1.002248	-0.372755	
312	0.999225	0.001640	-0.908805	-0.001640	0.999225	1.248021	
313	1.002024	0.001447	-2.746720	-0.001447	1.002024	-0.173340	
314	1.002028	0.001446	-2.782118	-0.001446	1.002028	-0.157241	
315	1.002018	0.001388	-2.730489	-0.001388	1.002018	-0.153272	
316	1.001971	0.001355	-2.682252	-0.001355	1.001971	-0.118214	
317	0.999409	0.001272	-0.835513	-0.001272	0.999409	1.097972	
318	1.001674	0.001170	-2.325257	-0.001170	1.001674	-0.028834	
319	1.001850	0.001077	-2.312144	-0.001077	1.001850	-0.212463	
320	1.001659	0.000881	-2.026235	-0.000881	1.001659	-0.244450	
321	1.001790	0.000818	-2.078172	-0.000818	1.001790	-0.386707	
322	1.003879	0.001751	-4.344305	-0.001751	1.003879	-1.023170	
323	1.001809	0.000865	-1.985085	-0.000865	1.001809	-0.472835	
324	1.001598	0.001018	-2.023592	-0.001018	1.001598	-0.296687	
325	1.001338	0.001138	-1.975593	-0.001138	1.001338	-0.067107	
326	1.001146	0.001199	-1.874631	-0.001199	1.001146	0.072454	
327	0.999585	0.001857	-1.366601	-0.001857	0.999585	1.207782	
328	1.001100	0.001332	-1.931139	-0.001332	1.001100	0.101155	
329	1.001422	0.001348	-2.095921	-0.001348	1.001422	-0.046168	
330	1.001422	0.001217	-2.023601	-0.001217	1.001422	-0.040890	
331	1.001524	0.001142	-1.972394	-0.001142	1.001524	-0.084513	
332	0.999456	0.001198	-0.786453	-0.001198	0.999456	0.950119	
333	1.001599	0.000668	-1.687555	-0.000668	1.001599	-0.292615	
334	1.001651	0.000543	-1.564583	-0.000543	1.001651	-0.402479	
335	1.001707	0.000774	-1.615852	-0.000774	1.001707	0.043437	
336	1.002600	0.000270	-2.089467	-0.000270	1.002600	-0.946592	
337	1.004519	-0.000198	-2.900319	0.000198	1.004519	-1.685463	
338	1.002185	-0.000395	-0.987741	0.000395	1.002185	-0.824242	
339	1.002352	-0.000505	-0.950601	0.000505	1.002352	-0.773610	
340	1.002316	-0.000496	-1.049628	0.000496	1.002316	-0.574558	
341	1.002284	-0.000539	-0.989947	0.000539	1.002284	-0.484878	
342	1.004697	-0.001437	-1.840407	0.001437	1.004697	-1.612528	
343	1.002515	-0.000688	-1.041798	0.000688	1.002515	-0.489759	
344	1.002568	-0.000684	-1.053798	0.000684	1.002568	-0.436773	
345	1.002779	-0.000830	-1.060591	0.000830	1.002779	-0.486293	
346	1.002833	-0.000532	-1.363488	0.000532	1.002833	-0.218790	
347	1.010236	-0.000275	-6.088319	0.000275	1.010236	0.364673	
348	1.002989	-0.000384	-1.528401	0.000384	1.002989	0.031424	
349	1.002978	-0.000335	-1.562101	0.000335	1.002978	-0.039977	
350	1.003073	-0.000307	-1.720974	0.000307	1.003073	-0.149414	
351	1.003118	-0.000398	-1.663015	0.000398	1.003118	-0.313840	
352	1.005987	-0.002671	-1.629740	0.002671	1.005987	-1.902691	
353	1.003176	-0.000764	-1.255886	0.000764	1.003176	-0.686337	
354	1.002782	-0.001012	-0.768321	0.001012	1.002782	-0.722781	
355	1.003614	-0.000723	-1.710127	0.000723	1.003614	-0.734677	
356	1.003371	-0.000757	-1.448941	0.000757	1.003371	-0.574556	
357	1.006551	-0.003549	-0.973699	0.003549	1.006551	-2.520313	
358	1.003070	-0.000937	-0.860081	0.000937	1.003070	-0.408732	
359	1.003162	-0.000824	-0.849844	0.000824	1.003162	-0.366984	
360	1.002972	-0.000922	-0.575992	0.000922	1.002972	-0.382475	
361	1.003431	-0.001154	-0.638873	0.001154	1.003431	-0.857488	
362	1.006455	-0.004227	0.571142	0.004227	1.006455	-2.824379	
363	1.003111	-0.001546	-0.115824	0.001546	1.003111	-1.092748	
364	1.003488	-0.001142	-0.770490	0.001142	1.003488	-0.818213	
365	1.003559	-0.001170	-0.829842	0.001170	1.003559	-0.947997	
366	1.004026	-0.001264	-1.001835	0.001264	1.004026	-1.180276	
367	1.012521	-0.000322	-6.141015	0.000322	1.012521	-1.071231	
368	1.003501	-0.001076	-0.769524	0.001076	1.003501	-1.180962	
369	1.003541	-0.001063	-0.636594	0.001063	1.003541	-1.212236	
370	1.003901	-0.001303	-0.556159	0.001303	1.003901	-1.797287	
371	1.003561	-0.002071	0.284444	0.002071	1.003561	-2.421717	
372	1.010966	-0.001342	-2.670844	0.001342	1.010966	-2.720793	
373	1.003874	-0.001987	0.466093	0.001987	1.003874	-2.168611	
374	1.003957	-0.001956	0.607080	0.001956	1.003957	-2.078133	
375	1.004341	-0.002119	0.625019	0.002119	1.004341	-2.492374	
376	1.004503	-0.002250	1.000337	0.002250	1.004503	-2.704841	
377	1.011598	-0.003566	1.612644	0.003566	1.011598	-5.469365	
378	1.005169	-0.002303	1.638275	0.002303	1.005169	-3.262119	
379	1.002350	-0.002859	2.876885	0.002859	1.002350	-2.645557	
380	1.004398	-0.002309	2.287635	0.002309	1.004398	-3.289163	
381	1.003286	-0.002401	2.908195	0.002401	1.003286	-3.251804	
382	1.004881	-0.000893	8.168727	0.000893	1.004881	-3.668890	
383	1.004483	-0.001903	2.566191	0.001903	1.004483	-3.815766	
384	1.004279	-0.002249	2.771927	0.002249	1.004279	-3.514155	
385	1.003590	-0.002585	2.696771	0.002585	1.003590	-2.984200	
386	1.003792	-0.002201	2.181968	0.002201	1.003792	-2.595092	
387	1.007305	-0.003236	2.734391	0.003236	1.007305	-4.133294	
388	1.002836	-0.001225	0.317028	0.001225	1.002836	-1.820825	
389	1.002037	-0.001373	0.563088	0.001373	1.002037	-1.666777	
390	1.002306	-0.000954	0.074333	0.000954	1.002306	-1.232451	
391	1.002102	-0.000948	0.138150	0.000948	1.002102	-0.799625	
392	1.005090	-0.002051	-0.451673	0.002051	1.005090	-1.770577	
393	1.002582	-0.001056	0.147486	0.001056	1.002582	-1.606084	
394	1.003047	-0.000906	-0.063930	0.000906	1.003047	-2.184679	
395	1.002947	-0.000702	-0.561746	0.000702	1.002947	-2.314539	
396	1.002741	-0.000700	-0.641311	0.000700	1.002741	-2.276252	
397	1.003232	-0.001576	0.935470	0.001576	1.003232	-2.353025	
398	1.000359	-0.001184	1.702669	0.001184	1.000359	0.259399	
399	0.999835	-0.001415	2.154803	0.001415	0.999835	0.798061	
400	0.999508	-0.001689	2.812079	0.001689	0.999508	0.855962	
401	0.999912	-0.001803	2.891226	0.001803	0.999912	0.185847	
402	1.000115	-0.002836	5.127999	0.002836	1.000115	-0.024101	
403	0.999984	-0.001224	2.107731	0.001224	0.999984	-0.111929	
404	0.999961	-0.000940	1.877821	0.000940	0.999961	-0.136916	
405	1.000100	-0.000560	1.422348	0.000560	1.000100	-0.421424	
406	1.000183	-0.000233	1.122610	0.000233	1.000183	-0.507190	
407	1.001110	-0.000602	0.987537	0.000602	1.001110	-1.332572	
408	1.000151	-0.000617	1.463572	0.000617	1.000151	-0.322325	
409	1.000306	-0.000998	1.669798	0.000998	1.000306	-0.507081	
410	1.000293	-0.000984	2.119640	0.000984	1.000293	-0.411779	
411	1.000452	-0.001260	2.335096	0.001260	1.000452	-0.865038	
412	1.001241	-0.002249	2.862603	0.002249	1.001241	-2.267280	
413	1.000350	-0.000730	1.490265	0.000730	1.000350	-0.893943	
414	1.000192	-0.000474	0.982874	0.000474	1.000192	-0.571485	
415	0.999778	-0.000139	0.461450	0.000139	0.999778	-0.020955	
416	0.999401	0.000039	0.258803	-0.000039	0.999401	0.437357	
417	0.998939	0.000688	-0.991307	-0.000688	0.998939	1.141918	
418	0.999315	0.000623	-0.691360	-0.000623	0.999315	0.396472	
419	0.999589	0.000813	-1.089254	-0.000813	0.999589	0.372815	
420	0.999485	0.000903	-1.137336	-0.000903	0.999485	0.524172	
421	0.999286	0.000770	-0.885612	-0.000770	0.999286	0.746470	
422	0.997905	0.001228	-1.279103	-0.001228	0.997905	2.626321	
423	0.998560	0.000831	-0.773780	-0.000831	0.998560	1.796383	
424	0.998562	0.000951	-0.853619	-0.000951	0.998562	1.581334	
425	0.998491	0.001169	-0.538588	-0.001169	0.998491	1.676272	
426	0.998597	0.000989	-0.639214	-0.000989	0.998597	1.499930	
427	0.997100	0.001601	-1.216950	-0.001601	0.997100	2.958417	
428	0.998585	0.000464	-0.041877	-0.000464	0.998585	1.124709	
429	0.998864	0.000615	-0.374304	-0.000615	0.998864	0.910214	
430	0.998779	0.000903	-0.744424	-0.000903	0.998779	0.884284	
431	0.998928	0.001033	-1.055615	-0.001033	0.998928	0.670118	
432	0.998050	0.002289	-2.266819	-0.002289	0.998050	1.586823	
433	0.999012	0.000878	-0.677596	-0.000878	0.999012	0.596157	
434	0.998953	0.000676	-0.406229	-0.000676	0.998953	0.944006	
435	0.998815	0.000240	0.332580	-0.000240	0.998815	1.128344	
436	0.998963	-0.000088	0.697747	0.000088	0.998963	1.140261	
437	0.997858	-0.001189	2.553919	0.001189	0.997858	1.896720	
438	0.999327	-0.000591	1.203840	0.000591	0.999327	0.696308	
439	0.999606	-0.000774	1.359956	0.000774	0.999606	0.363975	
440	0.999996	-0.000945	1.326824	0.000945	0.999996	0.019207	
441	1.000373	-0.001037	0.995126	0.001037	1.000373	-0.301228	
442	1.000216	-0.000846	1.024953	0.000846	1.000216	-0.182926	
443	1.000222	-0.001136	1.713467	0.001136	1.000222	-0.029599	
444	1.000059	-0.000576	0.716155	0.000576	1.000059	-0.160866	
445	0.999970	-0.000644	0.854584	0.000644	0.999970	-0.136226	
446	1.000004	-0.000779	0.952497	0.000779	1.000004	-0.153530	
447	1.000108	-0.000952	1.004777	0.000952	1.000108	-0.104094	
448	1.000077	-0.001865	1.895566	0.001865	1.000077	-0.006511	
449	0.999725	-0.000814	1.028351	0.000814	0.999725	0.401753	
450	1.000160	-0.000972	0.517776	0.000972	1.000160	-0.079519	
451	1.000243	-0.000816	0.497419	0.000816	1.000243	-0.201673	
452	1.000315	-0.001112	0.764214	0.001112	1.000315	-0.493475	
453	1.000053	-0.001748	2.140029	0.001748	1.000053	0.288230	
454	0.999939	-0.001278	1.316137	0.001278	0.999939	0.151822	
455	1.000045	-0.001182	1.263085	0.001182	1.000045	0.114256	
456	1.000077	-0.000984	1.089594	0.000984	1.000077	-0.000845	
457	1.000149	-0.000708	0.806702	0.000708	1.000149	-0.074555	
458	1.000964	-0.000887	0.768948	0.000887	1.000964	-0.668395	
459	1.000496	-0.000495	0.404812	0.000495	1.000496	-0.450995	
460	1.000479	-0.000530	0.259334	0.000530	1.000479	-0.359861	
461	1.000247	-0.000432	0.118934	0.000432	1.000247	-0.002747	
462	1.000316	-0.000457	0.071255	0.000457	1.000316	0.140858	
463	1.002688	-0.000831	-1.442638	0.000831	1.002688	-0.630382	
464	1.002994	-0.000155	-2.010476	0.000155	1.002994	-0.887496	
465	1.003024	-0.000033	-2.161766	0.000033	1.003024	-0.916511	
466	1.002926	-0.000032	-2.183339	0.000032	1.002926	-0.967961	
467	1.002408	0.000042	-1.862465	-0.000042	1.002408	-0.655681	
468	1.004949	0.000507	-5.308560	-0.000507	1.004949	-0.041659	
469	1.001436	0.000039	-1.659154	-0.000039	1.001436	-0.013956	
470	1.001769	0.000152	-2.005374	-0.000152	1.001769	-0.068529	
471	1.002084	0.000117	-1.874011	-0.000117	1.002084	-0.423355	
472	1.002569	0.000095	-2.171874	-0.000095	1.002569	-0.668338	
473	1.002696	-0.000662	-1.767455	0.000662	1.002696	-1.120813	
474	1.002894	0.000179	-2.615988	-0.000179	1.002894	-0.760073	
475	1.002493	0.000340	-2.345070	-0.000340	1.002493	-0.509695	
476	1.001572	0.000667	-2.038991	-0.000667	1.001572	0.188165	
477	1.000269	0.000632	-1.420501	-0.000632	1.000269	0.808584	
478	0.999550	0.001207	-2.552569	-0.001207	0.999550	2.122463	
479	1.000263	0.000429	-1.294531	-0.000429	1.000263	0.875471	
480	1.001100	0.000227	-1.571859	-0.000227	1.001100	0.381424	
481	1.001379	-0.000140	-1.448525	0.000140	1.001379	0.068635	
482	1.001553	-0.000285	-1.494269	0.000285	1.001553	-0.080383	
483	1.005458	-0.000639	-4.171575	0.000639	1.005458	-1.433774	
484	1.002383	-0.000472	-1.042623	0.000472	1.002383	-0.914348	
485	1.002398	-0.000371	-1.133130	0.000371	1.002398	-1.015900	
486	1.002546	-0.000386	-1.035028	0.000386	1.002546	-1.275925	
487	1.002654	-0.000663	-0.290420	0.000663	1.002654	-1.602311	
488	1.005279	-0.001842	0.514395	0.001842	1.005279	-3.503090	
489	1.002596	-0.001093	0.254398	0.001093	1.002596	-1.884542	
490	1.002594	-0.001025	0.292409	0.001025	1.002594	-1.735637	
491	1.002553	-0.001043	0.152968	0.001043	1.002553	-1.633949	
492	1.002366	-0.000977	0.020225	0.000977	1.002366	-1.415717	
493	1.004842	-0.001845	0.183281	0.001845	1.004842	-3.367649	
494	1.002392	-0.000902	0.434845	0.000902	1.002392	-2.188879	
495	1.001600	-0.000973	0.887600	0.000973	1.001600	-1.693634	
496	1.001073	-0.001028	1.195497	0.001028	1.001073	-1.266762	
497	1.000777	-0.001068	1.499247	0.001068	1.000777	-0.907262	
498	1.001514	-0.002267	3.023822	0.002267	1.001514	-1.611075	
499	1.000641	-0.001085	1.547872	0.001085	1.000641	-0.661583	
500	1.000525	-0.000981	1.399481	0.000981	1.000525	-0.376027	
501	1.000409	-0.000872	1.307006	0.000872	1.000409	-0.126193	
502	1.000376	-0.000847	1.171371	0.000847	1.000376	-0.046431	
503	1.000783	-0.001400	2.000749	0.001400	1.000783	-0.121485	
504	1.000453	-0.000666	1.077643	0.000666	1.000453	-0.199090	
505	1.000505	-0.000710	1.040760	0.000710	1.000505	-0.464434	
506	1.000600	-0.000666	0.793804	0.000666	1.000600	-0.682457	
507	1.000623	-0.000608	0.792528	0.000608	1.000623	-0.686824	
508	1.001291	-0.001417	1.914222	0.001417	1.001291	-1.391923	
509	1.000600	-0.000769	0.982003	0.000769	1.000600	-0.621810	
510	1.000545	-0.000794	1.066857	0.000794	1.000545	-0.614126	
511	1.000594	-0.000816	1.246336	0.000816	1.000594	-0.747478	
512	1.000712	-0.000916	1.629818	0.000916	1.000712	-1.018945	
513	1.001781	-0.002221	3.883886	0.002221	1.001781	-2.932612	
514	1.001525	-0.001293	2.450944	0.001293	1.001525	-2.130561	
515	1.001682	-0.001243	2.390275	0.001243	1.001682	-2.369450	
516	1.001614	-0.001181	2.039274	0.001181	1.001614	-2.355737	
517	1.001328	-0.000954	1.678878	0.000954	1.001328	-2.046457	
518	1.002126	-0.001179	2.080574	0.001179	1.002126	-3.307129	
519	1.000822	-0.000205	0.446048	0.000205	1.000822	-0.902027	
520	1.000682	-0.000156	0.455409	0.000156	1.000682	-0.317146	
521	1.000468	-0.000118	0.351088	0.000118	1.000468	0.059273	
522	1.000445	0.000096	0.027918	-0.000096	1.000445	0.048212	
523	1.001284	0.000332	-0.501669	-0.000332	1.001284	-1.035807	
524	1.000750	0.000526	-0.568935	-0.000526	1.000750	-0.568646	
525	1.000570	0.000540	-0.611736	-0.000540	1.000570	-0.413665	
526	1.000166	0.000479	-0.478574	-0.000479	1.000166	0.025417	
527	0.999926	0.000616	-0.734433	-0.000616	0.999926	0.424574	
528	0.998996	0.001904	-2.722880	-0.001904	0.998996	2.045236	
529	0.999464	0.001510	-1.545280	-0.001510	0.999464	1.439372	
530	0.999616	0.001812	-1.960067	-0.001812	0.999616	1.144765	
531	0.999733	0.001851	-2.172385	-0.001851	0.999733	0.893203	
532	0.999797	0.001673	-2.091830	-0.001673	0.999797	0.797410	
533	0.998234	0.003453	-3.066523	-0.003453	0.998234	3.012394	
534	0.999022	0.001273	-1.091951	-0.001273	0.999022	1.814840	
535	0.999070	0.001067	-0.822829	-0.001067	0.999070	1.759559	
536	0.999124	0.000623	-0.377025	-0.000623	0.999124	1.508507	
537	0.999369	0.000262	0.277974	-0.000262	0.999369	1.114976	
538	0.999045	-0.000306	1.948367	0.000306	0.999045	1.063315	
539	0.999898	-0.000136	0.792904	0.000136	0.999898	-0.241629	
540	1.000094	-0.000028	0.530061	0.000028	1.000094	-0.836671	
541	1.000282	0.000258	0.193162	-0.000258	1.000282	-1.103313	
542	1.000102	0.000493	-0.216350	-0.000493	1.000102	-1.023118	
543	0.998591	0.001336	-0.960374	-0.001336	0.998591	-0.212702	
544	0.997771	0.000442	0.700547	-0.000442	0.997771	1.305690	
545	0.997040	0.000288	1.132663	-0.000288	0.997040	2.276203	
546	0.997140	0.000200	0.876902	-0.000200	0.997140	2.821160	
547	0.997142	0.000199	0.716808	-0.000199	0.997142	3.088161	
548	0.997042	0.000617	-0.446941	-0.000617	0.997042	4.386781	
549	0.999209	0.000608	-0.744524	-0.000608	0.999209	1.351088	
550	0.999327	0.000820	-0.947418	-0.000820	0.999327	0.908710	
551	0.999449	0.000988	-1.298978	-0.000988	0.999449	0.753453	
552	0.999326	0.000860	-1.113724	-0.000860	0.999326	0.928683	
553	0.998693	0.001200	-1.782482	-0.001200	0.998693	2.338079	
554	0.999327	0.000534	-0.753242	-0.000534	0.999327	1.268876	
555	0.999499	0.000250	-0.383301	-0.000250	0.999499	0.701100	
556	0.999948	0.000256	-0.286066	-0.000256	0.999948	0.097267	
557	1.000273	0.000251	-0.272908	-0.000251	1.000273	-0.424894	
558	1.000786	0.000360	-0.363435	-0.000360	1.000786	-1.660068	
559	1.000284	0.000218	-0.385841	-0.000218	1.000284	-0.399951	
560	0.999956	-0.000022	0.200026	0.000022	0.999956	0.122221	
561	0.999769	-0.000378	0.623612	0.000378	0.999769	0.418637	
562	0.999819	-0.000550	0.695352	0.000550	0.999819	0.498723	
563	0.999969	-0.001053	1.776576	0.001053	0.999969	0.148552	
564	1.000266	-0.000342	0.478724	0.000342	1.000266	-0.354105	
565	1.000146	-0.000244	0.263674	0.000244	1.000146	-0.297438	
566	1.000027	-0.000168	-0.006185	0.000168	1.000027	-0.100476	
567	1.000022	-0.000183	0.000923	0.000183	1.000022	-0.082630	
568	1.000182	-0.000330	0.449992	0.000330	1.000182	-0.373175	
569	1.000202	-0.000284	0.319122	0.000284	1.000202	-0.420646	
570	1.000219	-0.000257	0.137582	0.000257	1.000219	-0.369547	
571	1.000277	-0.000318	0.277001	0.000318	1.000277	-0.262604	
572	1.000322	-0.000318	0.446536	0.000318	1.000322	-0.224920	
573	1.000779	-0.001031	1.320147	0.001031	1.000779	-0.584122	
574	1.000390	-0.000524	0.673298	0.000524	1.000390	-0.472375	
575	1.000530	-0.000385	0.478600	0.000385	1.000530	-0.640463	
576	1.000480	-0.000152	0.306999	0.000152	1.000480	-0.670075	
577	1.000523	0.000034	-0.181637	-0.000034	1.000523	-0.519987	
578	1.000426	0.000508	-1.239997	-0.000508	1.000426	-0.497459	
579	1.000282	0.000369	-0.726513	-0.000369	1.000282	-0.242418	
580	1.000194	0.000561	-1.002719	-0.000561	1.000194	0.096567	
581	1.000019	0.000374	-0.927874	-0.000374	1.000019	0.129055	
582	1.000222	0.000437	-1.134236	-0.000437	1.000222	0.245745	
583	1.000038	0.000532	-1.267522	-0.000532	1.000038	0.451123	
584	1.000143	0.000173	-0.880333	-0.000173	1.000143	0.098515	
585	1.000177	0.000188	-0.981271	-0.000188	1.000177	0.190913	
586	1.000068	0.000083	-0.681439	-0.000083	1.000068	0.208149	
587	1.000184	-0.000056	-0.593698	0.000056	1.000184	0.078694	
588	1.000209	0.000163	-0.642142	-0.000163	1.000209	0.289148	
589	1.000365	-0.000303	-0.270832	0.000303	1.000365	-0.303924	
590	1.000433	-0.000507	-0.045716	0.000507	1.000433	-0.386857	
591	1.000550	-0.000452	-0.018721	0.000452	1.000550	-0.453953	
592	1.000570	-0.000360	-0.237497	0.000360	1.000570	-0.538193	
593	1.000622	-0.000218	-0.074512	0.000218	1.000622	-0.241367	
594	1.000374	-0.000155	-0.002982	0.000155	1.000374	0.020195	
595	1.000207	-0.000258	0.200689	0.000258	1.000207	0.077517	
596	1.000191	-0.000239	0.264086	0.000239	1.000191	0.175808	
597	1.000141	-0.000225	0.471482	0.000225	1.000141	0.331266	
598	0.999666	-0.001074	1.576667	0.001074	0.999666	1.094683	
599	1.000004	-0.000385	0.467633	0.000385	1.000004	0.577557	
600	1.000309	-0.000479	0.453634	0.000479	1.000309	0.235051	
601	1.000676	-0.000547	0.300241	0.000547	1.000676	-0.172446	
602	1.000818	-0.000697	0.249500	0.000697	1.000818	-0.439012	
603	1.000943	-0.001829	1.946417	0.001829	1.000943	-0.840375	
604	1.000884	-0.001094	0.753217	0.001094	1.000884	-0.634283	
605	1.000862	-0.001115	0.820141	0.001115	1.000862	-0.532787	
606	1.000864	-0.001177	1.179293	0.001177	1.000864	-0.607380	
607	1.002039	-0.001764	0.737796	0.001764	1.002039	-1.757970	
608	1.001027	-0.001647	2.131140	0.001647	1.001027	-1.138901	
609	1.002675	-0.002321	5.925925	0.002321	1.002675	-1.482486	
610	1.001106	-0.001832	2.685408	0.001832	1.001106	-1.593120	
611	1.001019	-0.001404	2.207401	0.001404	1.001019	-1.652020	
612	1.000957	-0.000990	1.637553	0.000990	1.000957	-1.931073	
613	1.001010	-0.000612	0.800347	0.000612	1.001010	-2.085995	
614	1.002686	-0.000806	0.201337	0.000806	1.002686	-4.062051	
615	1.000230	-0.000421	0.692050	0.000421	1.000230	-0.992149	
616	0.999881	-0.000473	0.803497	0.000473	0.999881	-0.127716	
617	0.999529	-0.000383	0.878954	0.000383	0.999529	0.692819	
618	0.999387	-0.000434	0.966241	0.000434	0.999387	0.783296	
619	0.998982	-0.001086	1.721476	0.001086	0.998982	1.102933	
620	0.999548	-0.000440	0.816131	0.000440	0.999548	0.190583	
621	0.999499	-0.000344	0.681755	0.000344	0.999499	0.373909	
622	0.999314	-0.000158	0.474167	0.000158	0.999314	0.713972	
623	0.999293	-0.000064	0.012149	0.000064	0.999293	0.820757	
624	0.999683	0.000112	-0.544822	-0.000112	0.999683	1.219811	
625	0.999873	-0.000070	0.286249	0.000070	0.999873	0.213852	
626	0.999964	-0.000296	0.415967	0.000296	0.999964	0.091382	
627	1.000050	-0.000377	0.443231	0.000377	1.000050	0.016826	
628	1.000035	-0.000392	0.508786	0.000392	1.000035	0.282959	
629	1.000499	-0.000584	0.165082	0.000584	1.000499	1.436958	
630	1.000076	-0.000116	-0.185842	0.000116	1.000076	1.120186	
631	1.000311	0.000099	-0.930595	-0.000099	1.000311	1.102369	
632	1.000667	0.000318	-1.426069	-0.000318	1.000667	0.942396	
633	1.002269	0.000465	-2.587519	-0.000465	1.002269	0.076815	
634	1.005296	0.000931	-5.356702	-0.000931	1.005296	-1.435335	
635	1.004175	0.000837	-4.460182	-0.000837	1.004175	-1.167784	
636	1.002698	0.000639	-3.213968	-0.000639	1.002698	-0.560621	
637	1.001680	0.000595	-2.644576	-0.000595	1.001680	0.019577	
638	1.001218	0.000740	-2.520730	-0.000740	1.001218	0.248605	
639	1.002480	0.001381	-4.100498	-0.001381	1.002480	-0.273321	
640	1.000802	0.000744	-1.564465	-0.000744	1.000802	-0.704979	
641	1.000612	0.000760	-1.367795	-0.000760	1.000612	-0.866032	
642	1.000327	0.000611	-1.114633	-0.000611	1.000327	-0.753332	
643	0.999958	0.000776	-0.933008	-0.000776	0.999958	-0.305271	
644	0.999646	0.002210	-3.610921	-0.002210	0.999646	0.556736	
645	0.999580	0.001344	-2.114026	-0.001344	0.999580	0.630215	
646	0.999664	0.001435	-2.401202	-0.001435	0.999664	0.653813	
647	0.999678	0.001675	-2.412853	-0.001675	0.999678	0.677805	
648	0.999842	0.001663	-2.750069	-0.001663	0.999842	0.431626	
649	0.995543	0.005057	-3.424944	-0.005057	0.995543	4.386403	
650	0.999821	0.002038	-3.690167	-0.002038	0.999821	0.929403	
651	0.999706	0.002170	-3.765557	-0.002170	0.999706	1.222490	
652	1.000195	0.002174	-4.194074	-0.002174	1.000195	1.053690	
653	1.000496	0.002260	-4.429754	-0.002260	1.000496	0.983968	
654	1.003544	0.001008	-12.137149	-0.001008	1.003544	-2.208389	
655	1.000298	0.002415	-4.331191	-0.002415	1.000298	1.015909	
656	1.000550	0.002390	-4.436687	-0.002390	1.000550	0.776165	
657	1.000375	0.002394	-4.368000	-0.002394	1.000375	0.822368	
658	0.999572	0.002683	-4.096388	-0.002683	0.999572	1.515707	
659	0.993085	0.005897	-3.097453	-0.005897	0.993085	6.917717	
660	0.999200	0.002492	-4.084750	-0.002492	0.999200	1.981490	
661	0.999219	0.002351	-4.401296	-0.002351	0.999219	1.994987	
662	0.998210	0.002757	-3.356134	-0.002757	0.998210	2.818343	
663	1.001208	0.002091	-5.577782	-0.002091	1.001208	1.088195	
664	1.006177	0.000624	-13.415331	-0.000624	1.006177	-1.429565	
665	0.998883	0.001620	-2.053266	-0.001620	0.998883	1.617829	
666	1.000840	0.001518	-4.247674	-0.001518	1.000840	0.762806	
667	1.000534	0.001581	-3.644008	-0.001581	1.000534	0.854529	
668	0.999168	0.001745	-1.843461	-0.001745	0.999168	1.515657	
669	0.997834	0.003292	-2.902303	-0.003292	0.997834	3.245809	
670	0.999751	0.001640	-2.396596	-0.001640	0.999751	1.516312	
671	0.999558	0.001655	-2.157210	-0.001655	0.999558	1.792859	
672	0.999724	0.001695	-2.535845	-0.001695	0.999724	1.536027	
673	1.000564	0.001862	-3.478046	-0.001862	1.000564	0.936187	
674	0.998979	0.003504	-3.432071	-0.003504	0.998979	2.419240	
675	1.000907	0.001293	-2.585103	-0.001293	1.000907	0.099684	
676	1.000951	0.000903	-1.911377	-0.000903	1.000951	-0.348734	
677	1.001227	0.000502	-1.269445	-0.000502	1.001227	-0.883045	
678	1.001335	0.000117	-0.550794	-0.000117	1.001335	-1.271041	
679	1.003171	-0.001424	1.432349	0.001424	1.003171	-3.092629	
680	1.001528	-0.001434	1.643711	0.001434	1.001528	-1.121300	
681	1.001372	-0.001674	1.963451	0.001674	1.001372	-0.847480	
682	1.001082	-0.001897	2.025753	0.001897	1.001082	-0.783353	
683	1.000717	-0.001771	1.746051	0.001771	1.000717	-0.396528	
684	0.999813	-0.002040	2.492169	0.002040	0.999813	2.036275	
685	0.999598	-0.001042	1.050340	0.001042	0.999598	1.068729	
686	1.000283	-0.000934	0.886941	0.000934	1.000283	0.694811	
687	1.000576	-0.000712	0.487025	0.000712	1.000576	0.840077	
688	1.000878	-0.000863	0.068057	0.000863	1.000878	0.951052	
689	1.010013	0.000217	-6.085458	-0.000217	1.010013	4.318463	
690	0.999839	-0.003020	1.859292	0.003020	0.999839	0.939500	
691	0.999436	-0.002558	1.613338	0.002558	0.999436	1.835105	
692	0.999760	-0.002264	1.059581	0.002264	0.999760	1.306188	
693	0.999563	-0.003515	2.259586	0.003515	0.999563	0.318989	
694	1.014454	0.000215	-14.613443	-0.000215	1.014454	5.251001	
695	0.999759	-0.002607	1.000428	0.002607	0.999759	1.143183	
696	1.010446	0.000082	-10.735939	-0.000082	1.010446	1.398858	
697	0.999338	-0.002840	1.484025	0.002840	0.999338	1.101530	
698	0.999745	-0.002416	0.863621	0.002416	0.999745	1.187591	
699	1.021631	0.002265	-23.162775	-0.002265	1.021631	3.832546	
700	1.001157	-0.002630	0.562256	0.002630	1.001157	0.154090	
701	1.011169	0.000261	-9.877160	-0.000261	1.011169	0.228404	
702	1.002197	-0.002481	0.046973	0.002481	1.002197	-0.795291	
703	1.009102	0.000096	-7.464091	-0.000096	1.009102	-0.666019	
704	1.021807	-0.000227	-17.142604	0.000227	1.021807	-1.734295	
705	1.002719	-0.002247	-0.384127	0.002247	1.002719	-0.946501	
706	1.007620	0.000183	-6.116293	-0.000183	1.007620	-0.201472	
707	1.008382	0.000289	-6.677561	-0.000289	1.008382	-0.552162	
708	1.007423	0.000028	-5.786409	-0.000028	1.007423	-1.079352	
709	1.019937	0.000592	-14.938867	-0.000592	1.019937	-3.290999	
710	1.009113	0.000003	-6.873454	-0.000003	1.009113	-2.680677	
711	1.008818	-0.000263	-6.555527	0.000263	1.008818	-3.027644	
712	1.008884	0.000094	-6.454010	-0.000094	1.008884	-2.987626	
713	1.007825	-0.000111	-5.223645	0.000111	1.007825	-2.862795	
714	1.011070	-0.004131	-3.036571	0.004131	1.011070	-6.981300	
715	1.008895	-0.000281	-5.575893	0.000281	1.008895	-2.971969	
716	1.007612	-0.000323	-4.622678	0.000323	1.007612	-2.484040	
717	1.009030	-0.000149	-5.922226	0.000149	1.009030	-2.854566	
718	1.006903	-0.000317	-4.085362	0.000317	1.006903	-2.574631	
719	1.014233	-0.000509	-9.715769	0.000509	1.014233	-5.951177	
720	1.003531	0.000030	-2.260671	-0.000030	1.003531	-2.043025	
721	1.002424	0.000097	-1.719358	-0.000097	1.002424	-1.755940	
722	1.001780	0.000206	-1.519349	-0.000206	1.001780	-1.528749	
723	1.001668	0.000153	-1.303652	-0.000153	1.001668	-1.500370	
724	1.002957	0.000113	-1.398960	-0.000113	1.002957	-2.859323	
725	1.001355	-0.000060	-0.638104	0.000060	1.001355	-1.244751	
726	1.001429	-0.000201	-0.322123	0.000201	1.001429	-1.295978	
727	1.001554	-0.000351	-0.015489	0.000351	1.001554	-1.377836	
728	1.001339	-0.000107	-0.449466	0.000107	1.001339	-1.026356	
729	1.001781	0.000232	-1.207374	-0.000232	1.001781	-1.526343	
730	1.000842	0.000388	-1.038976	-0.000388	1.000842	-0.646292	
731	1.000307	0.000439	-0.808550	-0.000439	1.000307	-0.155661	
732	1.000009	0.000252	-0.345469	-0.000252	1.000009	0.220878	
733	0.999821	0.000195	-0.336005	-0.000195	0.999821	0.297727	
734	0.999828	0.000233	-0.484800	-0.000233	0.999828	0.325628	
735	1.000022	0.000080	-0.167683	-0.000080	1.000022	0.074889	
736	1.000070	0.000057	-0.359473	-0.000057	1.000070	0.007555	
737	1.000118	-0.000044	-0.210751	0.000044	1.000118	-0.050487	
738	1.000187	-0.000065	-0.151323	0.000065	1.000187	-0.062576	
739	1.000164	-0.000190	-0.009866	0.000190	1.000164	-0.188017	
740	1.000018	-0.000290	0.176028	0.000290	1.000018	-0.363084	
741	0.999909	-0.000286	0.229479	0.000286	0.999909	-0.374196	
742	0.999826	-0.000219	0.236690	0.000219	0.999826	-0.202162	
743	0.999765	-0.000219	0.343092	0.000219	0.999765	-0.195797	
744	1.000031	-0.000269	0.277852	0.000269	1.000031	-0.314998	
745	0.999929	0.000081	0.310747	-0.000081	0.999929	-0.066184	
746	1.000067	0.000173	0.073989	-0.000173	1.000067	-0.037211	
747	1.000086	0.000223	0.006729	-0.000223	1.000086	0.034031	
748	1.000172	0.000234	0.031203	-0.000234	1.000172	0.097643	
749	0.999952	0.000132	0.348935	-0.000132	0.999952	0.227569	
750	0.999871	-0.000015	0.349654	0.000015	0.999871	0.308665	
751	0.999963	-0.000011	0.251150	0.000011	0.999963	0.173535	
752	0.999951	-0.000033	0.183644	0.000033	0.999951	-0.087707	
753	0.999893	-0.000085	0.340746	0.000085	0.999893	-0.195745	
754	1.000535	-0.000433	0.771409	0.000433	1.000535	-1.001944	
755	1.000152	-0.000266	0.332103	0.000266	1.000152	-0.493843	
756	1.000110	-0.000318	0.477525	0.000318	1.000110	-0.481965	
757	1.000225	-0.000219	0.550481	0.000219	1.000225	-0.712526	
758	1.000420	-0.000104	0.258564	0.000104	1.000420	-1.088128	
759	1.001441	0.000488	-1.763268	-0.000488	1.001441	-3.107683	
760	1.001111	0.000665	-1.033089	-0.000665	1.001111	-1.729971	
761	1.000699	0.000692	-1.076272	-0.000692	1.000699	-1.467157	
762	1.000559	0.000743	-1.518769	-0.000743	1.000559	-0.967739	
763	1.000210	0.000692	-1.349392	-0.000692	1.000210	-0.581201	
764	1.000609	0.001254	-2.304328	-0.001254	1.000609	-1.404779	
765	1.000634	0.000752	-1.561821	-0.000752	1.000634	-1.499026	
766	1.000723	0.000798	-1.734768	-0.000798	1.000723	-1.979802	
767	1.000816	0.000629	-1.348612	-0.000629	1.000816	-2.083106	
768	1.000607	0.000422	-0.882022	-0.000422	1.000607	-2.061316	
769	0.999649	-0.000114	-0.970126	0.000114	0.999649	-6.789892	
770	1.001418	0.000455	-0.658500	-0.000455	1.001418	-2.947931	
771	1.001751	0.000398	-0.361363	-0.000398	1.001751	-3.804824	
772	1.002210	0.000544	-1.032537	-0.000544	1.002210	-4.627684	
773	1.002284	0.000594	-1.539360	-0.000594	1.002284	-4.844123	
774	1.004649	0.003526	-4.587719	-0.003526	1.004649	-3.142941	
775	0.999824	0.000242	1.041612	-0.000242	0.999824	-14.862846	
776	1.000560	0.000266	-1.494718	-0.000266	1.000560	-7.774500	
777	1.002034	0.002699	-2.802100	-0.002699	1.002034	-6.288636	
778	1.000084	0.000253	-0.404081	-0.000253	1.000084	-8.991860	
779	1.000283	-0.000017	-1.745142	0.000017	1.000283	-10.061367	
780	1.000446	-0.000087	-4.600904	0.000087	1.000446	-23.246212	
781	0.998307	0.000098	-0.885075	-0.000098	0.998307	-11.387875	
782	0.996865	0.000175	-0.523572	-0.000175	0.996865	-11.002145	
783	0.997427	-0.000174	-0.447401	0.000174	0.997427	-11.803414	
784	0.995118	-0.000187	0.960254	0.000187	0.995118	-10.768214	
785	0.982020	0.000245	7.894770	-0.000245	0.982020	-17.318982	
786	0.991599	0.000243	3.284276	-0.000243	0.991599	-7.236165	
787	0.991069	-0.000254	3.169716	0.000254	0.991069	-7.006458	
788	0.990146	-0.000216	3.772725	0.000216	0.990146	-6.331731	
789	0.991262	-0.000241	4.105725	0.000241	0.991262	-5.704902	
790	0.979804	-0.000141	15.426574	0.000141	0.979804	-4.745557	
791	0.999035	0.000390	0.839330	-0.000390	0.999035	-0.932924	
792	1.000055	-0.001777	2.087726	0.001777	1.000055	-2.103495	
793	1.001284	-0.003027	2.307488	0.003027	1.001284	-3.099604	
794	1.002080	-0.004489	3.357267	0.004489	1.002080	-4.921298	
795	0.981973	-0.001838	33.684990	0.001838	0.981973	-1.354877	
796	1.006229	-0.002820	0.476479	0.002820	1.006229	-6.200240	
797	1.007489	-0.002878	0.252212	0.002878	1.007489	-6.517628	
798	0.994711	-0.001776	15.608743	0.001776	0.994711	-1.638702	
799	1.008672	-0.006542	2.042858	0.006542	1.008672	-8.591368	
800	0.998638	-0.003866	30.575550	0.003866	0.998638	-2.182995	
801	1.013076	-0.014146	5.577375	0.014146	1.013076	-13.499395	
802	1.013468	-0.010772	4.048936	0.010772	1.013468	-11.483073	
803	1.012901	-0.010139	4.811012	0.010139	1.012901	-11.687898	
804	1.013874	-0.010925	3.948084	0.010925	1.013874	-11.621916	
805	0.990098	-0.001281	45.487467	0.001281	0.990098	0.978561	
806	1.012810	-0.009378	2.765579	0.009378	1.012810	-11.696443	
807	1.013247	-0.011157	2.895298	0.011157	1.013247	-12.487686	
808	1.014472	-0.009234	2.651768	0.009234	1.014472	-12.032202	
809	1.014994	-0.009668	2.290791	0.009668	1.014994	-12.408060	
810	0.988873	-0.002021	49.684230	0.002021	0.988873	-2.899735	
811	1.014785	-0.004291	-1.411402	0.004291	1.014785	-11.113006	
812	1.015483	-0.006368	0.276104	0.006368	1.015483	-12.743175	
813	1.013008	-0.006332	-0.547331	0.006332	1.013008	-11.105815	
814	1.010490	-0.009612	1.001020	0.009612	1.010490	-12.758263	
815	0.996162	-0.008398	10.145377	0.008398	0.996162	-2.215992	
816	0.997993	-0.000756	1.300705	0.000756	0.997993	1.611965	
817	1.002730	-0.008687	5.018395	0.008687	1.002730	-6.260222	
818	1.005914	-0.008856	4.214311	0.008856	1.005914	-7.230716	
819	0.989939	-0.006298	14.916056	0.006298	0.989939	1.012820	
820	0.998365	-0.001601	23.096041	0.001601	0.998365	-1.357370	
821	1.005969	-0.006150	2.233789	0.006150	1.005969	-6.951912	
822	1.002041	-0.005077	3.204965	0.005077	1.002041	-3.776447	
823	1.000939	-0.003510	2.372503	0.003510	1.000939	-2.172233	
824	0.999847	-0.005331	4.509501	0.005331	0.999847	-2.031721	
825	0.978706	-0.001148	34.676194	0.001148	0.978706	8.978880	
826	0.984050	-0.006341	18.808168	0.006341	0.984050	3.459304	
827	0.999107	-0.000296	-0.036140	0.000296	0.999107	0.791742	
828	0.999699	-0.000781	-0.032554	0.000781	0.999699	0.133575	
829	1.004584	-0.005229	2.048735	0.005229	1.004584	-5.816775	
830	0.999484	0.000168	0.113565	-0.000168	0.999484	0.966839	
831	1.003960	-0.004970	2.090496	0.004970	1.003960	-4.924955	
832	0.997906	-0.000037	0.899142	0.000037	0.997906	1.398473	
833	0.998393	0.000104	0.602312	-0.000104	0.998393	1.398849	
834	0.998395	-0.000269	0.951095	0.000269	0.998395	1.167644	
835	0.996352	-0.007469	6.528608	0.007469	0.996352	-0.101015	
836	0.998604	-0.001846	1.975463	0.001846	0.998604	-0.116014	
837	0.992215	-0.001511	18.291783	0.001511	0.992215	0.922155	
838	0.991912	-0.000890	18.900199	0.000890	0.991912	1.188753	
839	0.981940	-0.008588	25.033679	0.008588	0.981940	2.035224	
840	0.999208	0.000882	-0.490663	-0.000882	0.999208	1.000525	
841	0.997090	-0.002420	3.756541	0.002420	0.997090	0.556252	
842	1.003627	-0.007033	3.355293	0.007033	1.003627	-5.952494	
843	0.978031	-0.007792	25.077304	0.007792	0.978031	4.694042	
844	0.998025	-0.002028	2.652424	0.002028	0.998025	0.100290	
845	0.981906	-0.003021	41.309948	0.003021	0.981906	4.325535	
846	0.991935	-0.001666	19.610810	0.001666	0.991935	1.527851	
847	1.003035	-0.004774	2.345567	0.004774	1.003035	-4.549143	
848	1.001717	-0.004041	2.251188	0.004041	1.001717	-3.389445	
849	0.997955	-0.001930	3.152812	0.001930	0.997955	0.257134	
850	0.999763	-0.000533	0.432142	0.000533	0.999763	-0.023243	
851	0.996227	-0.001811	15.739353	0.001811	0.996227	-0.290515	
852	0.999988	-0.001854	1.674982	0.001854	0.999988	-1.286296	
853	0.999905	-0.002423	1.999844	0.002423	0.999905	-1.674985	
854	1.009287	-0.010448	7.199922	0.010448	1.009287	-9.885048	
855	0.999225	-0.002897	27.777678	0.002897	0.999225	-1.372284	
856	0.999947	-0.002036	1.559888	0.002036	0.999947	-1.267347	
857	0.988866	-0.011263	18.763617	0.011263	0.988866	-3.393248	
858	0.999684	-0.002307	3.086798	0.002307	0.999684	-1.246548	
859	0.988680	-0.009301	16.825520	0.009301	0.988680	-1.210169	
860	0.999375	-0.001233	1.255352	0.001233	0.999375	-0.368262	
861	1.007486	-0.007882	4.575035	0.007882	1.007486	-7.491097	
862	0.990985	-0.008642	15.872385	0.008642	0.990985	-2.278690	
863	1.006353	-0.006699	3.039146	0.006699	1.006353	-6.618573	
864	0.993241	-0.007178	13.112574	0.007178	0.993241	-2.111841	
865	0.997807	-0.000111	1.101991	0.000111	0.997807	1.391689	
866	0.999035	-0.007482	9.008722	0.007482	0.999035	-4.683882	
867	0.997157	-0.005996	7.986293	0.005996	0.997157	-2.448266	
868	1.002222	-0.008398	6.613904	0.008398	1.002222	-5.759911	
869	1.002713	-0.005291	5.078985	0.005291	1.002713	-4.283916	
870	0.998596	-0.002156	15.273616	0.002156	0.998596	0.026698	
871	1.003013	-0.005310	4.234683	0.005310	1.003013	-3.870321	
872	1.002798	-0.005813	4.490310	0.005813	1.002798	-4.683469	
873	0.998823	-0.005974	8.035564	0.005974	0.998823	-3.463956	
874	1.002198	-0.005903	5.211741	0.005903	1.002198	-4.925476	
875	1.013262	-0.013657	7.110643	0.013657	1.013262	-14.029918	
876	1.004552	-0.004849	5.391885	0.004849	1.004552	-4.628959	
877	1.006155	-0.006649	4.565713	0.006649	1.006155	-6.607744	
878	1.003103	-0.007172	4.961816	0.007172	1.003103	-5.828434	
879	1.005626	-0.006324	4.739865	0.006324	1.005626	-5.800378	
880	1.001314	-0.002945	19.252174	0.002945	1.001314	-1.107058	
881	1.007692	-0.006488	3.610970	0.006488	1.007692	-7.446201	
882	1.007317	-0.005947	3.001338	0.005947	1.007317	-7.210114	
883	1.006790	-0.006702	2.775409	0.006702	1.006790	-7.893329	
884	1.006877	-0.006430	3.119646	0.006430	1.006877	-7.294631	
885	1.018188	-0.011156	4.343333	0.011156	1.018188	-14.895516	
886	1.007508	-0.006465	2.762078	0.006465	1.007508	-7.769682	
887	1.007008	-0.006089	2.437319	0.006089	1.007008	-7.176022	
888	1.006475	-0.005423	2.140832	0.005423	1.006475	-6.145506	
889	1.005948	-0.005165	2.545008	0.005165	1.005948	-5.492186	
890	1.011779	-0.007869	4.846430	0.007869	1.011779	-8.175766	
891	1.002917	-0.005562	3.501811	0.005562	1.002917	-4.820820	
892	1.001255	-0.003193	3.328360	0.003193	1.001255	-2.113620	
893	1.000864	-0.002333	2.227499	0.002333	1.000864	-1.374446	
894	1.000737	-0.001656	1.423554	0.001656	1.000737	-1.038388	
895	1.000219	-0.000528	0.119599	0.000528	1.000219	0.057108	
896	1.000539	0.000463	-1.529736	-0.000463	1.000539	0.353972	
897	1.001479	0.000085	-1.957982	-0.000085	1.001479	-0.056791	
898	1.002086	-0.000109	-2.404171	0.000109	1.002086	-0.197503	
899	1.002204	-0.000152	-2.365464	0.000152	1.002204	-0.161762	
900	1.002698	-0.001692	-1.018065	0.001692	1.002698	-1.191393	
901	1.002134	-0.000572	-1.398609	0.000572	1.002134	-0.604881	
902	1.002184	-0.000757	-1.276972	0.000757	1.002184	-0.751286	
903	1.002160	-0.000874	-0.976280	0.000874	1.002160	-0.710401	
904	1.001523	-0.000802	-0.581730	0.000802	1.001523	-0.493413	
905	1.001913	-0.002671	1.824028	0.002671	1.001913	-1.021537	
906	1.000752	-0.001791	1.563864	0.001791	1.000752	-0.506977	
907	1.000351	-0.002158	2.318058	0.002158	1.000351	-0.536875	
908	1.000487	-0.002379	2.768449	0.002379	1.000487	-0.784829	
909	1.000760	-0.002566	3.059673	0.002566	1.000760	-1.174798	
910	1.005529	-0.006844	4.329166	0.006844	1.005529	-5.187729	
911	1.000822	-0.002540	3.153008	0.002540	1.000822	-1.075743	
912	1.000914	-0.002339	2.894305	0.002339	1.000914	-1.061958	
913	1.000891	-0.002193	2.662267	0.002193	1.000891	-1.027506	
914	1.000784	-0.001985	2.563593	0.001985	1.000784	-0.931147	
915	1.005020	-0.006496	3.379341	0.006496	1.005020	-5.889578	
916	1.001253	-0.002065	2.624369	0.002065	1.001253	-1.455394	
917	1.001020	-0.002399	3.667001	0.002399	1.001020	-1.598961	
918	1.001473	-0.002709	3.544299	0.002709	1.001473	-1.957892	
919	1.001426	-0.002788	3.377593	0.002788	1.001426	-1.974691	
920	1.003549	-0.002933	7.118656	0.002933	1.003549	-1.699649	
921	1.001625	-0.002452	3.110793	0.002452	1.001625	-1.814414	
922	1.001328	-0.002468	3.272644	0.002468	1.001328	-1.715189	
923	1.001358	-0.002540	3.090772	0.002540	1.001358	-1.827669	
924	1.001090	-0.002464	3.382345	0.002464	1.001090	-1.752787	
925	1.000830	-0.001343	10.186062	0.001343	1.000830	-0.362750	
926	1.003798	-0.003678	1.899046	0.003678	1.003798	-4.562701	
927	1.001178	-0.002844	4.044318	0.002844	1.001178	-2.559946	
928	1.002914	-0.003465	2.732447	0.003465	1.002914	-3.827670	
929	1.000977	-0.002909	4.293940	0.002909	1.000977	-2.227332	
930	1.009924	-0.007695	2.830777	0.007695	1.009924	-9.065318	
931	1.002385	-0.003345	2.800115	0.003345	1.002385	-3.175782	
932	1.001046	-0.002867	3.908477	0.002867	1.001046	-2.109745	
933	1.002954	-0.003660	2.574006	0.003660	1.002954	-3.773884	
934	1.001005	-0.002786	4.233236	0.002786	1.001005	-2.019458	
935	1.009031	-0.005431	1.655906	0.005431	1.009031	-7.967625	
936	1.000705	-0.001609	2.017187	0.001609	1.000705	-1.726813	
937	1.000669	-0.001260	1.797080	0.001260	1.000669	-1.458739	
938	1.000673	-0.001077	1.736534	0.001077	1.000673	-1.261340	
939	1.000362	-0.001053	1.719178	0.001053	1.000362	-0.917196	
940	1.000289	-0.001259	1.879015	0.001259	1.000289	-0.818033	
941	1.007401	-0.004868	0.909939	0.004868	1.007401	-6.956193	
942	1.000418	-0.002182	3.494599	0.002182	1.000418	-1.554839	
943	1.000881	-0.002309	3.660786	0.002309	1.000881	-1.911866	
944	1.000880	-0.002466	3.876373	0.002466	1.000880	-2.035445	
945	1.000911	-0.002462	4.016869	0.002462	1.000911	-2.055441	
946	1.002510	-0.001114	8.829958	0.001114	1.002510	-2.074627	
947	1.001438	-0.001745	2.320480	0.001745	1.001438	-2.215311	
948	1.002330	-0.001382	1.535391	0.001382	1.002330	-2.594764	
949	1.002615	-0.001348	1.482889	0.001348	1.002615	-2.579199	
950	1.002347	-0.001559	1.820728	0.001559	1.002347	-2.066425	
951	0.994613	-0.003684	7.405083	0.003684	0.994613	1.714994	
952	1.001692	-0.002324	3.274178	0.002324	1.001692	-1.360238	
953	1.002520	-0.002254	2.999122	0.002254	1.002520	-2.091919	
954	1.002149	-0.002322	3.190653	0.002322	1.002149	-2.544507	
955	1.002232	-0.002320	3.190708	0.002320	1.002232	-2.868826	
956	1.006267	-0.001808	6.626132	0.001808	1.006267	-4.197578	
957	1.002611	-0.001988	2.111579	0.001988	1.002611	-2.582247	
958	1.002445	-0.001627	1.537760	0.001627	1.002445	-2.317013	
959	1.002146	-0.001117	0.894565	0.001117	1.002146	-1.853782	
960	1.001512	-0.000785	0.670439	0.000785	1.001512	-1.446468	
961	1.002212	-0.001033	1.059639	0.001033	1.002212	-2.137535	
962	1.001196	-0.000708	0.421613	0.000708	1.001196	-0.968036	
963	1.001069	-0.000648	0.239358	0.000648	1.001069	-0.830208	
964	1.001096	-0.000468	-0.199635	0.000468	1.001096	-0.963630	
965	1.000982	-0.000330	-0.427877	0.000330	1.000982	-1.120538	
966	1.001192	0.000082	-0.901353	-0.000082	1.001192	-1.722102	
967	1.000788	0.000021	-0.727367	-0.000021	1.000788	-1.196154	
968	1.000695	-0.000026	-0.309664	0.000026	1.000695	-1.104741	
969	1.000770	-0.000103	-0.202996	0.000103	1.000770	-1.326570	
970	1.000814	-0.000339	0.040651	0.000339	1.000814	-1.607921	
971	0.998620	-0.000865	2.850978	0.000865	0.998620	-1.736194	
972	0.998042	-0.000596	2.534216	0.000596	0.998042	-0.134643	
973	0.998030	-0.000634	2.548743	0.000634	0.998030	0.012067	
974	0.997966	-0.000783	2.727614	0.000783	0.997966	0.123660	
975	0.997963	-0.000854	2.753541	0.000854	0.997963	0.187645	
976	0.995413	-0.001709	6.168284	0.001709	0.995413	0.709127	
977	0.997947	-0.001041	2.972128	0.001041	0.997947	0.450831	
978	0.998246	-0.001051	3.035951	0.001051	0.998246	0.398806	
979	0.998932	-0.001597	3.267131	0.001597	0.998932	0.333890	
980	0.999914	-0.001807	2.964282	0.001807	0.999914	-0.150352	
981	1.000361	-0.001138	7.212008	0.001138	1.000361	1.069521	
982	1.000126	-0.001745	3.648040	0.001745	1.000126	-1.026694	
983	1.000215	-0.001738	3.543472	0.001738	1.000215	-1.342797	
984	1.000031	-0.001756	3.152347	0.001756	1.000031	-1.266300	
985	1.000087	-0.001371	2.683171	0.001371	1.000087	-1.095009	
986	0.999117	-0.002168	4.636434	0.002168	0.999117	-0.352263	
987	0.999480	-0.000607	1.612445	0.000607	0.999480	0.422761	
988	0.999730	-0.000280	0.703571	0.000280	0.999730	0.446845	
989	0.999732	-0.000115	0.020388	0.000115	0.999732	0.451433	
990	0.999922	0.000039	-0.141939	-0.000039	0.999922	0.395110	
991	1.000362	0.000122	0.043468	-0.000122	1.000362	0.101047	
992	1.000153	-0.000030	-0.068606	0.000030	1.000153	-0.310410	
993	1.000429	-0.000096	-0.072380	0.000096	1.000429	-0.785554	
994	1.000478	-0.000300	0.387637	0.000300	1.000478	-0.971446	
995	1.000445	-0.000384	0.696026	0.000384	1.000445	-0.971987	
996	0.999177	-0.002442	3.554318	0.002442	0.999177	-1.879370	
997	1.000187	-0.000936	1.764349	0.000936	1.000187	-1.254277	
998	1.000198	-0.000942	2.135163	0.000942	1.000198	-1.473531	
999	1.000239	-0.001170	2.348717	0.001170	1.000239	-1.553826	
1000	1.000081	-0.001173	2.351016	0.001173	1.000081	-1.304011	
1001	0.997251	-0.004727	7.249160	0.004727	0.997251	-1.973319	
1002	0.999853	-0.001407	3.065551	0.001407	0.999853	-1.167279	
1003	0.999993	-0.001633	2.888506	0.001633	0.999993	-1.305003	
1004	0.999899	-0.001750	3.078155	0.001750	0.999899	-1.382127	
1005	0.999824	-0.002031	3.536713	0.002031	0.999824	-1.486125	
1006	0.995606	-0.004047	11.533815	0.004047	0.995606	-1.705923	
1007	0.999539	-0.002570	4.263723	0.002570	0.999539	-1.485367	
1008	0.999384	-0.002437	4.123304	0.002437	0.999384	-1.103425	
1009	0.998990	-0.002061	4.425161	0.002061	0.998990	-0.416296	
1010	0.998840	-0.001846	4.265926	0.001846	0.998840	-0.191129	
1011	0.998234	-0.002933	6.161189	0.002933	0.998234	-0.419982	
1012	0.999299	-0.001137	2.315218	0.001137	0.999299	-0.131072	
1013	0.998945	-0.000927	2.377059	0.000927	0.998945	0.030051	
1014	0.998946	-0.000920	2.439857	0.000920	0.998946	-0.148646	
1015	0.999077	-0.000887	1.967412	0.000887	0.999077	-0.248477	
1016	0.998802	-0.001720	3.283853	0.001720	0.998802	-0.189090	
1017	0.998712	-0.000310	1.257400	0.000310	0.998712	0.979464	
1018	0.998872	0.000029	0.640827	-0.000029	0.998872	1.280349	
1019	0.998644	0.000352	0.067900	-0.000352	0.998644	1.627561	
1020	0.998948	0.000313	0.190489	-0.000313	0.998948	1.409642	
1021	0.999168	-0.000103	0.426102	0.000103	0.999168	0.716618	
1022	0.999849	0.000081	-0.202450	-0.000081	0.999849	-0.197622	
1023	0.999695	-0.000043	-0.005421	0.000043	0.999695	-0.229244	
1024	0.999446	-0.000125	0.078577	0.000125	0.999446	0.059079	
1025	0.999479	-0.000033	0.160011	0.000033	0.999479	0.374897	
1026	0.998984	-0.000234	0.716063	0.000234	0.998984	1.098434	
1027	0.999045	-0.000148	0.501460	0.000148	0.999045	0.739976	
1028	0.999150	-0.000298	0.806356	0.000298	0.999150	0.463317	
1029	0.999360	-0.000827	1.666391	0.000827	0.999360	-0.249008	
1030	0.999412	-0.001256	2.199891	0.001256	0.999412	-0.592441	
1031	0.999457	-0.003100	5.630742	0.003100	0.999457	-1.464588	
1032	0.999728	-0.001965	2.989405	0.001965	0.999728	-0.719322	
1033	1.001549	-0.001566	1.554630	0.001566	1.001549	-1.097187	
1034	1.002131	-0.001315	0.547334	0.001315	1.002131	-1.018648	
1035	1.001924	-0.000704	-0.258749	0.000704	1.001924	-0.568443	
1036	1.008126	-0.000859	-3.140460	0.000859	1.008126	-2.964990	
1037	1.002973	0.000073	-2.187018	-0.000073	1.002973	-1.298507	
1038	1.002766	0.000088	-2.309195	-0.000088	1.002766	-1.177449	
1039	1.002791	0.000206	-2.750515	-0.000206	1.002791	-1.142224	
1040	1.002629	0.000249	-2.724804	-0.000249	1.002629	-0.797604	
1041	1.006776	0.000499	-4.682822	-0.000499	1.006776	-1.876503	
1042	1.002980	-0.000021	-2.296526	0.000021	1.002980	-1.310960	
1043	1.002646	-0.000054	-2.131605	0.000054	1.002646	-1.571501	
1044	1.002030	-0.000461	-1.235379	0.000461	1.002030	-1.928090	
1045	1.000818	-0.000702	-0.039496	0.000702	1.000818	-1.534183	
1046	1.000216	-0.000464	0.206489	0.000464	1.000216	0.040659	
1047	0.999444	-0.000496	0.463741	0.000496	0.999444	0.521491	
1048	0.999422	-0.000789	1.213637	0.000789	0.999422	0.489853	
1049	0.999801	-0.001015	1.451160	0.001015	0.999801	0.038028	
1050	0.999957	-0.001320	1.695610	0.001320	0.999957	-0.292959	
1051	0.997316	-0.001825	4.273442	0.001825	0.997316	2.040190	
1052	1.001030	-0.000890	1.118042	0.000890	1.001030	0.715043	
1053	0.998947	0.000369	0.750185	-0.000369	0.998947	1.991430	
1054	1.002428	-0.000969	0.485705	0.000969	1.002428	-0.045182	
1055	1.002070	-0.000960	0.641589	0.000960	1.002070	0.153711	
1056	0.998703	0.004262	-2.014081	-0.004262	0.998703	4.728704	
1057	1.001209	0.000336	-0.229197	-0.000336	1.001209	1.276141	
1058	1.001668	0.000688	-0.953916	-0.000688	1.001668	1.097954	
1059	1.001098	0.001646	-1.750558	-0.001646	1.001098	2.086910	
1060	1.001177	0.001446	-1.493627	-0.001446	1.001177	1.876111	
1061	1.030114	-0.001092	-14.036405	0.001092	1.030114	-3.344613	
1062	1.001067	0.001548	-1.513073	-0.001548	1.001067	1.724293	
1063	1.002399	0.003323	-3.597190	-0.003323	1.002399	2.385347	
1064	1.003382	0.003288	-4.366151	-0.003288	1.003382	2.337356	
1065	1.003618	0.003888	-5.205706	-0.003888	1.003618	2.479247	
1066	1.032400	-0.000501	-16.600146	0.000501	1.032400	-4.748766	
1067	1.004921	0.001552	-3.914929	-0.001552	1.004921	-1.055508	
1068	1.008167	0.001607	-6.102923	-0.001607	1.008167	-2.578368	
1069	1.008636	0.000617	-6.023337	-0.000617	1.008636	-3.213271	
1070	1.006500	0.001024	-4.910070	-0.001024	1.006500	-2.738172	
1071	1.013001	0.000463	-6.994823	-0.000463	1.013001	-4.984564	
1072	1.001361	0.000195	-1.238108	-0.000195	1.001361	0.121593	
1073	1.000839	0.000306	-1.211292	-0.000306	1.000839	0.154815	
1074	1.000943	-0.000038	-0.869778	0.000038	1.000943	-0.308289	
1075	1.000748	-0.000175	-0.655616	0.000175	1.000748	-0.446124	
1076	1.001493	0.000991	-3.714676	-0.000991	1.001493	-0.998113	
1077	1.001008	0.000818	-2.358325	-0.000818	1.001008	-0.949943	
1078	1.000967	0.000898	-2.344271	-0.000898	1.000967	-0.739600	
1079	1.001197	0.001267	-3.166621	-0.001267	1.001197	-0.513918	
1080	1.001299	0.001595	-3.593337	-0.001595	1.001299	-0.200909	
1081	1.001116	0.002887	-5.629142	-0.002887	1.001116	1.555115	
1082	1.000438	0.001542	-2.309584	-0.001542	1.000438	1.276244	
1083	1.000227	0.001127	-2.049288	-0.001127	1.000227	1.168018	
1084	1.000599	0.000911	-1.915425	-0.000911	1.000599	0.320617	
1085	1.000578	0.000662	-1.403568	-0.000662	1.000578	-0.238698	
1086	1.000329	0.001834	-3.164860	-0.001834	1.000329	0.948724	
1087	1.000119	0.001689	-2.840137	-0.001689	1.000119	1.180064	
1088	0.999703	0.001591	-2.992491	-0.001591	0.999703	1.788696	
1089	0.999870	0.003574	-4.048214	-0.003574	0.999870	2.703596	
1090	1.000178	0.003701	-4.541669	-0.003701	1.000178	2.630426	
1091	0.998760	0.001664	-11.100107	-0.001664	0.998760	2.622739	
1092	0.998897	0.002804	-4.914339	-0.002804	0.998897	1.450286	
1093	0.997504	0.002587	-4.703940	-0.002587	0.997504	1.351189	
1094	0.996035	0.001818	-4.423045	-0.001818	0.996035	1.050255	
1095	1.003990	0.003342	-5.936494	-0.003342	1.003990	-1.568041	
1096	1.005849	0.005497	-9.009577	-0.005497	1.005849	-1.388357	
1097	0.998554	0.002312	-2.815340	-0.002312	0.998554	1.512960	
1098	0.998001	0.002173	-2.143048	-0.002173	0.998001	1.602633	
1099	0.994538	0.001735	-0.687926	-0.001735	0.994538	2.656869	
1100	0.995026	0.001498	-0.562629	-0.001498	0.995026	2.387128	
1101	1.002012	0.001514	-2.981108	-0.001514	1.002012	-1.343548	
1102	0.995821	0.001446	-0.277463	-0.001446	0.995821	1.160805	
1103	0.995313	0.001256	0.424697	-0.001256	0.995313	1.043027	
1104	0.995751	0.000830	0.861638	-0.000830	0.995751	0.403653	
1105	0.996873	0.000157	1.131271	-0.000157	0.996873	-0.260929	
1106	0.995054	0.000065	1.764016	-0.000065	0.995054	-0.514965	
1107	1.000810	-0.005192	3.189780	0.005192	1.000810	-6.287448	
1108	0.995405	-0.000448	3.094661	0.000448	0.995405	-1.340640	
1109	0.997177	-0.000742	2.432492	0.000742	0.997177	-1.399939	
1110	0.997837	-0.001579	2.867375	0.001579	0.997837	-1.879141	
1111	0.996267	-0.000720	3.217502	0.000720	0.996267	-0.791945	
1112	0.996291	-0.005490	7.095411	0.005490	0.996291	-3.751564	
1113	0.996701	-0.000445	2.843919	0.000445	0.996701	-0.668387	
1114	0.997109	-0.000857	2.755191	0.000857	0.997109	-0.899247	
1115	0.997007	-0.000746	2.628211	0.000746	0.997007	-0.621914	
1116	0.997034	-0.000841	2.629265	0.000841	0.997034	-0.426252	
1117	0.996903	-0.003623	5.038992	0.003623	0.996903	-2.350321	
1118	0.996785	-0.000893	3.124119	0.000893	0.996785	-0.197007	
1119	0.996994	-0.001037	3.335633	0.001037	0.996994	-0.074358	
1120	0.998102	-0.001129	2.777757	0.001129	0.998102	-0.146799	
1121	0.999453	-0.001108	2.068024	0.001108	0.999453	-0.159533	
1122	0.999430	-0.003459	5.898772	0.003459	0.999430	-0.134868	
1123	0.999225	-0.002062	3.921958	0.002062	0.999225	-0.240221	
1124	0.999607	-0.002216	3.999697	0.002216	0.999607	-0.555487	
1125	1.000739	-0.002347	3.313830	0.002347	1.000739	-1.301936	
1126	1.002448	-0.002123	2.274558	0.002123	1.002448	-2.133491	
1127	1.009636	-0.002576	2.709822	0.002576	1.009636	-5.881499	
1128	1.003154	-0.002370	1.831108	0.002370	1.003154	-3.146294	
1129	1.004082	-0.001810	1.458377	0.001810	1.004082	-2.630315	
1130	1.003046	-0.001775	1.579021	0.001775	1.003046	-1.977320	
1131	1.004139	-0.001873	1.327911	0.001873	1.004139	-2.090766	
1132	1.009920	-0.002621	2.773693	0.002621	1.009920	-4.028188	
1133	1.001701	-0.002502	2.188044	0.002502	1.001701	-1.788160	
1134	1.001700	-0.002290	1.860943	0.002290	1.001700	-1.682194	
1135	1.004569	-0.002026	1.066622	0.002026	1.004569	-2.520955	
1136	1.005025	-0.002071	1.252766	0.002071	1.005025	-2.498873	
1137	1.001140	-0.002893	2.893867	0.002893	1.001140	-1.858933	
1138	1.003625	-0.001577	0.097009	0.001577	1.003625	-2.110447	
1139	1.001591	-0.000961	0.411119	0.000961	1.001591	-0.689481	
1140	1.002045	-0.001260	0.797873	0.001260	1.002045	-0.597447	
1141	1.003300	-0.001671	0.863238	0.001671	1.003300	-0.347926	
1142	0.995520	-0.000555	4.449024	0.000555	0.995520	4.446076	
1143	1.003243	-0.001261	1.584223	0.001261	1.003243	-0.359254	
1144	1.001128	-0.001495	2.140975	0.001495	1.001128	-0.606485	
1145	1.002084	-0.001269	1.400977	0.001269	1.002084	-1.927278	
1146	1.002588	-0.000952	-0.550622	0.000952	1.002588	-4.139785	
1147	0.999971	-0.000253	-2.980170	0.000253	0.999971	-13.881565	
1148	1.003558	-0.001283	-2.543073	0.001283	1.003558	-5.764997	
1149	1.003032	-0.000654	-2.484454	0.000654	1.003032	-5.065536	
1150	1.003597	-0.001067	-1.878538	0.001067	1.003597	-5.189704	
1151	1.002228	-0.001935	-0.397486	0.001935	1.002228	-5.234792	
1152	0.982747	0.000063	8.178183	-0.000063	0.982747	-7.042257	
1153	0.988703	-0.000229	6.782397	0.000229	0.988703	-1.537676	
1154	0.989836	-0.000240	5.910219	0.000240	0.989836	-1.170872	
1155	0.997788	0.000605	0.667951	-0.000605	0.997788	-0.845254	
1156	0.994764	-0.002155	5.098828	0.002155	0.994764	-1.296515	
1157	0.981496	0.000434	12.893222	-0.000434	0.981496	-0.721973	
1158	0.996531	-0.001070	2.928853	0.001070	0.996531	-0.683917	
1159	0.996644	-0.001072	2.868521	0.001072	0.996644	-0.177856	
1160	0.996155	-0.001416	3.880542	0.001416	0.996155	-0.005091	
1161	0.996514	-0.001358	3.862337	0.001358	0.996514	-0.241395	
1162	0.994816	-0.003428	7.158321	0.003428	0.994816	-0.786009	
1163	0.997407	-0.001024	3.172109	0.001024	0.997407	0.507525	
1164	0.996752	-0.001247	3.522999	0.001247	0.996752	1.023633	
1165	0.997006	-0.001314	3.835401	0.001314	0.997006	0.975781	
1166	0.996471	-0.001758	4.591368	0.001758	0.996471	0.995658	
1167	0.991546	-0.003684	12.045434	0.003684	0.991546	1.851431	
1168	0.995034	-0.002279	7.682230	0.002279	0.995034	1.538253	
1169	0.995979	-0.002587	7.510431	0.002587	0.995979	1.398821	
1170	0.997987	-0.003393	6.671064	0.003393	0.997987	0.874866	
1171	0.997134	-0.003043	6.375711	0.003043	0.997134	1.392877	
1172	0.989529	-0.002404	12.801418	0.002404	0.989529	5.881717	
1173	0.998077	-0.003176	5.122967	0.003176	0.998077	0.298053	
1174	0.998265	-0.002583	4.589696	0.002583	0.998265	0.154268	
1175	0.998703	-0.002343	3.921311	0.002343	0.998703	-0.303348	
1176	0.998861	-0.001983	3.743089	0.001983	0.998861	-0.261459	
1177	0.995964	-0.002829	6.914089	0.002829	0.995964	1.958991	
1178	0.999509	-0.000820	1.716486	0.000820	0.999509	1.074504	
1179	0.999801	-0.000397	0.785518	0.000397	0.999801	1.094182	
1180	1.000236	-0.000065	0.133495	0.000065	1.000236	0.789589	
1181	1.000451	0.000350	-0.668709	-0.000350	1.000451	0.685923	
1182	1.002045	0.001187	-2.383723	-0.001187	1.002045	1.293819	
1183	1.000649	0.000950	-2.002872	-0.000950	1.000649	1.116689	
1184	1.001032	0.001311	-2.706544	-0.001311	1.001032	1.249417	
1185	1.000728	0.001297	-2.513953	-0.001297	1.000728	1.865447	
1186	1.000493	0.001900	-2.798039	-0.001900	1.000493	2.529873	
1187	1.005018	0.006770	-9.397731	-0.006770	1.005018	4.314443	
1188	1.003366	0.001352	-4.175035	-0.001352	1.003366	1.173219	
1189	1.001885	0.001220	-3.224494	-0.001220	1.001885	1.478569	
1190	1.002552	0.000873	-3.057705	-0.000873	1.002552	0.900358	
1191	1.001997	0.001158	-2.748523	-0.001158	1.001997	1.234529	
1192	1.004413	0.006593	-8.253694	-0.006593	1.004413	4.618925	
1193	1.003686	0.001202	-3.883183	-0.001202	1.003686	0.896382	
1194	1.003131	0.000897	-3.035301	-0.000897	1.003131	0.667238	
1195	1.003082	0.000758	-2.781729	-0.000758	1.003082	0.405521	
1196	1.002558	0.000432	-2.283565	-0.000432	1.002558	0.427540	
1197	1.007831	0.000859	-5.595880	-0.000859	1.007831	-2.208129	
1198	1.003150	-0.000124	-1.839119	0.000124	1.003150	-2.288510	
1199	1.002445	-0.000440	-0.974101	0.000440	1.002445	-2.568398	
1200	1.001827	-0.000716	-0.425858	0.000716	1.001827	-2.859565	
1201	1.001646	-0.000789	-0.405128	0.000789	1.001646	-2.732650	
1202	1.001579	-0.001665	1.057472	0.001665	1.001579	-4.086903	
1203	1.001173	-0.000698	-0.003281	0.000698	1.001173	-2.039886	
1204	1.000857	-0.000026	-0.599826	0.000026	1.000857	-1.467332	
1205	1.000754	0.000041	-0.811615	-0.000041	1.000754	-1.407852	
1206	1.001578	-0.000265	-0.724097	0.000265	1.001578	-1.907281	
1207	1.002681	-0.000545	-1.286106	0.000545	1.002681	-3.843347	
1208	1.002229	0.000242	-1.620891	-0.000242	1.002229	-2.609096	
1209	1.002084	0.000276	-1.723285	-0.000276	1.002084	-2.379504	
1210	1.001532	0.000181	-1.155491	-0.000181	1.001532	-1.697861	
1211	1.001744	0.000184	-1.053095	-0.000184	1.001744	-1.621613	
1212	1.003018	0.001200	-3.270402	-0.001200	1.003018	-2.078791	
1213	1.001419	0.000572	-1.240652	-0.000572	1.001419	-0.589984	
1214	1.001141	0.000592	-0.938463	-0.000592	1.001141	-0.265572	
1215	1.000569	0.000686	-0.837144	-0.000686	1.000569	0.232115	
1216	1.000885	0.000986	-1.439372	-0.000986	1.000885	0.162806	
1217	1.005796	0.002328	-9.379363	-0.002328	1.005796	-2.474836	
1218	1.004873	0.002991	-6.343307	-0.002991	1.004873	-1.555163	
1219	1.007504	0.003407	-9.624920	-0.003407	1.007504	-2.461399	
1220	1.008536	0.003548	-12.099942	-0.003548	1.008536	-2.852081	
1221	1.012014	0.005960	-15.423347	-0.005960	1.012014	-3.201605	
1222	1.003203	0.002341	-30.515843	-0.002341	1.003203	-3.719200	
1223	1.007326	0.002329	-18.081362	-0.002329	1.007326	-1.949963	
1224	1.015005	0.009051	-22.213707	-0.009051	1.015005	-0.896169	
1225	1.002296	0.001283	-19.109082	-0.001283	1.002296	-1.308165	
1226	1.017067	0.008773	-25.318684	-0.008773	1.017067	-1.564735	
1227	0.998546	0.002941	-38.431403	-0.002941	0.998546	-0.183019	
1228	1.010574	0.002850	-22.156318	-0.002850	1.010574	-1.626683	
1229	1.001605	0.003113	-20.679234	-0.003113	1.001605	0.792163	
1230	1.016004	0.009100	-23.830267	-0.009100	1.016004	0.468754	
1231	0.998292	0.001667	-18.803194	-0.001667	0.998292	2.957765	
1232	0.992138	0.002467	-36.422094	-0.002467	0.992138	8.674993	
1233	0.997082	0.003356	-1.954021	-0.003356	0.997082	4.134865	
1234	1.014210	0.011387	-19.585701	-0.011387	1.014210	0.885537	
1235	0.997789	0.004128	-2.589362	-0.004128	0.997789	4.553741	
1236	1.012808	0.008139	-18.214205	-0.008139	1.012808	1.081177	
1237	0.994889	0.000398	2.055067	-0.000398	0.994889	4.041819	
1238	1.012256	0.009304	-16.979591	-0.009304	1.012256	0.523135	
1239	1.013716	0.008291	-18.776790	-0.008291	1.013716	-1.017900	
1240	0.996813	0.004166	-2.034690	-0.004166	0.996813	4.442615	
1241	1.014086	0.010490	-18.811190	-0.010490	1.014086	-0.750084	
1242	1.000889	-0.000292	-0.352668	0.000292	1.000889	-0.810536	
1243	0.998669	0.003230	-2.233397	-0.003230	0.998669	3.385666	
1244	0.978167	0.008157	0.183318	-0.008157	0.978167	15.106622	
1245	1.001364	0.002541	-3.485803	-0.002541	1.001364	0.745727	
1246	0.989476	0.002158	-14.420879	-0.002158	0.989476	2.145458	
1247	1.000353	-0.000022	-0.226237	0.000022	1.000353	-0.314366	
1248	0.989558	0.002328	-20.202872	-0.002328	0.989558	2.160976	
1249	0.988349	0.002402	-20.558837	-0.002402	0.988349	3.161508	
1250	0.988029	0.002940	-20.204099	-0.002940	0.988029	4.872274	
1251	0.986045	0.003140	-19.096134	-0.003140	0.986045	6.432273	
1252	1.000200	-0.000343	0.166531	0.000343	1.000200	-0.379797	
1253	0.981440	0.007207	-12.847156	-0.007207	0.981440	13.431005	
1254	0.986394	0.005327	-16.058820	-0.005327	0.986394	9.345372	
1255	0.988724	0.004085	-16.727796	-0.004085	0.988724	6.882910	
1256	0.997062	0.003124	-25.200484	-0.003124	0.997062	2.814864	
1257	0.999940	0.000419	-0.293166	-0.000419	0.999940	0.150418	
1258	0.985368	0.003587	-15.786310	-0.003587	0.985368	7.928121	
1259	0.980047	0.003159	-10.347262	-0.003159	0.980047	10.060346	
1260	0.998534	0.004284	-3.515410	-0.004284	0.998534	3.870961	
1261	0.981917	0.003442	-13.028863	-0.003442	0.981917	9.645370	
1262	1.025222	0.020143	-39.276501	-0.020143	1.025222	3.142523	
1263	0.996958	0.003709	-23.448155	-0.003709	0.996958	3.871535	
1264	1.000065	0.003596	-26.357521	-0.003596	1.000065	2.435157	
1265	0.998876	0.003133	-24.504455	-0.003133	0.998876	2.568955	
1266	0.995617	0.003733	-21.599377	-0.003733	0.995617	3.956689	
1267	0.998802	0.001232	-0.693548	-0.001232	0.998802	1.412771	
1268	0.999499	0.002251	-22.966822	-0.002251	0.999499	2.177746	
1269	0.999390	0.002254	-22.633935	-0.002254	0.999390	2.268728	
1270	0.996306	0.002341	-19.435733	-0.002341	0.996306	3.396109	
1271	1.000247	0.002366	-21.547090	-0.002366	1.000247	2.372486	
1272	1.001863	0.003941	-4.278241	-0.003941	1.001863	1.344107	
1273	1.019837	0.011376	-26.959652	-0.011376	1.019837	-1.915912	
1274	1.000593	0.002197	-1.897241	-0.002197	1.000593	1.252110	
1275	1.001500	0.001964	-2.355064	-0.001964	1.001500	1.000025	
1276	1.001356	0.000719	-1.545413	-0.000719	1.001356	0.178713	
1277	1.001786	0.000490	-1.642133	-0.000490	1.001786	-0.292665	
1278	0.996672	-0.001665	3.695178	0.001665	0.996672	1.848012	
1279	1.001905	0.001164	-15.518824	-0.001164	1.001905	1.368926	
1280	1.001730	0.001099	-14.979445	-0.001099	1.001730	1.411869	
1281	1.002061	0.001059	-14.813523	-0.001059	1.002061	1.522435	
1282	1.001381	0.001147	-15.084348	-0.001147	1.001381	2.278842	
1283	1.001966	0.002419	-32.927307	-0.002419	1.001966	5.203860	
1284	1.000805	0.001482	-17.201424	-0.001482	1.000805	3.305387	
1285	1.000578	0.001475	-17.510729	-0.001475	1.000578	3.425574	
1286	1.000770	0.001503	-17.763456	-0.001503	1.000770	3.176731	
1287	1.000752	0.001585	-17.718389	-0.001585	1.000752	3.037139	
1288	1.001447	0.002647	-35.800890	-0.002647	1.001447	4.615444	
1289	1.001474	0.001553	-17.380807	-0.001553	1.001474	2.136592	
1290	1.000836	0.001511	-16.311793	-0.001511	1.000836	2.291260	
1291	1.002113	0.001343	-17.002496	-0.001343	1.002113	1.736132	
1292	0.988057	0.006428	-1.152440	-0.006428	0.988057	9.659394	
1293	1.004885	0.002285	-30.616851	-0.002285	1.004885	2.173372	
1294	0.988758	0.003738	0.832563	-0.003738	0.988758	8.032729	
1295	1.001491	0.001043	-12.865739	-0.001043	1.001491	1.565769	
1296	0.990045	0.003017	0.643814	-0.003017	0.990045	6.728281	
1297	0.990204	0.002579	-0.208208	-0.002579	0.990204	6.289662	
1298	1.004535	0.001802	-25.471714	-0.001802	1.004535	2.035280	
1299	0.990921	0.003174	1.319311	-0.003174	0.990921	6.991553	
1300	0.993151	0.003080	-1.656448	-0.003080	0.993151	5.461016	
1301	0.993323	0.002870	-1.638990	-0.002870	0.993323	5.244406	
1302	0.993421	0.002581	-1.167526	-0.002581	0.993421	4.943371	
1303	1.004902	0.002058	-21.582979	-0.002058	1.004902	1.390774	
1304	0.993081	0.004225	0.078181	-0.004225	0.993081	7.216388	
1305	0.993138	0.002472	0.062308	-0.002472	0.993138	5.364858	
1306	0.993075	0.001886	0.143183	-0.001886	0.993075	4.855077	
1307	0.993459	0.002091	0.106298	-0.002091	0.993459	4.755572	
1308	1.008696	0.001222	-21.468158	-0.001222	1.008696	-0.740422	
1309	0.996081	0.001750	-0.717367	-0.001750	0.996081	3.587863	
1310	1.003121	0.002038	-8.882815	-0.002038	1.003121	1.557286	
1311	0.995293	0.001515	0.209283	-0.001515	0.995293	3.843685	
1312	0.995341	0.000599	1.301565	-0.000599	0.995341	3.352404	
1313	0.988020	0.000305	3.057555	-0.000305	0.988020	8.157855	
1314	0.996070	0.001045	-0.062426	-0.001045	0.996070	3.670756	
1315	0.997094	0.000638	0.107695	-0.000638	0.997094	3.028579	
1316	0.996811	0.000566	0.567221	-0.000566	0.996811	3.578987	
1317	0.996796	0.000150	0.827491	-0.000150	0.996796	3.637599	
1318	0.994761	-0.001855	3.158241	0.001855	0.994761	3.864295	
1319	0.998911	-0.000594	0.608110	0.000594	0.998911	1.695589	
1320	0.999375	-0.001400	0.975184	0.001400	0.999375	1.067714	
1321	0.998273	-0.002011	1.876550	0.002011	0.998273	1.909005	
1322	0.996767	-0.003125	3.545867	0.003125	0.996767	2.989131	
1323	1.006394	0.000472	-9.493026	-0.000472	1.006394	13.542849	
1324	0.995252	-0.005079	4.954422	0.005079	0.995252	3.390337	
1325	0.994205	-0.004458	4.979528	0.004458	0.994205	4.227638	
1326	0.994402	-0.004324	4.717342	0.004324	0.994402	4.336161	
1327	0.994776	-0.004278	5.307817	0.004278	0.994776	3.572792	
1328	1.007521	0.000971	-12.174682	-0.000971	1.007521	11.364370	
1329	0.993751	-0.000264	4.577292	0.000264	0.993751	6.344771	
1330	0.997334	-0.001523	1.822255	0.001523	0.997334	3.250937	
1331	0.996054	-0.002796	4.314371	0.002796	0.996054	2.371181	
1332	1.000592	0.000606	-1.922107	-0.000606	1.000592	3.208147	
1333	1.008208	0.001058	-9.477795	-0.001058	1.008208	3.898236	
1334	1.000300	-0.000393	-0.434974	0.000393	1.000300	1.414240	
1335	1.000731	-0.000243	-0.445640	0.000243	1.000731	1.154574	
1336	1.001491	-0.000137	-0.724378	0.000137	1.001491	0.603352	
1337	1.001998	-0.000254	-0.997743	0.000254	1.001998	-0.001152	
1338	1.005471	-0.001009	-2.539170	0.001009	1.005471	-1.565118	
1339	1.002303	-0.000351	-0.604020	0.000351	1.002303	-0.610780	
1340	1.001995	-0.000378	-0.777978	0.000378	1.001995	-0.510323	
1341	1.001416	-0.000491	-0.348590	0.000491	1.001416	-0.386722	
1342	1.001305	-0.000420	-0.334055	0.000420	1.001305	-0.459044	
1343	1.001196	0.000054	-0.587943	-0.000054	1.001196	-0.437950	
1344	1.000131	0.000165	0.096724	-0.000165	1.000131	-0.199689	
1345	1.000124	0.000289	0.113456	-0.000289	1.000124	-0.286933	
1346	1.000263	0.000423	0.143487	-0.000423	1.000263	-0.392971	
1347	1.000189	0.000515	0.089334	-0.000515	1.000189	-0.412528	
1348	1.000977	0.001122	-0.994832	-0.001122	1.000977	-1.432677	
1349	1.000235	0.000107	0.427817	-0.000107	1.000235	-0.697145	
1350	0.999232	-0.000083	1.489852	0.000083	0.999232	0.188964	
1351	0.999566	-0.000115	0.689143	0.000115	0.999566	0.381047	
1352	0.999494	-0.000341	0.832068	0.000341	0.999494	0.303043	
1353	0.999824	-0.000306	0.711651	0.000306	0.999824	0.003974	
1354	0.999669	0.000255	0.019701	-0.000255	0.999669	-0.117615	
1355	0.999781	0.000368	-0.245715	-0.000368	0.999781	-0.122306	
1356	0.999858	0.000171	-0.094349	-0.000171	0.999858	-0.068122	
1357	0.999912	-0.000103	0.068807	0.000103	0.999912	-0.023077	
1358	0.999731	-0.000012	-0.034200	0.000012	0.999731	0.121610	
1359	1.000131	0.000036	-0.066014	-0.000036	1.000131	-0.278652	
1360	1.000459	0.000369	-0.311706	-0.000369	1.000459	-0.324697	
1361	1.000645	0.000453	-0.836160	-0.000453	1.000645	-0.644227	
1362	1.001270	0.001287	-1.826161	-0.001287	1.001270	-1.194477	
1363	1.002777	0.001598	-1.811653	-0.001598	1.002777	-3.837273	
1364	1.001844	0.000521	-1.328218	-0.000521	1.001844	-2.376552	
1365	1.001791	0.000941	-2.308222	-0.000941	1.001791	-2.136789	
1366	1.001752	0.000768	-2.002976	-0.000768	1.001752	-2.543031	
1367	1.002032	0.000893	-1.522359	-0.000893	1.002032	-2.820749	
1368	1.002084	0.002803	-2.377382	-0.002803	1.002084	-4.705858	
1369	1.001615	0.000929	-2.000854	-0.000929	1.001615	-1.989724	
1370	1.002279	0.001477	-2.534891	-0.001477	1.002279	-1.774209	
1371	1.001525	0.000812	-1.325705	-0.000812	1.001525	-2.111928	
1372	1.001569	0.000928	-1.679149	-0.000928	1.001569	-2.062045	
1373	1.003163	0.003863	-3.770400	-0.003863	1.003163	-3.037652	
1374	1.001799	0.001012	-1.525660	-0.001012	1.001799	-2.394927	
1375	1.001853	0.001221	-1.705628	-0.001221	1.001853	-2.377072	
