0	1.000000	0.000000	0.000000	0.000000	1.000000	0.000000	
1	0.999859	-0.000226	-0.306451	0.000226	0.999859	-0.905658	
2	1.000068	0.000015	-0.223201	-0.000015	1.000068	-0.800821	
3	0.999933	-0.000168	0.015557	0.000168	0.999933	-0.687923	
4	1.000036	0.000027	-0.059024	-0.000027	1.000036	-0.646024	
5	0.999973	-0.000015	-0.122947	0.000015	0.999973	-0.526214	
6	1.000086	0.000074	-0.214212	-0.000074	1.000086	-0.788877	
7	1.000014	0.000005	-0.101321	-0.000005	1.000014	-0.751069	
8	1.000028	-0.000084	-0.102351	0.000084	1.000028	-0.735118	
9	1.000028	-0.000073	-0.210651	0.000073	1.000028	-0.804215	
10	1.000063	-0.000067	-0.132598	0.000067	1.000063	-0.814728	
11	1.000155	-0.000168	-0.148491	0.000168	1.000155	-0.803921	
12	1.000145	-0.000061	-0.206114	0.000061	1.000145	-0.763982	
13	1.000070	0.000028	-0.293363	-0.000028	1.000070	-0.801688	
14	1.000155	0.000054	-0.134356	-0.000054	1.000155	-0.769365	
15	1.000132	0.000008	-0.153239	-0.000008	1.000132	-0.887766	
16	1.000057	0.000024	-0.177792	-0.000024	1.000057	-0.778414	
17	1.000097	-0.000097	-0.104344	0.000097	1.000097	-0.755346	
18	1.000177	-0.000250	-0.036243	0.000250	1.000177	-0.844306	
19	1.000205	-0.000129	-0.054018	0.000129	1.000205	-0.790109	
20	1.000164	0.000003	-0.094079	-0.000003	1.000164	-0.716187	
21	1.000194	-0.000047	0.135454	0.000047	1.000194	-0.826287	
22	1.000206	-0.000015	0.263140	0.000015	1.000206	-0.859085	
23	1.000220	-0.000053	0.260841	0.000053	1.000220	-0.829957	
24	1.000350	-0.000219	0.403568	0.000219	1.000350	-0.912172	
25	1.000559	-0.000332	0.585677	0.000332	1.000559	-0.944501	
26	1.000620	-0.000452	0.901562	0.000452	1.000620	-0.906200	
27	1.000842	-0.000501	1.326617	0.000501	1.000842	-1.147785	
28	1.000950	-0.000445	1.595574	0.000445	1.000950	-1.051337	
29	1.000986	-0.000440	1.813175	0.000440	1.000986	-0.979416	
30	1.001054	-0.000448	1.969806	0.000448	1.001054	-1.034729	
31	1.001267	-0.000487	2.168702	0.000487	1.001267	-1.174818	
32	1.001597	-0.000686	2.551363	0.000686	1.001597	-1.280918	
33	1.001387	-0.000686	2.871685	0.000686	1.001387	-1.149230	
34	1.001374	-0.000730	3.081968	0.000730	1.001374	-1.149611	
35	1.001627	-0.000562	3.090839	0.000562	1.001627	-1.200535	
36	1.002636	-0.000764	2.634984	0.000764	1.002636	-1.493620	
37	1.001827	-0.000636	3.061197	0.000636	1.001827	-1.355073	
38	1.001649	-0.000707	2.996023	0.000707	1.001649	-1.216018	
39	1.001544	-0.000607	2.843648	0.000607	1.001544	-1.167695	
40	1.001648	-0.000673	2.742999	0.000673	1.001648	-1.415998	
41	1.002254	-0.000593	2.689197	0.000593	1.002254	-1.525711	
42	1.001644	-0.000626	3.151028	0.000626	1.001644	-1.343387	
43	1.001736	-0.000654	3.196107	0.000654	1.001736	-1.277417	
44	1.001778	-0.000622	3.262246	0.000622	1.001778	-1.362934	
45	1.001139	-0.000271	4.191621	0.000271	1.001139	-1.156505	
46	1.002558	-0.000738	3.190985	0.000738	1.002558	-1.610458	
47	1.001921	-0.000649	3.203834	0.000649	1.001921	-1.410612	
48	1.001513	-0.000657	3.308268	0.000657	1.001513	-1.301673	
49	1.001850	-0.000485	3.123099	0.000485	1.001850	-1.327001	
50	1.001967	-0.000467	3.167349	0.000467	1.001967	-1.469007	
51	1.002392	-0.000500	3.296238	0.000500	1.002392	-1.709141	
52	1.002684	-0.000512	3.398096	0.000512	1.002684	-1.679831	
53	0.999752	-0.000202	5.767964	0.000202	0.999752	-1.215956	
54	1.002493	-0.000638	3.486657	0.000638	1.002493	-1.696189	
55	1.000352	0.000124	4.948426	-0.000124	1.000352	-1.286104	
56	1.000276	0.000093	4.851339	-0.000093	1.000276	-1.239542	
57	1.001778	-0.000725	3.128695	0.000725	1.001778	-1.721621	
58	1.001521	-0.000218	2.339755	0.000218	1.001521	-1.492439	
59	1.001038	0.000131	1.117867	-0.000131	1.001038	-1.366020	
60	1.000441	0.000698	-0.625694	-0.000698	1.000441	-1.394336	
61	1.000012	0.001053	-1.914181	-0.001053	1.000012	-1.537128	
62	0.999566	0.001511	-3.702218	-0.001511	0.999566	-1.594527	
63	1.000870	-0.000081	-6.145239	0.000081	1.000870	-3.253831	
64	0.999942	0.000314	-6.150116	-0.000314	0.999942	-3.307895	
65	0.997582	0.003859	-4.415803	-0.003859	0.997582	-1.352489	
66	0.998110	0.004250	-5.280070	-0.004250	0.998110	-1.777563	
67	1.000924	0.000464	-8.551861	-0.000464	1.000924	-5.330519	
68	0.999305	-0.000140	-7.739988	0.000140	0.999305	-5.017434	
69	0.992811	0.001317	-3.140649	-0.001317	0.992811	-2.272756	
70	0.992776	0.002187	-2.869513	-0.002187	0.992776	-1.557543	
71	0.993537	0.000834	-3.512512	-0.000834	0.993537	-1.994148	
72	0.993594	0.000951	-3.277014	-0.000951	0.993594	-1.911292	
73	0.992791	0.000884	-2.474014	-0.000884	0.992791	-1.809867	
74	0.992945	0.000602	-3.098082	-0.000602	0.992945	-2.113536	
75	0.992141	0.001039	-3.803393	-0.001039	0.992141	-1.765390	
76	0.992643	0.001058	-5.701370	-0.001058	0.992643	-1.917138	
77	0.994611	0.000498	-8.077607	-0.000498	0.994611	-2.891784	
78	0.994870	0.000456	-9.349325	-0.000456	0.994870	-2.749610	
79	0.994310	0.000765	-10.106709	-0.000765	0.994310	-2.294608	
80	0.995842	0.000297	-11.402304	-0.000297	0.995842	-2.788513	
81	0.995711	0.000328	-12.288212	-0.000328	0.995711	-2.966324	
82	0.993964	0.001029	-11.986059	-0.001029	0.993964	-2.558081	
83	0.994914	0.001762	-13.193333	-0.001762	0.994914	-2.278379	
84	0.995327	0.001843	-13.783124	-0.001843	0.995327	-2.154116	
85	0.995676	0.002127	-13.589570	-0.002127	0.995676	-2.053762	
86	0.996249	0.002209	-13.093640	-0.002209	0.996249	-1.742161	
87	0.994913	0.001536	-11.350961	-0.001536	0.994913	-1.598994	
88	0.995631	0.001299	-10.402034	-0.001299	0.995631	-1.255441	
89	0.996304	-0.000371	-10.240500	0.000371	0.996304	-1.668165	
90	0.994564	-0.000402	-8.154425	0.000402	0.994564	-0.831240	
91	0.996329	-0.000603	-7.783449	0.000603	0.996329	-0.656313	
92	0.994998	-0.001161	-6.772198	0.001161	0.994998	-0.568204	
93	0.991105	0.002481	-3.052794	-0.002481	0.991105	2.925921	
94	0.991782	-0.000221	-4.513616	0.000221	0.991782	1.091583	
95	0.992065	-0.000516	-4.416714	0.000516	0.992065	0.709326	
96	0.993907	-0.000345	-6.281181	0.000345	0.993907	0.372051	
97	0.992278	-0.000375	-3.800065	0.000375	0.992278	0.662825	
98	0.992687	-0.000918	-4.643378	0.000918	0.992687	0.392515	
99	0.994473	-0.000350	-5.666609	0.000350	0.994473	0.224430	
100	0.993680	-0.000571	-3.645016	0.000571	0.993680	0.304292	
101	0.993626	0.000784	-2.308742	-0.000784	0.993626	1.578666	
102	0.993092	0.000507	-1.715592	-0.000507	0.993092	1.986088	
103	0.993471	0.000367	-1.459220	-0.000367	0.993471	1.906964	
104	0.994164	0.000219	-1.018420	-0.000219	0.994164	1.761133	
105	0.994511	-0.000024	-0.682052	0.000024	0.994511	1.724473	
106	0.994858	0.000061	-0.147510	-0.000061	0.994858	1.944565	
107	0.996414	0.000154	0.096800	-0.000154	0.996414	1.515646	
108	0.996239	0.000081	1.206989	-0.000081	0.996239	1.535261	
109	0.996151	-0.000087	1.696526	0.000087	0.996151	1.474245	
110	0.996269	-0.000322	1.781679	0.000322	0.996269	1.262696	
111	0.996318	-0.000323	1.870980	0.000323	0.996318	1.339219	
112	0.996317	-0.000847	1.529143	0.000847	0.996317	1.237181	
113	0.997233	-0.000380	1.414419	0.000380	0.997233	1.139546	
114	0.997857	-0.000237	1.049465	0.000237	0.997857	0.793480	
115	0.998364	-0.000024	0.299851	0.000024	0.998364	0.711655	
116	0.999101	0.000199	-0.297668	-0.000199	0.999101	0.587031	
117	0.999352	0.000339	-0.911984	-0.000339	0.999352	0.595299	
118	0.999472	0.000135	-1.127461	-0.000135	0.999472	0.500990	
119	0.999518	0.000156	-1.114265	-0.000156	0.999518	0.432488	
120	0.999562	0.000345	-1.106746	-0.000345	0.999562	0.519005	
121	0.999561	0.000224	-1.144166	-0.000224	0.999561	0.440929	
122	1.000012	0.000579	-0.882336	-0.000579	1.000012	0.355388	
123	0.999494	0.000220	-1.060454	-0.000220	0.999494	0.278388	
124	0.999504	0.000187	-1.307612	-0.000187	0.999504	0.523085	
125	0.999563	0.000231	-1.393672	-0.000231	0.999563	0.662905	
126	0.999542	0.000228	-1.558614	-0.000228	0.999542	0.456670	
127	0.999333	0.000204	-1.800492	-0.000204	0.999333	0.518054	
128	0.999221	0.000236	-2.053369	-0.000236	0.999221	0.626195	
129	0.999149	0.000351	-2.160863	-0.000351	0.999149	0.641481	
130	0.999208	0.000056	-2.543510	-0.000056	0.999208	0.536001	
131	0.998688	0.000328	-2.574676	-0.000328	0.998688	0.661382	
132	0.999277	0.000288	-2.719125	-0.000288	0.999277	0.535334	
133	0.999367	0.000354	-2.724485	-0.000354	0.999367	0.445536	
134	0.999169	0.000540	-2.674544	-0.000540	0.999169	0.640723	
135	0.999036	0.000593	-2.980553	-0.000593	0.999036	0.754687	
136	0.999246	0.000697	-3.575367	-0.000697	0.999246	0.657466	
137	1.000596	0.000658	-5.833992	-0.000658	1.000596	0.529656	
138	0.998468	0.000674	-3.819381	-0.000674	0.998468	1.087616	
139	0.999006	0.000481	-3.956364	-0.000481	0.999006	0.972480	
140	1.000918	0.000002	-5.996229	-0.000002	1.000918	0.060722	
141	0.997861	0.000791	-3.817484	-0.000791	0.997861	0.978203	
142	0.995596	0.001701	-1.774948	-0.001701	0.995596	1.932618	
143	0.998987	0.001045	-4.670760	-0.001045	0.998987	0.957668	
144	0.998600	0.001281	-4.853881	-0.001281	0.998600	1.033475	
145	0.999540	0.001025	-7.746498	-0.001025	0.999540	0.832628	
146	1.000620	0.000864	-8.109065	-0.000864	1.000620	0.776056	
147	0.997975	0.002810	-6.105666	-0.002810	0.997975	2.514238	
148	0.998046	0.001364	-4.452665	-0.001364	0.998046	1.366763	
149	0.995227	0.002137	-2.907328	-0.002137	0.995227	2.301452	
150	1.001950	0.000241	-8.575149	-0.000241	1.001950	0.154861	
151	0.994247	0.002921	-2.742340	-0.002921	0.994247	3.232843	
152	1.000194	0.001363	-9.233721	-0.001363	1.000194	1.160497	
153	0.999618	0.001877	-8.953215	-0.001877	0.999618	1.709865	
154	0.998426	0.003112	-7.300865	-0.003112	0.998426	2.677425	
155	0.999388	0.000751	-8.825176	-0.000751	0.999388	0.951738	
156	0.992826	0.002790	-1.655771	-0.002790	0.992826	3.178571	
157	0.994033	0.000546	-3.111315	-0.000546	0.994033	1.441998	
158	0.997430	0.000434	-7.257765	-0.000434	0.997430	0.736351	
159	0.998432	0.000831	-8.206760	-0.000831	0.998432	0.741838	
160	0.993562	0.002030	-2.749190	-0.002030	0.993562	2.588922	
161	0.992539	0.001829	-0.767881	-0.001829	0.992539	3.103988	
162	0.993369	0.001430	-2.062952	-0.001430	0.993369	2.749656	
163	0.998789	0.000617	-8.088340	-0.000617	0.998789	0.901730	
164	1.001699	0.000273	-9.495029	-0.000273	1.001699	0.054212	
165	0.999219	0.000463	-8.333470	-0.000463	0.999219	0.354240	
166	0.993152	0.000997	-1.833588	-0.000997	0.993152	2.020818	
167	0.992519	0.002071	-1.225175	-0.002071	0.992519	2.990148	
168	0.993495	0.002028	-2.396112	-0.002028	0.993495	2.833963	
169	0.993536	0.002276	-2.392411	-0.002276	0.993536	2.853768	
170	0.995484	0.001781	-4.355889	-0.001781	0.995484	2.073683	
171	0.998076	0.001203	-7.662484	-0.001203	0.998076	1.388277	
172	0.999307	0.000829	-8.868001	-0.000829	0.999307	0.910570	
173	0.994028	-0.000043	-3.111239	0.000043	0.994028	0.942791	
174	0.993510	0.001215	-1.930818	-0.001215	0.993510	2.154252	
175	0.995418	0.001628	-4.318844	-0.001628	0.995418	1.862425	
176	0.994402	0.002680	-2.973729	-0.002680	0.994402	3.178253	
177	1.001299	0.000980	-8.511323	-0.000980	1.001299	0.491421	
178	0.997732	0.002722	-5.988137	-0.002722	0.997732	2.415504	
179	0.994462	0.001759	-2.145207	-0.001759	0.994462	2.407708	
180	0.995064	0.001779	-2.407428	-0.001779	0.995064	2.202421	
181	0.996167	0.001380	-1.803633	-0.001380	0.996167	1.683229	
182	0.997614	0.001369	-3.268672	-0.001369	0.997614	1.331280	
183	0.997461	0.001283	-3.418339	-0.001283	0.997461	1.476907	
184	0.996396	0.002198	-1.335290	-0.002198	0.996396	2.259542	
185	0.997485	0.001281	-2.979129	-0.001281	0.997485	1.752897	
186	0.996541	0.001578	-2.175123	-0.001578	0.996541	2.235157	
187	0.997816	0.001276	-2.810544	-0.001276	0.997816	1.581962	
188	0.997318	0.001497	-3.272748	-0.001497	0.997318	1.505046	
189	0.996801	0.001337	-2.565448	-0.001337	0.996801	1.621982	
190	0.997463	0.001231	-1.579067	-0.001231	0.997463	1.624047	
191	0.998832	0.000116	-3.924140	-0.000116	0.998832	0.619485	
192	0.997448	0.000196	-3.847533	-0.000196	0.997448	0.929020	
193	0.994782	0.001854	-1.862477	-0.001854	0.994782	2.533160	
194	0.994474	0.002111	-2.584050	-0.002111	0.994474	2.840419	
195	0.995043	0.002295	-3.834196	-0.002295	0.995043	2.784213	
196	1.000019	0.001373	-9.334712	-0.001373	1.000019	1.539221	
197	0.998795	0.000685	-10.316945	-0.000685	0.998795	1.350216	
198	0.998377	0.001209	-10.717638	-0.001209	0.998377	1.954862	
199	0.999035	0.000873	-11.172666	-0.000873	0.999035	1.779488	
200	0.998821	0.001027	-11.114363	-0.001027	0.998821	2.028997	
201	0.999410	0.001119	-12.092291	-0.001119	0.999410	2.260940	
202	0.991530	0.001909	-2.123189	-0.001909	0.991530	4.292954	
203	0.999678	0.001064	-12.252997	-0.001064	0.999678	2.534311	
204	0.997317	0.002906	-10.663749	-0.002906	0.997317	4.616391	
205	0.998589	0.001556	-12.487962	-0.001556	0.998589	3.615144	
206	0.998700	0.001189	-12.077416	-0.001189	0.998700	3.536428	
207	1.000226	0.000999	-13.050412	-0.000999	1.000226	3.387322	
208	1.000012	0.001258	-12.806007	-0.001258	1.000012	3.756582	
209	1.000299	0.001806	-12.684564	-0.001806	1.000299	4.139578	
210	0.999425	0.001566	-11.358209	-0.001566	0.999425	4.133054	
211	0.999967	0.000921	-11.224745	-0.000921	0.999967	3.618697	
212	1.000639	0.001555	-10.736764	-0.001555	1.000639	3.688554	
213	0.999953	0.000421	-9.654332	-0.000421	0.999953	2.949157	
214	0.990562	-0.001993	-0.784473	0.001993	0.990562	1.779446	
215	0.991965	0.000590	-0.709588	-0.000590	0.991965	3.430955	
216	0.996270	0.002429	-4.777859	-0.002429	0.996270	4.291247	
217	0.994281	0.000131	-1.859255	-0.000131	0.994281	2.819784	
218	0.995766	0.000690	-1.986848	-0.000690	0.995766	3.077979	
219	0.997987	0.000606	-2.499462	-0.000606	0.997987	2.567690	
220	0.998346	0.000483	-2.259707	-0.000483	0.998346	2.384870	
221	0.998598	0.000533	-2.022844	-0.000533	0.998598	2.299987	
222	0.998178	-0.000146	-1.232204	0.000146	0.998178	2.181218	
223	0.998871	0.000011	-1.010314	-0.000011	0.998871	2.042763	
224	0.999503	0.000811	-1.150302	-0.000811	0.999503	1.817896	
225	1.000283	0.000291	-1.517720	-0.000291	1.000283	1.199754	
226	1.000970	0.000353	-1.800263	-0.000353	1.000970	1.026328	
227	1.001412	0.000859	-2.133128	-0.000859	1.001412	1.148329	
228	1.000953	0.000610	-2.064023	-0.000610	1.000953	1.187240	
229	1.001363	0.000565	-2.265160	-0.000565	1.001363	1.247496	
230	1.001176	0.000449	-2.187407	-0.000449	1.001176	1.369791	
231	1.001295	0.000258	-2.220114	-0.000258	1.001295	1.239905	
232	1.001013	0.000446	-1.964222	-0.000446	1.001013	1.500562	
233	1.001044	0.000519	-2.149306	-0.000519	1.001044	1.326383	
234	1.001316	0.000665	-2.497809	-0.000665	1.001316	1.169213	
235	1.001124	0.000715	-2.539681	-0.000715	1.001124	1.070789	
236	1.000688	0.000705	-2.657979	-0.000705	1.000688	1.181537	
237	0.999792	0.000566	-2.507146	-0.000566	0.999792	1.362586	
238	0.999448	0.000918	-2.581073	-0.000918	0.999448	1.497861	
239	1.000586	0.000853	-3.670028	-0.000853	1.000586	1.398872	
240	1.000042	0.001197	-3.055706	-0.001197	1.000042	1.640773	
241	1.000543	0.001163	-3.517198	-0.001163	1.000543	1.450879	
242	0.999847	0.001115	-2.642556	-0.001115	0.999847	1.556233	
243	0.999827	0.000966	-2.578701	-0.000966	0.999827	1.321085	
244	1.000558	0.001088	-3.273454	-0.001088	1.000558	1.167873	
245	1.000802	0.001031	-3.509857	-0.001031	1.000802	1.002925	
246	0.999449	0.001139	-3.123136	-0.001139	0.999449	1.297910	
247	1.000223	0.001088	-3.511344	-0.001088	1.000223	1.115795	
248	0.999558	0.001416	-3.073558	-0.001416	0.999558	1.235225	
249	1.001833	0.001337	-5.338135	-0.001337	1.001833	0.897256	
250	1.000883	0.001078	-4.436638	-0.001078	1.000883	0.809448	
251	0.998570	0.001203	-2.882172	-0.001203	0.998570	1.084706	
252	0.998104	0.001025	-1.370588	-0.001025	0.998104	1.303093	
253	0.999342	0.001266	-2.479352	-0.001266	0.999342	1.263419	
254	0.999013	0.001379	-2.168931	-0.001379	0.999013	1.411718	
255	0.997808	0.001166	-2.030914	-0.001166	0.997808	1.094939	
256	1.002187	0.001115	-5.103488	-0.001115	1.002187	0.540294	
257	0.998631	0.001203	-2.165794	-0.001203	0.998631	1.028437	
258	0.999378	0.001399	-2.579283	-0.001399	0.999378	0.985343	
259	0.998865	0.001154	-2.087411	-0.001154	0.998865	0.876260	
260	0.997919	0.001157	-1.984269	-0.001157	0.997919	0.978768	
261	0.998590	0.001182	-2.007058	-0.001182	0.998590	1.135814	
262	0.998756	0.001542	-2.656414	-0.001542	0.998756	1.348609	
263	0.999908	0.000837	-3.314771	-0.000837	0.999908	0.788626	
264	0.999366	0.001423	-2.833228	-0.001423	0.999366	1.271694	
265	0.999163	0.001371	-2.577007	-0.001371	0.999163	1.231892	
266	0.999521	0.000738	-3.203644	-0.000738	0.999521	0.833687	
267	0.998380	0.000937	-2.376270	-0.000937	0.998380	1.163235	
268	0.999880	-0.000024	-3.541073	0.000024	0.999880	0.493216	
269	0.999421	0.000715	-3.227750	-0.000715	0.999421	0.973316	
270	0.999213	0.000680	-3.113930	-0.000680	0.999213	1.029181	
271	0.999165	0.000735	-3.024802	-0.000735	0.999165	1.152740	
272	0.999038	0.000573	-2.813227	-0.000573	0.999038	1.153317	
273	0.999074	0.000421	-2.594793	-0.000421	0.999074	1.001606	
274	0.997991	0.001005	-1.978747	-0.001005	0.997991	1.436019	
275	0.998912	0.000509	-2.290706	-0.000509	0.998912	1.085468	
276	0.997377	0.000569	-1.538681	-0.000569	0.997377	1.215750	
277	0.999669	0.000807	-2.908817	-0.000807	0.999669	1.094663	
278	0.998135	0.000646	-1.885502	-0.000646	0.998135	1.177262	
279	0.998961	0.001667	-1.715572	-0.001667	0.998961	1.643908	
280	0.999451	0.000711	-2.505168	-0.000711	0.999451	1.199971	
281	0.999252	0.001285	-2.149839	-0.001285	0.999252	1.527915	
282	0.999190	0.000730	-2.400324	-0.000730	0.999190	1.068263	
283	0.998481	0.000778	-2.083853	-0.000778	0.998481	1.254010	
284	0.999028	0.000599	-2.585382	-0.000599	0.999028	1.048797	
285	0.999083	0.000667	-2.600558	-0.000667	0.999083	1.024719	
286	0.999594	0.000630	-2.677089	-0.000630	0.999594	1.042512	
287	0.998683	0.000812	-2.366572	-0.000812	0.998683	1.250489	
288	0.998687	0.001106	-2.201495	-0.001106	0.998687	1.531248	
289	0.998781	0.001094	-2.429847	-0.001094	0.998781	1.352815	
290	0.998023	0.000959	-2.378309	-0.000959	0.998023	1.235319	
291	0.999396	0.002162	-2.689012	-0.002162	0.999396	1.473246	
292	0.999366	0.001089	-3.078499	-0.001089	0.999366	0.959320	
293	0.999589	0.000903	-3.629963	-0.000903	0.999589	0.768830	
294	0.999810	0.000932	-3.610978	-0.000932	0.999810	1.001922	
295	0.999177	0.000778	-3.456875	-0.000778	0.999177	1.020498	
296	0.998570	0.001622	-3.082906	-0.001622	0.998570	1.321662	
297	0.996962	0.001451	-2.258308	-0.001451	0.996962	1.482028	
298	1.002129	0.000395	-6.332664	-0.000395	1.002129	0.266012	
299	1.003238	0.001294	-7.348092	-0.001294	1.003238	0.421354	
300	0.997134	0.001982	-1.697807	-0.001982	0.997134	1.872173	
301	0.996867	0.001479	-1.510819	-0.001479	0.996867	1.506867	
302	0.997692	0.001143	-3.997109	-0.001143	0.997692	1.060139	
303	0.997056	0.002800	-3.562847	-0.002800	0.997056	2.121934	
304	0.996036	0.002275	-2.077856	-0.002275	0.996036	2.223449	
305	0.998006	0.001619	-3.452460	-0.001619	0.998006	1.377100	
306	1.003483	0.000921	-9.196859	-0.000921	1.003483	0.045519	
307	0.994761	0.002383	-1.322449	-0.002383	0.994761	2.391474	
308	0.999173	0.001616	-4.988734	-0.001616	0.999173	1.136321	
309	1.003103	0.000800	-7.741921	-0.000800	1.003103	0.268992	
310	0.994799	0.002331	-2.095747	-0.002331	0.994799	2.429300	
311	0.997176	0.001618	-4.271176	-0.001618	0.997176	1.434110	
312	0.996175	0.001797	-1.574994	-0.001797	0.996175	1.841351	
313	0.998659	0.001948	-3.667889	-0.001948	0.998659	1.502419	
314	1.003572	0.001492	-8.002974	-0.001492	1.003572	0.978789	
315	1.002963	0.001232	-7.132789	-0.001232	1.002963	0.882309	
316	0.998908	0.001114	-2.658668	-0.001114	0.998908	1.277593	
317	1.000036	0.000979	-2.557993	-0.000979	1.000036	1.196205	
318	0.999259	0.000917	-1.382107	-0.000917	0.999259	1.152582	
319	1.000889	0.000643	-2.329562	-0.000643	1.000889	0.499477	
320	1.000948	0.000671	-2.334060	-0.000671	1.000948	0.255532	
321	1.000335	0.001217	-1.972199	-0.001217	1.000335	0.332054	
322	0.999873	0.000826	-2.285770	-0.000826	0.999873	0.080860	
323	0.998629	0.001075	-2.301000	-0.001075	0.998629	0.751545	
324	1.000509	0.000979	-3.483081	-0.000979	1.000509	0.441848	
325	0.999337	0.001694	-2.600105	-0.001694	0.999337	1.056576	
326	1.000471	0.000793	-3.461034	-0.000793	1.000471	0.550001	
327	1.000137	0.000675	-3.084457	-0.000675	1.000137	0.613011	
328	0.999913	0.001100	-2.437893	-0.001100	0.999913	0.953773	
329	0.999608	0.000811	-2.448625	-0.000811	0.999608	0.714560	
330	1.000075	0.000945	-3.186685	-0.000945	1.000075	0.402777	
331	0.999636	0.001513	-3.327868	-0.001513	0.999636	0.538183	
332	0.999807	0.001494	-3.721213	-0.001494	0.999807	0.583985	
333	0.997741	0.001457	-2.506990	-0.001457	0.997741	1.045501	
334	0.999030	0.001662	-2.758408	-0.001662	0.999030	0.881418	
335	1.000121	0.001075	-3.629071	-0.001075	1.000121	0.277636	
336	0.999380	0.001347	-2.989169	-0.001347	0.999380	0.481998	
337	0.999766	0.000845	-3.546545	-0.000845	0.999766	0.291923	
338	0.998694	0.001442	-2.779790	-0.001442	0.998694	0.835147	
339	1.001768	0.002070	-5.983625	-0.002070	1.001768	0.840645	
340	1.001826	0.001387	-6.572106	-0.001387	1.001826	0.391430	
341	0.999355	0.001287	-3.988398	-0.001287	0.999355	0.675594	
342	1.000027	0.000844	-4.241696	-0.000844	1.000027	0.291581	
343	0.999702	0.000878	-4.111742	-0.000878	0.999702	0.385434	
344	1.002611	0.000173	-6.967561	-0.000173	1.002611	-0.423907	
345	0.997369	0.002046	-2.872060	-0.002046	0.997369	1.326072	
346	0.997261	0.001460	-2.605622	-0.001460	0.997261	0.989644	
347	0.998930	0.001883	-3.636777	-0.001883	0.998930	0.920765	
348	1.002395	0.001059	-7.049057	-0.001059	1.002395	-0.102372	
349	0.998329	0.001913	-3.284260	-0.001913	0.998329	1.358371	
350	0.998135	0.001681	-2.938778	-0.001681	0.998135	1.342667	
351	0.997937	0.001441	-3.347427	-0.001441	0.997937	1.081667	
352	0.997116	0.001500	-2.488273	-0.001500	0.997116	1.312798	
353	0.998154	0.001447	-3.406702	-0.001447	0.998154	0.971790	
354	0.997707	0.001262	-3.254577	-0.001262	0.997707	0.972718	
355	0.996420	0.001568	-2.069143	-0.001568	0.996420	1.519745	
356	0.996663	0.001960	-2.547041	-0.001960	0.996663	1.703322	
357	0.999924	0.002395	-5.593785	-0.002395	0.999924	1.378362	
358	0.997319	0.001881	-3.051305	-0.001881	0.997319	1.440564	
359	0.996769	0.001727	-2.504428	-0.001727	0.996769	1.416576	
360	1.001500	0.000615	-7.608224	-0.000615	1.001500	-0.207357	
361	1.002625	0.000485	-8.123350	-0.000485	1.002625	-0.337808	
362	0.998283	0.001388	-4.264301	-0.001388	0.998283	1.031197	
363	0.999490	0.001884	-5.599756	-0.001884	0.999490	1.241169	
364	0.997343	0.001714	-3.376498	-0.001714	0.997343	1.530960	
365	0.996696	0.001646	-3.280523	-0.001646	0.996696	1.486774	
366	1.000677	0.001470	-6.221496	-0.001470	1.000677	0.671531	
367	0.994669	0.001639	-1.323152	-0.001639	0.994669	2.066043	
368	0.994182	0.001766	-1.902422	-0.001766	0.994182	2.354986	
369	0.994034	0.001118	-0.792520	-0.001118	0.994034	2.024765	
370	1.000880	0.001135	-8.244603	-0.001135	1.000880	0.567609	
371	0.995660	0.002575	-3.393166	-0.002575	0.995660	2.453991	
372	1.001363	0.000763	-8.274229	-0.000763	1.001363	0.270793	
373	1.001625	0.000949	-8.677124	-0.000949	1.001625	0.425332	
374	0.994614	0.001337	-1.709924	-0.001337	0.994614	1.918740	
375	1.002847	0.000892	-9.289647	-0.000892	1.002847	0.019247	
376	0.999616	0.002367	-7.052225	-0.002367	0.999616	1.442746	
377	0.995499	0.002153	-2.845706	-0.002153	0.995499	2.066929	
378	0.994832	0.002042	-1.946969	-0.002042	0.994832	2.145788	
379	0.995368	0.001909	-2.033818	-0.001909	0.995368	2.194421	
380	0.994708	0.001253	-1.440209	-0.001253	0.994708	1.922529	
381	0.995454	0.000937	-1.334224	-0.000937	0.995454	1.503911	
382	0.997546	0.002979	-4.915124	-0.002979	0.997546	2.529436	
383	1.001710	0.000876	-8.568743	-0.000876	1.001710	0.241517	
384	0.995245	0.000847	-1.127492	-0.000847	0.995245	1.591079	
385	0.994122	0.001326	-0.997485	-0.001326	0.994122	2.192211	
386	0.995672	0.001733	-3.604757	-0.001733	0.995672	2.216186	
387	1.002018	0.001970	-8.747569	-0.001970	1.002018	1.379218	
388	0.995203	0.001859	-2.467497	-0.001859	0.995203	2.006043	
389	1.001792	0.001547	-7.884956	-0.001547	1.001792	0.610437	
390	1.003118	0.001074	-8.935480	-0.001074	1.003118	0.516081	
391	1.001127	0.001254	-8.246075	-0.001254	1.001127	0.898696	
392	0.995462	0.001669	-3.023319	-0.001669	0.995462	1.973500	
393	0.995654	0.001779	-3.136775	-0.001779	0.995654	1.740411	
394	0.994658	0.001913	-1.369259	-0.001913	0.994658	2.244464	
395	0.994331	0.001581	-1.428123	-0.001581	0.994331	2.202919	
396	0.994131	0.001589	-1.506594	-0.001589	0.994131	2.283214	
397	0.995209	0.000247	-3.087392	-0.000247	0.995209	0.846056	
398	0.994994	0.001316	-1.759727	-0.001316	0.994994	1.882606	
399	1.003350	0.000685	-8.950093	-0.000685	1.003350	0.069634	
400	1.003255	0.001125	-8.982645	-0.001125	1.003255	0.471989	
401	0.996907	0.001528	-3.347752	-0.001528	0.996907	1.539515	
402	0.999541	0.002584	-5.853697	-0.002584	0.999541	1.707711	
403	0.998460	0.001441	-3.985405	-0.001441	0.998460	1.015239	
404	0.997277	0.001557	-3.284067	-0.001557	0.997277	1.365133	
405	0.997317	0.001478	-3.474280	-0.001478	0.997317	1.107433	
406	0.997404	0.001467	-3.689159	-0.001467	0.997404	1.012033	
407	1.001553	0.000963	-6.635056	-0.000963	1.001553	-0.103362	
408	0.995292	0.001412	-1.653032	-0.001412	0.995292	1.769012	
409	0.997333	0.001357	-3.811847	-0.001357	0.997333	1.298557	
410	0.995897	0.001413	-2.216589	-0.001413	0.995897	1.584113	
411	0.996105	0.001540	-2.737410	-0.001540	0.996105	1.599430	
412	1.002418	0.000869	-8.276569	-0.000869	1.002418	0.322886	
413	0.996306	0.001201	-2.284700	-0.001201	0.996306	1.768408	
414	0.995792	0.000919	-1.551570	-0.000919	0.995792	1.672419	
415	0.995616	0.001009	-1.838535	-0.001009	0.995616	1.751635	
416	1.001641	0.001217	-7.452805	-0.001217	1.001641	0.677302	
417	0.996362	0.001170	-1.955679	-0.001170	0.996362	1.549280	
418	1.001592	0.001139	-7.385538	-0.001139	1.001592	0.684396	
419	0.995840	0.001154	-1.773268	-0.001154	0.995840	1.743795	
420	0.997105	0.000908	-2.884106	-0.000908	0.997105	1.213271	
421	0.996088	0.001122	-2.457588	-0.001122	0.996088	1.590060	
422	0.996483	0.000927	-2.289483	-0.000927	0.996483	1.706234	
423	0.996435	0.000801	-2.157879	-0.000801	0.996435	1.698074	
424	0.997100	0.001161	-2.761359	-0.001161	0.997100	1.679780	
425	0.996965	0.000990	-2.523491	-0.000990	0.996965	1.514582	
426	1.001834	0.000807	-6.586460	-0.000807	1.001834	0.696474	
427	0.997249	0.000686	-2.439797	-0.000686	0.997249	1.513711	
428	1.001434	0.000627	-6.216535	-0.000627	1.001434	0.724821	
429	0.997893	0.000645	-2.351721	-0.000645	0.997893	1.246984	
430	0.997593	0.000677	-2.295299	-0.000677	0.997593	1.452902	
431	0.997960	0.000829	-2.554922	-0.000829	0.997960	1.385588	
432	0.997486	0.000662	-2.117273	-0.000662	0.997486	1.476892	
433	0.998659	0.001047	-3.615094	-0.001047	0.998659	1.388558	
434	0.997676	0.000821	-2.671469	-0.000821	0.997676	1.370178	
435	0.999096	0.000222	-3.447967	-0.000222	0.999096	0.683775	
436	0.998272	0.000648	-2.599561	-0.000648	0.998272	1.114098	
437	0.997756	0.000536	-2.240738	-0.000536	0.997756	1.271442	
438	0.997875	0.000582	-2.515186	-0.000582	0.997875	1.342065	
439	0.997613	0.000761	-2.302143	-0.000761	0.997613	1.300737	
440	0.997505	0.000712	-2.397650	-0.000712	0.997505	1.100161	
441	0.997477	0.000749	-2.790516	-0.000749	0.997477	1.125292	
442	0.997403	0.000101	-3.169701	-0.000101	0.997403	0.793349	
443	0.999593	0.000724	-5.258597	-0.000724	0.999593	1.112385	
444	0.999169	0.000771	-4.978131	-0.000771	0.999169	1.184331	
445	0.996717	0.000886	-2.548085	-0.000886	0.996717	1.480551	
446	0.996751	0.000813	-2.842351	-0.000813	0.996751	1.495290	
447	0.995885	0.000712	-2.282074	-0.000712	0.995885	1.661117	
448	0.996415	0.000824	-2.637716	-0.000824	0.996415	1.476549	
449	0.996784	0.000751	-2.735558	-0.000751	0.996784	1.373273	
450	0.997082	0.000468	-2.249964	-0.000468	0.997082	1.293004	
451	0.997751	0.000480	-2.323618	-0.000480	0.997751	1.114077	
452	0.997912	0.000555	-2.242204	-0.000555	0.997912	0.961209	
453	0.997900	0.000677	-2.091047	-0.000677	0.997900	0.920662	
454	0.997886	0.000680	-2.146030	-0.000680	0.997886	0.846904	
455	0.997988	0.000706	-2.297931	-0.000706	0.997988	0.848026	
456	0.997992	0.000706	-2.173421	-0.000706	0.997992	0.887081	
457	0.998032	0.000651	-2.068291	-0.000651	0.998032	0.863877	
458	0.998064	0.000598	-1.921121	-0.000598	0.998064	0.792545	
459	0.998295	0.000577	-1.872433	-0.000577	0.998295	0.662551	
460	0.998377	0.000572	-1.822737	-0.000572	0.998377	0.620910	
461	0.998360	0.000544	-1.987009	-0.000544	0.998360	0.622564	
462	0.998443	0.000599	-2.006002	-0.000599	0.998443	0.602789	
463	0.998613	0.000569	-1.982620	-0.000569	0.998613	0.401409	
464	0.998596	0.000589	-1.978702	-0.000589	0.998596	0.438484	
465	0.998670	0.000453	-2.160813	-0.000453	0.998670	0.523276	
466	0.998583	0.000531	-2.350269	-0.000531	0.998583	0.563140	
467	0.998587	0.000659	-2.603149	-0.000659	0.998587	0.492460	
468	0.998393	0.000755	-2.547791	-0.000755	0.998393	0.583627	
469	0.997984	0.000718	-2.432919	-0.000718	0.997984	0.803997	
470	0.998385	0.000625	-2.680274	-0.000625	0.998385	0.667721	
471	0.998384	0.000578	-2.833810	-0.000578	0.998384	0.468768	
472	0.998397	0.000629	-2.832817	-0.000629	0.998397	0.465604	
473	0.998441	0.000529	-2.817968	-0.000529	0.998441	0.625385	
474	0.998975	0.000449	-3.039465	-0.000449	0.998975	0.543655	
475	0.998625	0.000550	-2.425413	-0.000550	0.998625	0.583875	
476	0.998769	0.000609	-2.297727	-0.000609	0.998769	0.482314	
477	0.998867	0.000611	-1.888154	-0.000611	0.998867	0.360691	
478	0.998587	0.000776	-1.477102	-0.000776	0.998587	0.544053	
479	0.998865	0.000773	-1.506900	-0.000773	0.998865	0.461688	
480	0.998712	0.000721	-1.459011	-0.000721	0.998712	0.470251	
481	0.998465	0.000641	-1.662682	-0.000641	0.998465	0.567062	
482	0.998423	0.000675	-1.867641	-0.000675	0.998423	0.524567	
483	0.998257	0.000657	-1.692684	-0.000657	0.998257	0.576169	
484	0.998485	0.000801	-1.850211	-0.000801	0.998485	0.648210	
485	0.998367	0.000829	-1.842139	-0.000829	0.998367	0.705172	
486	0.998373	0.000751	-1.726696	-0.000751	0.998373	0.641264	
487	0.998428	0.000692	-1.650769	-0.000692	0.998428	0.555157	
488	0.998436	0.000725	-1.622114	-0.000725	0.998436	0.637546	
489	0.998646	0.000700	-1.621580	-0.000700	0.998646	0.474416	
490	0.999074	0.000614	-1.214257	-0.000614	0.999074	0.433923	
491	0.999445	0.000496	-0.630626	-0.000496	0.999445	0.299853	
492	0.999906	0.000462	-0.481382	-0.000462	0.999906	0.024773	
493	0.999839	0.000361	0.205453	-0.000361	0.999839	-0.059110	
494	0.999898	0.000378	0.041779	-0.000378	0.999898	-0.153806	
495	1.000155	0.000440	-0.333960	-0.000440	1.000155	-0.168537	
496	1.000002	0.000344	-0.224740	-0.000344	1.000002	-0.019640	
497	0.999730	0.000326	-0.281239	-0.000326	0.999730	0.089345	
498	0.999791	0.000377	-0.555043	-0.000377	0.999791	-0.016060	
499	0.999758	0.000447	-1.086900	-0.000447	0.999758	0.035201	
500	0.999453	0.000453	-1.119214	-0.000453	0.999453	0.099438	
501	0.999644	0.000537	-1.563445	-0.000537	0.999644	0.125671	
502	0.999399	0.000541	-1.624462	-0.000541	0.999399	0.208463	
503	0.999327	0.000513	-1.684661	-0.000513	0.999327	0.338007	
504	0.999354	0.000435	-1.537203	-0.000435	0.999354	0.398897	
505	0.999581	0.000394	-1.339053	-0.000394	0.999581	0.328288	
506	0.999647	0.000479	-1.245388	-0.000479	0.999647	0.129950	
507	0.999890	0.000482	-1.370619	-0.000482	0.999890	0.048558	
508	0.999803	0.000303	-0.811229	-0.000303	0.999803	0.121311	
509	0.999766	0.000273	-0.799143	-0.000273	0.999766	0.077019	
510	0.999860	0.000395	-0.805108	-0.000395	0.999860	0.064168	
511	0.999884	0.000335	-0.778669	-0.000335	0.999884	-0.018534	
512	0.999951	0.000347	-0.865888	-0.000347	0.999951	-0.012023	
513	1.000006	0.000342	-0.775715	-0.000342	1.000006	-0.078004	
514	1.000013	0.000349	-0.994745	-0.000349	1.000013	0.017803	
515	0.999913	0.000263	-0.825297	-0.000263	0.999913	0.079496	
516	1.000022	0.000346	-0.811152	-0.000346	1.000022	-0.011642	
517	1.000136	0.000401	-0.748366	-0.000401	1.000136	-0.051198	
518	1.000309	0.000324	-0.704739	-0.000324	1.000309	-0.068161	
519	1.000649	0.000225	-0.567293	-0.000225	1.000649	-0.116993	
520	1.000610	0.000154	-0.212037	-0.000154	1.000610	-0.102215	
521	1.000684	0.000159	-0.217602	-0.000159	1.000684	-0.166124	
522	1.000792	0.000209	-0.167972	-0.000209	1.000792	-0.271759	
523	1.000856	0.000170	-0.128480	-0.000170	1.000856	-0.322971	
524	1.000660	0.000124	0.099164	-0.000124	1.000660	-0.226605	
525	1.000576	0.000090	0.144795	-0.000090	1.000576	-0.308082	
526	1.000584	-0.000005	0.243895	0.000005	1.000584	-0.346352	
527	1.000615	0.000057	0.328153	-0.000057	1.000615	-0.452048	
528	1.000712	0.000242	0.442916	-0.000242	1.000712	-0.499512	
529	1.000801	0.000228	0.646712	-0.000228	1.000801	-0.325231	
530	1.000968	0.000171	0.663707	-0.000171	1.000968	-0.490983	
531	1.001050	-0.000052	1.084987	0.000052	1.001050	-0.684798	
532	1.001366	-0.000026	1.445172	0.000026	1.001366	-0.874965	
533	1.001510	-0.000126	1.713504	0.000126	1.001510	-0.984438	
534	1.001987	-0.000269	1.898239	0.000269	1.001987	-1.172720	
535	1.002045	-0.000280	2.122725	0.000280	1.002045	-1.232103	
536	1.002092	-0.000140	1.877017	0.000140	1.002092	-1.277400	
537	1.002126	-0.000102	2.046773	0.000102	1.002126	-1.400536	
538	1.002356	-0.000129	2.226349	0.000129	1.002356	-1.462372	
539	1.002199	-0.000248	2.505723	0.000248	1.002199	-1.475987	
540	1.002244	-0.000383	2.413675	0.000383	1.002244	-1.454115	
541	1.002895	-0.000295	2.016596	0.000295	1.002895	-1.510996	
542	1.002534	-0.000239	2.293239	0.000239	1.002534	-1.285260	
543	1.002528	-0.000161	2.185940	0.000161	1.002528	-1.441852	
544	1.002679	-0.000083	2.168626	0.000083	1.002679	-1.447389	
545	1.003101	0.000023	1.918879	-0.000023	1.003101	-1.414820	
546	1.002755	0.000011	2.267340	-0.000011	1.002755	-1.300276	
547	1.002659	-0.000154	2.459507	0.000154	1.002659	-1.282362	
548	1.002892	-0.000208	2.528184	0.000208	1.002892	-1.502547	
549	1.003841	-0.000524	2.186103	0.000524	1.003841	-1.924285	
550	1.004595	-0.000700	2.419103	0.000700	1.004595	-2.157416	
551	1.004238	-0.000177	3.098946	0.000177	1.004238	-1.883163	
552	1.005631	-0.000746	2.224531	0.000746	1.005631	-2.576821	
553	1.005335	-0.000708	3.065087	0.000708	1.005335	-2.419758	
554	1.005391	0.000441	3.475918	-0.000441	1.005391	-1.349095	
555	1.001931	-0.000332	7.335361	0.000332	1.001931	-1.512083	
556	1.004836	-0.002343	5.394301	0.002343	1.004836	-3.667826	
557	1.009388	0.001252	0.926521	-0.001252	1.009388	-1.512318	
558	1.007457	-0.001225	3.248572	0.001225	1.007457	-3.192664	
559	1.008345	-0.002032	2.652922	0.002032	1.008345	-4.125551	
560	1.009449	-0.001133	1.624545	0.001133	1.009449	-3.516858	
561	1.007269	-0.001340	4.579337	0.001340	1.007269	-3.230953	
562	1.002314	-0.000301	8.457719	0.000301	1.002314	-2.089831	
563	1.001992	-0.000592	8.477651	0.000592	1.001992	-2.009016	
564	1.004930	-0.002732	6.044388	0.002732	1.004930	-3.757137	
565	1.001809	-0.001056	8.742127	0.001056	1.001809	-1.909998	
566	1.003016	-0.001534	7.842609	0.001534	1.003016	-2.586758	
567	1.009452	-0.000754	1.469647	0.000754	1.009452	-2.895914	
568	1.008994	-0.001390	1.974336	0.001390	1.008994	-3.097451	
569	1.003405	-0.000673	7.825252	0.000673	1.003405	-1.549722	
570	1.009928	0.000780	1.796467	-0.000780	1.009928	-1.349413	
571	1.008449	-0.004357	4.366719	0.004357	1.008449	-5.545294	
572	1.002327	-0.000676	10.306716	0.000676	1.002327	-1.730046	
573	1.007784	-0.004335	5.610738	0.004335	1.007784	-5.530679	
574	1.003024	-0.001290	10.362100	0.001290	1.003024	-2.395853	
575	1.011322	-0.001908	1.167504	0.001908	1.011322	-4.314994	
576	1.001682	-0.000867	10.599215	0.000867	1.001682	-1.972084	
