0	1.000000	0.000000	0.000000	0.000000	1.000000	0.000000	
1	0.999811	0.001054	-3.578254	-0.001054	0.999811	0.741042	
2	0.999921	0.001294	-4.611853	-0.001294	0.999921	0.858007	
3	0.999796	0.001341	-4.948672	-0.001341	0.999796	0.906505	
4	0.999460	0.000533	-5.507845	-0.000533	0.999460	0.545713	
5	0.999746	0.000387	-6.624001	-0.000387	0.999746	0.347800	
6	0.999693	0.000265	-6.727820	-0.000265	0.999693	0.385910	
7	0.999598	0.000342	-7.265094	-0.000342	0.999598	0.663986	
8	0.999815	0.000373	-8.120552	-0.000373	0.999815	0.408260	
9	0.999730	0.000256	-8.234822	-0.000256	0.999730	0.256584	
10	0.999657	0.000354	-8.550159	-0.000354	0.999657	0.272917	
11	0.999449	0.000498	-8.928619	-0.000498	0.999449	0.490771	
12	0.999253	0.000261	-8.918966	-0.000261	0.999253	0.404775	
13	0.999097	0.000302	-8.957061	-0.000302	0.999097	0.527613	
14	0.999267	0.000570	-9.598954	-0.000570	0.999267	0.863889	
15	0.999223	0.000556	-9.750050	-0.000556	0.999223	0.831257	
16	0.999700	0.000497	-10.594127	-0.000497	0.999700	0.521624	
17	0.999497	0.000702	-10.812961	-0.000702	0.999497	0.753477	
18	0.999659	0.000719	-11.189348	-0.000719	0.999659	0.766642	
19	0.999559	0.000805	-11.838352	-0.000805	0.999559	0.840811	
20	0.999744	0.000768	-12.435702	-0.000768	0.999744	0.640932	
21	0.999708	0.000730	-13.320928	-0.000730	0.999708	0.587725	
22	0.999708	0.001023	-15.191733	-0.001023	0.999708	0.931513	
23	0.999531	0.001005	-16.309291	-0.001005	0.999531	1.048171	
24	0.999811	0.001132	-19.120543	-0.001132	0.999811	1.090683	
25	0.999705	0.001347	-21.482889	-0.001347	0.999705	1.240040	
26	0.999430	0.001579	-23.176638	-0.001579	0.999430	1.609607	
27	0.999675	0.001620	-25.513017	-0.001620	0.999675	1.418648	
28	0.999793	0.001757	-27.088543	-0.001757	0.999793	1.438425	
29	0.999676	0.001634	-27.535503	-0.001634	0.999676	1.411156	
30	1.000670	0.001737	-30.350950	-0.001737	1.000670	1.247516	
31	1.000609	0.001646	-30.664476	-0.001646	1.000609	1.210878	
32	1.000765	0.001830	-32.243863	-0.001830	1.000765	1.251347	
33	1.000950	0.001910	-34.812837	-0.001910	1.000950	1.121018	
34	1.002249	0.002163	-35.830652	-0.002163	1.002249	0.714449	
35	1.002019	0.002203	-36.485784	-0.002203	1.002019	0.775270	
36	1.001311	0.002072	-35.315951	-0.002072	1.001311	1.112562	
37	1.001479	0.002005	-33.614521	-0.002005	1.001479	1.196697	
38	1.001192	0.001861	-31.898774	-0.001861	1.001192	1.348874	
39	1.001716	0.001769	-29.724618	-0.001769	1.001716	1.050385	
40	1.001124	0.001459	-26.380860	-0.001459	1.001124	1.055493	
41	1.001223	0.001289	-24.203609	-0.001289	1.001223	0.739403	
42	1.001147	0.000991	-20.350426	-0.000991	1.001147	0.557437	
43	1.001015	0.001076	-17.329544	-0.001076	1.001015	0.517581	
44	1.000202	0.000838	-13.578426	-0.000838	1.000202	0.406498	
45	1.000198	0.000737	-10.282202	-0.000737	1.000198	0.329764	
46	1.000074	0.000541	-7.949814	-0.000541	1.000074	0.211376	
47	0.999987	0.000438	-5.795492	-0.000438	0.999987	0.306213	
48	0.999855	0.000552	-4.842176	-0.000552	0.999855	0.453298	
49	0.999971	0.000292	-3.318986	-0.000292	0.999971	0.178700	
50	0.999871	0.000338	-2.614797	-0.000338	0.999871	0.459371	
51	0.999909	0.000343	-1.636296	-0.000343	0.999909	0.267564	
52	0.999891	0.000264	-0.664455	-0.000264	0.999891	0.184992	
53	0.999876	0.000255	0.041636	-0.000255	0.999876	0.191029	
54	0.999902	0.000274	0.275687	-0.000274	0.999902	0.208266	
55	1.000056	0.000113	0.653416	-0.000113	1.000056	0.143153	
56	1.000021	0.000115	0.227354	-0.000115	1.000021	0.114532	
57	1.000013	0.000047	0.138342	-0.000047	1.000013	0.071318	
58	0.999987	0.000036	0.120167	-0.000036	0.999987	0.018921	
59	0.999997	0.000086	0.083386	-0.000086	0.999997	-0.037397	
60	1.000025	0.000042	0.383293	-0.000042	1.000025	-0.079297	
61	1.000050	0.000071	0.214770	-0.000071	1.000050	-0.060655	
62	1.000097	0.000031	0.187595	-0.000031	1.000097	-0.066625	
63	1.000035	0.000045	0.028681	-0.000045	1.000035	-0.039211	
64	0.999996	0.000049	0.026997	-0.000049	0.999996	-0.038951	
65	0.999979	0.000059	0.041796	-0.000059	0.999979	-0.041441	
66	0.999990	0.000097	0.087488	-0.000097	0.999990	-0.068347	
67	1.000014	0.000016	0.128882	-0.000016	1.000014	-0.188029	
68	1.000017	0.000047	0.097564	-0.000047	1.000017	0.044022	
69	1.000103	-0.000141	0.603661	0.000141	1.000103	0.185938	
70	1.000183	-0.000155	0.719271	0.000155	1.000183	0.040377	
71	1.000172	-0.000209	0.882032	0.000209	1.000172	-0.157257	
72	1.000153	-0.000200	0.922674	0.000200	1.000153	-0.152256	
73	1.000171	-0.000199	1.097665	0.000199	1.000171	-0.160974	
74	1.000319	-0.000108	1.605262	0.000108	1.000319	-0.149142	
75	1.000310	-0.000085	2.148791	0.000085	1.000310	-0.060842	
76	1.000355	0.000052	2.746161	-0.000052	1.000355	-0.091496	
77	1.000606	0.000018	3.618252	-0.000018	1.000606	-0.309449	
78	1.000512	0.000159	3.857578	-0.000159	1.000512	-0.306805	
79	1.000577	0.000158	4.381406	-0.000158	1.000577	-0.286978	
80	0.999759	-0.000835	6.579729	0.000835	0.999759	-0.563471	
81	0.999712	-0.000572	7.036884	0.000572	0.999712	-0.209077	
82	0.999607	-0.000693	7.700921	0.000693	0.999607	-0.239585	
83	0.999414	-0.000771	8.590034	0.000771	0.999414	-0.211232	
84	0.999496	-0.000771	8.873884	0.000771	0.999496	-0.157095	
85	0.999212	-0.000949	9.454885	0.000949	0.999212	-0.128962	
86	0.999261	-0.000892	9.616514	0.000892	0.999261	-0.259630	
87	0.999674	-0.000698	8.940102	0.000698	0.999674	-0.348504	
88	0.999526	-0.000800	9.134992	0.000800	0.999526	-0.408982	
89	0.999584	-0.000865	8.677351	0.000865	0.999584	-0.450507	
90	0.999777	-0.000825	8.416490	0.000825	0.999777	-0.398010	
91	0.999720	-0.000876	8.825624	0.000876	0.999720	-0.457646	
92	0.999876	-0.000898	8.457322	0.000898	0.999876	-0.477496	
93	0.998424	-0.001479	9.502632	0.001479	0.998424	-0.265183	
94	1.001957	0.000624	6.255642	-0.000624	1.001957	-0.291692	
95	0.999220	-0.000955	8.720848	0.000955	0.999220	-0.260501	
96	1.000064	-0.000647	8.210651	0.000647	1.000064	-0.447500	
97	0.999468	-0.000421	8.151479	0.000421	0.999468	-0.224924	
98	0.999531	-0.000484	7.548964	0.000484	0.999531	-0.197486	
99	0.999349	-0.000466	6.672378	0.000466	0.999349	-0.166975	
100	1.000841	0.000306	3.741028	-0.000306	1.000841	-0.236305	
101	1.000960	0.000162	3.021291	-0.000162	1.000960	-0.357253	
102	1.000520	0.000015	2.198345	-0.000015	1.000520	-0.224264	
103	1.000195	-0.000107	1.657104	0.000107	1.000195	-0.168964	
104	1.000012	-0.000087	1.119266	0.000087	1.000012	-0.029916	
105	1.000199	-0.000094	0.649761	0.000094	1.000199	-0.099994	
106	1.000074	-0.000182	0.171734	0.000182	1.000074	-0.087542	
107	0.999945	-0.000137	-0.202540	0.000137	0.999945	-0.043897	
108	0.999809	-0.000179	-0.638863	0.000179	0.999809	-0.054949	
109	0.999804	-0.000283	-0.697438	0.000283	0.999804	-0.059580	
110	0.999740	-0.000284	-0.646681	0.000284	0.999740	-0.001452	
111	0.999762	-0.000243	-0.799322	0.000243	0.999762	0.018276	
112	0.999856	-0.000177	-0.577314	0.000177	0.999856	0.016861	
113	0.999904	-0.000166	-0.253256	0.000166	0.999904	0.007786	
114	0.999953	-0.000083	-0.129031	0.000083	0.999953	-0.026694	
115	0.999849	0.000020	-0.083518	-0.000020	0.999849	0.001292	
116	0.999807	-0.000015	-0.091547	0.000015	0.999807	0.005356	
117	0.999828	-0.000055	-0.001933	0.000055	0.999828	-0.009756	
118	0.999800	-0.000149	-0.022520	0.000149	0.999800	-0.047741	
119	0.999788	-0.000206	0.034127	0.000206	0.999788	-0.077403	
120	0.999838	-0.000237	0.079318	0.000237	0.999838	-0.097774	
121	0.999904	-0.000267	0.020730	0.000267	0.999904	-0.090686	
122	1.000026	-0.000115	-0.080730	0.000115	1.000026	0.029193	
123	1.000066	-0.000046	-0.156132	0.000046	1.000066	0.109532	
124	1.000033	-0.000107	-0.138580	0.000107	1.000033	0.092861	
125	0.999999	-0.000070	-0.092409	0.000070	0.999999	0.103674	
126	1.000002	-0.000085	-0.088261	0.000085	1.000002	0.055352	
127	0.999977	-0.000081	-0.032523	0.000081	0.999977	0.036917	
128	1.000002	-0.000119	-0.023043	0.000119	1.000002	-0.006917	
129	0.999959	-0.000106	0.046727	0.000106	0.999959	-0.020316	
130	0.999955	-0.000065	-0.004834	0.000065	0.999955	0.006519	
131	0.999941	-0.000017	0.020626	0.000017	0.999941	0.017801	
132	0.999956	0.000055	0.012625	-0.000055	0.999956	0.037407	
133	0.999942	0.000100	0.041169	-0.000100	0.999942	-0.018851	
134	0.999960	0.000063	0.226549	-0.000063	0.999960	-0.044117	
135	1.000007	0.000103	0.165088	-0.000103	1.000007	-0.040290	
136	1.000068	0.000161	-0.006858	-0.000161	1.000068	-0.009356	
137	1.000124	0.000045	0.207781	-0.000045	1.000124	-0.094915	
138	1.000118	0.000050	0.220159	-0.000050	1.000118	-0.077008	
139	1.000048	0.000078	0.257941	-0.000078	1.000048	-0.013313	
140	1.000083	0.000053	0.215960	-0.000053	1.000083	-0.036590	
141	1.000138	0.000075	0.159810	-0.000075	1.000138	-0.014433	
142	1.000100	0.000092	0.090436	-0.000092	1.000100	0.055299	
143	1.000110	0.000073	-0.110330	-0.000073	1.000110	0.060446	
144	1.000041	-0.000036	-0.091872	0.000036	1.000041	0.018734	
145	1.000000	-0.000081	-0.034017	0.000081	1.000000	-0.030475	
146	0.999922	-0.000087	-0.034417	0.000087	0.999922	-0.038152	
147	0.999851	-0.000027	0.057531	0.000027	0.999851	-0.010373	
148	0.999993	0.000009	-0.055856	-0.000009	0.999993	-0.044073	
149	1.000068	0.000081	-0.088235	-0.000081	1.000068	-0.023729	
150	1.000044	0.000126	-0.028537	-0.000126	1.000044	-0.009170	
151	1.000029	0.000100	-0.128557	-0.000100	1.000029	-0.006421	
152	1.000008	0.000135	-0.091595	-0.000135	1.000008	-0.002446	
153	1.000005	0.000119	-0.071384	-0.000119	1.000005	0.012919	
154	0.999998	0.000063	-0.051637	-0.000063	0.999998	-0.014147	
155	1.000018	-0.000013	-0.021580	0.000013	1.000018	-0.033361	
156	1.000083	-0.000086	-0.085320	0.000086	1.000083	-0.043196	
157	1.000103	-0.000108	-0.094244	0.000108	1.000103	-0.039183	
158	1.000102	-0.000094	-0.078929	0.000094	1.000102	-0.025162	
159	1.000136	-0.000106	-0.103525	0.000106	1.000136	-0.057217	
160	1.000049	-0.000076	-0.054386	0.000076	1.000049	-0.040338	
161	1.000116	0.000007	-0.084011	-0.000007	1.000116	-0.026406	
162	1.000199	-0.000005	-0.121381	0.000005	1.000199	-0.093075	
163	1.000282	0.000087	-0.171642	-0.000087	1.000282	-0.077092	
164	1.000201	0.000030	-0.137211	-0.000030	1.000201	-0.063300	
165	1.000173	0.000033	-0.109174	-0.000033	1.000173	-0.070996	
166	1.000131	0.000033	-0.087414	-0.000033	1.000131	-0.052634	
167	1.000130	0.000088	-0.073184	-0.000088	1.000130	0.021385	
168	1.000111	0.000073	-0.026469	-0.000073	1.000111	0.006836	
169	1.000094	0.000049	-0.017165	-0.000049	1.000094	-0.024749	
170	1.000088	0.000047	0.004135	-0.000047	1.000088	0.007401	
171	1.000174	0.000062	-0.064044	-0.000062	1.000174	0.003089	
172	1.000043	0.000108	0.003846	-0.000108	1.000043	0.084324	
173	1.000065	0.000160	0.004616	-0.000160	1.000065	0.119495	
174	1.000105	0.000116	-0.008066	-0.000116	1.000105	0.054807	
175	1.000074	0.000160	-0.001733	-0.000160	1.000074	0.078050	
176	1.000108	0.000175	0.007163	-0.000175	1.000108	0.055747	
177	1.000049	0.000133	0.053953	-0.000133	1.000049	0.003052	
178	1.000048	0.000059	0.044025	-0.000059	1.000048	-0.077233	
179	0.999910	-0.000072	-0.075984	0.000072	0.999910	-0.126534	
180	0.999904	-0.000067	-0.270524	0.000067	0.999904	-0.123332	
181	0.999990	-0.000014	-0.563755	0.000014	0.999990	-0.084317	
182	0.999957	-0.000030	-1.026952	0.000030	0.999957	-0.034294	
183	0.999980	-0.000003	-1.463882	0.000003	0.999980	0.069680	
184	0.999999	-0.000127	-1.509570	0.000127	0.999999	-0.023048	
185	0.999817	-0.000115	-1.933630	0.000115	0.999817	0.015262	
186	0.999792	-0.000139	-1.946419	0.000139	0.999792	0.000050	
187	0.999688	-0.000106	-2.245891	0.000106	0.999688	0.108074	
188	0.999740	-0.000102	-2.512370	0.000102	0.999740	0.040956	
189	0.999625	-0.000138	-2.644419	0.000138	0.999625	0.065059	
190	0.999236	-0.000129	-2.906255	0.000129	0.999236	0.255679	
191	0.999419	-0.000148	-3.248616	0.000148	0.999419	0.174688	
192	0.999416	-0.000318	-3.524358	0.000318	0.999416	-0.011370	
193	0.999058	-0.000349	-3.680837	0.000349	0.999058	0.074297	
194	0.999033	-0.000377	-3.808228	0.000377	0.999033	-0.005579	
195	0.999095	-0.000459	-3.691997	0.000459	0.999095	-0.054936	
196	0.998952	-0.000337	-3.864074	0.000337	0.998952	0.170986	
197	0.999062	-0.000241	-3.545168	0.000241	0.999062	0.143360	
198	0.998880	-0.000530	-3.363315	0.000530	0.998880	0.043124	
199	0.998877	-0.000433	-3.316961	0.000433	0.998877	0.060882	
200	0.998780	-0.000457	-2.955901	0.000457	0.998780	0.134131	
201	0.998671	-0.000405	-2.872360	0.000405	0.998671	0.113664	
202	0.998815	-0.000390	-2.969963	0.000390	0.998815	0.109593	
203	0.998898	-0.000418	-2.822192	0.000418	0.998898	0.107633	
204	0.998898	-0.000465	-2.929840	0.000465	0.998898	0.029475	
205	0.998925	-0.000408	-2.907264	0.000408	0.998925	0.053553	
206	0.998751	-0.000221	-2.920920	0.000221	0.998751	0.270675	
207	0.998664	-0.000294	-2.740416	0.000294	0.998664	0.200274	
208	0.998532	-0.000313	-2.388236	0.000313	0.998532	0.143007	
209	0.998455	-0.000156	-2.065469	0.000156	0.998455	0.213842	
210	0.998588	-0.000322	-1.839492	0.000322	0.998588	0.129485	
211	0.998646	0.000014	-1.733921	-0.000014	0.998646	0.265417	
212	0.998644	0.000084	-1.474674	-0.000084	0.998644	0.285263	
213	0.998826	-0.000011	-1.321858	0.000011	0.998826	0.181792	
214	0.998718	-0.000063	-0.867358	0.000063	0.998718	0.211653	
215	0.999013	-0.000198	-0.804002	0.000198	0.999013	0.058166	
216	0.999191	-0.000251	-0.601021	0.000251	0.999191	0.039606	
217	0.999225	-0.000277	-0.637645	0.000277	0.999225	0.106710	
218	0.999312	-0.000261	-0.465676	0.000261	0.999312	0.126888	
219	0.999385	-0.000287	-0.576183	0.000287	0.999385	0.116933	
220	0.999360	-0.000182	-0.575058	0.000182	0.999360	0.217477	
221	0.999341	-0.000094	-0.575501	0.000094	0.999341	0.249930	
222	0.999383	-0.000185	-0.563864	0.000185	0.999383	0.080385	
223	0.999449	-0.000186	-0.704191	0.000186	0.999449	0.017965	
224	0.999264	-0.000212	-1.514528	0.000212	0.999264	0.101129	
225	0.999147	-0.000267	-2.053063	0.000267	0.999147	0.106558	
226	0.999080	-0.000252	-3.040999	0.000252	0.999080	0.154771	
227	0.998958	-0.000227	-3.454730	0.000227	0.998958	0.193155	
228	0.998928	-0.000315	-3.498408	0.000315	0.998928	0.148814	
229	0.998813	-0.000300	-3.443280	0.000300	0.998813	0.190650	
230	0.999322	-0.000118	-2.976465	0.000118	0.999322	0.201334	
231	0.999497	-0.000237	-2.401660	0.000237	0.999497	0.096672	
232	0.999764	-0.000161	-1.711819	0.000161	0.999764	0.049848	
233	1.000054	-0.000098	-0.906798	0.000098	1.000054	-0.091392	
234	1.000140	0.000101	-0.506684	-0.000101	1.000140	-0.036378	
235	1.000257	0.000083	0.027402	-0.000083	1.000257	-0.109173	
236	1.000388	0.000103	-0.036560	-0.000103	1.000388	-0.105580	
237	1.000298	0.000127	-0.177809	-0.000127	1.000298	-0.030296	
238	1.000345	0.000085	-0.266741	-0.000085	1.000345	-0.094186	
239	1.000354	0.000027	-0.248740	-0.000027	1.000354	-0.138727	
240	1.000419	0.000010	-0.292695	-0.000010	1.000419	-0.191093	
241	1.000502	0.000023	-0.301838	-0.000023	1.000502	-0.191021	
242	1.000495	-0.000014	-0.265340	0.000014	1.000495	-0.189342	
243	1.000499	-0.000030	-0.325763	0.000030	1.000499	-0.123869	
244	1.000411	-0.000068	-0.249393	0.000068	1.000411	-0.129424	
245	1.000483	-0.000049	-0.220425	0.000049	1.000483	-0.125581	
246	1.000477	-0.000049	-0.244863	0.000049	1.000477	-0.128894	
247	1.000448	-0.000034	-0.202023	0.000034	1.000448	-0.105413	
248	1.000496	-0.000082	-0.242374	0.000082	1.000496	-0.157948	
249	1.000428	-0.000073	-0.214852	0.000073	1.000428	-0.153270	
250	1.000355	-0.000053	-0.170077	0.000053	1.000355	-0.095291	
251	1.000307	-0.000038	-0.149583	0.000038	1.000307	-0.101361	
252	1.000181	-0.000046	-0.140506	0.000046	1.000181	-0.086079	
253	1.000138	-0.000007	-0.135585	0.000007	1.000138	-0.023192	
254	1.000092	0.000041	-0.151186	-0.000041	1.000092	0.034081	
255	0.999999	0.000024	0.028623	-0.000024	0.999999	0.057718	
256	0.999964	-0.000031	0.065081	0.000031	0.999964	0.053737	
257	0.999859	-0.000075	0.095271	0.000075	0.999859	0.044598	
258	0.999750	-0.000087	0.134739	0.000087	0.999750	0.070505	
259	0.999707	-0.000098	0.183587	0.000098	0.999707	0.072068	
260	0.999581	-0.000034	0.294147	0.000034	0.999581	0.151094	
261	0.999503	0.000004	0.257936	-0.000004	0.999503	0.185635	
262	0.999526	0.000012	0.358808	-0.000012	0.999526	0.170627	
263	0.999599	-0.000101	0.365804	0.000101	0.999599	0.062355	
264	0.999673	0.000040	0.459969	-0.000040	0.999673	0.066240	
265	0.999777	-0.000181	0.743615	0.000181	0.999777	-0.008860	
266	0.999891	-0.000156	1.048796	0.000156	0.999891	-0.005012	
267	0.999938	-0.000088	1.078966	0.000088	0.999938	0.020914	
268	0.999901	-0.000169	1.423865	0.000169	0.999901	0.006739	
269	0.999966	0.000138	1.458910	-0.000138	0.999966	-0.121239	
270	0.999822	0.000011	1.394765	-0.000011	0.999822	-0.047280	
271	0.999942	-0.000029	1.529445	0.000029	0.999942	-0.016990	
272	1.000002	0.000005	1.756252	-0.000005	1.000002	0.105077	
273	1.000279	0.000113	2.139606	-0.000113	1.000279	0.125043	
274	1.000456	0.000248	2.385230	-0.000248	1.000456	0.078593	
275	1.000606	0.000436	2.578731	-0.000436	1.000606	0.041030	
276	1.000517	0.000453	3.042709	-0.000453	1.000517	0.070442	
277	1.000591	0.000334	3.319289	-0.000334	1.000591	-0.074912	
278	1.000590	0.000351	3.613876	-0.000351	1.000590	0.040161	
279	1.000932	0.000351	3.981825	-0.000351	1.000932	-0.004148	
280	0.999739	-0.000461	5.848343	0.000461	0.999739	-0.042509	
281	0.999762	-0.000489	6.286791	0.000489	0.999762	-0.492193	
282	1.001259	0.000514	4.926206	-0.000514	1.001259	-0.339645	
283	0.999645	-0.000655	7.127646	0.000655	0.999645	-0.378797	
284	0.999041	-0.000979	7.657143	0.000979	0.999041	-0.333827	
285	0.999532	-0.000806	7.545153	0.000806	0.999532	-0.412755	
286	0.999457	-0.000615	7.667519	0.000615	0.999457	-0.256261	
287	0.999600	-0.000543	7.960383	0.000543	0.999600	-0.277801	
288	0.999333	-0.000855	8.599207	0.000855	0.999333	-0.529705	
289	0.999511	-0.000848	8.390371	0.000848	0.999511	-0.625253	
290	0.999482	-0.000924	8.729655	0.000924	0.999482	-0.425516	
291	0.999728	-0.000616	7.715115	0.000616	0.999728	-0.206557	
292	1.002747	0.000624	3.150921	-0.000624	1.002747	-0.468876	
293	1.001085	0.000288	3.502519	-0.000288	1.001085	-0.248377	
294	1.000550	0.000178	2.422405	-0.000178	1.000550	-0.064320	
295	1.000346	0.000189	1.289062	-0.000189	1.000346	0.015618	
296	1.000213	0.000123	0.696010	-0.000123	1.000213	-0.041135	
297	1.000110	0.000019	0.097288	-0.000019	1.000110	-0.075958	
298	1.000085	0.000054	-0.103107	-0.000054	1.000085	-0.049892	
299	1.000140	0.000081	-0.194004	-0.000081	1.000140	-0.038768	
300	1.000130	0.000027	-0.238713	-0.000027	1.000130	-0.116966	
301	1.000203	-0.000043	-0.152061	0.000043	1.000203	-0.043103	
302	1.000191	-0.000118	-0.134747	0.000118	1.000191	-0.080276	
303	1.000243	-0.000086	-0.145565	0.000086	1.000243	-0.138241	
304	1.000117	-0.000031	-0.041627	0.000031	1.000117	-0.081523	
305	1.000210	-0.000077	-0.100154	0.000077	1.000210	-0.150443	
306	1.000224	-0.000027	-0.068235	0.000027	1.000224	-0.125149	
307	1.000296	0.000005	-0.142882	-0.000005	1.000296	-0.076005	
308	1.000357	-0.000060	-0.252695	0.000060	1.000357	-0.123933	
309	1.000252	-0.000071	-0.188285	0.000071	1.000252	-0.120990	
310	1.000280	-0.000044	-0.174381	0.000044	1.000280	-0.150643	
311	1.000350	-0.000021	-0.216577	0.000021	1.000350	-0.170234	
312	1.000273	-0.000031	-0.245468	0.000031	1.000273	-0.176315	
313	1.000330	0.000039	-0.326628	-0.000039	1.000330	-0.144695	
314	1.000258	-0.000033	-0.140470	0.000033	1.000258	-0.170106	
315	1.000229	-0.000104	-0.219907	0.000104	1.000229	-0.198434	
316	1.000310	0.000001	-0.255462	-0.000001	1.000310	-0.136825	
317	1.000304	0.000012	-0.168070	-0.000012	1.000304	-0.120440	
318	1.000316	0.000078	-0.151074	-0.000078	1.000316	-0.049013	
319	1.000304	0.000093	-0.126949	-0.000093	1.000304	-0.029970	
320	1.000349	0.000101	-0.159012	-0.000101	1.000349	-0.028678	
321	1.000354	0.000067	-0.165557	-0.000067	1.000354	-0.045357	
322	1.000277	0.000045	-0.138312	-0.000045	1.000277	-0.045623	
323	1.000355	0.000030	-0.177386	-0.000030	1.000355	-0.113731	
324	1.000315	0.000007	-0.150170	-0.000007	1.000315	-0.150392	
325	1.000327	-0.000032	-0.218149	0.000032	1.000327	-0.189755	
326	1.000306	-0.000079	-0.207149	0.000079	1.000306	-0.209271	
327	1.000334	-0.000074	-0.206182	0.000074	1.000334	-0.205223	
328	1.000320	-0.000036	-0.264758	0.000036	1.000320	-0.221288	
329	1.000249	-0.000052	-0.259402	0.000052	1.000249	-0.293822	
330	1.000257	-0.000083	-0.199477	0.000083	1.000257	-0.250198	
331	1.000267	-0.000031	-0.393882	0.000031	1.000267	-0.158661	
332	1.000460	0.000079	-0.700046	-0.000079	1.000460	-0.140546	
333	1.000485	0.000021	-0.853785	-0.000021	1.000485	-0.111599	
334	1.000498	0.000032	-1.013646	-0.000032	1.000498	-0.057816	
335	1.000169	0.000014	-1.438226	-0.000014	1.000169	0.031513	
336	1.000154	0.000112	-1.500996	-0.000112	1.000154	0.198328	
337	0.999968	0.000053	-1.814605	-0.000053	0.999968	0.215327	
338	0.999992	-0.000144	-1.820501	0.000144	0.999992	-0.014267	
339	0.999792	-0.000239	-2.125132	0.000239	0.999792	-0.066103	
340	0.999705	-0.000202	-2.731094	0.000202	0.999705	0.023774	
341	0.999434	-0.000128	-3.372003	0.000128	0.999434	0.129762	
342	0.999483	-0.000090	-3.916149	0.000090	0.999483	0.150473	
343	0.999265	-0.000053	-4.635239	0.000053	0.999265	0.272350	
344	0.998990	-0.000012	-5.057368	0.000012	0.998990	0.515356	
345	1.000603	0.000813	-7.901960	-0.000813	1.000603	0.482774	
346	1.000573	0.000836	-8.735745	-0.000836	1.000573	0.519603	
347	1.000717	0.000680	-9.292990	-0.000680	1.000717	0.420659	
348	0.999809	0.000427	-9.493531	-0.000427	0.999809	0.464200	
349	1.000293	0.000536	-10.267193	-0.000536	1.000293	0.461893	
350	0.999870	0.000655	-9.764102	-0.000655	0.999870	0.750646	
351	1.000468	0.000511	-10.250290	-0.000511	1.000468	0.351670	
352	0.999818	0.000754	-9.129711	-0.000754	0.999818	0.866656	
353	0.997814	-0.000666	-5.759557	0.000666	0.997814	0.566687	
354	1.000308	0.000448	-7.944166	-0.000448	1.000308	0.226901	
355	0.996541	-0.000766	-2.982842	0.000766	0.996541	0.773458	
356	1.000186	0.000373	-6.524469	-0.000373	1.000186	0.363111	
357	0.998862	-0.000467	-4.320877	0.000467	0.998862	0.414321	
358	0.999200	-0.000597	-4.090648	0.000597	0.999200	0.102490	
359	0.999181	-0.000545	-4.123812	0.000545	0.999181	0.209387	
360	0.999187	-0.000414	-3.922738	0.000414	0.999187	0.316319	
361	0.998850	-0.000354	-3.768168	0.000354	0.998850	0.398225	
362	0.998835	-0.000384	-3.906115	0.000384	0.998835	0.275476	
363	0.999091	-0.000225	-3.509435	0.000225	0.999091	0.352880	
364	0.999008	-0.000138	-2.753172	0.000138	0.999008	0.417061	
365	0.999260	-0.000020	-2.345268	0.000020	0.999260	0.410724	
366	0.999139	-0.000092	-1.717182	0.000092	0.999139	0.252765	
367	0.999412	-0.000007	-1.340757	0.000007	0.999412	0.225267	
368	0.999470	-0.000064	-1.049176	0.000064	0.999470	0.155444	
369	0.999628	-0.000111	-0.540453	0.000111	0.999628	0.070792	
370	0.999668	-0.000106	-0.366034	0.000106	0.999668	0.059710	
371	0.999890	-0.000076	-0.135408	0.000076	0.999890	0.127118	
372	0.999960	-0.000070	-0.065095	0.000070	0.999960	0.080591	
373	0.999993	0.000043	-0.056957	-0.000043	0.999993	0.132559	
374	1.000147	0.000092	-0.149742	-0.000092	1.000147	0.127961	
375	1.000113	0.000024	-0.081137	-0.000024	1.000113	0.110438	
376	1.000113	0.000068	-0.074328	-0.000068	1.000113	0.124348	
377	1.000110	0.000015	-0.066795	-0.000015	1.000110	0.068005	
378	1.000049	-0.000005	-0.022099	0.000005	1.000049	0.040836	
379	1.000040	0.000103	-0.097095	-0.000103	1.000040	0.111214	
380	0.999976	0.000192	-0.070393	-0.000192	0.999976	0.164419	
381	0.999935	0.000246	-0.079819	-0.000246	0.999935	0.170447	
382	0.999899	0.000269	-0.152948	-0.000269	0.999899	0.176726	
383	0.999927	0.000336	-0.268951	-0.000336	0.999927	0.198293	
384	0.999733	0.000248	-0.033807	-0.000248	0.999733	0.118816	
385	0.999810	0.000137	-0.000408	-0.000137	0.999810	0.017615	
386	0.999790	0.000119	-0.119276	-0.000119	0.999790	-0.005246	
387	0.999887	0.000029	0.082519	-0.000029	0.999887	-0.094902	
388	0.999907	0.000019	0.100852	-0.000019	0.999907	-0.080054	
389	0.999918	0.000009	0.119567	-0.000009	0.999918	-0.075586	
390	0.999969	-0.000038	0.066234	0.000038	0.999969	-0.077906	
391	0.999979	0.000034	0.003956	-0.000034	0.999979	0.000365	
392	0.999980	0.000135	-0.030840	-0.000135	0.999980	0.089361	
393	0.999987	0.000265	-0.023934	-0.000265	0.999987	0.200196	
394	1.000017	0.000235	-0.009726	-0.000235	1.000017	0.135521	
395	1.000031	0.000217	0.003910	-0.000217	1.000031	0.108432	
396	0.999990	0.000168	0.022330	-0.000168	0.999990	0.070239	
397	0.999966	0.000113	0.077439	-0.000113	0.999966	0.026441	
398	1.000020	0.000080	0.065275	-0.000080	1.000020	0.007240	
399	1.000054	-0.000003	0.068989	0.000003	1.000054	-0.016469	
400	1.000108	-0.000121	0.072440	0.000121	1.000108	-0.069906	
401	1.000043	-0.000087	0.046742	0.000087	1.000043	-0.062813	
402	1.000074	-0.000129	0.012481	0.000129	1.000074	-0.113747	
403	1.000005	-0.000152	0.025397	0.000152	1.000005	-0.144876	
404	1.000084	-0.000068	-0.023169	0.000068	1.000084	-0.132490	
405	1.000048	0.000007	-0.008365	-0.000007	1.000048	-0.103707	
406	1.000037	0.000003	0.056601	-0.000003	1.000037	-0.104726	
407	0.999982	0.000101	-0.036867	-0.000101	0.999982	-0.033768	
408	0.999958	0.000087	0.163311	-0.000087	0.999958	-0.005461	
409	1.000057	0.000158	0.531813	-0.000158	1.000057	0.057353	
410	1.000147	-0.000082	0.699294	0.000082	1.000147	-0.007199	
411	1.000330	-0.000036	1.077933	0.000036	1.000330	-0.029943	
412	1.000323	-0.000073	0.985094	0.000073	1.000323	-0.092309	
413	1.000321	-0.000032	1.051277	0.000032	1.000321	-0.209892	
414	1.000274	0.000013	1.037958	-0.000013	1.000274	-0.197392	
415	1.000284	0.000027	1.247739	-0.000027	1.000284	-0.203248	
416	1.000424	0.000026	1.496057	-0.000026	1.000424	-0.165394	
417	1.000727	0.000047	1.825444	-0.000047	1.000727	-0.260997	
418	1.000725	0.000127	2.222346	-0.000127	1.000725	-0.195447	
419	1.000739	0.000162	2.663286	-0.000162	1.000739	-0.211914	
420	1.000855	0.000087	2.907232	-0.000087	1.000855	-0.351416	
421	1.000871	0.000153	2.913484	-0.000153	1.000871	-0.264900	
422	1.000786	0.000168	2.950747	-0.000168	1.000786	-0.187378	
423	1.000897	0.000137	2.989300	-0.000137	1.000897	-0.245812	
424	1.000776	0.000287	3.129076	-0.000287	1.000776	-0.153400	
425	1.001136	0.000289	3.479346	-0.000289	1.001136	-0.288233	
426	1.001001	0.000268	3.910442	-0.000268	1.001001	-0.207069	
427	1.001185	0.000298	4.391317	-0.000298	1.001185	-0.271813	
428	1.000252	-0.000291	5.986319	0.000291	1.000252	-0.283504	
429	0.999883	-0.000439	6.935240	0.000439	0.999883	-0.248826	
430	0.999872	-0.000744	7.409309	0.000744	0.999872	-0.509179	
431	0.999904	-0.000691	7.768801	0.000691	0.999904	-0.530071	
432	1.001566	0.000504	5.821407	-0.000504	1.001566	-0.327302	
433	0.999859	-0.000762	8.127599	0.000762	0.999859	-0.443888	
434	1.001908	0.000349	6.041650	-0.000349	1.001908	-0.524627	
435	0.999908	-0.001144	8.149681	0.001144	0.999908	-0.746107	
436	1.000993	-0.000047	6.666228	0.000047	1.000993	-0.338487	
437	1.001717	0.000450	5.400117	-0.000450	1.001717	-0.395634	
438	1.001484	0.000572	5.209877	-0.000572	1.001484	-0.343117	
439	0.999779	-0.000635	6.801172	0.000635	0.999779	-0.447232	
440	1.001567	0.000532	4.543510	-0.000532	1.001567	-0.284388	
441	1.001747	0.000516	3.900606	-0.000516	1.001747	-0.330360	
442	1.000204	-0.000702	5.721648	0.000702	1.000204	-0.556315	
443	1.002474	0.000168	2.916935	-0.000168	1.002474	-0.756518	
444	1.001190	0.000136	3.914130	-0.000136	1.001190	-0.296344	
445	1.001509	0.000193	3.680332	-0.000193	1.001509	-0.482933	
446	1.000787	-0.000094	3.106649	0.000094	1.000787	-0.404165	
447	1.000927	-0.000023	2.540544	0.000023	1.000927	-0.469992	
448	1.000547	0.000025	2.077848	-0.000025	1.000547	-0.162234	
449	1.000692	-0.000057	1.618308	0.000057	1.000692	-0.217877	
450	1.000504	-0.000004	1.447812	0.000004	1.000504	-0.019636	
451	1.000450	0.000083	1.141575	-0.000083	1.000450	0.041691	
452	1.000173	0.000086	1.013405	-0.000086	1.000173	-0.092099	
453	1.000163	-0.000012	0.598587	0.000012	1.000163	-0.159121	
454	0.999954	-0.000064	0.174344	0.000064	0.999954	-0.137204	
455	0.999889	-0.000028	-0.018394	0.000028	0.999889	0.074778	
456	0.999928	0.000009	-0.068585	-0.000009	0.999928	0.042806	
457	0.999999	-0.000018	-0.135897	0.000018	0.999999	0.000646	
458	0.999981	-0.000044	-0.079128	0.000044	0.999981	-0.041372	
459	0.999970	-0.000085	-0.020968	0.000085	0.999970	-0.101285	
460	0.999896	-0.000101	0.008262	0.000101	0.999896	-0.107473	
461	0.999871	-0.000104	0.068447	0.000104	0.999871	-0.092144	
462	0.999822	-0.000150	0.119531	0.000150	0.999822	-0.049755	
463	0.999876	-0.000143	0.101514	0.000143	0.999876	0.000591	
464	0.999954	-0.000132	0.053228	0.000132	0.999954	0.049204	
465	1.000019	-0.000141	-0.009352	0.000141	1.000019	0.101191	
466	1.000024	-0.000193	-0.002140	0.000193	1.000024	0.078562	
467	1.000005	-0.000130	0.060868	0.000130	1.000005	0.139672	
468	0.999956	-0.000132	0.063224	0.000132	0.999956	0.079447	
469	0.999937	-0.000147	0.075062	0.000147	0.999937	0.029907	
470	0.999896	-0.000146	0.080348	0.000146	0.999896	-0.048611	
471	0.999898	-0.000090	0.101689	0.000090	0.999898	-0.066814	
472	0.999884	-0.000056	0.075044	0.000056	0.999884	-0.068958	
473	0.999940	-0.000056	0.052653	0.000056	0.999940	-0.094867	
474	0.999982	-0.000075	0.090271	0.000075	0.999982	-0.125130	
475	1.000029	-0.000128	0.148381	0.000128	1.000029	-0.175601	
476	0.999997	-0.000071	0.045902	0.000071	0.999997	-0.123094	
477	1.000003	-0.000044	0.083237	0.000044	1.000003	-0.084684	
478	1.000023	-0.000060	0.120253	0.000060	1.000023	-0.101642	
479	1.000033	-0.000038	0.073983	0.000038	1.000033	-0.051803	
480	1.000052	0.000028	0.017919	-0.000028	1.000052	0.003070	
481	1.000070	0.000002	0.008594	-0.000002	1.000070	-0.010734	
482	1.000050	0.000080	0.061146	-0.000080	1.000050	0.038076	
483	1.000092	0.000149	-0.085938	-0.000149	1.000092	0.092911	
484	1.000021	0.000132	-0.067204	-0.000132	1.000021	0.078597	
485	1.000016	0.000114	-0.033268	-0.000114	1.000016	0.013816	
486	1.000031	0.000094	-0.047706	-0.000094	1.000031	-0.021033	
487	1.000077	0.000110	-0.069639	-0.000110	1.000077	-0.028210	
488	1.000033	0.000098	-0.010622	-0.000098	1.000033	-0.019013	
489	1.000039	0.000091	-0.024243	-0.000091	1.000039	-0.040817	
490	1.000089	0.000101	-0.082395	-0.000101	1.000089	-0.054700	
491	1.000046	0.000086	-0.088698	-0.000086	1.000046	-0.078760	
492	1.000053	0.000051	-0.039843	-0.000051	1.000053	-0.109143	
493	1.000103	0.000033	-0.064479	-0.000033	1.000103	-0.108213	
494	1.000071	-0.000026	-0.054172	0.000026	1.000071	-0.115313	
495	1.000040	-0.000004	-0.078713	0.000004	1.000040	-0.105972	
496	1.000025	0.000010	-0.059746	-0.000010	1.000025	-0.058019	
497	0.999987	0.000030	-0.002159	-0.000030	0.999987	0.009218	
498	1.000071	0.000109	-0.023520	-0.000109	1.000071	0.061987	
499	1.000066	0.000159	-0.055872	-0.000159	1.000066	0.091244	
500	1.000044	0.000177	-0.035649	-0.000177	1.000044	0.122485	
501	1.000052	0.000208	-0.031963	-0.000208	1.000052	0.092120	
502	1.000017	0.000169	0.018136	-0.000169	1.000017	0.058074	
503	1.000004	0.000137	0.053021	-0.000137	1.000004	0.026730	
504	1.000060	0.000083	0.037282	-0.000083	1.000060	0.004439	
505	1.000114	0.000052	0.035305	-0.000052	1.000114	-0.020199	
506	1.000145	0.000039	-0.000513	-0.000039	1.000145	-0.032987	
507	1.000118	0.000039	0.022892	-0.000039	1.000118	-0.019149	
508	1.000075	0.000002	0.053143	-0.000002	1.000075	-0.044048	
509	1.000087	0.000029	0.035258	-0.000029	1.000087	-0.025594	
510	1.000042	0.000073	0.063190	-0.000073	1.000042	0.005459	
511	1.000094	0.000153	0.020123	-0.000153	1.000094	0.036502	
512	1.000135	0.000075	0.020128	-0.000075	1.000135	-0.016711	
513	1.000104	0.000022	0.029072	-0.000022	1.000104	-0.050621	
514	1.000068	0.000026	-0.089563	-0.000026	1.000068	-0.038425	
515	1.000076	0.000081	-0.043542	-0.000081	1.000076	0.004880	
516	0.999969	0.000111	-0.082999	-0.000111	0.999969	0.050510	
517	0.999943	0.000071	-0.143914	-0.000071	0.999943	0.054867	
518	0.999902	0.000052	-0.622116	-0.000052	0.999902	0.080200	
519	0.999869	0.000069	-1.002473	-0.000069	0.999869	0.119952	
520	0.999758	0.000040	-1.594545	-0.000040	0.999758	0.169159	
521	0.999617	-0.000098	-2.376660	0.000098	0.999617	0.106590	
522	0.999245	-0.000137	-3.159215	0.000137	0.999245	0.266546	
523	0.999041	-0.000305	-4.297197	0.000305	0.999041	0.210389	
524	0.998383	-0.000696	-4.815265	0.000696	0.998383	0.220615	
525	1.000279	0.000534	-9.344281	-0.000534	1.000279	0.322315	
526	1.000302	0.000748	-10.564753	-0.000748	1.000302	0.522254	
527	1.000036	0.000820	-11.570352	-0.000820	1.000036	0.744335	
528	1.000320	0.001028	-12.662812	-0.001028	1.000320	0.761313	
529	1.000688	0.001086	-12.695203	-0.001086	1.000688	0.610969	
530	0.999834	0.001039	-11.667185	-0.001039	0.999834	1.025943	
531	0.999923	0.001118	-11.427368	-0.001118	0.999923	0.985538	
532	0.999808	0.000855	-9.870245	-0.000855	0.999808	0.738787	
533	0.998290	0.000195	-7.077237	-0.000195	0.998290	0.879230	
534	0.997455	-0.000667	-4.839061	0.000667	0.997455	0.644721	
535	0.999525	0.000608	-6.405606	-0.000608	0.999525	0.712177	
536	0.996876	-0.000590	-2.738016	0.000590	0.996876	0.804057	
537	0.997742	-0.000259	-2.762698	0.000259	0.997742	0.795281	
538	0.996105	-0.000032	-1.292050	0.000032	0.996105	1.313995	
539	0.998590	-0.000164	-3.228616	0.000164	0.998590	0.505199	
540	0.998455	-0.000265	-2.899565	0.000265	0.998455	0.401654	
541	0.998368	-0.000079	-2.927197	0.000079	0.998368	0.591606	
542	0.998681	-0.000260	-2.978747	0.000260	0.998681	0.378819	
543	0.998154	-0.000051	-2.891275	0.000051	0.998154	0.749373	
544	0.998248	-0.000180	-2.968448	0.000180	0.998248	0.631613	
545	0.998644	-0.000232	-3.391727	0.000232	0.998644	0.569701	
546	0.998744	-0.000292	-3.605243	0.000292	0.998744	0.775897	
547	0.998740	-0.000277	-3.296605	0.000277	0.998740	0.760861	
548	0.998819	-0.000233	-3.192700	0.000233	0.998819	0.492218	
549	0.998796	-0.000186	-2.898496	0.000186	0.998796	0.398186	
550	0.998867	-0.000054	-2.362345	0.000054	0.998867	0.350948	
551	0.998887	-0.000128	-2.028088	0.000128	0.998887	0.328788	
552	0.999116	0.000081	-1.532703	-0.000081	0.999116	0.438409	
553	0.999348	0.000165	-1.084210	-0.000165	0.999348	0.452088	
554	0.999413	0.000106	-0.736660	-0.000106	0.999413	0.254796	
555	0.999419	0.000118	-0.195893	-0.000118	0.999419	0.179940	
556	0.999535	0.000048	-0.152620	-0.000048	0.999535	0.108245	
557	0.999569	-0.000041	0.306749	0.000041	0.999569	0.104396	
558	0.999775	-0.000074	0.320039	0.000074	0.999775	0.094470	
559	0.999811	-0.000107	0.284249	0.000107	0.999811	0.128382	
560	0.999918	-0.000138	0.197041	0.000138	0.999918	0.160345	
561	0.999941	0.000078	0.090712	-0.000078	0.999941	0.270704	
562	0.999941	0.000044	0.098497	-0.000044	0.999941	0.250848	
563	0.999937	0.000121	0.038203	-0.000121	0.999937	0.296179	
564	0.999932	-0.000028	0.040183	0.000028	0.999932	0.123742	
565	0.999951	0.000009	-0.012167	-0.000009	0.999951	0.165556	
566	0.999975	0.000015	-0.037518	-0.000015	0.999975	0.133130	
567	0.999977	0.000044	-0.037696	-0.000044	0.999977	0.008558	
568	0.999958	0.000038	-0.026031	-0.000038	0.999958	-0.018991	
569	0.999995	0.000044	-0.086206	-0.000044	0.999995	-0.045916	
570	1.000007	-0.000096	-0.046514	0.000096	1.000007	-0.135052	
571	1.000024	-0.000023	-0.067897	0.000023	1.000024	-0.137112	
572	1.000017	0.000022	-0.048838	-0.000022	1.000017	-0.120898	
573	1.000082	-0.000003	-0.077751	0.000003	1.000082	-0.146950	
574	1.000079	0.000035	-0.060093	-0.000035	1.000079	-0.118120	
575	1.000071	0.000059	-0.061273	-0.000059	1.000071	-0.081915	
576	1.000107	0.000085	-0.066764	-0.000085	1.000107	-0.039164	
577	1.000073	0.000086	-0.042411	-0.000086	1.000073	-0.014964	
578	1.000061	0.000094	-0.053503	-0.000094	1.000061	-0.016512	
579	1.000048	0.000059	-0.060063	-0.000059	1.000048	-0.046350	
580	1.000102	0.000090	-0.139535	-0.000090	1.000102	-0.015802	
581	1.000130	0.000067	-0.193295	-0.000067	1.000130	-0.010267	
582	1.000188	0.000037	-0.227690	-0.000037	1.000188	-0.035571	
583	1.000197	0.000001	-0.200367	-0.000001	1.000197	-0.087280	
584	1.000161	-0.000060	0.072022	0.000060	1.000161	-0.139182	
585	1.000219	-0.000067	0.162384	0.000067	1.000219	-0.182194	
586	1.000213	-0.000044	0.457583	0.000044	1.000213	-0.168821	
587	1.000208	-0.000037	0.657561	0.000037	1.000208	-0.115849	
588	1.000280	0.000093	0.850719	-0.000093	1.000280	-0.073181	
589	1.000315	0.000028	0.882707	-0.000028	1.000315	-0.083921	
590	1.000198	0.000001	1.032941	-0.000001	1.000198	-0.039725	
591	1.000355	0.000006	1.324422	-0.000006	1.000355	-0.084250	
592	1.000342	-0.000031	1.646945	0.000031	1.000342	-0.101803	
593	1.000272	-0.000102	1.848849	0.000102	1.000272	-0.141447	
594	1.000200	-0.000103	1.902273	0.000103	1.000200	-0.160703	
595	1.000322	-0.000023	1.592797	0.000023	1.000322	-0.195230	
596	1.000080	-0.000071	1.383489	0.000071	1.000080	-0.125815	
597	0.999969	-0.000059	1.474965	0.000059	0.999969	-0.090447	
598	1.000008	-0.000027	1.100363	0.000027	1.000008	-0.102596	
599	0.999954	-0.000060	1.061396	0.000060	0.999954	-0.136811	
600	0.999918	-0.000042	1.044641	0.000042	0.999918	-0.122610	
601	0.999827	-0.000049	0.871889	0.000049	0.999827	-0.110317	
602	0.999948	-0.000064	0.784921	0.000064	0.999948	-0.118869	
603	0.999933	-0.000098	0.772805	0.000098	0.999933	-0.101220	
604	0.999939	-0.000117	0.621293	0.000117	0.999939	-0.065998	
605	1.000017	-0.000144	0.633292	0.000144	1.000017	-0.060181	
606	1.000115	-0.000002	0.434334	0.000002	1.000115	0.039293	
607	1.000053	-0.000065	0.488527	0.000065	1.000053	0.077613	
608	1.000119	0.000106	0.483089	-0.000106	1.000119	0.142276	
609	1.000088	0.000114	0.255014	-0.000114	1.000088	0.182030	
610	1.000158	0.000103	0.338850	-0.000103	1.000158	0.158670	
611	1.000174	0.000009	0.249056	-0.000009	1.000174	0.084088	
612	1.000037	-0.000033	0.344764	0.000033	1.000037	0.026291	
613	1.000029	0.000049	0.320979	-0.000049	1.000029	0.029341	
614	1.000052	0.000056	0.230511	-0.000056	1.000052	0.004060	
615	1.000100	0.000042	0.257815	-0.000042	1.000100	-0.034202	
616	1.000053	-0.000027	0.227464	0.000027	1.000053	-0.064845	
617	1.000047	-0.000026	0.197798	0.000026	1.000047	-0.082800	
618	1.000024	-0.000034	0.163366	0.000034	1.000024	-0.084444	
619	1.000019	-0.000035	0.245845	0.000035	1.000019	-0.086580	
620	0.999975	-0.000028	0.084240	0.000028	0.999975	-0.069817	
621	0.999975	-0.000083	0.251916	0.000083	0.999975	-0.096018	
622	1.000053	-0.000109	0.105445	0.000109	1.000053	-0.106948	
623	1.000072	-0.000066	0.196430	0.000066	1.000072	-0.067314	
624	1.000017	0.000010	0.002507	-0.000010	1.000017	0.023260	
625	1.000004	0.000037	0.030113	-0.000037	1.000004	0.044882	
626	0.999974	0.000040	0.040908	-0.000040	0.999974	0.061171	
627	1.000009	0.000026	0.117213	-0.000026	1.000009	-0.021962	
628	0.999955	0.000041	0.067889	-0.000041	0.999955	0.035391	
629	1.000017	0.000028	-0.003132	-0.000028	1.000017	0.001879	
630	1.000015	0.000067	0.002067	-0.000067	1.000015	0.017907	
631	0.999984	0.000027	0.011790	-0.000027	0.999984	-0.030580	
632	0.999908	0.000025	0.086700	-0.000025	0.999908	-0.039225	
633	0.999941	0.000039	0.058243	-0.000039	0.999941	-0.036472	
634	0.999938	0.000012	0.046291	-0.000012	0.999938	-0.041703	
635	0.999970	0.000028	0.024456	-0.000028	0.999970	-0.033064	
636	0.999980	0.000039	0.027809	-0.000039	0.999980	-0.031802	
637	0.999955	0.000031	0.023945	-0.000031	0.999955	-0.032521	
638	0.999972	-0.000011	0.019581	0.000011	0.999972	-0.044943	
639	0.999973	-0.000077	0.018643	0.000077	0.999973	-0.079724	
640	0.999987	-0.000091	0.026119	0.000091	0.999987	-0.074990	
641	0.999919	-0.000039	0.067985	0.000039	0.999919	-0.037315	
642	0.999910	-0.000071	0.084155	0.000071	0.999910	-0.026356	
643	0.999862	-0.000059	0.106232	0.000059	0.999862	0.010026	
644	0.999844	-0.000049	0.098082	0.000049	0.999844	0.025321	
645	0.999831	-0.000003	0.124985	0.000003	0.999831	0.074600	
646	0.999842	-0.000002	0.102647	0.000002	0.999842	0.051967	
647	0.999835	-0.000011	0.103156	0.000011	0.999835	0.042657	
648	0.999782	0.000049	0.126486	-0.000049	0.999782	0.094830	
649	0.999804	0.000091	0.086475	-0.000091	0.999804	0.108027	
650	0.999794	0.000138	0.155119	-0.000138	0.999794	0.144740	
651	0.999843	0.000153	0.075893	-0.000153	0.999843	0.101208	
652	0.999870	0.000134	0.063932	-0.000134	0.999870	0.077799	
653	0.999860	0.000134	0.073321	-0.000134	0.999860	0.100771	
654	0.999890	0.000121	0.047247	-0.000121	0.999890	0.084345	
655	0.999963	0.000114	0.103546	-0.000114	0.999963	0.040359	
656	1.000049	0.000115	0.037934	-0.000115	1.000049	0.030435	
657	1.000062	0.000104	0.277335	-0.000104	1.000062	0.026311	
658	1.000049	0.000107	0.352219	-0.000107	1.000049	0.033671	
659	1.000043	0.000090	0.312982	-0.000090	1.000043	-0.003736	
660	0.999986	0.000143	0.519140	-0.000143	0.999986	0.067224	
661	1.000009	0.000146	0.530385	-0.000146	1.000009	0.062538	
662	0.999901	0.000032	0.374377	-0.000032	0.999901	0.048943	
663	0.999929	0.000114	0.430094	-0.000114	0.999929	0.003479	
