0	1.000000	0.000000	0.000000	0.000000	1.000000	0.000000	
1	1.000003	0.000002	0.013643	-0.000002	1.000003	0.013575	
2	1.000005	0.000006	0.007688	-0.000006	1.000005	0.005157	
3	1.000000	0.000018	0.001304	-0.000018	1.000000	-0.038861	
4	0.999980	0.000020	0.019376	-0.000020	0.999980	-0.083846	
5	1.000016	0.000012	-0.003265	-0.000012	1.000016	-0.011135	
6	1.000005	0.000007	-0.013544	-0.000007	1.000005	0.032893	
7	0.999992	0.000000	-0.026929	-0.000000	0.999992	0.065452	
8	0.999987	0.000013	-0.008625	-0.000013	0.999987	0.120510	
9	0.999950	0.000012	0.009691	-0.000012	0.999950	-0.035165	
10	0.999954	0.000041	-0.010700	-0.000041	0.999954	-0.046961	
11	0.999963	0.000047	-0.008715	-0.000047	0.999963	-0.033693	
12	0.999981	0.000001	0.019850	-0.000001	0.999981	-0.005046	
13	1.000028	-0.000043	0.050779	0.000043	1.000028	0.023811	
14	1.000026	-0.000031	0.054281	0.000031	1.000026	0.018408	
15	0.999992	-0.000020	-0.009949	0.000020	0.999992	0.007170	
16	0.999977	0.000018	-0.038025	-0.000018	0.999977	0.003957	
17	0.999977	0.000057	-0.024661	-0.000057	0.999977	-0.008598	
18	0.999981	0.000043	0.009475	-0.000043	0.999981	-0.013381	
19	1.000008	0.000039	0.034248	-0.000039	1.000008	0.045816	
20	0.999984	0.000002	0.010840	-0.000002	0.999984	0.118799	
21	0.999971	0.000014	-0.056526	-0.000014	0.999971	-0.004242	
22	0.999972	0.000000	-0.048349	-0.000000	0.999972	-0.023381	
23	1.000000	-0.000010	-0.027168	0.000010	1.000000	-0.023912	
24	1.000003	-0.000032	-0.027017	0.000032	1.000003	0.007257	
25	0.999998	-0.000033	-0.047001	0.000033	0.999998	0.015729	
26	1.000011	-0.000006	-0.008517	0.000006	1.000011	0.005677	
27	0.999993	0.000003	-0.054099	-0.000003	0.999993	0.022649	
28	0.999974	0.000029	-0.028787	-0.000029	0.999974	0.011919	
29	1.000008	0.000029	0.037448	-0.000029	1.000008	0.005572	
30	0.999991	0.000012	0.031014	-0.000012	0.999991	0.007251	
31	1.000010	-0.000004	0.035000	0.000004	1.000010	0.001477	
32	1.000028	-0.000016	0.056095	0.000016	1.000028	-0.004216	
33	1.000012	-0.000027	0.000150	0.000027	1.000012	-0.004027	
34	1.000018	-0.000034	-0.005531	0.000034	1.000018	-0.005492	
35	1.000006	-0.000017	-0.003414	0.000017	1.000006	-0.000813	
36	0.999986	0.000003	0.006857	-0.000003	0.999986	0.012659	
37	0.999974	0.000023	0.018202	-0.000023	0.999974	0.014342	
38	0.999938	0.000045	0.035831	-0.000045	0.999938	0.028832	
39	0.999953	0.000036	0.033504	-0.000036	0.999953	0.023813	
40	0.999936	0.000021	0.046186	-0.000021	0.999936	0.035560	
41	0.999939	0.000010	0.053764	-0.000010	0.999939	0.043877	
42	0.999943	-0.000007	0.055264	0.000007	0.999943	0.049898	
43	0.999934	-0.000022	0.071164	0.000022	0.999934	0.055289	
44	0.999949	-0.000023	0.073487	0.000023	0.999949	0.030899	
45	0.999945	-0.000004	0.073847	0.000004	0.999945	0.030958	
46	0.999933	0.000025	0.069837	-0.000025	0.999933	0.037810	
47	0.999929	0.000044	0.038811	-0.000044	0.999929	0.039510	
48	0.999909	0.000057	0.054540	-0.000057	0.999909	0.042627	
49	0.999917	0.000066	0.085696	-0.000066	0.999917	0.054955	
50	0.999904	0.000056	0.109550	-0.000056	0.999904	0.057822	
51	0.999945	0.000024	0.102134	-0.000024	0.999945	0.045893	
52	0.999924	0.000005	0.102043	-0.000005	0.999924	0.056480	
53	0.999915	-0.000012	0.088350	0.000012	0.999915	0.060790	
54	0.999907	-0.000001	0.086384	0.000001	0.999907	0.066625	
55	0.999904	0.000019	0.093213	-0.000019	0.999904	0.070618	
56	0.999885	0.000045	0.104863	-0.000045	0.999885	0.068541	
57	0.999864	0.000076	0.065091	-0.000076	0.999864	0.052040	
58	0.999817	0.000088	0.091348	-0.000088	0.999817	0.076592	
59	0.999855	0.000068	0.041636	-0.000068	0.999855	0.051629	
60	0.999866	0.000069	0.038766	-0.000069	0.999866	0.064014	
61	0.999897	0.000048	0.072408	-0.000048	0.999897	0.071041	
62	0.999911	0.000019	0.044455	-0.000019	0.999911	0.073688	
63	0.999818	-0.000010	-0.172989	0.000010	0.999818	0.096516	
64	0.999846	-0.000031	-0.198351	0.000031	0.999846	0.065671	
65	0.999725	-0.000008	-0.441170	0.000008	0.999725	0.089134	
66	0.999693	-0.000008	-0.525433	0.000008	0.999693	0.116272	
67	0.999533	-0.000037	-1.029639	0.000037	0.999533	0.138461	
68	0.999430	-0.000031	-1.251597	0.000031	0.999430	0.161504	
69	0.999236	-0.000031	-1.604647	0.000031	0.999236	0.207859	
70	0.999250	-0.000100	-1.857530	0.000100	0.999250	0.155417	
71	0.999110	-0.000166	-2.037446	0.000166	0.999110	0.152681	
72	0.998947	-0.000335	-2.414846	0.000335	0.998947	0.160171	
73	0.998823	-0.000353	-2.393851	0.000353	0.998823	0.198726	
74	0.998545	-0.000254	-2.768351	0.000254	0.998545	0.368889	
75	0.998569	-0.000329	-3.141077	0.000329	0.998569	0.331380	
76	0.998122	-0.000218	-2.922329	0.000218	0.998122	0.535420	
77	0.997976	-0.000350	-3.540987	0.000350	0.997976	0.509835	
78	0.997961	-0.000385	-3.568910	0.000385	0.997961	0.475543	
79	0.997930	-0.000404	-4.012075	0.000404	0.997930	0.473058	
80	0.996970	-0.000573	-3.690137	0.000573	0.996970	0.666219	
81	0.999415	0.000486	-6.484428	-0.000486	0.999415	0.652271	
82	0.999451	0.000331	-7.097388	-0.000331	0.999451	0.429798	
83	0.999484	0.000308	-7.423913	-0.000308	0.999484	0.441393	
84	0.999568	0.000471	-7.737426	-0.000471	0.999568	0.641872	
85	0.999375	0.000420	-8.187265	-0.000420	0.999375	0.639784	
86	0.999381	0.000338	-8.019417	-0.000338	0.999381	0.477183	
87	0.999331	0.000421	-8.331096	-0.000421	0.999331	0.490613	
88	0.999244	0.000495	-8.616048	-0.000495	0.999244	0.544583	
89	0.999038	0.000551	-8.561424	-0.000551	0.999038	0.689061	
90	0.999242	0.000437	-9.275897	-0.000437	0.999242	0.548653	
91	0.999231	0.000615	-9.918220	-0.000615	0.999231	0.740551	
92	0.998828	0.000658	-10.137294	-0.000658	0.998828	1.005703	
93	0.999031	0.000740	-11.105789	-0.000740	0.999031	0.999943	
94	0.999255	0.000727	-12.113634	-0.000727	0.999255	0.853183	
95	0.999131	0.000677	-12.650613	-0.000677	0.999131	0.822013	
96	0.999398	0.000999	-14.202983	-0.000999	0.999398	0.837790	
97	0.999580	0.001015	-15.592739	-0.001015	0.999580	0.728353	
98	1.000002	0.000870	-17.470276	-0.000870	1.000002	0.520047	
99	1.000580	0.001041	-20.607095	-0.001041	1.000580	0.530685	
100	0.999743	0.001329	-21.332040	-0.001329	0.999743	1.285440	
101	0.999472	0.001189	-22.701938	-0.001189	0.999472	1.450782	
102	1.000182	0.001489	-25.027582	-0.001489	1.000182	1.313823	
103	1.000256	0.001397	-24.342505	-0.001397	1.000256	1.119274	
104	1.000039	0.001331	-24.172635	-0.001331	1.000039	1.172413	
105	1.000902	0.001550	-24.171417	-0.001550	1.000902	0.834753	
106	1.000696	0.001511	-22.741952	-0.001511	1.000696	1.054800	
107	0.999771	0.001471	-21.677189	-0.001471	0.999771	1.370082	
108	1.001114	0.001394	-21.865753	-0.001394	1.001114	0.604709	
109	1.000910	0.001428	-20.839008	-0.001428	1.000910	0.627803	
110	1.000970	0.001435	-20.303828	-0.001435	1.000970	0.590817	
111	1.000678	0.001020	-18.174010	-0.001020	1.000678	0.625251	
112	1.000845	0.000984	-16.271447	-0.000984	1.000845	0.557777	
113	1.000895	0.000894	-15.064897	-0.000894	1.000895	0.472974	
114	1.001054	0.000938	-13.036505	-0.000938	1.001054	0.554531	
115	1.000868	0.000811	-11.615709	-0.000811	1.000868	0.317227	
116	1.000912	0.000778	-10.016605	-0.000778	1.000912	0.219013	
117	1.000684	0.000748	-8.111534	-0.000748	1.000684	0.326246	
118	0.999318	-0.000208	-4.558298	0.000208	0.999318	0.282659	
119	0.999608	0.000019	-3.344384	-0.000019	0.999608	0.320259	
120	0.999661	0.000044	-2.421150	-0.000044	0.999661	0.140292	
121	1.000009	0.000142	-1.450910	-0.000142	1.000009	0.009658	
122	0.999996	0.000158	-0.803546	-0.000158	0.999996	0.027391	
123	1.000107	0.000187	-0.296954	-0.000187	1.000107	0.030560	
124	1.000252	0.000157	0.206637	-0.000157	1.000252	-0.002514	
125	1.000252	0.000100	0.194099	-0.000100	1.000252	0.002025	
126	1.000296	0.000084	0.059869	-0.000084	1.000296	-0.009354	
127	1.000219	0.000021	0.150750	-0.000021	1.000219	-0.006067	
128	1.000233	-0.000010	-0.040635	0.000010	1.000233	0.014676	
129	1.000268	0.000002	-0.031185	-0.000002	1.000268	0.036118	
130	1.000224	0.000104	-0.059452	-0.000104	1.000224	0.081483	
131	1.000185	0.000168	-0.057777	-0.000168	1.000185	0.095789	
132	1.000267	0.000186	-0.091562	-0.000186	1.000267	0.089075	
133	1.000214	0.000145	-0.014419	-0.000145	1.000214	0.161236	
134	1.000265	0.000119	0.063321	-0.000119	1.000265	0.073246	
135	1.000293	0.000056	0.070884	-0.000056	1.000293	0.010009	
136	1.000264	-0.000009	0.286843	0.000009	1.000264	0.080494	
137	1.000378	0.000006	0.495153	-0.000006	1.000378	-0.046083	
138	1.000260	0.000041	0.623931	-0.000041	1.000260	-0.012472	
139	1.000374	0.000098	0.744201	-0.000098	1.000374	-0.051610	
140	1.000363	0.000129	0.816264	-0.000129	1.000363	-0.056229	
141	1.000368	0.000122	1.054298	-0.000122	1.000368	-0.043607	
142	1.000411	0.000144	1.296210	-0.000144	1.000411	-0.038590	
143	1.000425	0.000190	1.299548	-0.000190	1.000425	0.001362	
144	1.000574	0.000131	1.685778	-0.000131	1.000574	-0.053395	
145	1.000672	0.000041	1.797324	-0.000041	1.000672	-0.108803	
146	1.000741	0.000096	1.944836	-0.000096	1.000741	-0.079565	
147	1.000748	0.000053	2.157283	-0.000053	1.000748	-0.146596	
148	1.000770	0.000099	2.012213	-0.000099	1.000770	-0.119248	
149	1.000717	0.000054	2.169628	-0.000054	1.000717	-0.208742	
150	1.000507	0.000146	2.032618	-0.000146	1.000507	-0.108800	
151	1.000504	0.000164	1.946122	-0.000164	1.000504	-0.137361	
152	1.000399	0.000124	1.723396	-0.000124	1.000399	-0.130821	
153	1.000348	0.000159	1.576461	-0.000159	1.000348	-0.056625	
154	1.000336	0.000103	1.495128	-0.000103	1.000336	-0.058785	
155	1.000194	0.000018	1.321887	-0.000018	1.000194	-0.059081	
156	1.000319	0.000032	1.360006	-0.000032	1.000319	-0.056494	
157	1.000211	-0.000047	1.412684	0.000047	1.000211	-0.094422	
158	1.000126	0.000008	1.373282	-0.000008	1.000126	-0.008966	
159	1.000173	-0.000006	1.614032	0.000006	1.000173	-0.043819	
160	1.000119	-0.000020	1.881866	0.000020	1.000119	-0.087395	
161	1.000204	0.000019	2.069415	-0.000019	1.000204	-0.094983	
162	1.000223	0.000075	2.295043	-0.000075	1.000223	-0.036295	
163	1.000331	0.000131	2.336946	-0.000131	1.000331	-0.034099	
164	1.000347	0.000016	2.819900	-0.000016	1.000347	-0.146551	
165	1.000390	0.000075	3.356476	-0.000075	1.000390	-0.107835	
166	1.000517	0.000078	3.803235	-0.000078	1.000517	-0.205083	
167	1.000649	0.000134	4.073313	-0.000134	1.000649	-0.192378	
168	1.000550	0.000217	4.641255	-0.000217	1.000550	-0.091354	
169	1.000714	0.000267	4.903037	-0.000267	1.000714	-0.183058	
170	1.001309	0.000261	4.876046	-0.000261	1.001309	-0.420920	
171	0.999396	-0.000556	7.612908	0.000556	0.999396	-0.180650	
172	0.999670	-0.000707	7.630631	0.000707	0.999670	-0.449461	
173	0.999601	-0.000733	8.144633	0.000733	0.999601	-0.452889	
174	0.999347	-0.000673	8.626315	0.000673	0.999347	-0.268788	
175	0.999222	-0.000755	9.115875	0.000755	0.999222	-0.261013	
176	0.999065	-0.000956	9.423108	0.000956	0.999065	-0.334401	
177	0.998762	-0.000920	9.594270	0.000920	0.998762	-0.247867	
178	0.999293	-0.000669	9.449901	0.000669	0.999293	-0.172390	
179	0.999390	-0.000714	9.140390	0.000714	0.999390	-0.213814	
180	0.999484	-0.000799	9.163906	0.000799	0.999484	-0.401188	
181	0.999625	-0.000917	8.972602	0.000917	0.999625	-0.457727	
182	1.000096	-0.000629	8.773802	0.000629	1.000096	-0.471141	
183	0.999692	-0.000735	8.795577	0.000735	0.999692	-0.378975	
184	0.999428	-0.000809	8.413447	0.000809	0.999428	-0.370186	
185	0.999133	-0.000224	7.833855	0.000224	0.999133	0.018639	
186	0.999607	-0.000442	7.955663	0.000442	0.999607	-0.144498	
187	0.999937	-0.000283	7.629671	0.000283	0.999937	-0.196826	
188	0.999759	-0.000182	7.435819	0.000182	0.999759	-0.029847	
189	0.999316	-0.000456	7.153464	0.000456	0.999316	-0.038313	
190	1.001188	0.000462	4.844208	-0.000462	1.001188	-0.076977	
191	1.001412	0.000174	3.923417	-0.000174	1.001412	-0.321739	
192	1.000818	0.000053	3.983409	-0.000053	1.000818	-0.207365	
193	1.001004	0.000396	3.989509	-0.000396	1.001004	-0.181172	
194	1.000585	0.000277	3.603502	-0.000277	1.000585	0.027808	
195	1.001064	0.000429	3.372182	-0.000429	1.001064	-0.069057	
196	1.000340	0.000360	3.522962	-0.000360	1.000340	0.122482	
197	1.000140	0.000339	3.167875	-0.000339	1.000140	0.112386	
198	1.000119	0.000259	2.762218	-0.000259	1.000119	0.095625	
199	1.000095	0.000100	2.529249	-0.000100	1.000095	0.047642	
200	1.000105	-0.000027	2.388610	0.000027	1.000105	-0.017378	
201	1.000158	-0.000041	2.354726	0.000041	1.000158	-0.057930	
202	1.000172	-0.000109	2.274675	0.000109	1.000172	-0.126411	
203	1.000136	-0.000270	2.647294	0.000270	1.000136	-0.294979	
204	1.000079	-0.000228	2.537281	0.000228	1.000079	-0.264344	
205	1.000045	-0.000282	2.361937	0.000282	1.000045	-0.362084	
206	1.000052	-0.000136	2.088770	0.000136	1.000052	-0.265026	
207	1.000105	-0.000120	2.012794	0.000120	1.000105	-0.258832	
208	1.000067	-0.000037	1.781334	0.000037	1.000067	-0.153450	
209	1.000110	0.000011	1.719112	-0.000011	1.000110	-0.094491	
210	1.000166	-0.000005	1.455118	0.000005	1.000166	-0.058696	
211	1.000297	0.000015	1.187594	-0.000015	1.000297	-0.049957	
212	1.000283	0.000001	1.048616	-0.000001	1.000283	0.024475	
213	1.000223	-0.000010	0.734875	0.000010	1.000223	0.058494	
214	1.000150	-0.000038	0.842893	0.000038	1.000150	0.038710	
215	1.000075	-0.000082	0.581417	0.000082	1.000075	-0.008755	
216	1.000088	-0.000103	0.591117	0.000103	1.000088	-0.048517	
217	1.000055	-0.000083	0.657826	0.000083	1.000055	-0.097938	
218	0.999974	0.000025	0.622046	-0.000025	0.999974	-0.067469	
219	0.999949	0.000126	0.681217	-0.000126	0.999949	-0.038814	
220	1.000011	0.000181	0.609796	-0.000181	1.000011	-0.050171	
221	0.999951	0.000282	0.648889	-0.000282	0.999951	0.064925	
222	1.000055	0.000320	0.751114	-0.000320	1.000055	0.089953	
223	1.000161	0.000313	0.874262	-0.000313	1.000161	0.080023	
224	1.000248	0.000291	1.133553	-0.000291	1.000248	0.086676	
225	1.000362	0.000116	1.427914	-0.000116	1.000362	-0.053739	
226	1.000360	0.000189	1.593497	-0.000189	1.000360	0.007247	
227	1.000488	0.000074	1.535006	-0.000074	1.000488	-0.089237	
228	1.000333	-0.000140	1.466693	0.000140	1.000333	-0.196230	
229	1.000231	-0.000159	1.237198	0.000159	1.000231	-0.174667	
230	1.000215	-0.000185	0.800099	0.000185	1.000215	-0.198233	
231	1.000007	-0.000256	0.589052	0.000256	1.000007	-0.215444	
232	1.000063	-0.000161	0.479533	0.000161	1.000063	-0.173077	
233	1.000013	-0.000213	0.223861	0.000213	1.000013	-0.200627	
234	1.000037	-0.000138	0.097419	0.000138	1.000037	-0.168408	
235	1.000077	-0.000186	0.059206	0.000186	1.000077	-0.177835	
236	0.999998	-0.000195	-0.053633	0.000195	0.999998	-0.171806	
237	1.000054	-0.000100	-0.105334	0.000100	1.000054	-0.138677	
238	1.000080	-0.000020	-0.120751	0.000020	1.000080	-0.083020	
239	1.000102	0.000052	-0.153819	-0.000052	1.000102	-0.046588	
240	1.000136	0.000065	-0.186696	-0.000065	1.000136	-0.024227	
241	1.000069	0.000087	-0.165577	-0.000087	1.000069	0.015133	
242	1.000061	0.000096	-0.166075	-0.000096	1.000061	0.029642	
243	1.000043	0.000120	-0.158835	-0.000120	1.000043	0.024056	
244	0.999989	0.000089	-0.089762	-0.000089	0.999989	0.010851	
245	0.999903	0.000064	-0.027066	-0.000064	0.999903	-0.005907	
246	0.999928	0.000049	-0.010522	-0.000049	0.999928	0.009971	
247	0.999909	0.000023	0.049414	-0.000023	0.999909	0.022688	
248	0.999925	0.000008	0.058852	-0.000008	0.999925	0.004062	
249	0.999885	-0.000003	0.097279	0.000003	0.999885	-0.013637	
250	0.999844	-0.000011	0.149808	0.000011	0.999844	-0.008233	
251	0.999818	0.000025	0.176510	-0.000025	0.999818	0.025595	
252	0.999794	0.000058	0.165434	-0.000058	0.999794	0.053972	
253	0.999782	0.000080	0.116232	-0.000080	0.999782	0.087709	
254	0.999774	0.000081	-0.232434	-0.000081	0.999774	0.109276	
255	0.999802	0.000108	-0.160189	-0.000108	0.999802	0.124676	
256	0.999671	0.000107	-0.397015	-0.000107	0.999671	0.162307	
257	0.999761	0.000082	-0.526704	-0.000082	0.999761	0.116094	
258	0.999640	0.000128	-0.582229	-0.000128	0.999640	0.146629	
259	0.999676	-0.000007	-0.691337	0.000007	0.999676	0.078459	
260	0.999585	0.000005	-0.614583	-0.000005	0.999585	0.086987	
261	0.999506	-0.000034	-0.748220	0.000034	0.999506	0.074467	
262	0.999400	-0.000037	-0.567276	0.000037	0.999400	0.104638	
263	0.999421	0.000000	-0.947667	-0.000000	0.999421	0.128736	
264	0.999537	-0.000015	-0.968777	0.000015	0.999537	0.116814	
265	0.999444	-0.000009	-1.366653	0.000009	0.999444	0.186477	
266	0.999330	-0.000024	-1.516944	0.000024	0.999330	0.206043	
267	0.999456	-0.000007	-1.817234	0.000007	0.999456	0.185664	
268	0.999354	-0.000109	-2.073141	0.000109	0.999354	0.179137	
269	0.999216	-0.000150	-2.224522	0.000150	0.999216	0.164345	
270	0.999188	-0.000178	-2.609581	0.000178	0.999188	0.240290	
271	0.999281	-0.000238	-2.912799	0.000238	0.999281	0.129851	
272	0.999042	-0.000250	-3.427279	0.000250	0.999042	0.283087	
273	0.998953	-0.000124	-3.749188	0.000124	0.998953	0.326325	
274	0.998427	-0.000363	-4.311053	0.000363	0.998427	0.278142	
275	0.999830	0.000558	-6.894207	-0.000558	0.999830	0.384239	
276	0.999896	0.000645	-8.239380	-0.000645	0.999896	0.460876	
277	0.999697	0.000675	-8.920756	-0.000675	0.999697	0.644757	
278	0.998485	0.000558	-8.152736	-0.000558	0.998485	0.997250	
279	0.999608	0.000635	-10.176257	-0.000635	0.999608	0.758078	
280	0.999973	0.000627	-10.868397	-0.000627	0.999973	0.736645	
281	0.999873	0.000553	-10.977103	-0.000553	0.999873	0.681575	
282	1.000026	0.000691	-11.608373	-0.000691	1.000026	0.571212	
283	0.999800	0.000669	-11.407867	-0.000669	0.999800	0.579871	
284	0.999990	0.000750	-12.256620	-0.000750	0.999990	0.692067	
285	0.999842	0.000757	-12.184081	-0.000757	0.999842	0.796768	
286	1.000198	0.000778	-12.719802	-0.000778	1.000198	0.456579	
287	1.000193	0.000798	-13.061197	-0.000798	1.000193	0.491926	
288	1.000205	0.000687	-12.808967	-0.000687	1.000205	0.538438	
289	0.997966	0.000711	-10.429455	-0.000711	0.997966	1.331823	
290	0.999457	0.000814	-11.502073	-0.000814	0.999457	0.880873	
291	0.999628	0.000643	-10.468565	-0.000643	0.999628	0.662396	
292	0.999542	0.000764	-9.672180	-0.000764	0.999542	0.872495	
293	0.999310	0.000629	-8.462458	-0.000629	0.999310	0.939421	
294	0.999482	0.000669	-7.951828	-0.000669	0.999482	0.742168	
295	0.996764	-0.000150	-4.456588	0.000150	0.996764	1.100040	
296	0.998566	0.000094	-5.535035	-0.000094	0.998566	0.707308	
297	0.999368	0.000493	-5.706382	-0.000493	0.999368	0.593013	
298	0.998662	-0.000202	-3.937779	0.000202	0.998662	0.342607	
299	0.997792	-0.000195	-2.333989	0.000195	0.997792	0.542004	
300	0.998912	-0.000178	-2.887386	0.000178	0.998912	0.189582	
301	0.999081	-0.000073	-2.402245	0.000073	0.999081	0.239226	
302	0.999298	-0.000113	-1.839507	0.000113	0.999298	0.047594	
303	0.999511	-0.000065	-1.268482	0.000065	0.999511	0.026154	
304	0.999487	-0.000095	-0.952531	0.000095	0.999487	0.078567	
305	0.999852	-0.000032	-0.575176	0.000032	0.999852	0.038069	
306	0.999802	-0.000010	-0.415382	0.000010	0.999802	0.081295	
307	1.000007	0.000081	0.005818	-0.000081	1.000007	0.115042	
308	1.000013	0.000077	0.046430	-0.000077	1.000013	0.115400	
309	1.000102	0.000097	-0.036192	-0.000097	1.000102	0.125711	
310	1.000074	0.000112	-0.021810	-0.000112	1.000074	0.107025	
311	1.000044	0.000100	-0.119501	-0.000100	1.000044	0.069107	
312	1.000022	0.000103	-0.321166	-0.000103	1.000022	0.030040	
313	0.999958	0.000164	-0.352510	-0.000164	0.999958	0.068644	
314	0.999928	0.000086	-0.571324	-0.000086	0.999928	0.026112	
315	0.999812	0.000105	-0.949427	-0.000105	0.999812	0.041800	
316	0.999646	-0.000079	-1.754202	0.000079	0.999646	0.127622	
317	0.999403	-0.000222	-2.921173	0.000222	0.999403	0.278010	
318	0.998924	-0.000438	-4.495868	0.000438	0.998924	0.394683	
319	1.000250	0.000511	-8.453405	-0.000511	1.000250	0.376594	
320	1.000231	0.000648	-11.224188	-0.000648	1.000231	0.611722	
321	1.000738	0.000751	-13.788392	-0.000751	1.000738	0.309958	
322	1.000611	0.000963	-15.162592	-0.000963	1.000611	0.588460	
323	1.000388	0.000936	-16.911350	-0.000936	1.000388	0.958285	
324	1.000619	0.001277	-17.584276	-0.001277	1.000619	0.890140	
325	1.000750	0.001378	-17.612701	-0.001378	1.000750	0.826256	
326	1.000965	0.001259	-17.294703	-0.001259	1.000965	0.660984	
327	1.000473	0.001051	-14.391361	-0.001051	1.000473	0.634902	
328	1.000390	0.001049	-11.592660	-0.001049	1.000390	0.772051	
329	1.000692	0.000603	-9.156350	-0.000603	1.000692	0.399470	
330	1.000266	0.000518	-6.142911	-0.000518	1.000266	0.356300	
331	0.999376	0.000036	-3.059463	-0.000036	0.999376	0.311581	
332	0.999885	-0.000043	-1.863485	0.000043	0.999885	0.062777	
333	1.000126	0.000068	-0.709922	-0.000068	1.000126	0.079107	
334	1.000499	0.000063	0.181281	-0.000063	1.000499	-0.016172	
335	1.000392	0.000148	0.736240	-0.000148	1.000392	0.035766	
336	1.000471	0.000144	0.532885	-0.000144	1.000471	-0.000332	
337	1.000574	0.000124	0.514047	-0.000124	1.000574	-0.075866	
338	1.000497	0.000053	0.524799	-0.000053	1.000497	-0.105989	
339	1.000436	0.000110	0.440289	-0.000110	1.000436	-0.072614	
340	1.000576	0.000092	0.617170	-0.000092	1.000576	-0.102121	
341	1.000641	0.000069	0.713725	-0.000069	1.000641	-0.125242	
342	1.000551	0.000155	1.020885	-0.000155	1.000551	-0.057461	
343	1.000579	0.000055	1.219133	-0.000055	1.000579	-0.144303	
344	1.000641	0.000095	1.514586	-0.000095	1.000641	-0.154880	
345	1.000641	0.000122	1.746619	-0.000122	1.000641	-0.168446	
346	1.000811	0.000135	1.810940	-0.000135	1.000811	-0.182791	
347	1.000729	0.000158	1.831710	-0.000158	1.000729	-0.148158	
348	1.000925	0.000155	1.821890	-0.000155	1.000925	-0.222489	
349	1.000797	0.000142	1.888181	-0.000142	1.000797	-0.200468	
350	1.000885	0.000171	1.691266	-0.000171	1.000885	-0.196785	
351	1.000806	0.000166	1.615396	-0.000166	1.000806	-0.170411	
352	1.000739	0.000071	1.402406	-0.000071	1.000739	-0.181713	
353	1.000744	-0.000013	1.052093	0.000013	1.000744	-0.183449	
354	1.000636	0.000089	1.042389	-0.000089	1.000636	-0.100327	
355	1.000674	0.000075	0.980579	-0.000075	1.000674	-0.127132	
356	1.000527	0.000105	1.096459	-0.000105	1.000527	-0.107711	
357	1.000535	0.000121	1.166643	-0.000121	1.000535	-0.167550	
358	1.000458	0.000192	0.965066	-0.000192	1.000458	-0.089371	
359	1.000526	0.000117	1.367224	-0.000117	1.000526	-0.170479	
360	1.000651	0.000122	1.256620	-0.000122	1.000651	-0.151151	
361	1.000776	-0.000018	1.243467	0.000018	1.000776	-0.249940	
362	1.000790	0.000034	1.397887	-0.000034	1.000790	-0.161227	
363	1.000767	0.000012	1.462714	-0.000012	1.000767	-0.156005	
364	1.000886	-0.000038	1.648097	0.000038	1.000886	-0.254017	
365	1.000798	-0.000057	1.874539	0.000057	1.000798	-0.258117	
366	1.000848	-0.000057	2.139253	0.000057	1.000848	-0.279718	
367	1.000825	0.000022	2.590800	-0.000022	1.000825	-0.238992	
368	1.001029	0.000053	2.929252	-0.000053	1.001029	-0.270767	
369	1.001364	0.000240	3.490553	-0.000240	1.001364	-0.269022	
370	1.000791	0.000084	4.672970	-0.000084	1.000791	-0.183084	
371	1.000049	-0.000301	6.046002	0.000301	1.000049	-0.191575	
372	1.000243	-0.000503	6.656546	0.000503	1.000243	-0.464356	
373	0.999963	-0.000638	7.605888	0.000638	0.999963	-0.456807	
374	1.000035	-0.000729	8.279810	0.000729	1.000035	-0.518358	
375	0.999980	-0.000648	9.158605	0.000648	0.999980	-0.458309	
376	1.000767	-0.000884	9.598267	0.000884	1.000767	-0.912517	
377	1.000334	-0.000820	10.325514	0.000820	1.000334	-0.732478	
378	0.999848	-0.000923	11.635458	0.000923	0.999848	-0.520870	
379	0.999409	-0.000914	12.585484	0.000914	0.999409	-0.359656	
380	0.999950	-0.000889	12.835642	0.000889	0.999950	-0.674341	
381	1.000162	-0.000826	13.634885	0.000826	1.000162	-0.782911	
382	0.999683	-0.000705	13.846049	0.000705	0.999683	-0.337739	
383	0.999968	-0.000620	13.707707	0.000620	0.999968	-0.386624	
384	0.999932	-0.000809	14.174479	0.000809	0.999932	-0.496073	
385	0.999488	-0.000959	13.887709	0.000959	0.999488	-0.403118	
386	0.999737	-0.000681	13.985465	0.000681	0.999737	-0.251751	
387	0.999796	-0.000618	13.876103	0.000618	0.999796	-0.256917	
388	0.999327	-0.000903	14.251617	0.000903	0.999327	-0.180767	
389	0.999375	-0.001011	14.318431	0.001011	0.999375	-0.228292	
390	0.999390	-0.000742	14.436178	0.000742	0.999390	-0.173532	
391	0.999288	-0.000911	13.957181	0.000911	0.999288	-0.236070	
392	0.999533	-0.000947	13.342928	0.000947	0.999533	-0.326137	
393	0.998950	-0.001028	13.073488	0.001028	0.998950	-0.154416	
394	0.998698	-0.001000	12.486108	0.001000	0.998698	-0.162740	
395	0.999508	-0.000840	11.806920	0.000840	0.999508	-0.360782	
396	0.999139	-0.000747	11.094232	0.000747	0.999139	0.014251	
397	0.999400	-0.000670	10.295749	0.000670	0.999400	-0.026269	
398	0.999538	-0.000458	9.232933	0.000458	0.999538	0.056043	
399	0.999398	-0.000262	7.468544	0.000262	0.999398	0.206526	
400	0.999959	0.000234	5.836846	-0.000234	0.999959	0.296051	
401	1.001325	0.000587	3.685420	-0.000587	1.001325	-0.045625	
402	1.000591	0.000315	3.341443	-0.000315	1.000591	0.093118	
403	1.000280	0.000064	3.174689	-0.000064	1.000280	0.010918	
404	1.000244	0.000065	2.548392	-0.000065	1.000244	-0.001572	
405	1.000104	0.000177	2.241862	-0.000177	1.000104	0.060928	
406	1.000051	0.000205	2.322613	-0.000205	1.000051	0.024996	
407	1.000276	0.000379	3.136095	-0.000379	1.000276	0.017976	
408	0.999530	-0.000428	6.989896	0.000428	0.999530	-0.060695	
409	0.999351	-0.000552	10.466315	0.000552	0.999351	-0.431200	
410	0.999223	-0.000619	15.391382	0.000619	0.999223	-0.482828	
411	0.999211	-0.001105	18.916103	0.001105	0.999211	-0.884600	
412	0.999541	-0.001074	19.318047	0.001074	0.999541	-0.885473	
413	0.999526	-0.000869	17.498498	0.000869	0.999526	-0.771818	
414	0.999834	-0.000499	14.643239	0.000499	0.999834	-0.203028	
415	0.999995	-0.000787	11.654690	0.000787	0.999995	-0.141046	
416	0.999922	-0.000469	8.423856	0.000469	0.999922	0.189500	
417	0.999917	-0.000137	5.870445	0.000137	0.999917	0.357569	
418	1.000687	0.000204	2.634300	-0.000204	1.000687	0.009049	
419	1.000163	0.000167	1.446449	-0.000167	1.000163	0.008313	
420	0.999997	0.000161	0.709674	-0.000161	0.999997	0.031307	
421	0.999793	0.000055	0.139495	-0.000055	0.999793	0.016181	
422	0.999766	-0.000049	0.051764	0.000049	0.999766	0.003674	
423	0.999762	-0.000020	0.066250	0.000020	0.999762	0.010674	
424	0.999774	-0.000029	0.035173	0.000029	0.999774	0.019892	
