0	1.000000	0.000000	0.000000	0.000000	1.000000	0.000000	
1	0.999792	0.000014	0.232994	-0.000014	0.999792	0.072666	
2	0.999738	0.000037	0.194761	-0.000037	0.999738	0.143534	
3	0.999765	-0.000054	0.147363	0.000054	0.999765	0.238123	
4	0.999672	-0.000025	0.120530	0.000025	0.999672	0.365823	
5	0.999686	-0.000078	0.084717	0.000078	0.999686	0.337510	
6	0.999696	-0.000017	0.031120	0.000017	0.999696	0.296003	
7	0.999763	-0.000005	0.006101	0.000005	0.999763	0.263727	
8	0.999747	-0.000020	0.046907	0.000020	0.999747	0.143372	
9	0.999751	-0.000037	0.008772	0.000037	0.999751	0.156201	
10	0.999737	-0.000076	0.003555	0.000076	0.999737	0.173552	
11	0.999859	-0.000064	-0.017095	0.000064	0.999859	0.136963	
12	0.999916	-0.000004	0.010232	0.000004	0.999916	0.110967	
13	0.999795	-0.000046	0.080675	0.000046	0.999795	0.061143	
14	0.999803	-0.000018	0.063235	0.000018	0.999803	0.067572	
15	0.999629	-0.000088	0.115310	0.000088	0.999629	0.127114	
16	0.999834	0.000028	0.041465	-0.000028	0.999834	0.195476	
17	0.999778	-0.000022	0.053515	0.000022	0.999778	0.199279	
18	0.999927	0.000005	0.000655	-0.000005	0.999927	0.151980	
19	0.999906	0.000043	0.013487	-0.000043	0.999906	0.086317	
20	0.999953	0.000003	0.068035	-0.000003	0.999953	0.041027	
21	1.000116	-0.000090	0.324125	0.000090	1.000116	0.042129	
22	1.000361	-0.000065	0.567397	0.000065	1.000361	0.401400	
23	1.000184	-0.000132	1.008997	0.000132	1.000184	0.462229	
24	1.000190	-0.000146	1.138601	0.000146	1.000190	0.637207	
25	1.000120	-0.000070	1.112049	0.000070	1.000120	0.752649	
26	1.000100	-0.000030	1.325940	0.000030	1.000100	0.750841	
27	1.000180	0.000117	1.644149	-0.000117	1.000180	0.873795	
28	1.000197	0.000198	1.932287	-0.000198	1.000197	1.012320	
29	1.000156	0.000158	2.137918	-0.000158	1.000156	1.151099	
30	1.000427	0.000138	2.220461	-0.000138	1.000427	1.273043	
31	1.000564	0.000038	2.482590	-0.000038	1.000564	1.308407	
32	1.000655	-0.000135	2.976261	0.000135	1.000655	1.478064	
33	1.000768	-0.000224	3.486180	0.000224	1.000768	1.743014	
34	1.001090	-0.000244	3.783681	0.000244	1.001090	1.917926	
35	1.000974	-0.000338	4.419978	0.000338	1.000974	2.086715	
36	1.000445	-0.000504	5.741634	0.000504	1.000445	2.419672	
37	0.999518	-0.000231	6.989545	0.000231	0.999518	2.858494	
38	0.999566	-0.000513	8.054665	0.000513	0.999566	2.694695	
39	1.001289	-0.000852	7.467027	0.000852	1.001289	1.884321	
40	0.999049	-0.000855	10.615376	0.000855	0.999049	2.137430	
41	0.999050	-0.000830	12.507871	0.000830	0.999050	1.345866	
42	0.999110	-0.001064	14.816946	0.001064	0.999110	0.348454	
43	0.998988	-0.001141	16.965558	0.001141	0.998988	-0.487645	
44	0.999163	-0.001219	18.795576	0.001219	0.999163	-1.254016	
45	0.999464	-0.001519	20.643260	0.001519	0.999464	-1.827235	
46	0.999528	-0.001706	22.127460	0.001706	0.999528	-2.232396	
47	0.999269	-0.001844	24.268593	0.001844	0.999269	-2.357517	
48	0.999832	-0.001803	25.651708	0.001803	0.999832	-2.242676	
49	0.998985	-0.002062	27.767939	0.002062	0.998985	-1.714762	
50	1.000282	-0.002184	28.021570	0.002184	1.000282	-2.059887	
51	1.000646	-0.002394	28.854082	0.002394	1.000646	-2.234716	
52	0.997729	-0.002544	31.881041	0.002544	0.997729	-1.500557	
53	1.000086	-0.002987	32.083689	0.002987	1.000086	-2.630432	
54	0.999388	-0.003135	33.622490	0.003135	0.999388	-2.795589	
55	0.998605	-0.003656	34.350792	0.003656	0.998605	-3.272661	
56	0.999470	-0.003406	33.986844	0.003406	0.999470	-3.557529	
57	0.999952	-0.003420	33.165545	0.003420	0.999952	-3.571806	
58	1.000395	-0.003449	31.585069	0.003449	1.000395	-3.562004	
59	1.000075	-0.003438	30.338342	0.003438	1.000075	-3.415714	
60	0.998976	-0.003241	28.346168	0.003241	0.998976	-2.876571	
61	0.999742	-0.002761	25.433212	0.002761	0.999742	-2.373007	
62	0.999662	-0.002304	22.836336	0.002304	0.999662	-1.763630	
63	0.999830	-0.001943	19.987555	0.001943	0.999830	-1.247443	
64	0.999662	-0.001765	17.153516	0.001765	0.999662	-0.857509	
65	0.999703	-0.001338	13.822230	0.001338	0.999703	-0.388236	
66	0.999704	-0.001154	10.444523	0.001154	0.999704	-0.203335	
67	0.999684	-0.000677	7.663302	0.000677	0.999684	0.245902	
68	1.000515	-0.000503	4.355254	0.000503	1.000515	0.055383	
69	0.999971	-0.000557	2.599743	0.000557	0.999971	0.107491	
70	0.999286	-0.000186	0.755733	0.000186	0.999286	0.444388	
71	0.999111	-0.000146	-0.849881	0.000146	0.999111	0.269569	
72	0.998555	-0.000005	-1.924089	0.000005	0.998555	0.496386	
73	0.998515	-0.000030	-3.285432	0.000030	0.998515	0.573215	
74	0.999170	0.000190	-5.094681	-0.000190	0.999170	0.826227	
75	0.998470	0.000075	-5.519150	-0.000075	0.998470	1.054755	
76	0.999117	0.000772	-7.440762	-0.000772	0.999117	1.296724	
77	0.999134	0.001022	-8.265089	-0.001022	0.999134	1.341795	
78	0.998454	0.001283	-8.527448	-0.001283	0.998454	1.618104	
79	0.998996	0.001431	-9.996292	-0.001431	0.998996	1.256828	
80	0.999454	0.001218	-10.906399	-0.001218	0.999454	0.846159	
81	0.998898	0.001677	-10.968382	-0.001677	0.998898	0.964504	
82	0.999101	0.001734	-11.391955	-0.001734	0.999101	0.811095	
83	0.999001	0.001327	-11.509461	-0.001327	0.999001	0.352216	
84	0.998510	0.002075	-11.139535	-0.002075	0.998510	0.737683	
85	0.998448	0.001949	-10.838385	-0.001949	0.998448	0.373071	
86	0.998684	0.001964	-11.018694	-0.001964	0.998684	0.164025	
87	0.998394	0.001651	-10.911154	-0.001651	0.998394	-0.155340	
88	0.999304	0.001700	-11.407098	-0.001700	0.999304	-0.481188	
89	0.998894	0.001679	-11.153884	-0.001679	0.998894	-0.791523	
90	0.999814	0.001275	-11.577931	-0.001275	0.999814	-1.673444	
91	0.998957	0.001580	-10.542456	-0.001580	0.998957	-1.500902	
92	0.999182	0.001484	-10.611364	-0.001484	0.999182	-1.696913	
93	0.999001	0.001437	-10.259996	-0.001437	0.999001	-1.667520	
94	0.998433	0.001493	-9.573634	-0.001493	0.998433	-1.144712	
95	0.997294	0.001694	-8.544768	-0.001694	0.997294	-0.337155	
96	0.998774	0.001079	-9.769484	-0.001079	0.998774	-0.558527	
97	0.998820	0.001126	-9.730477	-0.001126	0.998820	0.012556	
98	0.998697	0.001386	-9.419044	-0.001386	0.998697	1.078732	
99	0.994333	0.000941	-4.887317	-0.000941	0.994333	2.420570	
100	0.998777	0.001041	-9.362829	-0.001041	0.998777	1.621696	
101	0.997257	0.001646	-8.032229	-0.001646	0.997257	2.631385	
102	0.998099	0.001280	-8.649155	-0.001280	0.998099	2.319719	
103	0.998549	0.001072	-8.894495	-0.001072	0.998549	1.838614	
104	0.997655	0.001284	-8.114678	-0.001284	0.997655	1.970434	
105	0.998621	0.001152	-9.237342	-0.001152	0.998621	1.758470	
106	0.998679	0.001337	-9.747033	-0.001337	0.998679	2.185347	
107	0.998633	0.001290	-10.119298	-0.001290	0.998633	2.244774	
108	0.996676	0.001670	-8.800438	-0.001670	0.996676	3.129505	
109	0.998253	0.001462	-10.597859	-0.001462	0.998253	2.527631	
110	0.999087	0.001277	-11.542172	-0.001277	0.999087	2.250907	
111	0.998965	0.001398	-11.535432	-0.001398	0.998965	2.577513	
112	0.999142	0.000887	-11.856540	-0.000887	0.999142	2.271886	
113	0.997032	0.000865	-10.336411	-0.000865	0.997032	2.786905	
114	0.998598	0.000514	-12.244224	-0.000514	0.998598	2.128113	
115	0.999181	0.000600	-12.990390	-0.000600	0.999181	2.083064	
116	0.997865	0.000581	-11.795173	-0.000581	0.997865	2.204681	
117	0.998690	0.001162	-12.275388	-0.001162	0.998690	2.507559	
118	0.998397	0.001605	-11.677591	-0.001605	0.998397	2.940560	
119	0.999048	0.001541	-11.883208	-0.001541	0.999048	2.889205	
120	0.998689	0.001421	-11.456301	-0.001421	0.998689	3.020160	
121	0.998907	0.001057	-10.992040	-0.001057	0.998907	2.723396	
122	0.993718	-0.002522	-4.245174	0.002522	0.993718	0.925584	
123	0.998580	0.000409	-9.098091	-0.000409	0.998580	2.232662	
124	0.998260	0.000194	-8.173654	-0.000194	0.998260	2.039922	
125	0.998497	0.000243	-8.020472	-0.000243	0.998497	2.023007	
126	0.998869	0.000435	-8.044646	-0.000435	0.998869	2.117122	
127	0.998753	0.000258	-7.871758	-0.000258	0.998753	1.974536	
128	0.998673	0.000269	-7.428309	-0.000269	0.998673	2.008525	
129	0.997995	0.000264	-6.217329	-0.000264	0.997995	2.177897	
130	0.999098	0.000264	-6.663495	-0.000264	0.999098	1.973997	
131	0.998118	-0.000609	-4.460355	0.000609	0.998118	1.624868	
132	0.999438	0.000712	-5.465080	-0.000712	0.999438	2.191987	
133	0.998845	-0.000131	-3.571926	0.000131	0.998845	1.439123	
134	0.999096	0.000168	-3.111875	-0.000168	0.999096	1.274106	
135	0.999292	0.000611	-2.292478	-0.000611	0.999292	1.277885	
136	0.999582	0.000634	-1.436671	-0.000634	0.999582	0.786103	
137	0.999802	0.000650	-0.560783	-0.000650	0.999802	0.642987	
138	1.000006	0.000376	0.183969	-0.000376	1.000006	0.049351	
139	1.000093	0.000086	0.609632	-0.000086	1.000093	-0.244815	
140	0.999983	0.000094	1.092620	-0.000094	0.999983	-0.174852	
141	1.000068	-0.000130	1.510737	0.000130	1.000068	-0.226884	
142	1.000243	-0.000272	1.899543	0.000272	1.000243	-0.279469	
143	1.000278	-0.000375	2.339984	0.000375	1.000278	-0.456930	
144	1.000154	-0.000393	2.675988	0.000393	1.000154	-0.552683	
145	1.000352	-0.000477	2.800326	0.000477	1.000352	-0.649157	
146	1.000473	-0.000375	2.996897	0.000375	1.000473	-0.649439	
147	1.000677	-0.000396	3.317397	0.000396	1.000677	-0.712262	
148	1.000934	-0.000172	3.440526	0.000172	1.000934	-0.606650	
149	1.001208	-0.000050	3.559570	0.000050	1.001208	-0.526731	
150	1.001319	0.000007	3.754509	-0.000007	1.001319	-0.347014	
151	1.001420	0.000079	4.021920	-0.000079	1.001420	-0.262874	
152	1.000430	-0.000321	5.544554	0.000321	1.000430	-0.343733	
153	1.000298	-0.000702	6.093331	0.000702	1.000298	-0.650562	
154	1.000413	-0.000598	6.188819	0.000598	1.000413	-0.664944	
155	1.001755	0.000059	4.990234	-0.000059	1.001755	-0.551790	
156	0.999997	-0.000578	7.129933	0.000578	0.999997	-0.769719	
157	1.000397	-0.000552	6.877085	0.000552	1.000397	-0.948309	
158	1.003161	0.000588	3.830643	-0.000588	1.003161	-0.744847	
159	1.001058	-0.000384	6.282273	0.000384	1.001058	-1.184166	
160	1.000951	-0.000539	6.241863	0.000539	1.000951	-1.468452	
161	1.002259	0.000377	4.226228	-0.000377	1.002259	-1.327778	
162	1.000997	-0.000595	5.611796	0.000595	1.000997	-2.025039	
163	1.002216	0.000153	3.691466	-0.000153	1.002216	-2.084449	
164	1.001932	0.000321	3.648835	-0.000321	1.001932	-2.140689	
165	1.001923	0.000474	3.512645	-0.000474	1.001923	-2.128698	
166	1.002069	0.000382	3.451992	-0.000382	1.002069	-2.049816	
167	1.002057	0.000202	3.381240	-0.000202	1.002057	-1.935206	
168	1.002631	0.000416	2.650248	-0.000416	1.002631	-1.837723	
169	1.002007	0.000296	3.519719	-0.000296	1.002007	-1.666609	
170	1.001902	0.000563	3.754258	-0.000563	1.001902	-1.275553	
171	1.001981	0.000511	3.948627	-0.000511	1.001981	-1.145583	
172	1.002059	0.000331	3.984955	-0.000331	1.002059	-0.919630	
173	1.002253	0.000447	3.943126	-0.000447	1.002253	-0.758287	
174	1.001095	-0.000126	5.524982	0.000126	1.001095	-0.630994	
175	1.002448	0.000332	3.903156	-0.000332	1.002448	-0.297396	
176	1.002550	0.000420	3.909511	-0.000420	1.002550	-0.223255	
177	1.002470	0.000175	4.300945	-0.000175	1.002470	-0.210155	
178	1.002347	0.000282	4.353837	-0.000282	1.002347	-0.160592	
179	1.002475	0.000136	4.402694	-0.000136	1.002475	-0.402778	
180	1.000959	-0.000736	6.146974	0.000736	1.000959	-0.630853	
181	1.001908	-0.000141	4.655780	0.000141	1.001908	-0.643883	
182	1.001766	0.000068	4.725075	-0.000068	1.001766	-0.589299	
183	1.000449	-0.000628	6.528926	0.000628	1.000449	-0.636056	
184	1.000629	-0.000302	6.297196	0.000302	1.000629	-0.396424	
185	1.000448	-0.000369	6.312436	0.000369	1.000448	-0.235762	
186	1.002190	0.000297	4.265206	-0.000297	1.002190	-0.048308	
187	1.002175	0.000129	4.055028	-0.000129	1.002175	-0.002054	
188	1.001445	-0.000245	4.646074	0.000245	1.001445	-0.037550	
189	1.001051	-0.000504	4.868328	0.000504	1.001051	-0.153330	
190	1.002331	-0.000102	3.279820	0.000102	1.002331	-0.214150	
191	1.001717	0.000026	3.210500	-0.000026	1.001717	-0.188901	
192	1.001514	0.000072	3.088544	-0.000072	1.001514	-0.192398	
193	1.001149	0.000004	3.066767	-0.000004	1.001149	-0.278864	
194	1.001105	-0.000089	3.033804	0.000089	1.001105	-0.398428	
195	1.000896	-0.000270	3.155921	0.000270	1.000896	-0.387071	
196	1.001270	-0.000369	3.034837	0.000369	1.001270	-0.459652	
197	1.001283	-0.000055	3.237229	0.000055	1.001283	-0.377030	
198	1.001343	0.000001	3.314642	-0.000001	1.001343	-0.399646	
199	1.000970	-0.000181	3.521123	0.000181	1.000970	-0.357237	
200	1.001224	0.000084	3.400004	-0.000084	1.001224	-0.229836	
201	1.001391	0.000025	3.347133	-0.000025	1.001391	-0.343854	
202	1.001220	0.000104	3.586962	-0.000104	1.001220	-0.243677	
203	1.001424	0.000019	3.722299	-0.000019	1.001424	-0.297877	
204	1.000280	-0.000673	5.235041	0.000673	1.000280	-0.444697	
205	1.000518	-0.000846	5.274101	0.000846	1.000518	-0.663256	
206	1.001574	-0.000566	4.510835	0.000566	1.001574	-0.780581	
207	1.000204	-0.000940	6.262393	0.000940	1.000204	-0.993791	
208	1.001442	-0.000745	5.106069	0.000745	1.001442	-1.110217	
209	1.001765	-0.000843	4.952088	0.000843	1.001765	-1.418366	
210	0.999993	-0.000885	6.640171	0.000885	0.999993	-1.296096	
211	1.000326	-0.000873	6.736613	0.000873	1.000326	-1.341125	
212	1.000531	-0.001160	6.822466	0.001160	1.000531	-1.466795	
213	1.001982	-0.000498	5.392134	0.000498	1.001982	-1.447161	
214	1.000747	-0.001336	7.300309	0.001336	1.000747	-1.853696	
215	1.001927	-0.001513	6.707412	0.001513	1.001927	-2.657940	
216	1.000009	-0.001696	8.617495	0.001696	1.000009	-2.704322	
217	1.000049	-0.001409	8.984574	0.001409	1.000049	-3.108871	
218	1.000819	-0.001668	8.540393	0.001668	1.000819	-3.806685	
219	1.000836	-0.001275	8.517985	0.001275	1.000836	-3.743700	
220	1.000370	-0.000946	8.808484	0.000946	1.000370	-3.442254	
221	1.000419	-0.001036	8.602237	0.001036	1.000419	-3.383642	
222	1.000898	-0.000960	8.125609	0.000960	1.000898	-3.254560	
223	1.000946	-0.000758	7.914019	0.000758	1.000946	-2.733342	
224	1.002646	-0.000169	6.214230	0.000169	1.002646	-2.011954	
225	1.000821	-0.001153	7.698086	0.001153	1.000821	-1.821327	
226	1.000980	-0.001267	7.501880	0.001267	1.000980	-1.649856	
227	1.000276	-0.001747	8.054400	0.001747	1.000276	-1.603128	
228	1.000982	-0.001866	7.479783	0.001866	1.000982	-1.768731	
229	1.000711	-0.001971	7.584235	0.001971	1.000711	-1.695026	
230	1.000786	-0.001610	6.643161	0.001610	1.000786	-1.434091	
231	1.001350	-0.001119	3.982093	0.001119	1.001350	-1.018360	
232	1.000722	-0.001173	1.989174	0.001173	1.000722	-0.699290	
233	1.000299	-0.000913	-0.362205	0.000913	1.000299	-0.335803	
234	1.000086	-0.000223	-1.840835	0.000223	1.000086	0.138421	
235	0.999865	0.000295	-2.835153	-0.000295	0.999865	0.607088	
236	0.999626	0.000628	-4.015045	-0.000628	0.999626	1.072733	
237	0.999539	0.000737	-5.389801	-0.000737	0.999539	1.554603	
238	1.000644	0.001611	-8.459885	-0.001611	1.000644	2.312786	
239	1.000932	0.001805	-10.248473	-0.001805	1.000932	2.421390	
240	1.000562	0.001461	-10.796475	-0.001461	1.000562	2.363437	
241	1.000301	0.001536	-10.998447	-0.001536	1.000301	2.364956	
242	0.999876	0.001285	-10.847494	-0.001285	0.999876	2.083887	
243	1.000009	0.001397	-11.357616	-0.001397	1.000009	1.832314	
244	1.000859	0.001601	-12.379035	-0.001601	1.000859	1.494149	
245	0.999692	0.001305	-11.774873	-0.001305	0.999692	1.352468	
246	1.000461	0.001438	-12.601443	-0.001438	1.000461	1.339685	
247	1.000450	0.001313	-12.609204	-0.001313	1.000450	1.397799	
248	1.000292	0.001486	-12.170850	-0.001486	1.000292	1.729297	
249	0.999674	0.001485	-10.950463	-0.001485	0.999674	2.003405	
250	0.999898	0.001568	-10.341657	-0.001568	0.999898	1.988066	
251	0.999650	0.001414	-9.381678	-0.001414	0.999650	1.823584	
252	0.999503	0.001268	-8.804724	-0.001268	0.999503	1.589562	
253	0.999619	0.001383	-8.063990	-0.001383	0.999619	1.322203	
254	0.998459	0.001124	-6.853996	-0.001124	0.998459	1.078293	
255	0.999841	0.001008	-7.366800	-0.001008	0.999841	0.524000	
256	0.996956	0.000589	-4.207427	-0.000589	0.996956	0.663023	
