0	1.000000	0.000000	0.000000	0.000000	1.000000	0.000000	
1	1.004743	-0.000638	-8.411980	0.000638	1.004743	-2.069435	
2	1.004814	-0.000428	-8.080024	0.000428	1.004814	-1.988925	
3	1.003421	0.000190	-7.449431	-0.000190	1.003421	-1.671255	
4	1.003250	0.000274	-7.539848	-0.000274	1.003250	-1.691846	
5	1.000678	0.000435	-7.504610	-0.000435	1.000678	-1.420863	
6	1.000946	0.000397	-7.644034	-0.000397	1.000946	-1.319974	
7	1.004870	0.000236	-8.119913	-0.000236	1.004870	-1.608466	
8	1.000845	0.000347	-7.285057	-0.000347	1.000845	-1.101599	
9	1.000849	0.000402	-6.980169	-0.000402	1.000849	-0.933711	
10	1.002380	-0.000276	-6.944248	0.000276	1.002380	-1.280726	
11	1.002430	-0.000020	-6.630147	0.000020	1.002430	-0.889976	
12	1.002777	0.000133	-6.517540	-0.000133	1.002777	-0.882144	
13	1.002920	0.000207	-6.522474	-0.000207	1.002920	-0.991513	
14	1.003295	0.000344	-6.436481	-0.000344	1.003295	-0.925368	
15	1.001956	-0.000004	-5.691342	0.000004	1.001956	-0.923783	
16	1.001579	0.000063	-5.315952	-0.000063	1.001579	-0.752542	
17	1.001839	0.000276	-5.113721	-0.000276	1.001839	-0.547479	
18	1.001500	0.000007	-4.792056	-0.000007	1.001500	-0.466216	
19	1.001994	0.000487	-4.700926	-0.000487	1.001994	-0.180557	
20	1.001765	-0.000006	-4.442904	0.000006	1.001765	-0.406343	
21	1.001822	0.000003	-4.363798	-0.000003	1.001822	-0.464446	
22	1.001874	-0.000064	-4.379852	0.000064	1.001874	-0.752082	
23	1.001939	0.000377	-4.379899	-0.000377	1.001939	-0.510570	
24	1.001714	0.000158	-4.235352	-0.000158	1.001714	-0.610297	
25	1.001716	0.000176	-4.280527	-0.000176	1.001716	-0.652307	
26	1.001698	0.000314	-4.791731	-0.000314	1.001698	-0.473291	
27	1.001550	0.000481	-5.533651	-0.000481	1.001550	-0.000372	
28	1.001689	0.000501	-6.516603	-0.000501	1.001689	0.095014	
29	1.000965	0.000962	-6.936794	-0.000962	1.000965	0.431109	
30	1.004502	0.000685	-8.219273	-0.000685	1.004502	-0.189372	
31	1.001016	0.000725	-7.905844	-0.000725	1.001016	0.648401	
32	1.002193	0.001177	-7.953449	-0.001177	1.002193	0.661858	
33	1.000778	0.001024	-7.185559	-0.001024	1.000778	0.631028	
34	1.002309	0.001291	-6.761023	-0.001291	1.002309	0.449507	
35	1.002096	0.000690	-6.470310	-0.000690	1.002096	0.349967	
36	1.003305	0.001430	-6.440117	-0.001430	1.003305	0.780275	
37	1.001988	0.000777	-5.787183	-0.000777	1.001988	0.567126	
38	1.004262	0.002079	-6.336600	-0.002079	1.004262	0.918346	
39	1.002651	0.001378	-5.894434	-0.001378	1.002651	1.202475	
40	1.001980	0.000907	-5.562440	-0.000907	1.001980	1.304318	
41	1.001738	0.000758	-5.420508	-0.000758	1.001738	1.293601	
42	1.001679	0.000759	-5.506277	-0.000759	1.001679	1.340081	
43	1.001659	0.001630	-5.253287	-0.001630	1.001659	2.139146	
44	0.999526	0.000960	-4.352051	-0.000960	0.999526	2.572570	
45	1.003412	0.002751	-5.753897	-0.002751	1.003412	2.627011	
46	1.002360	0.001918	-5.379275	-0.001918	1.002360	2.215715	
47	1.001949	0.001053	-5.567876	-0.001053	1.001949	1.890486	
48	1.003121	0.001737	-6.155124	-0.001737	1.003121	1.694434	
49	1.000485	0.001068	-5.981841	-0.001068	1.000485	1.815132	
50	1.003623	0.001475	-6.796446	-0.001475	1.003623	1.283192	
51	1.003705	0.001905	-6.555081	-0.001905	1.003705	1.414129	
52	1.000496	0.000854	-4.729304	-0.000854	1.000496	1.579082	
53	1.000742	0.001080	-4.139805	-0.001080	1.000742	1.809764	
54	1.000864	0.001986	-3.291939	-0.001986	1.000864	2.296918	
55	1.000573	0.001037	-3.020075	-0.001037	1.000573	1.718012	
56	1.000684	0.001237	-3.068721	-0.001237	1.000684	1.773481	
57	1.000456	0.000861	-3.226816	-0.000861	1.000456	1.512110	
58	1.000804	0.001158	-3.455539	-0.001158	1.000804	1.337465	
59	1.000401	0.000652	-3.422484	-0.000652	1.000401	0.577546	
60	1.000856	0.001400	-3.620951	-0.001400	1.000856	0.639836	
61	1.001083	0.001420	-3.932203	-0.001420	1.001083	0.630539	
62	1.000959	0.000438	-4.353741	-0.000438	1.000959	-0.006856	
63	1.001008	0.000344	-4.579703	-0.000344	1.001008	-0.331234	
64	1.002634	0.001139	-5.133714	-0.001139	1.002634	-0.426186	
65	1.000423	0.000073	-4.394894	-0.000073	1.000423	-0.526227	
66	0.998753	0.000490	-4.151695	-0.000490	0.998753	0.193638	
67	0.999675	0.000374	-4.040814	-0.000374	0.999675	0.148436	
68	0.998268	0.001288	-3.295615	-0.001288	0.998268	1.058655	
69	0.999586	0.000844	-3.459624	-0.000844	0.999586	0.468590	
70	0.998612	0.000405	-3.259010	-0.000405	0.998612	0.325939	
71	0.999097	0.000155	-3.347202	-0.000155	0.999097	0.035950	
72	0.997960	0.000626	-3.511245	-0.000626	0.997960	0.307192	
73	0.998474	0.000942	-4.270994	-0.000942	0.998474	0.428593	
74	0.999872	0.000384	-4.881970	-0.000384	0.999872	-0.072543	
75	0.998674	0.001096	-5.466230	-0.001096	0.998674	0.503894	
76	0.998697	0.001259	-5.247010	-0.001259	0.998697	0.580370	
77	0.999849	0.000406	-4.556352	-0.000406	0.999849	0.188779	
78	0.999955	0.000704	-4.094083	-0.000704	0.999955	0.611784	
79	0.999850	0.000555	-3.803674	-0.000555	0.999850	0.522816	
80	1.002434	0.000719	-4.716051	-0.000719	1.002434	-0.272679	
81	1.001049	0.000305	-4.432129	-0.000305	1.001049	-0.301386	
82	1.001436	0.000442	-4.790905	-0.000442	1.001436	-0.230731	
83	1.001545	0.000569	-5.067691	-0.000569	1.001545	-0.433584	
84	1.001315	0.000483	-5.283255	-0.000483	1.001315	-0.625155	
85	1.000122	0.001260	-6.034656	-0.001260	1.000122	0.072808	
86	1.001587	0.000890	-6.354169	-0.000890	1.001587	-0.010981	
87	1.000751	0.001027	-6.157160	-0.001027	1.000751	0.307444	
88	1.004141	0.000532	-7.246372	-0.000532	1.004141	-0.481018	
89	1.001832	0.000685	-6.188897	-0.000685	1.001832	0.213738	
90	1.001243	0.000804	-6.330025	-0.000804	1.001243	0.409715	
91	1.001371	0.000352	-5.873817	-0.000352	1.001371	-0.058567	
92	1.002366	0.000804	-6.253377	-0.000804	1.002366	-0.104259	
93	0.999814	0.001264	-6.186850	-0.001264	0.999814	0.656221	
94	0.999959	0.001314	-6.460522	-0.001314	0.999959	0.664575	
95	1.000021	0.001510	-7.175071	-0.001510	1.000021	0.654631	
96	1.000173	0.001678	-7.832575	-0.001678	1.000173	0.852190	
97	1.000176	0.001896	-8.375809	-0.001896	1.000176	1.183769	
98	1.000221	0.001613	-8.922634	-0.001613	1.000221	1.060162	
99	0.999812	0.001499	-9.259270	-0.001499	0.999812	0.964495	
100	0.999839	0.001446	-9.842115	-0.001446	0.999839	0.642351	
101	0.999519	0.001581	-9.799231	-0.001581	0.999519	0.722508	
102	0.999346	0.001472	-9.843737	-0.001472	0.999346	0.710327	
103	0.999401	0.001471	-10.013161	-0.001471	0.999401	0.716119	
104	0.999506	0.001552	-10.339143	-0.001552	0.999506	0.861905	
105	0.999504	0.001728	-10.154382	-0.001728	0.999504	1.120827	
106	0.999577	0.001949	-10.015667	-0.001949	0.999577	1.451920	
107	1.000008	0.001632	-9.847769	-0.001632	1.000008	1.142253	
108	0.999672	0.001809	-9.177031	-0.001809	0.999672	1.497905	
109	0.999151	0.001444	-6.646370	-0.001444	0.999151	1.472455	
110	0.999512	0.001628	-9.107407	-0.001628	0.999512	1.137063	
111	0.999598	0.001530	-9.392622	-0.001530	0.999598	1.032457	
112	0.999585	0.001652	-9.356005	-0.001652	0.999585	1.145301	
113	0.999736	0.001827	-9.235815	-0.001827	0.999736	1.272925	
114	0.999746	0.001705	-8.782013	-0.001705	0.999746	1.102344	
115	0.999902	0.001644	-8.442154	-0.001644	0.999902	1.136515	
116	0.999907	0.001819	-7.818302	-0.001819	0.999907	1.528645	
117	1.001032	0.001685	-7.148025	-0.001685	1.001032	1.229028	
118	1.000326	0.001420	-4.989168	-0.001420	1.000326	1.229561	
119	1.001007	0.000927	-4.674703	-0.000927	1.001007	0.645023	
120	1.000499	0.000992	-3.503125	-0.000992	1.000499	0.722342	
121	1.000286	0.000730	-2.387013	-0.000730	1.000286	0.508175	
122	0.999937	0.000820	-1.192394	-0.000820	0.999937	0.632820	
123	1.000007	0.000822	-0.222837	-0.000822	1.000007	0.630600	
124	0.999330	0.001010	1.515019	-0.001010	0.999330	1.092422	
125	0.999906	0.001134	1.557954	-0.001134	0.999906	1.234856	
126	1.000769	0.001078	1.191890	-0.001078	1.000769	0.876527	
127	1.001450	0.000972	0.776789	-0.000972	1.001450	0.589220	
128	1.001524	0.001002	0.745552	-0.001002	1.001524	0.637967	
129	1.001659	0.000919	0.794952	-0.000919	1.001659	0.529367	
130	1.000656	0.000602	1.416424	-0.000602	1.000656	0.250868	
131	1.001049	0.000694	1.180836	-0.000694	1.001049	-0.081165	
132	1.000769	0.000603	1.219828	-0.000603	1.000769	-0.147289	
133	1.001039	0.000479	0.921293	-0.000479	1.001039	-0.321123	
134	1.000999	0.000493	0.875902	-0.000493	1.000999	-0.307957	
135	1.000811	0.000442	1.082236	-0.000442	1.000811	-0.252517	
136	1.001061	0.000458	1.078937	-0.000458	1.001061	-0.131424	
137	1.000939	0.000300	1.303787	-0.000300	1.000939	-0.121165	
138	1.000821	0.000189	1.566468	-0.000189	1.000821	-0.169722	
139	1.000132	0.000119	2.144431	-0.000119	1.000132	0.071852	
140	0.999637	-0.000069	2.644795	0.000069	0.999637	-0.028272	
141	0.999449	-0.000006	3.008503	0.000006	0.999449	-0.137648	
142	0.999501	-0.000070	3.266423	0.000070	0.999501	-0.224922	
143	0.999603	-0.000079	3.456988	0.000079	0.999603	-0.141085	
144	0.999866	0.000020	3.574030	-0.000020	0.999866	-0.018691	
145	1.000056	-0.000054	3.890288	0.000054	1.000056	0.021893	
146	1.000237	0.000159	4.090979	-0.000159	1.000237	0.197253	
147	0.998928	0.000143	4.699726	-0.000143	0.998928	0.408154	
148	0.999494	0.000199	4.669750	-0.000199	0.999494	0.134779	
149	1.000195	-0.000130	4.545034	0.000130	1.000195	-0.292494	
150	0.999537	-0.000035	4.741434	0.000035	0.999537	0.000165	
151	0.999441	-0.000101	5.004210	0.000101	0.999441	0.032867	
152	0.999566	-0.000522	5.281956	0.000522	0.999566	-0.317487	
153	0.999580	-0.000575	5.694923	0.000575	0.999580	-0.311732	
154	1.001159	-0.001052	6.501927	0.001052	1.001159	-0.853593	
155	1.001280	-0.001377	6.977013	0.001377	1.001280	-1.035781	
156	1.001174	-0.001236	7.488279	0.001236	1.001174	-0.955679	
157	1.000497	-0.001575	8.245520	0.001575	1.000497	-1.092574	
158	1.000879	-0.000911	8.525229	0.000911	1.000879	-0.689243	
159	1.000543	-0.001179	8.957353	0.001179	1.000543	-0.892599	
160	1.000924	-0.000919	9.102609	0.000919	1.000924	-0.706363	
161	1.000935	-0.001311	9.210939	0.001311	1.000935	-0.877498	
162	1.001126	-0.001254	9.288321	0.001254	1.001126	-0.895417	
163	1.001608	-0.001380	9.213676	0.001380	1.001608	-1.119838	
164	1.001640	-0.002082	9.222807	0.002082	1.001640	-1.658689	
165	1.001931	-0.001485	9.444226	0.001485	1.001931	-1.400735	
166	1.002201	-0.001945	9.033559	0.001945	1.002201	-1.920590	
167	1.001820	-0.001447	9.263799	0.001447	1.001820	-1.521407	
168	1.001673	-0.001143	8.978719	0.001143	1.001673	-1.386624	
169	1.001894	-0.001191	8.461070	0.001191	1.001894	-1.333054	
170	1.002624	-0.001957	7.445609	0.001957	1.002624	-1.913814	
171	1.001593	-0.001940	6.646857	0.001940	1.001593	-1.654799	
172	0.999769	-0.000917	5.142749	0.000917	0.999769	-0.631030	
173	0.999700	-0.001059	4.189476	0.001059	0.999700	-0.709444	
174	1.000404	-0.000432	2.713663	0.000432	1.000404	-0.472455	
175	1.000702	-0.000557	1.445062	0.000557	1.000702	-0.818363	
176	1.000826	-0.000487	0.869053	0.000487	1.000826	-0.778588	
177	1.001103	-0.000471	0.390323	0.000471	1.001103	-0.726468	
178	1.001066	-0.000679	0.191054	0.000679	1.001066	-0.927982	
179	1.000868	-0.001019	0.062923	0.001019	1.000868	-1.046946	
180	1.000725	-0.000880	0.143478	0.000880	1.000725	-0.798357	
181	1.000826	-0.000420	0.127184	0.000420	1.000826	-0.616995	
182	1.000821	-0.000422	0.070334	0.000422	1.000821	-0.688547	
183	1.000699	-0.000521	-0.073481	0.000521	1.000699	-0.648795	
184	1.000783	-0.000382	-0.417288	0.000382	1.000783	-0.663764	
185	1.000990	-0.000672	-1.001234	0.000672	1.000990	-1.155227	
186	1.000643	-0.000660	-1.132020	0.000660	1.000643	-0.989556	
187	1.000557	-0.000401	-1.184881	0.000401	1.000557	-0.813242	
188	1.000781	-0.000506	-1.438485	0.000506	1.000781	-0.998816	
189	1.000981	-0.000187	-1.627920	0.000187	1.000981	-0.671102	
190	1.001118	-0.000389	-2.001940	0.000389	1.001118	-0.703342	
191	1.001277	-0.000428	-2.502455	0.000428	1.001277	-0.626307	
192	1.001045	0.000049	-2.789802	-0.000049	1.001045	-0.165215	
193	1.000913	-0.000188	-3.159024	0.000188	1.000913	-0.399408	
194	1.000986	-0.000069	-3.638285	0.000069	1.000986	-0.154149	
195	1.000590	-0.000639	-3.987481	0.000639	1.000590	-0.571665	
196	1.000528	-0.000698	-4.220409	0.000698	1.000528	-0.658115	
197	1.000838	-0.000380	-4.347654	0.000380	1.000838	-0.445261	
198	1.000751	-0.000623	-4.408655	0.000623	1.000751	-0.371223	
199	1.000891	-0.000307	-4.296420	0.000307	1.000891	-0.253085	
200	1.000721	-0.000505	-4.108088	0.000505	1.000721	-0.360969	
201	1.000631	-0.000642	-3.767947	0.000642	1.000631	-0.426619	
202	1.000590	-0.000522	-3.430986	0.000522	1.000590	-0.308182	
203	1.000238	-0.000597	-3.011317	0.000597	1.000238	-0.230226	
204	1.000207	-0.000446	-2.751055	0.000446	1.000207	-0.064088	
205	1.000204	-0.000324	-2.550283	0.000324	1.000204	0.130164	
206	1.000132	-0.000260	-2.318151	0.000260	1.000132	0.309593	
207	1.000200	-0.000068	-2.163894	0.000068	1.000200	0.208700	
208	1.000102	-0.000161	-2.027311	0.000161	1.000102	0.208778	
209	1.000128	-0.000052	-1.991427	0.000052	1.000128	0.327002	
210	1.000052	-0.000031	-1.803945	0.000031	1.000052	0.433642	
211	0.999933	-0.000139	-1.723303	0.000139	0.999933	0.369562	
212	0.999929	-0.000070	-1.710304	0.000070	0.999929	0.423429	
213	0.999825	-0.000212	-1.622224	0.000212	0.999825	0.427531	
214	0.999966	-0.000067	-1.613933	0.000067	0.999966	0.498802	
215	0.999693	-0.000192	-1.381583	0.000192	0.999693	0.478332	
216	0.999792	-0.000170	-1.433673	0.000170	0.999792	0.469634	
217	0.999681	-0.000303	-1.293175	0.000303	0.999681	0.538617	
218	0.999624	-0.000198	-1.026741	0.000198	0.999624	0.600918	
219	0.999902	-0.000134	-0.986454	0.000134	0.999902	0.645470	
220	0.999686	-0.000048	-0.700412	0.000048	0.999686	0.813251	
221	0.999803	-0.000215	-0.736363	0.000215	0.999803	0.685981	
222	0.999565	-0.000173	-0.512630	0.000173	0.999565	0.681895	
223	0.999385	-0.000157	-0.389258	0.000157	0.999385	0.766071	
224	0.999363	-0.000359	-0.404160	0.000359	0.999363	0.568187	
225	0.999227	-0.000248	-0.297336	0.000248	0.999227	0.596951	
226	0.999360	-0.000305	-0.309044	0.000305	0.999360	0.560881	
227	0.999384	-0.000358	-0.244382	0.000358	0.999384	0.501268	
228	0.999417	-0.000364	-0.163777	0.000364	0.999417	0.448015	
229	0.999157	-0.000265	0.154702	0.000265	0.999157	0.588745	
230	0.999051	-0.000164	0.272021	0.000164	0.999051	0.650169	
231	0.999037	-0.000100	0.264995	0.000100	0.999037	0.698600	
232	0.999270	-0.000325	0.079677	0.000325	0.999270	0.398094	
233	0.999188	-0.000371	0.064143	0.000371	0.999188	0.413941	
234	0.999324	-0.000281	-0.126983	0.000281	0.999324	0.475681	
235	0.999168	-0.000300	-0.018745	0.000300	0.999168	0.455062	
236	0.999161	-0.000344	0.041636	0.000344	0.999161	0.450719	
237	0.999091	-0.000386	0.192226	0.000386	0.999091	0.438371	
238	0.999077	-0.000380	0.312436	0.000380	0.999077	0.452988	
239	0.999031	-0.000454	0.477328	0.000454	0.999031	0.404245	
240	0.998978	-0.000425	0.662690	0.000425	0.998978	0.445949	
241	0.999057	-0.000466	0.699592	0.000466	0.999057	0.476327	
242	0.998987	-0.000420	0.870103	0.000420	0.998987	0.519624	
243	0.998915	-0.000422	1.007782	0.000422	0.998915	0.561013	
244	0.998940	-0.000389	0.934646	0.000389	0.998940	0.545806	
245	0.998973	-0.000514	0.754979	0.000514	0.998973	0.438135	
246	0.999095	-0.000337	0.648829	0.000337	0.999095	0.483505	
247	0.999220	-0.000351	0.592351	0.000351	0.999220	0.448037	
248	0.999561	-0.000399	0.367507	0.000399	0.999561	0.327338	
249	1.000270	-0.000444	-0.081691	0.000444	1.000270	0.047811	
250	1.001036	-0.000885	-0.730631	0.000885	1.001036	-0.441222	
251	1.000180	-0.000698	-0.085858	0.000698	1.000180	-0.034162	
252	0.999971	-0.000867	0.073327	0.000867	0.999971	-0.234636	
253	1.000095	-0.000807	0.010587	0.000807	1.000095	-0.313900	
254	1.000239	-0.000710	-0.142637	0.000710	1.000239	-0.341461	
255	1.000297	-0.000726	-0.357815	0.000726	1.000297	-0.360715	
256	1.000392	-0.000745	-0.592449	0.000745	1.000392	-0.390526	
257	1.000602	-0.000818	-0.862525	0.000818	1.000602	-0.556810	
258	1.000648	-0.000755	-0.841005	0.000755	1.000648	-0.516377	
259	1.000733	-0.000857	-0.880079	0.000857	1.000733	-0.630824	
260	1.000771	-0.000966	-0.891537	0.000966	1.000771	-0.709091	
261	1.000792	-0.000905	-0.879122	0.000905	1.000792	-0.708329	
262	1.000686	-0.001038	-0.831653	0.001038	1.000686	-0.741265	
263	1.000875	-0.000979	-1.028122	0.000979	1.000875	-0.700331	
264	1.000844	-0.000885	-0.971344	0.000885	1.000844	-0.613839	
265	1.000977	-0.000888	-1.079144	0.000888	1.000977	-0.712766	
266	1.001049	-0.000858	-1.257663	0.000858	1.001049	-0.692177	
267	1.001064	-0.000766	-1.375977	0.000766	1.001064	-0.654192	
268	1.001451	-0.000731	-1.785437	0.000731	1.001451	-0.807731	
269	1.001349	-0.000698	-1.813782	0.000698	1.001349	-0.772162	
270	1.001180	-0.000831	-1.649903	0.000831	1.001180	-0.958149	
271	1.001524	-0.000901	-2.112109	0.000901	1.001524	-1.034014	
272	1.001566	-0.000972	-2.153903	0.000972	1.001566	-1.074215	
273	1.001541	-0.000910	-2.137128	0.000910	1.001541	-1.007869	
274	1.001639	-0.000940	-2.306541	0.000940	1.001639	-1.064574	
275	1.001515	-0.000823	-2.262907	0.000823	1.001515	-0.958030	
276	1.001711	-0.000751	-2.465837	0.000751	1.001711	-0.966733	
277	1.001677	-0.000536	-2.444511	0.000536	1.001677	-0.797734	
278	1.001813	-0.000545	-2.450152	0.000545	1.001813	-0.925055	
279	1.001602	-0.000511	-2.179529	0.000511	1.001602	-0.903021	
280	1.001594	-0.000417	-1.997436	0.000417	1.001594	-0.782967	
281	1.001759	-0.000520	-1.944577	0.000520	1.001759	-0.861146	
282	1.001887	-0.000519	-1.966429	0.000519	1.001887	-0.890727	
283	1.001762	-0.000564	-1.774919	0.000564	1.001762	-0.913764	
284	1.001435	-0.000529	-1.426084	0.000529	1.001435	-0.787659	
285	1.001470	-0.000520	-1.429096	0.000520	1.001470	-0.825199	
286	1.001513	-0.000438	-1.420896	0.000438	1.001513	-0.708118	
287	1.001557	-0.000363	-1.466994	0.000363	1.001557	-0.678355	
288	1.001575	-0.000288	-1.620124	0.000288	1.001575	-0.672367	
289	1.001723	-0.000298	-1.982530	0.000298	1.001723	-0.865686	
290	1.001683	-0.000228	-2.392826	0.000228	1.001683	-1.033111	
291	1.001985	-0.000424	-3.214375	0.000424	1.001985	-1.181181	
292	1.001897	-0.000375	-3.558461	0.000375	1.001897	-1.037738	
293	1.002065	-0.000325	-3.857811	0.000325	1.002065	-1.032757	
294	1.002358	-0.000285	-4.159452	0.000285	1.002358	-1.091867	
295	1.002397	-0.000136	-4.132367	0.000136	1.002397	-0.869905	
296	1.002405	-0.000176	-3.979925	0.000176	1.002405	-0.854811	
297	1.002500	-0.000106	-3.844446	0.000106	1.002500	-0.896550	
298	1.002218	-0.000105	-3.570610	0.000105	1.002218	-0.927408	
299	1.002231	-0.000105	-3.501433	0.000105	1.002231	-0.902104	
300	1.002629	-0.000112	-3.785775	0.000112	1.002629	-0.905499	
301	1.002460	-0.000050	-3.744758	0.000050	1.002460	-0.877978	
302	1.002576	-0.000069	-4.013955	0.000069	1.002576	-0.941827	
303	1.002357	0.000060	-3.886214	-0.000060	1.002357	-0.759992	
304	1.002193	0.000079	-3.806707	-0.000079	1.002193	-0.745427	
305	1.002096	0.000129	-3.787044	-0.000129	1.002096	-0.695353	
306	1.002085	0.000251	-3.698850	-0.000251	1.002085	-0.563403	
307	1.002454	0.000080	-3.984738	-0.000080	1.002454	-0.750470	
308	1.002314	0.000089	-3.872302	-0.000089	1.002314	-0.722246	
309	1.002065	-0.000053	-3.674180	0.000053	1.002065	-0.729457	
310	1.002207	-0.000014	-3.733426	0.000014	1.002207	-0.826542	
311	1.002183	0.000097	-3.709385	-0.000097	1.002183	-0.740583	
312	1.002277	0.000178	-3.670805	-0.000178	1.002277	-0.699845	
313	1.002214	0.000112	-3.677942	-0.000112	1.002214	-0.802537	
314	1.002269	0.000071	-3.683906	-0.000071	1.002269	-0.722796	
315	1.002472	0.000146	-3.693402	-0.000146	1.002472	-0.654546	
316	1.002266	0.000162	-3.553464	-0.000162	1.002266	-0.722166	
317	1.002072	0.000065	-3.656317	-0.000065	1.002072	-0.782591	
318	1.002062	-0.000014	-4.233453	0.000014	1.002062	-0.642961	
319	1.001579	-0.000185	-4.745481	0.000185	1.001579	-0.425324	
320	1.001406	-0.000421	-5.277307	0.000421	1.001406	-0.854845	
321	1.002877	-0.000639	-6.341326	0.000639	1.002877	-1.222544	
322	1.000238	0.000514	-6.952849	-0.000514	1.000238	0.382221	
323	1.000204	0.000645	-8.037023	-0.000645	1.000204	0.220285	
324	1.000333	0.000741	-9.098915	-0.000741	1.000333	0.100009	
325	1.000642	0.001003	-9.993254	-0.001003	1.000642	0.417401	
326	1.000455	0.000943	-10.797396	-0.000943	1.000455	0.436149	
327	1.000480	0.000893	-11.607630	-0.000893	1.000480	0.278368	
328	1.000647	0.001120	-12.370609	-0.001120	1.000647	0.359912	
329	1.000388	0.001075	-12.909087	-0.001075	1.000388	0.363414	
330	1.000576	0.001322	-13.150807	-0.001322	1.000576	0.469883	
331	1.000673	0.001321	-13.123311	-0.001321	1.000673	0.629440	
332	1.000442	0.001157	-12.936911	-0.001157	1.000442	0.665246	
333	1.000659	0.001022	-12.242634	-0.001022	1.000659	0.481469	
334	1.000908	0.001076	-11.577808	-0.001076	1.000908	0.452930	
335	1.000855	0.001015	-11.264560	-0.001015	1.000855	0.517009	
336	1.000983	0.001067	-11.082844	-0.001067	1.000983	0.450598	
337	1.000664	0.001183	-10.581781	-0.001183	1.000664	0.415794	
338	1.000046	0.001107	-9.907665	-0.001107	1.000046	0.682335	
339	0.999774	0.000969	-9.380100	-0.000969	0.999774	0.633413	
340	0.999621	0.000883	-9.339978	-0.000883	0.999621	0.848828	
341	0.999276	0.000795	-9.355074	-0.000795	0.999276	1.122187	
342	0.999622	0.000925	-9.746678	-0.000925	0.999622	0.804436	
343	0.999365	0.000966	-10.027070	-0.000966	0.999365	0.805339	
344	0.999699	0.001322	-10.461037	-0.001322	0.999699	1.138435	
345	0.999324	0.001295	-10.588646	-0.001295	0.999324	1.418050	
346	0.999456	0.001200	-10.554319	-0.001200	0.999456	1.148628	
347	0.999480	0.001574	-10.036855	-0.001574	0.999480	1.395531	
348	0.999268	0.001810	-9.528904	-0.001810	0.999268	1.621724	
349	0.999172	0.001820	-9.249408	-0.001820	0.999172	1.668042	
350	0.999399	0.001276	-9.323781	-0.001276	0.999399	1.268402	
351	1.002614	0.000995	-10.478528	-0.000995	1.002614	0.176597	
352	0.999721	0.001212	-10.145567	-0.001212	0.999721	0.912538	
353	0.999677	0.001420	-10.716640	-0.001420	0.999677	1.092889	
354	0.998782	0.001550	-10.804955	-0.001550	0.998782	1.640636	
355	0.998875	0.001737	-10.999412	-0.001737	0.998875	1.545371	
356	0.998206	0.001494	-10.953336	-0.001494	0.998206	1.506196	
357	0.998494	0.001519	-11.145744	-0.001519	0.998494	1.677906	
358	0.998122	0.001494	-11.058631	-0.001494	0.998122	1.637562	
359	0.998449	0.001666	-10.761656	-0.001666	0.998449	1.642378	
360	0.998604	0.001306	-10.288358	-0.001306	0.998604	1.578621	
361	0.998692	0.001282	-9.974308	-0.001282	0.998692	1.318079	
362	0.998706	0.001883	-9.837674	-0.001883	0.998706	1.664827	
363	0.998121	0.001221	-10.047706	-0.001221	0.998121	1.557352	
364	0.999092	0.001797	-10.736514	-0.001797	0.999092	1.475971	
365	0.998240	0.001423	-11.335484	-0.001423	0.998240	1.402841	
366	0.997748	0.001583	-11.664938	-0.001583	0.997748	1.788166	
367	0.997861	0.001321	-12.629680	-0.001321	0.997861	1.839177	
368	0.997552	0.001308	-13.333271	-0.001308	0.997552	2.142940	
369	0.997296	0.001346	-13.614042	-0.001346	0.997296	2.454313	
370	0.997618	0.001208	-14.191657	-0.001208	0.997618	2.332639	
371	0.997996	0.001150	-14.744420	-0.001150	0.997996	2.378005	
372	0.998344	0.001038	-15.241492	-0.001038	0.998344	2.163474	
373	0.997907	0.001311	-15.001736	-0.001311	0.997907	2.592991	
374	0.997709	0.001624	-14.985872	-0.001624	0.997709	3.006931	
375	0.998349	0.001735	-15.401836	-0.001735	0.998349	3.198061	
376	0.997794	0.001495	-15.190375	-0.001495	0.997794	3.352185	
377	0.996739	0.001496	-14.682970	-0.001496	0.996739	3.783305	
378	0.996243	0.001315	-14.293038	-0.001315	0.996243	3.942652	
379	0.995902	0.001367	-14.097232	-0.001367	0.995902	4.102914	
380	0.995446	0.001320	-13.767668	-0.001320	0.995446	4.148368	
381	0.994923	0.001302	-13.231125	-0.001302	0.994923	4.137807	
382	0.995129	0.001410	-13.082738	-0.001410	0.995129	4.019599	
383	0.994985	0.001712	-12.926494	-0.001712	0.994985	4.152697	
384	0.994318	0.001787	-12.516359	-0.001787	0.994318	4.282111	
385	0.995013	0.001508	-12.690052	-0.001508	0.995013	3.894887	
386	0.994628	0.001149	-12.296071	-0.001149	0.994628	3.828130	
387	0.994617	0.001121	-12.277267	-0.001121	0.994617	3.708612	
388	0.994744	0.001117	-12.400050	-0.001117	0.994744	3.532531	
389	0.994440	0.001157	-12.455494	-0.001157	0.994440	3.547756	
390	0.994534	0.001040	-12.561296	-0.001040	0.994534	3.347921	
391	0.994148	0.001353	-12.367938	-0.001353	0.994148	3.424282	
392	0.993857	0.001495	-12.018609	-0.001495	0.993857	3.530005	
393	0.994513	0.001098	-12.349882	-0.001098	0.994513	2.966577	
394	0.994022	0.001142	-11.923108	-0.001142	0.994022	3.094125	
395	0.994155	0.000943	-11.850948	-0.000943	0.994155	3.029105	
396	0.993664	0.000849	-11.398977	-0.000849	0.993664	2.971355	
397	0.993357	0.000878	-11.073748	-0.000878	0.993357	3.011479	
398	0.993783	0.000724	-11.101528	-0.000724	0.993783	2.750877	
399	0.993822	0.000876	-10.946358	-0.000876	0.993822	2.624373	
400	0.994220	0.000885	-11.318125	-0.000885	0.994220	2.499756	
401	0.993999	0.000877	-11.309775	-0.000877	0.993999	2.862183	
402	0.994344	0.000651	-11.353419	-0.000651	0.994344	2.570553	
403	0.994113	0.000703	-10.971694	-0.000703	0.994113	2.426051	
404	0.993059	0.001220	-9.861326	-0.001220	0.993059	3.179372	
405	0.994081	0.000582	-10.977281	-0.000582	0.994081	2.674518	
406	0.993901	0.000737	-11.021116	-0.000737	0.993901	2.468914	
407	0.994287	0.000768	-11.201271	-0.000768	0.994287	2.220851	
408	0.994319	0.000994	-10.845024	-0.000994	0.994319	2.487183	
409	0.994139	0.000902	-10.355258	-0.000902	0.994139	2.657251	
410	0.994569	0.000984	-9.840743	-0.000984	0.994569	2.570495	
411	0.995053	0.000690	-8.842890	-0.000690	0.995053	2.301302	
412	0.995734	0.000508	-7.835365	-0.000508	0.995734	1.531813	
413	0.996914	0.000630	-7.029761	-0.000630	0.996914	0.763990	
414	0.997893	0.000537	-6.018969	-0.000537	0.997893	0.597865	
415	0.999400	0.000016	-5.017854	-0.000016	0.999400	-0.177723	
416	1.000568	-0.000257	-4.599257	0.000257	1.000568	-0.492959	
417	1.000508	0.000544	-4.017863	-0.000544	1.000508	0.358292	
418	1.000718	-0.000289	-4.227498	0.000289	1.000718	-0.351150	
419	1.000482	-0.000251	-3.777054	0.000251	1.000482	-0.492291	
420	1.000549	-0.000250	-3.467797	0.000250	1.000549	-0.544952	
421	0.999998	0.000035	-2.521886	-0.000035	0.999998	-0.368575	
422	0.999840	0.000660	-2.152201	-0.000660	0.999840	0.087358	
423	0.999957	0.000038	-2.271146	-0.000038	0.999957	-0.021354	
424	1.000020	0.000234	-2.234945	-0.000234	1.000020	0.328591	
425	0.999903	0.000360	-1.848932	-0.000360	0.999903	0.448136	
426	0.999700	0.000350	-0.898179	-0.000350	0.999700	0.344819	
427	0.999614	0.000471	-0.294850	-0.000471	0.999614	0.473195	
428	0.999878	0.000048	-0.130716	-0.000048	0.999878	0.063602	
429	0.999400	0.000398	0.572790	-0.000398	0.999400	0.267627	
430	0.999269	0.000262	0.632647	-0.000262	0.999269	0.117712	
431	0.999174	0.000298	0.685982	-0.000298	0.999174	0.321103	
432	0.999100	0.000381	0.795770	-0.000381	0.999100	0.434126	
433	0.999025	0.000475	0.943736	-0.000475	0.999025	0.534982	
434	0.999107	0.000535	0.932680	-0.000535	0.999107	0.567766	
435	0.999104	0.000518	0.918830	-0.000518	0.999104	0.572007	
436	0.999260	0.000510	0.825160	-0.000510	0.999260	0.511017	
437	0.999189	0.000445	0.872688	-0.000445	0.999189	0.276270	
438	0.999185	0.000458	0.882752	-0.000458	0.999185	0.300916	
439	0.999210	0.000378	0.890350	-0.000378	0.999210	0.380193	
440	0.999146	0.000397	1.012044	-0.000397	0.999146	0.371493	
441	0.999204	0.000424	0.937666	-0.000424	0.999204	0.400334	
442	0.999180	0.000478	0.852549	-0.000478	0.999180	0.456801	
443	0.999317	0.000421	0.716176	-0.000421	0.999317	0.395923	
444	0.999332	0.000655	0.789293	-0.000655	0.999332	0.559169	
445	0.999347	0.000567	0.786594	-0.000567	0.999347	0.509197	
446	0.999347	0.000689	0.797467	-0.000689	0.999347	0.594950	
447	0.999412	0.000592	0.816856	-0.000592	0.999412	0.488145	
448	0.999287	0.000535	1.088305	-0.000535	0.999287	0.437216	
449	0.999180	0.000365	1.232898	-0.000365	0.999180	0.339590	
