0	1.000000	0.000000	0.000000	0.000000	1.000000	0.000000	
1	1.000338	-0.000029	1.266080	0.000029	1.000338	-0.190202	
2	1.000343	-0.000054	1.166589	0.000054	1.000343	-0.330299	
3	1.000267	-0.000185	1.281840	0.000185	1.000267	-0.434516	
4	1.000372	-0.000115	1.025841	0.000115	1.000372	-0.491483	
5	1.000298	-0.000136	1.050359	0.000136	1.000298	-0.434722	
6	1.000331	-0.000039	0.934678	0.000039	1.000331	-0.390007	
7	1.000302	-0.000028	1.021756	0.000028	1.000302	-0.353015	
8	1.000364	-0.000047	1.048328	0.000047	1.000364	-0.370301	
9	1.000336	-0.000069	1.020338	0.000069	1.000336	-0.362014	
10	1.000279	0.000003	0.909428	-0.000003	1.000279	-0.309067	
11	1.000374	0.000090	0.734612	-0.000090	1.000374	-0.221870	
12	1.000453	0.000118	0.588449	-0.000118	1.000453	-0.238905	
13	1.000420	0.000109	0.538511	-0.000109	1.000420	-0.184239	
14	1.000421	0.000120	0.513251	-0.000120	1.000421	-0.144206	
15	1.000094	-0.000014	0.656311	0.000014	1.000094	-0.156044	
16	1.000162	-0.000029	0.714641	0.000029	1.000162	-0.188766	
17	1.000319	0.000059	0.744168	-0.000059	1.000319	-0.182130	
18	1.000374	-0.000080	0.740633	0.000080	1.000374	-0.324017	
19	1.000382	-0.000127	0.787372	0.000127	1.000382	-0.352443	
20	1.000368	-0.000043	0.910348	0.000043	1.000368	-0.226796	
21	1.000309	-0.000063	0.979208	0.000063	1.000309	-0.184686	
22	1.000657	-0.000059	0.822454	0.000059	1.000657	-0.296327	
23	0.999996	-0.000097	1.036398	0.000097	0.999996	-0.027531	
24	1.000212	-0.000139	0.889295	0.000139	1.000212	-0.110973	
25	1.000167	0.000023	0.804292	-0.000023	1.000167	0.038146	
26	0.999995	0.000039	0.824168	-0.000039	0.999995	0.096526	
27	1.000024	0.000072	0.729319	-0.000072	1.000024	0.166099	
28	0.999928	0.000161	0.512467	-0.000161	0.999928	0.297969	
29	0.999996	0.000346	0.493119	-0.000346	0.999996	0.408470	
30	0.999969	0.000485	0.485305	-0.000485	0.999969	0.554643	
31	1.000015	0.000546	0.504501	-0.000546	1.000015	0.521615	
32	0.999787	0.000370	0.680683	-0.000370	0.999787	0.481660	
33	0.999665	0.000381	0.751900	-0.000381	0.999665	0.487273	
34	0.999699	0.000409	0.708308	-0.000409	0.999699	0.496520	
35	0.999799	0.000370	0.732056	-0.000370	0.999799	0.447611	
36	0.999719	0.000289	0.827520	-0.000289	0.999719	0.418850	
37	0.999928	0.000437	0.732548	-0.000437	0.999928	0.444181	
38	0.999781	0.000504	0.819076	-0.000504	0.999781	0.511644	
39	0.999492	0.000448	0.948878	-0.000448	0.999492	0.628758	
40	0.999228	0.000330	1.045014	-0.000330	0.999228	0.613332	
41	0.999115	0.000384	1.050986	-0.000384	0.999115	0.673815	
42	0.999533	0.000714	0.786915	-0.000714	0.999533	0.754376	
43	0.999810	0.000755	0.578157	-0.000755	0.999810	0.684536	
44	0.999597	0.000858	0.575433	-0.000858	0.999597	0.840021	
45	0.999922	0.000740	0.357618	-0.000740	0.999922	0.613142	
46	1.000084	0.000587	0.299360	-0.000587	1.000084	0.479184	
47	1.000044	0.000542	0.230231	-0.000542	1.000044	0.472067	
48	1.000140	0.000660	0.014100	-0.000660	1.000140	0.476317	
49	1.000044	0.000522	0.118563	-0.000522	1.000044	0.399507	
50	0.999972	0.000454	0.203601	-0.000454	0.999972	0.359382	
51	0.999833	0.000314	0.285200	-0.000314	0.999833	0.334613	
52	0.999793	0.000335	0.153780	-0.000335	0.999793	0.354200	
53	0.999864	0.000205	0.112354	-0.000205	0.999864	0.205544	
54	0.999891	0.000054	0.238019	-0.000054	0.999891	0.070554	
55	0.999936	0.000089	0.191473	-0.000089	0.999936	0.037663	
56	1.000161	0.000123	0.081396	-0.000123	1.000161	-0.051245	
57	0.999913	0.000141	0.125389	-0.000141	0.999913	0.065668	
58	1.000067	0.000252	0.065691	-0.000252	1.000067	0.134596	
59	1.000046	0.000203	0.045347	-0.000203	1.000046	0.208817	
60	1.000061	0.000093	0.100602	-0.000093	1.000061	0.069999	
61	0.999965	0.000032	0.201215	-0.000032	0.999965	0.044490	
62	0.999819	-0.000025	0.381659	0.000025	0.999819	0.034737	
63	0.999931	-0.000154	0.267754	0.000154	0.999931	-0.117364	
64	0.999874	-0.000077	0.414701	0.000077	0.999874	0.061272	
65	0.999856	-0.000014	0.464877	0.000014	0.999856	0.206801	
66	0.999784	0.000073	0.450463	-0.000073	0.999784	0.468460	
67	0.999474	0.000100	0.779403	-0.000100	0.999474	0.531645	
68	0.999729	0.000080	0.600663	-0.000080	0.999729	0.488727	
69	0.999630	0.000102	0.649387	-0.000102	0.999630	0.526771	
70	0.999842	0.000184	0.342008	-0.000184	0.999842	0.569128	
71	0.999909	0.000363	0.513904	-0.000363	0.999909	0.787403	
72	1.000205	0.000510	0.263660	-0.000510	1.000205	0.710010	
73	1.000280	0.000547	0.324435	-0.000547	1.000280	0.660555	
74	1.000384	0.000435	0.538613	-0.000435	1.000384	0.390075	
75	1.000479	0.000474	0.298990	-0.000474	1.000479	0.223379	
76	1.000032	0.000543	0.824437	-0.000543	1.000032	0.522793	
77	1.000379	0.000870	0.218314	-0.000870	1.000379	0.715653	
78	1.000358	0.000776	0.219854	-0.000776	1.000358	0.672120	
79	1.000534	0.000742	0.040174	-0.000742	1.000534	0.609188	
80	1.000653	0.000577	-0.028888	-0.000577	1.000653	0.438014	
81	1.000621	0.000817	-0.209282	-0.000817	1.000621	0.683668	
82	1.000293	0.001064	-0.492116	-0.001064	1.000293	0.639205	
83	1.000824	0.001809	-1.005424	-0.001809	1.000824	1.238413	
84	1.000050	0.001336	-1.756317	-0.001336	1.000050	0.838795	
85	0.999551	0.001272	-2.239722	-0.001272	0.999551	0.886440	
86	0.999758	0.001213	-3.343473	-0.001213	0.999758	0.871321	
87	0.999611	0.001664	-4.231827	-0.001664	0.999611	1.280085	
88	0.999506	0.001836	-4.782529	-0.001836	0.999506	1.433723	
89	0.999359	0.001967	-5.410912	-0.001967	0.999359	1.618469	
90	1.000152	0.001623	-7.257543	-0.001623	1.000152	1.164447	
91	0.999675	0.001866	-8.001699	-0.001866	0.999675	1.491580	
92	0.998713	0.002699	-8.639353	-0.002699	0.998713	2.395157	
93	1.000265	0.001586	-11.473283	-0.001586	1.000265	1.198657	
94	0.999745	0.002102	-12.608862	-0.002102	0.999745	1.672046	
95	1.000032	0.002022	-14.192353	-0.002022	1.000032	1.575062	
96	0.999638	0.002430	-14.267010	-0.002430	0.999638	1.839317	
97	1.000254	0.002228	-15.004593	-0.002228	1.000254	1.616226	
98	1.000528	0.002299	-15.692956	-0.002299	1.000528	1.632809	
99	1.000959	0.002748	-16.529930	-0.002748	1.000959	1.957125	
100	0.999761	0.002404	-16.497158	-0.002404	0.999761	2.270007	
101	0.999564	0.002495	-17.160621	-0.002495	0.999564	2.454979	
102	1.000215	0.002782	-18.340526	-0.002782	1.000215	2.761846	
103	0.999753	0.002119	-18.432427	-0.002119	0.999753	2.711042	
104	1.000149	0.002903	-18.365871	-0.002903	1.000149	3.047962	
105	0.999884	0.002797	-17.819139	-0.002797	0.999884	3.156077	
106	0.999979	0.002558	-17.203223	-0.002558	0.999979	2.891791	
107	0.999268	0.002859	-16.388202	-0.002859	0.999268	3.530880	
108	1.000656	0.002165	-17.466525	-0.002165	1.000656	2.761859	
109	1.000388	0.002308	-17.436892	-0.002308	1.000388	2.918165	
110	1.000426	0.002351	-17.540090	-0.002351	1.000426	2.775467	
111	1.000488	0.002498	-17.164311	-0.002498	1.000488	2.812546	
112	0.999968	0.002043	-16.557968	-0.002043	0.999968	2.688634	
113	1.000198	0.002202	-16.067934	-0.002202	1.000198	2.784469	
114	0.999866	0.002036	-15.729264	-0.002036	0.999866	2.718034	
115	0.999662	0.002304	-15.630635	-0.002304	0.999662	2.986304	
116	0.998883	0.002354	-15.540891	-0.002354	0.998883	3.417716	
117	0.999547	0.001965	-16.559344	-0.001965	0.999547	3.245058	
118	0.999703	0.002734	-16.657981	-0.002734	0.999703	3.813858	
119	0.999805	0.002148	-17.886084	-0.002148	0.999805	3.690933	
120	1.000910	0.002493	-18.893563	-0.002493	1.000910	3.952942	
121	0.999563	0.001882	-19.258741	-0.001882	0.999563	4.111156	
122	0.999888	0.002196	-20.725032	-0.002196	0.999888	4.403133	
123	1.000018	0.002294	-21.698552	-0.002294	1.000018	4.604945	
124	0.999157	0.002784	-21.860609	-0.002784	0.999157	5.691126	
125	1.000005	0.001909	-22.925180	-0.001909	1.000005	5.817588	
126	1.000349	0.001838	-23.595706	-0.001838	1.000349	6.526995	
127	1.000042	0.002196	-23.695959	-0.002196	1.000042	7.079402	
128	1.000035	0.001655	-23.116434	-0.001655	1.000035	6.529706	
129	0.998974	0.001215	-22.049280	-0.001215	0.998974	5.949473	
130	1.000879	0.001216	-22.116946	-0.001216	1.000879	5.179215	
131	0.999144	0.000824	-19.621406	-0.000824	0.999144	4.895597	
132	0.999686	0.000898	-18.974701	-0.000898	0.999686	4.767504	
133	1.000050	0.000664	-18.139342	-0.000664	1.000050	4.319133	
134	1.000462	0.000915	-18.198283	-0.000915	1.000462	4.332257	
135	1.000498	0.001023	-18.106945	-0.001023	1.000498	4.609908	
136	1.000261	-0.000151	-18.159802	0.000151	1.000261	3.712682	
137	1.000429	0.001506	-17.923682	-0.001506	1.000429	4.627178	
138	1.000958	0.001157	-18.241690	-0.001157	1.000958	4.201794	
139	1.000222	0.001032	-17.852318	-0.001032	1.000222	3.889229	
140	1.000703	0.000845	-18.121909	-0.000845	1.000703	3.118858	
141	1.000492	0.001313	-17.622500	-0.001313	1.000492	2.896624	
142	0.999750	0.001847	-16.291992	-0.001847	0.999750	2.893182	
143	1.001705	0.000705	-17.021067	-0.000705	1.001705	1.292819	
144	1.001525	0.000898	-16.112706	-0.000898	1.001525	1.210896	
145	1.001024	0.000666	-15.310851	-0.000666	1.001024	1.232457	
146	1.001645	0.000639	-15.869940	-0.000639	1.001645	1.250545	
147	1.001073	0.000894	-15.634374	-0.000894	1.001073	1.810555	
148	1.000835	0.001600	-15.092747	-0.001600	1.000835	2.950732	
149	0.999604	0.001803	-14.270444	-0.001803	0.999604	3.324348	
150	0.999097	0.000990	-13.997607	-0.000990	0.999097	3.267685	
151	0.988107	0.011090	-3.773524	-0.011090	0.988107	12.745034	
152	0.988511	0.011325	-4.121112	-0.011325	0.988511	12.417077	
153	0.999533	0.001412	-12.314288	-0.001412	0.999533	2.687097	
154	0.999874	0.001481	-12.471023	-0.001481	0.999874	2.198550	
155	1.000182	0.001530	-12.489239	-0.001530	1.000182	2.166328	
156	1.000218	0.001541	-12.251408	-0.001541	1.000218	2.163037	
157	0.991319	0.009377	-4.862928	-0.009377	0.991319	9.336458	
158	1.000102	0.001455	-11.510210	-0.001455	1.000102	2.091727	
159	1.002771	0.007225	-12.266444	-0.007225	1.002771	4.714591	
160	0.999847	0.001635	-10.458840	-0.001635	0.999847	2.231871	
161	0.999652	0.001446	-9.594775	-0.001446	0.999652	2.116877	
162	0.995347	0.003616	-5.624257	-0.003616	0.995347	4.129390	
163	0.994485	0.006549	-3.837988	-0.006549	0.994485	7.062583	
164	0.999913	0.001252	-8.474339	-0.001252	0.999913	1.342741	
165	0.999696	0.003528	-7.928161	-0.003528	0.999696	2.750267	
166	0.995517	0.005980	-4.713996	-0.005980	0.995517	5.540266	
167	0.998980	0.001811	-7.671081	-0.001811	0.998980	1.151203	
168	0.997576	0.003484	-6.159250	-0.003484	0.997576	2.404589	
169	0.998323	0.002326	-6.081984	-0.002326	0.998323	1.335754	
170	0.998649	0.003583	-5.116790	-0.003583	0.998649	2.299820	
171	0.999032	0.002953	-4.488446	-0.002953	0.999032	1.794829	
172	0.999251	0.002579	-3.838236	-0.002579	0.999251	1.602843	
173	0.999471	0.002075	-3.341774	-0.002075	0.999471	1.184430	
174	0.999375	0.002293	-3.702645	-0.002293	0.999375	1.367925	
175	0.999457	0.002363	-4.031840	-0.002363	0.999457	1.278186	
176	0.999627	0.002493	-4.241869	-0.002493	0.999627	1.276870	
177	0.999421	0.002531	-4.231625	-0.002531	0.999421	1.439694	
178	0.998318	0.002363	-3.447308	-0.002363	0.998318	1.980940	
179	0.998099	0.002633	-3.744121	-0.002633	0.998099	2.101363	
180	0.998493	0.002544	-3.484161	-0.002544	0.998493	2.012897	
181	0.998435	0.001939	-2.606930	-0.001939	0.998435	1.690951	
182	0.998536	0.001468	-1.894378	-0.001468	0.998536	1.345189	
183	0.998392	0.000849	-1.058160	-0.000849	0.998392	1.059392	
184	0.998862	0.000380	-0.328571	-0.000380	0.998862	0.846569	
185	0.998586	-0.000468	1.208864	0.000468	0.998586	0.474982	
186	0.998430	-0.000806	1.975531	0.000806	0.998430	0.273134	
187	0.998479	-0.001232	2.408159	0.001232	0.998479	-0.091483	
188	0.998829	-0.001583	2.692825	0.001583	0.998829	-0.288063	
189	0.998091	-0.001178	2.275165	0.001178	0.998091	0.457816	
190	0.998886	-0.001401	2.698056	0.001401	0.998886	-0.337045	
191	0.998896	-0.000393	0.688888	0.000393	0.998896	0.221148	
192	0.999111	0.001052	-1.519279	-0.001052	0.999111	0.891989	
193	0.998914	0.001808	-2.277690	-0.001808	0.998914	1.374945	
194	0.998228	0.002184	-2.972049	-0.002184	0.998228	2.023665	
195	0.997902	0.003256	-4.128918	-0.003256	0.997902	2.936989	
196	0.997119	0.004365	-4.559127	-0.004365	0.997119	4.021668	
197	0.997757	0.002728	-5.665619	-0.002728	0.997757	2.698575	
198	0.998517	0.001100	-6.183638	-0.001100	0.998517	1.779409	
199	0.998768	0.003602	-5.887352	-0.003602	0.998768	3.321833	
200	0.998457	0.002748	-4.997384	-0.002748	0.998457	2.738030	
201	0.999056	0.002650	-3.712040	-0.002650	0.999056	2.459240	
202	0.999318	0.001840	-2.275116	-0.001840	0.999318	1.881410	
203	0.999552	0.001087	-1.088929	-0.001087	0.999552	1.037784	
204	0.999583	0.000514	-0.662578	-0.000514	0.999583	0.623697	
205	0.999662	0.000502	-0.566064	-0.000502	0.999662	0.636604	
206	0.999470	0.000652	-0.481697	-0.000652	0.999470	0.806697	
207	0.999586	0.000519	-0.231528	-0.000519	0.999586	0.575221	
208	0.999829	0.000157	0.153669	-0.000157	0.999829	0.133275	
209	0.999982	0.000270	-0.163275	-0.000270	0.999982	0.165736	
210	0.999879	0.000320	-0.303264	-0.000320	0.999879	0.342086	
211	0.999847	0.000481	-0.524160	-0.000481	0.999847	0.442826	
212	0.999791	0.000642	-0.743473	-0.000642	0.999791	0.435178	
213	0.999745	0.000953	-1.319191	-0.000953	0.999745	0.613150	
214	0.999690	0.001302	-1.780021	-0.001302	0.999690	0.793391	
215	0.999680	0.001236	-1.657337	-0.001236	0.999680	0.918493	
216	0.999526	0.001200	-1.456508	-0.001200	0.999526	1.206688	
217	0.999027	0.001218	-1.004711	-0.001218	0.999027	1.458072	
218	0.999130	0.001130	-1.310401	-0.001130	0.999130	1.586036	
219	0.999150	0.001051	-1.141206	-0.001051	0.999150	1.646665	
220	0.999284	0.001041	-1.222121	-0.001041	0.999284	1.634941	
221	0.999219	0.001149	-1.260504	-0.001149	0.999219	1.698391	
222	0.999346	0.001293	-1.351421	-0.001293	0.999346	1.683553	
223	0.999481	0.001023	-1.045500	-0.001023	0.999481	1.566805	
224	0.999619	0.000648	-0.659896	-0.000648	0.999619	1.186330	
225	0.999677	0.000386	-0.401421	-0.000386	0.999677	0.983347	
226	0.999627	0.000218	-0.062176	-0.000218	0.999627	0.892107	
227	0.999469	0.000153	0.024737	-0.000153	0.999469	1.087102	
228	0.999511	0.000161	0.045929	-0.000161	0.999511	1.015257	
229	0.999608	0.000023	0.428421	-0.000023	0.999608	0.823795	
230	0.999683	0.000008	0.460747	-0.000008	0.999683	0.877346	
231	0.999672	0.000083	0.431756	-0.000083	0.999672	0.863233	
232	0.999531	-0.000021	0.459405	0.000021	0.999531	1.065664	
233	0.999686	0.000070	0.409535	-0.000070	0.999686	1.062484	
234	0.999675	0.000165	0.363342	-0.000165	0.999675	1.070714	
235	0.999627	0.000127	0.350323	-0.000127	0.999627	1.056495	
236	0.999544	0.000205	0.176798	-0.000205	0.999544	1.137878	
237	0.999492	0.000306	0.254464	-0.000306	0.999492	1.360856	
238	0.999371	0.000258	0.393729	-0.000258	0.999371	1.535924	
239	0.999168	0.000340	0.560854	-0.000340	0.999168	1.863182	
240	0.998954	0.000245	0.645634	-0.000245	0.998954	1.988639	
241	0.999369	0.000287	0.426755	-0.000287	0.999369	1.511799	
242	0.999328	0.000305	0.525808	-0.000305	0.999328	1.325194	
243	0.999599	0.000232	0.407666	-0.000232	0.999599	0.944299	
244	0.999651	0.000355	0.329180	-0.000355	0.999651	0.749064	
245	0.999978	0.000205	0.092089	-0.000205	0.999978	0.353849	
246	0.999753	0.000439	0.292626	-0.000439	0.999753	0.335329	
247	1.000070	0.000161	0.024764	-0.000161	1.000070	0.098498	
248	1.000152	0.000199	-0.035914	-0.000199	1.000152	0.067021	
249	1.000023	0.000135	-0.026681	-0.000135	1.000023	0.019102	
250	1.000127	0.000042	-0.050698	-0.000042	1.000127	-0.071963	
251	1.000147	-0.000021	-0.012856	0.000021	1.000147	-0.078978	
252	1.000142	0.000092	-0.000745	-0.000092	1.000142	0.005315	
253	1.000099	0.000094	0.104063	-0.000094	1.000099	0.089861	
254	1.000149	-0.000129	0.315810	0.000129	1.000149	-0.086151	
255	0.999960	-0.000075	0.451674	0.000075	0.999960	-0.051959	
256	0.999928	-0.000072	0.633488	0.000072	0.999928	-0.109389	
257	1.000046	-0.000145	0.788299	0.000145	1.000046	-0.187460	
258	1.000007	-0.000132	0.670594	0.000132	1.000007	-0.106655	
259	1.000059	-0.000078	0.381901	0.000078	1.000059	-0.081222	
260	1.000139	-0.000051	0.238106	0.000051	1.000139	-0.077298	
261	1.000216	-0.000218	0.149038	0.000218	1.000216	-0.281205	
262	1.000209	-0.000288	0.139909	0.000288	1.000209	-0.343630	
263	0.999937	-0.000066	0.329152	0.000066	0.999937	-0.137463	
264	0.999939	-0.000004	0.337012	0.000004	0.999939	-0.012291	
265	1.000006	-0.000251	0.468058	0.000251	1.000006	-0.158532	
266	0.999852	-0.000134	0.736279	0.000134	0.999852	-0.104335	
267	1.000092	-0.000253	0.393180	0.000253	1.000092	-0.308778	
268	0.999785	-0.000332	0.644814	0.000332	0.999785	-0.295960	
269	0.999782	-0.000324	0.658049	0.000324	0.999782	-0.230023	
270	0.999931	-0.000268	0.468701	0.000268	0.999931	-0.152329	
271	0.999773	-0.000036	0.332672	0.000036	0.999773	0.053267	
272	0.999820	0.000151	0.100602	-0.000151	0.999820	0.144282	
273	0.999659	0.000196	-0.014280	-0.000196	0.999659	0.241383	
274	0.999763	0.000272	-0.053257	-0.000272	0.999763	0.303994	
275	0.999679	0.000277	-0.143505	-0.000277	0.999679	0.462780	
276	0.999863	0.000445	-0.411600	-0.000445	0.999863	0.493730	
277	0.999747	0.000411	-0.494187	-0.000411	0.999747	0.467727	
278	0.999810	0.000364	-0.502560	-0.000364	0.999810	0.317822	
279	0.999785	0.000310	-0.561841	-0.000310	0.999785	0.291254	
280	0.999834	0.000296	-0.554759	-0.000296	0.999834	0.173262	
281	0.999974	0.000327	-0.695574	-0.000327	0.999974	0.086489	
282	0.999982	0.000229	-0.693525	-0.000229	0.999982	0.053934	
283	0.999949	0.000286	-0.662178	-0.000286	0.999949	0.148941	
284	0.999879	0.000240	-0.563801	-0.000240	0.999879	0.120026	
285	1.000107	0.000157	-0.479877	-0.000157	1.000107	-0.186451	
286	1.000147	0.000088	-0.357056	-0.000088	1.000147	-0.257232	
287	1.000281	0.000127	-0.392976	-0.000127	1.000281	-0.379291	
288	1.000238	-0.000019	-0.282738	0.000019	1.000238	-0.565551	
289	1.000275	0.000023	-0.261478	-0.000023	1.000275	-0.547593	
290	1.000349	-0.000010	-0.276292	0.000010	1.000349	-0.603999	
291	1.000289	0.000024	-0.221578	-0.000024	1.000289	-0.493759	
292	1.000290	-0.000005	-0.286846	0.000005	1.000290	-0.495188	
293	1.000287	-0.000022	-0.282917	0.000022	1.000287	-0.443272	
294	1.000229	0.000044	-0.231002	-0.000044	1.000229	-0.296940	
295	1.000200	-0.000019	-0.219168	0.000019	1.000200	-0.284184	
296	1.000181	0.000038	-0.194504	-0.000038	1.000181	-0.174381	
297	1.000016	-0.000100	-0.097467	0.000100	1.000016	-0.080281	
298	0.999940	-0.000164	-0.042246	0.000164	0.999940	-0.073504	
299	0.999851	-0.000210	0.047118	0.000210	0.999851	0.101692	
300	0.999905	-0.000197	0.005570	0.000197	0.999905	0.158488	
301	0.999946	-0.000294	0.016780	0.000294	0.999946	0.205554	
302	0.999912	-0.000243	-0.064702	0.000243	0.999912	0.355520	
303	0.999921	-0.000220	-0.026958	0.000220	0.999921	0.433127	
304	0.999893	-0.000194	0.013980	0.000194	0.999893	0.446330	
305	1.000030	-0.000238	-0.098677	0.000238	1.000030	0.395421	
306	0.999875	-0.000190	0.001795	0.000190	0.999875	0.431507	
307	0.999796	-0.000100	0.108117	0.000100	0.999796	0.486938	
308	0.999775	-0.000033	0.099529	0.000033	0.999775	0.560216	
309	0.999830	-0.000114	0.126768	0.000114	0.999830	0.461672	
310	0.999846	-0.000232	0.183124	0.000232	0.999846	0.481410	
311	0.999878	-0.000176	0.178569	0.000176	0.999878	0.425493	
312	0.999765	-0.000161	0.210272	0.000161	0.999765	0.569151	
313	0.999820	-0.000188	0.200050	0.000188	0.999820	0.460334	
314	0.999706	-0.000184	0.262774	0.000184	0.999706	0.470593	
315	0.999826	-0.000149	0.214610	0.000149	0.999826	0.285315	
316	0.999771	-0.000317	0.292610	0.000317	0.999771	0.251018	
317	0.999912	-0.000222	0.179686	0.000222	0.999912	0.155364	
318	1.000011	-0.000185	0.072698	0.000185	1.000011	0.112690	
319	1.000094	-0.000285	0.234600	0.000285	1.000094	0.007032	
320	1.000259	-0.000234	0.193286	0.000234	1.000259	-0.131365	
321	1.000080	-0.000218	0.241637	0.000218	1.000080	0.109734	
322	0.999785	-0.000226	0.280289	0.000226	0.999785	0.425467	
323	0.999717	-0.000162	0.221222	0.000162	0.999717	0.642173	
324	0.999693	-0.000121	0.230971	0.000121	0.999693	0.818776	
325	0.999649	-0.000196	0.246661	0.000196	0.999649	0.766578	
326	0.999573	-0.000244	0.242428	0.000244	0.999573	0.851621	
327	0.999600	-0.000337	0.250015	0.000337	0.999600	0.827001	
328	0.999585	-0.000245	0.390041	0.000245	0.999585	0.865102	
329	1.000013	-0.000182	0.280147	0.000182	1.000013	0.438448	
330	0.999981	-0.000316	0.420580	0.000316	0.999981	0.282852	
331	1.000108	-0.000469	0.506963	0.000469	1.000108	0.023492	
332	1.000144	-0.000461	0.570594	0.000461	1.000144	0.002684	
333	1.000162	-0.000603	0.705719	0.000603	1.000162	-0.111744	
334	1.000158	-0.000675	0.830299	0.000675	1.000158	-0.188529	
335	1.000141	-0.000850	0.941900	0.000850	1.000141	-0.315266	
336	1.000100	-0.000746	0.814203	0.000746	1.000100	-0.229170	
337	1.000172	-0.000692	0.502819	0.000692	1.000172	-0.270345	
338	1.000265	-0.000476	0.305572	0.000476	1.000265	-0.125246	
339	1.000066	-0.000271	0.194366	0.000271	1.000066	0.053821	
340	0.999950	-0.000022	-0.142503	0.000022	0.999950	0.234382	
341	0.999849	0.000173	-0.195144	-0.000173	0.999849	0.488471	
342	0.999617	0.000188	-0.023505	-0.000188	0.999617	0.599851	
343	0.999682	0.000267	-0.141219	-0.000267	0.999682	0.607374	
344	0.999568	0.000310	-0.198351	-0.000310	0.999568	0.808870	
345	0.999485	0.000142	-0.064627	-0.000142	0.999485	0.825990	
346	0.999362	-0.000170	0.118858	0.000170	0.999362	0.859553	
347	0.999381	-0.000137	0.229097	0.000137	0.999381	0.834897	
348	0.999472	-0.000202	0.247815	0.000202	0.999472	0.611697	
349	0.999655	-0.000242	0.076339	0.000242	0.999655	0.238287	
350	0.999295	-0.000272	0.326518	0.000272	0.999295	0.353386	
351	0.999435	-0.000210	0.314881	0.000210	0.999435	0.326160	
352	0.999504	-0.000367	0.272813	0.000367	0.999504	0.205021	
353	0.999607	-0.000231	0.131413	0.000231	0.999607	0.171317	
354	0.999571	-0.000253	0.157776	0.000253	0.999571	0.348667	
355	0.999600	-0.000258	0.188258	0.000258	0.999600	0.377926	
356	0.999678	-0.000251	0.200647	0.000251	0.999678	0.388871	
357	0.999675	-0.000204	0.112182	0.000204	0.999675	0.317891	
358	0.999678	-0.000077	0.066333	0.000077	0.999678	0.514671	
359	0.999733	-0.000009	0.025051	0.000009	0.999733	0.582575	
360	0.999557	0.000039	0.133568	-0.000039	0.999557	0.682523	
361	0.999783	0.000110	-0.020787	-0.000110	0.999783	0.462485	
362	0.999886	0.000181	-0.030184	-0.000181	0.999886	0.455401	
363	0.999771	0.000148	0.043887	-0.000148	0.999771	0.473011	
364	0.999832	0.000161	0.173582	-0.000161	0.999832	0.495894	
365	0.999914	0.000144	0.189017	-0.000144	0.999914	0.435945	
366	1.000017	0.000254	0.161073	-0.000254	1.000017	0.341251	
367	0.999942	0.000289	0.090505	-0.000289	0.999942	0.315489	
368	1.000231	0.000367	-0.470981	-0.000367	1.000231	0.193352	
369	0.999477	0.000338	0.539592	-0.000338	0.999477	0.402746	
370	0.999626	0.000449	0.396608	-0.000449	0.999626	0.391478	
371	0.999617	0.000513	0.336358	-0.000513	0.999617	0.391086	
372	0.999648	0.000337	0.124108	-0.000337	0.999648	0.337084	
373	0.999615	0.000233	0.172775	-0.000233	0.999615	0.239767	
374	0.999705	0.000141	0.178804	-0.000141	0.999705	0.115691	
375	0.999708	0.000260	0.164892	-0.000260	0.999708	0.221850	
376	0.999771	0.000271	0.072258	-0.000271	0.999771	0.209182	
377	0.999787	0.000309	0.080040	-0.000309	0.999787	0.303224	
378	0.999787	0.000396	0.107400	-0.000396	0.999787	0.386656	
379	0.999800	0.000604	0.002591	-0.000604	0.999800	0.593731	
380	0.999678	0.000302	-0.035485	-0.000302	0.999678	0.295324	
381	0.999673	0.000272	-0.101550	-0.000272	0.999673	0.244487	
382	0.999728	0.000307	-0.178528	-0.000307	0.999728	0.252515	
383	0.999662	0.000252	-0.157050	-0.000252	0.999662	0.244344	
384	0.999689	0.000172	-0.160009	-0.000172	0.999689	0.215089	
385	0.999637	0.000259	-0.170064	-0.000259	0.999637	0.326103	
386	0.999639	0.000264	-0.202314	-0.000264	0.999639	0.315607	
387	0.999780	0.000239	-0.235153	-0.000239	0.999780	0.229720	
388	0.999800	0.000270	-0.181440	-0.000270	0.999800	0.273553	
389	0.999764	0.000244	-0.057668	-0.000244	0.999764	0.269447	
390	0.999809	0.000208	-0.035961	-0.000208	0.999809	0.205955	
391	0.999810	0.000150	-0.063037	-0.000150	0.999810	0.142963	
392	0.999784	0.000084	0.027029	-0.000084	0.999784	0.073011	
393	0.999921	0.000204	-0.043678	-0.000204	0.999921	0.088882	
394	0.999894	0.000139	-0.022567	-0.000139	0.999894	0.054090	
395	0.999901	0.000120	-0.054369	-0.000120	0.999901	0.033538	
396	0.999792	0.000132	0.029691	-0.000132	0.999792	0.072333	
397	0.999745	0.000190	-0.016569	-0.000190	0.999745	0.133351	
398	0.999787	0.000184	-0.117679	-0.000184	0.999787	0.083591	
399	0.999784	0.000294	-0.192501	-0.000294	0.999784	0.031901	
400	0.999710	0.000244	-0.151306	-0.000244	0.999710	0.143823	
401	0.999884	0.000291	-0.271010	-0.000291	0.999884	-0.011155	
402	0.999894	0.000312	-0.319320	-0.000312	0.999894	0.009270	
403	0.999940	0.000371	-0.396160	-0.000371	0.999940	0.079709	
404	0.999936	0.000369	-0.554525	-0.000369	0.999936	0.069754	
405	0.999889	0.000370	-0.552957	-0.000370	0.999889	0.091776	
406	0.999781	0.000422	-0.563546	-0.000422	0.999781	0.141607	
407	0.999669	0.000490	-0.571071	-0.000490	0.999669	0.176624	
408	0.999707	0.000526	-0.590337	-0.000526	0.999707	0.195396	
409	0.999708	0.000474	-0.580846	-0.000474	0.999708	0.223978	
410	0.999795	0.000511	-0.619786	-0.000511	0.999795	0.240408	
411	0.999616	0.000518	-0.543674	-0.000518	0.999616	0.338482	
412	0.999942	0.000374	-0.430840	-0.000374	0.999942	0.156576	
413	0.999831	0.000354	-0.502286	-0.000354	0.999831	0.099806	
414	0.999956	0.000308	-0.520030	-0.000308	0.999956	0.020235	
415	1.000104	0.000267	-0.588584	-0.000267	1.000104	-0.119775	
416	0.999694	0.000484	-0.622758	-0.000484	0.999694	0.068163	
417	0.999879	0.000613	-0.898546	-0.000613	0.999879	0.018301	
418	0.999770	0.000637	-0.801493	-0.000637	0.999770	0.074386	
419	0.999793	0.000807	-0.998546	-0.000807	0.999793	0.175227	
420	0.999897	0.000756	-1.051791	-0.000756	0.999897	0.077807	
421	0.999645	0.000779	-0.987902	-0.000779	0.999645	0.205886	
422	1.000024	0.000847	-1.121355	-0.000847	1.000024	0.143554	
423	0.999952	0.000664	-1.152662	-0.000664	0.999952	0.125661	
424	1.000029	0.000902	-1.544944	-0.000902	1.000029	0.294656	
425	0.999628	0.001054	-1.600618	-0.001054	0.999628	0.537810	
426	0.999655	0.000950	-1.399243	-0.000950	0.999655	0.487321	
427	0.999706	0.000968	-1.396265	-0.000968	0.999706	0.489884	
428	0.999295	0.001200	-1.379394	-0.001200	0.999295	0.704807	
429	0.999503	0.001159	-1.608872	-0.001159	0.999503	0.730005	
430	0.999657	0.001069	-1.545616	-0.001069	0.999657	0.696381	
431	0.999535	0.001138	-1.561609	-0.001138	0.999535	0.781598	
432	0.999660	0.001263	-1.988078	-0.001263	0.999660	0.767607	
433	0.999855	0.001318	-2.300556	-0.001318	0.999855	0.693342	
434	0.999514	0.001558	-2.357605	-0.001558	0.999514	1.059056	
435	0.999595	0.001758	-2.588929	-0.001758	0.999595	1.186746	
436	0.999513	0.001738	-2.671754	-0.001738	0.999513	1.219949	
437	0.999694	0.001796	-2.675253	-0.001796	0.999694	1.160450	
438	0.999659	0.001781	-2.649087	-0.001781	0.999659	1.175439	
439	0.999762	0.001881	-2.759264	-0.001881	0.999762	1.184659	
440	0.999643	0.001974	-2.614469	-0.001974	0.999643	1.261136	
441	1.000019	0.002012	-2.998645	-0.002012	1.000019	1.085577	
442	1.000143	0.002167	-2.704145	-0.002167	1.000143	1.054472	
443	1.000294	0.001779	-2.685832	-0.001779	1.000294	0.581277	
444	1.000583	0.001499	-2.180981	-0.001499	1.000583	0.194571	
445	1.000587	0.001059	-1.506312	-0.001059	1.000587	-0.197288	
446	1.000860	0.000264	-0.408950	-0.000264	1.000860	-1.049120	
447	1.001293	-0.000537	0.684940	0.000537	1.001293	-1.894036	
448	1.001314	-0.000565	0.722162	0.000565	1.001314	-2.012266	
449	1.001307	-0.000510	0.926094	0.000510	1.001307	-1.936473	
450	1.001572	-0.000446	0.635480	0.000446	1.001572	-1.677712	
451	1.000878	-0.000271	0.885921	0.000271	1.000878	-0.932380	
452	1.000385	0.000128	1.074633	-0.000128	1.000385	-0.416460	
453	1.000693	-0.000021	0.269625	0.000021	1.000693	-0.593321	
454	1.000436	0.000111	0.135460	-0.000111	1.000436	-0.486205	
455	1.000188	0.000500	-0.058438	-0.000500	1.000188	-0.175812	
456	1.000098	0.000606	-0.281908	-0.000606	1.000098	-0.101542	
457	1.000010	0.000587	-0.436311	-0.000587	1.000010	0.034368	
458	0.999996	0.000622	-0.484675	-0.000622	0.999996	0.006587	
459	0.999795	0.000686	-0.415456	-0.000686	0.999795	0.253861	
460	0.999753	0.000714	-0.360378	-0.000714	0.999753	0.304887	
461	0.999755	0.000661	-0.548407	-0.000661	0.999755	0.310658	
462	0.999703	0.000552	-0.349101	-0.000552	0.999703	0.218795	
463	0.999620	0.000420	-0.200820	-0.000420	0.999620	0.143800	
464	0.999794	0.000323	-0.063423	-0.000323	0.999794	0.152081	
465	0.999627	0.000254	0.211020	-0.000254	0.999627	0.241292	
466	0.999649	0.000253	0.158018	-0.000253	0.999649	0.333639	
467	0.999370	0.000189	0.415934	-0.000189	0.999370	0.546313	
468	0.999298	0.000270	0.381704	-0.000270	0.999298	0.613006	
469	0.999161	0.000283	0.497596	-0.000283	0.999161	0.661039	
470	0.999064	0.000179	0.550676	-0.000179	0.999064	0.873500	
471	0.999004	0.000287	0.410731	-0.000287	0.999004	1.111586	
472	0.998916	0.000373	0.343345	-0.000373	0.998916	1.341567	
473	0.999051	0.000300	0.287052	-0.000300	0.999051	0.947725	
474	0.999160	0.000431	0.056486	-0.000431	0.999160	0.724696	
475	0.999425	0.000530	-0.253109	-0.000530	0.999425	0.427650	
476	0.999284	0.000552	-0.091835	-0.000552	0.999284	0.436803	
477	0.999413	0.000516	-0.342901	-0.000516	0.999413	0.353110	
478	0.999395	0.000476	-0.230352	-0.000476	0.999395	0.397255	
479	0.999429	0.000441	-0.183131	-0.000441	0.999429	0.394895	
480	0.999345	0.000402	-0.092296	-0.000402	0.999345	0.406083	
481	0.999225	0.000312	0.065359	-0.000312	0.999225	0.427307	
482	0.999281	0.000349	0.030557	-0.000349	0.999281	0.407258	
483	0.999453	0.000424	-0.020952	-0.000424	0.999453	0.325502	
484	0.999600	0.000433	-0.112150	-0.000433	0.999600	0.319188	
485	0.999369	0.000524	0.044192	-0.000524	0.999369	0.590769	
486	0.999438	0.000553	-0.059651	-0.000553	0.999438	0.627586	
487	0.999401	0.000698	-0.078914	-0.000698	0.999401	0.846091	
488	0.999540	0.000645	-0.199573	-0.000645	0.999540	0.774158	
489	0.999324	0.000636	-0.206647	-0.000636	0.999324	1.022107	
490	0.999271	0.000482	-0.147017	-0.000482	0.999271	1.052344	
491	0.999195	0.000512	-0.137602	-0.000512	0.999195	1.039397	
492	0.999257	0.000579	-0.382109	-0.000579	0.999257	0.974933	
493	0.999247	0.000509	-0.287444	-0.000509	0.999247	0.810860	
494	0.999317	0.000421	-0.400263	-0.000421	0.999317	0.679095	
495	0.999271	0.000455	-0.366897	-0.000455	0.999271	0.718782	
496	0.999269	0.000455	-0.396289	-0.000455	0.999269	0.691300	
497	0.999327	0.000532	-0.324172	-0.000532	0.999327	0.607517	
498	0.999429	0.000528	-0.311149	-0.000528	0.999429	0.524122	
499	0.999461	0.000469	-0.278144	-0.000469	0.999461	0.414725	
500	0.999422	0.000543	-0.244828	-0.000543	0.999422	0.613572	
501	0.999406	0.000373	-0.239393	-0.000373	0.999406	0.542625	
502	0.999339	0.000383	-0.006542	-0.000383	0.999339	0.679772	
503	0.999397	0.000338	-0.040134	-0.000338	0.999397	0.573021	
504	0.999509	0.000195	0.048980	-0.000195	0.999509	0.356442	
505	0.999595	0.000138	0.093842	-0.000138	0.999595	0.257923	
506	0.999510	0.000191	0.049701	-0.000191	0.999510	0.321174	
507	0.999633	-0.000002	0.008420	0.000002	0.999633	0.202744	
508	0.999630	0.000049	-0.047804	-0.000049	0.999630	0.148737	
509	0.999829	0.000123	-0.119936	-0.000123	0.999829	0.124456	
510	0.999814	-0.000012	-0.103515	0.000012	0.999814	0.085195	
511	0.999707	0.000046	-0.238535	-0.000046	0.999707	0.143888	
512	0.999848	-0.000019	-0.262371	0.000019	0.999848	0.113818	
513	0.999791	-0.000043	-0.132566	0.000043	0.999791	0.118880	
514	0.999789	-0.000054	-0.126195	0.000054	0.999789	0.126293	
515	0.999791	-0.000021	-0.168033	0.000021	0.999791	0.133775	
516	0.999766	-0.000066	-0.171225	0.000066	0.999766	0.085447	
517	0.999765	0.000000	-0.212064	-0.000000	0.999765	0.129109	
518	0.999871	-0.000014	-0.228498	0.000014	0.999871	0.038959	
519	0.999948	0.000017	-0.282913	-0.000017	0.999948	0.056949	
520	0.999917	0.000097	-0.372493	-0.000097	0.999917	0.220683	
521	0.999860	0.000068	-0.348092	-0.000068	0.999860	0.226870	
522	0.999978	0.000068	-0.385224	-0.000068	0.999978	0.145690	
523	0.999984	-0.000004	-0.275065	0.000004	0.999984	-0.005450	
524	1.000019	-0.000006	-0.304021	0.000006	1.000019	-0.077468	
525	1.000032	0.000053	-0.459760	-0.000053	1.000032	-0.056758	
526	0.999972	0.000046	-0.369365	-0.000046	0.999972	-0.017780	
527	1.000015	0.000044	-0.387532	-0.000044	1.000015	-0.042642	
528	1.000120	0.000023	-0.303904	-0.000023	1.000120	-0.054603	
529	1.000107	0.000020	-0.239628	-0.000020	1.000107	-0.040974	
530	1.000071	0.000069	-0.287103	-0.000069	1.000071	-0.009787	
531	1.000059	0.000075	-0.286800	-0.000075	1.000059	0.010463	
532	1.000016	0.000013	-0.114326	-0.000013	1.000016	-0.002230	
533	0.999982	-0.000075	-0.042514	0.000075	0.999982	-0.044660	
534	0.999966	-0.000087	-0.015680	0.000087	0.999966	-0.033491	
535	0.999939	-0.000025	-0.000252	0.000025	0.999939	0.017192	
536	1.000055	-0.000011	-0.070765	0.000011	1.000055	-0.066855	
537	1.000096	0.000037	-0.101524	-0.000037	1.000096	-0.101129	
538	1.000009	0.000006	0.054623	-0.000006	1.000009	-0.056374	
539	1.000032	0.000026	0.022648	-0.000026	1.000032	-0.030358	
540	1.000039	0.000042	0.003712	-0.000042	1.000039	-0.029234	
541	1.000049	0.000017	0.059685	-0.000017	1.000049	-0.110856	
542	0.999902	0.000032	0.169455	-0.000032	0.999902	0.005396	
543	0.999885	0.000025	0.194630	-0.000025	0.999885	0.021711	
544	0.999923	0.000020	0.210394	-0.000020	0.999923	0.004560	
545	0.999916	0.000026	0.198820	-0.000026	0.999916	0.032324	
546	0.999878	0.000016	0.197063	-0.000016	0.999878	0.012618	
547	0.999872	0.000037	0.199161	-0.000037	0.999872	0.033190	
548	0.999925	0.000048	0.174348	-0.000048	0.999925	-0.000901	
549	0.999880	0.000052	0.179659	-0.000052	0.999880	0.023084	
550	1.000011	0.000030	0.064448	-0.000030	1.000011	-0.046684	
551	0.999976	0.000003	0.104251	-0.000003	0.999976	-0.052750	
552	1.000083	-0.000001	0.035273	0.000001	1.000083	-0.101824	
553	0.999945	0.000035	0.051957	-0.000035	0.999945	-0.034481	
554	1.000037	-0.000011	0.024983	0.000011	1.000037	-0.099842	
555	1.000107	-0.000005	-0.030323	0.000005	1.000107	-0.098903	
556	1.000148	0.000028	-0.059039	-0.000028	1.000148	-0.069643	
557	1.000071	0.000014	0.010308	-0.000014	1.000071	0.037662	
558	1.000056	-0.000055	0.022701	0.000055	1.000056	-0.004556	
559	1.000129	-0.000051	-0.047229	0.000051	1.000129	-0.071891	
560	1.000083	-0.000020	-0.071805	0.000020	1.000083	0.008415	
561	1.000042	-0.000053	-0.089511	0.000053	1.000042	-0.049187	
562	1.000365	-0.000161	-0.102567	0.000161	1.000365	-0.204709	
563	1.000019	-0.000114	0.103198	0.000114	1.000019	-0.125320	
564	1.000068	-0.000025	-0.047809	0.000025	1.000068	-0.092044	
565	1.000094	0.000019	-0.137504	-0.000019	1.000094	-0.015333	
566	1.000117	0.000001	-0.182795	-0.000001	1.000117	-0.023659	
567	1.000242	-0.000065	-0.216621	0.000065	1.000242	-0.079011	
568	1.000190	-0.000012	-0.072969	0.000012	1.000190	0.013489	
569	1.000204	-0.000190	0.022857	0.000190	1.000204	-0.109777	
570	1.000461	-0.000020	-0.248829	0.000020	1.000461	-0.143816	
571	1.000267	-0.000049	-0.129417	0.000049	1.000267	-0.066926	
572	1.000300	0.000057	-0.154637	-0.000057	1.000300	-0.123120	
573	1.000438	0.000026	-0.282134	-0.000026	1.000438	-0.137974	
574	1.000546	-0.000014	-0.423369	0.000014	1.000546	-0.159841	
575	1.000441	-0.000081	-0.307750	0.000081	1.000441	-0.208466	
576	1.000708	-0.000210	-0.498412	0.000210	1.000708	-0.458468	
577	1.000486	0.000119	-0.542901	-0.000119	1.000486	-0.212671	
578	1.000540	-0.000238	-0.468752	0.000238	1.000540	-0.347283	
579	1.000556	-0.000353	-0.427755	0.000353	1.000556	-0.503359	
580	1.000551	-0.000315	-0.326798	0.000315	1.000551	-0.555708	
581	1.000728	-0.000380	-0.212229	0.000380	1.000728	-0.914429	
582	1.001056	-0.000330	-0.229912	0.000330	1.001056	-1.432545	
583	1.001250	-0.000369	-0.279891	0.000369	1.001250	-1.962489	
584	1.001784	-0.000452	-0.160242	0.000452	1.001784	-2.837081	
585	1.002211	-0.000779	0.453325	0.000779	1.002211	-3.705142	
586	1.002865	-0.001025	0.668164	0.001025	1.002865	-4.690521	
587	1.003106	-0.000806	0.520241	0.000806	1.003106	-5.185976	
588	1.003317	-0.000822	0.334529	0.000822	1.003317	-5.107329	
589	1.002866	-0.001033	0.686520	0.001033	1.002866	-4.607476	
590	1.002642	-0.001185	1.283352	0.001185	1.002642	-4.306204	
591	1.002884	-0.001919	2.177851	0.001919	1.002884	-4.665991	
592	1.001012	-0.000618	4.650290	0.000618	1.001012	-3.999551	
593	1.002600	-0.001280	4.498076	0.001280	1.002600	-4.560012	
594	1.005607	-0.002814	2.177029	0.002814	1.005607	-6.239764	
595	1.001198	-0.000764	6.333767	0.000764	1.001198	-3.736892	
596	1.003277	-0.003038	4.679967	0.003038	1.003277	-5.113027	
597	1.002990	-0.002977	4.411385	0.002977	1.002990	-4.534371	
598	1.001980	-0.002760	3.863105	0.002760	1.001980	-3.532981	
599	1.001084	-0.001996	2.891214	0.001996	1.001084	-2.179753	
600	1.000506	-0.001263	1.803102	0.001263	1.000506	-0.911536	
601	0.999971	-0.000675	0.919642	0.000675	0.999971	0.038939	
602	0.999515	-0.000159	0.390631	0.000159	0.999515	0.850163	
603	0.999191	0.000218	-0.028300	-0.000218	0.999191	1.489469	
604	0.998946	0.000247	-0.118494	-0.000247	0.998946	1.713684	
605	0.998806	0.000288	-0.187098	-0.000288	0.998806	1.831963	
606	0.998931	0.000431	-0.647686	-0.000431	0.998931	1.709303	
607	0.998915	0.000487	-0.811047	-0.000487	0.998915	1.666595	
608	0.998798	0.000732	-0.987857	-0.000732	0.998798	1.697952	
609	0.999032	0.000870	-1.319618	-0.000870	0.999032	1.555524	
610	0.999213	0.000832	-1.446786	-0.000832	0.999213	1.523588	
611	0.999288	0.000847	-1.616133	-0.000847	0.999288	1.640428	
612	0.998964	0.000774	-1.437966	-0.000774	0.998964	1.835676	
613	0.999106	0.000815	-1.354377	-0.000815	0.999106	1.740290	
614	0.999065	0.000635	-0.946528	-0.000635	0.999065	1.553834	
615	0.999354	0.000406	-0.640238	-0.000406	0.999354	1.160765	
616	0.999494	0.000265	-0.186727	-0.000265	0.999494	0.935038	
617	0.999704	0.000085	0.161184	-0.000085	0.999704	0.531195	
618	0.999574	0.000001	0.293632	-0.000001	0.999574	0.495778	
619	0.999677	0.000165	0.070843	-0.000165	0.999677	0.486595	
620	0.999680	0.000282	-0.137978	-0.000282	0.999680	0.499398	
621	0.999639	0.000348	-0.505859	-0.000348	0.999639	0.514556	
622	0.999502	0.000437	-0.799265	-0.000437	0.999502	0.657045	
623	0.999194	0.000361	-0.904475	-0.000361	0.999194	0.899372	
624	0.999259	0.000464	-1.249513	-0.000464	0.999259	0.985955	
625	0.999282	0.000478	-1.214600	-0.000478	0.999282	1.035470	
626	0.999284	0.000467	-1.006779	-0.000467	0.999284	1.080195	
627	0.999323	0.000457	-0.920954	-0.000457	0.999323	0.956554	
628	0.999421	0.000381	-0.748861	-0.000381	0.999421	0.849963	
629	0.999458	0.000002	-0.273711	-0.000002	0.999458	0.418046	
630	0.999498	-0.000176	0.191958	0.000176	0.999498	0.202947	
631	0.999638	-0.000178	0.386043	0.000178	0.999638	0.160305	
632	0.999683	-0.000239	0.440957	0.000239	0.999683	0.092669	
633	0.999646	-0.000215	0.445171	0.000215	0.999646	0.254633	
634	0.999644	-0.000344	0.683863	0.000344	0.999644	0.361769	
635	0.999602	-0.000411	0.740234	0.000411	0.999602	0.289914	
636	0.999409	-0.000436	0.652921	0.000436	0.999409	0.511598	
637	0.999383	-0.000242	0.296364	0.000242	0.999383	0.659379	
638	0.999435	-0.000248	0.312314	0.000248	0.999435	0.595116	
639	0.999483	-0.000173	0.311043	0.000173	0.999483	0.424771	
640	0.999607	-0.000070	0.079151	0.000070	0.999607	0.314503	
641	0.999497	0.000137	-0.166474	-0.000137	0.999497	0.446414	
642	0.999485	0.000258	-0.398863	-0.000258	0.999485	0.568468	
643	0.999541	0.000382	-0.492426	-0.000382	0.999541	0.855495	
644	0.999354	0.000582	-0.616579	-0.000582	0.999354	1.310607	
645	0.999213	0.000571	-0.884416	-0.000571	0.999213	1.616713	
646	0.999180	0.000666	-1.107174	-0.000666	0.999180	1.779199	
647	0.999252	0.000627	-0.971179	-0.000627	0.999252	1.700608	
648	0.999404	0.000525	-0.934758	-0.000525	0.999404	1.376237	
649	0.999529	0.000399	-0.894251	-0.000399	0.999529	0.939649	
650	0.999627	0.000280	-0.848360	-0.000280	0.999627	0.651647	
651	0.999616	0.000342	-0.748612	-0.000342	0.999616	0.762731	
652	0.999665	0.000155	-0.618257	-0.000155	0.999665	0.613013	
653	0.999709	0.000252	-0.671842	-0.000252	0.999709	0.712108	
654	0.999642	0.000245	-0.582642	-0.000245	0.999642	0.803324	
655	0.999808	0.000157	-0.609450	-0.000157	0.999808	0.763240	
656	0.999867	0.000158	-0.503104	-0.000158	0.999867	0.808356	
657	0.999902	0.000203	-0.434918	-0.000203	0.999902	0.640043	
658	0.999830	0.000237	-0.480993	-0.000237	0.999830	0.537767	
659	0.999988	0.000221	-0.518727	-0.000221	0.999988	0.143864	
660	1.000089	0.000165	-0.495253	-0.000165	1.000089	-0.018582	
661	1.000057	0.000243	-0.410324	-0.000243	1.000057	-0.150381	
662	1.000198	0.000221	-0.528765	-0.000221	1.000198	-0.162899	
663	1.000138	0.000303	-0.546079	-0.000303	1.000138	-0.208798	
664	1.000218	0.000191	-0.471698	-0.000191	1.000218	-0.418785	
665	1.000202	0.000236	-0.433616	-0.000236	1.000202	-0.376296	
666	1.000276	0.000277	-0.544714	-0.000277	1.000276	-0.446492	
667	1.000318	0.000327	-0.584967	-0.000327	1.000318	-0.445025	
668	1.000288	0.000321	-0.603109	-0.000321	1.000288	-0.432004	
669	1.000242	0.000275	-0.491919	-0.000275	1.000242	-0.267508	
670	1.000248	0.000302	-0.501952	-0.000302	1.000248	-0.175874	
671	1.000212	0.000184	-0.427275	-0.000184	1.000212	-0.106120	
672	1.000151	0.000247	-0.369670	-0.000247	1.000151	-0.009878	
673	1.000158	0.000088	-0.141597	-0.000088	1.000158	-0.030912	
674	1.000146	0.000173	-0.121150	-0.000173	1.000146	-0.088234	
675	1.000279	0.000108	-0.203084	-0.000108	1.000279	-0.211290	
676	1.000275	0.000094	-0.183076	-0.000094	1.000275	-0.230025	
677	1.000351	0.000046	-0.102774	-0.000046	1.000351	-0.294789	
678	1.000385	-0.000088	-0.145100	0.000088	1.000385	-0.385230	
679	1.000362	-0.000030	-0.112532	0.000030	1.000362	-0.236322	
680	1.000386	-0.000032	-0.170484	0.000032	1.000386	-0.271577	
681	1.000315	-0.000091	0.041336	0.000091	1.000315	-0.306915	
682	1.000302	-0.000147	0.200471	0.000147	1.000302	-0.387829	
683	1.000290	-0.000242	0.318468	0.000242	1.000290	-0.311144	
684	1.000459	-0.000275	0.199578	0.000275	1.000459	-0.336328	
685	1.000375	-0.000334	0.335792	0.000334	1.000375	-0.331429	
686	1.000319	-0.000329	0.418975	0.000329	1.000319	-0.355687	
687	1.000397	-0.000727	0.887791	0.000727	1.000397	-0.790559	
688	1.000871	-0.000905	0.723997	0.000905	1.000871	-1.043417	
689	1.000574	-0.000887	1.053313	0.000887	1.000574	-0.982195	
690	1.000657	-0.000869	1.172769	0.000869	1.000657	-0.913687	
691	1.000975	-0.001060	1.269348	0.001060	1.000975	-1.168956	
692	1.000897	-0.001039	1.461759	0.001039	1.000897	-1.079754	
693	1.000851	-0.000864	1.339017	0.000864	1.000851	-0.998459	
694	1.000723	-0.000619	1.116030	0.000619	1.000723	-0.771969	
695	1.000543	-0.000636	0.971251	0.000636	1.000543	-0.752267	
696	1.000413	-0.000484	0.796972	0.000484	1.000413	-0.625678	
697	1.000378	-0.000605	0.705786	0.000605	1.000378	-0.701061	
698	1.000493	-0.000592	0.594746	0.000592	1.000493	-0.674937	
699	1.000338	-0.000687	0.735597	0.000687	1.000338	-0.637029	
700	1.000374	-0.000550	0.673073	0.000550	1.000374	-0.609762	
701	1.000329	-0.000533	0.633996	0.000533	1.000329	-0.584187	
702	1.000466	-0.000310	0.414042	0.000310	1.000466	-0.434868	
703	1.000384	-0.000300	0.364495	0.000300	1.000384	-0.401486	
704	1.000381	-0.000265	0.275053	0.000265	1.000381	-0.360980	
705	1.000351	-0.000134	0.158662	0.000134	1.000351	-0.340175	
706	1.000319	-0.000153	0.053880	0.000153	1.000319	-0.373842	
707	1.000183	-0.000112	0.122131	0.000112	1.000183	-0.248633	
708	1.000117	-0.000160	0.165768	0.000160	1.000117	-0.161421	
709	1.000081	-0.000174	0.167282	0.000174	1.000081	-0.126707	
710	1.000085	-0.000180	0.210548	0.000180	1.000085	-0.176824	
711	1.000139	-0.000250	0.247558	0.000250	1.000139	-0.233036	
712	1.000165	-0.000187	0.232161	0.000187	1.000165	-0.205722	
713	1.000086	-0.000237	0.355641	0.000237	1.000086	-0.127212	
714	1.000106	-0.000250	0.354581	0.000250	1.000106	-0.135757	
715	1.000080	-0.000220	0.337695	0.000220	1.000080	-0.169590	
716	1.000084	-0.000239	0.310725	0.000239	1.000084	-0.206058	
717	1.000089	-0.000223	0.347129	0.000223	1.000089	-0.179900	
718	1.000100	-0.000230	0.366512	0.000230	1.000100	-0.193267	
719	1.000105	-0.000201	0.363247	0.000201	1.000105	-0.187059	
720	1.000131	-0.000181	0.311136	0.000181	1.000131	-0.182372	
721	1.000088	-0.000176	0.314191	0.000176	1.000088	-0.177009	
722	1.000037	-0.000128	0.292245	0.000128	1.000037	-0.097299	
723	1.000033	-0.000122	0.294988	0.000122	1.000033	-0.076705	
724	1.000007	-0.000080	0.276182	0.000080	1.000007	-0.102990	
725	0.999974	-0.000071	0.309439	0.000071	0.999974	-0.090703	
726	1.000008	-0.000108	0.343519	0.000108	1.000008	-0.159446	
727	0.999960	-0.000103	0.362070	0.000103	0.999960	-0.116162	
728	0.999956	-0.000083	0.322719	0.000083	0.999956	-0.047687	
729	0.999992	-0.000116	0.298412	0.000116	0.999992	-0.069113	
730	1.000041	-0.000119	0.291003	0.000119	1.000041	-0.092299	
731	1.000069	-0.000103	0.278855	0.000103	1.000069	-0.138808	
732	1.000096	-0.000093	0.263580	0.000093	1.000096	-0.130326	
733	1.000018	-0.000081	0.268402	0.000081	1.000018	-0.102080	
734	1.000043	-0.000057	0.272055	0.000057	1.000043	-0.082819	
735	1.000014	-0.000050	0.303544	0.000050	1.000014	-0.063676	
736	0.999989	-0.000036	0.301205	0.000036	0.999989	-0.026745	
737	1.000007	-0.000096	0.289638	0.000096	1.000007	-0.116634	
738	0.999987	-0.000052	0.309888	0.000052	0.999987	-0.015564	
739	1.000012	-0.000095	0.300623	0.000095	1.000012	-0.035109	
740	1.000019	-0.000113	0.284291	0.000113	1.000019	-0.073731	
741	1.000118	-0.000141	0.277069	0.000141	1.000118	-0.215586	
742	1.000097	-0.000233	0.333699	0.000233	1.000097	-0.210916	
743	0.999984	-0.000195	0.347665	0.000195	0.999984	-0.140946	
744	1.000001	-0.000122	0.289684	0.000122	1.000001	-0.105462	
745	1.000036	-0.000078	0.252609	0.000078	1.000036	-0.144150	
746	1.000015	-0.000087	0.253492	0.000087	1.000015	-0.123499	
747	0.999897	-0.000063	0.325169	0.000063	0.999897	-0.055268	
748	0.999937	-0.000036	0.263139	0.000036	0.999937	-0.032608	
749	0.999886	0.000000	0.251097	-0.000000	0.999886	0.037302	
750	0.999921	0.000050	0.138161	-0.000050	0.999921	0.083735	
751	0.999926	0.000067	0.114067	-0.000067	0.999926	0.114515	
752	0.999908	0.000137	0.130766	-0.000137	0.999908	0.169108	
753	0.999856	0.000149	0.228238	-0.000149	0.999856	0.222957	
754	0.999829	0.000234	0.213246	-0.000234	0.999829	0.221370	
755	0.999740	0.000264	0.240591	-0.000264	0.999740	0.255807	
756	0.999847	0.000241	0.196537	-0.000241	0.999847	0.218191	
757	0.999840	0.000254	0.194405	-0.000254	0.999840	0.230550	
758	0.999831	0.000170	0.187072	-0.000170	0.999831	0.188292	
759	0.999723	0.000188	0.269823	-0.000188	0.999723	0.377519	
760	0.999758	0.000144	0.241761	-0.000144	0.999758	0.332419	
761	0.999685	0.000094	0.253658	-0.000094	0.999685	0.338778	
762	0.999791	0.000114	0.177850	-0.000114	0.999791	0.200087	
