0	1.000000	0.000000	0.000000	0.000000	1.000000	0.000000	
1	1.000001	0.000036	-0.002574	-0.000036	1.000001	0.019737	
2	0.999993	-0.000020	-0.009526	0.000020	0.999993	-0.078008	
3	1.000001	0.000036	-0.011672	-0.000036	1.000001	-0.048942	
4	0.999991	0.000040	-0.000957	-0.000040	0.999991	-0.005979	
5	0.999995	-0.000025	-0.026841	0.000025	0.999995	0.045499	
6	0.999989	-0.000021	-0.000929	0.000021	0.999989	0.052275	
7	0.999983	-0.000005	-0.030917	0.000005	0.999983	-0.079627	
8	0.999988	0.000007	0.012419	-0.000007	0.999988	-0.024550	
9	1.000010	0.000006	-0.007624	-0.000006	1.000010	-0.020028	
10	0.999998	0.000011	0.002529	-0.000011	0.999998	-0.013286	
11	0.999984	0.000041	-0.009333	-0.000041	0.999984	-0.092601	
12	0.999996	0.000021	-0.006613	-0.000021	0.999996	-0.079034	
13	0.999994	0.000026	-0.032600	-0.000026	0.999994	-0.127948	
14	0.999988	0.000036	-0.150589	-0.000036	0.999988	-0.181409	
15	0.999959	0.000045	-0.162499	-0.000045	0.999959	-0.280470	
16	0.999858	0.000010	-0.053886	-0.000010	0.999858	-0.339198	
17	0.999931	0.000105	-0.055254	-0.000105	0.999931	-0.335290	
18	0.999934	0.000131	-0.061552	-0.000131	0.999934	-0.341056	
19	0.999924	0.000007	-0.244577	-0.000007	0.999924	-0.272819	
20	0.999889	0.000053	-0.511861	-0.000053	0.999889	-0.143523	
21	0.999793	-0.000036	-0.880746	0.000036	0.999793	-0.032361	
22	0.999654	-0.000089	-1.463161	0.000089	0.999654	-0.024152	
23	0.999378	-0.000070	-2.274743	0.000070	0.999378	-0.006672	
24	0.999133	-0.000156	-3.252361	0.000156	0.999133	-0.052870	
25	0.999447	-0.000060	-4.704382	0.000060	0.999447	-0.001083	
26	1.000057	-0.000122	-7.086207	0.000122	1.000057	0.031347	
27	1.000136	0.000011	-8.695621	-0.000011	1.000136	0.070495	
28	1.000087	0.000009	-9.894958	-0.000009	1.000087	0.157093	
29	1.000074	-0.000012	-10.893944	0.000012	1.000074	0.293816	
30	1.000031	-0.000077	-11.760798	0.000077	1.000031	0.039857	
31	1.000061	0.000054	-12.655785	-0.000054	1.000061	0.167558	
32	1.000158	-0.000094	-13.450236	0.000094	1.000158	0.020244	
33	1.000321	-0.000096	-14.193409	0.000096	1.000321	0.284768	
34	1.000042	-0.000068	-14.713204	0.000068	1.000042	0.426193	
35	1.000148	-0.000052	-15.377497	0.000052	1.000148	0.213845	
36	0.999888	0.000029	-15.778893	-0.000029	0.999888	0.254500	
37	0.999911	-0.000089	-16.419151	0.000089	0.999911	0.083282	
38	0.999837	-0.000140	-16.790863	0.000140	0.999837	0.017249	
39	0.999898	-0.000104	-17.056173	0.000104	0.999898	0.113819	
40	0.999921	-0.000107	-17.508641	0.000107	0.999921	-0.004704	
41	0.999667	-0.000097	-17.842963	0.000097	0.999667	0.049973	
42	0.999776	-0.000068	-18.558904	0.000068	0.999776	0.136986	
43	1.000083	-0.000205	-19.308833	0.000205	1.000083	0.186849	
44	0.999721	-0.000156	-19.518242	0.000156	0.999721	0.085975	
45	0.999820	0.000134	-19.975116	-0.000134	0.999820	-0.075949	
46	0.999628	0.000177	-20.450071	-0.000177	0.999628	-0.016093	
47	0.999650	0.000204	-20.880634	-0.000204	0.999650	0.216887	
48	1.000181	0.000429	-21.732093	-0.000429	1.000181	0.408800	
49	0.999788	0.000483	-21.869286	-0.000483	0.999788	0.182621	
50	1.000063	0.000581	-22.587711	-0.000581	1.000063	-0.027357	
51	1.000176	0.000486	-23.126302	-0.000486	1.000176	0.146851	
52	0.999866	0.000274	-23.225565	-0.000274	0.999866	0.021132	
53	1.000303	0.000223	-23.761373	-0.000223	1.000303	0.055720	
54	1.000653	0.000276	-24.218814	-0.000276	1.000653	0.021171	
55	1.000287	0.000394	-23.956530	-0.000394	1.000287	-0.063301	
56	1.000196	0.000412	-24.154644	-0.000412	1.000196	-0.035162	
57	1.000514	0.000433	-24.477830	-0.000433	1.000514	-0.068665	
58	1.000214	0.000422	-24.215276	-0.000422	1.000214	-0.009980	
59	1.000347	0.000570	-24.450804	-0.000570	1.000347	0.109162	
60	0.999977	0.000466	-24.208728	-0.000466	0.999977	0.012909	
61	1.000260	0.000599	-24.594422	-0.000599	1.000260	0.005181	
62	0.999964	0.000601	-24.494602	-0.000601	0.999964	0.048307	
63	1.000015	0.000531	-24.581368	-0.000531	1.000015	0.072154	
64	0.999635	0.000420	-24.530679	-0.000420	0.999635	0.095384	
65	0.999730	0.000479	-25.179775	-0.000479	0.999730	0.032349	
66	1.000115	0.000589	-25.314564	-0.000589	1.000115	-0.016729	
67	0.999803	0.000799	-25.003950	-0.000799	0.999803	0.068970	
68	1.000113	0.000679	-25.263251	-0.000679	1.000113	-0.152761	
69	1.000111	0.000800	-25.343268	-0.000800	1.000111	0.042494	
70	1.000124	0.000837	-25.207120	-0.000837	1.000124	0.146115	
71	1.000024	0.000911	-25.323708	-0.000911	1.000024	0.273977	
72	1.000181	0.000837	-25.611690	-0.000837	1.000181	0.178738	
73	1.000285	0.000724	-25.615521	-0.000724	1.000285	0.038628	
74	1.000389	0.000916	-25.853094	-0.000916	1.000389	0.186730	
75	1.000365	0.000913	-25.856879	-0.000913	1.000365	0.210813	
76	1.000206	0.000938	-25.668253	-0.000938	1.000206	0.218573	
77	1.000196	0.001007	-25.595667	-0.001007	1.000196	0.256544	
78	1.000124	0.001169	-25.482503	-0.001169	1.000124	0.343672	
79	1.000105	0.001131	-25.218555	-0.001131	1.000105	0.496823	
80	1.000058	0.001166	-25.186589	-0.001166	1.000058	0.463481	
81	1.000045	0.001084	-24.865754	-0.001084	1.000045	0.304125	
82	1.000078	0.001044	-24.719977	-0.001044	1.000078	0.353156	
83	1.000049	0.001059	-24.274194	-0.001059	1.000049	0.329761	
84	1.000112	0.001219	-24.008575	-0.001219	1.000112	0.425442	
85	0.999600	0.001331	-23.284223	-0.001331	0.999600	0.568026	
86	0.999382	0.001278	-22.953458	-0.001278	0.999382	0.652944	
87	0.999592	0.001344	-22.947464	-0.001344	0.999592	0.613369	
88	0.999536	0.001254	-22.603503	-0.001254	0.999536	0.683732	
89	0.999754	0.001204	-22.423471	-0.001204	0.999754	0.571842	
90	0.999708	0.001064	-22.161933	-0.001064	0.999708	0.411816	
91	0.999593	0.001487	-21.762970	-0.001487	0.999593	0.668929	
92	0.999874	0.001324	-21.775095	-0.001324	0.999874	0.662735	
93	0.999999	0.001452	-21.509129	-0.001452	0.999999	0.720775	
94	1.000330	0.001267	-21.461956	-0.001267	1.000330	0.495250	
95	1.000294	0.001292	-20.868646	-0.001292	1.000294	0.404297	
96	1.000372	0.001126	-20.468475	-0.001126	1.000372	0.275283	
97	0.999873	0.001091	-19.546597	-0.001091	0.999873	0.490152	
98	0.999738	0.001023	-18.993390	-0.001023	0.999738	0.564698	
99	0.999822	0.001033	-18.704592	-0.001033	0.999822	0.523420	
100	0.999621	0.001522	-18.057694	-0.001522	0.999621	0.747788	
101	0.999602	0.001254	-17.930049	-0.001254	0.999602	0.444411	
102	0.999582	0.001105	-17.550812	-0.001105	0.999582	0.312871	
103	0.999475	0.001037	-16.867231	-0.001037	0.999475	0.462723	
104	0.999430	0.000881	-16.174891	-0.000881	0.999430	0.475221	
105	0.999555	0.001062	-15.569923	-0.001062	0.999555	0.489538	
106	0.999300	0.000842	-14.666590	-0.000842	0.999300	0.110480	
107	0.999480	0.001149	-13.912418	-0.001149	0.999480	0.380759	
108	0.999350	0.000997	-13.093122	-0.000997	0.999350	0.279916	
109	0.999703	0.001100	-12.416190	-0.001100	0.999703	0.375216	
110	0.999358	0.000720	-11.457058	-0.000720	0.999358	0.223923	
111	0.999388	0.000973	-10.508350	-0.000973	0.999388	0.166674	
112	0.999484	0.000905	-9.780907	-0.000905	0.999484	0.090893	
113	0.996926	0.000358	-6.468312	-0.000358	0.996926	0.250028	
114	0.999790	0.000620	-8.545142	-0.000620	0.999790	-0.011462	
115	0.999309	0.000815	-7.719902	-0.000815	0.999309	0.136160	
116	0.999272	0.000659	-7.143912	-0.000659	0.999272	-0.224604	
117	0.999285	0.000549	-6.497344	-0.000549	0.999285	-0.413460	
118	0.999421	0.000618	-6.134449	-0.000618	0.999421	-0.200336	
119	0.997684	0.000263	-3.853239	-0.000263	0.997684	-0.159664	
120	0.997789	0.000260	-3.563168	-0.000260	0.997789	-0.116682	
121	0.998004	0.000324	-3.478654	-0.000324	0.998004	-0.317745	
122	0.997865	0.000382	-3.117461	-0.000382	0.997865	-0.361821	
123	0.998101	0.000435	-3.241187	-0.000435	0.998101	-0.354032	
124	0.998374	0.000421	-3.080769	-0.000421	0.998374	-0.488479	
125	0.998413	0.000518	-2.722723	-0.000518	0.998413	-0.362422	
126	0.998721	0.000536	-2.557355	-0.000536	0.998721	-0.429966	
127	0.998803	0.000511	-2.387429	-0.000511	0.998803	-0.538205	
128	0.998884	0.000466	-2.229913	-0.000466	0.998884	-0.501369	
129	0.999097	0.000451	-1.877018	-0.000451	0.999097	-0.467060	
130	0.999183	0.000414	-1.319570	-0.000414	0.999183	-0.432616	
131	0.999787	0.000494	-0.845476	-0.000494	0.999787	-0.428153	
132	1.000067	0.000466	0.148232	-0.000466	1.000067	-0.452380	
133	1.000425	0.000357	0.502323	-0.000357	1.000425	-0.513137	
134	1.000520	0.000394	1.076479	-0.000394	1.000520	-0.343795	
135	1.000843	0.000433	1.994675	-0.000433	1.000843	-0.462972	
136	1.001262	0.000514	2.869094	-0.000514	1.001262	-0.517299	
137	1.001477	0.000680	3.829847	-0.000680	1.001477	-0.638099	
138	1.000171	0.000009	6.522533	-0.000009	1.000171	-0.932903	
139	1.000225	0.000066	7.228922	-0.000066	1.000225	-0.726678	
140	1.000125	-0.000076	8.137109	0.000076	1.000125	-1.050568	
141	1.000174	-0.000124	8.482852	0.000124	1.000174	-1.176312	
142	1.000301	-0.000029	8.350771	0.000029	1.000301	-1.222653	
143	1.000311	-0.000209	8.381341	0.000209	1.000311	-1.201405	
144	1.000390	-0.000095	8.519732	0.000095	1.000390	-1.183190	
145	1.000194	-0.000240	8.731656	0.000240	1.000194	-1.199108	
146	1.000505	-0.000242	8.641201	0.000242	1.000505	-1.276357	
147	1.001629	0.000038	7.792051	-0.000038	1.001629	-1.049246	
148	1.000523	-0.000249	9.224382	0.000249	1.000523	-1.143404	
149	1.000630	-0.000072	9.409029	0.000072	1.000630	-0.998770	
150	1.000796	-0.000078	9.473032	0.000078	1.000796	-1.011677	
151	1.000593	-0.000079	9.814603	0.000079	1.000593	-1.062365	
152	1.000704	-0.000312	10.095093	0.000312	1.000704	-1.189093	
153	1.000778	-0.000386	10.296556	0.000386	1.000778	-1.168796	
154	1.000676	-0.000309	10.538954	0.000309	1.000676	-1.003084	
155	1.000695	-0.000508	10.634108	0.000508	1.000695	-1.288549	
156	1.000559	-0.000613	10.910590	0.000613	1.000559	-1.415725	
157	1.000637	-0.000666	10.933150	0.000666	1.000637	-1.494132	
158	1.000668	-0.000567	10.853992	0.000567	1.000668	-1.312334	
159	1.000746	-0.000456	10.620192	0.000456	1.000746	-1.286893	
160	1.000579	-0.000428	10.290827	0.000428	1.000579	-1.229159	
161	1.000818	-0.000384	9.712937	0.000384	1.000818	-1.209486	
162	1.000621	-0.000304	9.507611	0.000304	1.000621	-0.995158	
163	1.000610	-0.000357	9.281808	0.000357	1.000610	-0.838906	
164	1.000629	-0.000211	8.957168	0.000211	1.000629	-0.671105	
165	1.000614	-0.000360	8.476184	0.000360	1.000614	-0.844709	
166	1.002184	-0.000101	6.287611	0.000101	1.002184	-0.825727	
167	1.000445	-0.000428	7.473923	0.000428	1.000445	-0.754007	
168	1.000948	-0.000369	6.386697	0.000369	1.000948	-0.771285	
169	1.001064	-0.000296	5.208732	0.000296	1.001064	-0.702960	
170	1.001817	-0.000013	3.329617	0.000013	1.001817	-0.550827	
171	1.001496	-0.000012	2.864974	0.000012	1.001496	-0.482173	
172	1.001209	-0.000100	2.544837	0.000100	1.001209	-0.366097	
173	1.001347	0.000049	2.341249	-0.000049	1.001347	-0.524273	
174	1.001084	0.000051	2.248520	-0.000051	1.001084	-0.518200	
175	1.001017	0.000075	2.025837	-0.000075	1.001017	-0.391944	
176	1.000894	0.000081	1.741374	-0.000081	1.000894	-0.311563	
177	1.000663	0.000013	1.258707	-0.000013	1.000663	-0.191047	
178	1.000507	0.000142	0.651092	-0.000142	1.000507	-0.114528	
179	1.000510	0.000187	0.318943	-0.000187	1.000510	-0.201210	
180	1.000349	0.000165	-0.149710	-0.000165	1.000349	-0.192496	
181	1.000061	0.000156	-0.675758	-0.000156	1.000061	-0.294412	
182	0.999682	0.000186	-1.559953	-0.000186	0.999682	-0.149598	
183	0.998856	-0.000046	-2.920302	0.000046	0.998856	0.041542	
184	1.000114	0.000247	-6.384447	-0.000247	1.000114	0.111924	
185	1.000122	0.000242	-8.148693	-0.000242	1.000122	0.362991	
186	0.999778	0.000501	-9.333338	-0.000501	0.999778	0.540502	
187	1.000087	0.000622	-10.834627	-0.000622	1.000087	0.446406	
188	1.000063	0.000676	-11.996106	-0.000676	1.000063	0.555599	
189	0.999941	0.000645	-12.725780	-0.000645	0.999941	0.861103	
190	0.999836	0.000612	-13.454275	-0.000612	0.999836	0.911915	
191	1.000177	0.000841	-14.373488	-0.000841	1.000177	0.921637	
192	1.000064	0.000915	-14.748648	-0.000915	1.000064	1.099529	
193	0.999710	0.000761	-15.035306	-0.000761	0.999710	1.036047	
194	0.999686	0.000912	-15.573322	-0.000912	0.999686	1.254645	
195	0.999880	0.000880	-16.426951	-0.000880	0.999880	1.337326	
196	1.000084	0.001077	-17.599726	-0.001077	1.000084	1.372431	
197	0.999453	0.000910	-18.315792	-0.000910	0.999453	1.259812	
198	1.000985	0.001696	-19.682358	-0.001696	1.000985	1.570776	
199	0.999706	0.001054	-19.567740	-0.001054	0.999706	1.431387	
200	0.999614	0.001407	-20.061860	-0.001407	0.999614	1.580149	
201	0.999467	0.001533	-20.509843	-0.001533	0.999467	1.343432	
202	0.999459	0.001714	-20.913248	-0.001714	0.999459	1.509130	
203	0.998560	0.001768	-20.103440	-0.001768	0.998560	1.806034	
204	1.000186	0.001620	-21.691649	-0.001620	1.000186	1.478052	
205	1.000293	0.001864	-21.912433	-0.001864	1.000293	1.431615	
206	1.000496	0.002082	-22.308578	-0.002082	1.000496	1.385692	
207	1.001511	0.002279	-23.248880	-0.002279	1.001511	0.916728	
208	1.000569	0.001775	-23.275268	-0.001775	1.000569	0.824011	
209	1.000788	0.002413	-23.230687	-0.002413	1.000788	1.298190	
210	1.000179	0.002323	-22.622993	-0.002323	1.000179	1.451183	
211	1.000571	0.002315	-22.690691	-0.002315	1.000571	1.128765	
212	1.000734	0.002008	-22.866828	-0.002008	1.000734	0.888390	
213	1.000483	0.001769	-23.011086	-0.001769	1.000483	0.522946	
214	0.997724	0.003377	-20.674649	-0.003377	0.997724	2.142085	
215	0.999804	0.002119	-22.564404	-0.002119	0.999804	0.745301	
216	0.999418	0.001738	-22.308068	-0.001738	0.999418	0.554504	
217	0.998743	0.001668	-21.715884	-0.001668	0.998743	0.741316	
218	0.998913	0.001419	-21.702810	-0.001419	0.998913	0.589311	
219	0.998457	0.001599	-20.824167	-0.001599	0.998457	0.803736	
220	0.997262	0.002060	-19.764251	-0.002060	0.997262	1.141471	
221	0.998432	0.001753	-20.262924	-0.001753	0.998432	0.798344	
222	0.998598	0.001651	-20.365586	-0.001651	0.998598	0.720629	
223	0.999352	0.002254	-20.569274	-0.002254	0.999352	1.381845	
224	0.998933	0.001231	-20.384256	-0.001231	0.998933	0.850984	
225	0.999406	0.001296	-20.305509	-0.001296	0.999406	0.812150	
226	0.999196	0.001117	-19.801795	-0.001117	0.999196	0.667762	
227	1.000815	0.002128	-20.077587	-0.002128	1.000815	0.751942	
228	0.998836	0.001222	-18.702950	-0.001222	0.998836	0.503727	
229	0.999354	0.002265	-18.501763	-0.002265	0.999354	1.293987	
230	1.000163	0.001693	-18.603608	-0.001693	1.000163	0.823188	
231	0.998310	0.001116	-17.081875	-0.001116	0.998310	0.616238	
232	0.997948	0.001368	-16.177605	-0.001368	0.997948	0.768065	
233	0.997442	0.002293	-14.747040	-0.002293	0.997442	1.397862	
234	0.998128	0.000871	-15.222033	-0.000871	0.998128	0.321088	
235	0.997865	0.001165	-14.539359	-0.001165	0.997865	0.650266	
236	0.997921	0.000784	-14.346969	-0.000784	0.997921	0.504889	
237	0.997717	0.001115	-13.725750	-0.001115	0.997717	0.996922	
238	0.998415	0.001198	-14.067671	-0.001198	0.998415	1.135510	
239	0.998144	0.000951	-13.335711	-0.000951	0.998144	0.899834	
240	0.997907	0.000914	-12.721623	-0.000914	0.997907	0.806541	
241	0.998056	0.000898	-12.386568	-0.000898	0.998056	0.653867	
242	0.998397	0.000827	-12.501506	-0.000827	0.998397	0.649221	
243	0.998385	0.000778	-12.307680	-0.000778	0.998385	0.518828	
244	0.998155	0.000881	-12.091308	-0.000881	0.998155	1.033994	
245	0.998507	0.000690	-12.617673	-0.000690	0.998507	0.756588	
246	0.998633	0.000667	-12.660310	-0.000667	0.998633	0.656409	
247	0.998553	0.000636	-12.511440	-0.000636	0.998553	0.804377	
248	0.998696	0.000456	-12.505303	-0.000456	0.998696	0.491806	
249	0.998640	0.000593	-12.103831	-0.000593	0.998640	0.491105	
250	0.998896	0.000417	-12.098869	-0.000417	0.998896	0.355745	
251	0.998914	0.000405	-12.021530	-0.000405	0.998914	0.502168	
252	0.998781	0.000535	-11.714992	-0.000535	0.998781	0.570588	
253	0.999023	0.000479	-11.688234	-0.000479	0.999023	0.477978	
254	0.998818	0.000610	-11.328461	-0.000610	0.998818	0.831824	
255	0.998907	0.000440	-11.632768	-0.000440	0.998907	0.832488	
256	0.998824	0.000688	-11.477719	-0.000688	0.998824	0.838848	
257	0.999009	0.000703	-11.437918	-0.000703	0.999009	0.543278	
258	0.998912	0.000470	-11.268040	-0.000470	0.998912	0.390265	
259	0.998897	0.000403	-11.012846	-0.000403	0.998897	0.673240	
260	0.998858	0.000461	-10.883941	-0.000461	0.998858	0.832319	
261	0.998800	0.000387	-10.522144	-0.000387	0.998800	0.613013	
262	0.998877	0.000479	-10.448483	-0.000479	0.998877	0.524164	
263	0.998971	0.000549	-10.490299	-0.000549	0.998971	0.565561	
264	0.999255	0.000610	-10.833463	-0.000610	0.999255	0.620123	
265	0.999294	0.000604	-11.069097	-0.000604	0.999294	0.662495	
266	0.999308	0.000532	-11.320419	-0.000532	0.999308	0.658469	
267	0.999237	0.000334	-11.090996	-0.000334	0.999237	0.512076	
268	0.999212	0.000409	-11.131572	-0.000409	0.999212	0.534384	
269	0.999278	0.000328	-11.188392	-0.000328	0.999278	0.410382	
270	0.999230	0.000332	-11.227820	-0.000332	0.999230	0.467975	
271	0.999205	0.000468	-11.285115	-0.000468	0.999205	0.647731	
272	0.999155	0.000622	-10.931269	-0.000622	0.999155	0.858061	
273	0.999581	0.000532	-10.829430	-0.000532	0.999581	0.651753	
274	0.999653	0.000636	-10.536999	-0.000636	0.999653	0.695917	
275	0.999941	0.000639	-10.367454	-0.000639	0.999941	0.532290	
276	0.999884	0.000542	-10.009653	-0.000542	0.999884	0.494405	
277	1.000327	0.000468	-10.050719	-0.000468	1.000327	0.124917	
278	1.000339	0.000375	-9.895452	-0.000375	1.000339	-0.023819	
279	1.000400	0.000388	-9.809018	-0.000388	1.000400	-0.017752	
280	1.000412	0.000466	-9.823952	-0.000466	1.000412	0.093072	
281	1.000567	0.000472	-9.850773	-0.000472	1.000567	0.044722	
282	0.994752	-0.000900	-2.760707	0.000900	0.994752	0.195673	
283	1.000525	0.000649	-9.493569	-0.000649	1.000525	0.043219	
284	1.000862	0.000435	-9.675502	-0.000435	1.000862	-0.239393	
285	1.000864	0.000438	-9.591424	-0.000438	1.000864	-0.114182	
286	1.000877	0.000406	-9.562236	-0.000406	1.000877	-0.149456	
287	1.001021	0.000427	-9.576736	-0.000427	1.001021	-0.289761	
288	1.001240	0.000416	-9.501464	-0.000416	1.001240	-0.416413	
289	1.001334	0.000373	-9.380571	-0.000373	1.001334	-0.183818	
290	1.001433	0.000370	-9.405419	-0.000370	1.001433	-0.174450	
291	1.001310	0.000525	-9.353923	-0.000525	1.001310	-0.055331	
292	1.001479	0.000377	-9.305617	-0.000377	1.001479	-0.381842	
293	0.997177	-0.000436	-3.932061	0.000436	0.997177	-0.138655	
294	0.997533	-0.000505	-4.207693	0.000505	0.997533	-0.248564	
295	1.001263	0.000376	-8.534129	-0.000376	1.001263	-0.220727	
296	1.000920	0.000189	-8.165104	-0.000189	1.000920	-0.374268	
297	0.996853	-0.000589	-3.750142	0.000589	0.996853	-0.220144	
298	1.000913	0.000263	-8.760208	-0.000263	1.000913	-0.374836	
299	1.000739	0.000332	-8.797678	-0.000332	1.000739	-0.172475	
300	1.000832	0.000441	-8.750595	-0.000441	1.000832	-0.152054	
301	1.000931	0.000399	-8.471840	-0.000399	1.000931	-0.011840	
302	1.000818	0.000372	-8.144629	-0.000372	1.000818	0.035825	
303	1.000814	0.000271	-7.880090	-0.000271	1.000814	-0.165618	
304	1.000853	0.000238	-8.034659	-0.000238	1.000853	-0.207215	
305	1.000834	0.000269	-8.340072	-0.000269	1.000834	-0.082571	
306	1.000889	0.000355	-8.632402	-0.000355	1.000889	-0.003034	
307	1.000949	0.000362	-8.762266	-0.000362	1.000949	0.112481	
308	1.000647	0.000276	-8.753648	-0.000276	1.000647	0.146376	
309	1.000601	0.000302	-9.048906	-0.000302	1.000601	-0.017810	
310	1.000625	0.000289	-9.148369	-0.000289	1.000625	-0.034112	
311	1.000659	0.000466	-9.300150	-0.000466	1.000659	0.163930	
312	1.000565	0.000362	-9.028822	-0.000362	1.000565	0.245285	
313	0.998168	-0.000218	-6.008338	0.000218	0.998168	0.177029	
314	1.000599	0.000609	-8.604665	-0.000609	1.000599	0.263118	
315	1.000770	0.000558	-8.284036	-0.000558	1.000770	0.116166	
316	0.997585	-0.000528	-3.790366	0.000528	0.997585	0.159876	
317	1.000801	0.000444	-7.049958	-0.000444	1.000801	0.187967	
318	0.998098	-0.000394	-3.474944	0.000394	0.998098	0.053869	
319	0.998955	-0.000232	-4.135861	0.000232	0.998955	-0.144222	
320	0.998554	-0.000269	-3.551878	0.000269	0.998554	-0.079704	
321	0.999114	-0.000200	-3.940972	0.000200	0.999114	-0.118161	
322	0.998971	-0.000186	-3.721859	0.000186	0.998971	-0.142946	
323	0.999023	-0.000239	-3.641579	0.000239	0.999023	-0.172036	
324	0.998612	-0.000273	-3.154378	0.000273	0.998612	-0.066528	
325	0.999087	-0.000226	-3.523284	0.000226	0.999087	-0.186858	
326	0.999054	-0.000184	-3.272530	0.000184	0.999054	-0.147751	
327	0.999107	-0.000182	-3.148349	0.000182	0.999107	-0.055313	
328	0.999004	-0.000178	-3.057039	0.000178	0.999004	-0.010990	
329	0.999032	-0.000115	-2.929084	0.000115	0.999032	-0.002755	
330	0.999196	-0.000116	-2.752998	0.000116	0.999196	0.006258	
331	0.999127	-0.000154	-2.607025	0.000154	0.999127	-0.127884	
332	0.999083	-0.000129	-2.515205	0.000129	0.999083	0.011626	
333	0.999015	-0.000202	-2.464938	0.000202	0.999015	-0.077677	
334	0.998935	-0.000164	-2.524565	0.000164	0.998935	-0.057317	
335	0.998970	-0.000097	-2.611382	0.000097	0.998970	-0.098704	
336	0.999018	-0.000232	-2.749434	0.000232	0.999018	0.021179	
337	0.998634	-0.000275	-2.743331	0.000275	0.998634	-0.006936	
338	0.998787	-0.000163	-2.962681	0.000163	0.998787	0.057595	
339	0.998820	-0.000173	-2.918761	0.000173	0.998820	0.063594	
340	0.998812	-0.000253	-2.953830	0.000253	0.998812	0.022200	
341	0.998762	-0.000249	-2.812233	0.000249	0.998762	0.034414	
342	0.998816	-0.000259	-2.893895	0.000259	0.998816	-0.019115	
343	0.998895	-0.000181	-3.006091	0.000181	0.998895	0.032991	
344	0.998854	-0.000218	-2.816579	0.000218	0.998854	0.050216	
345	0.998921	-0.000244	-2.721124	0.000244	0.998921	0.043486	
346	0.999040	-0.000110	-2.410786	0.000110	0.999040	0.117437	
347	0.999079	-0.000303	-2.222577	0.000303	0.999079	0.092252	
348	0.999040	-0.000182	-2.347378	0.000182	0.999040	0.080827	
349	0.998906	-0.000164	-2.060981	0.000164	0.998906	0.083765	
350	0.998913	-0.000194	-1.844583	0.000194	0.998913	0.096543	
351	0.998988	-0.000206	-1.825675	0.000206	0.998988	0.076721	
352	0.998962	-0.000186	-1.808390	0.000186	0.998962	0.098775	
353	0.998965	-0.000118	-1.799174	0.000118	0.998965	0.118028	
354	0.998986	-0.000197	-1.688716	0.000197	0.998986	0.056218	
355	0.999105	-0.000106	-1.596184	0.000106	0.999105	0.179027	
356	0.999198	-0.000103	-1.389311	0.000103	0.999198	0.163848	
357	0.999258	-0.000006	-1.224462	0.000006	0.999258	0.143900	
358	0.999489	-0.000041	-0.944481	0.000041	0.999489	0.100373	
359	0.999536	0.000041	-0.708426	-0.000041	0.999536	0.113131	
360	0.999741	0.000079	-0.611233	-0.000079	0.999741	0.150932	
361	0.999794	0.000030	-0.359942	-0.000030	0.999794	0.215491	
362	0.999892	0.000115	-0.147827	-0.000115	0.999892	0.130411	
363	0.999993	0.000123	0.189008	-0.000123	0.999993	0.022463	
364	1.000050	0.000099	0.121363	-0.000099	1.000050	0.018669	
365	1.000078	0.000091	0.160615	-0.000091	1.000078	0.104169	
366	1.000096	0.000114	0.312097	-0.000114	1.000096	0.056226	
367	1.000196	0.000147	0.443133	-0.000147	1.000196	0.052827	
368	1.000347	0.000218	0.588088	-0.000218	1.000347	0.078263	
369	1.000467	0.000173	0.788109	-0.000173	1.000467	0.060359	
370	1.000575	0.000239	0.953581	-0.000239	1.000575	0.062043	
371	1.000593	0.000245	1.187257	-0.000245	1.000593	0.006030	
372	1.000663	0.000169	1.279917	-0.000169	1.000663	-0.046068	
373	1.000668	0.000139	1.302865	-0.000139	1.000668	-0.032828	
374	1.000685	0.000146	1.256921	-0.000146	1.000685	-0.028366	
375	1.000599	0.000116	1.274994	-0.000116	1.000599	-0.095355	
376	1.000578	0.000146	1.081737	-0.000146	1.000578	-0.069128	
377	1.000510	0.000173	1.113032	-0.000173	1.000510	-0.038894	
378	1.000501	0.000160	1.135921	-0.000160	1.000501	-0.032506	
379	1.000619	0.000234	1.231881	-0.000234	1.000619	-0.129397	
380	1.000684	0.000236	1.377131	-0.000236	1.000684	-0.159200	
381	1.000743	0.000255	1.308669	-0.000255	1.000743	-0.169097	
382	1.000802	0.000227	1.471956	-0.000227	1.000802	-0.038185	
383	1.000699	0.000297	1.589954	-0.000297	1.000699	-0.181590	
384	1.000753	0.000311	1.565507	-0.000311	1.000753	-0.311443	
385	1.000774	0.000288	1.533218	-0.000288	1.000774	-0.343692	
386	1.000696	0.000260	1.470203	-0.000260	1.000696	-0.236467	
387	1.000682	0.000405	1.435624	-0.000405	1.000682	-0.168543	
388	1.000645	0.000312	1.624849	-0.000312	1.000645	-0.321318	
389	1.000811	0.000302	1.522740	-0.000302	1.000811	-0.241078	
390	1.000741	0.000321	1.627805	-0.000321	1.000741	-0.139431	
391	1.000769	0.000326	1.593162	-0.000326	1.000769	-0.227335	
392	1.000709	0.000361	1.639083	-0.000361	1.000709	-0.229692	
393	1.000782	0.000437	1.819176	-0.000437	1.000782	-0.217818	
394	1.000736	0.000377	1.927813	-0.000377	1.000736	-0.304805	
395	1.000848	0.000362	1.822210	-0.000362	1.000848	-0.366843	
396	1.000954	0.000311	1.796204	-0.000311	1.000954	-0.156136	
397	1.000942	0.000337	1.835689	-0.000337	1.000942	-0.179944	
398	1.000892	0.000358	1.957659	-0.000358	1.000892	-0.277998	
399	1.001077	0.000450	1.901727	-0.000450	1.001077	-0.238198	
400	1.001072	0.000341	1.987845	-0.000341	1.001072	-0.227825	
401	1.001041	0.000367	1.977088	-0.000367	1.001041	-0.192408	
402	1.001076	0.000291	1.948685	-0.000291	1.001076	-0.256974	
403	1.001157	0.000318	1.811577	-0.000318	1.001157	-0.160276	
404	1.001069	0.000278	1.903314	-0.000278	1.001069	-0.052790	
405	1.001129	0.000335	1.853216	-0.000335	1.001129	-0.198537	
406	1.001004	0.000454	2.059901	-0.000454	1.001004	-0.182471	
407	1.001039	0.000421	1.899385	-0.000421	1.001039	-0.339775	
408	1.001056	0.000354	1.749968	-0.000354	1.001056	-0.257777	
409	1.000909	0.000270	1.691968	-0.000270	1.000909	-0.215424	
410	1.000740	0.000179	1.400493	-0.000179	1.000740	-0.272917	
411	1.000706	0.000130	1.124561	-0.000130	1.000706	-0.306584	
412	1.000492	0.000096	1.028672	-0.000096	1.000492	-0.049560	
413	1.000418	0.000028	0.836449	-0.000028	1.000418	0.062573	
414	1.000404	0.000057	0.643746	-0.000057	1.000404	0.108425	
415	1.000287	0.000164	0.686401	-0.000164	1.000287	0.049761	
416	1.000301	0.000167	0.734953	-0.000167	1.000301	0.056690	
417	1.000392	0.000060	0.733185	-0.000060	1.000392	0.117257	
418	1.000531	0.000087	0.708893	-0.000087	1.000531	0.139804	
419	1.000425	0.000123	0.879964	-0.000123	1.000425	0.042646	
420	1.000481	0.000065	0.799316	-0.000065	1.000481	-0.022631	
421	1.000417	0.000048	0.712924	-0.000048	1.000417	0.046263	
422	1.000400	0.000088	0.655188	-0.000088	1.000400	0.062994	
423	1.000242	0.000002	0.625938	-0.000002	1.000242	0.119976	
424	1.000096	-0.000033	0.521456	0.000033	1.000096	-0.039772	
425	1.000120	0.000091	0.458588	-0.000091	1.000120	-0.059766	
426	1.000172	0.000079	0.443612	-0.000079	1.000172	-0.005197	
427	1.000174	0.000026	0.482160	-0.000026	1.000174	0.182975	
428	1.000151	-0.000008	0.558031	0.000008	1.000151	0.110647	
429	1.000109	0.000046	0.586042	-0.000046	1.000109	0.023607	
430	1.000334	0.000113	0.578671	-0.000113	1.000334	0.076986	
431	1.000322	0.000042	0.859051	-0.000042	1.000322	0.165505	
432	1.000464	0.000098	0.951366	-0.000098	1.000464	0.085491	
433	1.000594	0.000167	1.157972	-0.000167	1.000594	-0.001879	
434	1.000688	0.000145	1.405453	-0.000145	1.000688	-0.039849	
435	1.000768	0.000091	1.397551	-0.000091	1.000768	-0.046112	
436	1.000811	0.000090	1.411780	-0.000090	1.000811	0.029460	
437	1.000689	0.000111	1.401116	-0.000111	1.000689	-0.048289	
438	1.000687	0.000151	1.445051	-0.000151	1.000687	-0.002411	
439	1.000697	0.000180	1.410970	-0.000180	1.000697	0.069217	
440	1.000790	0.000176	1.439605	-0.000176	1.000790	0.044322	
441	1.000795	0.000120	1.544607	-0.000120	1.000795	-0.026503	
442	1.000785	0.000106	1.504025	-0.000106	1.000785	-0.054162	
443	1.000719	0.000094	1.376813	-0.000094	1.000719	-0.031051	
444	1.000746	0.000126	1.367543	-0.000126	1.000746	-0.029731	
445	1.000752	0.000158	1.505076	-0.000158	1.000752	-0.053990	
446	1.000853	0.000257	1.574036	-0.000257	1.000853	-0.023722	
447	1.000921	0.000060	1.736868	-0.000060	1.000921	-0.001339	
448	1.000886	0.000068	1.839836	-0.000068	1.000886	0.000946	
449	1.000917	0.000167	1.856184	-0.000167	1.000917	-0.073205	
450	1.000933	0.000138	1.928382	-0.000138	1.000933	-0.101515	
451	1.000930	0.000139	1.899119	-0.000139	1.000930	-0.060341	
452	1.000896	0.000161	1.899502	-0.000161	1.000896	-0.022913	
453	1.000920	0.000158	1.943844	-0.000158	1.000920	0.064352	
454	1.000842	0.000126	2.090624	-0.000126	1.000842	0.007103	
455	1.000929	0.000139	2.101582	-0.000139	1.000929	-0.104656	
456	1.001015	0.000028	2.085647	-0.000028	1.001015	-0.054226	
457	1.000821	0.000041	2.126209	-0.000041	1.000821	-0.003762	
458	1.000840	0.000094	1.992730	-0.000094	1.000840	-0.051171	
459	1.000834	0.000124	2.012923	-0.000124	1.000834	-0.018557	
460	1.000976	0.000134	1.927549	-0.000134	1.000976	-0.048981	
461	1.001087	0.000143	1.856380	-0.000143	1.001087	0.056332	
462	1.001016	0.000100	1.924203	-0.000100	1.001016	0.007441	
463	1.001096	0.000063	1.983991	-0.000063	1.001096	-0.149113	
464	1.001414	0.000287	1.981190	-0.000287	1.001414	-0.021005	
465	1.001619	0.000225	2.021439	-0.000225	1.001619	-0.071454	
466	1.001473	0.000149	2.388257	-0.000149	1.001473	-0.110319	
467	1.001477	0.000229	2.343261	-0.000229	1.001477	-0.012792	
468	1.001401	0.000142	2.317678	-0.000142	1.001401	-0.109474	
469	1.001233	0.000102	2.387692	-0.000102	1.001233	-0.098013	
470	1.001224	0.000136	2.225227	-0.000136	1.001224	-0.093411	
471	1.001109	0.000119	2.174519	-0.000119	1.001109	-0.020961	
472	1.001114	0.000145	2.095964	-0.000145	1.001114	-0.015470	
473	1.001184	0.000166	2.078510	-0.000166	1.001184	0.042949	
474	1.001081	0.000093	2.167787	-0.000093	1.001081	0.008283	
475	1.001128	0.000073	2.180971	-0.000073	1.001128	-0.000844	
476	1.001223	0.000063	2.062281	-0.000063	1.001223	0.066000	
477	1.001177	0.000077	2.041987	-0.000077	1.001177	0.193550	
478	1.001166	0.000089	2.055903	-0.000089	1.001166	0.228167	
479	1.001149	0.000056	2.097104	-0.000056	1.001149	0.166346	
480	1.001127	0.000018	1.993289	-0.000018	1.001127	0.165421	
481	1.001049	0.000015	2.067141	-0.000015	1.001049	0.326531	
482	1.001125	-0.000029	1.931664	0.000029	1.001125	0.355033	
483	1.001085	-0.000047	1.931573	0.000047	1.001085	0.340413	
484	1.001034	0.000051	1.950406	-0.000051	1.001034	0.383458	
485	1.001171	-0.000068	2.014329	0.000068	1.001171	0.402643	
486	1.001067	0.000023	2.025191	-0.000023	1.001067	0.456057	
487	1.001063	0.000032	1.949491	-0.000032	1.001063	0.205793	
488	1.001174	0.000086	1.881135	-0.000086	1.001174	0.224963	
489	1.001095	0.000061	1.981735	-0.000061	1.001095	0.162833	
490	1.001128	-0.000086	1.867701	0.000086	1.001128	0.097522	
491	1.001030	-0.000018	1.960757	0.000018	1.001030	0.132780	
492	1.000997	0.000077	1.934320	-0.000077	1.000997	0.082647	
493	1.001038	0.000126	1.843943	-0.000126	1.001038	0.152499	
494	1.000931	0.000114	1.875622	-0.000114	1.000931	0.146270	
495	1.000941	0.000092	1.792152	-0.000092	1.000941	0.090863	
496	1.000948	0.000106	1.849525	-0.000106	1.000948	-0.018238	
497	1.000889	0.000093	1.869751	-0.000093	1.000889	-0.056319	
498	1.000911	0.000104	1.760748	-0.000104	1.000911	-0.091033	
499	1.000927	0.000104	1.767351	-0.000104	1.000927	-0.098853	
500	1.000957	0.000104	1.746340	-0.000104	1.000957	-0.109602	
501	1.000911	0.000171	1.854327	-0.000171	1.000911	-0.096224	
502	1.001018	0.000181	1.839537	-0.000181	1.001018	-0.026299	
503	1.000968	0.000103	1.949778	-0.000103	1.000968	-0.007065	
504	1.000997	0.000096	1.960201	-0.000096	1.000997	-0.005929	
505	1.000883	0.000108	1.947125	-0.000108	1.000883	-0.078889	
506	1.000889	0.000134	1.849772	-0.000134	1.000889	-0.058037	
507	1.000807	0.000137	1.714532	-0.000137	1.000807	-0.097810	
508	1.000771	-0.000082	1.546696	0.000082	1.000771	-0.066620	
509	1.000646	0.000115	1.666824	-0.000115	1.000646	0.093133	
510	1.000750	0.000159	1.576152	-0.000159	1.000750	0.013655	
511	1.000755	0.000117	1.482468	-0.000117	1.000755	-0.009661	
512	1.000734	0.000048	1.443464	-0.000048	1.000734	-0.036749	
513	1.000699	0.000052	1.360669	-0.000052	1.000699	-0.059535	
514	1.000736	0.000120	1.291441	-0.000120	1.000736	-0.017153	
515	1.000690	0.000073	1.294605	-0.000073	1.000690	-0.094849	
516	1.000829	0.000137	1.384183	-0.000137	1.000829	-0.028367	
517	1.000864	0.000098	1.627085	-0.000098	1.000864	0.129168	
518	1.001020	0.000188	1.741411	-0.000188	1.001020	0.163719	
519	1.001124	0.000207	1.966830	-0.000207	1.001124	0.042351	
520	1.001164	0.000163	2.078987	-0.000163	1.001164	-0.019672	
521	1.001230	0.000139	2.007082	-0.000139	1.001230	0.030651	
522	1.001333	0.000123	2.064781	-0.000123	1.001333	0.026707	
523	1.001437	0.000172	2.133391	-0.000172	1.001437	0.124612	
524	1.001538	0.000118	2.310524	-0.000118	1.001538	0.074177	
525	1.001486	0.000149	2.514551	-0.000149	1.001486	0.035223	
526	1.001603	0.000120	2.575165	-0.000120	1.001603	0.023030	
527	1.001590	0.000194	2.795237	-0.000194	1.001590	0.084712	
528	1.001817	0.000146	2.808195	-0.000146	1.001817	0.041480	
529	1.001718	0.000170	2.981189	-0.000170	1.001718	0.013769	
530	1.001875	0.000149	2.920882	-0.000149	1.001875	-0.026582	
531	1.001899	0.000159	2.990400	-0.000159	1.001899	0.051546	
532	1.002274	0.000137	2.647674	-0.000137	1.002274	-0.023617	
533	1.002038	0.000173	3.178174	-0.000173	1.002038	0.038710	
534	1.002089	0.000203	3.111066	-0.000203	1.002089	-0.046845	
535	1.002237	0.000262	3.169717	-0.000262	1.002237	0.032478	
536	1.002507	0.000224	3.485908	-0.000224	1.002507	0.068568	
537	1.001349	-0.000103	5.119600	0.000103	1.001349	0.051970	
538	1.003746	0.000029	2.578908	-0.000029	1.003746	-0.319248	
539	1.000637	-0.000212	6.235229	0.000212	1.000637	-0.005166	
540	1.001856	-0.000062	4.990010	0.000062	1.001856	-0.165526	
541	1.003711	0.000373	2.684372	-0.000373	1.003711	-0.236925	
542	1.003859	0.000295	2.554221	-0.000295	1.003859	-0.233528	
543	1.000611	-0.000267	6.247356	0.000267	1.000611	-0.067407	
544	1.002634	0.000133	4.053028	-0.000133	1.002634	-0.067594	
545	1.002961	0.000242	3.993059	-0.000242	1.002961	-0.057876	
546	1.004664	0.000541	2.843266	-0.000541	1.004664	-0.083371	
547	1.003511	0.000326	4.631317	-0.000326	1.003511	-0.105163	
548	1.000916	-0.000276	8.107041	0.000276	1.000916	-0.055100	
549	1.000917	-0.000309	8.771895	0.000309	1.000917	0.098810	
550	1.000992	-0.000293	9.583548	0.000293	1.000992	0.012123	
551	1.001007	-0.000482	10.436650	0.000482	1.001007	-0.017665	
552	1.001146	-0.000565	11.082915	0.000565	1.001146	-0.089872	
553	1.001365	-0.000673	11.688268	0.000673	1.001365	-0.406123	
554	1.001275	-0.000661	12.692518	0.000661	1.001275	-0.311658	
555	1.001360	-0.000596	13.305310	0.000596	1.001360	-0.224419	
556	1.001257	-0.000532	14.073564	0.000532	1.001257	0.132979	
557	1.001309	-0.000481	14.781914	0.000481	1.001309	0.342959	
558	1.001165	-0.000491	15.759667	0.000491	1.001165	0.148305	
559	1.001231	-0.000577	16.345108	0.000577	1.001231	-0.146632	
560	1.001485	-0.000799	16.929337	0.000799	1.001485	-0.298969	
561	1.001527	-0.001061	17.660121	0.001061	1.001527	-0.458997	
562	1.002424	-0.001190	17.481879	0.001190	1.002424	-0.700837	
563	1.002051	-0.001515	18.824562	0.001515	1.002051	-0.824415	
564	1.001568	-0.001151	19.960082	0.001151	1.001568	-0.532111	
565	1.002007	-0.001227	20.484478	0.001227	1.002007	-0.433827	
566	1.001052	-0.000908	21.783726	0.000908	1.001052	0.010747	
567	1.001362	-0.001026	22.045276	0.001026	1.001362	-0.161513	
568	1.001348	-0.000852	22.629745	0.000852	1.001348	0.115117	
569	1.001435	-0.000925	22.951661	0.000925	1.001435	0.149037	
570	1.001266	-0.001356	23.121172	0.001356	1.001266	0.108032	
571	1.001703	-0.001290	22.903774	0.001290	1.001703	0.204908	
572	1.002317	-0.001488	22.676511	0.001488	1.002317	-0.062639	
573	1.003115	-0.001777	22.453968	0.001777	1.003115	-0.121735	
574	1.003003	-0.002189	22.996324	0.002189	1.003003	-0.115676	
575	1.003077	-0.002613	23.096121	0.002613	1.003077	-0.457362	
576	1.002129	-0.002460	23.566626	0.002460	1.002129	0.052186	
577	1.003029	-0.001770	22.887063	0.001770	1.003029	0.582308	
578	1.002125	-0.001415	23.461261	0.001415	1.002125	0.989452	
579	1.001958	-0.001457	23.406927	0.001457	1.001958	1.037127	
580	1.001463	-0.001265	23.324789	0.001265	1.001463	1.113173	
581	1.001155	-0.001495	23.308104	0.001495	1.001155	0.914527	
582	1.000747	-0.001213	23.340414	0.001213	1.000747	0.768661	
583	1.000856	-0.001828	22.566132	0.001828	1.000856	0.295190	
584	1.000621	-0.001228	22.426230	0.001228	1.000621	0.798926	
585	1.000644	-0.001333	21.910544	0.001333	1.000644	0.638696	
586	1.000515	-0.001120	21.636446	0.001120	1.000515	0.651880	
587	0.999679	-0.001298	21.616158	0.001298	0.999679	0.469861	
588	1.001072	-0.001248	20.590990	0.001248	1.001072	0.542888	
589	1.000301	-0.001277	20.730060	0.001277	1.000301	0.333249	
590	1.000430	-0.001116	20.598370	0.001116	1.000430	0.261296	
591	0.999912	-0.001531	20.795783	0.001531	0.999912	-0.112485	
592	1.000332	-0.001759	20.113618	0.001759	1.000332	-0.437272	
593	1.000360	-0.001376	19.980229	0.001376	1.000360	-0.357144	
594	1.000281	-0.002041	19.760088	0.002041	1.000281	-0.761523	
595	1.000392	-0.001708	19.516680	0.001708	1.000392	-0.510762	
596	1.000726	-0.001516	19.145343	0.001516	1.000726	-0.265714	
597	1.000780	-0.001556	18.674350	0.001556	1.000780	-0.305546	
598	1.000813	-0.001337	18.118385	0.001337	1.000813	-0.300030	
599	1.000659	-0.001229	17.931160	0.001229	1.000659	-0.292189	
600	1.000124	-0.001509	17.854666	0.001509	1.000124	-0.530362	
601	1.000439	-0.001806	17.058554	0.001806	1.000439	-0.827120	
602	0.999443	-0.001422	17.216447	0.001422	0.999443	-0.386177	
603	1.000273	-0.001754	16.177731	0.001754	1.000273	-0.671623	
604	1.000035	-0.001525	15.948833	0.001525	1.000035	-0.486144	
605	1.000228	-0.001656	15.690640	0.001656	1.000228	-0.364696	
606	1.000023	-0.001369	15.677744	0.001369	1.000023	-0.199725	
607	1.000191	-0.001375	15.396647	0.001375	1.000191	-0.450301	
608	1.000185	-0.001274	15.201829	0.001274	1.000185	-0.555171	
609	0.999832	-0.001067	14.771393	0.001067	0.999832	-0.549940	
610	0.999668	-0.000899	13.835354	0.000899	0.999668	-0.577595	
611	0.999248	-0.001035	12.913577	0.001035	0.999248	-0.587294	
612	0.999428	-0.000788	11.786431	0.000788	0.999428	-0.552028	
613	0.999682	-0.001102	10.451024	0.001102	0.999682	-0.725850	
614	0.999743	-0.001061	9.514138	0.001061	0.999743	-0.682060	
615	0.999954	-0.001062	8.592075	0.001062	0.999954	-0.765015	
616	1.000302	-0.000743	7.827596	0.000743	1.000302	-0.604169	
617	1.000651	-0.000739	6.942556	0.000739	1.000651	-0.926370	
618	1.000407	-0.000418	6.414001	0.000418	1.000407	-0.687328	
619	1.001769	-0.000421	4.353004	0.000421	1.001769	-0.740736	
620	1.001675	-0.000153	3.698616	0.000153	1.001675	-0.619769	
621	1.001578	-0.000271	3.093152	0.000271	1.001578	-0.743963	
622	1.001740	-0.000218	2.322827	0.000218	1.001740	-0.706556	
623	1.001614	-0.000265	1.900240	0.000265	1.001614	-0.751958	
624	1.001389	-0.000291	1.575062	0.000291	1.001389	-0.685572	
625	1.001503	-0.000193	1.056663	0.000193	1.001503	-0.700440	
626	1.001474	-0.000185	0.668063	0.000185	1.001474	-0.730854	
627	1.001432	-0.000134	0.237671	0.000134	1.001432	-0.770468	
628	1.001202	-0.000070	-0.148053	0.000070	1.001202	-0.640911	
629	1.001197	0.000041	-0.589653	-0.000041	1.001197	-0.583176	
630	1.001080	-0.000011	-0.832020	0.000011	1.001080	-0.597430	
631	1.001115	-0.000080	-0.841427	0.000080	1.001115	-0.547781	
632	1.001178	-0.000104	-0.947924	0.000104	1.001178	-0.555818	
633	1.001228	-0.000156	-1.127817	0.000156	1.001228	-0.742381	
634	1.001049	-0.000172	-1.580457	0.000172	1.001049	-0.912129	
635	1.000883	-0.000107	-2.253174	0.000107	1.000883	-0.798242	
636	1.000303	-0.000080	-2.732677	0.000080	1.000303	-0.594016	
637	1.000220	0.000080	-3.218597	-0.000080	1.000220	-0.540076	
638	1.000176	-0.000043	-3.567766	0.000043	1.000176	-0.585600	
639	1.000262	0.000044	-4.003314	-0.000044	1.000262	-0.567249	
640	1.000207	0.000097	-4.239645	-0.000097	1.000207	-0.455170	
641	1.000045	-0.000044	-4.521360	0.000044	1.000045	-0.484800	
642	0.999756	-0.000014	-4.596206	0.000014	0.999756	-0.422039	
643	0.999779	-0.000126	-4.900405	0.000126	0.999779	-0.468723	
644	0.999387	-0.000211	-5.036466	0.000211	0.999387	-0.577519	
645	0.999241	-0.000162	-5.383054	0.000162	0.999241	-0.548885	
646	1.001151	0.000065	-7.441091	-0.000065	1.001151	-0.581896	
647	1.000859	0.000146	-7.383902	-0.000146	1.000859	-0.425738	
648	1.001034	0.000083	-7.923702	-0.000083	1.001034	-0.609726	
649	1.000826	0.000293	-8.025515	-0.000293	1.000826	-0.386590	
650	1.000821	0.000109	-8.430500	-0.000109	1.000821	-0.467678	
651	1.000963	0.000043	-8.980080	-0.000043	1.000963	-0.512281	
652	1.001201	0.000144	-9.637547	-0.000144	1.001201	-0.365451	
653	1.000750	0.000217	-9.715643	-0.000217	1.000750	-0.326860	
654	1.000719	0.000005	-9.791838	-0.000005	1.000719	-0.597317	
655	1.000868	0.000180	-10.218412	-0.000180	1.000868	-0.558742	
656	1.000829	0.000309	-10.581283	-0.000309	1.000829	-0.454511	
657	0.999604	0.000445	-9.650038	-0.000445	0.999604	-0.021760	
658	1.000715	0.000407	-10.763834	-0.000407	1.000715	-0.416967	
659	1.001023	0.000634	-11.012473	-0.000634	1.001023	-0.364751	
660	1.000354	0.000756	-10.409165	-0.000756	1.000354	-0.139224	
661	1.000553	0.000509	-11.006393	-0.000509	1.000553	-0.081484	
662	1.001060	0.000232	-11.873993	-0.000232	1.001060	-0.418820	
663	1.000177	0.000308	-11.751391	-0.000308	1.000177	-0.345244	
664	1.000510	0.000481	-12.024662	-0.000481	1.000510	-0.241847	
665	0.999999	0.000729	-11.906858	-0.000729	0.999999	0.020797	
666	1.000453	0.000668	-11.830538	-0.000668	1.000453	-0.148378	
667	1.000071	0.000716	-11.375166	-0.000716	1.000071	-0.098192	
668	1.000049	0.000511	-11.092081	-0.000511	1.000049	-0.201570	
669	1.000268	0.000446	-11.169664	-0.000446	1.000268	-0.053523	
670	1.000200	0.000288	-10.974776	-0.000288	1.000200	-0.086620	
671	1.000397	0.000413	-10.898841	-0.000413	1.000397	-0.268819	
672	1.000236	0.000308	-10.234984	-0.000308	1.000236	-0.342555	
673	0.999916	0.000436	-9.810862	-0.000436	0.999916	-0.046797	
674	0.992083	0.000067	-2.559160	-0.000067	0.992083	0.352102	
675	0.999825	0.000588	-9.503184	-0.000588	0.999825	-0.077548	
676	0.994253	0.000253	-4.492817	-0.000253	0.994253	0.262510	
677	0.995946	0.000514	-5.824085	-0.000514	0.995946	0.257330	
678	1.000353	0.000640	-9.331282	-0.000640	1.000353	-0.045731	
679	1.000177	0.000571	-9.294092	-0.000571	1.000177	0.046374	
680	0.994234	0.000040	-3.619456	-0.000040	0.994234	0.226886	
681	1.000238	0.000403	-9.003263	-0.000403	1.000238	-0.238803	
682	1.000143	0.000362	-9.040721	-0.000362	1.000143	-0.319354	
683	1.000087	0.000311	-8.289010	-0.000311	1.000087	-0.258612	
684	1.000305	0.000358	-8.303959	-0.000358	1.000305	0.028010	
685	1.000074	0.000299	-7.467166	-0.000299	1.000074	-0.182051	
686	0.997798	0.000211	-4.797674	-0.000211	0.997798	-0.052721	
687	1.000515	0.000406	-7.317168	-0.000406	1.000515	-0.180704	
688	0.995755	0.000325	-2.494723	-0.000325	0.995755	0.138135	
689	0.996024	0.000369	-2.528312	-0.000369	0.996024	0.299753	
690	0.996233	0.000339	-2.682913	-0.000339	0.996233	0.234811	
691	0.997344	0.000491	-3.696834	-0.000491	0.997344	0.170698	
692	1.000308	0.000353	-6.186545	-0.000353	1.000308	-0.158036	
693	0.998267	0.000358	-4.105359	-0.000358	0.998267	-0.040448	
694	1.000436	0.000244	-6.260139	-0.000244	1.000436	-0.368183	
695	0.998352	0.000199	-4.362326	-0.000199	0.998352	-0.041324	
696	1.000584	-0.000016	-6.774917	0.000016	1.000584	-0.505021	
697	0.998533	0.000015	-4.750363	-0.000015	0.998533	-0.266960	
698	1.000348	0.000265	-6.688396	-0.000265	1.000348	-0.225721	
699	1.000596	0.000199	-7.079772	-0.000199	1.000596	-0.376299	
700	1.000618	0.000291	-6.990903	-0.000291	1.000618	-0.389326	
701	1.000591	0.000392	-6.941730	-0.000392	1.000591	-0.307575	
702	1.000629	0.000346	-6.917201	-0.000346	1.000629	-0.315302	
703	1.000510	0.000150	-6.520534	-0.000150	1.000510	-0.506327	
704	0.998713	0.000154	-4.493626	-0.000154	0.998713	-0.229584	
705	0.999075	0.000065	-4.268241	-0.000065	0.999075	-0.016758	
706	0.998439	0.000077	-3.129961	-0.000077	0.998439	0.063162	
707	0.999489	0.000203	-3.453755	-0.000203	0.999489	-0.020769	
708	0.999601	0.000196	-2.653212	-0.000196	0.999601	-0.001721	
709	0.999759	0.000116	-2.188000	-0.000116	0.999759	-0.050084	
710	1.000081	0.000115	-2.108666	-0.000115	1.000081	-0.143262	
711	1.000245	0.000164	-1.871132	-0.000164	1.000245	-0.270984	
712	1.000322	0.000035	-1.700437	-0.000035	1.000322	-0.291894	
713	1.000286	-0.000019	-1.273581	0.000019	1.000286	-0.273040	
714	1.000366	-0.000006	-1.053762	0.000006	1.000366	-0.101090	
715	1.000725	0.000047	-0.842663	-0.000047	1.000725	-0.007355	
716	1.000966	0.000031	-0.589912	-0.000031	1.000966	-0.058602	
717	1.001004	0.000029	-0.585580	-0.000029	1.001004	-0.042043	
718	1.001033	0.000063	-0.564375	-0.000063	1.001033	-0.088374	
719	1.001199	0.000019	-0.616900	-0.000019	1.001199	-0.094232	
720	1.001277	-0.000015	-0.675822	0.000015	1.001277	-0.101523	
721	1.001352	-0.000111	-0.692186	0.000111	1.001352	0.021442	
722	1.001338	-0.000141	-0.699080	0.000141	1.001338	-0.044019	
723	1.001428	-0.000127	-0.720735	0.000127	1.001428	-0.097527	
724	1.001417	-0.000103	-0.741260	0.000103	1.001417	-0.139422	
725	1.001328	-0.000147	-0.661814	0.000147	1.001328	-0.111011	
726	1.001336	-0.000147	-0.620507	0.000147	1.001336	-0.135146	
727	1.001264	-0.000007	-0.509613	0.000007	1.001264	-0.093196	
728	1.001381	0.000029	-0.613866	-0.000029	1.001381	-0.149689	
729	1.001426	0.000035	-0.457508	-0.000035	1.001426	-0.125048	
730	1.001676	0.000108	-0.271898	-0.000108	1.001676	-0.069636	
731	1.001894	0.000011	0.031553	-0.000011	1.001894	-0.110289	
732	1.001960	-0.000082	0.148924	0.000082	1.001960	-0.181707	
733	1.001952	-0.000025	0.284423	0.000025	1.001952	-0.228391	
734	1.002012	-0.000140	0.526354	0.000140	1.002012	-0.336825	
735	1.002126	-0.000146	0.535867	0.000146	1.002126	-0.288009	
736	1.002129	-0.000100	0.612640	0.000100	1.002129	-0.354316	
737	1.002168	-0.000063	0.524469	0.000063	1.002168	-0.408392	
738	1.002091	-0.000085	0.308820	0.000085	1.002091	-0.393969	
739	1.002043	0.000006	0.180519	-0.000006	1.002043	-0.413302	
740	1.001940	-0.000037	0.445802	0.000037	1.001940	-0.296602	
741	1.002038	-0.000074	0.740009	0.000074	1.002038	-0.310152	
742	1.001922	-0.000150	1.115915	0.000150	1.001922	-0.347637	
743	1.002246	0.000090	1.626782	-0.000090	1.002246	-0.298148	
744	1.002853	0.000117	2.652389	-0.000117	1.002853	-0.373696	
745	1.002764	0.000047	4.672755	-0.000047	1.002764	-0.292674	
746	1.006091	0.000100	3.113425	-0.000100	1.006091	-0.386710	
747	1.000936	-0.000131	8.808424	0.000131	1.000936	-0.281456	
748	1.001156	-0.000132	10.254502	0.000132	1.001156	-0.367111	
749	1.000992	-0.000270	11.486741	0.000270	1.000992	-0.322819	
750	1.000844	-0.000314	12.682082	0.000314	1.000844	-0.136419	
751	1.001098	-0.000354	12.817747	0.000354	1.001098	-0.208956	
752	1.000780	-0.000460	12.111872	0.000460	1.000780	-0.272032	
753	1.000588	-0.000367	10.065283	0.000367	1.000588	-0.436433	
754	1.000437	-0.000265	7.592729	0.000265	1.000437	-0.373843	
755	1.000575	-0.000275	5.685477	0.000275	1.000575	-0.627756	
756	1.001703	-0.000069	3.356163	0.000069	1.001703	-0.336081	
757	1.001745	-0.000107	2.653197	0.000107	1.001745	-0.294215	
758	1.001626	-0.000204	2.272017	0.000204	1.001626	-0.370892	
759	1.001496	-0.000120	2.078600	0.000120	1.001496	-0.377242	
760	1.001586	-0.000096	2.170218	0.000096	1.001586	-0.334691	
761	1.001471	-0.000209	2.349464	0.000209	1.001471	-0.382717	
762	1.001445	-0.000276	2.705574	0.000276	1.001445	-0.336564	
763	1.001627	-0.000184	2.794990	0.000184	1.001627	-0.389859	
764	1.001714	-0.000129	2.628467	0.000129	1.001714	-0.372760	
765	1.001576	-0.000020	2.388644	0.000020	1.001576	-0.349041	
766	1.001546	-0.000139	2.152703	0.000139	1.001546	-0.243257	
767	1.001470	-0.000212	2.035499	0.000212	1.001470	-0.112646	
768	1.001196	-0.000192	1.810090	0.000192	1.001196	-0.160899	
769	1.001051	-0.000215	1.555786	0.000215	1.001051	-0.223890	
770	1.001033	-0.000288	1.466030	0.000288	1.001033	-0.268833	
771	1.001182	-0.000331	1.399613	0.000331	1.001182	-0.222368	
772	1.001074	-0.000342	1.264674	0.000342	1.001074	-0.211839	
773	1.001025	-0.000310	1.224233	0.000310	1.001025	-0.182811	
774	1.001021	-0.000240	1.245279	0.000240	1.001021	-0.124008	
775	1.001096	-0.000224	1.278845	0.000224	1.001096	-0.094993	
776	1.001051	-0.000231	1.384701	0.000231	1.001051	-0.039433	
777	1.001256	-0.000195	1.331208	0.000195	1.001256	0.029546	
778	1.000996	-0.000175	1.572520	0.000175	1.000996	0.035841	
779	1.001145	-0.000159	1.528640	0.000159	1.001145	0.094871	
780	1.001253	-0.000239	1.614445	0.000239	1.001253	0.123887	
781	1.001189	-0.000305	1.814698	0.000305	1.001189	0.142324	
782	1.001196	-0.000368	1.842641	0.000368	1.001196	0.040049	
783	1.001437	-0.000162	1.650065	0.000162	1.001437	0.017285	
784	1.001294	-0.000315	1.725431	0.000315	1.001294	-0.079771	
