0	1.000000	0.000000	0.000000	0.000000	1.000000	0.000000	
1	1.000823	-0.000021	-2.256353	0.000021	1.000823	-0.033867	
2	1.001542	-0.000027	-2.595020	0.000027	1.001542	-0.237713	
3	1.001682	0.000005	-2.727928	-0.000005	1.001682	-0.259249	
4	1.001588	-0.000024	-2.635098	0.000024	1.001588	-0.252338	
5	1.001920	0.000075	-3.083418	-0.000075	1.001920	-0.324830	
6	1.001849	0.000033	-3.040004	-0.000033	1.001849	-0.315804	
7	1.002023	0.000074	-3.224674	-0.000074	1.002023	-0.350316	
8	1.002107	0.000069	-3.634177	-0.000069	1.002107	-0.419848	
9	1.002159	0.000147	-3.719461	-0.000147	1.002159	-0.350766	
10	1.001989	0.000127	-3.606079	-0.000127	1.001989	-0.288602	
11	1.002094	0.000082	-4.044012	-0.000082	1.002094	-0.406463	
12	1.001923	0.000118	-4.117737	-0.000118	1.001923	-0.343316	
13	1.002217	0.000076	-4.439623	-0.000076	1.002217	-0.437313	
14	1.001616	0.000115	-4.296290	-0.000115	1.001616	-0.260476	
15	1.001768	0.000096	-4.599676	-0.000096	1.001768	-0.236591	
16	1.001719	0.000078	-4.993376	-0.000078	1.001719	-0.267495	
17	1.001423	0.000266	-5.300840	-0.000266	1.001423	-0.026180	
18	1.001236	0.000102	-5.305162	-0.000102	1.001236	-0.071370	
19	1.001997	0.000492	-6.642198	-0.000492	1.001997	-0.065044	
20	1.000790	0.000072	-5.497411	-0.000072	1.000790	0.088201	
21	1.002795	0.000737	-7.921470	-0.000737	1.002795	-0.218976	
22	1.003315	0.000858	-8.966840	-0.000858	1.003315	-0.303920	
23	1.003312	0.000953	-9.801818	-0.000953	1.003312	-0.296110	
24	1.003895	0.001061	-11.087498	-0.001061	1.003895	-0.417898	
25	1.003629	0.001294	-12.254261	-0.001294	1.003629	-0.175813	
26	1.003929	0.001371	-13.620336	-0.001371	1.003929	-0.179509	
27	1.004490	0.001410	-15.145316	-0.001410	1.004490	-0.393234	
28	1.004742	0.001745	-16.866605	-0.001745	1.004742	-0.164046	
29	1.004106	0.001751	-17.429117	-0.001751	1.004106	0.106039	
30	1.003532	0.001790	-18.375521	-0.001790	1.003532	0.376148	
31	1.004670	0.002175	-21.047380	-0.002175	1.004670	0.228907	
32	1.004978	0.002162	-22.501646	-0.002162	1.004978	0.102131	
33	1.005176	0.002344	-23.812848	-0.002344	1.005176	0.219615	
34	1.005922	0.002770	-25.882347	-0.002770	1.005922	0.224695	
35	1.004145	0.002590	-24.939250	-0.002590	1.004145	0.809922	
36	1.006049	0.002709	-27.170379	-0.002709	1.006049	0.105424	
37	1.005912	0.002745	-27.417289	-0.002745	1.005912	0.163969	
38	1.003860	0.002981	-25.755365	-0.002981	1.003860	1.052392	
39	1.006333	0.002806	-27.383027	-0.002806	1.006333	-0.001245	
40	1.006335	0.002470	-26.532581	-0.002470	1.006335	-0.352409	
41	1.006601	0.002438	-26.553976	-0.002438	1.006601	-0.539992	
42	1.006595	0.002473	-26.152685	-0.002473	1.006595	-0.500305	
43	1.006279	0.002063	-24.574860	-0.002063	1.006279	-0.597888	
44	1.007974	0.002053	-24.621586	-0.002053	1.007974	-1.290086	
45	1.007386	0.002087	-22.885918	-0.002087	1.007386	-1.130390	
46	1.006469	0.001858	-20.369890	-0.001858	1.006469	-0.899002	
47	1.006626	0.001556	-18.614695	-0.001556	1.006626	-1.256103	
48	1.006223	0.001526	-16.611724	-0.001526	1.006223	-1.188505	
49	1.006579	0.001190	-14.925400	-0.001190	1.006579	-1.483253	
50	1.006188	0.001001	-12.953547	-0.001001	1.006188	-1.475139	
51	1.005918	0.000875	-11.365004	-0.000875	1.005918	-1.543778	
52	1.006113	0.000631	-9.981209	-0.000631	1.006113	-1.681875	
53	1.006208	0.000485	-8.824455	-0.000485	1.006208	-1.822806	
54	1.005430	0.000362	-7.267489	-0.000362	1.005430	-1.692780	
55	1.004460	-0.000021	-5.282435	0.000021	1.004460	-1.535279	
56	1.004757	-0.000037	-4.626902	0.000037	1.004757	-1.665222	
57	1.004687	-0.000030	-3.511773	0.000030	1.004687	-1.682176	
58	1.003869	-0.000016	-1.681099	0.000016	1.003869	-1.470163	
59	1.002455	-0.000023	0.486866	0.000023	1.002455	-1.004679	
60	1.000837	-0.000060	2.576070	0.000060	1.000837	-0.603639	
61	1.000585	-0.000255	3.637935	0.000255	1.000585	-0.484525	
62	0.999990	-0.000317	4.773596	0.000317	0.999990	-0.399534	
63	1.000350	-0.000057	4.996840	0.000057	1.000350	-0.467923	
64	1.000439	-0.000182	5.450452	0.000182	1.000439	-0.644995	
65	1.000617	-0.000090	5.988516	0.000090	1.000617	-0.573794	
66	0.999787	-0.000708	7.594494	0.000708	0.999787	-0.778563	
67	0.999642	-0.000742	7.934957	0.000742	0.999642	-0.768836	
68	0.999659	-0.000620	7.899500	0.000620	0.999659	-0.696975	
69	0.999880	-0.000618	7.951258	0.000618	0.999880	-0.787129	
70	0.999805	-0.000615	8.015094	0.000615	0.999805	-0.757077	
71	0.999994	-0.000617	7.875638	0.000617	0.999994	-0.873952	
72	1.000050	-0.000543	7.543191	0.000543	1.000050	-0.796975	
73	1.000997	-0.000030	6.390375	0.000030	1.000997	-0.719219	
74	1.000142	-0.000782	7.489974	0.000782	1.000142	-0.956879	
75	0.999854	-0.000823	7.340042	0.000823	0.999854	-0.892955	
76	0.999971	-0.000825	7.198675	0.000825	0.999971	-0.953597	
77	1.000105	-0.000860	7.151000	0.000860	1.000105	-0.986114	
78	1.000096	-0.000829	6.838479	0.000829	1.000096	-0.948472	
79	1.000770	-0.000320	5.882068	0.000320	1.000770	-0.763094	
80	0.999794	-0.000739	6.522489	0.000739	0.999794	-0.720033	
81	1.000744	-0.000087	4.896250	0.000087	1.000744	-0.517422	
82	1.000920	-0.000051	4.552041	0.000051	1.000920	-0.538292	
83	1.001005	-0.000108	4.425326	0.000108	1.001005	-0.581581	
84	1.000880	-0.000090	4.196118	0.000090	1.000880	-0.460190	
85	1.000896	-0.000127	4.210411	0.000127	1.000896	-0.463652	
86	1.000920	-0.000167	4.187896	0.000167	1.000920	-0.471486	
87	1.000793	-0.000231	4.072862	0.000231	1.000793	-0.466926	
88	1.001133	-0.000241	3.636751	0.000241	1.001133	-0.581717	
89	1.000803	-0.000251	3.347441	0.000251	1.000803	-0.458346	
90	1.000586	-0.000246	2.845987	0.000246	1.000586	-0.383038	
91	1.000224	-0.000263	2.741291	0.000263	1.000224	-0.299836	
92	1.000365	-0.000217	2.551432	0.000217	1.000365	-0.320372	
93	1.000143	-0.000223	2.589150	0.000223	1.000143	-0.243970	
94	1.000296	-0.000317	2.478956	0.000317	1.000296	-0.362314	
95	1.000335	-0.000204	2.502063	0.000204	1.000335	-0.272016	
96	1.000572	-0.000131	2.697147	0.000131	1.000572	-0.286928	
97	1.000475	-0.000062	2.884529	0.000062	1.000475	-0.184514	
98	1.000717	0.000007	2.900423	-0.000007	1.000717	-0.209942	
99	1.000452	-0.000031	3.414047	0.000031	1.000452	-0.183254	
100	1.000573	-0.000194	3.754389	0.000194	1.000573	-0.333145	
101	1.000627	-0.000156	3.831560	0.000156	1.000627	-0.308972	
102	1.000765	-0.000284	4.080304	0.000284	1.000765	-0.470192	
103	1.000470	-0.000273	4.283709	0.000273	1.000470	-0.363173	
104	1.000948	-0.000277	4.089158	0.000277	1.000948	-0.519442	
105	1.000668	-0.000281	4.109683	0.000281	1.000668	-0.444839	
106	1.000550	-0.000343	4.111753	0.000343	1.000550	-0.476235	
107	1.001161	-0.000116	3.768383	0.000116	1.001161	-0.571745	
108	1.000767	-0.000164	3.938278	0.000164	1.000767	-0.479840	
109	1.000680	-0.000054	3.951182	0.000054	1.000680	-0.405070	
110	1.001275	-0.000017	3.654852	0.000017	1.001275	-0.523822	
111	1.000783	-0.000240	3.786054	0.000240	1.000783	-0.498598	
112	1.000378	-0.000243	4.010158	0.000243	1.000378	-0.459252	
113	1.000379	-0.000190	3.972706	0.000190	1.000379	-0.400559	
114	1.000949	-0.000250	3.859900	0.000250	1.000949	-0.492423	
115	1.000174	-0.000281	4.079683	0.000281	1.000174	-0.370038	
116	1.000136	-0.000205	3.901347	0.000205	1.000136	-0.354211	
117	1.000197	-0.000237	3.888221	0.000237	1.000197	-0.373029	
118	1.000109	-0.000220	3.917586	0.000220	1.000109	-0.261710	
119	0.999596	-0.000224	3.969875	0.000224	0.999596	-0.083728	
120	0.999317	-0.000234	4.166645	0.000234	0.999317	0.068662	
121	0.999095	-0.000170	4.259870	0.000170	0.999095	0.171913	
122	0.998716	-0.000200	4.356286	0.000200	0.998716	0.284431	
123	0.999456	0.000002	4.055311	-0.000002	0.999456	0.163712	
124	0.998926	-0.000156	4.276047	0.000156	0.998926	0.190169	
125	0.998940	-0.000141	4.037466	0.000141	0.998940	0.268485	
126	0.998931	-0.000103	4.094718	0.000103	0.998931	0.242705	
127	0.998944	-0.000233	4.138784	0.000233	0.998944	0.126147	
128	0.998993	-0.000256	4.052837	0.000256	0.998993	0.049517	
129	0.998755	-0.000143	4.081598	0.000143	0.998755	0.148420	
130	0.999014	-0.000280	4.015663	0.000280	0.999014	-0.027379	
131	0.999024	-0.000144	3.844556	0.000144	0.999024	0.016194	
132	0.998699	-0.000186	4.163178	0.000186	0.998699	0.129647	
133	0.998986	0.000009	3.965057	-0.000009	0.998986	0.129300	
134	0.999360	-0.000044	3.908231	0.000044	0.999360	-0.009516	
135	0.999293	0.000051	3.984602	-0.000051	0.999293	0.118249	
136	0.999386	0.000022	3.976446	-0.000022	0.999386	0.157855	
137	0.999665	0.000015	3.915123	-0.000015	0.999665	0.018050	
138	0.999805	-0.000069	4.025454	0.000069	0.999805	-0.103771	
139	0.999860	-0.000006	3.976920	0.000006	0.999860	-0.060122	
140	0.999868	-0.000220	4.036020	0.000220	0.999868	-0.206209	
141	0.999775	-0.000240	4.078374	0.000240	0.999775	-0.201210	
142	0.999662	-0.000252	4.250448	0.000252	0.999662	-0.253101	
143	0.999671	-0.000328	4.326330	0.000328	0.999671	-0.308091	
144	0.998988	-0.000613	5.208155	0.000613	0.998988	-0.377681	
145	0.999540	-0.000232	4.970295	0.000232	0.999540	-0.421662	
146	0.999653	-0.000094	5.286127	0.000094	0.999653	-0.458265	
147	0.998983	-0.000457	6.268892	0.000457	0.998983	-0.531152	
148	0.999001	-0.000447	6.234663	0.000447	0.999001	-0.445439	
149	0.999611	-0.000037	5.250350	0.000037	0.999611	-0.358188	
150	0.999595	-0.000097	4.964550	0.000097	0.999595	-0.361859	
151	0.999629	-0.000091	4.346040	0.000091	0.999629	-0.324421	
152	0.999970	-0.000044	3.496438	0.000044	0.999970	-0.374949	
153	1.000049	-0.000088	2.952695	0.000088	1.000049	-0.243157	
154	1.000098	-0.000086	2.271774	0.000086	1.000098	-0.258325	
155	1.000089	0.000025	1.426603	-0.000025	1.000089	-0.073294	
156	1.000031	-0.000031	0.946077	0.000031	1.000031	-0.085720	
157	0.999999	-0.000025	0.528708	0.000025	0.999999	-0.024925	
158	0.999840	-0.000013	0.179385	0.000013	0.999840	0.036000	
159	0.999750	-0.000060	0.165928	0.000060	0.999750	0.039769	
160	0.999699	0.000022	0.067982	-0.000022	0.999699	0.118631	
161	0.999698	0.000101	-0.234824	-0.000101	0.999698	0.227441	
162	0.999738	-0.000015	-0.608438	0.000015	0.999738	0.193136	
163	0.999820	0.000069	-1.054588	-0.000069	0.999820	0.136491	
164	0.999809	0.000045	-1.583925	-0.000045	0.999809	0.136587	
165	0.999790	0.000075	-1.915850	-0.000075	0.999790	0.204128	
166	0.999777	0.000015	-2.024650	-0.000015	0.999777	0.110605	
167	0.999850	0.000103	-2.077118	-0.000103	0.999850	0.119703	
168	0.999869	0.000070	-2.037880	-0.000070	0.999869	0.106717	
169	0.999808	-0.000096	-1.828936	0.000096	0.999808	0.044369	
170	0.999857	0.000157	-1.861221	-0.000157	0.999857	0.230201	
171	0.999895	0.000073	-1.919713	-0.000073	0.999895	0.153546	
172	0.999809	0.000141	-2.310183	-0.000141	0.999809	0.285889	
173	0.999908	0.000138	-2.442546	-0.000138	0.999908	0.314276	
174	0.999792	0.000200	-2.427712	-0.000200	0.999792	0.275236	
175	0.999783	0.000301	-2.600769	-0.000301	0.999783	0.403907	
176	0.999691	0.000035	-2.365616	-0.000035	0.999691	0.304414	
177	0.999924	0.000200	-2.525113	-0.000200	0.999924	0.256286	
178	0.999933	0.000233	-2.668307	-0.000233	0.999933	0.282632	
179	0.999660	0.000154	-2.538470	-0.000154	0.999660	0.305514	
180	1.000345	0.000502	-3.216457	-0.000502	1.000345	0.323610	
181	0.999880	0.000265	-3.087116	-0.000265	0.999880	0.396259	
182	0.999776	0.000128	-3.044260	-0.000128	0.999776	0.377589	
183	0.999916	0.000200	-3.236458	-0.000200	0.999916	0.488407	
184	0.999796	0.000164	-3.505974	-0.000164	0.999796	0.464951	
185	0.999788	0.000120	-3.579963	-0.000120	0.999788	0.401894	
186	0.999796	0.000160	-3.895585	-0.000160	0.999796	0.427562	
187	0.999700	0.000221	-4.398825	-0.000221	0.999700	0.588434	
188	0.999724	0.000167	-4.946544	-0.000167	0.999724	0.562164	
189	0.999676	0.000154	-5.568643	-0.000154	0.999676	0.603464	
190	1.000182	0.000586	-7.066923	-0.000586	1.000182	0.866666	
191	1.000441	0.000603	-7.440575	-0.000603	1.000441	0.864632	
192	1.000440	0.000562	-7.521126	-0.000562	1.000440	0.881419	
193	1.000729	0.000585	-7.845128	-0.000585	1.000729	0.781223	
194	1.000747	0.000608	-7.887388	-0.000608	1.000747	0.737558	
195	1.000423	0.000629	-7.764915	-0.000629	1.000423	0.868104	
196	1.000956	0.000663	-8.054096	-0.000663	1.000956	0.680928	
197	1.000393	0.000811	-7.946345	-0.000811	1.000393	0.927338	
198	1.000810	0.000918	-8.050688	-0.000918	1.000810	0.841865	
199	1.000318	0.000930	-8.073396	-0.000930	1.000318	0.702581	
200	1.000404	0.000960	-8.149023	-0.000960	1.000404	0.607574	
201	1.000890	0.001079	-8.419792	-0.001079	1.000890	0.451009	
202	1.000732	0.000984	-8.552612	-0.000984	1.000732	0.327408	
203	1.000773	0.000914	-8.579749	-0.000914	1.000773	0.211038	
204	1.000598	0.000884	-9.101497	-0.000884	1.000598	0.221471	
205	1.000587	0.000969	-10.050840	-0.000969	1.000587	0.348209	
206	1.000569	0.000888	-10.562987	-0.000888	1.000569	0.344882	
207	1.000677	0.000935	-10.989093	-0.000935	1.000677	0.290934	
208	1.000699	0.000962	-10.954166	-0.000962	1.000699	0.181974	
209	1.000594	0.001027	-10.657937	-0.001027	1.000594	0.269076	
210	1.000587	0.001104	-10.289073	-0.001104	1.000587	0.293989	
211	1.000544	0.001027	-9.799334	-0.001027	1.000544	0.196146	
212	1.000469	0.001128	-9.416248	-0.001128	1.000469	0.204131	
213	1.000555	0.001197	-8.956385	-0.001197	1.000555	0.144221	
214	1.000406	0.001187	-8.275674	-0.001187	1.000406	0.218333	
215	1.000389	0.001061	-7.698976	-0.001061	1.000389	0.141323	
216	1.000621	0.001029	-7.295094	-0.001029	1.000621	0.047747	
217	1.000686	0.000982	-6.775881	-0.000982	1.000686	0.142199	
218	1.000055	0.000184	-5.187908	-0.000184	1.000055	-0.114541	
219	0.999846	0.000029	-4.176515	-0.000029	0.999846	-0.083951	
220	0.999949	-0.000022	-3.537668	0.000022	0.999949	-0.050664	
221	1.000089	0.000074	-2.858154	-0.000074	1.000089	0.000283	
222	1.000268	0.000124	-1.899558	-0.000124	1.000268	0.051474	
223	1.000252	0.000118	-1.525202	-0.000118	1.000252	-0.011122	
224	1.000119	0.000254	-1.593911	-0.000254	1.000119	0.101749	
225	1.000040	0.000334	-2.338092	-0.000334	1.000040	0.217724	
226	1.000021	0.000387	-3.199881	-0.000387	1.000021	0.262998	
227	0.999719	0.000343	-3.607917	-0.000343	0.999719	0.315057	
228	0.999925	0.000606	-4.165978	-0.000606	0.999925	0.456894	
229	0.999944	0.000570	-4.273320	-0.000570	0.999944	0.409752	
230	0.999902	0.000227	-3.236046	-0.000227	0.999902	0.106999	
231	1.000085	0.000260	-1.769846	-0.000260	1.000085	0.078499	
232	1.000178	0.000291	-0.599769	-0.000291	1.000178	0.038763	
233	1.000269	0.000126	0.068786	-0.000126	1.000269	-0.069819	
234	1.000287	-0.000082	0.403523	0.000082	1.000287	-0.240026	
235	1.000280	-0.000012	0.490225	0.000012	1.000280	-0.334052	
236	1.000222	-0.000226	0.534118	0.000226	1.000222	-0.364284	
237	1.000084	-0.000278	0.658399	0.000278	1.000084	-0.367442	
238	1.000180	-0.000242	0.542772	0.000242	1.000180	-0.490683	
239	1.000187	-0.000182	0.595521	0.000182	1.000187	-0.314747	
240	1.000104	-0.000177	0.768234	0.000177	1.000104	-0.316108	
241	1.000133	0.000039	0.734305	-0.000039	1.000133	-0.169582	
242	1.000070	-0.000183	0.945096	0.000183	1.000070	-0.289139	
243	1.000162	-0.000054	1.295596	0.000054	1.000162	-0.201170	
244	1.000268	0.000119	1.581301	-0.000119	1.000268	-0.096674	
245	1.000318	-0.000126	1.956354	0.000126	1.000318	-0.360919	
246	1.000256	0.000082	2.339659	-0.000082	1.000256	-0.236354	
247	1.000122	-0.000020	2.602000	0.000020	1.000122	-0.296875	
248	0.999977	0.000009	2.680155	-0.000009	0.999977	-0.345795	
249	0.999961	-0.000002	2.699805	0.000002	0.999961	-0.474203	
