0	1.000000	0.000000	0.000000	0.000000	1.000000	0.000000	
1	1.000766	-0.002690	4.320122	0.002690	1.000766	-2.173686	
2	1.000259	-0.003161	4.709089	0.003161	1.000259	-2.132746	
3	1.000580	-0.002916	4.761017	0.002916	1.000580	-1.845849	
4	1.001046	-0.003036	4.858449	0.003036	1.001046	-2.724409	
5	1.000668	-0.003266	5.286897	0.003266	1.000668	-2.918687	
6	1.001295	-0.003698	5.097286	0.003698	1.001295	-3.164915	
7	1.002124	-0.004173	5.228347	0.004173	1.002124	-3.680314	
8	1.004850	-0.005137	3.503869	0.005137	1.004850	-6.076974	
9	0.997347	-0.006309	8.522315	0.006309	0.997347	-2.689264	
10	0.999637	-0.002037	7.068528	0.002037	0.999637	-1.135596	
11	0.999464	-0.002222	6.744449	0.002222	0.999464	-1.521888	
12	0.999809	-0.001878	6.492668	0.001878	0.999809	-1.790540	
13	1.003941	-0.004740	3.028321	0.004740	1.003941	-5.387512	
14	1.000662	-0.003402	5.627325	0.003402	1.000662	-2.494067	
15	1.000295	-0.002874	5.761808	0.002874	1.000295	-2.163064	
16	1.001556	-0.002393	5.584426	0.002393	1.001556	-2.266850	
17	0.998691	-0.000924	8.156206	0.000924	0.998691	-0.429790	
18	0.999598	-0.000882	7.819314	0.000882	0.999598	-0.754397	
19	0.998327	-0.000942	8.754043	0.000942	0.998327	0.021091	
20	0.998926	-0.003637	7.526804	0.003637	0.998926	-1.754710	
21	0.997224	-0.002294	8.609088	0.002294	0.997224	-0.512400	
22	0.997505	-0.002910	8.618262	0.002910	0.997505	-1.448718	
23	0.997234	-0.001994	9.407623	0.001994	0.997234	-0.340929	
24	0.998888	-0.002707	8.813418	0.002707	0.998888	-0.664270	
25	0.997808	-0.001292	9.780313	0.001292	0.997808	-0.045472	
26	0.998175	-0.000878	9.249377	0.000878	0.998175	-0.284214	
27	0.998206	-0.001069	9.380789	0.001069	0.998206	0.127186	
28	0.998324	-0.000942	9.485499	0.000942	0.998324	0.443499	
29	0.997727	-0.001093	10.110833	0.001093	0.997727	0.199654	
30	0.998239	-0.001246	9.630984	0.001246	0.998239	-0.055349	
31	0.998005	-0.000944	9.472583	0.000944	0.998005	0.565188	
32	0.998373	-0.001089	9.046964	0.001089	0.998373	0.407945	
33	0.998865	-0.001117	8.620845	0.001117	0.998865	0.076301	
34	1.002996	-0.006652	5.521187	0.006652	1.002996	-5.752306	
35	1.000047	-0.001998	7.833416	0.001998	1.000047	-1.144613	
36	1.000667	-0.004868	7.338956	0.004868	1.000667	-3.198954	
37	0.997100	-0.003054	9.754854	0.003054	0.997100	-0.611744	
38	0.999507	-0.001077	9.034806	0.001077	0.999507	-0.213701	
39	0.999200	-0.001296	9.560279	0.001296	0.999200	-0.453702	
40	1.004039	-0.007799	6.155807	0.007799	1.004039	-7.240050	
41	0.994846	-0.004660	11.529692	0.004660	0.994846	-0.730094	
42	0.999037	-0.001059	9.345962	0.001059	0.999037	-0.184604	
43	0.999153	-0.001203	8.900489	0.001203	0.999153	-0.631123	
44	1.003892	-0.006350	4.672809	0.006350	1.003892	-6.450338	
45	1.000182	-0.001058	7.809970	0.001058	1.000182	-0.693849	
46	1.000366	-0.001067	7.633178	0.001067	1.000366	-0.859490	
47	0.999885	-0.003906	7.419083	0.003906	0.999885	-2.485449	
48	1.001338	-0.003592	6.567377	0.003592	1.001338	-2.684855	
49	1.001412	-0.001607	6.861163	0.001607	1.001412	-1.424581	
50	0.996231	-0.005470	8.782206	0.005470	0.996231	-1.170267	
51	1.000967	-0.001254	7.249574	0.001254	1.000967	-1.078073	
52	0.999791	-0.002851	7.685110	0.002851	0.999791	-1.701277	
53	1.001663	-0.003413	6.565084	0.003413	1.001663	-2.556627	
54	1.001329	-0.000970	7.038849	0.000970	1.001329	-0.971093	
55	0.998119	-0.003242	8.415455	0.003242	0.998119	-1.219992	
56	1.001348	-0.003568	6.555037	0.003568	1.001348	-2.732368	
57	1.001323	-0.001597	6.895621	0.001597	1.001323	-1.495207	
58	1.000910	-0.001235	7.189936	0.001235	1.000910	-1.079299	
59	1.000868	-0.001158	7.212726	0.001158	1.000868	-1.030113	
60	1.000703	-0.001328	7.195431	0.001328	1.000703	-1.101515	
61	1.001768	-0.002465	6.608939	0.002465	1.001768	-2.061910	
62	0.999816	-0.001961	7.674576	0.001961	0.999816	-1.091239	
63	1.001791	-0.003132	6.533070	0.003132	1.001791	-2.377877	
64	1.001825	-0.003005	6.512606	0.003005	1.001825	-2.373651	
65	1.001057	-0.001042	7.120505	0.001042	1.001057	-0.964226	
66	0.995051	-0.004997	9.476330	0.004997	0.995051	-0.555616	
67	0.999262	-0.002226	7.987655	0.002226	0.999262	-1.101580	
68	0.994059	-0.004599	9.994228	0.004599	0.994059	-0.061938	
69	1.001039	-0.001071	7.450348	0.001071	1.001039	-0.883578	
70	1.000715	-0.001079	7.941089	0.001079	1.000715	-0.614209	
71	0.994243	-0.005889	10.518395	0.005889	0.994243	-0.529778	
72	1.000444	-0.001197	8.507798	0.001197	1.000444	-1.021716	
73	1.000811	-0.001220	8.384416	0.001220	1.000811	-1.021589	
74	1.000136	-0.001185	9.085119	0.001185	1.000136	-0.730073	
75	0.997051	-0.003229	10.616109	0.003229	0.997051	-1.109924	
76	1.000330	-0.001290	9.114873	0.001290	1.000330	-1.133872	
77	1.000346	-0.001119	9.263259	0.001119	1.000346	-0.808457	
78	0.997794	-0.002378	10.564690	0.002378	0.997794	-0.824018	
79	0.999554	-0.001286	9.990880	0.001286	0.999554	-0.728275	
80	1.000237	-0.001127	9.648212	0.001127	1.000237	-0.820438	
81	0.994163	-0.005776	12.589689	0.005776	0.994163	-1.011797	
82	0.999638	-0.001604	9.982450	0.001604	0.999638	-0.889084	
83	1.000492	-0.001243	9.448459	0.001243	1.000492	-0.954612	
84	1.001216	-0.000902	8.932750	0.000902	1.001216	-0.998538	
85	1.000687	-0.000949	8.956645	0.000949	1.000687	-0.884084	
86	0.999763	-0.001506	8.678327	0.001506	0.999763	-1.002001	
87	1.001085	-0.001013	7.697095	0.001013	1.001085	-1.106481	
88	1.001476	-0.001054	7.326986	0.001054	1.001476	-1.192443	
89	1.001578	-0.000995	7.101024	0.000995	1.001578	-1.190084	
90	1.001079	-0.001049	6.907788	0.001049	1.001079	-1.167147	
91	1.001449	-0.000842	6.536301	0.000842	1.001449	-1.261977	
92	1.000735	-0.003711	6.204680	0.003711	1.000735	-2.875708	
93	1.001619	-0.004180	5.532973	0.004180	1.001619	-3.425196	
94	0.998769	-0.003992	6.518289	0.003992	0.998769	-1.854509	
95	1.001584	-0.002833	4.569631	0.002833	1.001584	-2.660195	
96	0.999844	-0.002352	5.068096	0.002352	0.999844	-1.587648	
97	1.001905	-0.001461	3.628297	0.001461	1.001905	-1.376971	
98	1.001345	-0.002038	3.268788	0.002038	1.001345	-1.844696	
99	1.001016	-0.001954	3.404913	0.001954	1.001016	-1.666566	
100	1.000786	-0.001663	2.577299	0.001663	1.000786	-1.466043	
101	1.000441	-0.001455	2.570431	0.001455	1.000441	-0.921727	
102	1.000848	-0.001560	2.283076	0.001560	1.000848	-1.427428	
103	1.000697	-0.001684	2.481705	0.001684	1.000697	-1.651462	
104	1.000800	-0.001586	2.637043	0.001586	1.000800	-1.283006	
105	1.000927	-0.001468	2.098314	0.001468	1.000927	-1.551027	
106	1.000162	-0.001887	2.806285	0.001887	1.000162	-1.675790	
107	1.000842	-0.001558	2.119138	0.001558	1.000842	-1.706851	
108	1.000548	-0.001588	2.195507	0.001588	1.000548	-1.198916	
109	1.000579	-0.001509	2.108163	0.001509	1.000579	-1.238579	
110	1.001167	-0.001589	1.774475	0.001589	1.001167	-1.642862	
111	1.001451	-0.001368	1.514271	0.001368	1.001451	-1.580273	
112	1.000960	-0.001081	1.165724	0.001081	1.000960	-1.140803	
113	1.001359	-0.000707	0.320473	0.000707	1.001359	-1.066979	
114	1.001107	-0.000370	-0.092750	0.000370	1.001107	-0.962065	
115	1.001011	-0.000180	-0.588168	0.000180	1.001011	-0.695042	
116	1.001405	0.000300	-1.441568	-0.000300	1.001405	-0.308854	
117	1.000877	0.000318	-1.513075	-0.000318	1.000877	-0.100568	
118	1.001659	0.000506	-2.010206	-0.000506	1.001659	-0.491013	
119	1.001547	0.000721	-2.432461	-0.000721	1.001547	-0.312665	
120	1.001927	0.001238	-3.651554	-0.001238	1.001927	-0.041866	
121	1.001755	0.001547	-4.333441	-0.001547	1.001755	0.231453	
122	1.001546	0.001481	-3.862297	-0.001481	1.001546	0.098125	
123	1.001278	0.001347	-3.665509	-0.001347	1.001278	0.111229	
124	1.001256	0.001486	-3.727557	-0.001486	1.001256	0.314800	
125	1.001555	0.001754	-4.214284	-0.001754	1.001555	0.284439	
126	1.001328	0.001806	-4.208248	-0.001806	1.001328	0.334141	
127	1.001366	0.001802	-4.099400	-0.001802	1.001366	0.288586	
128	1.001333	0.001731	-3.921572	-0.001731	1.001333	0.302796	
129	1.001030	0.002024	-3.422453	-0.002024	1.001030	0.617607	
130	1.000769	0.001407	-2.704949	-0.001407	1.000769	0.247248	
131	1.000564	0.001345	-2.779368	-0.001345	1.000564	0.257570	
132	1.000476	0.001246	-2.403997	-0.001246	1.000476	0.413387	
133	1.000417	0.000877	-1.806129	-0.000877	1.000417	0.223723	
134	1.000527	0.000590	-1.310531	-0.000590	1.000527	-0.072660	
135	1.000271	0.000439	-0.781671	-0.000439	1.000271	-0.030620	
136	1.000322	0.000079	-0.256759	-0.000079	1.000322	-0.419282	
137	1.000275	-0.000169	0.284564	0.000169	1.000275	-0.367406	
138	1.000189	-0.000318	0.528498	0.000318	1.000189	-0.378178	
139	1.000112	-0.000532	0.970048	0.000532	1.000112	-0.491364	
140	1.000232	-0.000738	1.157172	0.000738	1.000232	-0.700678	
141	0.999957	-0.000796	1.439175	0.000796	0.999957	-0.501773	
142	0.999933	-0.000780	1.497013	0.000780	0.999933	-0.447414	
143	0.999818	-0.001002	1.820452	0.001002	0.999818	-0.546476	
144	0.999871	-0.001099	1.977837	0.001099	0.999871	-0.607474	
145	0.999821	-0.001191	2.038260	0.001191	0.999821	-0.603482	
146	0.999782	-0.001422	2.502041	0.001422	0.999782	-0.737351	
147	0.999660	-0.001582	2.649012	0.001582	0.999660	-0.860351	
148	0.999730	-0.001482	2.524263	0.001482	0.999730	-0.863843	
149	0.999729	-0.001511	2.754350	0.001511	0.999729	-0.824708	
150	0.999690	-0.001675	2.963048	0.001675	0.999690	-0.916992	
151	0.999629	-0.001703	3.109337	0.001703	0.999629	-0.946760	
152	0.999692	-0.001761	3.149802	0.001761	0.999692	-1.011866	
153	0.999785	-0.001598	2.859093	0.001598	0.999785	-0.861119	
154	0.999113	-0.001588	3.322826	0.001588	0.999113	-0.641244	
155	0.999642	-0.001708	3.221502	0.001708	0.999642	-0.886372	
156	0.999785	-0.001798	3.276594	0.001798	0.999785	-0.955554	
157	0.999420	-0.001756	3.388542	0.001756	0.999420	-0.753189	
158	0.999814	-0.001924	3.354782	0.001924	0.999814	-1.030114	
159	0.999799	-0.001774	3.313314	0.001774	0.999799	-0.985685	
160	0.999795	-0.001758	3.337267	0.001758	0.999795	-0.968564	
161	1.000056	-0.001589	3.010117	0.001589	1.000056	-0.898699	
162	0.999929	-0.001724	2.973772	0.001724	0.999929	-1.014444	
163	1.000141	-0.001609	2.766128	0.001609	1.000141	-1.055208	
164	1.000114	-0.001538	2.662474	0.001538	1.000114	-0.974104	
165	1.000079	-0.001471	2.419896	0.001471	1.000079	-0.883698	
166	1.000104	-0.001284	2.387914	0.001284	1.000104	-0.795850	
167	0.999917	-0.001410	2.615634	0.001410	0.999917	-0.824058	
168	1.000138	-0.001305	2.363977	0.001305	1.000138	-0.842439	
169	1.000052	-0.001406	2.349638	0.001406	1.000052	-0.877532	
170	0.999960	-0.001369	2.407079	0.001369	0.999960	-0.791090	
171	0.999913	-0.001236	2.336530	0.001236	0.999913	-0.727363	
172	0.998714	-0.001428	3.401573	0.001428	0.998714	-0.172462	
173	0.999321	-0.000994	2.391640	0.000994	0.999321	-0.339466	
174	0.999541	-0.000817	2.104169	0.000817	0.999541	-0.288622	
175	0.999400	-0.000831	2.187760	0.000831	0.999400	-0.266014	
176	0.998827	-0.000731	2.406977	0.000731	0.998827	0.026383	
177	0.999046	-0.000624	2.177172	0.000624	0.999046	-0.056111	
178	0.998779	-0.000641	2.267605	0.000641	0.998779	0.045891	
179	0.998863	-0.000491	2.042902	0.000491	0.998863	0.102561	
180	0.998621	-0.000309	1.849518	0.000309	0.998621	0.356293	
181	0.998837	-0.000263	1.499243	0.000263	0.998837	0.222562	
182	0.998968	-0.000439	1.677385	0.000439	0.998968	0.109583	
183	0.998750	-0.000384	1.856509	0.000384	0.998750	0.369138	
184	0.998966	-0.000386	1.896000	0.000386	0.998966	0.253823	
185	0.998862	-0.000658	2.178691	0.000658	0.998862	-0.022720	
186	0.998859	-0.000716	2.241798	0.000716	0.998859	0.111864	
187	0.998811	-0.000572	2.119934	0.000572	0.998811	0.297229	
188	0.998685	-0.000651	2.314496	0.000651	0.998685	0.158636	
189	0.998700	-0.000679	2.337440	0.000679	0.998700	0.112751	
190	0.998725	-0.000593	2.298196	0.000593	0.998725	0.256362	
191	0.998990	-0.000418	1.963291	0.000418	0.998990	0.202384	
192	0.998910	-0.000216	1.965446	0.000216	0.998910	0.329120	
193	0.999255	-0.000360	1.650727	0.000360	0.999255	0.103314	
194	0.999369	-0.000368	1.611682	0.000368	0.999369	0.073511	
195	0.999897	-0.000301	1.302268	0.000301	0.999897	-0.240799	
196	1.000079	-0.000116	0.980935	0.000116	1.000079	-0.235040	
197	1.000043	-0.000129	0.997500	0.000129	1.000043	-0.187948	
198	0.999961	-0.000096	0.951176	0.000096	0.999961	-0.181635	
199	0.999983	-0.000149	0.897124	0.000149	0.999983	-0.171272	
200	1.000025	-0.000183	0.752957	0.000183	1.000025	-0.163255	
201	1.000156	-0.000195	0.616132	0.000195	1.000156	-0.171307	
202	1.000096	-0.000138	0.422515	0.000138	1.000096	-0.113155	
203	1.000109	0.000035	-0.042028	-0.000035	1.000109	-0.047104	
204	1.000217	0.000028	-0.065575	-0.000028	1.000217	-0.141504	
205	0.999990	0.000122	-0.093682	-0.000122	0.999990	0.088944	
206	1.000051	0.000284	-0.369612	-0.000284	1.000051	0.233731	
207	0.999858	0.000443	-0.420628	-0.000443	0.999858	0.451781	
208	0.999927	0.000466	-0.539778	-0.000466	0.999927	0.212241	
209	1.000101	0.000596	-0.877998	-0.000596	1.000101	0.198696	
210	1.000101	0.000910	-1.350443	-0.000910	1.000101	0.378314	
211	1.000129	0.000924	-1.607737	-0.000924	1.000129	0.339201	
212	0.999992	0.000878	-1.388309	-0.000878	0.999992	0.430927	
213	1.000235	0.000879	-1.715217	-0.000879	1.000235	0.396814	
214	1.000215	0.001087	-1.969082	-0.001087	1.000215	0.553904	
215	1.000278	0.001071	-1.970506	-0.001071	1.000278	0.493807	
216	1.000190	0.001125	-2.077037	-0.001125	1.000190	0.435610	
217	1.000195	0.001082	-2.118948	-0.001082	1.000195	0.455958	
218	1.000121	0.000919	-1.665420	-0.000919	1.000121	0.375102	
219	1.000299	0.000803	-1.742963	-0.000803	1.000299	0.249009	
220	1.000348	0.000819	-1.790850	-0.000819	1.000348	0.219281	
221	1.000125	0.000687	-1.433563	-0.000687	1.000125	0.199912	
222	1.000153	0.000635	-1.314423	-0.000635	1.000153	0.151192	
223	1.000031	0.000694	-1.268817	-0.000694	1.000031	0.229884	
224	1.000276	0.000800	-1.463773	-0.000800	1.000276	0.013624	
225	0.999947	0.000822	-1.432491	-0.000822	0.999947	0.136209	
226	0.999838	0.000675	-1.088855	-0.000675	0.999838	0.045985	
227	0.999941	0.000558	-0.844733	-0.000558	0.999941	0.024756	
228	0.999861	0.000486	-0.719809	-0.000486	0.999861	0.121116	
229	1.000033	0.000491	-0.765036	-0.000491	1.000033	-0.028228	
230	1.000127	0.000454	-0.680278	-0.000454	1.000127	-0.248182	
231	1.000171	0.000332	-0.610354	-0.000332	1.000171	-0.246216	
232	1.000030	0.000401	-0.732298	-0.000401	1.000030	0.038022	
233	0.999929	0.000491	-0.781819	-0.000491	0.999929	0.120967	
234	1.000044	0.000516	-1.112762	-0.000516	1.000044	0.015661	
235	1.000841	0.000662	-1.906064	-0.000662	1.000841	-0.265578	
236	1.000451	0.000495	-1.564480	-0.000495	1.000451	-0.042797	
237	1.000176	0.000471	-1.387382	-0.000471	1.000176	0.098830	
238	1.000364	0.000676	-1.448845	-0.000676	1.000364	0.125278	
239	1.000890	0.000714	-1.705719	-0.000714	1.000890	-0.079191	
240	1.000942	0.000772	-1.746264	-0.000772	1.000942	-0.057466	
241	1.000980	0.000754	-1.557800	-0.000754	1.000980	-0.007460	
242	1.000988	0.000595	-1.260664	-0.000595	1.000988	-0.127497	
243	1.000821	0.000331	-0.736441	-0.000331	1.000821	-0.195236	
244	1.000933	0.000123	-0.552957	-0.000123	1.000933	-0.342844	
245	1.000772	0.000178	-0.397412	-0.000178	1.000772	-0.186654	
246	1.000811	0.000092	-0.284621	-0.000092	1.000811	-0.254803	
247	1.000621	-0.000134	0.129778	0.000134	1.000621	-0.369379	
248	1.000558	-0.000286	0.338718	0.000286	1.000558	-0.425659	
249	1.000345	-0.000479	0.633285	0.000479	1.000345	-0.441120	
250	1.000267	-0.000574	0.885350	0.000574	1.000267	-0.425056	
251	0.999990	-0.000716	1.116520	0.000716	0.999990	-0.444518	
252	1.000397	-0.000726	0.932669	0.000726	1.000397	-0.533955	
253	1.000365	-0.000671	0.904307	0.000671	1.000365	-0.563726	
254	1.000576	-0.000644	0.852396	0.000644	1.000576	-0.606962	
255	1.000560	-0.000661	0.946715	0.000661	1.000560	-0.586636	
256	1.000326	-0.000556	1.180702	0.000556	1.000326	-0.405366	
257	1.000212	-0.000575	1.233476	0.000575	1.000212	-0.374611	
258	1.000097	-0.000608	1.170719	0.000608	1.000097	-0.302702	
259	0.999830	-0.000646	1.436782	0.000646	0.999830	-0.255203	
260	0.999808	-0.000687	1.408637	0.000687	0.999808	-0.315413	
261	0.999711	-0.000630	1.581748	0.000630	0.999711	-0.269894	
262	0.999795	-0.000687	1.630801	0.000687	0.999795	-0.337729	
263	0.999762	-0.000613	1.677966	0.000613	0.999762	-0.234318	
264	0.999784	-0.000785	1.624845	0.000785	0.999784	-0.341769	
265	0.999855	-0.000844	1.670939	0.000844	0.999855	-0.391324	
266	0.999792	-0.000935	1.663787	0.000935	0.999792	-0.432731	
267	0.999948	-0.000964	1.497915	0.000964	0.999948	-0.433389	
268	0.999854	-0.000853	1.565327	0.000853	0.999854	-0.439620	
269	0.999859	-0.000937	1.537058	0.000937	0.999859	-0.481674	
270	0.999817	-0.000956	1.470481	0.000956	0.999817	-0.426097	
271	0.999829	-0.000917	1.389549	0.000917	0.999829	-0.441639	
272	0.999895	-0.000779	1.391448	0.000779	0.999895	-0.376398	
273	0.999852	-0.000633	1.282721	0.000633	0.999852	-0.279466	
274	0.999649	-0.000527	1.299253	0.000527	0.999649	-0.042983	
275	0.999660	-0.000433	1.164994	0.000433	0.999660	-0.125241	
276	0.999665	-0.000583	1.171048	0.000583	0.999665	-0.236732	
277	0.999692	-0.000536	1.191593	0.000536	0.999692	-0.153978	
278	1.000007	-0.000595	1.190681	0.000595	1.000007	-0.184310	
279	0.999781	-0.000645	1.292046	0.000645	0.999781	-0.281341	
280	0.999681	-0.000659	1.405804	0.000659	0.999681	-0.278474	
281	0.999662	-0.000700	1.432983	0.000700	0.999662	-0.267479	
282	0.999706	-0.000640	1.378626	0.000640	0.999706	-0.235207	
283	0.999634	-0.000703	1.424311	0.000703	0.999634	-0.239763	
284	0.999751	-0.000633	1.396750	0.000633	0.999751	-0.271165	
285	0.999791	-0.000691	1.471415	0.000691	0.999791	-0.264101	
286	0.999813	-0.000609	1.415072	0.000609	0.999813	-0.328124	
287	0.999772	-0.000605	1.391071	0.000605	0.999772	-0.316339	
288	0.999777	-0.000545	1.243983	0.000545	0.999777	-0.257773	
289	0.999697	-0.000569	1.258691	0.000569	0.999697	-0.276900	
290	0.999885	-0.000560	1.212956	0.000560	0.999885	-0.298995	
291	0.999866	-0.000601	1.319998	0.000601	0.999866	-0.297673	
292	0.999937	-0.000784	1.340575	0.000784	0.999937	-0.335501	
293	0.999800	-0.000907	1.472874	0.000907	0.999800	-0.394440	
294	0.999706	-0.000940	1.589011	0.000940	0.999706	-0.297288	
295	0.999666	-0.000881	1.759689	0.000881	0.999666	-0.331303	
296	0.999598	-0.000987	1.936944	0.000987	0.999598	-0.423807	
297	0.999537	-0.001007	2.042866	0.001007	0.999537	-0.338890	
298	0.999520	-0.001124	2.209710	0.001124	0.999520	-0.431983	
299	0.999514	-0.001060	2.201315	0.001060	0.999514	-0.362145	
300	0.999640	-0.001237	2.399140	0.001237	0.999640	-0.475769	
301	0.999600	-0.001308	2.545876	0.001308	0.999600	-0.516765	
302	0.999486	-0.001461	2.822900	0.001461	0.999486	-0.498464	
303	0.999246	-0.001449	2.893398	0.001449	0.999246	-0.418014	
304	0.999097	-0.001462	2.940931	0.001462	0.999097	-0.405775	
305	0.999085	-0.001396	2.922449	0.001396	0.999085	-0.356592	
306	0.999159	-0.001375	2.831850	0.001375	0.999159	-0.331406	
307	0.999167	-0.001333	2.839980	0.001333	0.999167	-0.320902	
308	0.999269	-0.001271	2.795643	0.001271	0.999269	-0.354754	
309	0.999078	-0.001309	2.816163	0.001309	0.999078	-0.221378	
310	0.999134	-0.001108	2.805302	0.001108	0.999134	0.033960	
311	0.998921	-0.001119	2.823406	0.001119	0.998921	0.179682	
312	0.998774	-0.001125	2.864541	0.001125	0.998774	0.167421	
313	0.999137	-0.001177	2.629586	0.001177	0.999137	-0.004978	
314	0.998882	-0.001082	2.683686	0.001082	0.998882	0.079597	
315	0.998892	-0.000992	2.579926	0.000992	0.998892	-0.033341	
316	0.998845	-0.000890	2.334457	0.000890	0.998845	-0.011829	
317	0.999397	-0.000791	1.883276	0.000791	0.999397	-0.104956	
318	1.000118	-0.000777	1.359884	0.000777	1.000118	-0.293399	
319	1.000648	-0.000703	0.979129	0.000703	1.000648	-0.467119	
320	1.000347	-0.000668	0.984341	0.000668	1.000347	-0.331978	
321	1.000995	-0.000583	0.395567	0.000583	1.000995	-0.542954	
322	1.001285	-0.000579	0.219730	0.000579	1.001285	-0.674437	
323	1.000639	-0.000511	0.587081	0.000511	1.000639	-0.340825	
324	1.000644	-0.000262	0.347342	0.000262	1.000644	-0.211309	
325	1.001092	-0.000054	-0.100122	0.000054	1.001092	-0.376221	
326	1.000764	-0.000066	0.066880	0.000066	1.000764	-0.261263	
327	1.000630	-0.000091	0.107419	0.000091	1.000630	-0.227852	
328	1.001192	-0.000063	-0.342636	0.000063	1.001192	-0.374888	
329	1.000705	0.000081	-0.164059	-0.000081	1.000705	-0.114034	
330	1.000576	-0.000046	-0.000085	0.000046	1.000576	-0.271116	
331	1.001055	-0.000043	-0.298023	0.000043	1.001055	-0.368499	
332	1.000998	-0.000094	-0.265790	0.000094	1.000998	-0.393365	
333	1.000773	-0.000001	-0.397929	0.000001	1.000773	-0.246235	
334	1.000931	-0.000177	-0.524836	0.000177	1.000931	-0.226310	
335	1.001019	-0.000192	-0.553260	0.000192	1.001019	-0.237807	
336	1.001671	-0.000348	-0.427586	0.000348	1.001671	-0.491091	
337	1.001483	-0.000035	-0.956418	0.000035	1.001483	-0.440375	
338	1.001129	-0.000049	-0.692335	0.000049	1.001129	-0.315975	
339	1.001533	0.000042	-1.134403	-0.000042	1.001533	-0.474501	
340	1.001489	0.000176	-1.142039	-0.000176	1.001489	-0.546026	
341	1.001392	0.000212	-1.380357	-0.000212	1.001392	-0.530531	
342	1.001517	0.000233	-1.555866	-0.000233	1.001517	-0.488372	
343	1.001730	0.000594	-2.290294	-0.000594	1.001730	-0.592196	
344	1.002102	0.000436	-2.342150	-0.000436	1.002102	-0.823580	
345	1.001913	0.000652	-2.486042	-0.000652	1.001913	-0.470409	
346	1.001386	0.000808	-2.435811	-0.000808	1.001386	-0.146175	
347	1.002026	0.000797	-2.940562	-0.000797	1.002026	-0.574139	
348	1.001400	0.000882	-2.700089	-0.000882	1.001400	-0.270305	
349	1.001772	0.001056	-3.067395	-0.001056	1.001772	-0.276926	
350	1.001678	0.000907	-3.285124	-0.000907	1.001678	-0.257764	
351	1.001714	0.001149	-3.026131	-0.001149	1.001714	-0.215470	
352	1.001549	0.001048	-2.912369	-0.001048	1.001549	-0.174306	
353	1.002067	0.001087	-3.027431	-0.001087	1.002067	-0.370283	
354	1.002265	0.000901	-3.030142	-0.000901	1.002265	-0.560266	
355	1.001597	0.000716	-2.389371	-0.000716	1.001597	-0.400900	
356	1.001878	0.000680	-2.338297	-0.000680	1.001878	-0.525219	
357	1.001955	0.000706	-2.397756	-0.000706	1.001955	-0.597418	
358	1.001852	0.000789	-2.360960	-0.000789	1.001852	-0.550333	
359	1.002119	0.000756	-2.380698	-0.000756	1.002119	-0.784803	
360	1.001978	0.000616	-2.399914	-0.000616	1.001978	-0.847261	
361	1.001652	0.000589	-2.082539	-0.000589	1.001652	-0.722492	
362	1.001530	0.000484	-1.638282	-0.000484	1.001530	-0.822476	
363	1.001671	0.000215	-1.179367	-0.000215	1.001671	-1.140012	
364	1.001661	0.000132	-1.016471	-0.000132	1.001661	-1.092658	
365	1.001467	0.000088	-0.981188	-0.000088	1.001467	-0.829687	
366	1.001377	0.000095	-0.867395	-0.000095	1.001377	-0.486120	
367	1.001428	0.000030	-1.022203	-0.000030	1.001428	-0.284072	
368	1.001808	0.000002	-1.203562	-0.000002	1.001808	-0.464013	
369	1.002359	-0.000062	-1.315263	0.000062	1.002359	-0.930224	
370	1.002457	-0.000108	-1.331365	0.000108	1.002457	-0.988822	
371	1.002237	-0.000010	-1.332410	0.000010	1.002237	-0.700509	
372	1.002889	0.000064	-1.882930	-0.000064	1.002889	-0.958506	
373	1.002652	0.000028	-1.903506	-0.000028	1.002652	-0.844521	
374	1.002651	0.000119	-1.940193	-0.000119	1.002651	-0.622443	
375	1.002679	0.000005	-1.781742	-0.000005	1.002679	-0.825847	
376	1.002883	-0.000005	-1.853928	0.000005	1.002883	-1.027849	
377	1.002842	0.000081	-1.990128	-0.000081	1.002842	-0.837993	
378	1.003139	0.000075	-2.193864	-0.000075	1.003139	-0.944463	
379	1.002856	0.000033	-1.934878	-0.000033	1.002856	-0.931286	
380	1.003000	0.000030	-2.126929	-0.000030	1.003000	-1.038064	
381	1.002607	-0.000022	-1.860563	0.000022	1.002607	-0.794658	
382	1.002690	0.000066	-1.924463	-0.000066	1.002690	-0.632822	
383	1.002389	-0.000012	-1.785242	0.000012	1.002389	-0.395889	
384	1.002675	-0.000005	-1.907172	0.000005	1.002675	-0.696696	
385	1.002579	0.000001	-1.741542	-0.000001	1.002579	-0.843420	
386	1.002419	-0.000013	-1.722521	0.000013	1.002419	-0.717192	
387	1.002206	0.000047	-1.619835	-0.000047	1.002206	-0.393215	
388	1.001979	0.000056	-1.497480	-0.000056	1.001979	-0.252991	
389	1.002145	-0.000052	-1.506348	0.000052	1.002145	-0.641794	
390	1.002072	-0.000044	-1.405171	0.000044	1.002072	-0.764457	
391	1.002182	-0.000038	-1.469248	0.000038	1.002182	-0.794449	
392	1.002363	-0.000062	-1.571782	0.000062	1.002363	-0.905955	
393	1.002508	-0.000066	-1.608121	0.000066	1.002508	-1.247012	
394	1.002341	-0.000141	-1.531991	0.000141	1.002341	-1.370274	
395	1.002572	-0.000065	-1.691572	0.000065	1.002572	-1.324589	
396	1.001855	-0.000025	-1.187098	0.000025	1.001855	-1.048549	
397	1.002276	-0.000056	-1.375410	0.000056	1.002276	-1.454228	
398	1.002308	-0.000039	-1.471342	0.000039	1.002308	-1.535178	
399	1.002200	-0.000077	-1.368132	0.000077	1.002200	-1.465374	
400	1.002042	0.000023	-1.339573	-0.000023	1.002042	-1.152966	
401	1.002085	0.000045	-1.357241	-0.000045	1.002085	-1.166817	
402	1.001790	-0.000042	-1.094581	0.000042	1.001790	-1.312527	
403	1.001533	-0.000065	-0.900719	0.000065	1.001533	-1.320935	
404	1.001546	-0.000016	-1.022674	0.000016	1.001546	-1.179290	
405	1.001339	-0.000025	-0.886027	0.000025	1.001339	-1.010232	
406	1.001129	-0.000031	-0.758280	0.000031	1.001129	-0.881682	
407	1.001151	-0.000078	-0.740341	0.000078	1.001151	-0.918568	
408	1.001069	-0.000043	-0.722341	0.000043	1.001069	-0.750250	
409	1.000984	-0.000047	-0.699508	0.000047	1.000984	-0.722566	
410	1.000936	-0.000071	-0.655770	0.000071	1.000936	-0.775826	
411	1.000807	-0.000165	-0.422465	0.000165	1.000807	-0.825275	
412	1.000633	-0.000119	-0.462444	0.000119	1.000633	-0.638664	
413	1.000634	-0.000108	-0.418321	0.000108	1.000634	-0.622272	
414	1.000649	-0.000074	-0.411440	0.000074	1.000649	-0.736801	
415	1.000580	-0.000071	-0.356485	0.000071	1.000580	-0.617319	
416	1.000409	-0.000064	-0.271429	0.000064	1.000409	-0.495936	
417	1.000530	-0.000026	-0.356589	0.000026	1.000530	-0.520664	
418	1.000406	-0.000065	-0.270313	0.000065	1.000406	-0.448492	
419	1.000258	-0.000057	-0.201851	0.000057	1.000258	-0.310050	
420	1.000442	0.000013	-0.266757	-0.000013	1.000442	-0.379297	
421	1.000449	0.000034	-0.241436	-0.000034	1.000449	-0.368162	
422	1.000361	0.000067	-0.192984	-0.000067	1.000361	-0.303596	
423	1.000348	0.000062	-0.212223	-0.000062	1.000348	-0.265731	
424	1.000283	0.000073	-0.147845	-0.000073	1.000283	-0.209930	
425	1.000253	0.000068	-0.111529	-0.000068	1.000253	-0.182780	
426	1.000263	0.000122	-0.144108	-0.000122	1.000263	-0.160967	
427	1.000188	0.000125	-0.047364	-0.000125	1.000188	-0.086321	
428	1.000115	0.000100	0.080500	-0.000100	1.000115	-0.054073	
429	1.000264	0.000091	-0.055703	-0.000091	1.000264	-0.195546	
430	1.000207	0.000108	-0.002204	-0.000108	1.000207	-0.079991	
431	1.000259	0.000138	-0.057442	-0.000138	1.000259	-0.077138	
432	1.000392	0.000089	-0.124841	-0.000089	1.000392	-0.246389	
433	1.000343	0.000090	-0.062733	-0.000090	1.000343	-0.213338	
434	1.000373	0.000078	-0.083907	-0.000078	1.000373	-0.213165	
435	1.000284	0.000138	-0.098459	-0.000138	1.000284	-0.096077	
436	1.000254	0.000124	0.019422	-0.000124	1.000254	-0.093104	
437	1.000300	0.000138	-0.072145	-0.000138	1.000300	-0.147153	
438	1.000070	0.000099	0.021767	-0.000099	1.000070	0.004910	
439	1.000135	0.000117	-0.045629	-0.000117	1.000135	0.013661	
440	1.000125	0.000114	-0.017656	-0.000114	1.000125	0.000944	
441	1.000057	0.000089	0.032614	-0.000089	1.000057	-0.007776	
442	0.999902	0.000193	-0.014187	-0.000193	0.999902	0.370969	
443	0.999923	0.000265	-0.033540	-0.000265	0.999923	0.509794	
444	0.999963	0.000260	-0.012500	-0.000260	0.999963	0.392521	
445	1.000007	0.000207	0.032849	-0.000207	1.000007	0.228244	
446	1.000007	0.000165	0.067776	-0.000165	1.000007	0.121934	
447	0.999995	0.000173	0.099229	-0.000173	0.999995	0.097051	
448	0.999940	0.000157	0.153988	-0.000157	0.999940	0.120840	
449	0.999928	0.000144	0.139622	-0.000144	0.999928	0.141946	
450	0.999921	0.000064	0.121953	-0.000064	0.999921	0.068197	
451	0.999851	0.000059	0.166880	-0.000059	0.999851	0.058906	
452	0.999909	0.000105	0.084097	-0.000105	0.999909	0.078996	
453	1.000025	0.000116	-0.005444	-0.000116	1.000025	0.066219	
454	1.000025	0.000100	0.068255	-0.000100	1.000025	0.035396	
455	1.000028	0.000109	0.089532	-0.000109	1.000028	0.035456	
456	1.000078	0.000137	0.036646	-0.000137	1.000078	0.060682	
457	0.999899	0.000215	0.188406	-0.000215	0.999899	0.215507	
458	0.999826	0.000196	0.256215	-0.000196	0.999826	0.156667	
459	0.999936	0.000163	0.181771	-0.000163	0.999936	0.051913	
460	1.000005	0.000142	0.171333	-0.000142	1.000005	0.076488	
461	1.000090	0.000219	0.058386	-0.000219	1.000090	0.159485	
462	1.000119	0.000145	0.089716	-0.000145	1.000119	0.023236	
463	1.000142	0.000081	0.118347	-0.000081	1.000142	-0.055618	
464	1.000172	0.000133	0.050828	-0.000133	1.000172	0.032210	
465	1.000163	0.000128	0.072457	-0.000128	1.000163	0.031353	
466	1.000089	0.000151	0.077674	-0.000151	1.000089	0.037757	
467	1.000085	0.000143	0.077943	-0.000143	1.000085	0.053603	
468	1.000100	0.000119	0.081193	-0.000119	1.000100	0.066369	
469	1.000095	0.000156	0.119506	-0.000156	1.000095	0.080081	
470	1.000097	0.000133	0.094124	-0.000133	1.000097	0.063350	
471	1.000087	0.000147	0.102453	-0.000147	1.000087	0.088376	
472	1.000111	0.000089	0.111360	-0.000089	1.000111	0.059272	
473	1.000129	0.000181	0.082786	-0.000181	1.000129	0.166778	
474	1.000206	0.000163	0.029844	-0.000163	1.000206	0.080646	
475	1.000312	0.000196	0.007499	-0.000196	1.000312	0.049134	
476	1.000285	0.000177	-0.016461	-0.000177	1.000285	0.053414	
477	1.000237	0.000197	0.042181	-0.000197	1.000237	0.069029	
478	1.000273	0.000200	0.042601	-0.000200	1.000273	0.060907	
479	1.000208	0.000215	0.066583	-0.000215	1.000208	0.063483	
480	1.000253	0.000144	0.032163	-0.000144	1.000253	0.035758	
481	1.000238	0.000165	0.037396	-0.000165	1.000238	0.099435	
482	1.000233	0.000093	0.068967	-0.000093	1.000233	0.011897	
483	1.000259	0.000111	0.039386	-0.000111	1.000259	-0.004264	
484	1.000179	0.000193	0.085370	-0.000193	1.000179	0.234795	
485	1.000151	0.000076	0.100613	-0.000076	1.000151	0.302463	
486	0.999987	0.000110	0.078645	-0.000110	0.999987	0.451730	
487	1.000208	0.000094	0.101090	-0.000094	1.000208	0.180646	
488	1.000282	0.000066	0.074953	-0.000066	1.000282	-0.061136	
489	1.000249	0.000110	0.068525	-0.000110	1.000249	-0.013679	
490	1.000274	0.000152	0.066831	-0.000152	1.000274	-0.003731	
491	1.000312	0.000286	-0.198008	-0.000286	1.000312	0.113765	
492	0.999969	0.000193	0.205410	-0.000193	0.999969	0.516399	
493	1.000222	0.000228	0.012279	-0.000228	1.000222	0.087369	
494	1.000336	0.000053	0.072232	-0.000053	1.000336	-0.356286	
495	1.000373	0.000189	0.044769	-0.000189	1.000373	-0.269114	
496	1.000105	0.000153	0.145487	-0.000153	1.000105	0.040796	
497	1.000167	0.000170	0.090835	-0.000170	1.000167	0.084212	
498	1.000197	0.000139	0.046542	-0.000139	1.000197	0.050748	
