0	1.000000	0.000000	0.000000	0.000000	1.000000	0.000000	
1	1.002074	-0.000725	-6.122538	0.000725	1.002074	-1.220420	
2	1.002413	-0.001069	-6.504760	0.001069	1.002413	-1.646714	
3	1.002642	-0.000922	-7.103543	0.000922	1.002642	-1.539245	
4	1.002596	-0.000716	-7.143144	0.000716	1.002596	-1.232672	
5	0.998669	0.001442	-13.686678	-0.001442	0.998669	1.584105	
6	0.999259	0.000705	-7.536333	-0.000705	0.999259	0.824459	
7	0.999272	0.000801	-8.245347	-0.000801	0.999272	0.713008	
8	0.999635	0.000891	-9.279583	-0.000891	0.999635	0.619591	
9	0.999232	0.000944	-9.812649	-0.000944	0.999232	0.720921	
10	0.998529	0.002167	-24.243614	-0.002167	0.998529	1.649336	
11	0.998952	0.001331	-14.564860	-0.001331	0.998952	1.100076	
12	0.998950	0.001559	-16.804062	-0.001559	0.998950	1.315041	
13	0.998488	0.002214	-19.306649	-0.002214	0.998488	1.815965	
14	0.998142	0.002208	-21.146185	-0.002208	0.998142	1.689181	
15	0.999125	0.003445	-50.162277	-0.003445	0.999125	2.121292	
16	0.999433	0.002324	-27.444114	-0.002324	0.999433	1.469805	
17	0.999337	0.002285	-28.613786	-0.002285	0.999337	1.551436	
18	1.002383	0.001995	-30.706572	-0.001995	1.002383	0.728748	
19	1.001763	0.002108	-29.639132	-0.002108	1.001763	0.971446	
20	1.003639	0.002955	-55.949132	-0.002955	1.003639	1.178097	
21	1.000029	0.001746	-25.553084	-0.001746	1.000029	0.966082	
22	0.998243	0.002429	-23.802582	-0.002429	0.998243	2.029945	
23	0.999572	0.002329	-23.359209	-0.002329	0.999572	1.761566	
24	0.998226	0.002337	-21.769632	-0.002337	0.998226	2.017234	
25	0.999169	0.003327	-41.408749	-0.003327	0.999169	2.593351	
26	0.997253	0.002056	-17.961771	-0.002056	0.997253	1.965361	
27	0.998938	0.001616	-18.386510	-0.001616	0.998938	1.217392	
28	0.999564	0.001915	-17.780374	-0.001915	0.999564	1.193590	
29	0.998792	0.001729	-17.033261	-0.001729	0.998792	1.352666	
30	1.001826	0.001963	-32.909132	-0.001963	1.001826	0.798786	
31	0.998888	0.001521	-14.382914	-0.001521	0.998888	1.298666	
32	0.999285	0.001483	-13.048517	-0.001483	0.999285	1.103384	
33	1.000414	0.001223	-11.939800	-0.001223	1.000414	0.612952	
34	0.999701	0.000954	-10.124356	-0.000954	0.999701	0.609381	
35	1.000356	0.001627	-16.162637	-0.001627	1.000356	0.944679	
36	1.001312	-0.000835	-5.054662	0.000835	1.001312	-0.679952	
37	1.001123	-0.000720	-4.131566	0.000720	1.001123	-0.616520	
38	1.000780	-0.000434	-3.060739	0.000434	1.000780	-0.395352	
39	1.000562	-0.000427	-2.380287	0.000427	1.000562	-0.376055	
40	1.000692	-0.000601	-2.663179	0.000601	1.000692	-0.593598	
41	1.000095	-0.000200	-0.484887	0.000200	1.000095	-0.160750	
42	1.000043	-0.000080	-0.134317	0.000080	1.000043	-0.029384	
43	0.999938	0.000004	0.228873	-0.000004	0.999938	0.016675	
44	0.999914	0.000005	0.313324	-0.000005	0.999914	0.016733	
45	0.999929	-0.000018	0.493916	0.000018	0.999929	-0.030434	
46	0.999922	0.000016	0.267698	-0.000016	0.999922	-0.021107	
47	1.000014	-0.000034	0.018067	0.000034	1.000014	-0.040438	
48	1.000052	0.000005	-0.020319	-0.000005	1.000052	-0.012620	
49	1.000062	-0.000014	-0.043986	0.000014	1.000062	-0.022682	
50	1.000062	-0.000027	-0.077374	0.000027	1.000062	-0.058705	
51	1.000011	-0.000041	-0.036634	0.000041	1.000011	-0.058364	
52	1.000016	-0.000062	-0.011191	0.000062	1.000016	-0.172952	
53	1.000024	-0.000068	-0.016059	0.000068	1.000024	-0.102060	
54	1.000025	-0.000065	-0.019491	0.000065	1.000025	-0.053847	
55	1.000111	-0.000052	-0.046424	0.000052	1.000111	-0.010007	
56	1.000085	-0.000038	-0.067197	0.000038	1.000085	0.135153	
57	1.000067	-0.000070	-0.041611	0.000070	1.000067	0.028693	
58	1.000015	-0.000095	0.012785	0.000095	1.000015	-0.070054	
59	0.999964	-0.000082	0.078888	0.000082	0.999964	-0.122284	
60	0.999926	-0.000037	0.140496	0.000037	0.999926	-0.181754	
61	1.000003	-0.000075	0.019377	0.000075	1.000003	-0.043604	
62	1.000039	-0.000057	0.032403	0.000057	1.000039	0.004711	
63	1.000051	-0.000013	0.047838	0.000013	1.000051	0.195095	
64	0.999979	-0.000047	0.000742	0.000047	0.999979	0.027993	
65	0.999930	-0.000148	0.032383	0.000148	0.999930	-0.069160	
66	0.999904	-0.000102	0.044923	0.000102	0.999904	-0.208222	
67	0.999886	-0.000145	0.075108	0.000145	0.999886	-0.217937	
68	0.999893	-0.000107	0.032675	0.000107	0.999893	-0.119308	
69	0.999940	-0.000120	0.018531	0.000120	0.999940	0.052430	
70	0.999868	0.000037	0.307819	-0.000037	0.999868	0.220794	
71	0.999888	-0.000021	0.305694	0.000021	0.999888	0.014221	
72	0.999835	-0.000043	0.357341	0.000043	0.999835	-0.014104	
73	0.999828	-0.000066	0.546057	0.000066	0.999828	-0.203604	
74	0.999778	-0.000097	0.672363	0.000097	0.999778	-0.042038	
75	0.999486	0.000288	2.296072	-0.000288	0.999486	0.274105	
76	0.999507	0.000027	1.737308	-0.000027	0.999507	0.202988	
77	0.999363	0.000142	2.307541	-0.000142	0.999363	0.255979	
78	0.999416	0.000281	2.645780	-0.000281	0.999416	0.308956	
79	0.998840	0.000140	3.467597	-0.000140	0.998840	0.297059	
80	0.999310	-0.001074	8.828437	0.001074	0.999310	-0.535423	
81	0.999026	0.000483	4.232190	-0.000483	0.999026	0.452870	
82	0.998915	0.000467	4.489350	-0.000467	0.998915	0.528765	
83	0.998976	0.000587	4.706209	-0.000587	0.998976	0.590544	
84	0.998151	0.000484	5.560086	-0.000484	0.998151	0.773287	
85	0.999671	-0.001079	11.745655	0.001079	0.999671	-0.607630	
86	0.997256	0.000289	6.542455	-0.000289	0.997256	0.836146	
87	0.998017	0.000499	5.805641	-0.000499	0.998017	0.763381	
88	0.998961	0.000773	4.966893	-0.000773	0.998961	0.705050	
89	0.997758	0.000401	6.010010	-0.000401	0.997758	0.822827	
90	1.000069	-0.001049	11.113564	0.001049	1.000069	-0.660368	
91	0.998950	0.000616	4.562106	-0.000616	0.998950	0.584633	
92	0.999066	0.000577	4.337707	-0.000577	0.999066	0.521921	
93	0.999103	0.000640	4.231252	-0.000640	0.999103	0.538760	
94	0.999072	0.000456	4.196810	-0.000456	0.999072	0.439097	
95	0.999847	-0.000934	9.655712	0.000934	0.999847	-0.531141	
96	0.999191	0.000512	4.104841	-0.000512	0.999191	0.499067	
97	0.999309	0.000533	4.085551	-0.000533	0.999309	0.486682	
98	0.998884	0.000646	4.337748	-0.000646	0.998884	0.638353	
99	0.998939	0.000474	4.244979	-0.000474	0.998939	0.501988	
100	0.999920	-0.001071	9.712597	0.001071	0.999920	-0.735779	
101	0.999094	0.000495	4.245223	-0.000495	0.999094	0.498076	
102	0.999300	0.000567	4.059383	-0.000567	0.999300	0.538582	
103	0.999226	0.000628	4.036849	-0.000628	0.999226	0.577795	
104	0.999089	0.000532	4.132363	-0.000532	0.999089	0.545707	
105	0.997795	0.000018	10.026652	-0.000018	0.997795	0.569504	
106	0.999224	0.000515	3.982986	-0.000515	0.999224	0.480004	
107	0.999397	0.000464	3.863692	-0.000464	0.999397	0.370015	
108	0.999496	0.000528	3.748527	-0.000528	0.999496	0.413011	
109	0.999250	0.000396	3.817078	-0.000396	0.999250	0.383975	
110	1.001848	0.000202	6.704760	-0.000202	1.001848	-0.425038	
111	0.999399	0.000389	3.504734	-0.000389	0.999399	0.344735	
112	0.999523	0.000389	3.335850	-0.000389	0.999523	0.331846	
113	0.999610	0.000456	3.173016	-0.000456	0.999610	0.322170	
114	0.999427	0.000341	3.183174	-0.000341	0.999427	0.263187	
115	0.998332	0.000003	7.503946	-0.000003	0.998332	0.339231	
116	0.999560	0.000319	3.057951	-0.000319	0.999560	0.228413	
117	0.999712	0.000377	3.324638	-0.000377	0.999712	0.266972	
118	0.999634	0.000500	3.748173	-0.000500	0.999634	0.403551	
119	0.999471	0.000680	4.253879	-0.000680	0.999471	0.563939	
120	1.001021	-0.001405	13.780257	0.001405	1.001021	-1.447852	
121	0.999955	-0.000976	8.522360	0.000976	0.999955	-0.731949	
122	1.000021	-0.000051	0.000523	0.000051	1.000021	-0.045520	
123	1.000816	-0.000936	9.335082	0.000936	1.000816	-1.141674	
124	1.000516	-0.000995	10.785101	0.000995	1.000516	-1.348763	
125	1.000393	-0.002290	23.738253	0.002290	1.000393	-2.470917	
126	1.001079	-0.001417	12.457133	0.001417	1.001079	-1.925236	
127	1.000328	-0.001369	13.355467	0.001369	1.000328	-1.879772	
128	1.001633	-0.001493	13.593911	0.001493	1.001633	-2.259318	
129	1.001059	-0.001479	14.954370	0.001479	1.001059	-2.142158	
130	1.002267	-0.002900	31.002807	0.002900	1.002267	-4.168919	
131	1.001015	-0.001632	15.851016	0.001632	1.001015	-1.808671	
132	1.001059	-0.001658	14.857084	0.001658	1.001059	-1.449963	
133	1.001910	-0.001534	12.518924	0.001534	1.001910	-1.356561	
134	1.000308	-0.000930	11.314916	0.000930	1.000308	-0.350368	
135	1.001836	-0.001662	14.997519	0.001662	1.001836	-0.660408	
136	1.001273	0.000386	3.280117	-0.000386	1.001273	0.343692	
137	1.000008	0.000408	2.195158	-0.000408	1.000008	0.444325	
138	0.999880	0.000217	1.173280	-0.000217	0.999880	0.128571	
139	0.999867	-0.000034	0.113102	0.000034	0.999867	-0.237867	
140	1.000003	-0.000439	-1.953450	0.000439	1.000003	-0.518273	
141	0.999956	-0.000358	-1.710602	0.000358	0.999956	-0.239801	
142	1.000028	-0.000397	-2.256782	0.000397	1.000028	-0.231617	
143	0.999955	-0.000652	-2.722317	0.000652	0.999955	-0.377093	
144	1.000323	-0.000707	-3.600890	0.000707	1.000323	-0.502836	
145	0.999061	0.001006	-10.471479	-0.001006	0.999061	0.783227	
146	0.998116	-0.000216	-4.505163	0.000216	0.998116	0.260854	
147	1.002429	-0.000641	-7.336334	0.000641	1.002429	-1.132222	
148	1.002099	-0.000401	-7.726573	0.000401	1.002099	-0.849180	
149	1.002785	-0.000705	-8.401076	0.000705	1.002785	-1.181802	
150	0.999491	0.001488	-15.518777	-0.001488	0.999491	1.121951	
151	1.002373	-0.000129	-8.741608	0.000129	1.002373	-0.696809	
152	0.999840	0.000943	-7.781323	-0.000943	0.999840	0.604923	
153	0.999882	0.000922	-7.692301	-0.000922	0.999882	0.502720	
154	1.001537	0.000476	-8.136984	-0.000476	1.001537	-0.199806	
155	0.999567	0.001345	-14.249685	-0.001345	0.999567	0.973735	
156	1.003059	-0.000532	-7.641598	0.000532	1.003059	-1.096594	
157	0.999865	0.000809	-6.501967	-0.000809	0.999865	0.592600	
158	1.002734	-0.000549	-7.106049	0.000549	1.002734	-1.028947	
159	0.998646	-0.000172	-4.726719	0.000172	0.998646	0.245197	
160	0.999843	0.001209	-12.350233	-0.001209	0.999843	0.619935	
161	0.998761	-0.000026	-4.643173	0.000026	0.998761	0.253135	
162	1.003475	-0.000872	-6.405569	0.000872	1.003475	-1.237211	
163	1.002372	-0.000426	-6.440680	0.000426	1.002372	-0.857978	
164	1.002595	-0.000344	-6.543135	0.000344	1.002595	-0.842006	
165	0.999412	0.001111	-11.334375	-0.001111	0.999412	0.839546	
166	1.001077	-0.000642	-4.788421	0.000642	1.001077	-0.671740	
167	1.000706	-0.000567	-4.517468	0.000567	1.000706	-0.521820	
168	1.000762	-0.000703	-4.430315	0.000703	1.000762	-0.639682	
169	1.000883	-0.000649	-4.416692	0.000649	1.000883	-0.598435	
170	0.999933	0.001244	-10.059784	-0.001244	0.999933	0.777961	
171	1.000835	-0.000540	-4.048669	0.000540	1.000835	-0.531020	
172	1.000689	-0.000502	-3.839309	0.000502	1.000689	-0.468413	
173	1.000769	-0.000535	-3.711450	0.000535	1.000769	-0.510619	
174	1.000724	-0.000370	-3.530528	0.000370	1.000724	-0.401231	
175	1.000690	0.000751	-7.769494	-0.000751	1.000690	0.253573	
176	1.000529	-0.000203	-2.856605	0.000203	1.000529	-0.218901	
177	1.000435	-0.000062	-2.687014	0.000062	1.000435	-0.121659	
178	1.000490	-0.000177	-2.478431	0.000177	1.000490	-0.193973	
179	1.000403	-0.000172	-2.266471	0.000172	1.000403	-0.186458	
180	1.000413	-0.000163	-3.708335	0.000163	1.000413	-0.229111	
181	1.000192	-0.000061	-1.332966	0.000061	1.000192	-0.108707	
182	1.000124	0.000012	-1.081658	-0.000012	1.000124	-0.066672	
183	1.000125	-0.000011	-0.826726	0.000011	1.000125	-0.054771	
184	1.000097	0.000030	-0.481182	-0.000030	1.000097	-0.027368	
185	1.000046	0.000118	-0.190452	-0.000118	1.000046	0.023679	
186	1.000045	0.000158	0.218261	-0.000158	1.000045	0.086056	
187	1.000066	0.000121	0.239178	-0.000121	1.000066	0.060397	
188	1.000024	0.000105	0.200359	-0.000105	1.000024	0.055123	
189	1.000041	0.000075	0.067161	-0.000075	1.000041	0.039501	
190	1.000063	0.000087	0.036347	-0.000087	1.000063	0.049956	
191	1.000072	0.000071	0.005058	-0.000071	1.000072	0.035518	
192	1.000054	0.000068	0.016318	-0.000068	1.000054	0.038338	
193	1.000050	0.000056	0.011295	-0.000056	1.000050	0.032838	
194	1.000065	0.000044	0.000742	-0.000044	1.000065	0.023474	
195	1.000041	0.000091	0.034370	-0.000091	1.000041	0.043942	
196	1.000006	0.000056	0.046950	-0.000056	1.000006	0.032599	
197	0.999948	0.000038	0.100595	-0.000038	0.999948	0.025237	
198	0.999979	0.000040	0.049423	-0.000040	0.999979	0.021306	
199	0.999987	0.000050	0.036936	-0.000050	0.999987	0.024181	
200	0.999962	0.000012	0.108679	-0.000012	0.999962	0.025591	
201	0.999950	0.000018	0.043852	-0.000018	0.999950	0.024300	
202	0.999944	-0.000004	0.044401	0.000004	0.999944	0.016332	
203	0.999940	-0.000019	0.054927	0.000019	0.999940	0.008135	
204	0.999954	-0.000013	0.048199	0.000013	0.999954	0.008442	
205	0.999920	-0.000046	0.145222	0.000046	0.999920	0.012117	
206	0.999918	-0.000028	0.080720	0.000028	0.999918	0.006687	
207	0.999932	-0.000038	0.065176	0.000038	0.999932	0.008592	
208	0.999946	-0.000056	0.055084	0.000056	0.999946	-0.002638	
209	0.999976	-0.000035	0.029267	0.000035	0.999976	-0.000885	
210	0.999984	-0.000014	0.081270	0.000014	0.999984	0.027749	
211	0.999940	-0.000010	0.058650	0.000010	0.999940	0.014435	
212	0.999919	-0.000003	0.090392	0.000003	0.999919	0.007640	
213	0.999913	-0.000004	0.147868	0.000004	0.999913	0.010259	
214	0.999931	-0.000024	0.103015	0.000024	0.999931	-0.004896	
215	0.999920	0.000014	0.283524	-0.000014	0.999920	0.045397	
216	0.999881	-0.000026	0.307108	0.000026	0.999881	0.027414	
217	0.999926	-0.000025	0.278223	0.000025	0.999926	0.024931	
218	0.999920	-0.000002	0.315574	0.000002	0.999920	0.033378	
219	0.999932	0.000013	0.374699	-0.000013	0.999932	0.033354	
220	0.999867	0.000131	0.687762	-0.000131	0.999867	0.115214	
221	0.999961	0.000013	0.445723	-0.000013	0.999961	0.002131	
222	0.999902	0.000030	0.507975	-0.000030	0.999902	0.046430	
223	0.999907	0.000062	0.480500	-0.000062	0.999907	0.068275	
224	0.999919	0.000050	0.515073	-0.000050	0.999919	0.053840	
225	0.999881	0.000010	0.916302	-0.000010	0.999881	0.091587	
226	0.999951	0.000048	0.626186	-0.000048	0.999951	0.011803	
227	0.999859	-0.000060	0.826678	0.000060	0.999859	-0.093963	
228	0.999806	0.000066	1.078868	-0.000066	0.999806	0.026754	
229	0.999960	0.000085	1.604292	-0.000085	0.999960	-0.081174	
230	0.999806	-0.000714	7.435988	0.000714	0.999806	-0.750620	
231	0.999871	0.000479	4.583993	-0.000479	0.999871	0.175580	
232	0.997938	0.000256	7.474134	-0.000256	0.997938	0.508760	
233	1.000056	-0.000906	8.411175	0.000906	1.000056	-0.803738	
234	1.000818	-0.000880	9.405077	0.000880	1.000818	-0.980890	
235	1.001208	-0.002191	23.301641	0.002191	1.001208	-2.274562	
236	1.001829	-0.001522	12.368431	0.001522	1.001829	-1.528649	
237	1.000686	-0.001509	13.420196	0.001509	1.000686	-1.303242	
238	1.001076	-0.001625	13.447994	0.001625	1.001076	-1.537390	
239	1.001758	-0.001595	13.031660	0.001595	1.001758	-1.633338	
240	1.001528	-0.002289	23.578652	0.002289	1.001528	-1.495717	
241	1.000592	-0.000864	8.522525	0.000864	1.000592	-0.365653	
242	1.001680	0.000194	4.465089	-0.000194	1.001680	-0.159340	
243	0.999776	0.000504	2.788414	-0.000504	0.999776	0.667889	
244	0.999902	-0.000026	0.824610	0.000026	0.999902	0.071800	
245	1.000207	-0.000432	-2.347212	0.000432	1.000207	-0.490378	
246	1.000161	-0.000394	-2.412927	0.000394	1.000161	-0.446444	
247	1.000397	-0.000522	-2.931272	0.000522	1.000397	-0.468937	
248	1.000125	-0.000655	-2.990570	0.000655	1.000125	-0.468302	
249	1.000258	-0.000675	-3.176643	0.000675	1.000258	-0.476614	
250	0.999807	0.000765	-7.121962	-0.000765	0.999807	0.585787	
251	1.000146	-0.000443	-2.606931	0.000443	1.000146	-0.333331	
252	1.000189	-0.000335	-2.575908	0.000335	1.000189	-0.298457	
253	1.000036	-0.000338	-2.244125	0.000338	1.000036	-0.248926	
254	1.000068	-0.000320	-2.107453	0.000320	1.000068	-0.216228	
255	1.000265	-0.000461	-3.764581	0.000461	1.000265	-0.312210	
256	1.000007	-0.000293	-1.529750	0.000293	1.000007	-0.190510	
257	1.000020	-0.000130	-1.281693	0.000130	1.000020	-0.113760	
258	0.999969	-0.000077	-1.122312	0.000077	0.999969	-0.119790	
259	1.000010	-0.000076	-1.035746	0.000076	1.000010	-0.149100	
260	1.000053	-0.000254	-1.645376	0.000254	1.000053	-0.218477	
261	0.999991	-0.000100	-0.595686	0.000100	0.999991	-0.055511	
262	0.999947	-0.000031	-0.469300	0.000031	0.999947	-0.003656	
263	1.000033	-0.000035	-0.463392	0.000035	1.000033	-0.014138	
264	1.000055	-0.000051	-0.433444	0.000051	1.000055	-0.027924	
265	0.999991	-0.000090	-0.549802	0.000090	0.999991	-0.062558	
266	1.000076	-0.000015	-0.269809	0.000015	1.000076	-0.023272	
267	1.000052	0.000089	-0.288292	-0.000089	1.000052	0.024782	
268	1.000040	0.000036	-0.247100	-0.000036	1.000040	-0.000397	
269	0.999980	0.000064	0.009945	-0.000064	0.999980	0.035726	
270	1.000039	0.000066	-0.013086	-0.000066	1.000039	0.026865	
271	1.000034	0.000017	-0.002480	-0.000017	1.000034	-0.000422	
272	1.000043	0.000005	-0.009909	-0.000005	1.000043	0.001111	
273	1.000087	-0.000019	-0.034743	0.000019	1.000087	-0.007262	
274	1.000086	-0.000035	-0.038689	0.000035	1.000086	-0.020040	
275	1.000051	-0.000034	-0.039789	0.000034	1.000051	0.010699	
276	1.000117	-0.000079	-0.063694	0.000079	1.000117	-0.030849	
277	1.000064	-0.000077	-0.033196	0.000077	1.000064	-0.024678	
278	0.999988	0.000027	-0.033363	-0.000027	0.999988	0.070784	
279	1.000001	0.000038	-0.044637	-0.000038	1.000001	0.047682	
280	0.999967	-0.000012	-0.289358	0.000012	0.999967	-0.025085	
281	1.000034	0.000038	-0.352956	-0.000038	1.000034	0.023991	
282	1.000026	-0.000050	-0.468892	0.000050	1.000026	-0.036188	
283	1.000025	-0.000074	-0.674331	0.000074	1.000025	-0.062201	
284	0.999987	-0.000038	-1.024558	0.000038	0.999987	-0.040403	
285	1.000081	-0.000185	-3.323255	0.000185	1.000081	-0.131787	
286	1.000084	-0.000323	-2.271202	0.000323	1.000084	-0.275465	
287	0.999994	-0.000221	-2.429866	0.000221	0.999994	-0.226040	
288	0.999987	-0.000239	-2.642045	0.000239	0.999987	-0.238361	
289	1.000125	-0.000345	-2.788785	0.000345	1.000125	-0.324362	
290	1.001768	-0.000359	-7.151238	0.000359	1.001768	-0.741616	
291	1.000080	-0.000233	-2.563378	0.000233	1.000080	-0.194207	
292	1.000005	-0.000239	-2.286866	0.000239	1.000005	-0.198829	
293	0.999929	-0.000172	-1.915762	0.000172	0.999929	-0.140091	
294	1.000022	-0.000076	-1.482627	0.000076	1.000022	-0.080482	
295	0.999995	-0.000116	-2.020848	0.000116	0.999995	-0.133019	
296	1.000006	-0.000017	-0.592375	0.000017	1.000006	0.003632	
297	1.000028	0.000024	-0.421225	-0.000024	1.000028	0.008253	
298	0.999888	0.000029	-0.047901	-0.000029	0.999888	0.051080	
299	0.999909	0.000053	0.052177	-0.000053	0.999909	0.035732	
300	0.999962	0.000008	0.033069	-0.000008	0.999962	0.004742	
301	0.999983	0.000060	0.015523	-0.000060	0.999983	0.023828	
302	0.999982	0.000080	0.029836	-0.000080	0.999982	0.044525	
303	1.000016	0.000098	0.004064	-0.000098	1.000016	0.048775	
304	1.000037	0.000066	0.002233	-0.000066	1.000037	0.029659	
305	1.000083	0.000092	-0.017267	-0.000092	1.000083	0.062706	
306	1.000086	0.000040	-0.031249	-0.000040	1.000086	0.025317	
307	1.000067	0.000055	-0.021610	-0.000055	1.000067	0.026007	
308	1.000086	0.000058	-0.032925	-0.000058	1.000086	0.016157	
309	1.000073	0.000046	-0.019861	-0.000046	1.000073	0.007980	
310	0.999998	0.000089	0.022453	-0.000089	0.999998	0.038023	
311	1.000013	0.000038	0.002889	-0.000038	1.000013	-0.004239	
312	1.000021	0.000026	-0.008005	-0.000026	1.000021	-0.002346	
313	1.000018	0.000022	-0.001250	-0.000022	1.000018	-0.004985	
314	1.000004	0.000017	0.008388	-0.000017	1.000004	-0.008276	
315	1.000000	0.000032	0.012658	-0.000032	1.000000	0.009408	
316	1.000037	0.000016	-0.017554	-0.000016	1.000037	-0.000330	
317	1.000045	0.000051	-0.017153	-0.000051	1.000045	0.020787	
318	1.000078	0.000033	-0.039648	-0.000033	1.000078	0.008895	
319	1.000100	0.000029	-0.047059	-0.000029	1.000100	0.001805	
320	1.000037	-0.000013	-0.012232	0.000013	1.000037	-0.007616	
321	1.000051	-0.000048	-0.045439	0.000048	1.000051	-0.045641	
322	1.000105	-0.000027	-0.049840	0.000027	1.000105	-0.020080	
323	1.000098	-0.000043	-0.064967	0.000043	1.000098	-0.039617	
324	1.000168	-0.000071	-0.096286	0.000071	1.000168	-0.045810	
325	1.000017	-0.000047	-0.033477	0.000047	1.000017	-0.026187	
326	1.000062	-0.000037	-0.054581	0.000037	1.000062	-0.041253	
327	1.000042	-0.000037	-0.044078	0.000037	1.000042	-0.043841	
328	1.000050	-0.000044	-0.055098	0.000044	1.000050	-0.048378	
329	1.000069	-0.000052	-0.069054	0.000052	1.000069	-0.054864	
330	1.000051	-0.000031	-0.041997	0.000031	1.000051	-0.021259	
331	1.000053	-0.000069	-0.066042	0.000069	1.000053	-0.047211	
332	1.000086	-0.000054	-0.064310	0.000054	1.000086	-0.031080	
333	1.000072	-0.000041	-0.049287	0.000041	1.000072	-0.021069	
334	1.000049	-0.000044	-0.029803	0.000044	1.000049	-0.018448	
335	1.000045	-0.000010	-0.007054	0.000010	1.000045	0.006987	
336	1.000036	-0.000057	-0.039230	0.000057	1.000036	-0.027485	
337	1.000005	-0.000047	-0.024611	0.000047	1.000005	-0.027313	
338	0.999982	-0.000033	-0.006440	0.000033	0.999982	-0.013753	
339	1.000011	-0.000008	-0.016761	0.000008	1.000011	-0.004744	
340	1.000003	-0.000006	-0.009462	0.000006	1.000003	-0.004736	
341	0.999992	-0.000021	-0.008280	0.000021	0.999992	-0.026550	
342	0.999889	-0.000052	0.038151	0.000052	0.999889	-0.037607	
343	0.999983	-0.000022	-0.010032	0.000022	0.999983	-0.022689	
344	0.999997	-0.000010	-0.019564	0.000010	0.999997	-0.012332	
345	1.000012	-0.000016	-0.024765	0.000016	1.000012	-0.017953	
346	0.999918	-0.000047	0.010838	0.000047	0.999918	-0.045858	
347	0.999917	-0.000042	0.005329	0.000042	0.999917	-0.033155	
348	0.999933	-0.000020	-0.006075	0.000020	0.999933	-0.016973	
349	0.999950	-0.000042	-0.009826	0.000042	0.999950	-0.039657	
350	1.000044	-0.000012	-0.034567	0.000012	1.000044	-0.027171	
351	0.999925	-0.000090	0.006946	0.000090	0.999925	-0.057469	
352	0.999965	-0.000054	-0.018135	0.000054	0.999965	-0.033349	
353	0.999958	-0.000055	-0.015377	0.000055	0.999958	-0.028983	
354	0.999920	-0.000046	0.003775	0.000046	0.999920	-0.029634	
355	1.000046	-0.000004	-0.019897	0.000004	1.000046	-0.033087	
356	0.999957	-0.000020	-0.009234	0.000020	0.999957	-0.047524	
357	0.999980	-0.000033	-0.014070	0.000033	0.999980	-0.064214	
358	1.000044	-0.000043	-0.029363	0.000043	1.000044	-0.062732	
359	1.000073	-0.000052	-0.042046	0.000052	1.000073	-0.064819	
360	1.000110	-0.000092	0.333009	0.000092	1.000110	-0.176942	
361	1.000010	-0.000063	0.433956	0.000063	1.000010	-0.132478	
362	1.000082	0.000027	0.651720	-0.000027	1.000082	-0.052500	
363	0.999961	0.000049	1.088814	-0.000049	0.999961	-0.093401	
364	1.000099	0.000194	1.688802	-0.000194	1.000099	-0.140723	
365	0.998489	0.000188	7.258305	-0.000188	0.998489	-0.027202	
366	1.000016	0.000606	4.185298	-0.000606	1.000016	0.033182	
367	1.001831	0.000128	4.882254	-0.000128	1.001831	-0.849543	
368	1.000151	-0.000927	7.409027	0.000927	1.000151	-0.869370	
369	1.002618	0.000114	5.739899	-0.000114	1.002618	-0.731670	
370	1.001349	-0.001995	18.227610	0.001995	1.001349	-2.247157	
371	1.001014	-0.001036	10.300841	0.001036	1.001014	-1.278429	
372	1.000717	-0.001058	11.828092	0.001058	1.000717	-1.304347	
373	1.001044	-0.001716	13.179937	0.001716	1.001044	-1.946949	
374	1.002245	-0.001707	13.542290	0.001707	1.002245	-2.248840	
375	1.000031	-0.002360	30.519046	0.002360	1.000031	-2.152738	
376	1.003005	-0.001929	12.930037	0.001929	1.003005	-1.935788	
377	1.000729	-0.001166	12.418409	0.001166	1.000729	-0.686554	
378	1.000454	-0.000980	10.714795	0.000980	1.000454	-0.465012	
379	1.001103	-0.000918	8.511803	0.000918	1.001103	-0.637911	
380	1.000745	-0.001363	12.979250	0.001363	1.000745	-1.312125	
381	0.999816	0.000602	3.453767	-0.000602	0.999816	0.205284	
382	0.999864	0.000428	2.425190	-0.000428	0.999864	0.167883	
383	1.000021	0.000240	1.358958	-0.000240	1.000021	0.193289	
384	1.000059	0.000077	0.594877	-0.000077	1.000059	0.090832	
385	1.000068	-0.000149	-0.592471	0.000149	1.000068	0.112474	
386	1.000007	-0.000127	-0.818014	0.000127	1.000007	-0.112592	
387	1.000120	-0.000151	-1.154545	0.000151	1.000120	-0.162198	
388	1.000077	-0.000145	-1.503505	0.000145	1.000077	-0.184966	
389	1.000063	-0.000281	-2.052237	0.000281	1.000063	-0.263426	
390	1.000111	0.000539	-6.897385	-0.000539	1.000111	0.433934	
391	0.999999	-0.000451	-3.212133	0.000451	0.999999	-0.214590	
392	1.000247	-0.000673	-3.795713	0.000673	1.000247	-0.498004	
393	1.000110	-0.000732	-4.010492	0.000732	1.000110	-0.558980	
394	0.998095	-0.000191	-3.716446	0.000191	0.998095	0.263325	
395	0.999464	0.001115	-11.704617	-0.001115	0.999464	0.652122	
396	0.999404	0.000642	-6.024034	-0.000642	0.999404	0.508539	
397	0.998004	-0.000136	-4.644351	0.000136	0.998004	0.427127	
398	1.001672	-0.000303	-6.991368	0.000303	1.001672	-0.578535	
399	1.002034	-0.000623	-7.053534	0.000623	1.002034	-0.941304	
400	0.999871	0.001337	-13.357837	-0.001337	0.999871	0.764355	
401	0.997674	-0.000142	-4.565365	0.000142	0.997674	0.394537	
402	0.998105	-0.000004	-4.768778	0.000004	0.998105	0.362296	
403	1.002034	-0.000506	-6.784814	0.000506	1.002034	-0.837548	
404	0.998011	-0.000156	-4.379089	0.000156	0.998011	0.413055	
405	0.999761	0.001238	-11.906718	-0.001238	0.999761	0.896379	
406	1.000371	-0.000771	-4.345619	0.000771	1.000371	-0.594856	
407	1.000622	-0.000647	-4.351064	0.000647	1.000622	-0.592563	
408	1.000443	-0.000677	-3.996916	0.000677	1.000443	-0.548345	
409	1.000299	-0.000646	-3.783324	0.000646	1.000299	-0.492231	
410	0.999807	0.000917	-8.829043	-0.000917	0.999807	0.650169	
411	1.000332	-0.000412	-3.230046	0.000412	1.000332	-0.302046	
412	1.000311	-0.000258	-3.008056	0.000258	1.000311	-0.238619	
413	1.000207	-0.000411	-2.783232	0.000411	1.000207	-0.312713	
414	1.000215	-0.000340	-2.622032	0.000340	1.000215	-0.272114	
415	0.998680	-0.000153	-4.312286	0.000153	0.998680	0.198242	
416	1.000135	-0.000263	-2.124330	0.000263	1.000135	-0.210103	
417	1.000175	0.000001	-2.085869	-0.000001	1.000175	-0.027600	
418	1.000034	-0.000073	-1.787384	0.000073	1.000034	-0.043895	
419	1.000092	-0.000159	-1.700494	0.000159	1.000092	-0.107864	
420	1.000019	-0.000277	-2.717793	0.000277	1.000019	-0.257783	
421	0.999996	-0.000134	-1.046121	0.000134	0.999996	-0.116782	
422	1.000022	-0.000129	-0.826896	0.000129	1.000022	-0.091495	
423	1.000065	-0.000038	-0.590263	0.000038	1.000065	-0.024400	
424	1.000088	-0.000018	-0.402173	0.000018	1.000088	-0.005810	
425	1.000043	0.000100	0.179474	-0.000100	1.000043	0.115593	
426	1.000068	0.000036	0.255612	-0.000036	1.000068	0.061789	
427	1.000021	0.000001	0.492599	-0.000001	1.000021	-0.039804	
428	1.000077	0.000101	0.596251	-0.000101	1.000077	-0.015762	
429	0.999984	0.000056	0.952226	-0.000056	0.999984	-0.041548	
430	1.000098	0.000202	2.800561	-0.000202	1.000098	-0.147515	
431	1.000040	0.000150	1.283027	-0.000150	1.000040	0.203390	
432	1.000023	0.000012	1.137930	-0.000012	1.000023	0.086451	
433	1.000050	0.000097	0.854305	-0.000097	1.000050	0.068383	
434	0.999998	0.000131	0.863094	-0.000131	0.999998	0.092098	
435	0.999994	0.000181	2.281997	-0.000181	0.999994	-0.017898	
436	0.999935	0.000000	1.296785	-0.000000	0.999935	-0.182846	
437	1.000015	0.000080	1.419520	-0.000080	1.000015	-0.132901	
438	1.000001	0.000165	1.556240	-0.000165	1.000001	0.110726	
439	0.999955	0.000210	1.671073	-0.000210	0.999955	0.173660	
440	0.999985	0.000433	3.452773	-0.000433	0.999985	0.324837	
441	0.999922	0.000088	1.933336	-0.000088	0.999922	0.113078	
442	0.999947	0.000158	1.943003	-0.000158	0.999947	0.104332	
443	0.999983	0.000242	1.938804	-0.000242	0.999983	0.142550	
444	0.999902	0.000148	2.062277	-0.000148	0.999902	0.049452	
445	0.998851	0.000329	4.559075	-0.000329	0.998851	0.294769	
446	0.999951	0.000248	1.721089	-0.000248	0.999951	0.153086	
447	0.999998	0.000150	1.605942	-0.000150	0.999998	0.035340	
448	1.000136	0.000132	1.309545	-0.000132	1.000136	0.035891	
449	1.000002	0.000209	1.269414	-0.000209	1.000002	0.149863	
450	0.999937	0.000322	2.154659	-0.000322	0.999937	0.219608	
451	1.000066	0.000053	0.673871	-0.000053	1.000066	0.051810	
452	1.000050	-0.000043	0.475621	0.000043	1.000050	0.005861	
453	1.000034	0.000042	0.411854	-0.000042	1.000034	0.035963	
454	1.000016	0.000012	0.146019	-0.000012	1.000016	0.002976	
455	0.999985	-0.000005	0.017767	0.000005	0.999985	0.000334	
456	1.000117	-0.000011	-0.091724	0.000011	1.000117	-0.019612	
457	1.000073	-0.000026	-0.052578	0.000026	1.000073	-0.013322	
458	1.000052	-0.000033	-0.028595	0.000033	1.000052	-0.013492	
459	1.000057	-0.000059	-0.043259	0.000059	1.000057	-0.029674	
460	0.999971	-0.000034	0.002206	0.000034	0.999971	-0.014138	
461	1.000112	-0.000039	-0.098598	0.000039	1.000112	-0.035002	
462	1.000142	-0.000026	-0.105214	0.000026	1.000142	-0.027232	
463	1.000114	-0.000010	-0.069777	0.000010	1.000114	-0.015049	
464	1.000119	-0.000035	-0.076983	0.000035	1.000119	-0.028648	
465	0.999959	-0.000069	0.002392	0.000069	0.999959	-0.034753	
466	1.000047	-0.000042	-0.044149	0.000042	1.000047	-0.030724	
467	1.000034	-0.000043	-0.046439	0.000043	1.000034	-0.025465	
468	1.000068	-0.000018	-0.058463	0.000018	1.000068	-0.014362	
469	1.000079	-0.000030	-0.074032	0.000030	1.000079	-0.021418	
470	1.000016	-0.000080	-0.002425	0.000080	1.000016	-0.040650	
471	1.000117	-0.000004	-0.080082	0.000004	1.000117	-0.009918	
472	1.000065	-0.000030	-0.041319	0.000030	1.000065	-0.007000	
473	0.999999	-0.000021	0.008265	0.000021	0.999999	-0.003177	
474	0.999991	0.000010	0.017069	-0.000010	0.999991	0.027345	
475	0.999934	-0.000046	0.040319	0.000046	0.999934	0.011521	
476	0.999981	0.000030	0.022874	-0.000030	0.999981	0.036813	
477	0.999956	0.000051	0.038759	-0.000051	0.999956	0.066117	
478	0.999978	0.000079	0.034055	-0.000079	0.999978	0.089180	
479	1.000011	0.000025	0.019341	-0.000025	1.000011	0.048642	
480	1.000016	-0.000009	0.004993	0.000009	1.000016	0.012910	
481	1.000005	-0.000034	0.035788	0.000034	1.000005	0.000519	
482	0.999978	-0.000013	0.046857	0.000013	0.999978	0.007230	
483	0.999973	0.000009	0.037740	-0.000009	0.999973	0.005203	
484	0.999991	0.000054	0.030282	-0.000054	0.999991	0.023714	
485	1.000005	0.000045	0.005841	-0.000045	1.000005	0.004482	
486	0.999993	0.000055	0.017548	-0.000055	0.999993	0.018097	
487	0.999939	0.000061	0.041642	-0.000061	0.999939	0.038211	
488	0.999952	0.000056	0.016198	-0.000056	0.999952	0.042654	
489	1.000007	0.000018	-0.104417	-0.000018	1.000007	0.008081	
490	1.000033	-0.000111	-0.503527	0.000111	1.000033	-0.058785	
491	1.000044	-0.000082	-0.393376	0.000082	1.000044	-0.063736	
492	1.000063	-0.000081	-0.553866	0.000081	1.000063	-0.026302	
493	1.000072	-0.000109	-0.685204	0.000109	1.000072	-0.073091	
494	1.000025	-0.000067	-0.863138	0.000067	1.000025	-0.022797	
495	1.000041	-0.000299	-2.237621	0.000299	1.000041	-0.219099	
496	1.000004	-0.000126	-1.230459	0.000126	1.000004	-0.092702	
497	0.999966	-0.000083	-1.238922	0.000083	0.999966	-0.080282	
498	0.999992	-0.000158	-1.338373	0.000158	0.999992	-0.135807	
499	0.999985	-0.000167	-1.374248	0.000167	0.999985	-0.117504	
500	0.999905	-0.000372	-2.552340	0.000372	0.999905	-0.237146	
501	0.999981	-0.000113	-1.281100	0.000113	0.999981	-0.025358	
502	1.000012	-0.000073	-1.224267	0.000073	1.000012	-0.006430	
503	1.000152	-0.000065	-1.258233	0.000065	1.000152	-0.046804	
504	1.000088	-0.000052	-1.164902	0.000052	1.000088	-0.052755	
505	0.999930	-0.000202	-2.206677	0.000202	0.999930	-0.167461	
506	1.000053	-0.000136	-1.047857	0.000136	1.000053	-0.074215	
507	0.999918	-0.000171	-0.954732	0.000171	0.999918	-0.098861	
508	0.999984	-0.000050	-1.026214	0.000050	0.999984	-0.000032	
509	0.999896	-0.000072	-0.976279	0.000072	0.999896	-0.016210	
510	0.999943	-0.000256	-2.411687	0.000256	0.999943	-0.176889	
511	1.000044	0.000013	-1.389670	-0.000013	1.000044	-0.026651	
512	0.999938	-0.000173	-1.636633	0.000173	0.999938	-0.124387	
513	1.000081	-0.000156	-2.199276	0.000156	1.000081	-0.114452	
514	1.000057	-0.000180	-2.594626	0.000180	1.000057	-0.130217	
515	0.999665	0.000695	-8.819262	-0.000695	0.999665	0.603424	
516	1.000207	-0.000517	-4.795613	0.000517	1.000207	-0.345304	
517	1.001838	-0.000213	-7.575842	0.000213	1.001838	-0.596692	
518	1.002433	-0.000165	-9.328265	0.000165	1.002433	-0.731391	
519	0.996614	-0.000172	-6.534971	0.000172	0.996614	0.657522	
520	0.999488	0.002247	-23.332531	-0.002247	0.999488	1.633224	
521	0.999256	0.001562	-13.490639	-0.001562	0.999256	1.227297	
522	0.999616	0.001600	-14.709577	-0.001600	0.999616	1.124130	
523	0.999895	0.001501	-15.946145	-0.001501	0.999895	1.060400	
524	0.998748	0.001974	-17.093513	-0.001974	0.998748	1.557096	
525	0.999234	0.003340	-40.647976	-0.003340	0.999234	2.102181	
526	0.999321	0.002463	-23.545896	-0.002463	0.999321	1.618648	
527	1.000312	0.002639	-25.422024	-0.002639	1.000312	1.460770	
528	1.000044	0.002900	-25.432518	-0.002900	1.000044	1.578870	
529	0.998945	0.002343	-24.756260	-0.002343	0.998945	1.512165	
530	1.002678	0.003853	-44.689552	-0.003853	1.002678	1.854035	
531	1.000342	0.001703	-18.786143	-0.001703	1.000342	1.061176	
532	1.000149	0.001745	-16.562455	-0.001745	1.000149	1.284012	
533	0.998715	0.001853	-14.028948	-0.001853	0.998715	1.704339	
534	1.001224	0.001180	-13.152296	-0.001180	1.001224	0.292550	
535	1.001175	0.001713	-20.803363	-0.001713	1.001175	0.451935	
536	1.006777	-0.001902	-9.967490	0.001902	1.006777	-2.831391	
537	0.999881	-0.001006	-5.240248	0.001006	0.999881	-0.468558	
538	1.001984	-0.000667	-4.879081	0.000667	1.001984	-0.746991	
539	1.001574	-0.000492	-4.057534	0.000492	1.001574	-0.553172	
540	1.004000	-0.000575	-7.513009	0.000575	1.004000	-1.377325	
541	1.000724	-0.000295	-1.977336	0.000295	1.000724	-0.521467	
