0	1.000000	0.000000	0.000000	0.000000	1.000000	0.000000	
1	1.000246	0.000670	-2.863386	-0.000670	1.000246	0.315623	
2	1.000165	0.000661	-3.027910	-0.000661	1.000165	0.371016	
3	1.000228	0.000546	-2.830664	-0.000546	1.000228	0.235292	
4	1.000216	0.000485	-3.000895	-0.000485	1.000216	0.260076	
5	1.000227	0.000438	-3.212770	-0.000438	1.000227	0.250731	
6	1.000240	0.000454	-3.417330	-0.000454	1.000240	0.244280	
7	1.000496	0.000399	-3.536657	-0.000399	1.000496	0.129495	
8	1.000440	0.000524	-3.343736	-0.000524	1.000440	0.187369	
9	1.000400	0.000497	-3.188434	-0.000497	1.000400	0.169563	
10	1.000531	0.000618	-3.118282	-0.000618	1.000531	0.175359	
11	1.000462	0.000696	-3.164998	-0.000696	1.000462	0.257627	
12	1.000618	0.000810	-3.381181	-0.000810	1.000618	0.248762	
13	1.000175	0.000856	-3.559113	-0.000856	1.000175	0.454661	
14	1.000257	0.000913	-4.012969	-0.000913	1.000257	0.480099	
15	1.000899	0.001297	-4.440122	-0.001297	1.000899	0.539724	
16	1.000471	0.000944	-4.353011	-0.000944	1.000471	0.428432	
17	1.000593	0.001127	-4.796977	-0.001127	1.000593	0.437447	
18	1.000109	0.001051	-4.933717	-0.001051	1.000109	0.536191	
19	1.000475	0.000879	-5.729205	-0.000879	1.000475	0.330093	
20	1.001738	0.002105	-6.713914	-0.002105	1.001738	0.629936	
21	1.000836	0.002705	-7.169155	-0.002705	1.000836	1.334698	
22	0.999232	0.002481	-7.245852	-0.002481	0.999232	1.810160	
23	0.999352	0.002368	-7.650812	-0.002368	0.999352	1.735449	
24	1.000129	0.001943	-8.511369	-0.001943	1.000129	1.200804	
25	0.999933	0.001868	-8.597173	-0.001868	0.999933	1.247221	
26	0.998100	0.003230	-6.942047	-0.003230	0.998100	2.818533	
27	0.998951	0.002308	-7.692230	-0.002308	0.998951	1.876862	
28	1.004106	0.006551	-9.970553	-0.006551	1.004106	2.154147	
29	1.000375	0.001760	-8.399246	-0.001760	1.000375	1.041727	
30	0.996169	0.005390	-4.256131	-0.005390	0.996169	5.778307	
31	1.004147	0.006023	-9.055237	-0.006023	1.004147	1.661745	
32	1.001972	0.002842	-8.694562	-0.002842	1.001972	1.217164	
33	1.000678	0.001500	-8.068588	-0.001500	1.000678	0.666886	
34	1.001488	0.002424	-8.249193	-0.002424	1.001488	1.057225	
35	1.000801	0.003191	-7.239795	-0.003191	1.000801	1.892655	
36	1.004081	0.004464	-8.772976	-0.004464	1.004081	0.900925	
37	0.996789	0.004112	-3.744449	-0.004112	0.996789	4.459431	
38	0.999015	0.002365	-6.200570	-0.002365	0.999015	1.937026	
39	0.996867	0.004072	-3.984467	-0.004072	0.996867	4.402867	
40	1.001548	0.003898	-7.520534	-0.003898	1.001548	1.845075	
41	1.000798	0.001845	-7.459277	-0.001845	1.000798	0.820998	
42	1.000926	0.003025	-6.990506	-0.003025	1.000926	1.617181	
43	1.002285	0.004229	-7.330787	-0.004229	1.002285	1.548115	
44	1.000488	0.003213	-6.264285	-0.003213	1.000488	1.869604	
45	1.000990	0.003212	-6.549361	-0.003212	1.000990	1.779614	
46	1.000340	0.003216	-5.885058	-0.003216	1.000340	2.073454	
47	1.000155	0.003114	-5.564838	-0.003114	1.000155	2.214557	
48	1.000189	0.002940	-5.414581	-0.002940	1.000189	2.255387	
49	1.000174	0.002918	-5.472618	-0.002918	1.000174	2.391077	
50	0.998997	0.003217	-4.660366	-0.003217	0.998997	3.189186	
51	1.001099	0.002737	-6.683763	-0.002737	1.001099	1.935923	
52	0.998346	0.003492	-4.239906	-0.003492	0.998346	3.629459	
53	1.000129	0.003014	-5.725870	-0.003014	1.000129	2.309454	
54	0.999999	0.003060	-5.684798	-0.003060	0.999999	2.414037	
55	1.001138	0.002401	-6.980610	-0.002401	1.001138	1.649023	
56	1.000393	0.003041	-6.133385	-0.003041	1.000393	2.333640	
57	0.999950	0.003153	-5.835486	-0.003153	0.999950	2.646627	
58	1.000108	0.003227	-5.928613	-0.003227	1.000108	2.662981	
59	1.001419	0.004691	-6.833111	-0.004691	1.001419	2.584530	
60	0.999730	0.003058	-5.226434	-0.003058	0.999730	2.628631	
61	1.000702	0.003609	-5.756870	-0.003609	1.000702	2.340729	
62	1.000032	0.002723	-5.037188	-0.002723	1.000032	2.107241	
63	0.999221	0.002470	-3.673962	-0.002470	0.999221	2.487634	
64	1.000218	0.002062	-4.040211	-0.002062	1.000218	1.825839	
65	1.000330	0.001532	-3.423249	-0.001532	1.000330	1.437358	
66	1.000429	0.001236	-2.730064	-0.001236	1.000429	1.120993	
67	1.000670	0.000656	-1.805746	-0.000656	1.000670	0.494710	
68	1.000851	0.000215	-0.969601	-0.000215	1.000851	0.039002	
69	1.000929	-0.000277	-0.118082	0.000277	1.000929	-0.358745	
70	1.000913	-0.000449	0.353192	0.000449	1.000913	-0.457933	
71	1.000843	-0.000544	0.600981	0.000544	1.000843	-0.462094	
72	1.000852	-0.000600	0.611776	0.000600	1.000852	-0.412140	
73	1.000943	-0.000726	0.747934	0.000726	1.000943	-0.453549	
74	1.000912	-0.000716	0.867010	0.000716	1.000912	-0.456499	
75	1.000943	-0.000733	0.962826	0.000733	1.000943	-0.523612	
76	1.000969	-0.000938	1.187550	0.000938	1.000969	-0.697596	
77	1.001066	-0.000944	1.256365	0.000944	1.001066	-0.775131	
78	1.001175	-0.001085	1.297673	0.001085	1.001175	-0.981093	
79	1.001042	-0.001377	1.631112	0.001377	1.001042	-1.172119	
80	1.001459	-0.001330	1.574322	0.001330	1.001459	-1.387443	
81	1.001564	-0.001407	1.733419	0.001407	1.001564	-1.626848	
82	1.001545	-0.001644	1.973147	0.001644	1.001545	-1.761634	
83	1.001438	-0.001738	2.085694	0.001738	1.001438	-1.764293	
84	1.001476	-0.001644	2.080110	0.001644	1.001476	-1.763765	
85	1.001362	-0.001778	2.079016	0.001778	1.001362	-1.702872	
86	1.001527	-0.001552	1.831948	0.001552	1.001527	-1.648618	
87	1.001082	-0.001659	2.025290	0.001659	1.001082	-1.373463	
88	1.001408	-0.001419	1.773064	0.001419	1.001408	-1.436144	
89	1.001198	-0.001296	1.717985	0.001296	1.001198	-1.242107	
90	1.001285	-0.001244	1.592811	0.001244	1.001285	-1.261802	
91	1.001115	-0.001371	1.641916	0.001371	1.001115	-1.195202	
92	1.001334	-0.001255	1.436267	0.001255	1.001334	-1.280430	
93	1.001279	-0.001623	1.611437	0.001623	1.001279	-1.513053	
94	1.001338	-0.001216	1.407666	0.001216	1.001338	-1.262886	
95	1.001278	-0.001334	1.524628	0.001334	1.001278	-1.283892	
96	1.001433	-0.001218	1.307242	0.001218	1.001433	-1.300405	
97	1.001452	-0.001083	1.191340	0.001083	1.001452	-1.255802	
98	1.001382	-0.001160	1.292314	0.001160	1.001382	-1.255477	
99	1.001396	-0.001183	1.268351	0.001183	1.001396	-1.260417	
100	1.001450	-0.001229	1.278161	0.001229	1.001450	-1.272479	
101	1.001423	-0.001321	1.431894	0.001321	1.001423	-1.374069	
102	1.001439	-0.001469	1.643052	0.001469	1.001439	-1.492453	
103	1.001230	-0.001733	2.124223	0.001733	1.001230	-1.643038	
104	1.001455	-0.001687	2.162479	0.001687	1.001455	-1.724979	
105	1.001363	-0.001795	2.447284	0.001795	1.001363	-1.603998	
106	1.001561	-0.002058	2.546860	0.002058	1.001561	-1.841409	
107	1.001453	-0.002033	2.753410	0.002033	1.001453	-1.791484	
108	1.001409	-0.002137	2.913372	0.002137	1.001409	-1.846163	
109	1.001308	-0.002152	3.045037	0.002152	1.001308	-1.830688	
110	1.001278	-0.002161	2.995775	0.002161	1.001278	-1.818121	
111	1.001143	-0.002077	2.954640	0.002077	1.001143	-1.622287	
112	1.000949	-0.002116	3.026382	0.002116	1.000949	-1.484556	
113	1.000883	-0.002029	2.942163	0.002029	1.000883	-1.388801	
114	1.000895	-0.002037	2.890783	0.002037	1.000895	-1.463073	
115	1.000815	-0.002057	2.914123	0.002057	1.000815	-1.497225	
116	1.000790	-0.002007	2.881407	0.002007	1.000790	-1.474710	
117	1.000724	-0.002033	2.919343	0.002033	1.000724	-1.436165	
118	1.001675	-0.002590	2.271062	0.002590	1.001675	-2.382271	
119	1.000549	-0.001954	2.958156	0.001954	1.000549	-1.226699	
120	1.000725	-0.001938	2.916295	0.001938	1.000725	-1.255787	
121	1.000583	-0.001927	3.008619	0.001927	1.000583	-1.311608	
122	1.000726	-0.002165	3.177524	0.002165	1.000726	-1.624893	
123	1.000265	-0.002279	3.627354	0.002279	1.000265	-1.521592	
124	1.000612	-0.002630	4.004763	0.002630	1.000612	-1.946774	
125	1.000595	-0.002842	4.354462	0.002842	1.000595	-1.995499	
126	1.000619	-0.003028	4.514173	0.003028	1.000619	-2.103489	
127	1.001270	-0.003530	4.478115	0.003530	1.001270	-2.720154	
128	1.001222	-0.003172	5.044795	0.003172	1.001222	-2.108330	
129	1.001786	-0.002811	5.415096	0.002811	1.001786	-1.793820	
130	0.995336	-0.004564	8.108229	0.004564	0.995336	-0.223331	
131	1.001945	-0.003037	5.866706	0.003037	1.001945	-2.125174	
132	0.999965	-0.002034	7.708987	0.002034	0.999965	-1.176757	
133	1.004737	-0.006996	3.982729	0.006996	1.004737	-7.351815	
134	1.000819	-0.001477	8.317648	0.001477	1.000819	-0.896138	
135	0.995232	-0.008263	11.261533	0.008263	0.995232	-3.201636	
136	1.000953	-0.001503	9.198553	0.001503	1.000953	-0.955983	
137	0.991384	-0.006492	12.549308	0.006492	0.991384	0.122857	
138	1.001071	-0.001647	10.176748	0.001647	1.001071	-0.909503	
139	1.000899	-0.001748	10.809468	0.001748	1.000899	-0.885003	
140	0.991727	-0.006815	14.898939	0.006815	0.991727	-0.944238	
141	1.001137	-0.001949	11.323799	0.001949	1.001137	-1.409289	
142	1.001338	-0.001959	11.660013	0.001959	1.001338	-1.458036	
143	1.001404	-0.001904	11.940688	0.001904	1.001404	-1.437074	
144	1.001475	-0.002010	12.414074	0.002010	1.001475	-1.442533	
145	1.001718	-0.001965	12.818195	0.001965	1.001718	-1.359411	
146	1.001840	-0.002075	12.980442	0.002075	1.001840	-1.401544	
147	1.002418	-0.002077	12.847311	0.002077	1.002418	-1.826480	
148	1.002319	-0.002012	12.918728	0.002012	1.002319	-1.846492	
149	1.001910	-0.002043	13.175800	0.002043	1.001910	-1.820480	
150	1.001795	-0.002150	13.060954	0.002150	1.001795	-1.792818	
151	1.001764	-0.002164	13.137981	0.002164	1.001764	-1.837964	
152	1.001850	-0.002206	13.032460	0.002206	1.001850	-1.902884	
153	1.001475	-0.002022	13.155725	0.002022	1.001475	-1.646046	
154	1.001855	-0.002193	12.738490	0.002193	1.001855	-1.785556	
155	1.001600	-0.002147	12.549022	0.002147	1.001600	-1.697216	
156	1.001541	-0.002035	12.381666	0.002035	1.001541	-1.689262	
157	1.001347	-0.002028	11.887622	0.002028	1.001347	-1.700704	
158	1.001630	-0.002054	11.366596	0.002054	1.001630	-1.810576	
159	1.001725	-0.001937	10.905090	0.001937	1.001725	-1.742155	
160	1.001498	-0.001868	10.643727	0.001868	1.001498	-1.623475	
161	0.991072	-0.008294	12.917853	0.008294	0.991072	-0.133710	
162	0.991209	-0.006569	12.536598	0.006569	0.991209	0.408289	
163	0.991331	-0.006145	12.689565	0.006145	0.991331	0.089344	
164	1.001030	-0.001632	9.380664	0.001632	1.001030	-1.393369	
165	0.992094	-0.005642	10.817642	0.005642	0.992094	0.637776	
166	1.001810	-0.001547	8.098720	0.001547	1.001810	-1.540031	
167	0.994754	-0.006672	10.212242	0.006672	0.994754	-2.087815	
168	0.994086	-0.004939	8.811057	0.004939	0.994086	-0.018706	
169	1.002229	-0.002104	5.774132	0.002104	1.002229	-2.097813	
170	0.994937	-0.003924	7.216286	0.003924	0.994937	0.138604	
171	0.996576	-0.003711	6.460572	0.003711	0.996576	-0.519387	
172	1.001557	-0.003075	4.345414	0.003075	1.001557	-2.511368	
173	1.000965	-0.002958	4.244821	0.002958	1.000965	-2.242112	
174	1.001231	-0.002752	3.802174	0.002752	1.001231	-2.197698	
175	1.001303	-0.002501	3.318877	0.002501	1.001303	-2.069608	
176	1.000938	-0.002135	3.017350	0.002135	1.000938	-1.675048	
177	1.001380	-0.002048	2.671927	0.002048	1.001380	-1.744824	
178	1.001585	-0.001959	2.350678	0.001959	1.001585	-1.757535	
179	1.001703	-0.001912	2.229585	0.001912	1.001703	-1.846491	
180	1.001466	-0.001926	2.180779	0.001926	1.001466	-1.786172	
181	1.002003	-0.001971	1.808974	0.001971	1.002003	-2.013946	
182	1.001798	-0.001838	1.712044	0.001838	1.001798	-1.742195	
183	1.001936	-0.001821	1.769570	0.001821	1.001936	-1.729538	
184	1.002158	-0.001937	1.774654	0.001937	1.002158	-1.940508	
185	1.001981	-0.001964	1.972078	0.001964	1.001981	-1.967808	
186	1.002062	-0.002120	1.957469	0.002120	1.002062	-2.170825	
187	1.002044	-0.002315	2.030986	0.002315	1.002044	-2.411229	
188	1.002080	-0.002498	1.913012	0.002498	1.002080	-2.574814	
189	1.002182	-0.002434	1.711537	0.002434	1.002182	-2.576373	
190	1.002062	-0.002293	1.591740	0.002293	1.002062	-2.378657	
191	1.002024	-0.002183	1.446640	0.002183	1.002024	-2.274738	
192	1.002080	-0.002163	1.390524	0.002163	1.002080	-2.291582	
193	1.001721	-0.002076	1.434882	0.002076	1.001721	-2.069868	
194	1.001917	-0.002084	1.416752	0.002084	1.001917	-2.164480	
195	1.001581	-0.001972	1.417652	0.001972	1.001581	-1.931600	
196	1.001749	-0.001966	1.339029	0.001966	1.001749	-2.020398	
197	1.001840	-0.001870	1.242793	0.001870	1.001840	-2.041002	
198	1.001839	-0.001843	1.232433	0.001843	1.001839	-2.050232	
199	1.001851	-0.001860	1.194529	0.001860	1.001851	-2.095488	
200	1.001890	-0.001923	1.231890	0.001923	1.001890	-2.158185	
201	1.001914	-0.001890	1.199148	0.001890	1.001914	-2.149230	
202	1.002007	-0.001834	1.037336	0.001834	1.002007	-2.157977	
203	1.002043	-0.001729	0.859650	0.001729	1.002043	-2.064784	
204	1.002056	-0.001586	0.698766	0.001586	1.002056	-1.973852	
205	1.002236	-0.001362	0.334860	0.001362	1.002236	-1.934036	
206	1.002200	-0.001174	0.181129	0.001174	1.002200	-1.833990	
207	1.002307	-0.001091	0.049418	0.001091	1.002307	-1.811081	
208	1.002288	-0.001116	0.116320	0.001116	1.002288	-1.836229	
209	1.002302	-0.001188	0.114026	0.001188	1.002302	-1.859567	
210	1.002098	-0.001183	0.323540	0.001183	1.002098	-1.730183	
211	1.002088	-0.001185	0.240676	0.001185	1.002088	-1.700183	
212	1.002026	-0.001042	0.082439	0.001042	1.002026	-1.473999	
213	1.001934	-0.000855	-0.041492	0.000855	1.001934	-1.161658	
214	1.001662	-0.000755	-0.006802	0.000755	1.001662	-0.862737	
215	1.001918	-0.000715	-0.219362	0.000715	1.001918	-0.952721	
216	1.001753	-0.000658	-0.193047	0.000658	1.001753	-0.821771	
217	1.001745	-0.000650	-0.250906	0.000650	1.001745	-0.801183	
218	1.001611	-0.000746	-0.054676	0.000746	1.001611	-0.721437	
219	1.001534	-0.000913	0.185926	0.000913	1.001534	-0.734049	
220	1.001552	-0.000964	0.268650	0.000964	1.001552	-0.841523	
221	1.001689	-0.001061	0.222170	0.001061	1.001689	-1.121865	
222	1.001739	-0.000922	-0.003081	0.000922	1.001739	-1.128250	
223	1.001863	-0.000816	-0.161153	0.000816	1.001863	-1.081589	
224	1.001685	-0.000624	-0.296672	0.000624	1.001685	-0.830825	
225	1.001696	-0.000557	-0.455556	0.000557	1.001696	-0.844464	
226	1.001711	-0.000350	-0.716467	0.000350	1.001711	-0.772599	
227	1.001832	-0.000293	-0.861655	0.000293	1.001832	-0.847083	
228	1.001971	-0.000233	-0.991563	0.000233	1.001971	-0.920326	
229	1.002098	-0.000140	-1.069362	0.000140	1.002098	-0.956736	
230	1.001986	-0.000052	-1.014896	0.000052	1.001986	-0.865776	
231	1.002207	-0.000002	-1.228182	0.000002	1.002207	-0.986537	
232	1.002076	0.000176	-1.377613	-0.000176	1.002076	-0.836437	
233	1.001958	0.000242	-1.381109	-0.000242	1.001958	-0.646313	
234	1.001552	0.000497	-1.406169	-0.000497	1.001552	-0.311168	
235	1.001815	0.000322	-1.384015	-0.000322	1.001815	-0.471553	
236	1.001731	0.000441	-1.395365	-0.000441	1.001731	-0.387120	
237	1.001436	0.000575	-1.279215	-0.000575	1.001436	-0.071476	
238	1.001150	0.000639	-1.150803	-0.000639	1.001150	0.185908	
239	1.001127	0.000456	-1.029760	-0.000456	1.001127	0.162470	
240	1.001128	0.000434	-0.981089	-0.000434	1.001128	0.163099	
241	1.001082	0.000316	-0.862652	-0.000316	1.001082	0.058863	
242	1.001229	0.000171	-0.865948	-0.000171	1.001229	-0.162410	
243	1.001215	0.000080	-0.766665	-0.000080	1.001215	-0.316198	
244	1.001377	0.000007	-0.811854	-0.000007	1.001377	-0.508723	
245	1.001363	0.000033	-0.761052	-0.000033	1.001363	-0.464411	
246	1.001132	0.000007	-0.599055	-0.000007	1.001132	-0.223034	
247	1.000715	-0.000049	-0.314888	0.000049	1.000715	0.128970	
248	1.000606	-0.000146	-0.163426	0.000146	1.000606	0.147270	
249	1.000705	-0.000115	-0.180893	0.000115	1.000705	0.063892	
250	1.000977	-0.000155	-0.349015	0.000155	1.000977	-0.170895	
251	1.001018	-0.000229	-0.348579	0.000229	1.001018	-0.340221	
252	1.001075	-0.000135	-0.507901	0.000135	1.001075	-0.325521	
253	1.000982	-0.000016	-0.530235	0.000016	1.000982	-0.181225	
254	1.001029	0.000051	-0.588632	-0.000051	1.001029	-0.157367	
255	1.001313	-0.000088	-0.634154	0.000088	1.001313	-0.448467	
256	1.001304	-0.000213	-0.610470	0.000213	1.001304	-0.579611	
257	1.001595	-0.000238	-0.714715	0.000238	1.001595	-0.754321	
258	1.001613	-0.000257	-0.728886	0.000257	1.001613	-0.729093	
259	1.001615	-0.000287	-0.679805	0.000287	1.001615	-0.782080	
260	1.001696	-0.000583	-0.471325	0.000583	1.001696	-1.125793	
261	1.001784	-0.000891	-0.257826	0.000891	1.001784	-1.465392	
262	1.001524	-0.001185	0.288108	0.001185	1.001524	-1.439755	
263	1.001567	-0.001225	0.434003	0.001225	1.001567	-1.415474	
264	1.001672	-0.001289	0.419871	0.001289	1.001672	-1.472359	
265	1.001492	-0.001274	0.446201	0.001274	1.001492	-1.294643	
266	1.001207	-0.001146	0.468685	0.001146	1.001207	-0.969895	
267	1.001239	-0.000998	0.326906	0.000998	1.001239	-0.812892	
268	1.001140	-0.001111	0.457782	0.001111	1.001140	-0.845243	
269	1.000534	-0.000999	0.702005	0.000999	1.000534	-0.544353	
270	1.001233	-0.001144	0.556322	0.001144	1.001233	-0.952593	
271	1.001130	-0.001186	0.763861	0.001186	1.001130	-0.922413	
272	1.001211	-0.001382	0.744561	0.001382	1.001211	-1.114182	
273	1.001199	-0.001407	0.747118	0.001407	1.001199	-1.116816	
274	1.001170	-0.001223	0.547870	0.001223	1.001170	-0.976377	
275	1.001063	-0.001123	0.594286	0.001123	1.001063	-0.827326	
276	1.001240	-0.001089	0.466418	0.001089	1.001240	-0.862822	
277	1.000964	-0.000997	0.502885	0.000997	1.000964	-0.643693	
278	1.001065	-0.000899	0.256225	0.000899	1.001065	-0.663491	
279	1.001211	-0.000808	0.100589	0.000808	1.001211	-0.759911	
280	1.001160	-0.000857	0.144749	0.000857	1.001160	-0.773439	
281	1.001194	-0.000873	0.197251	0.000873	1.001194	-0.814108	
282	1.001169	-0.000886	0.254353	0.000886	1.001169	-0.778337	
283	1.001119	-0.000945	0.327231	0.000945	1.001119	-0.781876	
284	1.001198	-0.000900	0.233377	0.000900	1.001198	-0.823330	
285	1.001519	-0.000959	0.036429	0.000959	1.001519	-1.056692	
286	1.001404	-0.000801	-0.035520	0.000801	1.001404	-0.926818	
287	1.001612	-0.000664	-0.303920	0.000664	1.001612	-0.906110	
288	1.001503	-0.000700	-0.291914	0.000700	1.001503	-0.897511	
289	1.001632	-0.000565	-0.480609	0.000565	1.001632	-0.921803	
290	1.001405	-0.000500	-0.403467	0.000500	1.001405	-0.763106	
291	1.001282	-0.000465	-0.256589	0.000465	1.001282	-0.625140	
292	1.001103	-0.000489	-0.047508	0.000489	1.001103	-0.530487	
293	1.001040	-0.000596	0.043955	0.000596	1.001040	-0.579701	
294	1.001228	-0.000704	0.098294	0.000704	1.001228	-0.818124	
295	1.000982	-0.000801	0.305266	0.000801	1.000982	-0.818384	
296	1.000996	-0.000835	0.335216	0.000835	1.000996	-0.920244	
297	1.001035	-0.001137	0.491667	0.001137	1.001035	-1.160899	
298	1.000760	-0.001105	0.667781	0.001105	1.000760	-1.142110	
299	1.000552	-0.001084	0.744095	0.001084	1.000552	-0.997980	
300	1.000331	-0.001162	0.892069	0.001162	1.000331	-0.793321	
301	1.000561	-0.001274	0.785678	0.001274	1.000561	-1.033869	
302	1.000281	-0.001120	0.845731	0.001120	1.000281	-0.816316	
303	1.000349	-0.000885	0.476867	0.000885	1.000349	-0.735144	
304	1.000114	-0.000651	0.537506	0.000651	1.000114	-0.347700	
305	1.000092	-0.000594	0.408274	0.000594	1.000092	-0.445070	
306	1.000436	-0.000411	0.110082	0.000411	1.000436	-0.565676	
307	1.000229	0.000024	-0.146026	-0.000024	1.000229	-0.117163	
308	1.000218	0.000358	-0.545275	-0.000358	1.000218	0.142361	
309	1.000414	0.000271	-0.754056	-0.000271	1.000414	-0.047725	
310	1.000377	0.000431	-1.030208	-0.000431	1.000377	0.076787	
311	1.000423	0.000913	-1.601079	-0.000913	1.000423	0.330339	
312	1.000498	0.001575	-2.098469	-0.001575	1.000498	0.600607	
313	1.000485	0.001597	-2.128968	-0.001597	1.000485	0.641161	
314	1.000506	0.001518	-2.206619	-0.001518	1.000506	0.625202	
315	1.000640	0.001533	-2.353810	-0.001533	1.000640	0.574308	
316	1.000381	0.001036	-1.767277	-0.001036	1.000381	0.411893	
317	1.000657	0.001192	-1.945160	-0.001192	1.000657	0.378723	
318	1.000710	0.001039	-1.931533	-0.001039	1.000710	0.345709	
319	1.000477	0.001107	-1.871541	-0.001107	1.000477	0.510001	
320	1.000667	0.001346	-2.152464	-0.001346	1.000667	0.524791	
321	1.000932	0.001433	-2.385260	-0.001433	1.000932	0.342129	
322	1.000815	0.001550	-2.447606	-0.001550	1.000815	0.459920	
323	1.000771	0.001552	-2.508633	-0.001552	1.000771	0.525279	
324	1.000781	0.001436	-2.471324	-0.001436	1.000781	0.488959	
325	1.000835	0.001447	-2.406724	-0.001447	1.000835	0.369220	
326	1.000752	0.000991	-2.179265	-0.000991	1.000752	0.245218	
327	1.000430	0.001522	-2.061786	-0.001522	1.000430	0.668738	
328	1.000286	0.001616	-1.963551	-0.001616	1.000286	0.833973	
329	1.000356	0.001725	-2.103761	-0.001725	1.000356	0.848657	
330	1.000548	0.001567	-2.103194	-0.001567	1.000548	0.680881	
331	1.000532	0.001502	-2.094408	-0.001502	1.000532	0.567483	
332	1.000532	0.001547	-2.190893	-0.001547	1.000532	0.535737	
333	1.000849	0.001603	-2.406908	-0.001603	1.000849	0.355774	
334	1.000582	0.001606	-2.367424	-0.001606	1.000582	0.247972	
335	1.001321	0.001345	-2.599502	-0.001345	1.001321	-0.453357	
336	1.001353	0.001484	-2.660739	-0.001484	1.001353	-0.616662	
337	1.001149	0.001385	-2.489687	-0.001385	1.001149	-0.688652	
338	1.000486	0.001354	-2.275608	-0.001354	1.000486	-0.353021	
339	1.001184	0.001151	-2.233185	-0.001151	1.001184	-1.070100	
340	1.001162	0.000891	-2.039733	-0.000891	1.001162	-1.309712	
341	1.000569	0.000888	-1.698697	-0.000888	1.000569	-0.941983	
342	0.999871	0.000624	-1.140039	-0.000624	0.999871	-0.528419	
343	0.999709	0.000800	-1.103507	-0.000800	0.999709	-0.253465	
344	1.000122	0.000371	-0.824518	-0.000371	1.000122	-0.748154	
345	1.000504	0.000299	-1.031211	-0.000299	1.000504	-1.255909	
346	0.999529	0.000747	-1.097281	-0.000747	0.999529	-0.712850	
347	0.999995	0.000655	-1.078322	-0.000655	0.999995	-0.600133	
348	0.999672	0.000783	-1.026854	-0.000783	0.999672	-0.054590	
349	0.998918	0.001003	-0.835190	-0.001003	0.998918	0.553555	
350	0.999087	0.000731	-0.633877	-0.000731	0.999087	0.393872	
351	0.999075	0.000722	-0.607469	-0.000722	0.999075	0.320896	
352	0.999031	0.000569	-0.335187	-0.000569	0.999031	0.257733	
353	0.998963	0.000282	0.018269	-0.000282	0.998963	0.050088	
354	0.999030	0.000085	0.221068	-0.000085	0.999030	-0.212356	
355	0.998796	-0.000267	0.697586	0.000267	0.998796	-0.273194	
356	0.999252	-0.000465	0.812129	0.000465	0.999252	-0.600481	
357	0.999235	-0.000611	1.006746	0.000611	0.999235	-0.632840	
358	0.999224	-0.000577	1.179458	0.000577	0.999224	-0.626828	
359	0.999125	-0.000601	1.278382	0.000601	0.999125	-0.439464	
360	0.999019	-0.000608	1.236930	0.000608	0.999019	-0.198067	
361	0.999046	-0.000709	1.353290	0.000709	0.999046	0.004910	
362	0.999515	-0.000722	1.156436	0.000722	0.999515	-0.212750	
363	0.999617	-0.000777	1.079605	0.000777	0.999617	-0.311771	
364	0.999826	-0.000827	1.125116	0.000827	0.999826	-0.454813	
365	0.999552	-0.000859	1.268192	0.000859	0.999552	-0.172009	
366	0.999530	-0.001037	1.415677	0.001037	0.999530	-0.250662	
367	0.999650	-0.000841	1.280036	0.000841	0.999650	-0.221960	
368	0.999701	-0.000686	1.036578	0.000686	0.999701	-0.170770	
369	0.999591	-0.000996	1.479512	0.000996	0.999591	-0.321404	
370	0.999577	-0.001533	2.006328	0.001533	0.999577	-0.662431	
371	0.999524	-0.001862	2.442923	0.001862	0.999524	-0.860575	
372	0.999445	-0.002271	3.127351	0.002271	0.999445	-1.057723	
373	0.999414	-0.002466	3.380256	0.002466	0.999414	-1.132820	
374	0.999298	-0.002715	3.687535	0.002715	0.999298	-1.187973	
375	0.999274	-0.002830	3.786262	0.002830	0.999274	-1.248337	
376	0.998797	-0.002965	4.017747	0.002965	0.998797	-1.054410	
377	0.999071	-0.003078	4.010683	0.003078	0.999071	-1.251579	
378	0.999136	-0.003427	4.255042	0.003427	0.999136	-1.460228	
379	0.998913	-0.003625	4.687138	0.003625	0.998913	-1.574466	
380	0.997552	-0.003855	5.802746	0.003855	0.997552	-0.985420	
381	0.998187	-0.003568	5.717780	0.003568	0.998187	-1.175064	
382	0.998233	-0.003696	5.691695	0.003696	0.998233	-1.274728	
383	0.997857	-0.003691	5.929877	0.003691	0.997857	-1.099800	
384	0.998186	-0.003652	5.750094	0.003652	0.998186	-1.264619	
385	0.998490	-0.003521	5.362158	0.003521	0.998490	-1.244766	
386	0.998442	-0.003167	5.313766	0.003167	0.998442	-1.102203	
387	0.998329	-0.002954	4.997040	0.002954	0.998329	-1.030236	
388	0.998241	-0.002853	4.576181	0.002853	0.998241	-0.894430	
389	0.998529	-0.002378	3.969129	0.002378	0.998529	-0.675044	
390	0.998557	-0.002190	3.707856	0.002190	0.998557	-0.629712	
391	0.998834	-0.002347	3.614433	0.002347	0.998834	-0.958543	
392	0.998541	-0.002311	4.039426	0.002311	0.998541	-0.832648	
393	0.997884	-0.002888	4.543060	0.002888	0.997884	-0.830299	
394	0.998501	-0.002676	4.572753	0.002676	0.998501	-0.993879	
395	0.998598	-0.002777	4.742388	0.002777	0.998598	-1.090588	
396	0.998434	-0.002708	4.692554	0.002708	0.998434	-0.893515	
397	0.998573	-0.002346	3.847346	0.002346	0.998573	-0.699592	
398	0.999713	-0.001661	2.665763	0.001661	0.999713	-0.884493	
399	1.000528	-0.001313	1.802207	0.001313	1.000528	-1.116537	
400	1.000787	-0.000909	1.311752	0.000909	1.000787	-1.070058	
401	1.000746	-0.000888	1.210812	0.000888	1.000746	-0.923643	
402	1.000649	-0.000766	0.943773	0.000766	1.000649	-0.792398	
403	1.000656	-0.000717	0.795537	0.000717	1.000656	-0.916345	
404	1.000768	-0.000623	0.522139	0.000623	1.000768	-0.826680	
405	1.000894	-0.000367	0.168464	0.000367	1.000894	-0.659427	
406	1.001016	-0.000113	-0.304459	0.000113	1.001016	-0.550734	
407	1.001123	0.000225	-0.844229	-0.000225	1.001123	-0.401030	
408	1.001275	0.000612	-1.452939	-0.000612	1.001275	-0.253621	
409	1.001389	0.000847	-1.904833	-0.000847	1.001389	-0.169336	
410	1.001399	0.000814	-1.933683	-0.000814	1.001399	-0.175122	
411	1.001564	0.000921	-2.132052	-0.000921	1.001564	-0.174669	
412	1.001533	0.000989	-2.306029	-0.000989	1.001533	-0.140730	
413	1.001597	0.001063	-2.342487	-0.001063	1.001597	-0.166815	
414	1.001498	0.001043	-2.376626	-0.001043	1.001498	-0.097675	
415	1.001551	0.001104	-2.414670	-0.001104	1.001551	-0.092749	
416	1.001482	0.001095	-2.444311	-0.001095	1.001482	0.016763	
417	1.001713	0.001185	-2.799462	-0.001185	1.001713	0.000545	
418	1.001753	0.001121	-2.795463	-0.001121	1.001753	0.056510	
419	1.001815	0.001106	-2.734467	-0.001106	1.001815	-0.001548	
420	1.001640	0.000957	-2.334461	-0.000957	1.001640	-0.096706	
421	1.001474	0.000612	-1.776836	-0.000612	1.001474	-0.249842	
422	1.001523	0.000421	-1.558207	-0.000421	1.001523	-0.366727	
423	1.001403	0.000440	-1.465759	-0.000440	1.001403	-0.240353	
424	1.001428	0.000359	-1.193664	-0.000359	1.001428	-0.285461	
425	1.001361	0.000062	-0.755430	-0.000062	1.001361	-0.372948	
426	1.001392	-0.000102	-0.447841	0.000102	1.001392	-0.442556	
427	1.001453	-0.000161	-0.373952	0.000161	1.001453	-0.515959	
428	1.001501	-0.000234	-0.285969	0.000234	1.001501	-0.548947	
429	1.001384	-0.000148	-0.390994	0.000148	1.001384	-0.468866	
430	1.001477	0.000053	-0.726236	-0.000053	1.001477	-0.386352	
431	1.001442	0.000075	-0.708918	-0.000075	1.001442	-0.192807	
432	1.001185	0.000228	-0.615466	-0.000228	1.001185	0.104806	
433	1.000995	0.000264	-0.592605	-0.000264	1.000995	0.207404	
434	1.000925	0.000473	-0.855102	-0.000473	1.000925	0.422776	
435	1.000967	0.000584	-0.959982	-0.000584	1.000967	0.495940	
436	1.000868	0.000623	-0.880286	-0.000623	1.000868	0.588210	
437	1.000848	0.000499	-0.850424	-0.000499	1.000848	0.462695	
438	1.001128	0.000497	-1.054600	-0.000497	1.001128	0.102665	
439	1.001156	0.000506	-1.040326	-0.000506	1.001156	-0.065475	
440	1.001136	0.000363	-0.791308	-0.000363	1.001136	-0.185725	
441	1.001090	0.000131	-0.451352	-0.000131	1.001090	-0.199430	
442	1.000977	0.000025	-0.408863	-0.000025	1.000977	-0.074145	
443	1.000793	0.000150	-0.492864	-0.000150	1.000793	0.132668	
444	1.001149	0.000239	-0.887219	-0.000239	1.001149	0.057978	
445	1.001153	0.000166	-0.958011	-0.000166	1.001153	-0.113204	
446	1.001016	0.000165	-0.783540	-0.000165	1.001016	-0.085985	
447	1.000925	0.000104	-0.565895	-0.000104	1.000925	0.010570	
448	1.000918	0.000267	-0.787675	-0.000267	1.000918	0.190380	
449	1.001073	0.000542	-1.206621	-0.000542	1.001073	0.184536	
450	1.001104	0.000685	-1.374378	-0.000685	1.001104	0.124368	
451	1.001136	0.000721	-1.534914	-0.000721	1.001136	0.066324	
452	1.001128	0.000814	-1.564771	-0.000814	1.001128	0.083037	
453	1.001074	0.000799	-1.551451	-0.000799	1.001074	0.139133	
454	1.001005	0.000794	-1.497698	-0.000794	1.001005	0.221924	
455	1.000720	0.000670	-1.263122	-0.000670	1.000720	0.331987	
456	1.000606	0.001260	-1.584194	-0.001260	1.000606	0.641849	
457	1.000715	0.000767	-1.486489	-0.000767	1.000715	0.473683	
458	1.000455	0.000834	-1.499814	-0.000834	1.000455	0.731742	
459	1.000282	0.000996	-1.524846	-0.000996	1.000282	0.800640	
460	1.000395	0.000900	-1.396595	-0.000900	1.000395	0.697886	
461	1.000306	0.000908	-1.234798	-0.000908	1.000306	0.716175	
462	1.000138	0.000797	-0.938710	-0.000797	1.000138	0.729980	
463	0.999798	0.000832	-0.692381	-0.000832	0.999798	0.975660	
464	0.999959	0.000411	-0.269761	-0.000411	0.999959	0.690369	
465	0.999756	0.000348	-0.079554	-0.000348	0.999756	0.778837	
466	0.999811	0.000392	-0.100440	-0.000392	0.999811	0.817238	
467	0.999981	0.000503	-0.326535	-0.000503	0.999981	0.693682	
468	1.000122	0.000384	-0.197401	-0.000384	1.000122	0.467481	
469	1.000084	0.000341	-0.084998	-0.000341	1.000084	0.451118	
470	0.999874	0.000379	0.017082	-0.000379	0.999874	0.816235	
471	0.999928	0.000643	-0.008261	-0.000643	0.999928	1.100296	
472	0.999848	0.000382	0.180267	-0.000382	0.999848	1.164790	
473	0.999871	0.000222	0.320594	-0.000222	0.999871	1.169924	
474	0.999894	-0.000055	0.521397	0.000055	0.999894	0.943063	
475	0.999630	-0.000069	0.623427	0.000069	0.999630	1.062573	
476	1.000242	-0.000322	0.806559	0.000322	1.000242	0.794591	
477	0.999181	-0.000215	1.142683	0.000215	0.999181	1.569840	
478	1.000030	-0.000205	0.632856	0.000205	1.000030	1.314472	
479	0.999209	0.000266	0.681004	-0.000266	0.999209	1.914078	
480	1.000442	-0.000657	0.541232	0.000657	1.000442	0.968980	
481	1.000402	0.000031	0.124988	-0.000031	1.000402	1.130526	
482	1.001128	-0.000393	0.114155	0.000393	1.001128	0.582383	
483	1.000892	-0.000170	0.093872	0.000170	1.000892	0.876074	
484	1.000502	0.000410	-0.202123	-0.000410	1.000502	1.445018	
485	1.000039	0.000135	0.376742	-0.000135	1.000039	1.822780	
486	1.000834	-0.000180	0.292257	0.000180	1.000834	1.502890	
487	1.001548	-0.000065	-0.180407	0.000065	1.001548	1.198088	
488	1.002639	-0.000581	-0.435829	0.000581	1.002639	0.487041	
489	1.002260	-0.000199	-0.678630	0.000199	1.002260	0.420931	
490	1.001714	0.000247	-0.732778	-0.000247	1.001714	0.844491	
491	1.001691	-0.000077	-0.457135	0.000077	1.001691	0.848030	
492	1.001506	0.000375	-0.829146	-0.000375	1.001506	0.960836	
493	1.002678	-0.000158	-1.200658	0.000158	1.002678	0.292096	
494	1.002391	0.000183	-1.353346	-0.000183	1.002391	0.438715	
495	1.002076	0.000169	-1.184671	-0.000169	1.002076	0.702358	
496	1.000941	0.001245	-1.259126	-0.001245	1.000941	1.814153	
497	1.000067	0.001832	-1.188038	-0.001832	1.000067	2.649306	
498	1.001224	0.000719	-1.112836	-0.000719	1.001224	1.616803	
499	1.002726	0.000051	-1.517833	-0.000051	1.002726	0.409051	
500	1.003107	0.000185	-1.891038	-0.000185	1.003107	-0.340726	
501	1.003108	0.000362	-2.110996	-0.000362	1.003108	-0.677135	
502	1.003186	0.000317	-2.262513	-0.000317	1.003186	-0.823195	
503	1.003886	0.000217	-2.462020	-0.000217	1.003886	-1.110705	
504	1.003837	0.000188	-2.398503	-0.000188	1.003837	-1.225148	
505	1.003577	0.000110	-2.284329	-0.000110	1.003577	-1.349784	
506	1.003994	0.000151	-2.580627	-0.000151	1.003994	-1.736112	
507	1.004532	0.000245	-3.085990	-0.000245	1.004532	-2.144464	
508	1.004583	0.000218	-3.100015	-0.000218	1.004583	-2.244775	
509	1.004494	0.000142	-3.040338	-0.000142	1.004494	-2.258984	
510	1.004713	0.000304	-3.207709	-0.000304	1.004713	-2.243707	
511	1.004631	0.000380	-3.174710	-0.000380	1.004631	-2.162988	
512	1.004597	0.000432	-3.321962	-0.000432	1.004597	-2.204023	
513	1.004654	0.000565	-3.317387	-0.000565	1.004654	-2.093285	
514	1.004280	0.000622	-3.246891	-0.000622	1.004280	-1.872372	
515	1.004396	0.000551	-3.278518	-0.000551	1.004396	-1.989302	
516	1.004525	0.000467	-3.289166	-0.000467	1.004525	-2.065306	
517	1.004394	0.000435	-3.171766	-0.000435	1.004394	-1.959054	
518	1.004326	0.000471	-3.145969	-0.000471	1.004326	-1.951082	
519	1.004281	0.000379	-3.170981	-0.000379	1.004281	-1.954133	
520	1.003777	0.000486	-2.870316	-0.000486	1.003777	-1.643455	
521	1.002895	0.000761	-2.341004	-0.000761	1.002895	-1.118161	
522	1.002172	0.000531	-1.760447	-0.000531	1.002172	-0.898262	
523	1.001481	0.000297	-1.124498	-0.000297	1.001481	-0.637268	
524	1.000946	0.000362	-0.783035	-0.000362	1.000946	-0.312842	
525	1.000569	0.000331	-0.482081	-0.000331	1.000569	-0.184657	
526	1.000588	0.000123	-0.363271	-0.000123	1.000588	-0.262195	
527	1.000272	0.000140	-0.153596	-0.000140	1.000272	-0.094972	
528	1.000207	0.000111	-0.110667	-0.000111	1.000207	-0.057475	
529	1.000361	0.000103	-0.175469	-0.000103	1.000361	-0.188626	
530	1.000368	-0.000203	0.038699	0.000203	1.000368	-0.387526	
531	1.000329	-0.000120	-0.020635	0.000120	1.000329	-0.274519	
532	1.000309	-0.000191	0.073137	0.000191	1.000309	-0.291325	
533	0.999888	-0.000580	0.721685	0.000580	0.999888	-0.238816	
534	0.999975	-0.000941	0.948980	0.000941	0.999975	-0.585283	
535	1.000160	-0.000703	0.662677	0.000703	1.000160	-0.466218	
536	1.000193	-0.000563	0.475170	0.000563	1.000193	-0.446423	
537	1.000305	-0.000351	0.326493	0.000351	1.000305	-0.418074	
538	1.000381	-0.000160	0.129450	0.000160	1.000381	-0.325765	
539	1.000429	-0.000408	0.231722	0.000408	1.000429	-0.421910	
540	1.000111	-0.000370	0.355244	0.000370	1.000111	-0.326820	
541	1.000398	-0.000292	0.077431	0.000292	1.000398	-0.439716	
542	1.000465	-0.000190	-0.058200	0.000190	1.000465	-0.359364	
543	1.000414	-0.000380	0.020879	0.000380	1.000414	-0.438534	
544	1.000484	-0.000403	-0.011891	0.000403	1.000484	-0.498498	
545	1.000250	-0.000405	0.065869	0.000405	1.000250	-0.513580	
546	0.998934	-0.000314	0.756324	0.000314	0.998934	0.083140	
547	0.998901	-0.000226	0.706420	0.000226	0.998901	0.095010	
548	0.998709	-0.000186	0.675453	0.000186	0.998709	0.185040	
549	0.998573	0.000157	0.392210	-0.000157	0.998573	0.273484	
