0	1.000000	0.000000	0.000000	0.000000	1.000000	0.000000	
1	0.999900	-0.000055	-0.567603	0.000055	0.999900	0.073178	
2	0.999773	-0.000033	-0.888972	0.000033	0.999773	-0.156447	
3	0.999663	-0.000090	-1.412376	0.000090	0.999663	-0.225364	
4	0.999552	0.000060	-1.670170	-0.000060	0.999552	-0.193212	
5	0.999586	0.000138	-1.974020	-0.000138	0.999586	-0.259908	
6	0.999461	0.000131	-2.503553	-0.000131	0.999461	-0.303050	
7	0.999217	0.000022	-3.699513	-0.000022	0.999217	-0.334674	
8	0.998629	-0.000228	-5.224010	0.000228	0.998629	-0.142763	
9	0.999509	0.000470	-9.054545	-0.000470	0.999509	0.250580	
10	0.999803	0.000980	-11.619829	-0.000980	0.999803	0.474828	
11	0.999898	0.001458	-13.666411	-0.001458	0.999898	0.663455	
12	0.999554	0.001685	-14.988920	-0.001685	0.999554	1.023096	
13	0.999361	0.001988	-16.425069	-0.001988	0.999361	1.726986	
14	0.999470	0.001941	-17.680364	-0.001941	0.999470	2.275619	
15	0.999472	0.001689	-19.126895	-0.001689	0.999472	2.559871	
16	0.999371	0.001584	-20.069237	-0.001584	0.999371	2.850356	
17	0.999040	0.001773	-20.530442	-0.001773	0.999040	3.502283	
18	0.999043	0.002118	-20.883585	-0.002118	0.999043	3.822924	
19	0.999035	0.002868	-21.734400	-0.002868	0.999035	4.399146	
20	0.998936	0.003294	-23.123518	-0.003294	0.998936	4.691842	
21	0.999054	0.003350	-25.598779	-0.003350	0.999054	4.261323	
22	0.999146	0.003461	-28.356596	-0.003461	0.999146	4.037774	
23	0.999600	0.003618	-31.230822	-0.003618	0.999600	3.899896	
24	1.000688	0.003601	-33.718920	-0.003601	1.000688	3.345366	
25	1.000481	0.003768	-35.389405	-0.003768	1.000481	3.221536	
26	1.000884	0.004251	-37.159433	-0.004251	1.000884	3.142124	
27	1.000261	0.004672	-37.975007	-0.004672	1.000261	3.199492	
28	0.999241	0.005102	-38.143137	-0.005102	0.999241	3.745986	
29	0.998883	0.006128	-38.725091	-0.006128	0.998883	4.445363	
30	0.997948	0.006157	-37.764387	-0.006157	0.997948	4.486950	
31	0.997209	0.005332	-35.764189	-0.005332	0.997209	3.861934	
32	0.999133	0.004869	-36.451480	-0.004869	0.999133	3.132799	
33	0.996213	0.004453	-32.132468	-0.004453	0.996213	4.041797	
34	0.997525	0.004003	-31.670166	-0.004003	0.997525	3.227987	
35	0.999374	0.003768	-31.461160	-0.003768	0.999374	2.280966	
36	0.999970	0.003576	-30.104508	-0.003576	0.999970	1.747369	
37	0.999858	0.003579	-27.783744	-0.003579	0.999858	1.754241	
38	1.000283	0.003179	-25.597414	-0.003179	1.000283	1.407867	
39	1.000441	0.002814	-23.127265	-0.002814	1.000441	1.365388	
40	1.000843	0.002428	-20.393389	-0.002428	1.000843	1.289747	
41	1.000807	0.002082	-17.225201	-0.002082	1.000807	1.099216	
42	1.000993	0.001666	-14.787085	-0.001666	1.000993	0.667710	
43	1.001051	0.001259	-11.912673	-0.001259	1.001051	0.394202	
44	0.998115	-0.000278	-5.684380	0.000278	0.998115	0.221369	
45	0.999312	-0.000132	-4.095011	0.000132	0.999312	-0.100189	
46	0.999694	0.000051	-2.140276	-0.000051	0.999694	0.035066	
47	1.000072	-0.000173	-0.675684	0.000173	1.000072	-0.117845	
48	1.000245	-0.000318	0.305589	0.000318	1.000245	-0.002594	
49	1.000365	-0.000382	0.832487	0.000382	1.000365	-0.026117	
50	1.000308	-0.000307	1.152623	0.000307	1.000308	-0.024781	
51	1.000457	-0.000303	1.252423	0.000303	1.000457	-0.104749	
52	1.000470	-0.000165	1.371692	0.000165	1.000470	0.060315	
53	1.000545	-0.000132	1.547568	0.000132	1.000545	0.058447	
54	1.000612	-0.000168	1.765365	0.000168	1.000612	-0.004310	
55	0.999999	-0.000002	0.001456	0.000002	0.999999	-0.000894	
56	1.000728	-0.000350	1.850687	0.000350	1.000728	-0.178493	
57	1.000087	-0.001115	6.093805	0.001115	1.000087	-0.554158	
58	1.000701	-0.000458	3.030780	0.000458	1.000701	-0.284615	
59	1.000782	-0.000566	3.442053	0.000566	1.000782	-0.397864	
60	1.000723	-0.000614	3.794832	0.000614	1.000723	-0.459196	
61	1.000379	0.000017	4.323963	-0.000017	1.000379	-0.146351	
62	0.999529	-0.000688	5.728962	0.000688	0.999529	-0.319135	
63	1.000574	-0.000546	4.624867	0.000546	1.000574	-0.512574	
64	0.999501	-0.000937	6.078612	0.000937	0.999501	-0.529585	
65	0.999550	-0.000625	6.514158	0.000625	0.999550	-0.402859	
66	0.999848	-0.000407	6.978578	0.000407	0.999848	-0.350275	
67	0.999765	-0.000338	7.212110	0.000338	0.999765	-0.351290	
68	0.999651	-0.000634	7.449432	0.000634	0.999651	-0.502728	
69	0.999903	-0.000693	7.552562	0.000693	0.999903	-0.710618	
70	0.999911	-0.000592	7.661817	0.000592	0.999911	-0.903928	
71	1.001209	0.000006	6.249472	-0.000006	1.001209	-0.967197	
72	1.003222	0.000139	3.973553	-0.000139	1.003222	-1.315960	
73	0.999768	-0.000617	7.592923	0.000617	0.999768	-1.209088	
74	0.999294	-0.000720	7.483532	0.000720	0.999294	-1.181491	
75	0.999738	-0.000340	7.102481	0.000340	0.999738	-0.836711	
76	1.001196	0.000271	5.037009	-0.000271	1.001196	-0.500428	
77	1.001086	0.000355	4.939906	-0.000355	1.001086	-0.163665	
78	1.000694	0.000144	4.836699	-0.000144	1.000694	-0.078529	
79	1.000471	0.000141	4.658106	-0.000141	1.000471	0.085637	
80	1.000536	0.000192	4.459858	-0.000192	1.000536	0.189453	
81	1.000480	-0.000086	4.448097	0.000086	1.000480	-0.058133	
82	1.000526	-0.000092	4.442094	0.000092	1.000526	-0.021142	
83	1.000694	0.000086	4.424821	-0.000086	1.000694	0.032360	
84	1.000474	-0.000003	4.680246	0.000003	1.000474	-0.308851	
85	1.000612	-0.000134	4.665649	0.000134	1.000612	-0.460293	
86	1.000606	-0.000405	4.702052	0.000405	1.000606	-0.809529	
87	1.000672	-0.000620	4.542120	0.000620	1.000672	-0.874665	
88	1.000861	-0.000545	4.465324	0.000545	1.000861	-0.716356	
89	1.000790	-0.000577	4.618824	0.000577	1.000790	-1.056565	
90	1.001178	-0.000393	4.414159	0.000393	1.001178	-1.182018	
91	1.001708	-0.000533	4.054162	0.000533	1.001708	-1.142364	
92	1.000044	-0.000901	6.105304	0.000901	1.000044	-0.645377	
93	1.000234	-0.000571	5.751590	0.000571	1.000234	0.043830	
94	0.999902	-0.000477	6.419021	0.000477	0.999902	0.383447	
95	1.000696	-0.000156	5.971377	0.000156	1.000696	0.174628	
96	0.999884	-0.000234	7.215197	0.000234	0.999884	-0.098624	
97	0.999954	-0.000404	7.407142	0.000404	0.999954	-0.670356	
98	0.999762	-0.000614	7.608312	0.000614	0.999762	-0.902545	
99	1.000462	-0.000555	7.244575	0.000555	1.000462	-0.953557	
100	0.999496	-0.000763	7.851307	0.000763	0.999496	-1.018858	
101	0.999998	-0.000095	6.548846	0.000095	0.999998	-0.902291	
102	0.999019	-0.001505	8.178952	0.001505	0.999019	-1.363164	
103	0.998578	-0.001620	8.837927	0.001620	0.998578	-1.260857	
104	0.998297	-0.001426	9.409614	0.001426	0.998297	-1.169106	
105	0.997179	-0.000940	10.263708	0.000940	0.997179	-0.792071	
106	0.998745	-0.001146	10.236993	0.001146	0.998745	-1.265833	
107	0.998844	-0.001269	10.470098	0.001269	0.998844	-1.430628	
108	0.999113	-0.001411	10.426038	0.001411	0.999113	-1.754695	
109	0.999238	-0.001176	10.562007	0.001176	0.999238	-1.490012	
110	0.999280	-0.001189	10.853990	0.001189	0.999280	-1.274751	
111	0.999294	-0.001366	11.126136	0.001366	0.999294	-1.385813	
112	0.999681	-0.001440	11.126803	0.001440	0.999681	-1.572423	
113	1.000024	-0.001185	10.803424	0.001185	1.000024	-1.439402	
114	1.000008	-0.001036	10.598721	0.001036	1.000008	-1.375297	
115	1.000025	-0.000946	10.311028	0.000946	1.000025	-1.567684	
116	1.000207	-0.000582	9.788298	0.000582	1.000207	-1.584217	
117	0.999970	-0.000337	9.535545	0.000337	0.999970	-1.566983	
118	0.999936	-0.000086	9.060174	0.000086	0.999936	-1.646074	
119	0.999896	-0.000207	8.753749	0.000207	0.999896	-1.777144	
120	1.000005	-0.000512	8.089865	0.000512	1.000005	-1.922714	
121	0.999949	-0.000608	7.591441	0.000608	0.999949	-1.895043	
122	0.999969	-0.000736	6.973221	0.000736	0.999969	-1.891983	
123	1.000940	-0.000342	5.317356	0.000342	1.000940	-1.716359	
124	1.001611	0.000269	3.924710	-0.000269	1.001611	-1.135582	
125	1.002108	-0.000337	2.950736	0.000337	1.002108	-1.286015	
126	1.001648	-0.000511	2.643760	0.000511	1.001648	-0.936024	
127	1.001509	-0.000602	1.887739	0.000602	1.001509	-0.514422	
128	1.001337	-0.000484	0.760590	0.000484	1.001337	0.002560	
129	1.001093	-0.000389	-0.504532	0.000389	1.001093	0.401126	
130	1.000586	-0.000524	-1.328999	0.000524	1.000586	0.485234	
131	1.000698	0.000019	-1.485664	-0.000019	1.000698	0.740713	
132	1.000547	0.000102	-1.576489	-0.000102	1.000547	1.003964	
133	1.000177	0.000042	-1.614781	-0.000042	1.000177	1.022654	
134	1.000239	0.000098	-1.916778	-0.000098	1.000239	0.922966	
135	1.000997	0.000455	-2.215959	-0.000455	1.000997	0.915956	
136	0.999215	-0.000388	-1.760956	0.000388	0.999215	0.668730	
137	0.999319	-0.000356	-1.627549	0.000356	0.999319	0.584927	
138	1.000315	0.000130	-1.830402	-0.000130	1.000315	0.648060	
139	1.001184	0.000350	-2.142840	-0.000350	1.001184	0.665288	
140	1.000040	0.000177	-1.989768	-0.000177	1.000040	0.768448	
141	1.000707	0.000375	-2.118987	-0.000375	1.000707	0.668701	
142	1.000387	0.000086	-2.142471	-0.000086	1.000387	0.662400	
143	0.999787	0.000059	-2.262095	-0.000059	0.999787	0.826492	
144	0.999699	-0.000077	-2.401996	0.000077	0.999699	0.896633	
145	1.002267	0.000449	-3.274951	-0.000449	1.002267	0.577885	
146	1.000371	0.000471	-2.719002	-0.000471	1.000371	0.757536	
147	1.000062	0.000508	-2.719213	-0.000508	1.000062	0.754993	
148	1.000603	0.000474	-3.164229	-0.000474	1.000603	0.670972	
149	1.000876	0.000519	-3.460970	-0.000519	1.000876	0.761992	
150	1.001476	0.000783	-4.444374	-0.000783	1.001476	0.876158	
151	1.000314	0.000170	-3.741764	-0.000170	1.000314	0.430646	
152	0.999593	0.000712	-3.450778	-0.000712	0.999593	0.322563	
153	0.999566	0.000614	-3.419969	-0.000614	0.999566	0.325138	
154	1.000000	0.000000	-0.000010	-0.000000	1.000000	0.000061	
155	0.999749	0.000332	-3.695639	-0.000332	0.999749	1.031392	
156	0.999067	0.001374	-8.436176	-0.001374	0.999067	4.231611	
157	1.001173	0.000229	-4.253111	-0.000229	1.001173	1.284169	
158	1.000220	0.000045	-3.838145	-0.000045	1.000220	1.149470	
159	1.001615	0.000413	-4.139904	-0.000413	1.001615	0.924511	
160	1.000552	0.000228	-3.809179	-0.000228	1.000552	0.957519	
161	0.999897	0.000252	-3.364810	-0.000252	0.999897	0.976901	
162	1.000675	0.000584	-3.443381	-0.000584	1.000675	0.989066	
163	1.000665	0.000845	-3.620316	-0.000845	1.000665	1.019375	
164	1.001425	0.001409	-4.192242	-0.001409	1.001425	0.984904	
165	1.000557	0.001073	-2.917779	-0.001073	1.000557	0.678508	
166	1.001904	0.000772	-3.985094	-0.000772	1.001904	0.243951	
167	1.000270	0.000483	-2.550527	-0.000483	1.000270	0.197895	
168	0.999748	0.000596	-2.033869	-0.000596	0.999748	0.455080	
169	1.000233	0.000360	-2.189057	-0.000360	1.000233	0.253217	
170	1.000798	-0.000291	-2.771010	0.000291	1.000798	-0.194185	
171	0.999716	-0.000335	-2.488818	0.000335	0.999716	0.044933	
172	1.000131	0.000121	-2.654717	-0.000121	1.000131	0.355562	
173	1.000698	-0.000245	-4.075299	0.000245	1.000698	0.110173	
174	0.999900	0.000372	-4.279124	-0.000372	0.999900	0.446262	
175	0.999293	0.000756	-4.333411	-0.000756	0.999293	0.640180	
176	0.997630	0.001717	-3.139919	-0.001717	0.997630	1.403323	
177	0.999398	0.001495	-5.757537	-0.001495	0.999398	0.938619	
178	0.997923	0.001202	-4.206251	-0.001202	0.997923	1.232318	
179	0.999814	0.001173	-6.716222	-0.001173	0.999814	0.937741	
180	1.000453	0.001391	-7.485539	-0.001391	1.000453	0.929251	
181	0.998494	0.001085	-5.712665	-0.001085	0.998494	1.379949	
182	0.999131	0.001308	-6.668944	-0.001308	0.999131	1.534307	
183	1.000107	0.000797	-8.080764	-0.000797	1.000107	1.096135	
184	1.000199	0.001258	-8.272188	-0.001258	1.000199	1.597638	
185	0.999892	0.001014	-8.238755	-0.001014	0.999892	1.469120	
186	0.999378	0.001370	-8.092786	-0.001370	0.999378	2.022851	
187	0.996675	0.000025	-5.500698	-0.000025	0.996675	1.917407	
188	0.998808	0.001022	-8.509154	-0.001022	0.998808	2.526812	
189	0.998888	0.000765	-8.695535	-0.000765	0.998888	2.492460	
190	0.999227	0.000972	-9.025713	-0.000972	0.999227	2.805405	
191	0.998840	0.000670	-9.101966	-0.000670	0.998840	2.733510	
192	0.998973	0.000758	-9.425270	-0.000758	0.998973	2.849972	
193	0.998963	0.001016	-9.895643	-0.001016	0.998963	2.932267	
194	0.999066	0.001443	-10.312092	-0.001443	0.999066	2.988984	
195	0.999105	0.001569	-10.540051	-0.001569	0.999105	2.641958	
196	0.999008	0.001500	-10.426855	-0.001500	0.999008	2.233475	
197	0.998493	0.001444	-9.883946	-0.001444	0.998493	1.989291	
198	0.998549	0.001247	-9.737789	-0.001247	0.998549	1.582539	
199	0.998383	0.001188	-9.482322	-0.001188	0.998383	1.389557	
200	0.998479	0.001211	-9.476969	-0.001211	0.998479	1.178615	
201	0.995003	0.000023	-5.359062	-0.000023	0.995003	1.352016	
202	0.998462	0.001043	-9.036742	-0.001043	0.998462	0.953595	
203	0.998451	0.000821	-8.413126	-0.000821	0.998451	0.895037	
204	0.998204	0.000551	-7.650569	-0.000551	0.998204	0.600425	
205	0.994461	-0.000205	-3.011745	0.000205	0.994461	1.193164	
206	0.997237	0.000043	-4.698566	-0.000043	0.997237	0.661526	
207	0.998344	0.000849	-5.094430	-0.000849	0.998344	1.054821	
208	0.998737	-0.000073	-3.966872	0.000073	0.998737	0.504358	
209	0.998365	0.000507	-2.680629	-0.000507	0.998365	1.022231	
210	0.998996	0.000014	-2.202374	-0.000014	0.998996	0.495693	
211	0.999056	0.000083	-1.414741	-0.000083	0.999056	0.511669	
212	0.999289	-0.000023	-0.741212	0.000023	0.999289	0.291599	
213	0.999509	0.000054	-0.121025	-0.000054	0.999509	0.416138	
214	0.999872	-0.000123	0.309457	0.000123	0.999872	-0.113855	
215	0.999906	-0.000106	0.558234	0.000106	0.999906	-0.108231	
216	1.000156	0.000028	0.701573	-0.000028	1.000156	-0.043289	
217	1.000240	0.000010	0.943332	-0.000010	1.000240	-0.171391	
218	1.000519	0.000137	1.438664	-0.000137	1.000519	-0.399120	
219	1.000750	0.000372	2.008527	-0.000372	1.000750	-0.446735	
220	1.000746	0.000344	2.582192	-0.000344	1.000746	-0.436158	
221	1.000990	0.000103	2.974407	-0.000103	1.000990	-0.597365	
222	1.001123	-0.000036	3.329723	0.000036	1.001123	-0.689217	
223	1.001116	-0.000516	3.621102	0.000516	1.001116	-0.901114	
224	1.001346	-0.000220	4.025037	0.000220	1.001346	-0.790504	
225	1.001773	-0.000332	4.149174	0.000332	1.001773	-0.801822	
226	1.002123	-0.000036	4.364701	0.000036	1.002123	-0.611260	
227	1.001586	-0.000559	5.638338	0.000559	1.001586	-0.727713	
228	1.001571	-0.000726	6.179846	0.000726	1.001571	-0.823443	
229	1.001534	-0.000946	6.593788	0.000946	1.001534	-1.010615	
230	1.001247	-0.001417	7.117197	0.001417	1.001247	-1.367755	
231	1.001876	-0.001310	6.747360	0.001310	1.001876	-1.663340	
232	1.001733	-0.001192	7.513242	0.001192	1.001733	-1.574556	
233	1.001881	-0.000820	7.590820	0.000820	1.001881	-1.360177	
234	1.001522	-0.000869	7.791893	0.000869	1.001522	-1.324184	
235	1.001677	-0.000938	7.464215	0.000938	1.001677	-1.579770	
236	1.001729	-0.000762	7.255673	0.000762	1.001729	-1.563224	
237	1.002227	-0.000721	6.613868	0.000721	1.002227	-1.561002	
238	1.001843	-0.000480	6.518708	0.000480	1.001843	-1.516469	
239	1.002021	-0.000544	6.021979	0.000544	1.002021	-1.738155	
240	1.001471	-0.000382	6.079081	0.000382	1.001471	-1.653842	
241	1.003449	-0.000038	3.741122	0.000038	1.003449	-1.985913	
242	1.003091	0.000656	3.857695	-0.000656	1.003091	-1.671660	
243	1.003046	0.000004	3.547522	-0.000004	1.003046	-2.441772	
244	1.001705	-0.000510	4.653555	0.000510	1.001705	-2.578353	
245	1.002912	-0.000098	3.264018	0.000098	1.002912	-2.375872	
246	1.002260	0.000148	3.337060	-0.000148	1.002260	-2.161200	
247	1.002454	0.000216	3.083616	-0.000216	1.002454	-2.044196	
248	1.002388	0.000630	2.740508	-0.000630	1.002388	-1.575899	
249	1.002576	0.000053	2.170537	-0.000053	1.002576	-1.570458	
250	1.002436	-0.000023	1.804158	0.000023	1.002436	-1.380824	
251	1.002469	0.000522	1.731988	-0.000522	1.002469	-0.952234	
252	1.002058	-0.000036	1.710163	0.000036	1.002058	-0.939792	
253	1.002096	-0.000227	1.507079	0.000227	1.002096	-0.829917	
254	1.002364	-0.000735	1.250634	0.000735	1.002364	-0.937583	
255	1.002253	-0.000744	1.409131	0.000744	1.002253	-0.890210	
256	1.002404	-0.000614	1.233082	0.000614	1.002404	-1.110304	
257	1.001936	-0.000734	1.320298	0.000734	1.001936	-1.138618	
258	1.001567	-0.000448	1.365606	0.000448	1.001567	-0.900211	
259	1.001390	-0.000434	1.411053	0.000434	1.001390	-0.700336	
260	1.001276	-0.000423	1.499634	0.000423	1.001276	-0.563704	
261	1.001338	-0.000601	1.662250	0.000601	1.001338	-0.952144	
262	1.001439	-0.000632	1.693689	0.000632	1.001439	-1.434287	
263	1.001223	-0.000697	1.683594	0.000697	1.001223	-1.605613	
264	1.001103	-0.000884	1.703858	0.000884	1.001103	-1.369361	
265	1.000930	-0.000907	1.807600	0.000907	1.000930	-0.618334	
266	1.000878	-0.001006	1.964944	0.001006	1.000878	-0.354806	
267	1.000746	-0.000657	1.988639	0.000657	1.000746	-0.868865	
268	1.000940	-0.000372	1.988790	0.000372	1.000940	-1.212257	
269	1.001126	-0.000272	1.714171	0.000272	1.001126	-0.966222	
270	1.000783	-0.000309	1.995432	0.000309	1.000783	-0.572959	
271	1.000413	-0.000448	2.349365	0.000448	1.000413	-0.281136	
272	1.000443	-0.000486	2.533691	0.000486	1.000443	-0.289634	
273	1.000699	-0.000684	2.453623	0.000684	1.000699	-0.357425	
274	1.000796	-0.000727	2.421678	0.000727	1.000796	-0.183590	
275	1.000887	-0.000838	2.297601	0.000838	1.000887	-0.204468	
276	1.000994	-0.000961	2.127454	0.000961	1.000994	-0.316555	
277	1.000587	-0.000982	2.247285	0.000982	1.000587	-0.262409	
278	1.000038	-0.000931	2.310587	0.000931	1.000038	-0.289607	
279	1.001028	-0.000905	1.835919	0.000905	1.001028	-0.568441	
280	0.999812	-0.001090	2.303407	0.001090	0.999812	-0.479729	
281	1.000701	-0.000689	1.935755	0.000689	1.000701	-0.236331	
282	1.000342	-0.001114	2.235700	0.001114	1.000342	-0.308515	
283	1.000727	-0.001002	2.166580	0.001002	1.000727	-0.246045	
284	1.000731	-0.000719	2.203685	0.000719	1.000731	-0.116245	
285	1.000492	-0.001012	2.383694	0.001012	1.000492	-0.331957	
286	1.000000	-0.000000	0.000144	0.000000	1.000000	-0.000036	
287	1.000214	-0.001313	2.584607	0.001313	1.000214	-0.463303	
288	1.000259	-0.001285	6.468359	0.001285	1.000259	-1.025854	
289	1.000476	-0.000881	2.799330	0.000881	1.000476	-0.450615	
290	1.000373	-0.000974	2.880883	0.000974	1.000373	-0.490846	
291	1.000577	-0.001296	2.924120	0.001296	1.000577	-0.653216	
292	1.000294	-0.001559	3.457521	0.001559	1.000294	-0.733884	
293	1.000585	-0.001285	3.522105	0.001285	1.000585	-0.739250	
294	1.001592	-0.000443	2.910988	0.000443	1.001592	-0.624113	
295	1.000489	-0.001062	3.917283	0.001062	1.000489	-0.835071	
296	1.000348	-0.000925	4.106835	0.000925	1.000348	-0.813661	
297	1.000444	-0.000903	4.295882	0.000903	1.000444	-0.930297	
298	1.000436	-0.000893	4.410682	0.000893	1.000436	-1.045416	
299	1.000688	-0.000974	4.505089	0.000974	1.000688	-1.270536	
300	1.000156	-0.001138	4.891155	0.001138	1.000156	-1.373153	
301	1.001993	-0.000769	3.528675	0.000769	1.001993	-1.448564	
302	1.000510	-0.000737	4.813971	0.000737	1.000510	-1.418605	
303	1.000525	-0.000545	4.838272	0.000545	1.000525	-1.492557	
304	1.000478	-0.000325	4.795843	0.000325	1.000478	-1.510518	
305	0.999834	-0.000439	5.224464	0.000439	0.999834	-1.672820	
306	0.999554	-0.001184	6.235865	0.001184	0.999554	-2.070532	
307	1.000477	-0.000646	5.236690	0.000646	1.000477	-1.728465	
308	0.999525	-0.001634	6.477326	0.001634	0.999525	-2.044120	
309	1.000478	-0.000786	5.437082	0.000786	1.000478	-1.450014	
310	0.999910	-0.001251	5.892206	0.001251	0.999910	-1.439739	
311	1.000763	-0.000868	4.741564	0.000868	1.000763	-1.141026	
312	1.000755	0.000067	4.155217	-0.000067	1.000755	-0.684194	
313	1.000593	-0.000432	3.962942	0.000432	1.000593	-0.525154	
314	0.999972	-0.000563	3.898816	0.000563	0.999972	-0.334241	
315	1.000337	-0.000388	2.951803	0.000388	1.000337	0.041167	
316	1.000560	-0.000616	2.261151	0.000616	1.000560	0.035986	
317	0.999835	0.000184	2.156749	-0.000184	0.999835	0.324435	
318	0.999669	-0.000078	1.390706	0.000078	0.999669	0.372712	
319	0.999509	-0.000000	0.507408	0.000000	0.999509	0.534167	
320	0.999161	0.000191	-0.349938	-0.000191	0.999161	0.747181	
321	0.998946	0.000366	-0.824665	-0.000366	0.998946	0.871567	
322	0.999036	0.000639	-1.172859	-0.000639	0.999036	0.858729	
323	0.999170	0.001024	-1.524215	-0.001024	0.999170	0.867767	
324	0.999222	0.001226	-2.023433	-0.001226	0.999222	0.919817	
325	0.999278	0.001321	-2.156053	-0.001321	0.999278	0.957392	
326	0.999339	0.000844	-2.309532	-0.000844	0.999339	0.603204	
327	0.999289	0.000706	-2.096692	-0.000706	0.999289	0.514671	
328	0.999149	0.000783	-1.856769	-0.000783	0.999149	0.356211	
329	0.999090	0.000589	-1.464934	-0.000589	0.999090	0.171100	
330	0.999423	0.000610	-1.613721	-0.000610	0.999423	0.235557	
331	0.999508	0.000437	-1.881212	-0.000437	0.999508	0.257344	
332	0.999704	-0.000189	-2.319101	0.000189	0.999704	0.014052	
333	0.999980	0.000004	-2.453755	-0.000004	0.999980	0.328922	
334	0.999658	0.000018	-2.496064	-0.000018	0.999658	0.466841	
335	0.999414	-0.000066	-2.605233	0.000066	0.999414	0.449416	
336	0.999700	0.000566	-2.713074	-0.000566	0.999700	0.640558	
337	0.999497	0.000509	-2.846279	-0.000509	0.999497	0.615289	
338	0.999452	0.000590	-3.015909	-0.000590	0.999452	0.648471	
339	0.999031	0.000474	-2.962254	-0.000474	0.999031	0.561519	
340	1.000321	0.001029	-4.092332	-0.001029	1.000321	0.481933	
341	0.999815	0.000981	-3.120980	-0.000981	0.999815	0.573269	
342	0.999811	0.000846	-3.154041	-0.000846	0.999811	0.503629	
343	0.999222	0.000758	-3.006208	-0.000758	0.999222	0.501248	
344	0.999325	0.000858	-2.899847	-0.000858	0.999325	0.443871	
345	0.998844	0.000680	-2.710831	-0.000680	0.998844	0.385916	
346	0.998946	0.000310	-2.881671	-0.000310	0.998946	0.178510	
347	0.999206	0.000571	-2.752869	-0.000571	0.999206	0.460400	
348	0.998759	0.000462	-2.426541	-0.000462	0.998759	0.426463	
349	0.999222	0.000529	-2.433457	-0.000529	0.999222	0.412889	
350	0.999250	0.000394	-2.356367	-0.000394	0.999250	0.412199	
351	0.999148	0.000244	-2.340616	-0.000244	0.999148	0.395120	
352	0.999154	0.000216	-2.397437	-0.000216	0.999154	0.395404	
353	0.999460	0.000245	-2.726492	-0.000245	0.999460	0.435123	
354	0.998840	0.000055	-2.256900	-0.000055	0.998840	0.327006	
355	0.999676	0.000170	-2.768830	-0.000170	0.999676	0.312577	
356	0.999539	0.000108	-2.635614	-0.000108	0.999539	0.356168	
357	0.999638	0.000008	-2.838019	-0.000008	0.999638	0.373042	
358	0.999900	0.000162	-3.300104	-0.000162	0.999900	0.551796	
359	0.999627	0.000339	-3.165436	-0.000339	0.999627	0.591464	
360	0.998975	0.000606	-2.719992	-0.000606	0.998975	0.885683	
361	0.999440	0.000710	-3.321041	-0.000710	0.999440	0.898706	
362	0.999615	0.000777	-3.384518	-0.000777	0.999615	0.975162	
363	0.999873	0.000721	-3.553192	-0.000721	0.999873	0.968274	
364	0.999099	0.000495	-2.820342	-0.000495	0.999099	0.865658	
365	0.998896	0.000411	-2.678740	-0.000411	0.998896	0.699383	
366	0.999218	0.000699	-3.112390	-0.000699	0.999218	0.857131	
367	0.998865	0.000678	-2.705632	-0.000678	0.998865	0.651908	
368	0.998487	0.000561	-2.258745	-0.000561	0.998487	0.792397	
369	0.998995	0.000357	-2.635999	-0.000357	0.998995	0.507674	
370	0.998778	0.000495	-2.387347	-0.000495	0.998778	0.658624	
371	0.997809	0.000451	-1.588378	-0.000451	0.997809	0.559042	
372	0.998316	0.000204	-1.951240	-0.000204	0.998316	0.354872	
373	0.998574	0.000014	-2.089260	-0.000014	0.998574	0.229077	
374	0.997777	0.000628	-1.372881	-0.000628	0.997777	0.823745	
375	0.997991	0.000734	-1.403499	-0.000734	0.997991	0.938344	
376	0.999029	0.000057	-2.095518	-0.000057	0.999029	0.325202	
377	0.999228	-0.000071	-2.044204	0.000071	0.999228	0.283989	
378	0.999687	-0.000006	-2.198843	0.000006	0.999687	0.367914	
379	0.999855	-0.000121	-2.174117	0.000121	0.999855	0.234423	
380	0.999268	0.000117	-1.739873	-0.000117	0.999268	0.486527	
381	0.999425	-0.000076	-2.183911	0.000076	0.999425	0.190800	
382	0.999331	0.000065	-2.586601	-0.000065	0.999331	0.292045	
383	0.999046	0.000412	-2.978636	-0.000412	0.999046	0.533218	
384	0.998007	0.000714	-2.886259	-0.000714	0.998007	0.642002	
385	0.998111	0.000872	-3.367666	-0.000872	0.998111	0.927767	
386	0.998436	0.000696	-3.890462	-0.000696	0.998436	0.946736	
387	0.997861	0.000546	-3.816252	-0.000546	0.997861	0.991866	
388	0.997749	0.000606	-3.898053	-0.000606	0.997749	1.271182	
389	0.997781	0.000020	-4.278420	-0.000020	0.997781	1.168432	
390	0.999349	0.000944	-6.100590	-0.000944	0.999349	2.003031	
391	0.999416	0.000852	-6.277223	-0.000852	0.999416	2.272671	
392	0.999232	0.000723	-6.121886	-0.000723	0.999232	2.414801	
393	0.997859	0.001519	-4.894191	-0.001519	0.997859	3.995417	
394	0.999418	0.000618	-6.326621	-0.000618	0.999418	3.247772	
395	0.997208	-0.001077	-4.515751	0.001077	0.997208	2.102139	
396	0.996798	-0.000379	-4.096181	0.000379	0.996798	2.878684	
397	0.997694	-0.000640	-5.477156	0.000640	0.997694	2.286440	
398	0.998696	0.000971	-7.418222	-0.000971	0.998696	3.222591	
399	0.998052	0.001094	-6.569257	-0.001094	0.998052	2.739074	
400	0.998826	0.001015	-7.666356	-0.001015	0.998826	2.134262	
401	0.999126	0.000860	-7.948952	-0.000860	0.999126	1.596290	
402	0.997369	0.000259	-5.894087	-0.000259	0.997369	1.231409	
403	0.996361	-0.000152	-4.711618	0.000152	0.996361	1.035121	
404	0.999633	0.000702	-7.985176	-0.000702	0.999633	0.450795	
405	0.998038	0.000402	-5.518219	-0.000402	0.998038	0.670415	
406	0.999680	0.000600	-6.764230	-0.000600	0.999680	0.285867	
407	0.997600	0.000302	-3.337369	-0.000302	0.997600	0.537929	
408	0.998445	0.000067	-3.176510	-0.000067	0.998445	0.094736	
409	0.998580	-0.000107	-2.190025	0.000107	0.998580	-0.204340	
410	0.998803	-0.000284	-1.494796	0.000284	0.998803	-0.475121	
411	0.999212	-0.000486	-1.044210	0.000486	0.999212	-0.572699	
412	0.999242	-0.000529	-0.565671	0.000529	0.999242	-0.637554	
413	0.999232	-0.000449	-0.015220	0.000449	0.999232	-0.513655	
414	0.999471	-0.000560	0.500697	0.000560	0.999471	-0.492378	
415	0.999365	-0.000558	0.795694	0.000558	0.999365	-0.418559	
416	0.999369	-0.000584	0.767656	0.000584	0.999369	-0.414982	
417	0.999433	-0.000478	0.873834	0.000478	0.999433	-0.417975	
418	0.999998	0.000002	0.000216	-0.000002	0.999998	0.001585	
419	0.999553	-0.000527	1.006941	0.000527	0.999553	-0.557844	
420	0.999830	0.000405	2.851340	-0.000405	0.999830	-0.590856	
421	1.000184	-0.000165	1.675150	0.000165	1.000184	-0.784087	
422	1.000432	-0.000084	2.061394	0.000084	1.000432	-0.851776	
423	1.000520	0.000133	2.268633	-0.000133	1.000520	-0.750833	
424	1.000549	0.000152	2.629621	-0.000152	1.000549	-0.778901	
