0	1.000000	0.000000	0.000000	0.000000	1.000000	0.000000	
1	0.999983	-0.000083	0.588281	0.000083	0.999983	-0.044287	
2	0.999985	-0.000081	0.432569	0.000081	0.999985	-0.050069	
3	1.000006	-0.000083	0.573379	0.000083	1.000006	-0.046571	
4	1.000016	-0.000044	0.427980	0.000044	1.000016	-0.018366	
5	0.999986	-0.000112	0.623846	0.000112	0.999986	-0.030406	
6	0.999915	-0.000079	0.558296	0.000079	0.999915	-0.002517	
7	0.999932	-0.000059	0.440415	0.000059	0.999932	0.003780	
8	0.999888	-0.000048	0.470170	0.000048	0.999888	0.020889	
9	0.999832	-0.000078	0.670050	0.000078	0.999832	0.004711	
10	0.999848	-0.000090	0.644710	0.000090	0.999848	-0.001131	
11	0.999837	-0.000098	0.745845	0.000098	0.999837	-0.010032	
12	0.999803	-0.000068	0.688946	0.000068	0.999803	0.021571	
13	0.999765	-0.000114	1.018203	0.000114	0.999765	0.007617	
14	0.999751	-0.000141	0.898172	0.000141	0.999751	0.010538	
15	0.999695	-0.000093	0.980899	0.000093	0.999695	0.059721	
16	0.999921	0.000046	0.942333	-0.000046	0.999921	0.049980	
17	0.999935	0.000027	0.993371	-0.000027	0.999935	0.039007	
18	0.999919	0.000014	1.202795	-0.000014	0.999919	0.045390	
19	0.999844	0.000020	1.301496	-0.000020	0.999844	0.084302	
20	0.999988	0.000057	1.305032	-0.000057	0.999988	0.045089	
21	0.999906	0.000041	1.517748	-0.000041	0.999906	0.071424	
22	1.000084	0.000077	1.398895	-0.000077	1.000084	-0.002784	
23	1.000043	0.000133	1.706739	-0.000133	1.000043	0.055349	
24	1.000045	0.000121	1.814875	-0.000121	1.000045	0.052042	
25	1.000136	0.000097	1.901921	-0.000097	1.000136	-0.002380	
26	1.000166	0.000055	2.196443	-0.000055	1.000166	-0.021701	
27	1.000304	0.000209	2.297129	-0.000209	1.000304	0.007532	
28	1.000108	0.000129	2.453971	-0.000129	1.000108	0.028567	
29	1.000426	0.000133	2.567367	-0.000133	1.000426	-0.090406	
30	1.000445	0.000121	2.729937	-0.000121	1.000445	-0.130696	
31	1.000376	0.000249	2.872411	-0.000249	1.000376	-0.013138	
32	1.000600	0.000262	3.005277	-0.000262	1.000600	-0.090213	
33	1.000598	0.000332	3.304409	-0.000332	1.000598	-0.078789	
34	1.000635	0.000324	3.620472	-0.000324	1.000635	-0.154364	
35	1.000630	0.000422	3.785655	-0.000422	1.000630	-0.046585	
36	1.000795	0.000448	4.298953	-0.000448	1.000795	-0.140122	
37	1.000818	0.000613	4.361815	-0.000613	1.000818	0.045713	
38	1.000966	0.000749	4.825570	-0.000749	1.000966	0.044928	
39	1.001097	0.000484	5.094769	-0.000484	1.001097	-0.148349	
40	1.001163	0.000617	5.498769	-0.000617	1.001163	-0.131735	
41	0.999837	-0.000262	7.581727	0.000262	0.999837	-0.089735	
42	0.999741	-0.000421	7.976364	0.000421	0.999741	-0.152345	
43	0.999627	-0.000568	8.611119	0.000568	0.999627	-0.197887	
44	0.999775	-0.000567	9.118225	0.000567	0.999775	-0.277981	
45	0.999843	-0.000673	9.889706	0.000673	0.999843	-0.461479	
46	0.999718	-0.000758	10.648467	0.000758	0.999718	-0.487321	
47	1.000243	-0.000378	11.258176	0.000378	1.000243	-0.326593	
48	0.999880	-0.000577	12.307843	0.000577	0.999880	-0.299920	
49	1.000113	-0.000793	13.764349	0.000793	1.000113	-0.609984	
50	1.000059	-0.000741	14.667380	0.000741	1.000059	-0.605120	
51	1.000044	-0.000661	15.789485	0.000661	1.000044	-0.449837	
52	1.000095	-0.000829	17.368440	0.000829	1.000095	-0.631613	
53	1.000157	-0.001077	18.079409	0.001077	1.000157	-0.810703	
54	1.000409	-0.001000	19.317797	0.001000	1.000409	-1.006873	
55	0.999911	-0.001028	20.795853	0.001028	0.999911	-0.724376	
56	0.999894	-0.000911	20.940342	0.000911	0.999894	-0.662760	
57	1.000116	-0.001257	22.167818	0.001257	1.000116	-0.974856	
58	1.000064	-0.001242	22.756684	0.001242	1.000064	-0.969862	
59	0.999883	-0.001355	23.251088	0.001355	0.999883	-0.930858	
60	1.000222	-0.001521	23.641641	0.001521	1.000222	-1.240428	
61	0.999958	-0.001667	24.156310	0.001667	0.999958	-1.329780	
62	0.999689	-0.001513	24.064457	0.001513	0.999689	-1.178321	
63	1.000053	-0.001240	24.154474	0.001240	1.000053	-0.946915	
64	1.000235	-0.001096	22.804901	0.001096	1.000235	-0.817447	
65	1.000226	-0.001256	22.347201	0.001256	1.000226	-0.754530	
66	1.000163	-0.001185	20.903847	0.001185	1.000163	-0.497791	
67	1.000589	-0.000988	18.884824	0.000988	1.000589	-0.723095	
68	1.000715	-0.000882	17.055497	0.000882	1.000715	-0.764749	
69	1.000385	-0.000964	14.997411	0.000964	1.000385	-0.597756	
70	1.000521	-0.000742	12.347919	0.000742	1.000521	-0.498045	
71	1.000580	-0.000590	10.000131	0.000590	1.000580	-0.448881	
72	1.000365	-0.000550	7.757664	0.000550	1.000365	-0.473914	
73	1.001768	0.000512	3.721544	-0.000512	1.001768	-0.315305	
74	1.001082	0.000241	2.279790	-0.000241	1.001082	-0.219349	
75	1.000594	0.000200	1.259824	-0.000200	1.000594	-0.029913	
76	1.000268	0.000053	0.205971	-0.000053	1.000268	0.076276	
77	0.999980	-0.000045	-0.322833	0.000045	0.999980	0.115878	
78	0.999841	-0.000091	-0.459385	0.000091	0.999841	0.118412	
79	0.999878	-0.000115	-0.458207	0.000115	0.999878	0.082200	
80	0.999657	0.000073	-0.279974	-0.000073	0.999657	0.330949	
81	0.999835	-0.000020	-0.365285	0.000020	0.999835	0.183602	
82	0.999737	-0.000026	-0.350605	0.000026	0.999737	0.162197	
83	0.999700	-0.000043	-0.370183	0.000043	0.999700	0.127992	
84	0.999639	-0.000031	-0.343296	0.000031	0.999639	0.104606	
85	0.999549	-0.000049	-0.576476	0.000049	0.999549	0.098782	
86	0.999506	0.000021	-0.484481	-0.000021	0.999506	0.176707	
87	0.999484	0.000018	-0.696591	-0.000018	0.999484	0.199620	
88	0.999427	-0.000058	-0.813120	0.000058	0.999427	0.192018	
89	0.999383	0.000000	-0.938384	-0.000000	0.999383	0.246404	
90	0.999363	-0.000043	-0.862462	0.000043	0.999363	0.220602	
91	0.999250	-0.000065	-1.057065	0.000065	0.999250	0.205805	
92	0.999228	-0.000183	-1.014280	0.000183	0.999228	0.146694	
93	0.999204	-0.000056	-1.220813	0.000056	0.999204	0.258306	
94	0.999180	-0.000005	-1.441423	0.000005	0.999180	0.231403	
95	0.999233	-0.000128	-1.708428	0.000128	0.999233	0.159210	
96	0.998972	-0.000126	-1.809491	0.000126	0.998972	0.218093	
97	0.999086	-0.000201	-2.226523	0.000201	0.999086	0.200327	
98	0.998740	-0.000279	-2.496819	0.000279	0.998740	0.240906	
99	0.998488	-0.000191	-2.617327	0.000191	0.998488	0.491032	
100	0.998420	-0.000235	-3.161828	0.000235	0.998420	0.460310	
101	0.998213	-0.000313	-3.004805	0.000313	0.998213	0.453349	
102	0.998384	-0.000295	-3.564130	0.000295	0.998384	0.366538	
103	0.998560	-0.000294	-3.929009	0.000294	0.998560	0.359277	
104	0.998350	-0.000346	-3.811982	0.000346	0.998350	0.392357	
105	0.998526	-0.000376	-3.937198	0.000376	0.998526	0.302889	
106	0.998045	-0.000339	-3.176647	0.000339	0.998045	0.520151	
107	0.998660	-0.000218	-3.936932	0.000218	0.998660	0.541865	
108	0.998727	-0.000040	-3.900057	0.000040	0.998727	0.573475	
109	0.998862	-0.000104	-3.657207	0.000104	0.998862	0.431934	
110	0.998887	-0.000023	-3.759631	0.000023	0.998887	0.473245	
111	0.999328	0.000134	-3.407717	-0.000134	0.999328	0.567609	
112	0.999254	0.000162	-3.193292	-0.000162	0.999254	0.687928	
113	0.999500	0.000050	-3.139852	-0.000050	0.999500	0.294483	
114	0.999366	-0.000176	-2.501348	0.000176	0.999366	0.274125	
115	0.999305	-0.000181	-2.296899	0.000181	0.999305	0.366715	
116	0.999138	-0.000158	-1.683140	0.000158	0.999138	0.208960	
117	0.999535	0.000107	-1.704481	-0.000107	0.999535	0.146924	
118	0.999474	0.000101	-1.349873	-0.000101	0.999474	0.168536	
119	0.999785	0.000182	-0.912761	-0.000182	0.999785	0.145478	
120	0.999955	0.000319	-0.620897	-0.000319	0.999955	0.155548	
121	0.999760	0.000265	-0.342765	-0.000265	0.999760	0.210254	
122	0.999789	0.000222	-0.025337	-0.000222	0.999789	0.111042	
123	0.999904	0.000331	0.021795	-0.000331	0.999904	0.075176	
124	0.999815	0.000291	0.051965	-0.000291	0.999815	0.031778	
125	0.999965	0.000298	-0.046239	-0.000298	0.999965	0.013344	
126	0.999909	0.000215	0.043643	-0.000215	0.999909	0.036798	
127	1.000010	0.000093	-0.060249	-0.000093	1.000010	-0.012655	
128	0.999943	0.000033	-0.155138	-0.000033	0.999943	0.077506	
129	1.000074	0.000039	-0.330242	-0.000039	1.000074	0.055979	
130	1.000101	-0.000071	-0.583958	0.000071	1.000101	0.091196	
131	1.000074	-0.000096	-0.661487	0.000096	1.000074	0.135486	
132	0.999745	-0.000056	-1.578001	0.000056	0.999745	0.011219	
133	0.999387	-0.000053	-2.506556	0.000053	0.999387	0.062818	
134	0.998843	-0.000121	-3.872072	0.000121	0.998843	0.267249	
135	1.000175	0.000649	-6.319868	-0.000649	1.000175	0.477647	
136	0.998659	-0.000426	-4.334923	0.000426	0.998659	0.499056	
137	0.998941	-0.000335	-3.674344	0.000335	0.998941	0.489544	
138	0.999098	-0.000289	-2.544234	0.000289	0.999098	0.077273	
139	0.999339	-0.000167	-1.420212	0.000167	0.999339	-0.066148	
140	0.999695	-0.000094	-0.588830	0.000094	0.999695	-0.125164	
141	1.000005	-0.000123	0.034558	0.000123	1.000005	-0.034682	
142	1.000080	-0.000094	0.420094	0.000094	1.000080	0.156655	
143	1.000054	-0.000135	0.133122	0.000135	1.000054	-0.046317	
144	0.999988	-0.000066	-0.038737	0.000066	0.999988	-0.197349	
145	1.000022	-0.000075	-0.066581	0.000075	1.000022	-0.341605	
146	1.000064	-0.000102	-0.037003	0.000102	1.000064	-0.043540	
147	1.000075	-0.000086	-0.021173	0.000086	1.000075	0.099842	
148	1.000073	-0.000094	-0.005493	0.000094	1.000073	0.097369	
149	1.000123	-0.000045	-0.079679	0.000045	1.000123	-0.043114	
150	1.000101	0.000011	-0.087976	-0.000011	1.000101	-0.160082	
151	1.000102	-0.000079	-0.057899	0.000079	1.000102	-0.122816	
152	1.000168	-0.000104	-0.037063	0.000104	1.000168	0.017645	
153	1.000144	-0.000142	0.075887	0.000142	1.000144	-0.015064	
154	1.000063	-0.000051	0.039710	0.000051	1.000063	0.101256	
155	1.000049	-0.000059	0.172765	0.000059	1.000049	-0.126154	
156	1.000091	-0.000037	0.186733	0.000037	1.000091	-0.185054	
157	1.000008	-0.000061	0.113367	0.000061	1.000008	-0.078492	
158	1.000174	-0.000189	0.113124	0.000189	1.000174	0.012231	
159	1.000241	-0.000100	0.137520	0.000100	1.000241	0.030977	
160	1.000305	-0.000046	-0.028460	0.000046	1.000305	0.058260	
161	1.000251	-0.000061	-0.040484	0.000061	1.000251	-0.236893	
162	1.000263	-0.000024	-0.090789	0.000024	1.000263	-0.110665	
163	1.000243	0.000012	-0.148405	-0.000012	1.000243	-0.119681	
164	1.000258	-0.000019	-0.151473	0.000019	1.000258	0.052808	
165	1.000288	-0.000082	-0.098202	0.000082	1.000288	-0.016359	
166	1.000181	-0.000155	-0.061389	0.000155	1.000181	0.110460	
167	1.000250	-0.000042	-0.134025	0.000042	1.000250	-0.153738	
168	1.000228	-0.000004	-0.100342	0.000004	1.000228	-0.127672	
169	1.000202	0.000077	-0.100003	-0.000077	1.000202	-0.239940	
170	1.000352	0.000052	-0.140216	-0.000052	1.000352	-0.077868	
171	1.000226	-0.000048	-0.095765	0.000048	1.000226	0.115041	
172	1.000181	-0.000030	-0.051538	0.000030	1.000181	0.047926	
173	1.000136	0.000001	-0.044901	-0.000001	1.000136	-0.052865	
174	1.000150	0.000069	-0.022351	-0.000069	1.000150	-0.139332	
175	1.000121	0.000024	0.009945	-0.000024	1.000121	-0.153383	
176	1.000318	0.000003	-0.110395	-0.000003	1.000318	0.000169	
177	1.000410	-0.000035	-0.160146	0.000035	1.000410	0.127417	
178	1.000416	0.000017	-0.173194	-0.000017	1.000416	-0.067284	
179	1.000337	0.000060	-0.181765	-0.000060	1.000337	-0.154441	
180	1.000294	0.000047	-0.170867	-0.000047	1.000294	-0.100654	
181	1.000275	0.000005	-0.154367	-0.000005	1.000275	0.136932	
182	1.000193	-0.000052	-0.101706	0.000052	1.000193	0.021892	
183	0.999972	-0.000081	0.006753	0.000081	0.999972	0.013812	
184	0.999979	-0.000073	0.003755	0.000073	0.999979	-0.176348	
185	1.000126	-0.000040	-0.067635	0.000040	1.000126	-0.397945	
186	1.000069	-0.000171	-0.011339	0.000171	1.000069	-0.103330	
187	1.000034	-0.000221	-0.000318	0.000221	1.000034	0.185221	
188	0.999892	-0.000063	-0.003699	0.000063	0.999892	0.109364	
189	0.999775	0.000004	0.035972	-0.000004	0.999775	-0.030187	
190	0.999799	0.000113	0.003038	-0.000113	0.999799	-0.214971	
191	0.999775	-0.000068	0.000806	0.000068	0.999775	-0.168367	
192	0.999844	-0.000209	-0.006563	0.000209	0.999844	0.078563	
193	0.999971	-0.000189	-0.020407	0.000189	0.999971	0.185836	
194	0.999846	-0.000161	0.028938	0.000161	0.999846	-0.001897	
195	0.999836	-0.000150	0.036668	0.000150	0.999836	-0.070802	
196	0.999879	-0.000126	-0.031537	0.000126	0.999879	-0.225036	
197	0.999907	-0.000151	-0.007172	0.000151	0.999907	0.215401	
198	0.999959	-0.000101	-0.077148	0.000101	0.999959	0.159999	
199	0.999923	-0.000001	-0.021137	0.000001	0.999923	0.230479	
200	0.999856	0.000013	-0.004736	-0.000013	0.999856	-0.008191	
201	0.999834	-0.000035	0.037685	0.000035	0.999834	0.018878	
202	0.999822	-0.000060	0.051787	0.000060	0.999822	0.005694	
203	0.999824	-0.000138	0.107387	0.000138	0.999824	0.142042	
204	0.999782	-0.000096	0.168456	0.000096	0.999782	0.084590	
205	0.999751	-0.000103	0.172952	0.000103	0.999751	0.078372	
206	0.999673	-0.000048	0.212681	0.000048	0.999673	0.065066	
207	0.999682	-0.000077	0.157737	0.000077	0.999682	-0.055746	
208	0.999708	-0.000108	0.106905	0.000108	0.999708	0.196226	
209	0.999771	-0.000020	0.064449	0.000020	0.999771	0.173987	
210	0.999906	-0.000025	-0.035445	0.000025	0.999906	0.117134	
211	0.999882	-0.000013	-0.037078	0.000013	0.999882	0.084565	
212	0.999899	0.000019	-0.067494	-0.000019	0.999899	0.033266	
213	0.999837	-0.000028	0.010193	0.000028	0.999837	0.020248	
214	0.999869	-0.000047	0.013952	0.000047	0.999869	-0.002404	
215	0.999927	-0.000097	-0.022706	0.000097	0.999927	-0.062660	
216	0.999937	-0.000153	-0.033913	0.000153	0.999937	-0.069357	
217	1.000004	-0.000159	-0.047447	0.000159	1.000004	-0.087246	
218	1.000045	-0.000153	-0.004228	0.000153	1.000045	-0.106515	
219	1.000047	-0.000100	-0.118617	0.000100	1.000047	-0.036925	
220	1.000174	-0.000025	-0.166328	0.000025	1.000174	0.043362	
221	1.000245	0.000033	-0.122228	-0.000033	1.000245	0.113052	
222	1.000445	0.000112	0.202390	-0.000112	1.000445	0.142504	
223	1.000386	0.000083	0.602217	-0.000083	1.000386	-0.094339	
224	1.000818	0.000330	1.759080	-0.000330	1.000818	-0.307311	
225	1.001588	0.000571	3.830254	-0.000571	1.001588	-0.482317	
226	1.000468	-0.000309	9.429510	0.000309	1.000468	-0.864985	
227	1.000399	-0.000924	11.929090	0.000924	1.000399	-0.944511	
228	1.000179	-0.000811	11.471155	0.000811	1.000179	-0.229220	
229	0.999993	-0.000581	8.963269	0.000581	0.999993	0.299449	
230	1.001146	0.000198	3.750621	-0.000198	1.001146	0.261175	
231	1.000347	-0.000192	1.486508	0.000192	1.000347	0.194502	
232	0.999741	-0.000240	-0.382005	0.000240	0.999741	-0.271225	
233	0.999589	-0.000227	-0.909863	0.000227	0.999589	-0.486858	
234	0.999500	-0.000314	-1.041770	0.000314	0.999500	-0.259041	
235	0.999633	-0.000217	-0.836236	0.000217	0.999633	-0.026949	
236	0.999744	-0.000263	-0.668524	0.000263	0.999744	0.262306	
237	0.999785	-0.000043	-0.345181	0.000043	0.999785	0.225368	
238	0.999795	-0.000075	-0.068962	0.000075	0.999795	-0.088197	
239	0.999601	-0.000106	0.110492	0.000106	0.999601	-0.081197	
240	0.999778	0.000046	0.072088	-0.000046	0.999778	-0.137642	
241	0.999666	-0.000039	0.109381	0.000039	0.999666	0.097234	
242	0.999622	-0.000031	0.116254	0.000031	0.999622	0.178792	
243	0.999648	-0.000083	0.144612	0.000083	0.999648	0.056153	
244	0.999679	0.000009	0.082537	-0.000009	0.999679	-0.188819	
245	0.999774	-0.000032	0.083628	0.000032	0.999774	-0.089517	
246	0.999805	-0.000028	0.047937	0.000028	0.999805	-0.244483	
247	0.999785	-0.000040	0.106301	0.000040	0.999785	0.113056	
248	0.999740	-0.000109	0.158315	0.000109	0.999740	0.058811	
249	0.999788	-0.000047	0.157764	0.000047	0.999788	0.045382	
250	0.999801	0.000001	0.136048	-0.000001	0.999801	-0.039660	
251	0.999867	0.000030	0.098021	-0.000030	0.999867	-0.085901	
252	0.999996	0.000006	0.079544	-0.000006	0.999996	-0.042815	
253	1.000058	-0.000061	0.017410	0.000061	1.000058	-0.022992	
254	1.000274	-0.000104	-0.036052	0.000104	1.000274	-0.021830	
255	1.000126	0.000001	0.046710	-0.000001	1.000126	-0.005845	
256	1.000075	0.000123	0.074212	-0.000123	1.000075	0.058488	
257	1.000050	0.000305	0.043438	-0.000305	1.000050	0.073391	
258	1.000100	0.000346	0.032924	-0.000346	1.000100	0.077559	
259	1.000090	0.000215	0.016671	-0.000215	1.000090	0.004562	
260	1.000063	0.000237	-0.003181	-0.000237	1.000063	0.001361	
261	1.000030	0.000215	0.012103	-0.000215	1.000030	-0.003673	
262	1.000047	0.000274	-0.019928	-0.000274	1.000047	0.041217	
263	1.000030	0.000239	-0.033197	-0.000239	1.000030	0.031670	
264	1.000070	0.000292	-0.103664	-0.000292	1.000070	0.018552	
265	1.000057	0.000289	-0.213867	-0.000289	1.000057	-0.029057	
266	0.999965	0.000164	-0.100633	-0.000164	0.999965	-0.058258	
267	0.999970	0.000148	-0.296940	-0.000148	0.999970	-0.040879	
268	1.000189	0.000010	-0.285316	-0.000010	1.000189	-0.063477	
269	1.000177	-0.000092	-0.349689	0.000092	1.000177	-0.085413	
270	1.000122	-0.000188	-0.323212	0.000188	1.000122	-0.084720	
271	1.000114	-0.000192	-0.315443	0.000192	1.000114	-0.104030	
272	1.000112	-0.000081	-0.333544	0.000081	1.000112	-0.111446	
273	0.999983	-0.000070	-0.304917	0.000070	0.999983	-0.061635	
274	1.000053	-0.000018	-0.308282	0.000018	1.000053	-0.057907	
275	1.000126	0.000089	-0.267809	-0.000089	1.000126	-0.046107	
276	1.000218	0.000087	-0.416145	-0.000087	1.000218	-0.067284	
277	1.000270	0.000098	-0.277716	-0.000098	1.000270	-0.077398	
278	1.000261	0.000117	-0.271161	-0.000117	1.000261	-0.056019	
279	1.000290	0.000167	-0.436379	-0.000167	1.000290	-0.048194	
280	1.000259	0.000161	-0.283298	-0.000161	1.000259	-0.047313	
281	1.000320	0.000074	-0.251722	-0.000074	1.000320	-0.127033	
282	1.000286	0.000066	-0.239027	-0.000066	1.000286	-0.115059	
283	1.000336	0.000129	-0.284411	-0.000129	1.000336	-0.090005	
284	1.000328	0.000129	-0.229995	-0.000129	1.000328	-0.076161	
285	1.000363	0.000170	-0.197698	-0.000170	1.000363	-0.071882	
286	1.000393	0.000236	-0.211784	-0.000236	1.000393	-0.048487	
287	1.000446	0.000244	-0.277155	-0.000244	1.000446	-0.051035	
288	1.000469	0.000202	-0.227458	-0.000202	1.000469	-0.061735	
289	1.000514	0.000105	-0.235324	-0.000105	1.000514	-0.088967	
290	1.000499	0.000010	-0.221942	-0.000010	1.000499	-0.106120	
291	1.000497	-0.000019	-0.194199	0.000019	1.000497	-0.126536	
292	1.000519	-0.000072	-0.210887	0.000072	1.000519	-0.155003	
293	1.000470	-0.000074	-0.218570	0.000074	1.000470	-0.151836	
294	1.000416	-0.000038	-0.184543	0.000038	1.000416	-0.128612	
295	1.000421	-0.000017	-0.189288	0.000017	1.000421	-0.105868	
296	1.000401	0.000017	-0.178090	-0.000017	1.000401	-0.076593	
297	1.000240	0.000026	-0.117245	-0.000026	1.000240	-0.044770	
298	1.000091	0.000090	-0.083312	-0.000090	1.000091	-0.005040	
299	0.999999	0.000098	-0.056474	-0.000098	0.999999	0.014375	
300	0.999963	0.000098	-0.072203	-0.000098	0.999963	0.017317	
301	1.000064	0.000035	-0.120267	-0.000035	1.000064	-0.034911	
302	1.000034	-0.000033	-0.056796	0.000033	1.000034	-0.082253	
303	1.000004	-0.000080	-0.070565	0.000080	1.000004	-0.095254	
304	0.999995	-0.000067	-0.063223	0.000067	0.999995	-0.098109	
305	0.999975	-0.000078	-0.034004	0.000078	0.999975	-0.107342	
306	0.999951	-0.000133	-0.043042	0.000133	0.999951	-0.094645	
307	0.999999	-0.000104	-0.058251	0.000104	0.999999	-0.071514	
308	0.999941	-0.000051	-0.012330	0.000051	0.999941	-0.025463	
309	0.999922	-0.000073	-0.017846	0.000073	0.999922	-0.038150	
310	0.999927	-0.000044	-0.006675	0.000044	0.999927	-0.035137	
311	0.999932	-0.000070	-0.018510	0.000070	0.999932	-0.037605	
312	1.000000	-0.000053	-0.059864	0.000053	1.000000	-0.019115	
313	0.999965	-0.000099	-0.004702	0.000099	0.999965	-0.013031	
314	1.000032	-0.000106	-0.013971	0.000106	1.000032	-0.028296	
315	0.999961	-0.000157	0.030601	0.000157	0.999961	-0.031317	
316	0.999899	-0.000178	0.083515	0.000178	0.999899	-0.025806	
317	0.999806	-0.000139	0.117573	0.000139	0.999806	0.022107	
318	0.999741	-0.000070	0.118240	0.000070	0.999741	0.050086	
319	0.999686	-0.000029	0.098683	0.000029	0.999686	0.068986	
320	0.999667	0.000010	0.136806	-0.000010	0.999667	0.091020	
321	0.999860	-0.000109	0.016666	0.000109	0.999860	-0.053814	
322	0.999772	-0.000058	0.109524	0.000058	0.999772	0.040309	
323	0.999821	-0.000115	0.092496	0.000115	0.999821	0.032260	
324	0.999765	-0.000129	0.082498	0.000129	0.999765	0.041518	
325	0.999720	-0.000072	0.082755	0.000072	0.999720	0.086968	
326	0.999739	-0.000049	0.039396	0.000049	0.999739	0.067311	
327	0.999716	-0.000033	0.044543	0.000033	0.999716	0.098718	
328	0.999749	0.000024	0.028490	-0.000024	0.999749	0.133416	
329	0.999762	-0.000005	0.033366	0.000005	0.999762	0.113535	
330	0.999778	-0.000029	0.040606	0.000029	0.999778	0.083500	
331	0.999774	-0.000114	0.075643	0.000114	0.999774	0.005201	
332	0.999752	-0.000212	0.106179	0.000212	0.999752	-0.052244	
333	0.999749	-0.000263	0.135271	0.000263	0.999749	-0.076029	
334	0.999716	-0.000324	0.173805	0.000324	0.999716	-0.083127	
335	0.999700	-0.000269	0.162880	0.000269	0.999700	-0.054742	
336	0.999683	-0.000150	0.145480	0.000150	0.999683	-0.001448	
337	0.999684	-0.000045	0.101753	0.000045	0.999684	0.053999	
338	0.999763	0.000022	0.059152	-0.000022	0.999763	0.122685	
339	0.999785	0.000051	0.039237	-0.000051	0.999785	0.161653	
340	0.999794	-0.000016	0.035735	0.000016	0.999794	0.158281	
341	0.999774	-0.000073	0.037753	0.000073	0.999774	0.129127	
342	0.999792	-0.000079	0.059944	0.000079	0.999792	0.035670	
343	0.999769	-0.000152	0.076214	0.000152	0.999769	-0.100986	
344	0.999793	-0.000229	0.069120	0.000229	0.999793	-0.076953	
345	0.999825	-0.000179	0.073240	0.000179	0.999825	-0.049267	
346	0.999830	-0.000191	0.039827	0.000191	0.999830	-0.071828	
347	0.999808	-0.000108	0.034764	0.000108	0.999808	-0.018180	
348	0.999798	-0.000050	0.026190	0.000050	0.999798	-0.011042	
349	0.999804	-0.000061	0.009958	0.000061	0.999804	-0.022349	
350	0.999837	-0.000110	0.003651	0.000110	0.999837	-0.033554	
351	0.999883	-0.000101	-0.015777	0.000101	0.999883	-0.018187	
352	0.999943	-0.000104	-0.034561	0.000104	0.999943	-0.020491	
353	0.999985	-0.000124	-0.047619	0.000124	0.999985	-0.033908	
354	1.000036	-0.000127	-0.085534	0.000127	1.000036	-0.060489	
355	1.000076	-0.000070	-0.086884	0.000070	1.000076	-0.045416	
356	1.000145	-0.000098	-0.130296	0.000098	1.000145	-0.095883	
357	1.000089	-0.000123	-0.114584	0.000123	1.000089	-0.109424	
358	1.000074	-0.000187	-0.111554	0.000187	1.000074	-0.158597	
359	0.999997	-0.000204	-0.074755	0.000204	0.999997	-0.167755	
360	0.999989	-0.000211	-0.053488	0.000211	0.999989	-0.186015	
361	0.999994	-0.000171	-0.061495	0.000171	0.999994	-0.165214	
362	1.000041	-0.000224	-0.090241	0.000224	1.000041	-0.213177	
363	1.000074	-0.000178	-0.106705	0.000178	1.000074	-0.186124	
364	1.000055	-0.000206	-0.104267	0.000206	1.000055	-0.187102	
365	1.000057	-0.000194	-0.127718	0.000194	1.000057	-0.171508	
366	1.000032	-0.000179	-0.119962	0.000179	1.000032	-0.153820	
367	1.000062	-0.000166	-0.132007	0.000166	1.000062	-0.132420	
368	1.000068	-0.000202	-0.115202	0.000202	1.000068	-0.134188	
369	1.000038	-0.000185	-0.070006	0.000185	1.000038	-0.113812	
370	1.000015	-0.000203	-0.013813	0.000203	1.000015	-0.117195	
371	0.999938	-0.000216	0.049600	0.000216	0.999938	-0.116145	
372	0.999876	-0.000287	0.117266	0.000287	0.999876	-0.158771	
373	0.999858	-0.000224	0.124366	0.000224	0.999858	-0.104799	
374	0.999795	-0.000129	0.145918	0.000129	0.999795	-0.022026	
375	0.999856	-0.000122	0.086790	0.000122	0.999856	-0.015252	
376	0.999912	-0.000091	0.037779	0.000091	0.999912	0.011656	
377	0.999886	-0.000107	0.056042	0.000107	0.999886	0.013750	
378	0.999886	-0.000055	0.074833	0.000055	0.999886	0.044656	
379	0.999892	-0.000010	0.066270	0.000010	0.999892	0.067413	
380	0.999870	0.000046	0.103492	-0.000046	0.999870	0.110560	
381	0.999888	0.000086	0.092321	-0.000086	0.999888	0.130737	
382	0.999938	0.000060	0.054841	-0.000060	0.999938	0.097793	
383	0.999894	0.000041	0.108976	-0.000041	0.999894	0.109307	
384	0.999867	0.000038	0.137182	-0.000038	0.999867	0.112998	
385	0.999820	0.000010	0.182176	-0.000010	0.999820	0.112292	
386	0.999825	0.000019	0.172511	-0.000019	0.999825	0.078414	
387	0.999824	0.000003	0.163877	-0.000003	0.999824	0.056008	
388	0.999829	0.000006	0.184173	-0.000006	0.999829	0.052952	
389	0.999857	-0.000040	0.143051	0.000040	0.999857	0.024247	
390	0.999885	0.000052	0.132638	-0.000052	0.999885	0.067692	
391	0.999916	0.000110	0.078293	-0.000110	0.999916	0.083886	
392	0.999879	0.000084	0.078734	-0.000084	0.999879	0.071684	
393	0.999883	0.000098	-0.011073	-0.000098	0.999883	0.099962	
394	0.999970	0.000067	0.055579	-0.000067	0.999970	0.094670	
395	0.999949	0.000094	0.091945	-0.000094	0.999949	0.172133	
396	1.000053	0.000070	0.010354	-0.000070	1.000053	0.125464	
397	1.000085	0.000038	-0.083972	-0.000038	1.000085	0.080275	
398	1.000055	0.000030	-0.140031	-0.000030	1.000055	0.066142	
399	1.000004	0.000079	0.047751	-0.000079	1.000004	0.063957	
400	0.999966	0.000130	0.047536	-0.000130	0.999966	0.087148	
401	1.000010	0.000190	-0.071500	-0.000190	1.000010	0.095442	
402	1.000022	0.000235	0.113330	-0.000235	1.000022	0.082516	
403	1.000088	0.000247	0.046880	-0.000247	1.000088	0.135741	
404	1.000044	0.000301	0.037648	-0.000301	1.000044	0.169129	
405	1.000085	0.000343	-0.009851	-0.000343	1.000085	0.180474	
406	1.000079	0.000354	0.004286	-0.000354	1.000079	0.167129	
407	0.999858	0.000153	0.172754	-0.000153	0.999858	0.104384	
408	0.999831	0.000205	0.220569	-0.000205	0.999831	0.114131	
409	0.999903	0.000147	0.169231	-0.000147	0.999903	0.070463	
410	0.999877	0.000099	0.076231	-0.000099	0.999877	0.077912	
411	0.999968	0.000171	0.105596	-0.000171	0.999968	0.107959	
412	1.000051	0.000183	0.055453	-0.000183	1.000051	0.132928	
413	1.000011	0.000184	-0.008744	-0.000184	1.000011	0.175993	
414	1.000062	0.000129	-0.090886	-0.000129	1.000062	0.119267	
415	0.999991	0.000122	0.087098	-0.000122	0.999991	0.078486	
416	0.999906	0.000188	0.154012	-0.000188	0.999906	0.109150	
417	0.999777	0.000103	0.063517	-0.000103	0.999777	0.072306	
418	0.999740	0.000094	0.177339	-0.000094	0.999740	0.078468	
419	0.999779	0.000104	0.124546	-0.000104	0.999779	0.056921	
420	0.999749	0.000052	0.155399	-0.000052	0.999749	0.029685	
421	0.999788	0.000071	0.053394	-0.000071	0.999788	0.054478	
422	0.999762	0.000093	0.045556	-0.000093	0.999762	0.069225	
423	0.999840	0.000071	0.093039	-0.000071	0.999840	0.044948	
424	0.999749	0.000029	0.096381	-0.000029	0.999749	-0.008693	
425	0.999806	0.000127	0.059552	-0.000127	0.999806	-0.007089	
426	0.999840	0.000211	0.033891	-0.000211	0.999840	0.029863	
427	0.999953	0.000246	-0.086990	-0.000246	0.999953	0.051033	
428	1.000171	0.000401	-0.145257	-0.000401	1.000171	0.101634	
429	1.000061	0.000245	-0.210467	-0.000245	1.000061	0.122454	
430	1.000102	0.000140	-0.198602	-0.000140	1.000102	0.122557	
431	0.999979	-0.000002	-0.406356	0.000002	0.999979	0.130571	
432	1.000276	-0.000004	-0.644219	0.000004	1.000276	0.061426	
433	0.999874	-0.000049	-0.887430	0.000049	0.999874	0.052532	
434	0.999606	-0.000160	-1.626531	0.000160	0.999606	0.046286	
435	0.999665	-0.000210	-2.694775	0.000210	0.999665	0.002924	
436	0.999477	-0.000119	-3.617995	0.000119	0.999477	0.049218	
437	0.998811	-0.000501	-3.988301	0.000501	0.998811	0.133484	
438	1.000365	0.000753	-6.205394	-0.000753	1.000365	0.307549	
439	1.000249	0.000757	-6.956137	-0.000757	1.000249	0.265432	
440	1.000315	0.000939	-7.217385	-0.000939	1.000315	0.369853	
441	1.000360	0.000475	-7.074023	-0.000475	1.000360	0.070517	
442	1.000320	0.000491	-7.328113	-0.000491	1.000320	0.177564	
443	1.000297	0.000518	-7.011234	-0.000518	1.000297	0.224567	
444	1.000500	0.000393	-7.158373	-0.000393	1.000500	0.024095	
445	0.998681	-0.000517	-5.231464	0.000517	0.998681	0.096661	
446	0.999042	-0.000209	-5.649212	0.000209	0.999042	0.193494	
447	1.000695	0.000517	-7.708403	-0.000517	1.000695	0.103957	
448	1.000688	0.000553	-7.753035	-0.000553	1.000688	0.135792	
449	1.000772	0.000765	-7.893379	-0.000765	1.000772	0.213664	
450	1.000683	0.000907	-8.603877	-0.000907	1.000683	0.238885	
451	1.001003	0.000834	-8.285293	-0.000834	1.001003	0.052334	
452	1.001356	0.001085	-8.734486	-0.001085	1.001356	0.109663	
453	1.000884	0.000695	-8.838763	-0.000695	1.000884	0.153304	
454	1.001157	0.001091	-8.696745	-0.001091	1.001157	0.393112	
455	0.998802	-0.000419	-6.315898	0.000419	0.998802	0.128788	
456	1.000657	0.000670	-8.048197	-0.000670	1.000657	0.160930	
457	1.001122	0.000857	-7.623452	-0.000857	1.001122	0.177853	
458	1.000341	0.000809	-6.646711	-0.000809	1.000341	0.370898	
459	0.999177	-0.000334	-4.054525	0.000334	0.999177	0.096445	
460	0.999366	-0.000285	-3.192371	0.000285	0.999366	0.073330	
461	0.999657	-0.000280	-2.484362	0.000280	0.999657	0.019782	
462	1.000064	-0.000076	-1.638559	0.000076	1.000064	-0.037761	
463	1.000206	0.000057	-1.088120	-0.000057	1.000206	0.004682	
464	1.000273	0.000247	-0.485226	-0.000247	1.000273	0.080895	
465	1.000377	0.000282	-0.086764	-0.000282	1.000377	0.075786	
466	1.000435	0.000217	-0.248002	-0.000217	1.000435	0.021035	
467	1.000477	0.000032	-0.255837	-0.000032	1.000477	-0.043503	
468	1.000425	-0.000007	-0.219769	0.000007	1.000425	-0.065877	
469	1.000402	-0.000011	-0.213908	0.000011	1.000402	-0.084570	
470	1.000393	0.000023	-0.211721	-0.000023	1.000393	-0.071284	
471	1.000546	0.000074	-0.352240	-0.000074	1.000546	-0.071701	
472	1.000439	0.000005	-0.280986	-0.000005	1.000439	-0.084367	
473	1.000491	0.000003	-0.082899	-0.000003	1.000491	-0.110073	
474	1.000381	0.000053	-0.151078	-0.000053	1.000381	-0.060713	
475	1.000481	-0.000098	0.043362	0.000098	1.000481	-0.140401	
476	1.000561	-0.000120	0.155291	0.000120	1.000561	-0.166892	
477	1.000373	-0.000168	0.334401	0.000168	1.000373	-0.141805	
478	1.000264	-0.000146	0.422458	0.000146	1.000264	-0.112185	
479	1.000322	-0.000099	0.448588	0.000099	1.000322	-0.105725	
480	1.000299	-0.000139	0.413107	0.000139	1.000299	-0.107460	
481	1.000481	-0.000067	0.418950	0.000067	1.000481	-0.065894	
482	1.000410	-0.000154	0.369031	0.000154	1.000410	-0.087803	
483	1.000424	-0.000144	0.386563	0.000144	1.000424	-0.109326	
484	1.000441	-0.000078	0.425644	0.000078	1.000441	-0.129763	
485	1.000294	-0.000088	0.409745	0.000088	1.000294	-0.140131	
486	1.000289	-0.000092	0.737710	0.000092	1.000289	-0.187293	
487	1.000237	-0.000087	0.511728	0.000087	1.000237	-0.169648	
488	1.000239	-0.000107	0.629681	0.000107	1.000239	-0.145502	
489	1.000139	-0.000190	0.876182	0.000190	1.000139	-0.153596	
490	1.000059	-0.000170	0.789164	0.000170	1.000059	-0.101020	
491	1.000123	-0.000211	1.032900	0.000211	1.000123	-0.097339	
492	1.000308	-0.000112	0.953490	0.000112	1.000308	-0.102499	
493	1.000335	-0.000224	0.944599	0.000224	1.000335	-0.149886	
494	1.000385	-0.000156	1.131253	0.000156	1.000385	-0.134213	
495	1.000444	-0.000038	1.189699	0.000038	1.000444	-0.089185	
496	1.000667	0.000061	1.443398	-0.000061	1.000667	-0.097510	
497	1.000584	0.000062	1.808931	-0.000062	1.000584	-0.115278	
498	1.000735	-0.000064	1.872443	0.000064	1.000735	-0.328144	
499	1.001177	0.000185	2.031451	-0.000185	1.001177	-0.317891	
500	1.001476	0.000200	2.473407	-0.000200	1.001476	-0.440722	
501	1.001318	0.000061	2.776883	-0.000061	1.001318	-0.424822	
502	1.001325	-0.000034	3.329967	0.000034	1.001325	-0.511452	
503	1.000930	-0.000080	3.798934	0.000080	1.000930	-0.371788	
504	1.001380	0.000233	3.823228	-0.000233	1.001380	-0.384394	
505	1.000078	-0.000452	5.543114	0.000452	1.000078	-0.349304	
506	1.001663	0.000508	4.107412	-0.000508	1.001663	-0.206615	
507	1.000407	-0.000397	5.638861	0.000397	1.000407	-0.254903	
508	1.001759	0.000612	4.056789	-0.000612	1.001759	-0.077770	
509	1.000394	-0.000235	5.996743	0.000235	1.000394	-0.205551	
510	1.001774	0.000462	4.274404	-0.000462	1.001774	-0.261453	
511	1.001854	0.000530	4.479830	-0.000530	1.001854	-0.218567	
512	1.000182	-0.000400	5.926765	0.000400	1.000182	-0.212350	
513	1.001519	0.000322	4.270134	-0.000322	1.001519	-0.220493	
514	1.001128	0.000174	4.384354	-0.000174	1.001128	-0.255400	
515	1.000890	0.000206	4.172784	-0.000206	1.000890	-0.164503	
516	1.001062	-0.000082	3.613093	0.000082	1.001062	-0.321827	
517	1.000739	0.000135	3.578048	-0.000135	1.000739	-0.098422	
518	1.000486	-0.000160	3.207940	0.000160	1.000486	-0.151803	
519	1.000780	0.000105	2.779422	-0.000105	1.000780	-0.100285	
520	1.000641	-0.000037	2.541066	0.000037	1.000641	-0.131019	
521	1.000540	-0.000076	2.229656	0.000076	1.000540	-0.148977	
522	1.000711	-0.000031	1.914918	0.000031	1.000711	-0.191212	
523	1.000410	-0.000129	1.588652	0.000129	1.000410	-0.114489	
524	1.000414	-0.000049	1.350995	0.000049	1.000414	-0.111155	
525	1.000306	-0.000110	0.934582	0.000110	1.000306	-0.089546	
526	1.000161	-0.000129	0.714845	0.000129	1.000161	-0.085876	
527	1.000068	-0.000116	0.445117	0.000116	1.000068	-0.082687	
528	0.999939	-0.000146	0.267882	0.000146	0.999939	-0.083414	
529	0.999966	-0.000154	0.033378	0.000154	0.999966	-0.115773	
530	0.999945	-0.000166	0.084677	0.000166	0.999945	-0.115996	
531	0.999925	-0.000115	-0.016451	0.000115	0.999925	-0.077072	
532	0.999923	-0.000133	0.020609	0.000133	0.999923	-0.083379	
533	0.999951	-0.000123	0.182002	0.000123	0.999951	-0.135135	
534	0.999855	-0.000071	0.219877	0.000071	0.999855	-0.003103	
535	1.000007	0.000059	-0.016485	-0.000059	1.000007	0.045964	
536	1.000013	0.000153	-0.050416	-0.000153	1.000013	0.129862	
537	1.000029	0.000112	0.085504	-0.000112	1.000029	0.123414	
538	1.000082	0.000026	0.081975	-0.000026	1.000082	-0.006156	
539	1.000245	-0.000033	0.330701	0.000033	1.000245	0.063314	
540	1.000301	-0.000020	0.384271	0.000020	1.000301	0.032087	
541	1.000438	0.000041	1.014244	-0.000041	1.000438	-0.096950	
542	1.000519	0.000031	1.547288	-0.000031	1.000519	-0.098260	
543	1.000424	-0.000105	1.339050	0.000105	1.000424	-0.058334	
544	1.000302	-0.000196	0.934450	0.000196	1.000302	0.139036	
545	0.999947	-0.000187	0.150828	0.000187	0.999947	0.213298	
546	0.999908	-0.000156	0.004717	0.000156	0.999908	-0.121357	
547	0.999732	-0.000078	-0.399924	0.000078	0.999732	-0.132957	
548	0.999836	-0.000019	-0.057148	0.000019	0.999836	-0.357199	
549	0.999858	-0.000080	0.088984	0.000080	0.999858	-0.094961	
