0	1.000000	0.000000	0.000000	0.000000	1.000000	0.000000	
1	0.999731	-0.001538	2.677064	0.001538	0.999731	-0.334505	
2	0.999975	-0.001161	2.279759	0.001161	0.999975	-0.233085	
3	1.000020	-0.000946	1.979931	0.000946	1.000020	-0.086211	
4	1.000285	-0.001005	1.520919	0.001005	1.000285	-0.397867	
5	1.000260	-0.001097	1.770721	0.001097	1.000260	-0.478241	
6	1.000268	-0.001333	1.718367	0.001333	1.000268	-0.589673	
7	1.000314	-0.000864	1.559413	0.000864	1.000314	-0.358634	
8	1.000512	-0.000801	1.384663	0.000801	1.000512	-0.258492	
9	1.000301	-0.000592	1.222817	0.000592	1.000301	0.141756	
10	1.000474	-0.000463	0.916940	0.000463	1.000474	-0.236096	
11	1.000379	-0.000405	0.858532	0.000405	1.000379	-0.239828	
12	1.000464	-0.000417	0.774596	0.000417	1.000464	-0.307966	
13	1.000378	-0.000522	0.806724	0.000522	1.000378	-0.357555	
14	1.000457	-0.000394	0.647709	0.000394	1.000457	-0.251552	
15	1.000285	-0.000376	0.595867	0.000376	1.000285	-0.133445	
16	1.000056	-0.000464	0.688877	0.000464	1.000056	-0.178102	
17	1.000010	-0.000587	0.833716	0.000587	1.000010	-0.355265	
18	1.000156	-0.000553	0.733672	0.000553	1.000156	-0.432451	
19	1.000238	-0.000553	0.731802	0.000553	1.000238	-0.357509	
20	1.000238	-0.000403	0.832539	0.000403	1.000238	-0.211258	
21	1.000054	-0.000673	1.149977	0.000673	1.000054	-0.407521	
22	0.999967	-0.000784	1.392445	0.000784	0.999967	-0.559398	
23	0.999999	-0.000840	1.500630	0.000840	0.999999	-0.581783	
24	1.000142	-0.001189	1.675463	0.001189	1.000142	-1.021364	
25	1.000289	-0.001194	1.545480	0.001194	1.000289	-1.101593	
26	1.000297	-0.001160	1.374450	0.001160	1.000297	-1.023129	
27	1.000127	-0.001061	1.488645	0.001061	1.000127	-0.677004	
28	1.000042	-0.001058	1.573777	0.001058	1.000042	-0.828958	
29	1.000520	-0.001435	1.725029	0.001435	1.000520	-1.227190	
30	1.000133	-0.001693	2.229099	0.001693	1.000133	-1.526541	
31	1.000116	-0.001783	2.467350	0.001783	1.000116	-1.771331	
32	1.000019	-0.001926	2.665580	0.001926	1.000019	-1.841285	
33	1.000161	-0.001980	2.600357	0.001980	1.000161	-2.025476	
34	1.000034	-0.001740	2.660580	0.001740	1.000034	-1.877073	
35	0.999940	-0.001778	2.782208	0.001778	0.999940	-1.763691	
36	0.999940	-0.001854	2.800055	0.001854	0.999940	-1.781912	
37	0.999991	-0.001968	2.731137	0.001968	0.999991	-1.919143	
38	0.999921	-0.001991	2.652648	0.001991	0.999921	-1.877042	
39	1.000368	-0.001788	2.277196	0.001788	1.000368	-2.081604	
40	1.000349	-0.001698	1.919040	0.001698	1.000349	-2.055463	
41	1.000484	-0.001493	1.594453	0.001493	1.000484	-1.894206	
42	1.001080	-0.001308	1.183484	0.001308	1.001080	-1.763472	
43	1.000517	-0.000972	1.004817	0.000972	1.000517	-1.250990	
44	1.000243	-0.000481	0.656495	0.000481	1.000243	-0.719796	
45	0.999893	-0.000160	0.479259	0.000160	0.999893	-0.206088	
46	0.999659	0.000121	0.165542	-0.000121	0.999659	0.038198	
47	0.999685	0.000240	-0.234885	-0.000240	0.999685	0.055548	
48	0.999530	-0.000048	0.122438	0.000048	0.999530	0.129274	
49	0.999550	0.000007	0.052596	-0.000007	0.999550	0.209222	
50	0.999709	0.000269	-0.344720	-0.000269	0.999709	0.327615	
51	0.999489	0.000354	-0.306176	-0.000354	0.999489	0.593893	
52	0.999558	0.000207	-0.087427	-0.000207	0.999558	0.583235	
53	0.999850	0.000121	-0.300147	-0.000121	0.999850	0.082269	
54	0.999933	-0.000324	0.080069	0.000324	0.999933	-0.385840	
55	0.999929	-0.000495	0.415355	0.000495	0.999929	-0.379005	
56	0.999697	-0.000300	0.488390	0.000300	0.999697	-0.016105	
57	0.999668	-0.000188	0.158548	0.000188	0.999668	0.467431	
58	0.999305	0.000019	0.231607	-0.000019	0.999305	1.154325	
59	0.999133	-0.000253	0.607240	0.000253	0.999133	1.121766	
60	0.999133	-0.000170	0.615549	0.000170	0.999133	1.225183	
61	0.999096	-0.000071	0.409259	0.000071	0.999096	1.274692	
62	0.999219	0.000058	0.152299	-0.000058	0.999219	1.037029	
63	0.999514	-0.000066	0.229292	0.000066	0.999514	0.664150	
64	0.999297	-0.000073	0.405190	0.000073	0.999297	0.951229	
65	0.999150	0.000122	0.278667	-0.000122	0.999150	1.335951	
66	0.999139	0.000003	0.252381	-0.000003	0.999139	1.355943	
67	0.999393	-0.000444	0.169632	0.000444	0.999393	0.675417	
68	0.999733	-0.000529	0.094261	0.000529	0.999733	0.230794	
69	0.999798	-0.000575	0.141073	0.000575	0.999798	0.088686	
70	0.999451	-0.000272	0.193222	0.000272	0.999451	0.774922	
71	0.999479	0.000206	0.013769	-0.000206	0.999479	1.177728	
72	0.999300	0.000265	-0.010939	-0.000265	0.999300	1.502673	
73	0.999433	0.000125	0.127075	-0.000125	0.999433	1.361524	
74	0.998988	-0.000507	0.697307	0.000507	0.998988	1.379635	
75	0.999260	-0.000026	0.179145	0.000026	0.999260	1.612697	
76	0.999076	0.000363	0.018274	-0.000363	0.999076	2.226347	
77	0.998891	0.000385	0.232792	-0.000385	0.998891	2.455878	
78	0.999959	0.000167	-0.337800	-0.000167	0.999959	1.622593	
79	1.000356	0.000208	-0.632179	-0.000208	1.000356	1.378359	
80	1.000608	0.000296	-0.902827	-0.000296	1.000608	1.188068	
81	1.000897	0.000359	-1.232194	-0.000359	1.000897	1.112237	
82	1.001015	0.000200	-1.265099	-0.000200	1.001015	0.855415	
83	1.001604	0.000180	-1.578098	-0.000180	1.001604	0.723891	
84	1.001950	0.000212	-1.801662	-0.000212	1.001950	0.631648	
85	1.005815	0.000329	-4.337779	-0.000329	1.005815	-1.017430	
86	1.007134	0.000745	-5.263687	-0.000745	1.007134	-1.383264	
87	1.004969	0.000349	-3.944687	-0.000349	1.004969	-0.734340	
88	1.005228	0.000670	-4.122991	-0.000670	1.005228	-0.701419	
89	1.004759	0.000544	-3.746811	-0.000544	1.004759	-0.673521	
90	1.004600	0.000553	-3.655547	-0.000553	1.004600	-0.474643	
91	1.004797	0.000518	-3.771194	-0.000518	1.004797	-0.694007	
92	1.004304	0.000574	-3.557989	-0.000574	1.004304	-0.405812	
93	1.002682	0.000404	-2.316797	-0.000404	1.002682	-0.038416	
94	1.001489	0.000288	-1.495089	-0.000288	1.001489	0.343256	
95	1.001336	0.000362	-1.413679	-0.000362	1.001336	0.485275	
96	1.001916	0.000438	-1.880993	-0.000438	1.001916	0.321778	
97	1.003141	0.000384	-2.703651	-0.000384	1.003141	-0.323513	
98	1.008963	0.000495	-6.498550	-0.000495	1.008963	-2.977560	
99	1.006205	0.000430	-4.722526	-0.000430	1.006205	-1.775147	
100	1.005241	0.000481	-4.038225	-0.000481	1.005241	-1.564828	
101	1.005346	0.000375	-4.096055	-0.000375	1.005346	-1.668157	
102	1.005541	0.000410	-4.278020	-0.000410	1.005541	-1.849632	
103	1.005536	0.000340	-4.196286	-0.000340	1.005536	-2.018497	
104	1.005288	0.000264	-3.944304	-0.000264	1.005288	-2.050256	
105	1.002795	0.000242	-2.194241	-0.000242	1.002795	-1.112473	
106	1.002925	0.000264	-2.172531	-0.000264	1.002925	-1.357956	
107	1.002508	0.000132	-1.649354	-0.000132	1.002508	-1.354918	
108	1.002476	0.000296	-1.835863	-0.000296	1.002476	-1.180671	
109	1.002686	0.000346	-2.117192	-0.000346	1.002686	-1.143963	
110	1.003429	0.000390	-2.762332	-0.000390	1.003429	-1.528141	
111	1.010731	0.000727	-7.833530	-0.000727	1.010731	-4.636584	
112	1.007030	0.000638	-5.478473	-0.000638	1.007030	-2.998087	
113	1.005805	0.000988	-4.982058	-0.000988	1.005805	-1.843554	
114	1.006140	0.000927	-5.279619	-0.000927	1.006140	-2.407102	
115	1.006064	0.000773	-4.999156	-0.000773	1.006064	-2.475336	
116	1.005988	0.000507	-4.567608	-0.000507	1.005988	-2.618942	
117	1.005828	0.000424	-4.277808	-0.000424	1.005828	-2.248426	
118	1.004069	0.000248	-2.908239	-0.000248	1.004069	-1.640035	
119	1.002546	-0.000041	-1.515690	0.000041	1.002546	-1.426261	
120	1.001751	-0.000038	-0.938159	0.000038	1.001751	-0.691696	
121	1.001562	-0.000060	-0.757834	0.000060	1.001562	-0.606623	
122	1.001484	0.000076	-0.780033	-0.000076	1.001484	-0.712622	
123	1.000975	0.000141	-0.306735	-0.000141	1.000975	-0.500449	
124	1.000627	-0.000040	-0.224760	0.000040	1.000627	-0.079357	
125	1.000157	0.000004	-0.030402	-0.000004	1.000157	0.175547	
126	1.000309	-0.000166	0.084086	0.000166	1.000309	-0.165874	
127	1.001066	-0.000023	-0.369349	0.000023	1.001066	-0.442872	
128	1.001721	0.000062	-1.094292	-0.000062	1.001721	-0.463395	
129	1.002880	0.000052	-1.877088	-0.000052	1.002880	-0.967850	
130	1.004595	0.000056	-2.976443	-0.000056	1.004595	-1.824761	
131	1.009652	0.000174	-6.019030	-0.000174	1.009652	-4.432625	
132	1.007083	0.000068	-4.441936	-0.000068	1.007083	-3.186193	
133	1.006156	0.000166	-3.869654	-0.000166	1.006156	-2.638475	
134	1.005724	0.000264	-3.751177	-0.000264	1.005724	-2.185372	
135	1.005409	0.000220	-3.541042	-0.000220	1.005409	-2.212992	
136	1.005237	0.000089	-3.320733	-0.000089	1.005237	-2.064267	
137	1.005613	0.000008	-3.532075	-0.000008	1.005613	-2.537709	
138	1.005727	-0.000006	-3.589077	0.000006	1.005727	-2.519628	
139	1.005269	-0.000364	-2.746889	0.000364	1.005269	-3.021920	
140	1.004032	-0.000313	-1.970885	0.000313	1.004032	-2.070931	
141	1.003294	-0.000311	-1.509034	0.000311	1.003294	-1.706761	
142	1.002116	-0.000256	-0.779126	0.000256	1.002116	-0.876587	
143	1.001686	-0.000296	-0.595091	0.000296	1.001686	-0.949502	
144	1.001024	-0.000500	0.023466	0.000500	1.001024	-0.821712	
145	1.000921	-0.000472	0.244036	0.000472	1.000921	-0.883745	
146	1.000936	-0.000589	0.453866	0.000589	1.000936	-0.897108	
147	1.000538	-0.000652	0.823187	0.000652	1.000538	-0.710973	
148	1.000508	-0.000357	0.647353	0.000357	1.000508	-0.293868	
149	1.000438	-0.000293	0.483961	0.000293	1.000438	-0.190812	
150	1.000578	-0.000194	0.529773	0.000194	1.000578	-0.274993	
151	1.000605	-0.000524	0.571813	0.000524	1.000605	-0.656894	
152	1.000722	-0.000741	0.669669	0.000741	1.000722	-1.007457	
153	1.000645	-0.000988	1.193446	0.000988	1.000645	-1.055334	
154	1.000256	-0.000794	1.377239	0.000794	1.000256	-0.490686	
155	1.000313	-0.000631	1.177281	0.000631	1.000313	-0.356789	
156	1.000462	-0.000381	0.898712	0.000381	1.000462	-0.178194	
157	1.000705	-0.000527	0.693870	0.000527	1.000705	-0.435596	
158	1.000648	-0.000449	0.634662	0.000449	1.000648	-0.344382	
159	1.000746	-0.000432	0.462082	0.000432	1.000746	-0.579547	
160	1.000519	-0.000278	0.570255	0.000278	1.000519	-0.186541	
161	1.000376	-0.000320	0.488619	0.000320	1.000376	-0.124719	
162	1.000408	-0.000294	0.228354	0.000294	1.000408	-0.002071	
163	1.000289	-0.000568	0.680995	0.000568	1.000289	-0.327979	
164	1.000351	-0.000335	0.409893	0.000335	1.000351	-0.193044	
165	1.000306	-0.000337	0.206352	0.000337	1.000306	-0.360743	
166	1.000440	-0.000317	0.170947	0.000317	1.000440	-0.613659	
167	1.000324	-0.000356	0.385960	0.000356	1.000324	-0.651475	
168	1.000176	-0.000168	0.463169	0.000168	1.000176	-0.262675	
169	1.000249	0.000424	0.476819	-0.000424	1.000249	0.303993	
170	1.000058	0.000460	0.206707	-0.000460	1.000058	0.199552	
171	1.000071	0.000479	0.260020	-0.000479	1.000071	-0.031012	
172	1.000121	0.000346	0.807768	-0.000346	1.000121	-0.519700	
173	1.000165	0.000242	0.851007	-0.000242	1.000165	-1.122664	
174	1.000161	0.000307	0.639050	-0.000307	1.000161	-1.091558	
175	1.000033	0.000276	0.662810	-0.000276	1.000033	-1.051378	
176	1.000024	0.000535	0.287365	-0.000535	1.000024	-0.552093	
177	1.001894	0.002599	-1.017211	-0.002599	1.001894	0.410488	
178	1.000278	0.000464	-0.279304	-0.000464	1.000278	-0.261208	
179	1.001593	-0.000236	-1.307267	0.000236	1.001593	-1.003185	
180	1.000802	-0.000374	-1.498065	0.000374	1.000802	-0.972494	
181	1.001246	0.000907	-2.358018	-0.000907	1.001246	-0.612947	
182	1.000740	0.000978	-1.567774	-0.000978	1.000740	-0.253076	
183	1.000711	0.000717	-1.270205	-0.000717	1.000711	-0.528341	
184	1.000786	0.000800	-1.460471	-0.000800	1.000786	-0.636866	
185	1.000751	0.001086	-1.760303	-0.001086	1.000751	-0.405154	
186	1.000672	0.001318	-1.939387	-0.001318	1.000672	-0.069034	
187	1.000368	0.001443	-1.963727	-0.001443	1.000368	0.162584	
188	1.000210	0.001767	-2.546121	-0.001767	1.000210	0.295488	
189	1.000174	0.002130	-3.296960	-0.002130	1.000174	0.621971	
190	1.000683	0.002802	-4.326920	-0.002802	1.000683	0.674909	
191	1.000460	0.002982	-5.128556	-0.002982	1.000460	0.974873	
192	1.000505	0.003199	-5.432042	-0.003199	1.000505	0.873061	
193	1.000592	0.003952	-5.441578	-0.003952	1.000592	1.339003	
194	0.998928	0.004662	-4.606083	-0.004662	0.998928	2.737638	
195	0.998629	0.005319	-4.618789	-0.005319	0.998629	3.408778	
196	1.001028	0.003442	-6.143448	-0.003442	1.001028	0.566459	
197	1.000938	0.003493	-5.717547	-0.003493	1.000938	0.665788	
198	1.000970	0.003398	-5.706028	-0.003398	1.000970	0.539492	
199	0.999691	0.003764	-4.726476	-0.003764	0.999691	1.050784	
200	1.001042	0.003523	-5.617105	-0.003523	1.001042	0.548496	
201	1.000397	0.004196	-5.270081	-0.004196	1.000397	0.962148	
202	1.001740	0.003563	-6.336331	-0.003563	1.001740	-0.201257	
203	1.000341	0.003686	-5.669749	-0.003686	1.000341	0.986630	
204	0.993767	0.002627	-0.847012	-0.002627	0.993767	3.022796	
205	0.999662	0.003392	-4.309574	-0.003392	0.999662	1.293378	
206	0.999725	0.002965	-4.272467	-0.002965	0.999725	0.913574	
207	0.998483	0.002796	-3.274835	-0.002796	0.998483	1.458789	
208	0.998289	0.003012	-2.873564	-0.003012	0.998289	1.674599	
209	0.998293	0.002716	-3.317471	-0.002716	0.998293	1.105599	
210	0.998903	0.002943	-3.388228	-0.002943	0.998903	1.207753	
211	0.998337	0.002576	-2.948528	-0.002576	0.998337	1.193063	
212	0.998607	0.002430	-2.811218	-0.002430	0.998607	1.082990	
213	0.998649	0.002593	-2.642813	-0.002593	0.998649	1.523023	
214	0.998980	0.002567	-2.570242	-0.002567	0.998980	1.551918	
215	0.998170	0.002116	-2.180977	-0.002116	0.998170	1.309907	
216	0.998033	0.001958	-1.900214	-0.001958	0.998033	1.373721	
217	0.999370	0.002418	-2.866390	-0.002418	0.999370	1.046366	
218	1.000267	0.002529	-3.855773	-0.002529	1.000267	0.531676	
219	1.000410	0.002863	-3.802902	-0.002863	1.000410	0.656066	
220	0.999827	0.002585	-3.767035	-0.002585	0.999827	0.802785	
221	0.999887	0.002785	-4.188535	-0.002785	0.999887	0.942584	
222	1.000116	0.002731	-4.096273	-0.002731	1.000116	0.591638	
223	1.000399	0.002834	-4.491027	-0.002834	1.000399	0.694212	
224	1.000330	0.002670	-4.444121	-0.002670	1.000330	0.663316	
225	0.999976	0.002605	-4.123679	-0.002605	0.999976	0.744105	
226	1.000568	0.002564	-4.515233	-0.002564	1.000568	0.423253	
227	1.000155	0.002478	-3.951120	-0.002478	1.000155	0.750060	
228	1.000787	0.002489	-4.233113	-0.002489	1.000787	0.346451	
229	1.000807	0.002134	-3.907943	-0.002134	1.000807	-0.053862	
230	1.000745	0.001881	-3.604986	-0.001881	1.000745	-0.028556	
231	1.000585	0.001887	-3.461332	-0.001887	1.000585	0.075678	
232	1.000631	0.001935	-3.249907	-0.001935	1.000631	-0.026641	
233	1.000577	0.001862	-3.018378	-0.001862	1.000577	0.102460	
234	1.000563	0.001849	-3.056583	-0.001849	1.000563	0.117536	
235	1.000363	0.001857	-2.809882	-0.001857	1.000363	0.312857	
236	1.000374	0.001520	-2.595287	-0.001520	1.000374	0.206815	
237	1.000107	0.001376	-2.046089	-0.001376	1.000107	0.541112	
238	0.999907	0.001268	-1.850890	-0.001268	0.999907	0.737958	
239	1.000087	0.001451	-2.216604	-0.001451	1.000087	0.908104	
240	1.000091	0.001541	-2.368943	-0.001541	1.000091	0.948331	
241	0.999962	0.001618	-2.525987	-0.001618	0.999962	1.082488	
242	0.999833	0.001791	-2.703662	-0.001791	0.999833	1.195279	
243	0.999978	0.002048	-3.110060	-0.002048	0.999978	1.211316	
244	1.000189	0.002266	-3.529243	-0.002266	1.000189	1.264147	
245	1.000289	0.002441	-3.521079	-0.002441	1.000289	1.225757	
246	1.000439	0.002605	-4.046999	-0.002605	1.000439	1.217143	
247	1.000477	0.002748	-4.378459	-0.002748	1.000477	1.224246	
248	1.000654	0.002896	-4.648777	-0.002896	1.000654	1.039948	
249	1.000693	0.003074	-4.851590	-0.003074	1.000693	1.263158	
250	1.000730	0.003130	-5.051718	-0.003130	1.000730	1.208083	
251	1.000857	0.003350	-5.251088	-0.003350	1.000857	1.314380	
252	1.000735	0.003367	-5.376597	-0.003367	1.000735	1.354650	
253	1.000715	0.003361	-5.297768	-0.003361	1.000715	1.415214	
254	1.000769	0.003303	-5.332581	-0.003303	1.000769	1.395596	
255	0.999357	0.004476	-4.633096	-0.004476	0.999357	2.770722	
256	1.000576	0.004082	-5.727499	-0.004082	1.000576	1.884067	
257	1.000991	0.004081	-6.654398	-0.004081	1.000991	1.735830	
258	1.002455	0.005719	-7.803564	-0.005719	1.002455	1.871331	
259	0.997635	0.005566	-5.930509	-0.005566	0.997635	3.756767	
260	0.999248	0.002349	-7.986036	-0.002349	0.999248	0.763774	
261	1.004116	0.007480	-9.954858	-0.007480	1.004116	1.810828	
262	0.999899	0.009085	-8.209297	-0.009085	0.999899	5.306910	
263	1.002677	0.005070	-10.754900	-0.005070	1.002677	2.089244	
264	0.999934	0.000889	-10.147765	-0.000889	0.999934	0.164384	
265	0.999692	0.001129	-10.611266	-0.001129	0.999692	0.365336	
266	0.999789	0.001091	-11.011291	-0.001091	0.999789	0.302704	
267	0.999593	0.001021	-11.084307	-0.001021	0.999593	0.443689	
268	0.999718	0.000822	-11.282404	-0.000822	0.999718	0.126189	
269	0.999434	0.000847	-11.184902	-0.000847	0.999434	0.027210	
270	0.999543	0.000981	-11.647600	-0.000981	0.999543	0.355786	
271	0.999332	0.001088	-11.976142	-0.001088	0.999332	0.421550	
272	0.999406	0.001111	-12.914024	-0.001111	0.999406	0.214556	
273	0.999262	0.001158	-14.310028	-0.001158	0.999262	0.418262	
274	0.999097	0.001256	-15.749259	-0.001256	0.999097	0.531347	
275	0.999176	0.001422	-16.455905	-0.001422	0.999176	0.595638	
276	0.999267	0.001612	-16.644262	-0.001612	0.999267	0.713908	
277	0.999119	0.001615	-16.780897	-0.001615	0.999119	0.685842	
278	0.999135	0.001422	-17.266155	-0.001422	0.999135	0.605667	
279	0.999237	0.001481	-17.393334	-0.001481	0.999237	0.830699	
280	0.999295	0.001647	-17.229555	-0.001647	0.999295	0.997788	
281	0.999422	0.001794	-17.045999	-0.001794	0.999422	0.902919	
282	0.999556	0.001594	-16.389341	-0.001594	0.999556	0.602249	
283	0.999687	0.001351	-15.225465	-0.001351	0.999687	0.628714	
284	0.999955	0.001300	-14.352011	-0.001300	0.999955	0.711675	
285	0.999883	0.001357	-13.691602	-0.001357	0.999883	0.823288	
286	0.999994	0.001396	-13.393906	-0.001396	0.999994	0.734289	
287	1.000036	0.001273	-13.360216	-0.001273	1.000036	0.679458	
288	0.999809	0.001227	-13.186634	-0.001227	0.999809	0.775532	
289	1.000049	0.001273	-13.694905	-0.001273	1.000049	0.831015	
290	1.000204	0.001314	-14.155047	-0.001314	1.000204	0.744689	
291	1.000342	0.001420	-14.448638	-0.001420	1.000342	0.767298	
292	1.000375	0.001459	-14.506053	-0.001459	1.000375	0.840465	
293	1.000416	0.001442	-14.538449	-0.001442	1.000416	0.801667	
294	1.000394	0.001404	-14.283794	-0.001404	1.000394	0.736735	
295	1.000296	0.001537	-14.114953	-0.001537	1.000296	0.792686	
296	1.000313	0.001534	-14.513210	-0.001534	1.000313	0.889676	
297	1.000434	0.001469	-14.897202	-0.001469	1.000434	0.844661	
298	1.000211	0.001568	-14.898140	-0.001568	1.000211	0.866535	
299	1.000376	0.001529	-15.183605	-0.001529	1.000376	0.920241	
300	1.000670	0.001530	-15.754367	-0.001530	1.000670	1.072007	
301	1.000461	0.001544	-15.162794	-0.001544	1.000461	1.099108	
302	1.000364	0.001589	-14.567290	-0.001589	1.000364	0.905400	
303	1.000261	0.001492	-14.481553	-0.001492	1.000261	0.881805	
304	1.000331	0.001431	-14.233101	-0.001431	1.000331	0.915562	
305	1.000152	0.001545	-13.687092	-0.001545	1.000152	1.086552	
306	1.000825	0.002292	-13.926137	-0.002292	1.000825	1.327082	
307	1.000382	0.002242	-13.359891	-0.002242	1.000382	1.304142	
308	1.000555	0.002141	-13.328389	-0.002141	1.000555	1.293805	
309	1.000274	0.002016	-12.816819	-0.002016	1.000274	1.277987	
310	1.000455	0.001959	-12.661293	-0.001959	1.000455	1.036082	
311	1.000443	0.002451	-12.785259	-0.002451	1.000443	1.390917	
312	1.000878	0.002306	-12.913509	-0.002306	1.000878	0.813261	
313	1.000694	0.002481	-12.493757	-0.002481	1.000694	1.090244	
314	1.000683	0.002828	-12.826143	-0.002828	1.000683	1.541951	
315	1.000740	0.003711	-13.379999	-0.003711	1.000740	1.967326	
316	1.001203	0.003832	-14.244561	-0.003832	1.001203	1.521281	
317	1.003071	0.005252	-15.587230	-0.005252	1.003071	1.809329	
318	1.000327	0.001730	-14.938970	-0.001730	1.000327	0.649345	
319	1.000317	0.001375	-15.705512	-0.001375	1.000317	0.252071	
320	1.000118	0.001163	-16.063362	-0.001163	1.000118	-0.042089	
321	1.000023	0.000917	-16.656359	-0.000917	1.000023	-0.095102	
322	0.999912	0.001225	-16.718913	-0.001225	0.999912	0.166109	
323	1.000068	0.001302	-17.009790	-0.001302	1.000068	0.164432	
324	0.999880	0.001247	-17.324022	-0.001247	0.999880	0.141273	
325	0.999975	0.001338	-17.742480	-0.001338	0.999975	0.199682	
326	0.986249	0.015171	-4.396400	-0.015171	0.986249	15.204642	
327	0.999825	0.001809	-18.083236	-0.001809	0.999825	0.483648	
328	0.999460	0.001577	-17.761946	-0.001577	0.999460	0.367196	
329	0.999925	0.001021	-17.861875	-0.001021	0.999925	-0.279420	
330	1.000117	0.001169	-18.024152	-0.001169	1.000117	-0.279329	
331	1.000133	0.001739	-17.974497	-0.001739	1.000133	-0.004670	
332	0.999982	0.001729	-17.947988	-0.001729	0.999982	-0.214881	
333	1.000562	0.001649	-18.205086	-0.001649	1.000562	-0.764954	
334	0.998687	0.001410	-16.656154	-0.001410	0.998687	-0.417610	
335	0.999664	0.001448	-17.828203	-0.001448	0.999664	-0.522559	
336	0.998825	0.001702	-16.771175	-0.001702	0.998825	-0.337471	
337	0.999363	0.001840	-17.290859	-0.001840	0.999363	-0.622552	
338	0.999267	0.001518	-16.889085	-0.001518	0.999267	-1.074343	
339	0.998548	0.001600	-15.585477	-0.001600	0.998548	-0.555596	
340	0.999828	0.001679	-16.391795	-0.001679	0.999828	-0.514379	
341	0.999982	0.001570	-15.946582	-0.001570	0.999982	-0.724786	
342	0.999609	0.001413	-15.218518	-0.001413	0.999609	-0.607647	
343	0.999636	0.001467	-14.658749	-0.001467	0.999636	-0.424227	
344	1.000131	0.001456	-14.621220	-0.001456	1.000131	-0.263419	
345	1.000080	0.001656	-13.956736	-0.001656	1.000080	-0.268131	
346	0.999669	0.001591	-12.686270	-0.001591	0.999669	-0.190531	
347	0.999655	0.001388	-12.434142	-0.001388	0.999655	-0.546815	
348	1.000091	0.001299	-12.503940	-0.001299	1.000091	-0.655138	
349	0.999363	0.001569	-11.153344	-0.001569	0.999363	-0.180004	
350	0.999978	0.001401	-11.536556	-0.001401	0.999978	-0.545326	
351	0.999191	0.001357	-10.667364	-0.001357	0.999191	-0.635322	
352	0.999952	0.001132	-11.342547	-0.001132	0.999952	-0.713362	
353	0.998830	0.001587	-9.735599	-0.001587	0.998830	0.244530	
354	1.000176	0.001194	-11.015752	-0.001194	1.000176	-0.299340	
355	1.000317	0.001113	-11.034765	-0.001113	1.000317	-0.307649	
356	0.993198	0.007980	-3.651107	-0.007980	0.993198	8.007508	
357	1.000285	0.001002	-10.493523	-0.001002	1.000285	0.079948	
358	0.992630	0.008146	-2.956453	-0.008146	0.992630	8.745772	
359	0.999651	0.000925	-8.955637	-0.000925	0.999651	0.476616	
360	0.999684	0.000997	-8.653420	-0.000997	0.999684	0.484942	
361	0.999576	0.001106	-7.916176	-0.001106	0.999576	0.486323	
362	0.999658	0.000837	-8.003592	-0.000837	0.999658	0.255711	
363	0.994008	0.006784	-2.555219	-0.006784	0.994008	7.123420	
364	0.994973	0.006444	-3.085219	-0.006444	0.994973	6.349514	
365	0.999757	0.001199	-7.699090	-0.001199	0.999757	0.802075	
366	0.994436	0.008083	-3.065515	-0.008083	0.994436	8.440395	
367	0.999135	0.004065	-6.037571	-0.004065	0.999135	3.029945	
368	0.994142	0.006849	-2.203349	-0.006849	0.994142	7.505553	
369	0.998985	0.003672	-5.897090	-0.003672	0.998985	2.694539	
370	0.996048	0.005235	-3.465732	-0.005235	0.996048	4.942765	
371	0.998366	0.003025	-5.665126	-0.003025	0.998366	2.506483	
372	1.000625	0.002432	-7.440672	-0.002432	1.000625	1.584706	
373	0.998882	0.003529	-5.844982	-0.003529	0.998882	2.351129	
374	0.994768	0.005351	-2.904767	-0.005351	0.994768	5.413198	
375	0.994786	0.006332	-2.985082	-0.006332	0.994786	6.377041	
376	0.997139	0.005315	-5.370991	-0.005315	0.997139	4.580377	
377	0.995590	0.008227	-5.042832	-0.008227	0.995590	7.186382	
378	0.999321	0.001664	-9.283795	-0.001664	0.999321	1.640193	
379	0.999245	0.001576	-10.346173	-0.001576	0.999245	1.381428	
380	0.998570	0.002139	-12.066495	-0.002139	0.998570	2.083232	
381	0.998565	0.002119	-13.353852	-0.002119	0.998565	2.174538	
382	0.995650	0.002434	-11.721794	-0.002434	0.995650	2.927443	
383	0.991692	0.014348	-8.971486	-0.014348	0.991692	11.926504	
384	0.995091	0.004314	-10.036107	-0.004314	0.995091	4.564507	
385	0.996888	0.002147	-9.975545	-0.002147	0.996888	2.259573	
386	0.994613	0.008118	-6.184903	-0.008118	0.994613	6.939669	
387	0.993307	0.004955	-3.800240	-0.004955	0.993307	5.135161	
388	0.993704	0.005930	-3.116541	-0.005930	0.993704	5.881338	
389	0.995553	0.007291	-4.629439	-0.007291	0.995553	6.650016	
390	0.996518	0.006733	-4.954155	-0.006733	0.996518	6.010522	
391	0.973133	0.001998	10.658509	-0.001998	0.973133	11.648790	
392	0.994277	0.005129	-2.392117	-0.005129	0.994277	6.361557	
393	0.991769	0.004101	-0.375518	-0.004101	0.991769	6.536002	
394	0.991702	0.002678	-0.009200	-0.002678	0.991702	5.245182	
395	0.995776	0.004535	-2.263779	-0.004535	0.995776	4.879099	
396	0.994217	0.003319	-1.222427	-0.003319	0.994217	5.083416	
397	0.993407	0.002514	-0.506696	-0.002514	0.993407	4.783138	
398	0.996060	0.003297	-1.508395	-0.003297	0.996060	4.420807	
399	0.994894	0.002722	-0.772766	-0.002722	0.994894	4.873379	
400	0.991809	0.002582	0.938139	-0.002582	0.991809	6.350059	
401	0.985603	0.002393	5.817085	-0.002393	0.985603	9.042108	
402	0.992044	0.002771	1.039761	-0.002771	0.992044	6.246816	
403	0.992255	0.002311	1.282260	-0.002311	0.992255	5.743097	
404	0.991855	0.002171	1.748107	-0.002171	0.991855	5.976712	
405	0.994448	0.002110	0.298627	-0.002110	0.994448	4.652189	
406	0.995360	0.002070	-0.010354	-0.002070	0.995360	4.289739	
407	0.995082	0.002021	0.076827	-0.002021	0.995082	4.495357	
408	0.995467	0.001876	0.052239	-0.001876	0.995467	4.259263	
409	0.993567	0.001863	1.298222	-0.001863	0.993567	5.135826	
410	0.992010	0.001913	2.212860	-0.001913	0.992010	5.868999	
411	0.988913	0.002006	4.289679	-0.002006	0.988913	7.294243	
412	0.992816	0.001920	1.843046	-0.001920	0.992816	5.312042	
413	0.991754	0.001681	2.790602	-0.001681	0.991754	5.841731	
414	0.992088	0.001541	2.572960	-0.001541	0.992088	5.624417	
415	0.994396	0.001894	1.088247	-0.001894	0.994396	4.750350	
416	0.994927	0.001693	0.701814	-0.001693	0.994927	4.136643	
417	0.995414	0.001432	0.442134	-0.001432	0.995414	3.687197	
418	0.994747	0.001033	1.195335	-0.001033	0.994747	3.775035	
419	0.994905	0.001146	1.406746	-0.001146	0.994905	3.893286	
420	0.993481	0.001147	2.481411	-0.001147	0.993481	4.453303	
421	0.989646	0.000922	5.120025	-0.000922	0.989646	5.903956	
422	0.992033	0.000741	3.759015	-0.000741	0.992033	4.832051	
423	0.992577	0.000730	3.427072	-0.000730	0.992577	4.631776	
424	0.993110	0.000720	3.270667	-0.000720	0.993110	4.239908	
425	0.993489	0.000654	3.200050	-0.000654	0.993489	3.873909	
426	0.996206	0.000636	1.500795	-0.000636	0.996206	2.440046	
427	0.995869	0.000478	1.790190	-0.000478	0.995869	2.571006	
428	0.995883	0.000290	1.952734	-0.000290	0.995883	2.514419	
429	0.996814	0.000392	1.418513	-0.000392	0.996814	2.176285	
430	0.997113	0.000451	1.217601	-0.000451	0.997113	2.130309	
431	0.996637	0.000306	1.546955	-0.000306	0.996637	2.175981	
432	0.996931	0.000277	1.337358	-0.000277	0.996931	1.966998	
433	0.996092	0.000385	1.869378	-0.000385	0.996092	2.407334	
434	0.997408	0.000457	0.954768	-0.000457	0.997408	1.879227	
435	0.998835	0.000503	-0.040478	-0.000503	0.998835	1.183633	
436	0.999150	0.000474	-0.259953	-0.000474	0.999150	1.006155	
437	0.999301	0.000460	-0.380693	-0.000460	0.999301	1.027310	
438	0.999424	0.000526	-0.512380	-0.000526	0.999424	1.015869	
439	0.999525	0.000594	-0.658703	-0.000594	0.999525	0.946182	
440	0.999870	0.000419	-0.807119	-0.000419	0.999870	0.774727	
441	0.999784	0.000468	-0.691740	-0.000468	0.999784	0.728993	
442	0.999690	0.000497	-0.663624	-0.000497	0.999690	0.661811	
443	0.999711	0.000247	-0.657616	-0.000247	0.999711	0.304314	
444	0.999743	0.000250	-0.476842	-0.000250	0.999743	0.085454	
445	0.999730	0.000339	-0.306478	-0.000339	0.999730	0.031085	
446	0.999752	0.000318	-0.289859	-0.000318	0.999752	-0.051428	
447	0.999646	0.000070	-0.154424	-0.000070	0.999646	-0.018748	
448	0.999630	0.000136	-0.016400	-0.000136	0.999630	0.102598	
449	0.999661	0.000251	0.030169	-0.000251	0.999661	-0.010870	
450	0.999866	0.000296	-0.071044	-0.000296	0.999866	-0.098456	
451	0.999972	0.000083	0.195108	-0.000083	0.999972	-0.105636	
452	0.999907	-0.000001	0.559762	0.000001	0.999907	-0.193613	
453	0.999784	0.000144	0.489073	-0.000144	0.999784	0.057323	
454	0.999627	0.000142	0.619650	-0.000142	0.999627	0.149411	
455	0.999566	0.000198	0.561582	-0.000198	0.999566	0.176708	
456	0.999556	0.000390	0.480843	-0.000390	0.999556	0.312962	
457	0.999852	0.000486	0.241347	-0.000486	0.999852	0.023194	
458	0.999842	0.000403	0.252376	-0.000403	0.999842	-0.142103	
459	0.999625	0.000215	0.367497	-0.000215	0.999625	0.159479	
460	0.999644	0.000175	0.242486	-0.000175	0.999644	0.020042	
461	0.999817	0.000210	0.121034	-0.000210	0.999817	-0.163094	
462	0.999813	0.000344	0.036473	-0.000344	0.999813	0.140843	
463	0.999938	0.000208	0.141453	-0.000208	0.999938	0.096588	
464	0.999919	0.000022	0.186404	-0.000022	0.999919	-0.045916	
465	0.999955	-0.000110	0.140495	0.000110	0.999955	-0.051483	
466	1.000027	-0.000114	0.103534	0.000114	1.000027	-0.090626	
467	1.000172	0.000073	-0.096931	-0.000073	1.000172	-0.277674	
468	1.000238	0.000044	-0.150383	-0.000044	1.000238	-0.376966	
469	1.000059	-0.000304	0.042957	0.000304	1.000059	-0.214660	
470	1.000124	-0.000483	0.170221	0.000483	1.000124	-0.258485	
471	1.000145	-0.000105	-0.102126	0.000105	1.000145	-0.188693	
472	1.000262	0.000050	-0.213143	-0.000050	1.000262	-0.317916	
473	1.000181	-0.000097	0.030320	0.000097	1.000181	-0.429930	
474	1.000337	-0.000201	-0.082437	0.000201	1.000337	-0.765823	
475	1.000282	-0.000248	-0.055339	0.000248	1.000282	-0.688879	
476	0.999881	-0.000493	0.249634	0.000493	0.999881	0.054610	
477	0.999575	-0.000381	0.374335	0.000381	0.999575	0.724943	
478	0.999926	-0.000197	0.040158	0.000197	0.999926	0.146825	
479	1.000758	0.000140	-0.554806	-0.000140	1.000758	-1.077355	
480	1.000826	0.000106	-0.188008	-0.000106	1.000826	-1.310989	
481	1.000200	-0.000308	0.594697	0.000308	1.000200	-0.417560	
482	0.999571	-0.000175	0.301075	0.000175	0.999571	0.709988	
483	0.999442	-0.000012	0.213664	0.000012	0.999442	0.833004	
484	1.000050	-0.000152	0.639898	0.000152	1.000050	-0.177013	
485	1.000347	0.000260	0.098564	-0.000260	1.000347	-0.540171	
486	1.000101	0.000424	-0.525896	-0.000424	1.000101	-0.269362	
487	0.999871	-0.000197	0.061229	0.000197	0.999871	-0.074958	
488	0.999860	-0.000728	0.951399	0.000728	0.999860	-0.226461	
489	1.000311	-0.000171	0.005763	0.000171	1.000311	-0.572661	
490	1.000245	0.000481	-0.554546	-0.000481	1.000245	-0.172552	
491	1.000175	-0.000016	0.234210	0.000016	1.000175	-0.152670	
492	1.000139	-0.000535	0.348349	0.000535	1.000139	-0.249398	
493	1.000261	-0.000490	0.394936	0.000490	1.000261	-0.459679	
494	1.000471	-0.000589	0.520057	0.000589	1.000471	-0.765885	
495	1.000250	-0.000634	1.190360	0.000634	1.000250	-0.633508	
496	1.000385	-0.001087	1.817492	0.001087	1.000385	-0.919728	
497	1.000071	-0.001478	2.198004	0.001478	1.000071	-1.092902	
498	1.000088	-0.001877	2.566500	0.001877	1.000088	-1.481065	
499	1.000046	-0.001737	2.735875	0.001737	1.000046	-1.268003	
