0	1.000000	0.000000	0.000000	0.000000	1.000000	0.000000	
1	0.999930	0.000030	0.006737	-0.000030	0.999930	0.032413	
2	0.999926	0.000041	-0.002702	-0.000041	0.999926	0.028844	
3	0.999934	0.000029	-0.019940	-0.000029	0.999934	0.030626	
4	0.999982	0.000003	0.006323	-0.000003	0.999982	0.006423	
5	1.000001	-0.000021	0.025445	0.000021	1.000001	-0.008635	
6	1.000020	-0.000047	0.061671	0.000047	1.000020	-0.032924	
7	0.999993	-0.000034	0.043656	0.000034	0.999993	-0.018950	
8	1.000004	-0.000031	0.006583	0.000031	1.000004	-0.018552	
9	0.999984	0.000013	0.015498	-0.000013	0.999984	0.015800	
10	0.999983	0.000031	0.013303	-0.000031	0.999983	0.012086	
11	0.999987	0.000056	0.011203	-0.000056	0.999987	0.021936	
12	0.999978	0.000046	0.000837	-0.000046	0.999978	0.024571	
13	0.999969	-0.000006	-0.005498	0.000006	0.999969	0.011448	
14	0.999989	-0.000055	0.004734	0.000055	0.999989	-0.007936	
15	0.999985	-0.000089	0.020481	0.000089	0.999985	-0.008556	
16	0.999986	-0.000077	0.004503	0.000077	0.999986	-0.004154	
17	0.999983	-0.000034	-0.007193	0.000034	0.999983	-0.005154	
18	0.999959	0.000011	-0.007073	-0.000011	0.999959	0.021308	
19	0.999921	0.000013	0.026829	-0.000013	0.999921	0.015241	
20	0.999951	0.000026	0.039765	-0.000026	0.999951	0.002398	
21	0.999972	0.000008	0.034848	-0.000008	0.999972	-0.006935	
22	0.999986	-0.000025	0.043734	0.000025	0.999986	-0.016022	
23	0.999980	-0.000039	0.076631	0.000039	0.999980	-0.006726	
24	1.000011	-0.000030	0.073326	0.000030	1.000011	-0.011471	
25	0.999969	0.000003	0.058025	-0.000003	0.999969	0.010181	
26	0.999958	0.000020	0.039410	-0.000020	0.999958	0.010867	
27	0.999933	0.000057	0.025126	-0.000057	0.999933	0.051974	
28	0.999952	0.000038	0.028120	-0.000038	0.999952	0.058139	
29	0.999949	0.000051	0.079866	-0.000051	0.999949	0.064944	
30	0.999939	0.000051	0.075297	-0.000051	0.999939	0.032282	
31	0.999907	0.000016	0.104063	-0.000016	0.999907	0.009899	
32	0.999934	-0.000001	0.079193	0.000001	0.999934	0.016552	
33	0.999925	-0.000038	0.115533	0.000038	0.999925	0.034864	
34	0.999923	-0.000011	0.097264	0.000011	0.999923	0.045246	
35	0.999905	0.000016	0.090150	-0.000016	0.999905	0.053881	
36	0.999881	0.000006	0.009229	-0.000006	0.999881	0.053017	
37	0.999864	-0.000007	0.001562	0.000007	0.999864	0.062391	
38	0.999894	0.000011	0.018559	-0.000011	0.999894	0.054687	
39	0.999940	0.000014	0.045364	-0.000014	0.999940	0.042166	
40	0.999933	0.000012	0.062040	-0.000012	0.999933	0.051277	
41	0.999912	0.000025	0.062906	-0.000025	0.999912	0.066707	
42	0.999937	0.000033	0.054026	-0.000033	0.999937	0.049507	
43	0.999948	0.000044	0.044504	-0.000044	0.999948	0.049206	
44	0.999947	0.000065	0.039300	-0.000065	0.999947	0.064593	
45	0.999935	0.000079	0.045465	-0.000079	0.999935	0.072330	
46	0.999928	0.000086	0.053237	-0.000086	0.999928	0.064283	
47	0.999926	0.000078	-0.082202	-0.000078	0.999926	0.051654	
48	0.999832	0.000081	-0.112482	-0.000081	0.999832	0.081560	
49	0.999856	0.000056	-0.123317	-0.000056	0.999856	0.071298	
50	0.999863	0.000027	-0.057459	-0.000027	0.999863	0.084572	
51	0.999820	0.000027	-0.139842	-0.000027	0.999820	0.101438	
52	0.999819	0.000005	-0.258758	-0.000005	0.999819	0.066779	
53	0.999653	0.000049	-0.474063	-0.000049	0.999653	0.097812	
54	0.999598	0.000095	-0.626012	-0.000095	0.999598	0.044520	
55	0.999479	-0.000063	-0.800362	0.000063	0.999479	0.067731	
56	0.999382	0.000000	-0.963628	-0.000000	0.999382	0.126901	
57	0.999221	-0.000030	-1.269498	0.000030	0.999221	0.243735	
58	0.999140	-0.000136	-1.783228	0.000136	0.999140	0.248638	
59	0.998957	-0.000126	-2.252183	0.000126	0.998957	0.345950	
60	0.998639	-0.000129	-2.692753	0.000129	0.998639	0.452301	
61	0.998297	-0.000306	-3.203951	0.000306	0.998297	0.390044	
62	0.998041	-0.000326	-3.549481	0.000326	0.998041	0.415446	
63	0.997963	-0.000220	-4.510544	0.000220	0.997963	0.503110	
64	0.999518	0.000475	-6.826784	-0.000475	0.999518	0.487625	
65	0.999229	0.000267	-7.017216	-0.000267	0.999229	0.493018	
66	0.999561	0.000344	-8.326395	-0.000344	0.999561	0.470407	
67	0.999326	0.000403	-8.665861	-0.000403	0.999326	0.682689	
68	0.999113	0.000466	-9.226162	-0.000466	0.999113	0.813457	
69	0.999323	0.000414	-10.242463	-0.000414	0.999323	0.548808	
70	0.999158	0.000524	-10.500862	-0.000524	0.999158	0.603353	
71	0.999411	0.000716	-11.714930	-0.000716	0.999411	0.712869	
72	0.999052	0.000748	-11.757453	-0.000748	0.999052	0.909212	
73	0.999409	0.000573	-12.614941	-0.000573	0.999409	0.602938	
74	0.999300	0.000664	-13.371421	-0.000664	0.999300	0.710099	
75	0.999708	0.000786	-14.086950	-0.000786	0.999708	0.710008	
76	0.999648	0.000906	-15.092155	-0.000906	0.999648	0.842300	
77	1.000130	0.000874	-16.625981	-0.000874	1.000130	0.661328	
78	1.000049	0.001020	-17.312044	-0.001020	1.000049	0.720589	
79	0.999973	0.001142	-18.857116	-0.001142	0.999973	0.900292	
80	0.999426	0.001307	-20.020090	-0.001307	0.999426	1.309927	
81	1.000108	0.001184	-21.665912	-0.001184	1.000108	0.984228	
82	1.000460	0.001224	-24.049778	-0.001224	1.000460	1.012294	
83	1.000501	0.001325	-25.684966	-0.001325	1.000501	1.159586	
84	1.000867	0.001476	-27.074125	-0.001476	1.000867	0.982630	
85	1.000993	0.001561	-28.642387	-0.001561	1.000993	0.965375	
86	1.000157	0.001603	-28.000808	-0.001603	1.000157	1.052581	
87	1.001120	0.001786	-29.272101	-0.001786	1.001120	0.779869	
88	0.999449	0.001849	-29.291006	-0.001849	0.999449	1.727704	
89	1.002303	0.002050	-31.151050	-0.002050	1.002303	0.631436	
90	1.001510	0.001582	-30.751587	-0.001582	1.001510	0.838497	
91	1.001383	0.001680	-30.298191	-0.001680	1.001383	0.740258	
92	1.001593	0.001470	-28.992008	-0.001470	1.001593	0.745674	
93	1.000760	0.001369	-27.644950	-0.001369	1.000760	0.984716	
94	0.999780	0.001391	-25.061312	-0.001391	0.999780	1.466803	
95	1.000404	0.001095	-22.565495	-0.001095	1.000404	1.092470	
96	1.000737	0.000924	-19.191167	-0.000924	1.000737	0.687895	
97	1.000300	0.000807	-14.646562	-0.000807	1.000300	0.650691	
98	1.000316	0.000514	-10.955265	-0.000514	1.000316	0.347352	
99	1.000019	0.000497	-8.050918	-0.000497	1.000019	0.390032	
100	0.999070	-0.000435	-4.100716	0.000435	0.999070	0.146361	
101	0.999401	-0.000207	-2.742537	0.000207	0.999401	0.195965	
102	0.999613	-0.000082	-1.255907	0.000082	0.999613	0.221035	
103	0.999839	-0.000038	-0.407427	0.000038	0.999839	0.096317	
104	0.999989	0.000116	0.567219	-0.000116	0.999989	0.043975	
105	0.999997	0.000061	0.715831	-0.000061	0.999997	0.057279	
106	1.000042	0.000105	0.619604	-0.000105	1.000042	0.036829	
107	1.000066	0.000108	0.635657	-0.000108	1.000066	0.060031	
108	1.000046	0.000076	0.563370	-0.000076	1.000046	0.071325	
109	1.000130	0.000066	0.612406	-0.000066	1.000130	0.064430	
110	1.000170	0.000033	1.108832	-0.000033	1.000170	0.059410	
111	1.000364	0.000056	1.557954	-0.000056	1.000364	-0.023151	
112	1.000587	0.000222	2.543402	-0.000222	1.000587	-0.010736	
113	1.000846	0.000272	3.607248	-0.000272	1.000846	-0.066291	
114	1.000976	0.000413	4.270146	-0.000413	1.000976	-0.058994	
115	0.999661	-0.000379	6.556997	0.000379	0.999661	-0.125635	
116	0.999805	-0.000490	7.119824	0.000490	0.999805	-0.341205	
117	0.999521	-0.000668	8.385892	0.000668	0.999521	-0.353616	
118	0.999398	-0.000592	9.481766	0.000592	0.999398	-0.183634	
119	0.999029	-0.000666	10.703904	0.000666	0.999029	-0.147599	
120	0.999082	-0.000744	11.018866	0.000744	0.999082	-0.251510	
121	0.998941	-0.000817	11.651403	0.000817	0.998941	-0.179602	
122	0.997715	-0.000880	11.846286	0.000880	0.997715	0.250327	
123	0.998788	-0.000689	10.799182	0.000689	0.998788	0.027375	
124	0.999204	-0.000874	10.551050	0.000874	0.999204	-0.305891	
125	0.998678	-0.000806	9.729686	0.000806	0.998678	-0.096408	
126	0.999210	-0.000559	9.324078	0.000559	0.999210	-0.201462	
127	0.998960	-0.000836	8.752657	0.000836	0.998960	-0.389311	
128	0.999360	-0.000607	7.751894	0.000607	0.999360	-0.337625	
129	0.999237	-0.000627	6.956038	0.000627	0.999237	-0.326793	
130	1.000763	0.000402	5.107112	-0.000402	1.000763	-0.124814	
131	1.000769	0.000324	4.801015	-0.000324	1.000769	-0.232202	
132	0.999204	-0.000462	6.655598	0.000462	0.999204	-0.068614	
133	1.000911	0.000555	5.007101	-0.000555	1.000911	-0.027330	
134	1.000925	0.000632	5.072927	-0.000632	1.000925	0.116705	
135	0.999038	-0.000410	7.098716	0.000410	0.999038	0.200089	
136	1.000641	0.000423	4.971967	-0.000423	1.000641	0.041572	
137	0.999586	-0.000262	6.100007	0.000262	0.999586	0.001105	
138	1.000623	0.000419	4.388580	-0.000419	1.000623	-0.050809	
139	1.000605	0.000267	4.014350	-0.000267	1.000605	-0.094217	
140	1.000583	0.000174	4.125860	-0.000174	1.000583	-0.225170	
141	1.000495	0.000246	3.902794	-0.000246	1.000495	-0.119132	
142	1.000379	0.000163	3.808523	-0.000163	1.000379	-0.205066	
143	1.000503	0.000166	3.784769	-0.000166	1.000503	-0.211971	
144	0.999973	0.000098	3.738926	-0.000098	0.999973	-0.090135	
145	1.000294	0.000299	3.570570	-0.000299	1.000294	-0.008721	
146	1.000190	0.000246	3.750017	-0.000246	1.000190	0.033816	
147	1.000178	0.000270	3.624195	-0.000270	1.000178	0.089375	
148	1.000370	0.000094	3.906801	-0.000094	1.000370	-0.014757	
149	1.000601	0.000207	3.803576	-0.000207	1.000601	0.081329	
150	1.000616	0.000119	3.757819	-0.000119	1.000616	-0.109979	
151	1.000462	-0.000105	3.710984	0.000105	1.000462	-0.114795	
152	1.000361	-0.000138	3.111868	0.000138	1.000361	-0.155896	
153	1.000346	-0.000026	2.533143	0.000026	1.000346	-0.065566	
154	1.000142	-0.000025	1.697026	0.000025	1.000142	-0.162541	
155	1.000066	0.000125	1.091164	-0.000125	1.000066	-0.061036	
156	1.000023	0.000151	0.534555	-0.000151	1.000023	-0.047955	
157	0.999984	0.000245	0.112754	-0.000245	0.999984	0.030787	
158	0.999940	0.000230	0.103942	-0.000230	0.999940	0.044441	
159	0.999935	0.000259	-0.004822	-0.000259	0.999935	0.081654	
160	0.999965	0.000261	-0.012186	-0.000261	0.999965	0.101832	
161	1.000028	0.000197	0.009525	-0.000197	1.000028	0.078397	
162	1.000053	0.000118	-0.028905	-0.000118	1.000053	0.062255	
163	1.000076	0.000030	-0.052010	-0.000030	1.000076	0.002200	
164	1.000050	-0.000067	-0.007939	0.000067	1.000050	-0.019798	
165	0.999993	-0.000133	0.051940	0.000133	0.999993	-0.053516	
166	0.999917	-0.000133	0.046429	0.000133	0.999917	-0.065626	
167	0.999894	-0.000087	0.071648	0.000087	0.999894	-0.035994	
168	0.999878	0.000022	0.054542	-0.000022	0.999878	0.016401	
169	0.999976	0.000106	-0.026796	-0.000106	0.999976	0.086040	
170	0.999972	0.000159	0.014270	-0.000159	0.999972	0.129253	
171	0.999955	0.000124	0.033816	-0.000124	0.999955	0.099014	
172	0.999919	0.000113	0.051168	-0.000113	0.999919	0.064762	
173	0.999930	0.000078	0.054560	-0.000078	0.999930	0.037076	
174	0.999928	0.000057	0.031170	-0.000057	0.999928	-0.004910	
175	0.999906	0.000095	0.043709	-0.000095	0.999906	0.000883	
176	0.999928	0.000092	0.062902	-0.000092	0.999928	0.016330	
177	0.999993	0.000091	0.090518	-0.000091	0.999993	0.017969	
178	1.000084	0.000035	0.153804	-0.000035	1.000084	-0.040659	
179	0.999981	-0.000001	0.102207	0.000001	0.999981	-0.037675	
180	0.999926	0.000044	0.111854	-0.000044	0.999926	0.010835	
181	0.999927	0.000064	0.069615	-0.000064	0.999927	0.020372	
182	0.999963	0.000137	0.033278	-0.000137	0.999963	0.051874	
183	0.999954	0.000131	0.038673	-0.000131	0.999954	0.066967	
184	1.000028	0.000137	-0.063126	-0.000137	1.000028	0.004142	
185	0.999974	0.000056	-0.038362	-0.000056	0.999974	-0.034656	
186	0.999930	-0.000027	-0.001721	0.000027	0.999930	-0.061611	
187	0.999992	-0.000072	0.013695	0.000072	0.999992	-0.095915	
188	1.000020	-0.000125	0.035811	0.000125	1.000020	-0.137058	
189	1.000036	-0.000140	0.046965	0.000140	1.000036	-0.160780	
190	1.000051	-0.000102	0.037293	0.000102	1.000051	-0.158931	
191	1.000098	-0.000035	-0.017327	0.000035	1.000098	-0.121936	
192	1.000136	0.000008	-0.044830	-0.000008	1.000136	-0.084135	
193	1.000140	-0.000017	-0.030390	0.000017	1.000140	-0.088773	
194	1.000116	-0.000018	-0.039268	0.000018	1.000116	-0.079198	
195	1.000104	0.000090	-0.031344	-0.000090	1.000104	-0.016066	
196	1.000069	0.000135	-0.034217	-0.000135	1.000069	0.009939	
197	1.000003	0.000143	0.031285	-0.000143	1.000003	0.031110	
198	1.000049	0.000073	-0.039229	-0.000073	1.000049	-0.021074	
199	1.000172	0.000019	-0.050100	-0.000019	1.000172	-0.073009	
200	1.000109	0.000030	-0.078244	-0.000030	1.000109	-0.045602	
201	1.000068	0.000055	-0.166519	-0.000055	1.000068	0.010889	
202	1.000186	0.000039	-0.168090	-0.000039	1.000186	-0.004526	
203	1.000143	-0.000047	-0.144361	0.000047	1.000143	-0.016447	
204	1.000035	0.000039	-0.405705	-0.000039	1.000035	0.062051	
205	0.999951	-0.000005	-0.435416	0.000005	0.999951	0.059385	
206	0.999907	-0.000011	-0.729886	0.000011	0.999907	0.072606	
207	0.999861	-0.000043	-0.925057	0.000043	0.999861	0.035951	
208	0.999743	0.000034	-1.157514	-0.000034	0.999743	0.150405	
209	0.999653	0.000018	-1.086995	-0.000018	0.999653	0.093328	
210	0.999725	-0.000054	-1.082640	0.000054	0.999725	0.056990	
211	0.999823	0.000001	-1.106273	-0.000001	0.999823	0.096051	
212	0.999865	-0.000025	-1.048012	0.000025	0.999865	0.049878	
213	0.999810	-0.000076	-1.307005	0.000076	0.999810	0.052083	
214	0.999772	-0.000074	-1.268734	0.000074	0.999772	0.065729	
215	0.999872	-0.000076	-1.094521	0.000076	0.999872	0.044853	
216	0.999902	-0.000080	-1.123023	0.000080	0.999902	0.045046	
217	0.999904	-0.000094	-0.836356	0.000094	0.999904	0.037259	
218	0.999978	-0.000067	-0.636638	0.000067	0.999978	0.014312	
219	1.000019	-0.000012	-0.494006	0.000012	1.000019	0.022282	
220	1.000045	0.000034	-0.306597	-0.000034	1.000045	0.008476	
221	1.000097	0.000009	-0.193799	-0.000009	1.000097	-0.027178	
222	1.000031	0.000009	-0.170630	-0.000009	1.000031	-0.007329	
223	1.000087	0.000019	-0.066281	-0.000019	1.000087	-0.015990	
224	1.000063	-0.000030	-0.038499	0.000030	1.000063	-0.024389	
225	1.000056	-0.000032	-0.030813	0.000032	1.000056	-0.022233	
226	1.000090	-0.000047	-0.074941	0.000047	1.000090	-0.039864	
227	1.000064	-0.000054	-0.060214	0.000054	1.000064	-0.018175	
228	1.000112	-0.000044	-0.090400	0.000044	1.000112	-0.014749	
229	1.000129	-0.000017	-0.079643	0.000017	1.000129	-0.008594	
230	1.000176	0.000014	-0.082908	-0.000014	1.000176	-0.009645	
231	1.000144	0.000005	-0.076819	-0.000005	1.000144	-0.015926	
232	1.000166	-0.000010	-0.085607	0.000010	1.000166	-0.038198	
233	1.000157	0.000060	-0.096055	-0.000060	1.000157	0.054477	
234	1.000156	0.000048	-0.136142	-0.000048	1.000156	-0.026094	
235	1.000189	0.000119	-0.217969	-0.000119	1.000189	0.011417	
236	1.000126	0.000047	-0.114326	-0.000047	1.000126	-0.009340	
237	1.000167	0.000042	-0.263446	-0.000042	1.000167	0.012955	
238	1.000124	-0.000003	-0.207428	0.000003	1.000124	0.011939	
239	0.999998	0.000002	-0.289329	-0.000002	0.999998	0.022696	
240	1.000042	-0.000002	-0.335930	0.000002	1.000042	0.006794	
241	1.000015	-0.000049	-0.131634	0.000049	1.000015	-0.027829	
242	0.999994	-0.000065	-0.131026	0.000065	0.999994	-0.014304	
243	0.999842	-0.000096	-0.383693	0.000096	0.999842	0.016964	
244	0.999812	-0.000089	-0.553243	0.000089	0.999812	0.025410	
245	0.999809	-0.000097	-0.648692	0.000097	0.999809	0.010391	
246	0.999599	-0.000051	-0.968991	0.000051	0.999599	0.084885	
247	0.999542	-0.000074	-1.344165	0.000074	0.999542	0.091869	
248	0.999460	-0.000019	-1.475000	0.000019	0.999460	0.170974	
249	0.999495	-0.000042	-1.361600	0.000042	0.999495	0.190668	
250	0.999473	0.000023	-1.314810	-0.000023	0.999473	0.247291	
251	0.999631	-0.000081	-1.096027	0.000081	0.999631	0.139221	
252	0.999529	-0.000095	-1.099263	0.000095	0.999529	0.118259	
253	0.999623	-0.000124	-0.978377	0.000124	0.999623	0.054845	
254	0.999499	-0.000162	-0.817539	0.000162	0.999499	0.034177	
255	0.999570	-0.000134	-0.675453	0.000134	0.999570	0.008358	
256	0.999532	-0.000103	-0.648453	0.000103	0.999532	-0.006302	
257	0.999610	-0.000054	-0.591854	0.000054	0.999610	-0.014219	
258	0.999601	-0.000104	-0.415409	0.000104	0.999601	-0.054421	
259	0.999474	-0.000076	-0.535279	0.000076	0.999474	-0.007558	
260	0.999487	-0.000094	-0.219023	0.000094	0.999487	0.023505	
261	0.999661	-0.000090	-0.279111	0.000090	0.999661	0.042656	
262	0.999715	-0.000017	-0.025685	0.000017	0.999715	0.138736	
263	0.999750	0.000027	0.004131	-0.000027	0.999750	0.202329	
264	0.999880	0.000114	0.088635	-0.000114	0.999880	0.211324	
265	0.999872	0.000122	0.094052	-0.000122	0.999872	0.188667	
266	0.999809	0.000101	0.164407	-0.000101	0.999809	0.165378	
267	0.999814	0.000066	0.112055	-0.000066	0.999814	0.112343	
268	0.999896	0.000024	0.101161	-0.000024	0.999896	0.061239	
269	0.999917	-0.000047	0.173958	0.000047	0.999917	0.012698	
270	0.999931	-0.000053	0.157879	0.000053	0.999931	-0.033954	
271	0.999879	-0.000054	0.082306	0.000054	0.999879	-0.035032	
272	0.999874	-0.000044	0.055519	0.000044	0.999874	-0.042431	
273	0.999890	-0.000003	0.052595	0.000003	0.999890	-0.019039	
274	0.999882	0.000016	0.062602	-0.000016	0.999882	0.008923	
275	0.999887	0.000047	0.060416	-0.000047	0.999887	0.047571	
276	0.999898	0.000046	0.065518	-0.000046	0.999898	0.057241	
277	0.999895	-0.000026	0.060365	0.000026	0.999895	0.026266	
278	0.999894	-0.000049	0.040524	0.000049	0.999894	0.017386	
279	0.999997	-0.000056	-0.013829	0.000056	0.999997	-0.014643	
280	0.999990	-0.000086	-0.010628	0.000086	0.999990	-0.026523	
281	1.000013	-0.000082	-0.018465	0.000082	1.000013	-0.044645	
282	1.000027	-0.000081	-0.020456	0.000081	1.000027	-0.049889	
283	1.000016	-0.000028	-0.021521	0.000028	1.000016	-0.064052	
284	1.000033	-0.000016	-0.047379	0.000016	1.000033	-0.045530	
285	1.000013	0.000003	-0.040470	-0.000003	1.000013	-0.037042	
286	0.999985	0.000008	-0.038805	-0.000008	0.999985	-0.039036	
287	0.999982	-0.000032	-0.043093	0.000032	0.999982	-0.053064	
288	0.999985	-0.000067	-0.038628	0.000067	0.999985	-0.063827	
289	1.000026	-0.000073	-0.045466	0.000073	1.000026	-0.080136	
290	1.000036	-0.000056	-0.052014	0.000056	1.000036	-0.074795	
291	1.000003	-0.000040	-0.045596	0.000040	1.000003	-0.059553	
292	1.000002	-0.000028	-0.051671	0.000028	1.000002	-0.069796	
293	0.999995	-0.000015	-0.043839	0.000015	0.999995	-0.052044	
294	1.000010	-0.000032	-0.047781	0.000032	1.000010	-0.054886	
295	0.999994	-0.000017	-0.042835	0.000017	0.999994	-0.039163	
296	0.999970	-0.000041	-0.033667	0.000041	0.999970	-0.057207	
297	0.999986	-0.000035	-0.057914	0.000035	0.999986	-0.052175	
298	0.999997	0.000002	-0.050860	-0.000002	0.999997	-0.030293	
299	0.999983	0.000009	-0.041691	-0.000009	0.999983	-0.021595	
