0	1.000000	0.000000	0.000000	0.000000	1.000000	0.000000	
1	0.998869	0.000025	-2.794419	-0.000025	0.998869	0.291098	
2	0.998952	-0.000108	-2.916568	0.000108	0.998952	0.337683	
3	0.998942	-0.000254	-3.386337	0.000254	0.998942	0.375592	
4	0.998874	-0.000233	-3.086689	0.000233	0.998874	0.556901	
5	0.998738	-0.000170	-3.081217	0.000170	0.998738	0.341351	
6	0.998638	-0.000287	-3.386307	0.000287	0.998638	0.187903	
7	0.998750	-0.000320	-3.473452	0.000320	0.998750	0.144311	
8	0.998667	-0.000388	-3.993567	0.000388	0.998667	0.144614	
9	0.997628	-0.000610	-3.383240	0.000610	0.997628	0.452474	
10	0.998480	-0.000503	-4.540741	0.000503	0.998480	0.264179	
11	0.999776	0.000319	-6.661234	-0.000319	0.999776	0.334137	
12	0.998159	-0.000490	-5.045731	0.000490	0.998159	0.363546	
13	0.998078	-0.000530	-5.173790	0.000530	0.998078	0.376181	
14	0.997533	0.000006	-5.285450	-0.000006	0.997533	0.944046	
15	0.999854	0.000375	-8.020646	-0.000375	0.999854	0.405106	
16	0.999724	0.000471	-8.375375	-0.000471	0.999724	0.548052	
17	0.999630	0.000527	-9.036669	-0.000527	0.999630	0.606954	
18	0.999523	0.000440	-9.003877	-0.000440	0.999523	0.513057	
19	0.999683	0.000586	-10.092002	-0.000586	0.999683	0.582007	
20	0.999774	0.000499	-10.298723	-0.000499	0.999774	0.598642	
21	0.999688	0.000502	-10.419646	-0.000502	0.999688	0.704440	
22	0.999769	0.000559	-10.917886	-0.000559	0.999769	0.537644	
23	0.999645	0.000449	-11.049085	-0.000449	0.999645	0.421495	
24	0.999846	0.000716	-11.387905	-0.000716	0.999846	0.589315	
25	0.999284	0.000350	-11.155226	-0.000350	0.999284	0.468569	
26	0.999569	0.000569	-11.919923	-0.000569	0.999569	0.610666	
27	0.999890	0.000575	-12.522494	-0.000575	0.999890	0.578129	
28	0.999829	0.000619	-13.174551	-0.000619	0.999829	0.635371	
29	0.999695	0.000700	-13.145351	-0.000700	0.999695	0.777527	
30	0.999676	0.000679	-13.834415	-0.000679	0.999676	0.634927	
31	0.999699	0.000825	-14.612668	-0.000825	0.999699	0.777226	
32	1.000031	0.000854	-15.654281	-0.000854	1.000031	0.726262	
33	0.999871	0.000940	-17.088583	-0.000940	0.999871	0.837979	
34	1.000279	0.001051	-19.090015	-0.001051	1.000279	0.692209	
35	1.000534	0.001123	-21.167383	-0.001123	1.000534	0.698648	
36	1.000411	0.001331	-23.826687	-0.001331	1.000411	0.988562	
37	1.000526	0.001456	-26.452141	-0.001456	1.000526	1.072907	
38	1.000815	0.001574	-28.495558	-0.001574	1.000815	0.983882	
39	1.000912	0.001824	-31.295561	-0.001824	1.000912	1.223780	
40	1.001297	0.001941	-31.881019	-0.001941	1.001297	1.003601	
41	1.001455	0.001956	-32.548929	-0.001956	1.001455	0.909691	
42	1.001021	0.001969	-32.467538	-0.001969	1.001021	1.039283	
43	1.001140	0.001780	-30.240009	-0.001780	1.001140	0.812964	
44	1.001369	0.001742	-28.992623	-0.001742	1.001369	0.924170	
45	1.001012	0.001521	-27.039269	-0.001521	1.001012	1.233830	
46	1.001298	0.001418	-24.693529	-0.001418	1.001298	1.065447	
47	1.000594	0.001092	-21.735786	-0.001092	1.000594	1.075369	
48	1.000524	0.001098	-18.528937	-0.001098	1.000524	0.904791	
49	1.000635	0.000861	-15.139257	-0.000861	1.000635	0.593068	
50	1.000566	0.000729	-12.307079	-0.000729	1.000566	0.508957	
51	1.000502	0.000647	-9.140488	-0.000647	1.000502	0.318985	
52	1.000494	0.000465	-7.045936	-0.000465	1.000494	0.150627	
53	0.999293	-0.000307	-4.804314	0.000307	0.999293	0.094977	
54	1.000424	0.000604	-6.339780	-0.000604	1.000424	0.581670	
55	1.000437	0.000626	-7.701493	-0.000626	1.000437	0.496666	
56	1.000521	0.000880	-9.649055	-0.000880	1.000521	0.311039	
57	1.000389	0.000908	-10.504615	-0.000908	1.000389	0.132238	
58	1.000594	0.000872	-11.023396	-0.000872	1.000594	0.178745	
59	1.000530	0.000663	-9.716970	-0.000663	1.000530	0.454515	
60	1.000540	0.000588	-7.750068	-0.000588	1.000540	0.698841	
61	0.999604	-0.000180	-4.012107	0.000180	0.999604	0.231709	
62	0.999883	-0.000043	-2.009480	0.000043	0.999883	0.003440	
63	1.000082	0.000018	-0.561748	-0.000018	1.000082	-0.059428	
64	1.000305	0.000193	0.583015	-0.000193	1.000305	0.082587	
65	1.000411	0.000194	0.836537	-0.000194	1.000411	0.065689	
66	1.000419	0.000235	1.007426	-0.000235	1.000419	0.125635	
67	1.000366	0.000263	0.915205	-0.000263	1.000366	0.020356	
68	1.000355	0.000219	0.901129	-0.000219	1.000355	-0.040221	
69	1.000367	0.000157	0.986720	-0.000157	1.000367	-0.079234	
70	1.000399	0.000054	0.934063	-0.000054	1.000399	-0.104996	
71	1.000477	0.000052	0.999526	-0.000052	1.000477	-0.060893	
72	1.000452	0.000009	1.021851	-0.000009	1.000452	-0.026590	
73	1.000411	-0.000045	1.247301	0.000045	1.000411	-0.111769	
74	1.000186	-0.000024	1.093663	0.000024	1.000186	-0.083440	
75	1.000249	0.000087	1.224483	-0.000087	1.000249	-0.070551	
76	1.000090	0.000045	1.048821	-0.000045	1.000090	-0.017842	
77	1.000075	-0.000045	0.836167	0.000045	1.000075	0.031136	
78	1.000042	-0.000042	0.775577	0.000042	1.000042	0.163739	
79	1.000077	-0.000035	0.774739	0.000035	1.000077	-0.052406	
80	1.000032	-0.000052	0.860959	0.000052	1.000032	-0.190755	
81	1.000029	-0.000032	1.332225	0.000032	1.000029	-0.138594	
82	1.000078	-0.000087	1.569619	0.000087	1.000078	-0.067083	
83	1.000239	-0.000060	1.866807	0.000060	1.000239	-0.032313	
84	1.000396	-0.000021	2.295768	0.000021	1.000396	-0.034856	
85	1.000341	-0.000067	2.419841	0.000067	1.000341	-0.026976	
86	1.000550	-0.000008	3.022610	0.000008	1.000550	-0.123416	
87	1.000731	0.000039	3.270586	-0.000039	1.000731	-0.156926	
88	1.000868	0.000251	3.602369	-0.000251	1.000868	-0.177792	
89	1.000934	0.000155	4.168233	-0.000155	1.000934	-0.318226	
90	1.000833	0.000219	4.559299	-0.000219	1.000833	-0.295783	
91	0.999333	-0.000603	6.543340	0.000603	0.999333	-0.311195	
92	0.999842	-0.000554	6.770628	0.000554	0.999842	-0.342786	
93	0.999735	-0.000670	7.070307	0.000670	0.999735	-0.343786	
94	1.001930	0.000336	5.328013	-0.000336	1.001930	-0.410003	
95	1.000239	-0.000679	7.459831	0.000679	1.000239	-0.426910	
96	1.001645	0.000321	5.460394	-0.000321	1.001645	-0.317572	
97	0.999472	-0.000959	8.105120	0.000959	0.999472	-0.380400	
98	1.000290	-0.000517	8.062621	0.000517	1.000290	-0.483307	
99	0.999745	-0.000594	8.187805	0.000594	0.999745	-0.208589	
100	0.999481	-0.000843	9.275129	0.000843	0.999481	-0.421011	
101	0.999920	-0.000704	8.497905	0.000704	0.999920	-0.423143	
102	0.999814	-0.000781	8.584809	0.000781	0.999814	-0.392998	
103	0.998044	-0.001424	9.372163	0.001424	0.998044	-0.039672	
104	0.999780	-0.000733	8.013755	0.000733	0.999780	-0.396753	
105	0.999961	-0.000622	8.169810	0.000622	0.999961	-0.512474	
106	0.999697	-0.000528	7.721242	0.000528	0.999697	-0.237337	
107	0.999942	-0.000450	7.031694	0.000450	0.999942	-0.327252	
108	1.001508	0.000477	4.708967	-0.000477	1.001508	-0.409549	
109	1.001141	0.000328	3.849381	-0.000328	1.001141	-0.340791	
110	1.000829	0.000194	3.032434	-0.000194	1.000829	-0.210708	
111	1.000718	0.000086	2.233721	-0.000086	1.000718	-0.157562	
112	1.000459	0.000073	2.000695	-0.000073	1.000459	-0.023218	
113	1.000374	0.000025	2.083858	-0.000025	1.000374	-0.070577	
114	1.000401	0.000025	2.013138	-0.000025	1.000401	-0.076613	
115	1.000367	-0.000036	2.316026	0.000036	1.000367	-0.155671	
116	1.000532	0.000112	2.512545	-0.000112	1.000532	-0.026461	
117	1.000348	0.000017	2.577790	-0.000017	1.000348	-0.036624	
118	1.000584	0.000182	2.785293	-0.000182	1.000584	-0.068183	
119	1.000643	0.000156	2.774921	-0.000156	1.000643	-0.157048	
120	1.000519	0.000139	3.087749	-0.000139	1.000519	-0.078242	
121	1.000665	0.000157	2.994083	-0.000157	1.000665	-0.122217	
122	1.000514	0.000152	3.100357	-0.000152	1.000514	-0.047809	
123	1.000605	0.000104	2.800705	-0.000104	1.000605	-0.156033	
124	1.000200	0.000041	2.416993	-0.000041	1.000200	-0.082268	
125	1.000139	-0.000185	2.256657	0.000185	1.000139	-0.201327	
126	1.000178	-0.000086	1.653646	0.000086	1.000178	-0.134847	
127	1.000220	-0.000130	1.532086	0.000130	1.000220	-0.200151	
128	1.000140	-0.000125	1.333993	0.000125	1.000140	-0.149407	
129	1.000115	-0.000075	1.277048	0.000075	1.000115	-0.117835	
130	1.000015	-0.000004	1.142904	0.000004	1.000015	-0.015785	
131	1.000087	0.000013	0.884133	-0.000013	1.000087	0.050483	
132	1.000106	0.000079	0.735930	-0.000079	1.000106	0.145010	
133	1.000116	-0.000015	0.546971	0.000015	1.000116	0.101072	
134	1.000137	-0.000006	0.508759	0.000006	1.000137	0.097930	
135	1.000066	-0.000064	0.515040	0.000064	1.000066	0.030702	
136	0.999963	-0.000111	0.395507	0.000111	0.999963	0.010420	
137	0.999964	-0.000121	0.545307	0.000121	0.999964	-0.071908	
138	0.999879	-0.000121	0.481150	0.000121	0.999879	-0.035875	
139	0.999850	-0.000105	0.241719	0.000105	0.999850	-0.069798	
140	0.999771	-0.000093	0.225761	0.000093	0.999771	-0.052778	
141	0.999756	-0.000025	0.013276	0.000025	0.999756	-0.032596	
142	0.999683	0.000040	0.067253	-0.000040	0.999683	-0.008614	
143	0.999700	0.000059	0.008197	-0.000059	0.999700	0.010348	
144	0.999786	0.000118	0.068011	-0.000118	0.999786	0.038274	
145	0.999710	0.000138	0.057116	-0.000138	0.999710	0.081998	
146	0.999768	0.000178	0.013541	-0.000178	0.999768	0.110673	
147	0.999822	0.000144	0.072409	-0.000144	0.999822	0.087827	
148	0.999770	0.000108	0.080083	-0.000108	0.999770	0.012128	
149	0.999898	0.000044	0.088265	-0.000044	0.999898	0.043508	
150	0.999882	0.000024	-0.181288	-0.000024	0.999882	0.054495	
151	0.999886	-0.000009	-0.275018	0.000009	0.999886	0.036272	
152	0.999934	0.000011	-0.472918	-0.000011	0.999934	0.033291	
153	0.999900	-0.000022	-0.544410	0.000022	0.999900	0.055975	
154	0.999877	0.000022	-0.513754	-0.000022	0.999877	0.083588	
155	0.999864	0.000037	-0.664232	-0.000037	0.999864	0.081232	
156	0.999898	0.000033	-0.713533	-0.000033	0.999898	0.058077	
157	0.999850	0.000128	-0.765832	-0.000128	0.999850	0.082548	
158	0.999792	0.000079	-0.775624	-0.000079	0.999792	0.047736	
159	0.999812	0.000098	-0.888160	-0.000098	0.999812	0.060147	
160	0.999774	0.000050	-0.650006	-0.000050	0.999774	0.073554	
161	0.999849	0.000107	-0.458103	-0.000107	0.999849	0.073725	
162	0.999919	0.000147	-0.444165	-0.000147	0.999919	0.066207	
163	0.999909	0.000122	-0.204499	-0.000122	0.999909	0.044915	
164	0.999881	0.000144	-0.118826	-0.000144	0.999881	0.051477	
165	0.999923	0.000059	-0.025868	-0.000059	0.999923	0.054390	
166	0.999923	0.000021	-0.072138	-0.000021	0.999923	0.061721	
167	1.000032	-0.000050	-0.033842	0.000050	1.000032	-0.020414	
168	1.000085	-0.000008	0.028280	0.000008	1.000085	-0.030455	
169	1.000134	0.000032	-0.004464	-0.000032	1.000134	-0.023220	
170	1.000097	0.000073	-0.104910	-0.000073	1.000097	-0.014937	
171	1.000136	0.000079	-0.020390	-0.000079	1.000136	-0.005117	
172	1.000124	0.000076	0.013271	-0.000076	1.000124	0.013890	
173	1.000089	0.000075	0.020996	-0.000075	1.000089	0.014996	
174	1.000089	0.000072	0.019739	-0.000072	1.000089	0.003824	
175	1.000076	0.000103	0.020287	-0.000103	1.000076	-0.002201	
176	1.000105	0.000093	0.008369	-0.000093	1.000105	-0.013354	
177	1.000138	0.000074	0.006214	-0.000074	1.000138	-0.014036	
178	1.000065	0.000085	0.037314	-0.000085	1.000065	0.033293	
179	1.000002	0.000047	0.048592	-0.000047	1.000002	0.030193	
180	1.000068	0.000015	0.041318	-0.000015	1.000068	-0.007268	
181	1.000095	-0.000021	0.017604	0.000021	1.000095	-0.034726	
182	1.000061	0.000053	0.016225	-0.000053	1.000061	-0.007934	
183	0.999977	0.000059	0.038375	-0.000059	0.999977	0.004671	
184	1.000009	0.000054	-0.053240	-0.000054	1.000009	0.004765	
185	1.000047	0.000083	-0.178149	-0.000083	1.000047	0.016903	
186	1.000032	0.000087	-0.234626	-0.000087	1.000032	0.052209	
187	0.999994	0.000093	-0.348467	-0.000093	0.999994	0.107309	
188	0.999876	0.000093	-0.597495	-0.000093	0.999876	0.139657	
189	0.999883	0.000072	-0.760677	-0.000072	0.999883	0.134384	
190	0.999836	0.000048	-0.664400	-0.000048	0.999836	0.143291	
191	0.999727	0.000035	-0.827383	-0.000035	0.999727	0.144533	
192	0.999739	0.000077	-0.601966	-0.000077	0.999739	0.156300	
193	0.999780	0.000010	-0.597618	-0.000010	0.999780	0.099385	
194	0.999761	0.000030	-0.512185	-0.000030	0.999761	0.124112	
195	0.999841	0.000043	-0.380288	-0.000043	0.999841	0.094144	
196	0.999770	-0.000012	-0.444036	0.000012	0.999770	0.071659	
197	0.999774	-0.000007	-0.300572	0.000007	0.999774	0.065081	
198	0.999769	-0.000002	-0.347154	0.000002	0.999769	0.058275	
199	0.999626	-0.000041	-0.184747	0.000041	0.999626	0.031280	
200	0.999645	-0.000018	-0.100773	0.000018	0.999645	0.015282	
201	0.999710	-0.000017	0.122055	0.000017	0.999710	0.012938	
202	0.999727	0.000008	0.096396	-0.000008	0.999727	0.071054	
203	0.999794	0.000010	-0.045093	-0.000010	0.999794	0.115034	
204	0.999829	-0.000032	0.095647	0.000032	0.999829	0.130246	
205	0.999847	-0.000045	0.078565	0.000045	0.999847	0.142594	
206	0.999834	-0.000044	-0.119274	0.000044	0.999834	0.161229	
207	0.999798	-0.000045	-0.033308	0.000045	0.999798	0.133874	
208	0.999809	-0.000064	0.001711	0.000064	0.999809	0.090420	
209	0.999805	-0.000081	-0.070322	0.000081	0.999805	0.076817	
210	0.999790	-0.000083	-0.066379	0.000083	0.999790	0.072663	
211	0.999882	-0.000086	-0.170139	0.000086	0.999882	0.048103	
212	0.999857	-0.000101	-0.243381	0.000101	0.999857	0.030755	
213	0.999921	-0.000048	-0.281523	0.000048	0.999921	0.019466	
214	0.999865	-0.000101	-0.154360	0.000101	0.999865	0.003104	
215	0.999927	-0.000100	-0.161183	0.000100	0.999927	-0.013824	
216	0.999882	-0.000049	-0.312922	0.000049	0.999882	0.037501	
217	0.999903	-0.000036	-0.302501	0.000036	0.999903	0.052963	
218	0.999927	-0.000073	-0.108742	0.000073	0.999927	0.024118	
219	0.999907	-0.000065	-0.089595	0.000065	0.999907	0.016172	
220	0.999941	-0.000090	-0.009617	0.000090	0.999941	-0.029857	
221	0.999970	-0.000101	-0.067597	0.000101	0.999970	-0.042951	
222	0.999961	-0.000085	-0.132351	0.000085	0.999961	-0.033620	
223	0.999995	-0.000103	-0.059837	0.000103	0.999995	-0.062012	
224	1.000013	-0.000147	-0.047345	0.000147	1.000013	-0.085974	
225	1.000041	-0.000144	-0.063620	0.000144	1.000041	-0.083008	
226	1.000033	-0.000165	-0.107687	0.000165	1.000033	-0.052123	
227	0.999995	-0.000154	-0.036921	0.000154	0.999995	-0.115337	
228	0.999968	-0.000150	0.018054	0.000150	0.999968	-0.122606	
229	0.999931	-0.000128	0.048927	0.000128	0.999931	-0.093144	
230	0.999972	-0.000133	0.015532	0.000133	0.999972	-0.087639	
231	0.999991	-0.000065	-0.015489	0.000065	0.999991	-0.028577	
232	1.000074	-0.000013	-0.067908	0.000013	1.000074	0.029699	
233	1.000040	0.000055	-0.089857	-0.000055	1.000040	0.096104	
234	1.000065	0.000024	-0.077844	-0.000024	1.000065	0.091989	
235	1.000097	0.000015	-0.057822	-0.000015	1.000097	0.086480	
236	1.000086	-0.000023	-0.052131	0.000023	1.000086	0.078749	
237	1.000073	-0.000050	-0.035439	0.000050	1.000073	0.040740	
238	1.000094	-0.000064	-0.007116	0.000064	1.000094	-0.007374	
239	1.000088	-0.000001	0.031797	0.000001	1.000088	-0.000305	
240	1.000204	0.000082	0.714322	-0.000082	1.000204	0.009339	
241	1.000274	0.000109	1.605403	-0.000109	1.000274	0.050935	
242	1.000737	0.000252	3.077188	-0.000252	1.000737	-0.010114	
243	1.000013	-0.000309	6.214002	0.000309	1.000013	-0.257250	
244	0.999871	-0.000405	7.349868	0.000405	0.999871	-0.381324	
245	1.000080	-0.000416	7.611606	0.000416	1.000080	-0.622034	
246	0.999961	-0.000308	7.056792	0.000308	0.999961	-0.425949	
247	1.000331	-0.000086	5.844429	0.000086	1.000331	-0.320175	
248	1.001049	0.000255	4.157674	-0.000255	1.001049	-0.214722	
249	1.000958	0.000250	3.539982	-0.000250	1.000958	-0.180199	
250	1.000688	0.000150	2.918654	-0.000150	1.000688	-0.171834	
251	1.000507	0.000058	2.049154	-0.000058	1.000507	-0.328070	
252	1.000374	0.000042	1.480390	-0.000042	1.000374	-0.246331	
253	1.000196	-0.000014	0.525406	0.000014	1.000196	-0.063519	
254	1.000083	-0.000081	-0.071742	0.000081	1.000083	-0.043581	
255	1.000109	-0.000093	-0.334533	0.000093	1.000109	-0.075401	
256	0.999959	-0.000024	-0.462159	0.000024	0.999959	-0.067035	
257	1.000024	0.000056	-0.170317	-0.000056	1.000024	-0.099759	
258	1.000039	0.000127	-0.144669	-0.000127	1.000039	-0.085890	
259	1.000026	0.000130	-0.120391	-0.000130	1.000026	-0.045666	
260	1.000043	0.000089	-0.118515	-0.000089	1.000043	-0.084292	
261	1.000045	0.000039	-0.127781	-0.000039	1.000045	-0.099369	
262	1.000090	0.000057	-0.140058	-0.000057	1.000090	-0.084239	
263	1.000064	0.000053	-0.112960	-0.000053	1.000064	-0.067679	
264	1.000090	0.000075	-0.119507	-0.000075	1.000090	-0.064046	
265	1.000106	0.000047	-0.120130	-0.000047	1.000106	-0.061661	
266	1.000070	0.000096	-0.134883	-0.000096	1.000070	-0.039032	
267	1.000126	0.000110	-0.120146	-0.000110	1.000126	-0.054746	
268	1.000196	0.000078	-0.141155	-0.000078	1.000196	-0.069751	
269	1.000208	0.000010	-0.196149	-0.000010	1.000208	-0.111475	
270	1.000201	-0.000048	-0.201617	0.000048	1.000201	-0.091019	
271	1.000181	-0.000020	-0.175727	0.000020	1.000181	-0.093416	
272	1.000175	-0.000007	-0.141084	0.000007	1.000175	-0.087243	
273	1.000197	0.000030	-0.186222	-0.000030	1.000197	-0.050568	
274	1.000177	0.000022	-0.213161	-0.000022	1.000177	-0.042801	
275	1.000142	0.000072	-0.195148	-0.000072	1.000142	-0.016678	
276	1.000153	0.000072	-0.276962	-0.000072	1.000153	-0.054729	
277	1.000135	0.000055	-0.294582	-0.000055	1.000135	-0.077855	
278	1.000108	0.000020	-0.183125	-0.000020	1.000108	-0.073435	
279	1.000092	0.000063	-0.168772	-0.000063	1.000092	-0.032095	
280	1.000086	0.000030	-0.158733	-0.000030	1.000086	-0.038165	
281	1.000092	0.000013	-0.106788	-0.000013	1.000092	-0.021169	
282	1.000009	0.000026	-0.262647	-0.000026	1.000009	0.030233	
283	1.000058	-0.000000	-0.105444	0.000000	1.000058	-0.008776	
284	1.000058	0.000028	-0.275409	-0.000028	1.000058	0.003212	
285	1.000083	0.000070	-0.294485	-0.000070	1.000083	-0.021388	
286	0.999958	0.000064	-0.508565	-0.000064	0.999958	0.009087	
287	1.000005	0.000061	-0.623877	-0.000061	1.000005	-0.036176	
288	0.999947	0.000050	-0.845206	-0.000050	0.999947	-0.028954	
289	0.999842	0.000056	-1.153830	-0.000056	0.999842	-0.032022	
290	0.999722	-0.000071	-1.524306	0.000071	0.999722	0.068918	
291	0.999670	-0.000082	-1.994275	0.000082	0.999670	0.091746	
292	0.999490	-0.000148	-2.579732	0.000148	0.999490	0.160927	
293	0.999254	-0.000158	-3.179957	0.000158	0.999254	0.185612	
294	0.999271	-0.000245	-3.899462	0.000245	0.999271	0.124066	
295	0.999118	-0.000480	-4.371678	0.000480	0.999118	0.025307	
296	0.998855	-0.000309	-5.122526	0.000309	0.998855	0.289314	
297	1.000115	0.000321	-7.089732	-0.000321	1.000115	0.200239	
298	0.999872	0.000560	-7.993442	-0.000560	0.999872	0.558993	
299	1.000108	0.000642	-9.223426	-0.000642	1.000108	0.394772	
300	0.999829	0.000886	-10.100072	-0.000886	0.999829	0.837255	
301	0.999909	0.001022	-11.170235	-0.001022	0.999909	0.886256	
302	0.999825	0.000879	-12.313139	-0.000879	0.999825	0.677612	
303	0.999924	0.000836	-12.960080	-0.000836	0.999924	0.565939	
304	1.000288	0.000952	-13.830904	-0.000952	1.000288	0.572481	
305	0.999468	0.001025	-13.340104	-0.001025	0.999468	1.030097	
306	1.000208	0.001024	-13.985728	-0.001024	1.000208	0.889788	
307	0.999589	0.000999	-13.880213	-0.000999	0.999589	0.999154	
308	0.999880	0.001221	-14.133268	-0.001221	0.999880	1.149070	
309	0.997768	0.001010	-12.935162	-0.001010	0.997768	1.781415	
310	1.000000	0.000982	-15.797780	-0.000982	1.000000	0.731489	
311	0.999934	0.001295	-15.699822	-0.001295	0.999934	0.910712	
312	1.000095	0.000976	-15.495134	-0.000976	1.000095	0.586878	
313	0.999971	0.001189	-15.715449	-0.001189	0.999971	0.806279	
314	1.000011	0.000994	-13.912274	-0.000994	1.000011	0.661088	
315	0.999366	0.000801	-11.295174	-0.000801	0.999366	0.783078	
316	0.999340	0.000746	-9.096377	-0.000746	0.999340	0.833222	
317	0.999873	0.000470	-7.185821	-0.000470	0.999873	0.483746	
318	0.998739	-0.000511	-3.976032	0.000511	0.998739	0.127532	
319	0.998463	-0.000336	-2.542781	0.000336	0.998463	0.288493	
320	0.999366	-0.000311	-1.920527	0.000311	0.999366	-0.007539	
321	0.999540	-0.000220	-1.320144	0.000220	0.999540	0.072077	
322	0.999594	-0.000200	-0.826327	0.000200	0.999594	0.022675	
323	0.999698	-0.000132	-0.358062	0.000132	0.999698	0.009583	
324	0.999651	-0.000061	0.269870	0.000061	0.999651	0.020990	
325	0.999753	0.000000	0.280366	-0.000000	0.999753	-0.048089	
326	0.999691	0.000055	0.343244	-0.000055	0.999691	0.005578	
327	0.999619	0.000056	0.504614	-0.000056	0.999619	0.051382	
328	0.999632	0.000065	0.401484	-0.000065	0.999632	0.079554	
329	0.999672	0.000102	0.226067	-0.000102	0.999672	0.071045	
330	0.999667	0.000114	0.282908	-0.000114	0.999667	0.081060	
331	0.999685	-0.000007	0.301076	0.000007	0.999685	0.017636	
332	0.999679	-0.000068	0.329681	0.000068	0.999679	-0.004643	
333	0.999721	-0.000116	0.324310	0.000116	0.999721	-0.016144	
334	0.999757	-0.000097	0.297058	0.000097	0.999757	0.032475	
335	0.999692	0.000005	0.306698	-0.000005	0.999692	0.113658	
336	0.999755	0.000107	0.238022	-0.000107	0.999755	0.209613	
337	0.999727	0.000239	0.218414	-0.000239	0.999727	0.300488	
338	0.999779	0.000188	0.193819	-0.000188	0.999779	0.257144	
339	0.999776	0.000129	0.177051	-0.000129	0.999776	0.212796	
340	0.999821	0.000101	0.124262	-0.000101	0.999821	0.149401	
341	0.999898	0.000062	0.268322	-0.000062	0.999898	0.055285	
342	0.999961	0.000007	0.236298	-0.000007	0.999961	-0.006720	
343	0.999961	0.000034	0.368574	-0.000034	0.999961	0.009691	
344	0.999972	0.000049	0.263200	-0.000049	0.999972	0.027755	
345	0.999953	0.000104	0.200209	-0.000104	0.999953	0.054961	
346	0.999941	0.000011	0.140049	-0.000011	0.999941	-0.008077	
347	0.999944	-0.000057	0.132846	0.000057	0.999944	-0.058350	
348	0.999989	-0.000133	0.215515	0.000133	0.999989	-0.098662	
349	1.000070	-0.000059	0.145084	0.000059	1.000070	-0.086847	
350	1.000037	-0.000020	0.038810	0.000020	1.000037	-0.061251	
351	1.000087	-0.000028	0.016500	0.000028	1.000087	-0.082040	
352	1.000118	-0.000001	0.084003	0.000001	1.000118	-0.062301	
353	1.000143	0.000029	-0.057721	-0.000029	1.000143	-0.031515	
354	1.000168	0.000007	-0.116870	-0.000007	1.000168	-0.058043	
355	1.000192	0.000026	-0.094701	-0.000026	1.000192	-0.044689	
356	1.000167	0.000007	-0.114202	-0.000007	1.000167	-0.038543	
357	1.000210	-0.000037	-0.106604	0.000037	1.000210	-0.094673	
358	1.000234	-0.000044	-0.108612	0.000044	1.000234	-0.096826	
359	1.000167	-0.000027	-0.086418	0.000027	1.000167	-0.084685	
360	1.000144	-0.000009	-0.092402	0.000009	1.000144	-0.074700	
361	1.000030	0.000038	-0.035557	-0.000038	1.000030	-0.056195	
362	0.999997	0.000089	-0.027812	-0.000089	0.999997	-0.034019	
363	1.000004	0.000055	-0.041790	-0.000055	1.000004	-0.040945	
364	1.000022	0.000038	-0.083546	-0.000038	1.000022	-0.063179	
365	1.000098	0.000083	-0.133788	-0.000083	1.000098	-0.052984	
366	1.000148	0.000051	-0.133867	-0.000051	1.000148	-0.060354	
367	1.000198	0.000034	-0.169051	-0.000034	1.000198	-0.075150	
368	1.000184	0.000056	-0.203157	-0.000056	1.000184	-0.065610	
369	1.000117	0.000056	-0.197871	-0.000056	1.000117	-0.102838	
370	1.000131	0.000045	-0.200715	-0.000045	1.000131	-0.119031	
371	1.000112	0.000044	-0.152382	-0.000044	1.000112	-0.108051	
372	1.000149	0.000029	-0.140037	-0.000029	1.000149	-0.142516	
373	1.000148	0.000041	-0.132155	-0.000041	1.000148	-0.119921	
374	1.000083	0.000038	-0.152346	-0.000038	1.000083	-0.072303	
