0	1.000000	0.000000	0.000000	0.000000	1.000000	0.000000	
1	1.000000	0.000000	-0.000166	-0.000000	1.000000	0.000144	
2	1.000000	0.000000	-0.000064	-0.000000	1.000000	0.000075	
3	0.999999	0.000000	0.000263	-0.000000	0.999999	0.000963	
4	1.003925	-0.000037	-2.484889	0.000037	1.003925	-0.341621	
5	1.003243	-0.000048	-3.932924	0.000048	1.003243	0.112806	
6	1.002692	0.000018	-4.774920	-0.000018	1.002692	0.347406	
7	1.003721	0.000802	-8.319903	-0.000802	1.003721	0.572199	
8	1.002188	0.000828	-10.155132	-0.000828	1.002188	0.849281	
9	1.001759	0.001742	-24.579586	-0.001742	1.001759	1.779207	
10	1.000329	0.001141	-13.448405	-0.001141	1.000329	1.099537	
11	0.999644	0.002280	-28.513811	-0.002280	0.999644	2.064505	
12	1.000885	0.001210	-15.153897	-0.001210	1.000885	0.724310	
13	1.000794	0.001643	-14.781734	-0.001643	1.000794	1.021642	
14	1.000661	0.001527	-14.471172	-0.001527	1.000661	0.907986	
15	1.000694	0.001632	-14.716254	-0.001632	1.000694	0.807549	
16	1.000203	0.001938	-14.320573	-0.001938	1.000203	0.924712	
17	0.999328	0.001608	-13.567323	-0.001608	0.999328	0.813549	
18	0.998858	0.001647	-13.751366	-0.001647	0.998858	1.008482	
19	0.996882	0.002130	-12.521159	-0.002130	0.996882	1.852576	
20	0.998447	0.002085	-14.728659	-0.002085	0.998447	1.522713	
21	0.997935	0.002750	-13.897838	-0.002750	0.997935	2.388633	
22	0.998781	0.001669	-13.569978	-0.001669	0.998781	1.419814	
23	0.999305	0.000721	-12.192683	-0.000721	0.999305	0.594678	
24	0.993077	-0.001169	-3.907499	0.001169	0.993077	1.234149	
25	0.999101	0.000745	-9.321098	-0.000745	0.999101	0.754973	
26	0.994000	-0.001157	-3.123746	0.001157	0.994000	1.271358	
27	0.999810	0.000889	-9.670613	-0.000889	0.999810	0.298245	
28	0.999644	0.001135	-10.045456	-0.001135	0.999644	0.452326	
29	0.999070	0.001069	-9.785006	-0.001069	0.999070	0.250146	
30	0.999506	0.001010	-10.959277	-0.001010	0.999506	-0.009344	
31	0.999113	0.001197	-10.565264	-0.001197	0.999113	0.181067	
32	0.993382	0.000468	-4.685681	-0.000468	0.993382	1.289543	
33	0.998854	0.000972	-9.379110	-0.000972	0.998854	-0.225752	
34	0.993293	-0.000409	-3.486206	0.000409	0.993293	0.265349	
35	0.998858	0.001163	-9.115796	-0.001163	0.998858	-0.357938	
36	0.995855	0.000721	-6.645348	-0.000721	0.995855	0.124828	
37	0.999015	0.001252	-9.850682	-0.001252	0.999015	-0.317932	
38	1.000071	0.001461	-10.913306	-0.001461	1.000071	-0.404832	
39	0.999781	0.001088	-10.916011	-0.001088	0.999781	-0.516928	
40	0.999357	0.001095	-11.183554	-0.001095	0.999357	-0.453620	
41	0.999523	0.001371	-12.474470	-0.001371	0.999523	-0.253122	
42	1.000036	0.001404	-14.160278	-0.001404	1.000036	-0.270201	
43	1.000067	0.001652	-13.658181	-0.001652	1.000067	0.175220	
44	0.999515	0.001304	-10.868897	-0.001304	0.999515	0.137828	
45	0.999678	0.001051	-9.301387	-0.001051	0.999678	0.074960	
46	0.996095	-0.000513	-3.996787	0.000513	0.996095	0.419689	
47	0.999497	0.000487	-6.097991	-0.000487	0.999497	0.175194	
48	0.999792	0.000131	-6.291240	-0.000131	0.999792	-0.098059	
49	1.000201	0.000062	-7.085131	-0.000062	1.000201	-0.343756	
50	1.000560	0.000193	-8.476300	-0.000193	1.000560	-0.465901	
51	1.000624	0.000441	-10.116715	-0.000441	1.000624	-0.507500	
52	1.000687	0.001112	-12.424298	-0.001112	1.000687	-0.361366	
53	1.000494	0.001626	-14.100680	-0.001626	1.000494	0.049602	
54	1.000885	0.001695	-15.051618	-0.001695	1.000885	-0.046044	
55	1.000803	0.001779	-15.487200	-0.001779	1.000803	0.086963	
56	1.001133	0.001659	-15.816065	-0.001659	1.001133	-0.060644	
57	1.001104	0.001577	-16.210915	-0.001577	1.001104	0.008950	
58	1.001387	0.001415	-17.062204	-0.001415	1.001387	-0.006251	
59	1.001511	0.001307	-17.870750	-0.001307	1.001511	-0.013823	
60	1.000149	0.001968	-17.936055	-0.001968	1.000149	0.938473	
61	1.001310	0.001502	-19.431241	-0.001502	1.001310	0.377238	
62	1.000224	0.001910	-19.232559	-0.001910	1.000224	1.090528	
63	0.999442	0.002010	-18.748031	-0.002010	0.999442	1.314559	
64	1.000033	0.001941	-19.083206	-0.001941	1.000033	1.202965	
65	1.000199	0.001918	-19.554088	-0.001918	1.000199	1.171435	
66	1.000727	0.001921	-19.712281	-0.001921	1.000727	1.062168	
67	1.001037	0.001898	-19.370822	-0.001898	1.001037	0.993073	
68	1.000730	0.001829	-17.792120	-0.001829	1.000730	1.023033	
69	1.000805	0.001571	-15.955920	-0.001571	1.000805	0.793648	
70	1.000767	0.001612	-13.442339	-0.001612	1.000767	1.020734	
71	1.000769	0.001184	-9.071402	-0.001184	1.000769	0.749073	
72	1.001117	0.000544	-5.483927	-0.000544	1.001117	0.349067	
73	1.000619	0.000044	-1.816221	-0.000044	1.000619	0.084000	
74	1.000495	0.000033	-1.432307	-0.000033	1.000495	-0.026973	
75	1.000046	-0.000025	-2.259243	0.000025	1.000046	-0.049079	
76	0.999395	0.000101	-3.609129	-0.000101	0.999395	0.124021	
77	1.000394	0.000547	-5.881990	-0.000547	1.000394	0.324118	
78	0.998645	-0.000019	-3.541474	0.000019	0.998645	0.573950	
79	0.999867	0.000042	-2.510445	-0.000042	0.999867	-0.012949	
80	1.000018	0.000091	0.070132	-0.000091	1.000018	-0.008525	
81	1.000126	-0.000091	1.375680	0.000091	1.000126	-0.125843	
82	1.000587	0.000155	1.358720	-0.000155	1.000587	-0.110384	
83	1.000784	0.000238	1.488123	-0.000238	1.000784	-0.116561	
84	1.001243	0.000626	1.821360	-0.000626	1.001243	0.162478	
85	1.001029	0.000424	2.955553	-0.000424	1.001029	0.109132	
86	1.001275	0.000283	3.870239	-0.000283	1.001275	0.020600	
87	1.001890	0.000326	4.408850	-0.000326	1.001890	-0.095678	
88	1.001008	-0.000526	6.294596	0.000526	1.001008	-0.191674	
89	1.000547	-0.000671	6.965628	0.000671	1.000547	0.034620	
90	0.999952	-0.000934	8.290210	0.000934	0.999952	0.410630	
91	0.999941	-0.001101	9.877193	0.001101	0.999941	1.428909	
92	0.999732	-0.001246	11.577031	0.001246	0.999732	2.634006	
93	1.000114	-0.001387	12.749714	0.001387	1.000114	4.282151	
94	1.000520	-0.001240	13.581700	0.001240	1.000520	5.537612	
95	0.999790	-0.001569	15.370162	0.001569	0.999790	5.848754	
96	0.999767	-0.001760	15.539083	0.001760	0.999767	5.416414	
97	1.000761	-0.001552	14.440090	0.001552	1.000761	4.685789	
98	1.000719	-0.001791	15.048763	0.001791	1.000719	3.957467	
99	1.000848	-0.001970	16.616104	0.001970	1.000848	3.280645	
100	0.997218	-0.002291	20.808587	0.002291	0.997218	3.519836	
101	0.993575	-0.002043	22.064716	0.002043	0.993575	3.886849	
102	0.992937	-0.001827	21.545534	0.001827	0.992937	3.282593	
103	0.992850	-0.001599	20.661118	0.001599	0.992850	2.747023	
104	0.993386	-0.001675	19.457657	0.001675	0.993386	2.024615	
105	0.992866	-0.001988	19.150210	0.001988	0.992866	1.794139	
106	0.992851	-0.001863	18.102164	0.001863	0.992851	1.808410	
107	0.993027	-0.001773	17.155224	0.001773	0.993027	1.656616	
108	0.991772	-0.001677	17.108711	0.001677	0.991772	2.139199	
109	0.991959	-0.001588	16.180147	0.001588	0.991959	2.080643	
110	0.993359	-0.001842	14.442372	0.001842	0.993359	1.394669	
111	0.994392	-0.001770	13.550331	0.001770	0.994392	0.952982	
112	1.001020	-0.002848	8.745453	0.002848	1.001020	-1.987278	
113	1.001427	-0.002054	9.467909	0.002054	1.001427	-1.600994	
114	1.000224	-0.001827	10.963539	0.001827	1.000224	-1.046544	
115	1.000030	-0.002370	11.325022	0.002370	1.000030	-1.377814	
116	0.999593	-0.002340	11.865184	0.002340	0.999593	-1.384373	
117	0.999050	-0.002338	12.283526	0.002338	0.999050	-1.171314	
118	0.999663	-0.002126	11.799126	0.002126	0.999663	-1.289517	
119	0.998978	-0.001853	11.924984	0.001853	0.998978	-0.776101	
120	1.000403	-0.001816	10.883840	0.001816	1.000403	-1.036271	
121	1.000386	-0.001537	10.864883	0.001537	1.000386	-0.718990	
122	1.000780	-0.001482	10.294684	0.001482	1.000780	-0.846004	
123	1.000076	-0.001548	10.380144	0.001548	1.000076	-0.796093	
124	0.999638	-0.001556	10.029056	0.001556	0.999638	-0.854774	
125	0.999847	-0.002212	9.973807	0.002212	0.999847	-1.262533	
126	1.003826	-0.000943	6.374725	0.000943	1.003826	-1.727414	
127	1.005111	-0.000239	4.667429	0.000239	1.005111	-1.665074	
128	1.000600	-0.001233	8.369093	0.001233	1.000600	-0.906370	
129	1.000693	-0.000953	6.605776	0.000953	1.000693	-0.594438	
130	1.002003	0.000438	2.918673	-0.000438	1.002003	-0.363534	
131	0.999806	0.000244	0.225893	-0.000244	0.999806	-0.294325	
132	0.997924	-0.000046	-3.540306	0.000046	0.997924	-0.233793	
133	0.999638	0.000934	-8.143118	-0.000934	0.999638	-0.430636	
134	0.999527	0.001171	-8.385759	-0.001171	0.999527	-0.690364	
135	0.996932	0.000014	-5.227145	-0.000014	0.996932	-0.784146	
136	0.997237	0.000075	-3.515596	-0.000075	0.997237	-0.755869	
137	0.997721	0.000489	-2.193433	-0.000489	0.997721	-0.868918	
138	0.998381	0.000436	-2.127949	-0.000436	0.998381	-1.344834	
139	0.998568	0.000344	-1.968641	-0.000344	0.998568	-1.476084	
140	0.999108	0.000719	-2.107511	-0.000719	0.999108	-1.333174	
141	0.998831	0.000393	-1.568347	-0.000393	0.998831	-1.203937	
142	0.998767	0.000335	-1.149925	-0.000335	0.998767	-1.120043	
143	0.998758	0.000354	-0.851053	-0.000354	0.998758	-0.844241	
144	0.998355	0.000285	-0.838676	-0.000285	0.998355	-0.641313	
145	0.998219	0.000023	-0.901934	-0.000023	0.998219	-0.523168	
146	0.998732	0.000093	-0.963507	-0.000093	0.998732	-0.535857	
147	0.998911	-0.000093	-0.729313	0.000093	0.998911	-0.800876	
148	0.997852	-0.000183	-0.043178	0.000183	0.997852	-0.692614	
149	0.998271	-0.000048	0.008312	0.000048	0.998271	-0.757140	
150	0.998917	-0.000101	-0.699427	0.000101	0.998917	-1.001575	
151	0.999559	0.000186	-1.735917	-0.000186	0.999559	-1.363993	
152	1.000249	0.000374	-1.768231	-0.000374	1.000249	-1.306530	
153	1.000367	0.000432	-1.795276	-0.000432	1.000367	-1.268364	
154	1.000832	0.000437	-2.002698	-0.000437	1.000832	-1.459604	
155	1.000952	0.000561	-1.983921	-0.000561	1.000952	-1.642392	
156	1.000644	0.000556	-1.725409	-0.000556	1.000644	-1.769605	
157	1.000236	0.000174	-1.344628	-0.000174	1.000236	-2.288016	
158	1.000596	0.000276	-1.635713	-0.000276	1.000596	-2.379379	
159	1.000447	0.000121	-1.555867	-0.000121	1.000447	-2.175460	
160	1.000624	0.000331	-1.576899	-0.000331	1.000624	-1.822390	
161	1.000945	0.000205	-1.707641	-0.000205	1.000945	-1.435406	
162	1.001291	0.000509	-1.643531	-0.000509	1.001291	-0.724272	
163	1.001995	0.000188	-1.755818	-0.000188	1.001995	-0.667553	
164	1.001467	-0.000233	-1.035360	0.000233	1.001467	-0.263433	
165	1.001411	-0.000148	-0.643066	0.000148	1.001411	0.053264	
166	1.001018	0.000262	-0.539216	-0.000262	1.001018	0.410225	
167	1.001559	0.000140	-0.906912	-0.000140	1.001559	0.260191	
168	1.002021	0.000086	-0.740599	-0.000086	1.002021	0.192755	
169	1.002379	-0.000066	-0.832365	0.000066	1.002379	0.032116	
170	1.002518	0.000047	-0.838705	-0.000047	1.002518	-0.360005	
171	1.002536	0.000226	-0.865911	-0.000226	1.002536	-0.625713	
172	1.002018	0.000210	-0.745202	-0.000210	1.002018	-0.648931	
173	1.001496	0.000253	-0.524650	-0.000253	1.001496	-0.646351	
174	1.002248	0.000385	-1.292550	-0.000385	1.002248	-0.923681	
175	1.001547	0.000264	-0.922175	-0.000264	1.001547	-0.576978	
176	1.001983	0.000306	-0.884521	-0.000306	1.001983	-0.757139	
177	1.002224	0.000376	-1.004249	-0.000376	1.002224	-0.770400	
178	1.002862	0.000199	-1.283393	-0.000199	1.002862	-0.828970	
179	1.002992	0.000054	-1.094263	-0.000054	1.002992	-0.845086	
180	1.002510	0.000138	-0.810290	-0.000138	1.002510	-0.797489	
181	1.002713	0.000127	-0.636179	-0.000127	1.002713	-1.028280	
182	1.002474	0.000163	-0.410578	-0.000163	1.002474	-0.910561	
183	1.002309	0.000341	-0.565818	-0.000341	1.002309	-0.818007	
184	1.002321	0.000203	-0.829351	-0.000203	1.002321	-0.815216	
185	1.002554	0.000164	-1.123200	-0.000164	1.002554	-0.803797	
186	1.002328	0.000246	-1.095295	-0.000246	1.002328	-0.648848	
187	1.002079	0.000202	-0.858334	-0.000202	1.002079	-0.548135	
188	1.002415	0.000352	-0.882440	-0.000352	1.002415	-0.505703	
189	1.001953	0.000355	-0.406583	-0.000355	1.001953	-0.142458	
190	1.001352	0.000318	0.045477	-0.000318	1.001352	0.139887	
191	1.000986	0.000235	0.413165	-0.000235	1.000986	0.349548	
192	1.000679	0.000224	0.631905	-0.000224	1.000679	0.365251	
193	1.000666	0.000153	0.877407	-0.000153	1.000666	0.147685	
194	1.001114	0.000215	2.047575	-0.000215	1.001114	0.061393	
195	1.001452	0.000280	3.656736	-0.000280	1.001452	-0.163083	
196	1.000384	-0.000720	6.562106	0.000720	1.000384	-1.065134	
197	1.000023	-0.000295	8.020856	0.000295	1.000023	-0.930357	
198	1.000462	-0.000707	8.506525	0.000707	1.000462	-1.188011	
199	1.000550	-0.000649	8.648720	0.000649	1.000550	-1.153470	
200	1.000593	-0.000569	8.711668	0.000569	1.000593	-1.336362	
201	1.000677	-0.000366	8.145330	0.000366	1.000677	-1.279052	
202	1.000529	-0.000323	7.430449	0.000323	1.000529	-1.335024	
203	1.000676	-0.000274	6.708773	0.000274	1.000676	-1.514474	
204	1.002062	0.001323	3.897875	-0.001323	1.002062	-0.850744	
205	1.001335	0.001006	2.834456	-0.001006	1.001335	-0.748847	
206	1.000989	0.000985	1.959966	-0.000985	1.000989	-0.572413	
207	1.000685	0.000958	1.758160	-0.000958	1.000685	-0.308635	
208	1.000750	0.000606	1.416856	-0.000606	1.000750	-0.369400	
209	1.000593	0.000488	1.212658	-0.000488	1.000593	-0.015422	
210	1.000548	0.000322	0.566926	-0.000322	1.000548	0.091180	
211	1.000209	0.000122	0.139239	-0.000122	1.000209	0.051072	
212	1.000074	0.000085	-0.073392	-0.000085	1.000074	-0.050558	
213	1.000021	0.000031	-0.256623	-0.000031	1.000021	-0.077951	
214	1.000097	0.000125	-0.314245	-0.000125	1.000097	-0.074421	
215	1.000272	0.000241	-0.110838	-0.000241	1.000272	-0.421924	
216	1.000260	0.000158	-0.335990	-0.000158	1.000260	-0.545713	
217	1.000111	0.000225	-0.456064	-0.000225	1.000111	-0.494363	
218	1.000318	0.000250	-0.410847	-0.000250	1.000318	-0.468106	
219	1.000246	0.000090	-0.390709	-0.000090	1.000246	-0.450477	
220	1.000346	0.000107	-0.262037	-0.000107	1.000346	-0.241254	
221	1.000349	-0.000054	-0.438700	0.000054	1.000349	0.029215	
222	0.999871	-0.000099	-0.924452	0.000099	0.999871	0.239147	
223	0.999215	-0.000104	-2.050877	0.000104	0.999215	0.409471	
224	0.998642	0.000034	-3.098719	-0.000034	0.998642	0.557061	
225	0.997933	-0.000209	-3.019010	0.000209	0.997933	0.491903	
226	0.999876	0.000319	-4.752565	-0.000319	0.999876	0.192394	
227	0.999072	-0.000260	-2.626855	0.000260	0.999072	0.238529	
228	0.999337	-0.000224	-1.695860	0.000224	0.999337	0.291978	
229	0.999285	-0.000309	-1.258668	0.000309	0.999285	0.032552	
230	0.999070	-0.000290	-1.412620	0.000290	0.999070	0.028384	
231	0.998758	-0.000456	-1.507005	0.000456	0.998758	0.069956	
232	0.998449	-0.000532	-1.791675	0.000532	0.998449	0.141786	
233	0.998219	-0.000386	-2.027839	0.000386	0.998219	0.139092	
234	0.997964	-0.000247	-2.012435	0.000247	0.997964	0.278009	
235	0.998025	-0.000298	-2.283979	0.000298	0.998025	0.276942	
236	0.998098	-0.000303	-2.309990	0.000303	0.998098	0.217788	
237	0.998056	-0.000159	-2.136264	0.000159	0.998056	0.356131	
238	0.998184	-0.000149	-1.925355	0.000149	0.998184	0.433701	
239	0.998404	-0.000192	-1.671284	0.000192	0.998404	0.543785	
240	0.998593	-0.000286	-1.183746	0.000286	0.998593	0.568541	
241	0.998940	-0.000463	-0.956081	0.000463	0.998940	0.547624	
242	0.998960	-0.000884	-1.290169	0.000884	0.998960	0.257052	
243	0.999089	-0.000539	-1.361943	0.000539	0.999089	0.376477	
244	0.999105	-0.000810	-1.276072	0.000810	0.999105	0.321735	
245	0.999077	-0.000778	-1.824084	0.000778	0.999077	0.132727	
246	0.998677	-0.000443	-2.749036	0.000443	0.998677	0.353610	
247	0.998600	-0.000416	-3.242112	0.000416	0.998600	0.519334	
248	0.998724	-0.000365	-2.940013	0.000365	0.998724	0.395882	
249	0.999027	-0.000153	-2.174076	0.000153	0.999027	0.290262	
250	0.999036	0.000093	-1.742357	-0.000093	0.999036	0.421722	
251	0.998803	0.000026	-2.113362	-0.000026	0.998803	0.361340	
252	0.998817	-0.000114	-2.462626	0.000114	0.998817	0.421366	
253	0.998702	-0.000193	-2.137379	0.000193	0.998702	0.382050	
254	0.998959	-0.000543	-2.168732	0.000543	0.998959	0.043479	
255	0.998963	-0.000574	-2.854673	0.000574	0.998963	0.001345	
256	0.998444	-0.000580	-4.018421	0.000580	0.998444	0.049705	
257	1.000031	0.000639	-8.219688	-0.000639	1.000031	0.293134	
258	0.999999	0.000994	-10.433001	-0.000994	0.999999	0.501472	
259	0.999996	0.001579	-12.789517	-0.001579	0.999996	0.916224	
260	1.000363	0.002030	-16.126932	-0.002030	1.000363	0.818131	
261	1.000279	0.002356	-18.021113	-0.002356	1.000279	1.118014	
262	1.000496	0.002507	-18.596237	-0.002507	1.000496	1.401374	
263	1.001179	0.002451	-17.378660	-0.002451	1.001179	1.054489	
264	1.002007	0.002221	-16.572813	-0.002221	1.002007	0.677817	
265	1.003731	0.002780	-17.745243	-0.002780	1.003731	0.056350	
266	1.005218	0.002175	-19.364810	-0.002175	1.005218	-0.742341	
267	1.006831	0.001945	-21.990803	-0.001945	1.006831	-1.462016	
268	1.005999	0.001694	-23.226016	-0.001694	1.005999	-1.348231	
269	1.005695	0.001752	-24.957294	-0.001752	1.005695	-0.930400	
270	1.006828	0.001680	-27.513365	-0.001680	1.006828	-1.124945	
271	1.006867	0.001862	-27.920982	-0.001862	1.006867	-1.038117	
272	1.006019	0.002134	-27.065708	-0.002134	1.006019	-0.450881	
273	1.006223	0.002024	-25.109428	-0.002024	1.006223	-0.734921	
274	1.005905	0.001983	-21.983067	-0.001983	1.005905	-0.731814	
275	1.005213	0.001689	-16.767667	-0.001689	1.005213	-0.219806	
276	1.004524	0.000798	-8.455840	-0.000798	1.004524	-0.480303	
277	1.001399	0.000167	1.102687	-0.000167	1.001399	0.455716	
278	1.000833	0.000312	3.804306	-0.000312	1.000833	0.846313	
279	1.001102	0.000368	3.974002	-0.000368	1.001102	0.843520	
280	1.001124	0.000578	4.743883	-0.000578	1.001124	0.485250	
281	1.001023	0.000604	4.903589	-0.000604	1.001023	0.219456	
282	1.001531	0.000727	5.441270	-0.000727	1.001531	-0.041734	
283	0.999799	-0.000191	8.513769	0.000191	0.999799	-0.050130	
284	0.999792	-0.000603	9.208397	0.000603	0.999792	-0.466768	
285	0.999835	-0.000551	9.708559	0.000551	0.999835	-0.721114	
286	0.999812	-0.000769	9.628386	0.000769	0.999812	-0.627118	
287	0.999838	-0.001012	9.688780	0.001012	0.999838	-0.703234	
288	1.000066	-0.001045	9.583473	0.001045	1.000066	-0.663376	
289	1.000128	-0.000979	9.893480	0.000979	1.000128	-0.730123	
290	1.000113	-0.001632	10.896412	0.001632	1.000113	-1.113918	
291	0.999909	-0.001456	11.445107	0.001456	0.999909	-0.933871	
292	1.000526	-0.001328	12.204137	0.001328	1.000526	-0.994632	
293	1.000300	-0.001313	13.493649	0.001313	1.000300	-0.884858	
294	1.000683	-0.001386	13.866706	0.001386	1.000683	-1.070063	
295	0.999899	-0.001318	14.144940	0.001318	0.999899	-1.165643	
296	0.999683	-0.001387	13.932767	0.001387	0.999683	-1.167689	
297	1.000197	-0.001422	13.558297	0.001422	1.000197	-1.111785	
298	0.999860	-0.001913	13.847566	0.001913	0.999860	-1.367092	
299	0.999703	-0.001825	13.229864	0.001825	0.999703	-1.152576	
300	1.000333	-0.001763	12.324635	0.001763	1.000333	-1.064289	
301	1.000338	-0.001444	11.787070	0.001444	1.000338	-0.663434	
302	1.000165	-0.000960	11.414314	0.000960	1.000165	-0.256781	
303	1.000504	-0.000614	10.624987	0.000614	1.000504	-0.032757	
304	0.999793	-0.000778	10.742359	0.000778	0.999793	-0.054820	
305	0.995834	-0.001108	13.033028	0.001108	0.995834	0.964687	
306	0.995029	-0.000869	14.441554	0.000869	0.995029	1.088081	
307	0.995088	-0.002300	15.277850	0.002300	0.995088	-0.015200	
308	0.992341	-0.002216	18.133598	0.002216	0.992341	0.745690	
309	0.992798	-0.002325	18.857976	0.002325	0.992798	0.766319	
310	0.991875	-0.002459	19.994113	0.002459	0.991875	1.026689	
311	0.991256	-0.002434	20.041567	0.002434	0.991256	1.322739	
312	0.990385	-0.002668	20.872752	0.002668	0.990385	1.430062	
313	0.989850	-0.002417	20.690956	0.002417	0.989850	2.005136	
314	0.989954	-0.002111	20.291522	0.002111	0.989954	2.187426	
315	0.992796	-0.002857	18.042050	0.002857	0.992796	0.598550	
316	1.007128	-0.000341	4.312609	0.000341	1.007128	-2.392450	
317	1.000206	-0.002257	10.363139	0.002257	1.000206	-1.863940	
318	0.999738	-0.001672	7.702685	0.001672	0.999738	-1.203536	
319	0.999626	-0.001150	6.656935	0.001150	0.999626	-0.776319	
320	1.001581	0.000083	3.982099	-0.000083	1.001581	-0.442862	
321	1.000930	-0.000340	2.470953	0.000340	1.000930	-0.313261	
322	1.000089	-0.000275	0.578444	0.000275	1.000089	0.266153	
323	0.999251	-0.000486	-1.302198	0.000486	0.999251	0.500875	
324	0.998805	-0.000599	-1.682146	0.000599	0.998805	0.752432	
325	0.999524	-0.000680	-1.288150	0.000680	0.999524	0.779338	
326	0.999982	-0.000564	-0.379685	0.000564	0.999982	1.043210	
327	1.000062	-0.000672	0.060632	0.000672	1.000062	0.846736	
328	1.000225	-0.000574	-0.133206	0.000574	1.000225	0.692511	
329	0.999966	-0.000361	-0.643508	0.000361	0.999966	0.711907	
330	1.000292	-0.000320	-0.694902	0.000320	1.000292	0.303575	
331	1.000338	-0.000431	-0.757873	0.000431	1.000338	-0.184144	
332	1.000126	-0.000369	-0.795107	0.000369	1.000126	-0.227760	
333	1.000071	-0.000499	-1.135250	0.000499	1.000071	-0.280893	
334	0.999604	-0.000510	-1.469009	0.000510	0.999604	-0.209714	
335	1.000533	-0.000256	-3.367425	0.000256	1.000533	-0.311119	
336	0.999095	-0.000596	-3.015604	0.000596	0.999095	-0.039333	
337	0.998470	-0.000422	-3.572633	0.000422	0.998470	0.254004	
338	0.998396	-0.000162	-4.097155	0.000162	0.998396	0.387994	
339	0.998473	-0.000123	-4.291544	0.000123	0.998473	0.408250	
340	0.999044	0.000068	-4.458379	-0.000068	0.999044	0.402349	
341	0.999272	0.000359	-3.441975	-0.000359	0.999272	0.465050	
342	0.999187	0.000539	-2.275476	-0.000539	0.999187	0.604753	
343	0.999015	0.000730	-1.521239	-0.000730	0.999015	0.793879	
344	0.998866	0.000601	-0.883646	-0.000601	0.998866	0.472743	
345	0.999020	0.000216	-0.758989	-0.000216	0.999020	0.311609	
346	0.998627	0.000272	-0.275281	-0.000272	0.998627	0.345247	
347	0.998448	0.000471	-0.138952	-0.000471	0.998448	0.487469	
348	0.998212	0.000513	-0.499204	-0.000513	0.998212	0.614590	
349	0.998715	0.000437	-1.305798	-0.000437	0.998715	0.680066	
350	0.998739	0.000319	-1.712533	-0.000319	0.998739	0.557978	
351	0.998687	0.000446	-2.212087	-0.000446	0.998687	0.721730	
352	0.998812	0.000300	-2.771722	-0.000300	0.998812	0.726306	
353	0.999108	0.000036	-2.923325	-0.000036	0.999108	0.511221	
354	0.999196	0.000102	-2.807399	-0.000102	0.999196	0.467276	
355	0.999106	0.000013	-2.980499	-0.000013	0.999106	0.393975	
356	0.998923	-0.000012	-3.495283	0.000012	0.998923	0.468651	
357	0.998457	0.000029	-4.039510	-0.000029	0.998457	0.408342	
358	0.999798	0.001044	-6.828813	-0.001044	0.999798	0.585496	
359	0.999906	0.001123	-8.406850	-0.001123	0.999906	0.669150	
360	0.999712	0.001363	-9.655135	-0.001363	0.999712	0.808727	
361	0.999667	0.001736	-10.908949	-0.001736	0.999667	1.004213	
362	0.999909	0.001603	-11.775768	-0.001603	0.999909	0.757370	
363	0.999718	0.001289	-10.893968	-0.001289	0.999718	0.593627	
364	0.999925	0.001069	-9.888255	-0.001069	0.999925	0.431233	
365	0.999701	0.000953	-8.812789	-0.000953	0.999701	0.360642	
366	1.000420	0.001066	-9.312232	-0.001066	1.000420	0.248402	
367	0.998780	0.000837	-9.264978	-0.000837	0.998780	0.385272	
368	0.999562	0.001105	-11.667586	-0.001105	0.999562	0.092681	
369	0.998427	0.001751	-13.502956	-0.001751	0.998427	0.359047	
370	0.996405	0.001903	-15.792603	-0.001903	0.996405	0.312441	
371	1.000881	0.002246	-22.526735	-0.002246	1.000881	-1.023202	
372	1.000161	0.002429	-22.763122	-0.002429	1.000161	-0.049810	
373	1.000018	0.002534	-23.306141	-0.002534	1.000018	0.346836	
374	1.001946	0.002624	-24.551458	-0.002624	1.001946	-0.239326	
375	1.004699	0.002750	-25.579630	-0.002750	1.004699	-1.221121	
376	1.004283	0.002270	-24.855022	-0.002270	1.004283	-0.866868	
377	1.005357	0.002410	-25.939340	-0.002410	1.005357	-0.991386	
378	1.005667	0.003146	-25.535564	-0.003146	1.005667	-0.387187	
379	1.006057	0.002384	-24.763872	-0.002384	1.006057	-0.895778	
380	1.005915	0.002013	-23.513604	-0.002013	1.005915	-0.690820	
381	1.005907	0.002121	-21.331959	-0.002121	1.005907	-0.400964	
382	1.007326	0.001907	-17.760337	-0.001907	1.007326	-1.203831	
383	1.006388	0.001444	-11.302420	-0.001444	1.006388	-0.475118	
384	1.004721	0.000358	-3.860049	-0.000358	1.004721	-0.931497	
385	1.004220	0.000095	-1.337608	-0.000095	1.004220	-1.092447	
386	1.003746	0.000323	-0.545274	-0.000323	1.003746	-1.374237	
387	1.002595	-0.000014	0.133700	0.000014	1.002595	-0.350597	
388	1.001811	0.000295	0.823453	-0.000295	1.001811	0.419781	
389	1.001939	0.000171	1.066252	-0.000171	1.001939	0.708617	
390	1.001480	0.000342	2.665400	-0.000342	1.001480	1.637107	
391	1.000981	0.000552	4.363593	-0.000552	1.000981	2.336265	
392	0.999573	0.000002	6.379775	-0.000002	0.999573	3.018369	
393	0.999398	0.000089	6.146952	-0.000089	0.999398	3.287343	
394	1.001321	-0.000011	4.376710	0.000011	1.001321	2.455696	
395	1.001216	-0.000080	4.508883	0.000080	1.001216	2.559004	
396	0.999685	-0.000149	5.747037	0.000149	0.999685	3.279728	
397	1.001402	0.000087	4.296617	-0.000087	1.001402	2.083576	
398	1.001457	0.000040	4.217080	-0.000040	1.001457	1.356078	
399	1.001235	0.000299	4.499896	-0.000299	1.001235	1.167463	
400	1.000034	0.000108	5.738763	-0.000108	1.000034	1.308187	
401	1.001345	0.000507	4.066036	-0.000507	1.001345	0.613449	
402	1.001176	0.000549	3.806499	-0.000549	1.001176	0.458185	
403	1.001154	0.000608	3.490535	-0.000608	1.001154	0.344436	
404	1.001170	0.000775	2.928529	-0.000775	1.001170	0.185482	
405	1.000841	0.000691	2.546232	-0.000691	1.000841	0.038129	
406	1.000770	0.000713	2.291758	-0.000713	1.000770	-0.121760	
407	1.000801	0.000611	2.209622	-0.000611	1.000801	-0.101512	
408	1.000798	0.000567	1.785746	-0.000567	1.000798	0.145502	
409	1.000733	0.000506	1.320350	-0.000506	1.000733	0.107804	
410	1.000743	0.000456	1.177843	-0.000456	1.000743	0.048165	
411	1.000579	0.000303	1.270742	-0.000303	1.000579	0.075476	
412	1.000497	0.000098	1.275739	-0.000098	1.000497	0.091535	
413	0.998657	0.000196	2.501857	-0.000196	0.998657	0.768182	
414	0.997446	0.000105	2.420106	-0.000105	0.997446	0.878469	
415	0.996200	0.000229	3.109209	-0.000229	0.996200	1.432446	
416	0.995365	0.000301	3.387521	-0.000301	0.995365	1.868248	
417	0.995628	0.000459	3.082797	-0.000459	0.995628	1.908825	
418	0.995246	0.000377	3.259403	-0.000377	0.995246	2.081170	
419	0.995116	0.000298	3.386510	-0.000298	0.995116	2.147358	
420	0.994506	0.000120	3.926391	-0.000120	0.994506	2.153155	
421	0.994249	0.000028	4.148509	-0.000028	0.994249	2.181310	
422	0.993627	-0.000150	4.692483	0.000150	0.993627	2.385077	
423	0.992513	-0.000136	5.750253	0.000136	0.992513	2.778596	
424	0.991820	-0.000263	6.405262	0.000263	0.991820	3.004445	
425	0.991035	-0.000263	7.576084	0.000263	0.991035	3.535541	
426	0.993759	-0.000038	5.686764	0.000038	0.993759	2.556316	
427	0.991075	-0.000154	8.586985	0.000154	0.991075	3.579501	
428	0.991632	0.000079	8.459463	-0.000079	0.991632	3.672758	
429	0.991703	-0.000102	9.150213	0.000102	0.991703	3.671416	
430	0.994621	0.000266	7.217887	-0.000266	0.994621	2.790499	
431	0.990927	-0.000446	11.028385	0.000446	0.990927	3.653884	
432	0.990618	-0.000746	11.932850	0.000746	0.990618	3.537067	
433	0.991187	-0.000834	11.738118	0.000834	0.991187	3.115578	
434	0.992278	-0.000448	11.033064	0.000448	0.992278	2.973360	
435	0.991680	-0.000424	11.241703	0.000424	0.991680	3.169693	
436	0.992667	-0.000391	10.534033	0.000391	0.992667	2.931258	
437	0.992593	-0.000433	10.942695	0.000433	0.992593	3.033791	
438	0.993024	-0.000583	10.955548	0.000583	0.993024	2.621085	
439	0.993713	-0.000671	10.618788	0.000671	0.993713	2.338996	
440	0.994990	-0.000679	9.728967	0.000679	0.994990	1.854099	
441	1.000381	-0.000017	5.429274	0.000017	1.000381	0.449278	
442	1.003392	0.000672	3.977234	-0.000672	1.003392	-0.231762	
443	1.000096	-0.000883	7.600996	0.000883	1.000096	-0.239224	
444	1.000041	-0.001456	8.081603	0.001456	1.000041	-0.466154	
445	1.000472	-0.000680	8.567556	0.000680	1.000472	-0.494548	
446	1.000176	-0.001294	8.715787	0.001294	1.000176	-0.698898	
447	1.000352	-0.001340	8.901829	0.001340	1.000352	-0.823641	
448	0.999430	-0.002153	9.393810	0.002153	0.999430	-1.084391	
449	0.999888	-0.001375	9.357420	0.001375	0.999888	-1.163944	
450	1.000067	-0.001971	9.261249	0.001971	1.000067	-1.434001	
451	0.999925	-0.001962	8.981679	0.001962	0.999925	-1.536422	
452	0.999438	-0.002129	8.583374	0.002129	0.999438	-1.758541	
453	1.000052	-0.001953	7.421122	0.001953	1.000052	-1.958487	
454	0.999588	-0.002143	7.403577	0.002143	0.999588	-2.172597	
455	0.999696	-0.001995	7.576398	0.001995	0.999696	-2.377467	
456	1.002164	-0.000295	4.606481	0.000295	1.002164	-2.431053	
457	1.001459	-0.001797	7.350327	0.001797	1.001459	-3.443374	
458	1.002145	-0.001459	7.667937	0.001459	1.002145	-3.757545	
459	1.002757	-0.001403	7.914838	0.001403	1.002757	-4.122750	
460	1.005023	-0.001048	6.662886	0.001048	1.005023	-4.808158	
461	1.005834	-0.001344	5.619123	0.001344	1.005834	-5.351304	
462	1.005643	-0.001555	4.919127	0.001555	1.005643	-5.333957	
463	1.006027	-0.001104	4.640901	0.001104	1.006027	-5.530101	
464	1.006442	-0.001349	4.568613	0.001349	1.006442	-5.962373	
465	1.005918	-0.001392	4.919048	0.001392	1.005918	-5.867115	
466	1.006662	-0.001202	3.673325	0.001202	1.006662	-5.985316	
467	1.006678	-0.001344	3.142090	0.001344	1.006678	-5.866380	
468	1.006543	0.000342	2.237187	-0.000342	1.006543	-4.407054	
469	1.006531	-0.000883	3.484133	0.000883	1.006531	-5.438482	
470	1.007391	-0.000765	4.272450	0.000765	1.007391	-5.900028	
471	1.006595	-0.000913	6.028477	0.000913	1.006595	-6.032438	
472	1.007388	-0.000888	6.413558	0.000888	1.007388	-6.473054	
473	1.007359	-0.001050	6.800950	0.001050	1.007359	-6.703749	
474	1.007517	-0.000902	5.538939	0.000902	1.007517	-6.609138	
475	1.009672	0.000387	1.289986	-0.000387	1.009672	-6.008464	
476	1.008580	0.000734	-1.313980	-0.000734	1.008580	-4.430116	
477	1.009131	0.000072	-4.084328	-0.000072	1.009131	-3.946484	
478	1.008344	-0.000078	-4.591077	0.000078	1.008344	-2.930134	
479	1.005822	-0.000048	-3.391447	0.000048	1.005822	-1.825789	
480	1.003888	-0.000263	-2.070914	0.000263	1.003888	-1.391264	
481	1.004116	-0.000027	-0.051904	0.000027	1.004116	-1.480253	
482	1.004884	-0.000193	1.065278	0.000193	1.004884	-1.202462	
483	1.004486	-0.000114	2.070516	0.000114	1.004486	-1.471528	
484	1.004924	0.000089	1.680506	-0.000089	1.004924	-1.834125	
485	1.004541	0.000195	2.525861	-0.000195	1.004541	-1.247371	
486	1.006548	0.000727	2.464336	-0.000727	1.006548	-1.737747	
487	1.004140	-0.000804	6.120769	0.000804	1.004140	-2.221783	
488	1.003392	-0.000991	7.674951	0.000991	1.003392	-2.258057	
489	1.004471	-0.000326	6.810206	0.000326	1.004471	-2.478743	
490	1.004786	-0.000260	5.180357	0.000260	1.004786	-2.209281	
491	1.005796	0.000574	3.776959	-0.000574	1.005796	-2.111609	
492	1.005300	0.000649	3.475041	-0.000649	1.005300	-1.825755	
493	1.004805	0.000464	3.520123	-0.000464	1.004805	-1.637436	
494	1.004602	0.000678	3.073517	-0.000678	1.004602	-1.522820	
495	1.004868	0.000723	2.400953	-0.000723	1.004868	-1.577455	
496	1.005161	0.000633	1.842459	-0.000633	1.005161	-1.552706	
497	1.005194	0.000540	1.371983	-0.000540	1.005194	-1.509543	
498	1.004687	0.000488	1.159982	-0.000488	1.004687	-1.259262	
499	1.004856	0.000472	0.512350	-0.000472	1.004856	-1.585528	
500	1.004122	0.000572	0.808607	-0.000572	1.004122	-1.310180	
501	1.004896	0.000589	0.535464	-0.000589	1.004896	-1.358612	
502	1.004289	0.000387	0.931312	-0.000387	1.004289	-1.441143	
503	1.004986	0.000803	0.130282	-0.000803	1.004986	-1.454680	
504	1.005071	0.000642	0.113845	-0.000642	1.005071	-1.472770	
505	1.005180	0.000552	-0.267716	-0.000552	1.005180	-1.416758	
506	1.005871	0.000591	-1.285715	-0.000591	1.005871	-1.765487	
