0	1.000000	0.000000	0.000000	0.000000	1.000000	0.000000	
1	0.999756	0.000050	-1.238878	-0.000050	0.999756	0.136034	
2	0.999790	0.000111	-1.425512	-0.000111	0.999790	0.177226	
3	0.999723	0.000017	-1.195526	-0.000017	0.999723	0.128136	
4	0.999730	-0.000027	-1.190698	0.000027	0.999730	0.080475	
5	0.999845	0.000009	-1.285013	-0.000009	0.999845	0.032038	
6	0.999744	0.000075	-1.751166	-0.000075	0.999744	0.071082	
7	0.999808	0.000114	-2.368476	-0.000114	0.999808	-0.033077	
8	0.999890	0.000107	-3.054232	-0.000107	0.999890	-0.061305	
9	0.999859	0.000092	-3.929005	-0.000092	0.999859	0.087707	
10	0.999749	0.000227	-5.147354	-0.000227	0.999749	0.307552	
11	0.999816	0.000331	-6.724667	-0.000331	0.999816	0.389858	
12	0.999726	0.000321	-8.370354	-0.000321	0.999726	0.372450	
13	0.999635	0.000498	-10.351881	-0.000498	0.999635	0.375561	
14	0.999867	0.000551	-12.676649	-0.000551	0.999867	0.167766	
15	0.999602	0.000615	-14.816979	-0.000615	0.999602	0.209834	
16	0.999587	0.000842	-18.487321	-0.000842	0.999587	0.537310	
17	0.999664	0.000984	-22.303113	-0.000984	0.999664	0.529355	
18	0.999478	0.001148	-26.298349	-0.001148	0.999478	0.735145	
19	0.999730	0.001438	-31.625734	-0.001438	0.999730	0.919454	
20	0.999390	0.001312	-34.224194	-0.001312	0.999390	0.796173	
21	0.999410	0.001602	-38.190933	-0.001602	0.999410	1.128173	
22	0.999726	0.001706	-41.380326	-0.001706	0.999726	1.098358	
23	0.998781	0.001836	-42.482958	-0.001836	0.998781	1.574188	
24	0.999641	0.001889	-45.552907	-0.001889	0.999641	1.336240	
25	0.999593	0.001952	-47.122637	-0.001952	0.999593	1.402298	
26	1.000175	0.001902	-47.955744	-0.001902	1.000175	1.107890	
27	1.000645	0.002144	-50.144367	-0.002144	1.000645	0.919336	
28	1.001128	0.002092	-49.413853	-0.002092	1.001128	0.547201	
29	1.001978	0.002162	-49.950656	-0.002162	1.001978	0.065795	
30	1.001416	0.002031	-50.464632	-0.002031	1.001416	0.087431	
31	1.000918	0.001943	-47.808576	-0.001943	1.000918	0.174483	
32	1.002016	0.001710	-47.285998	-0.001710	1.002016	-0.324277	
33	1.000272	0.001641	-44.335678	-0.001641	1.000272	0.496174	
34	1.000243	0.001652	-40.093412	-0.001652	1.000243	1.008790	
35	0.999978	0.001403	-35.038497	-0.001403	0.999978	1.480000	
36	1.000194	0.001314	-28.312371	-0.001314	1.000194	1.439188	
37	1.000279	0.001024	-21.433764	-0.001024	1.000279	0.793280	
38	1.000292	0.000905	-16.000252	-0.000905	1.000292	0.234101	
39	1.000573	0.000651	-10.107989	-0.000651	1.000573	-0.181042	
40	0.999756	0.000144	-5.412525	-0.000144	0.999756	0.080622	
41	0.999708	-0.000087	-2.430404	0.000087	0.999708	0.419312	
42	0.999869	-0.000066	-0.605813	0.000066	0.999869	0.589366	
43	1.000168	0.000119	0.406981	-0.000119	1.000168	0.101059	
44	1.000128	0.000132	0.466776	-0.000132	1.000128	-0.019196	
45	1.000049	0.000179	0.177829	-0.000179	1.000049	-0.227178	
46	1.000085	0.000087	-0.003771	-0.000087	1.000085	0.049168	
47	1.000117	0.000081	0.006933	-0.000081	1.000117	0.328994	
48	1.000217	0.000137	0.228650	-0.000137	1.000217	0.223807	
49	1.000262	0.000118	0.675309	-0.000118	1.000262	0.100271	
50	1.000304	0.000160	1.286412	-0.000160	1.000304	-0.054240	
51	1.000638	0.000282	2.178642	-0.000282	1.000638	-0.238980	
52	1.000796	0.000197	3.615594	-0.000197	1.000796	-0.010136	
53	1.001175	0.000318	4.401452	-0.000318	1.001175	0.028830	
54	1.000268	-0.000327	6.838563	0.000327	1.000268	-0.124579	
55	1.000288	-0.000496	8.197732	0.000496	1.000288	-0.233986	
56	1.000182	-0.000502	9.184450	0.000502	1.000182	-0.504290	
57	1.000246	-0.000604	10.091943	0.000604	1.000246	-0.483437	
58	1.000254	-0.000643	10.809457	0.000643	1.000254	-0.529953	
59	1.000362	-0.000612	11.514625	0.000612	1.000362	-0.515851	
60	1.000507	-0.000947	12.762935	0.000947	1.000507	-0.843890	
61	1.000540	-0.000590	13.690043	0.000590	1.000540	-0.607062	
62	1.000394	-0.000729	14.110819	0.000729	1.000394	-0.615201	
63	1.000626	-0.000771	15.105586	0.000771	1.000626	-0.628813	
64	1.000457	-0.000675	15.012157	0.000675	1.000457	-0.304591	
65	1.000120	-0.000853	15.107595	0.000853	1.000120	-0.319500	
66	1.000621	-0.000624	15.572130	0.000624	1.000621	-0.607709	
67	1.000472	-0.000703	15.183906	0.000703	1.000472	-0.830172	
68	1.000868	-0.000643	15.168638	0.000643	1.000868	-0.849903	
69	1.000341	-0.000655	15.050002	0.000655	1.000341	-0.457774	
70	1.000267	-0.000950	14.452841	0.000950	1.000267	-0.526630	
71	0.999990	-0.000887	14.537094	0.000887	0.999990	-0.474083	
72	1.000048	-0.000507	13.892910	0.000507	1.000048	-0.584097	
73	0.999213	-0.000856	13.680155	0.000856	0.999213	-0.606710	
74	0.999704	-0.000560	13.184358	0.000560	0.999704	-0.531286	
75	0.999683	-0.000624	12.392338	0.000624	0.999683	-0.485110	
76	0.999431	-0.000614	11.643817	0.000614	0.999431	-0.078191	
77	0.999440	-0.000398	11.012918	0.000398	0.999440	0.020190	
78	0.999174	-0.000479	9.969376	0.000479	0.999174	-0.017252	
79	0.998965	-0.000644	8.889013	0.000644	0.998965	-0.023829	
80	0.999354	-0.000619	8.041156	0.000619	0.999354	-0.162461	
81	0.999481	-0.000393	6.838014	0.000393	0.999481	-0.009168	
82	1.001087	0.000426	4.192724	-0.000426	1.001087	-0.022616	
83	1.000777	0.000250	3.400146	-0.000250	1.000777	0.071472	
84	1.000381	0.000060	2.276344	-0.000060	1.000381	-0.197121	
85	1.000478	-0.000001	1.506261	0.000001	1.000478	-0.227052	
86	1.000170	0.000025	0.830721	-0.000025	1.000170	-0.317705	
87	1.000008	-0.000106	0.460366	0.000106	1.000008	-0.287402	
88	0.999963	-0.000086	0.084576	0.000086	0.999963	-0.063905	
89	1.000021	-0.000123	-0.135352	0.000123	1.000021	0.114558	
90	1.000020	-0.000007	-0.102092	0.000007	1.000020	0.019764	
91	0.999934	-0.000026	-0.071154	0.000026	0.999934	-0.030091	
92	0.999874	0.000045	-0.028507	-0.000045	0.999874	0.021714	
93	0.999897	-0.000018	-0.049204	0.000018	0.999897	-0.034154	
94	0.999932	-0.000081	-0.050824	0.000081	0.999932	-0.026361	
95	1.000004	-0.000152	-0.070402	0.000152	1.000004	-0.085858	
96	0.999994	-0.000223	-0.067475	0.000223	0.999994	-0.161887	
97	0.999961	-0.000292	-0.079373	0.000292	0.999961	-0.250596	
98	0.999803	-0.000187	-0.116955	0.000187	0.999803	-0.295835	
99	0.999944	-0.000195	-0.276478	0.000195	0.999944	-0.289369	
100	0.999954	-0.000221	-0.130939	0.000221	0.999954	-0.040128	
101	0.999992	-0.000181	-0.088155	0.000181	0.999992	-0.134001	
102	0.999938	-0.000202	-0.102010	0.000202	0.999938	-0.063928	
103	0.999899	-0.000088	-0.078131	0.000088	0.999899	-0.141036	
104	0.999941	0.000021	-0.257189	-0.000021	0.999941	-0.170684	
105	0.999899	-0.000128	-0.242806	0.000128	0.999899	0.034511	
106	0.999807	-0.000143	-0.118420	0.000143	0.999807	0.163151	
107	0.999914	-0.000118	-0.058507	0.000118	0.999914	0.146349	
108	0.999986	-0.000164	-0.246083	0.000164	0.999986	-0.088295	
109	0.999917	-0.000148	-0.087480	0.000148	0.999917	-0.100163	
110	0.999823	0.000026	-0.180934	-0.000026	0.999823	-0.094613	
111	0.999823	-0.000018	0.039352	0.000018	0.999823	0.099123	
112	0.999719	0.000145	0.011987	-0.000145	0.999719	0.174993	
113	0.999674	0.000106	0.095751	-0.000106	0.999674	0.140776	
114	0.999825	0.000120	0.046014	-0.000120	0.999825	0.117645	
115	0.999622	0.000156	0.008560	-0.000156	0.999622	0.185676	
116	0.999711	0.000086	0.182489	-0.000086	0.999711	0.113673	
117	0.999643	0.000096	0.057434	-0.000096	0.999643	0.156603	
118	0.999893	0.000039	0.049663	-0.000039	0.999893	0.061554	
119	0.999842	0.000095	-0.158828	-0.000095	0.999842	0.107825	
120	0.999925	0.000122	-0.113110	-0.000122	0.999925	0.059873	
121	0.999829	0.000104	-0.114359	-0.000104	0.999829	0.095784	
122	0.999720	0.000101	-0.062620	-0.000101	0.999720	0.128037	
123	0.999791	0.000014	0.052914	-0.000014	0.999791	0.034235	
124	0.999777	0.000026	-0.085641	-0.000026	0.999777	0.045216	
125	0.999813	-0.000007	-0.163670	0.000007	0.999813	0.028922	
126	0.999806	0.000006	-0.225498	-0.000006	0.999806	0.043986	
127	0.999854	0.000082	-0.216350	-0.000082	0.999854	0.074334	
128	0.999787	0.000112	-0.220422	-0.000112	0.999787	0.093216	
129	0.999841	0.000118	-0.268205	-0.000118	0.999841	0.107968	
130	0.999810	0.000182	-0.256902	-0.000182	0.999810	0.180561	
131	0.999829	0.000134	-0.294734	-0.000134	0.999829	0.137676	
132	0.999841	0.000196	-0.234695	-0.000196	0.999841	0.111171	
133	0.999781	0.000146	-0.202548	-0.000146	0.999781	0.170204	
134	0.999808	0.000110	-0.206796	-0.000110	0.999808	0.134063	
135	0.999825	0.000128	-0.166706	-0.000128	0.999825	0.106506	
136	0.999901	0.000107	-0.084438	-0.000107	0.999901	0.095912	
137	0.999885	0.000118	-0.220651	-0.000118	0.999885	0.104543	
138	0.999968	0.000089	-0.211218	-0.000089	0.999968	0.034871	
139	0.999858	0.000030	-0.123043	-0.000030	0.999858	0.036761	
140	1.000027	-0.000007	-0.284140	0.000007	1.000027	-0.061441	
141	1.000060	-0.000015	-0.169991	0.000015	1.000060	-0.054075	
142	1.000034	-0.000010	-0.205525	0.000010	1.000034	-0.026608	
143	1.000133	0.000013	-0.126019	-0.000013	1.000133	-0.040162	
144	1.000035	0.000097	-0.068444	-0.000097	1.000035	0.011952	
145	1.000212	0.000192	-0.091597	-0.000192	1.000212	0.028251	
146	1.000104	0.000144	-0.052410	-0.000144	1.000104	0.018766	
147	1.000110	0.000146	-0.123022	-0.000146	1.000110	0.031214	
148	1.000153	0.000127	-0.106787	-0.000127	1.000153	0.009088	
149	1.000120	0.000115	-0.072326	-0.000115	1.000120	-0.006037	
150	1.000123	0.000048	-0.056323	-0.000048	1.000123	-0.021865	
151	1.000156	0.000005	-0.078167	-0.000005	1.000156	-0.060975	
152	1.000179	0.000001	-0.090690	-0.000001	1.000179	-0.066374	
153	1.000227	0.000015	-0.086500	-0.000015	1.000227	-0.093662	
154	1.000135	-0.000006	-0.033861	0.000006	1.000135	-0.086488	
155	1.000109	-0.000029	-0.022950	0.000029	1.000109	-0.076031	
156	1.000084	-0.000060	-0.013664	0.000060	1.000084	-0.091861	
157	0.999942	-0.000041	0.065435	0.000041	0.999942	-0.042772	
158	0.999926	-0.000009	0.071677	0.000009	0.999926	-0.025111	
159	0.999966	0.000045	0.050469	-0.000045	0.999966	0.011112	
160	0.999946	0.000075	0.042437	-0.000075	0.999946	0.044527	
161	0.999978	0.000085	0.004725	-0.000085	0.999978	0.050801	
162	0.999997	0.000129	-0.005069	-0.000129	0.999997	0.086988	
163	0.999998	0.000190	-0.008885	-0.000190	0.999998	0.125749	
164	1.000115	0.000159	-0.053538	-0.000159	1.000115	0.055857	
165	0.999889	0.000195	0.102982	-0.000195	0.999889	0.123919	
166	0.999968	0.000122	0.076239	-0.000122	0.999968	0.031046	
167	1.000011	0.000159	0.101285	-0.000159	1.000011	0.029248	
168	1.000027	0.000183	0.096290	-0.000183	1.000027	0.030884	
169	1.000041	0.000159	0.085325	-0.000159	1.000041	0.026581	
170	1.000027	0.000177	0.072236	-0.000177	1.000027	0.052456	
171	1.000105	0.000161	0.064237	-0.000161	1.000105	0.047945	
172	1.000143	0.000117	0.068776	-0.000117	1.000143	0.034981	
173	1.000128	0.000214	0.036255	-0.000214	1.000128	0.084827	
174	1.000059	0.000340	0.036868	-0.000340	1.000059	0.122424	
175	0.999944	0.000400	0.110025	-0.000400	0.999944	0.173489	
176	0.999895	0.000288	0.125918	-0.000288	0.999895	0.152651	
177	0.999991	0.000340	0.072426	-0.000340	0.999991	0.138707	
178	0.999967	0.000229	0.070296	-0.000229	0.999967	0.113170	
179	1.000062	0.000201	0.014685	-0.000201	1.000062	0.132662	
180	1.000026	0.000130	0.051480	-0.000130	1.000026	0.127598	
181	1.000036	0.000083	0.067261	-0.000083	1.000036	0.097794	
182	0.999943	0.000076	0.114478	-0.000076	0.999943	0.094364	
183	0.999992	0.000096	0.052983	-0.000096	0.999992	0.051439	
184	0.999961	0.000062	0.027039	-0.000062	0.999961	0.040088	
185	0.999941	0.000095	0.025869	-0.000095	0.999941	0.065269	
186	0.999917	0.000089	0.076211	-0.000089	0.999917	0.073510	
187	0.999883	0.000106	0.116311	-0.000106	0.999883	0.050383	
188	0.999789	0.000154	0.148130	-0.000154	0.999789	0.026562	
189	0.999733	0.000145	0.170479	-0.000145	0.999733	-0.009458	
190	0.999779	0.000166	0.144624	-0.000166	0.999779	-0.005956	
191	0.999892	0.000115	0.106810	-0.000115	0.999892	0.237800	
192	0.999911	0.000027	0.078494	-0.000027	0.999911	0.201216	
193	0.999908	-0.000088	0.085461	0.000088	0.999908	0.187669	
194	0.999840	-0.000204	-0.482393	0.000204	0.999840	0.135304	
195	0.999430	-0.000360	-2.475741	0.000360	0.999430	0.073508	
196	0.999765	0.000514	-8.911365	-0.000514	0.999765	0.261659	
197	0.999711	0.000589	-13.083686	-0.000589	0.999711	0.562562	
198	0.999826	0.000889	-15.715942	-0.000889	0.999826	0.454663	
199	1.000030	0.000853	-15.720288	-0.000853	1.000030	-0.150017	
200	0.999871	0.000825	-13.341887	-0.000825	0.999871	0.425246	
201	0.999954	0.000673	-10.182668	-0.000673	0.999954	1.016362	
202	1.000094	0.000469	-6.418259	-0.000469	1.000094	0.841994	
203	0.999534	-0.000102	-2.294927	0.000102	0.999534	0.264762	
204	0.999894	-0.000023	-0.408498	0.000023	0.999894	-0.017416	
205	1.000269	0.000021	1.219077	-0.000021	1.000269	-0.304070	
206	1.000475	0.000121	1.730648	-0.000121	1.000475	-0.265675	
207	1.000591	-0.000081	2.654936	0.000081	1.000591	-0.139842	
208	1.000937	0.000171	3.714692	-0.000171	1.000937	-0.207364	
209	1.000930	0.000153	4.697279	-0.000153	1.000930	-0.338352	
210	1.000087	-0.000717	7.107717	0.000717	1.000087	-0.717069	
211	0.999882	-0.000789	7.963284	0.000789	0.999882	-0.500682	
212	1.000085	-0.000760	7.850407	0.000760	1.000085	-0.402421	
213	1.000020	-0.000920	7.133515	0.000920	1.000020	-0.323118	
214	1.000953	-0.000417	5.463515	0.000417	1.000953	-0.684619	
215	1.001397	0.000263	4.068751	-0.000263	1.001397	-0.357941	
216	1.001064	0.000241	3.264807	-0.000241	1.001064	-0.174719	
217	1.001833	0.000075	1.831840	-0.000075	1.001833	-0.409096	
218	1.000734	-0.000026	2.119349	0.000026	1.000734	-0.147050	
219	1.000424	0.000067	1.513901	-0.000067	1.000424	-0.071161	
220	1.000283	-0.000033	1.012536	0.000033	1.000283	-0.152307	
221	1.000165	-0.000050	0.796142	0.000050	1.000165	-0.113343	
222	1.000168	-0.000048	0.396530	0.000048	1.000168	-0.149188	
223	1.000142	-0.000031	0.290265	0.000031	1.000142	-0.036281	
224	1.000064	-0.000108	0.051381	0.000108	1.000064	-0.053010	
225	1.000068	-0.000138	-0.055122	0.000138	1.000068	-0.071167	
226	1.000049	-0.000175	-0.116463	0.000175	1.000049	-0.143919	
227	1.000063	-0.000150	-0.110980	0.000150	1.000063	-0.136125	
228	1.000061	-0.000122	-0.086208	0.000122	1.000061	-0.094738	
229	1.000124	-0.000136	-0.159465	0.000136	1.000124	-0.102473	
230	1.000105	-0.000106	-0.110220	0.000106	1.000105	-0.085074	
231	1.000131	-0.000105	-0.121679	0.000105	1.000131	-0.094631	
232	1.000146	-0.000175	-0.181203	0.000175	1.000146	-0.148462	
233	1.000137	-0.000213	-0.152901	0.000213	1.000137	-0.182919	
234	1.000164	-0.000218	-0.164990	0.000218	1.000164	-0.205767	
235	1.000158	-0.000157	-0.183337	0.000157	1.000158	-0.158121	
236	1.000172	-0.000117	-0.237547	0.000117	1.000172	-0.112282	
237	1.000296	-0.000099	-0.269651	0.000099	1.000296	-0.106203	
238	1.000240	-0.000034	-0.202129	0.000034	1.000240	-0.068290	
239	1.000141	-0.000078	-0.225012	0.000078	1.000141	-0.099220	
240	1.000071	-0.000093	-0.328122	0.000093	1.000071	-0.090141	
241	1.000197	-0.000099	-0.171402	0.000099	1.000197	-0.113255	
242	1.000202	-0.000054	-0.210317	0.000054	1.000202	-0.057739	
243	1.000083	-0.000009	-0.275988	0.000009	1.000083	-0.009402	
244	1.000088	0.000046	-0.205633	-0.000046	1.000088	0.029920	
245	1.000146	0.000079	-0.360325	-0.000079	1.000146	0.039266	
246	1.000137	0.000177	-0.330760	-0.000177	1.000137	0.128845	
247	1.000166	0.000229	-0.325951	-0.000229	1.000166	0.196327	
248	1.000090	0.000234	-0.119340	-0.000234	1.000090	0.211342	
249	0.999919	0.000148	-0.034837	-0.000148	0.999919	0.150458	
250	0.999873	0.000077	-0.039804	-0.000077	0.999873	0.136133	
251	0.999966	0.000019	0.080862	-0.000019	0.999966	0.071737	
252	0.999984	0.000033	0.031899	-0.000033	0.999984	0.092463	
253	1.000013	0.000053	-0.112802	-0.000053	1.000013	0.110410	
254	1.000040	0.000039	-0.049645	-0.000039	1.000040	0.067217	
255	0.999998	0.000040	0.018648	-0.000040	0.999998	0.073763	
256	0.999913	0.000040	0.072786	-0.000040	0.999913	0.024483	
257	0.999968	0.000062	-0.013746	-0.000062	0.999968	0.002212	
258	0.999974	0.000081	-0.165857	-0.000081	0.999974	-0.010544	
259	0.999994	0.000046	-0.049952	-0.000046	0.999994	-0.036419	
260	0.999949	-0.000002	0.012208	0.000002	0.999949	-0.014353	
261	0.999973	0.000059	-0.123488	-0.000059	0.999973	0.033353	
262	0.999865	0.000031	0.116113	-0.000031	0.999865	0.054421	
263	0.999890	0.000109	-0.098237	-0.000109	0.999890	0.122226	
264	0.999890	0.000035	-0.012425	-0.000035	0.999890	0.070807	
265	0.999950	0.000030	-0.184377	-0.000030	0.999950	0.022514	
266	0.999943	0.000033	-0.194293	-0.000033	0.999943	0.035541	
267	0.999789	0.000037	0.053967	-0.000037	0.999789	0.079913	
268	0.999891	0.000054	-0.153976	-0.000054	0.999891	0.084929	
269	0.999931	0.000111	0.016794	-0.000111	0.999931	0.088583	
270	0.999944	0.000088	-0.201324	-0.000088	0.999944	0.039656	
271	0.999743	0.000121	0.078099	-0.000121	0.999743	0.086313	
272	0.999704	0.000194	0.004490	-0.000194	0.999704	0.132778	
273	0.999811	0.000157	0.055166	-0.000157	0.999811	0.087025	
274	0.999700	0.000154	0.008549	-0.000154	0.999700	0.098896	
275	0.999749	0.000051	0.077488	-0.000051	0.999749	0.040689	
276	0.999729	0.000045	0.088162	-0.000045	0.999729	0.063360	
277	0.999684	0.000043	0.106799	-0.000043	0.999684	0.117524	
278	0.999791	0.000042	0.165161	-0.000042	0.999791	0.163760	
279	0.999839	0.000029	0.050375	-0.000029	0.999839	0.177240	
280	0.999892	0.000039	0.064967	-0.000039	0.999892	0.218465	
281	0.999955	0.000055	-0.079766	-0.000055	0.999955	0.266118	
282	0.999950	-0.000083	-0.101604	0.000083	0.999950	0.101053	
283	0.999676	-0.000063	-1.097667	0.000063	0.999676	0.050855	
284	0.999885	-0.000012	-5.710415	0.000012	0.999885	-0.740963	
285	0.999800	0.000156	-12.355285	-0.000156	0.999800	-0.843442	
286	1.000178	0.000366	-17.632018	-0.000366	1.000178	-0.621791	
287	0.999903	0.000684	-22.858769	-0.000684	0.999903	0.036927	
288	0.999840	0.000928	-27.789382	-0.000928	0.999840	0.943752	
289	0.999568	0.001375	-34.802990	-0.001375	0.999568	1.282738	
290	1.000126	0.001458	-40.949495	-0.001458	1.000126	0.467571	
291	1.000255	0.001528	-43.878420	-0.001528	1.000255	0.136488	
292	1.000077	0.001636	-44.214571	-0.001636	1.000077	0.053938	
293	0.999957	0.001496	-40.912562	-0.001496	0.999957	0.000216	
294	1.000752	0.001176	-34.450267	-0.001176	1.000752	-0.148876	
295	1.000378	0.000987	-25.647162	-0.000987	1.000378	0.309262	
296	1.000976	0.000464	-16.143763	-0.000464	1.000976	-0.099800	
297	1.000637	0.000239	-8.158281	-0.000239	1.000637	0.016560	
298	0.999705	-0.000172	-2.350920	0.000172	0.999705	0.512825	
299	1.000324	0.000076	0.407729	-0.000076	1.000324	0.708641	
300	1.000658	0.000212	1.239975	-0.000212	1.000658	0.392233	
301	1.000467	0.000181	1.517750	-0.000181	1.000467	0.198733	
302	1.000541	0.000381	1.081901	-0.000381	1.000541	-0.175957	
303	1.000280	0.000273	0.563289	-0.000273	1.000280	-0.205131	
304	1.000237	0.000112	0.132869	-0.000112	1.000237	-0.032361	
305	1.000146	-0.000033	-0.220629	0.000033	1.000146	0.186427	
306	1.000059	-0.000000	-0.084132	0.000000	1.000059	0.057958	
307	0.999973	-0.000006	0.142896	0.000006	0.999973	0.161395	
308	1.000051	-0.000012	0.166035	0.000012	1.000051	-0.020700	
309	0.999938	0.000053	0.195482	-0.000053	0.999938	0.061652	
310	0.999991	0.000129	0.252279	-0.000129	0.999991	0.140618	
311	1.000092	0.000127	0.464697	-0.000127	1.000092	0.127592	
312	1.000170	0.000188	0.956688	-0.000188	1.000170	0.105673	
313	1.000330	0.000242	2.109822	-0.000242	1.000330	0.024876	
314	1.000785	0.000409	4.062751	-0.000409	1.000785	-0.107336	
315	1.000325	-0.000185	7.724010	0.000185	1.000325	-0.104292	
316	1.000289	-0.000288	10.089823	0.000288	1.000289	0.292880	
317	1.000383	-0.000312	12.319904	0.000312	1.000383	0.161885	
318	1.000455	-0.000610	14.248928	0.000610	1.000455	-0.139452	
319	1.000325	-0.000733	14.867017	0.000733	1.000325	-0.194726	
320	1.001194	-0.000855	14.906655	0.000855	1.001194	-0.809725	
321	1.000622	-0.000835	15.742543	0.000835	1.000622	-0.498855	
322	1.000831	-0.000784	15.169663	0.000784	1.000831	-0.453649	
323	1.001562	-0.000799	15.132770	0.000799	1.001562	-0.875105	
324	1.001225	-0.000955	14.767816	0.000955	1.001225	-0.841094	
325	1.001346	-0.001012	14.722147	0.001012	1.001346	-0.908400	
326	1.001287	-0.000983	14.151617	0.000983	1.001287	-0.743851	
327	1.001191	-0.000844	13.657646	0.000844	1.001191	-0.737379	
328	1.001390	-0.000789	12.856670	0.000789	1.001390	-0.771794	
329	1.000914	-0.000675	12.612690	0.000675	1.000914	-0.262842	
330	1.001136	-0.000707	11.689708	0.000707	1.001136	-0.448087	
331	1.000636	-0.000798	11.462546	0.000798	1.000636	-0.517631	
332	1.001045	-0.000546	10.438458	0.000546	1.001045	-0.367246	
333	1.001057	-0.000632	9.255320	0.000632	1.001057	-0.337683	
334	1.001178	-0.000738	9.215362	0.000738	1.001178	-0.278529	
335	1.001140	-0.000335	8.046013	0.000335	1.001140	-0.360716	
336	1.001622	-0.000574	7.048048	0.000574	1.001622	-0.620935	
337	1.001048	-0.000687	7.068291	0.000687	1.001048	-0.315658	
338	1.000966	-0.000503	6.500795	0.000503	1.000966	-0.292769	
339	1.002723	0.000421	4.020458	-0.000421	1.002723	-0.504517	
340	1.001746	0.000322	4.331867	-0.000322	1.001746	-0.268587	
341	1.001419	0.000129	4.023021	-0.000129	1.001419	-0.235323	
342	1.001465	-0.000033	3.780641	0.000033	1.001465	-0.319423	
343	1.001267	0.000235	3.620031	-0.000235	1.001267	-0.250033	
344	1.001389	-0.000015	2.972607	0.000015	1.001389	-0.212801	
345	1.001124	0.000382	3.138997	-0.000382	1.001124	-0.009845	
346	1.000844	0.000293	2.660659	-0.000293	1.000844	0.133859	
347	1.000644	0.000235	2.824350	-0.000235	1.000644	0.100439	
348	1.000590	0.000390	2.519917	-0.000390	1.000590	0.201963	
349	1.000741	0.000347	2.166411	-0.000347	1.000741	0.176311	
350	1.000310	0.000239	2.121595	-0.000239	1.000310	0.182026	
351	1.000325	0.000038	1.899092	-0.000038	1.000325	0.286299	
352	1.000251	0.000059	1.581725	-0.000059	1.000251	0.347119	
353	1.000299	0.000080	1.031764	-0.000080	1.000299	0.029955	
354	1.000117	-0.000020	0.985817	0.000020	1.000117	0.140268	
355	1.000061	-0.000046	0.660488	0.000046	1.000061	0.134819	
356	0.999966	-0.000108	0.715643	0.000108	0.999966	0.181396	
357	1.000058	-0.000077	0.505462	0.000077	1.000058	-0.004654	
358	0.999984	-0.000218	0.441999	0.000218	0.999984	0.121134	
359	0.999954	-0.000136	0.389762	0.000136	0.999954	0.257256	
360	1.000052	-0.000084	0.351119	0.000084	1.000052	0.238887	
361	1.000014	-0.000032	0.321717	0.000032	1.000014	0.409584	
362	1.000216	0.000056	0.480815	-0.000056	1.000216	0.413052	
363	1.000307	0.000052	0.926794	-0.000052	1.000307	0.376373	
364	1.000834	0.000510	2.983666	-0.000510	1.000834	-0.308203	
365	1.000137	0.000153	14.269583	-0.000153	1.000137	-1.772593	
366	0.999378	-0.000771	33.475139	0.000771	0.999378	-5.448968	
367	1.002743	-0.001851	52.025104	0.001851	1.002743	-10.446358	
368	0.997608	-0.003561	71.846824	0.003561	0.997608	-9.638342	
369	1.000412	-0.004306	79.829739	0.004306	1.000412	-8.589974	
370	1.002049	-0.004201	83.731033	0.004201	1.002049	-6.183196	
371	1.003751	-0.003828	75.750729	0.003828	1.003751	-3.520865	
372	1.002535	-0.002061	66.112915	0.002061	1.002535	-0.114843	
373	1.002211	-0.001072	51.508241	0.001072	1.002211	0.976089	
374	1.000602	-0.001852	37.253312	0.001852	1.000602	0.646214	
375	1.000064	-0.000818	23.676774	0.000818	1.000064	0.841473	
376	0.999757	-0.000179	12.220219	0.000179	0.999757	0.674897	
377	1.001096	0.000225	3.444205	-0.000225	1.001096	0.337658	
378	1.000015	0.000033	0.123026	-0.000033	1.000015	0.258098	
379	0.999371	-0.000174	-1.558679	0.000174	0.999371	0.173567	
380	0.999246	-0.000188	-2.037440	0.000188	0.999246	0.305891	
381	0.999356	-0.000383	-1.474651	0.000383	0.999356	0.446103	
382	0.999575	-0.000293	-0.935451	0.000293	0.999575	0.796476	
383	0.999892	-0.000442	-0.210009	0.000442	0.999892	0.825235	
384	1.000181	-0.000345	0.686311	0.000345	1.000181	0.940732	
385	1.000370	-0.000324	0.809739	0.000324	1.000370	1.018685	
386	1.000396	-0.000257	1.083349	0.000257	1.000396	1.293409	
387	1.000491	-0.000316	1.047395	0.000316	1.000491	1.188506	
388	1.000334	-0.000335	1.067636	0.000335	1.000334	1.434881	
