0	1.000000	0.000000	0.000000	0.000000	1.000000	0.000000	
1	0.999378	-0.001107	10.421688	0.001107	0.999378	-0.507204	
2	0.998317	0.000286	5.115971	-0.000286	0.998317	0.361342	
3	0.996597	0.000008	7.045434	-0.000008	0.996597	0.812265	
4	0.998684	-0.001594	7.416301	0.001594	0.998684	-0.476937	
5	0.999091	-0.001552	7.874262	0.001552	0.999091	-0.540359	
6	1.000134	-0.001693	16.239273	0.001693	1.000134	-0.785492	
7	0.992695	0.001730	10.953756	-0.001730	0.992695	2.573305	
8	0.991555	0.001827	11.868334	-0.001827	0.991555	2.764289	
9	0.994398	0.000301	11.947148	-0.000301	0.994398	1.426102	
10	1.000321	-0.000880	11.287518	0.000880	1.000321	-0.706179	
11	0.999582	-0.002428	25.716394	0.002428	0.999582	-1.406546	
12	0.999732	-0.001421	14.781687	0.001421	0.999732	-0.819232	
13	1.000331	-0.001533	15.682032	0.001533	1.000331	-0.966042	
14	1.000433	-0.002001	16.454644	0.002001	1.000433	-1.226832	
15	1.000463	-0.001892	17.747925	0.001892	1.000463	-1.147132	
16	1.000394	-0.003351	37.690612	0.003351	1.000394	-2.181525	
17	1.002904	-0.002844	19.017998	0.002844	1.002904	-2.435341	
18	1.001507	-0.002539	20.281490	0.002539	1.001507	-1.993621	
19	1.000572	-0.002191	20.578259	0.002191	1.000572	-1.624746	
20	1.002379	-0.002578	20.399953	0.002578	1.002379	-2.302963	
21	1.000789	-0.003410	42.858446	0.003410	1.000789	-2.433843	
22	1.002224	-0.002462	21.139090	0.002462	1.002224	-2.111701	
23	1.002844	-0.002689	20.996117	0.002689	1.002844	-2.407777	
24	1.001760	-0.002624	21.621084	0.002624	1.001760	-2.106308	
25	1.003029	-0.002451	21.338516	0.002451	1.003029	-2.343329	
26	1.011037	-0.005329	38.503230	0.005329	1.011037	-6.098859	
27	1.002892	-0.002225	21.516755	0.002225	1.002892	-2.123340	
28	1.001051	-0.001907	22.379291	0.001907	1.001051	-1.370564	
29	1.002774	-0.002740	21.220269	0.002740	1.002774	-2.381195	
30	1.001711	-0.002067	21.054394	0.002067	1.001711	-1.634795	
31	1.005068	-0.004137	38.557221	0.004137	1.005068	-3.799445	
32	1.001849	-0.002069	18.261477	0.002069	1.001849	-1.753150	
33	1.000976	-0.002281	17.777883	0.002281	1.000976	-1.672930	
34	1.001962	-0.002542	16.441033	0.002542	1.001962	-2.185636	
35	1.001257	-0.001595	15.161335	0.001595	1.001257	-1.357919	
36	1.000286	-0.002175	27.954193	0.002175	1.000286	-1.410280	
37	1.001246	-0.001210	11.715866	0.001210	1.001246	-1.002961	
38	1.000365	-0.001159	11.399149	0.001159	1.000365	-0.784576	
39	1.000224	-0.001077	10.518340	0.001077	1.000224	-0.766452	
40	1.000790	-0.001023	8.993157	0.001023	1.000790	-0.899439	
41	1.001380	-0.001682	15.211565	0.001682	1.001380	-1.452602	
42	0.999053	0.000797	5.173478	-0.000797	0.999053	0.784052	
43	0.999676	0.000835	3.904009	-0.000835	0.999676	0.736979	
44	0.999770	0.000641	2.977868	-0.000641	0.999770	0.657336	
45	0.999974	0.000577	2.133731	-0.000577	0.999974	0.485052	
46	0.999823	0.000502	2.328376	-0.000502	0.999823	0.342987	
47	0.999954	0.000114	0.295710	-0.000114	0.999954	-0.046673	
48	1.000068	0.000047	-0.232963	-0.000047	1.000068	0.017762	
49	1.000090	0.000019	-0.502650	-0.000019	1.000090	-0.024867	
50	1.000044	-0.000010	-0.653176	0.000010	1.000044	-0.031106	
51	1.000055	-0.000253	-1.402955	0.000253	1.000055	-0.160854	
52	1.000006	-0.000095	-0.879904	0.000095	1.000006	-0.047396	
53	1.000019	-0.000204	-1.168782	0.000204	1.000019	-0.135245	
54	1.000113	-0.000277	-1.665148	0.000277	1.000113	-0.222710	
55	1.000088	-0.000273	-2.062634	0.000273	1.000088	-0.274141	
56	0.999647	0.001020	-6.922723	-0.001020	0.999647	0.649380	
57	1.000140	-0.000500	-3.697096	0.000500	1.000140	-0.372455	
58	1.000194	-0.000664	-4.334813	0.000664	1.000194	-0.433888	
59	0.998614	0.000406	-5.006763	-0.000406	0.998614	0.664725	
60	1.002240	-0.000418	-7.537662	0.000418	1.002240	-0.809669	
61	0.997827	0.001962	-15.165057	-0.001962	0.997827	1.594897	
62	0.999295	0.001105	-8.403353	-0.001105	0.999295	0.783080	
63	0.999304	0.001087	-8.894186	-0.001087	0.999304	0.830418	
64	0.999723	0.001300	-9.315486	-0.001300	0.999723	0.836355	
65	0.999018	0.001098	-9.010258	-0.001098	0.999018	0.938443	
66	0.998737	0.002018	-18.997485	-0.002018	0.998737	1.559180	
67	0.999218	0.001106	-9.158759	-0.001106	0.999218	0.861933	
68	0.998198	0.000766	-7.914775	-0.000766	0.998198	0.845912	
69	1.000083	0.001144	-9.305656	-0.001144	1.000083	0.672590	
70	0.999438	0.000825	-8.637081	-0.000825	0.999438	0.623307	
71	1.000071	0.001534	-17.251559	-0.001534	1.000071	1.095931	
72	1.003292	-0.000836	-8.912678	0.000836	1.003292	-1.240757	
73	1.003140	-0.000618	-8.677453	0.000618	1.003140	-1.156627	
74	1.005569	-0.001186	-9.303624	0.001186	1.005569	-1.872764	
75	1.002220	-0.000254	-7.785975	0.000254	1.002220	-0.741942	
76	0.999681	0.001308	-13.785028	-0.001308	0.999681	0.801650	
77	1.002345	-0.000635	-6.797732	0.000635	1.002345	-0.962787	
78	1.000422	-0.000778	-4.956279	0.000778	1.000422	-0.561655	
79	1.000624	-0.000743	-4.698954	0.000743	1.000624	-0.601539	
80	0.999697	-0.000648	-3.838712	0.000648	0.999697	-0.354419	
81	1.003142	-0.000421	-10.677814	0.000421	1.003142	-1.106245	
82	1.000158	-0.000505	-3.331148	0.000505	1.000158	-0.433706	
83	1.000144	-0.000318	-3.028248	0.000318	1.000144	-0.213951	
84	1.000271	-0.000421	-2.851712	0.000421	1.000271	-0.307173	
85	1.000135	-0.000274	-2.562817	0.000274	1.000135	-0.109188	
86	1.000496	-0.000699	-4.918599	0.000699	1.000496	-0.401079	
87	1.000055	-0.000294	-2.123190	0.000294	1.000055	-0.187139	
88	1.000074	-0.000152	-2.088518	0.000152	1.000074	-0.134123	
89	1.000158	-0.000081	-1.937335	0.000081	1.000158	-0.119397	
90	1.000018	-0.000007	-1.733723	0.000007	1.000018	-0.054495	
91	1.000129	-0.000351	-3.000431	0.000351	1.000129	-0.280614	
92	1.000063	0.000072	-1.243295	-0.000072	1.000063	0.056166	
93	1.000003	0.000007	-1.026003	-0.000007	1.000003	0.011745	
94	1.000098	-0.000089	-0.979196	0.000089	1.000098	-0.066656	
95	1.000065	-0.000056	-0.861608	0.000056	1.000065	-0.038246	
96	1.000085	-0.000215	-1.557582	0.000215	1.000085	-0.189510	
97	1.000186	-0.000081	-0.741035	0.000081	1.000186	-0.065313	
98	1.000024	-0.000102	-0.655373	0.000102	1.000024	-0.072633	
99	1.000169	-0.000082	-0.699048	0.000082	1.000169	-0.076830	
100	0.999954	0.000093	-0.531384	-0.000093	0.999954	0.062893	
101	1.000017	0.000014	-0.862715	-0.000014	1.000017	-0.054072	
102	0.999972	0.000009	-0.433166	-0.000009	0.999972	-0.017831	
103	1.000004	-0.000030	-0.449736	0.000030	1.000004	-0.034389	
104	0.999995	0.000039	-0.261420	-0.000039	0.999995	0.018644	
105	0.999947	0.000019	-0.243664	-0.000019	0.999947	0.006770	
106	1.000046	0.000005	-0.371418	-0.000005	1.000046	-0.012986	
107	1.000033	0.000031	-0.213304	-0.000031	1.000033	0.005055	
108	0.999973	0.000021	-0.132659	-0.000021	0.999973	0.006483	
109	1.000019	0.000010	-0.235682	-0.000010	1.000019	-0.015533	
110	0.999988	-0.000013	-0.182662	0.000013	0.999988	-0.017808	
111	0.999945	-0.000027	-0.343156	0.000027	0.999945	-0.031422	
112	0.999961	-0.000033	-0.064219	0.000033	0.999961	-0.027662	
113	1.000007	-0.000026	-0.190430	0.000026	1.000007	-0.024250	
114	1.000015	-0.000032	-0.238129	0.000032	1.000015	-0.031973	
115	0.999990	-0.000015	-0.044469	0.000015	0.999990	-0.017621	
116	1.000031	-0.000014	-0.156500	0.000014	1.000031	-0.016132	
117	1.000004	0.000038	-0.075534	-0.000038	1.000004	0.017048	
118	0.999972	0.000032	-0.037712	-0.000032	0.999972	-0.002012	
119	0.999988	0.000024	-0.020636	-0.000024	0.999988	-0.005355	
120	1.000008	0.000049	-0.058531	-0.000049	1.000008	-0.002654	
121	0.999977	0.000019	-0.064864	-0.000019	0.999977	0.010075	
122	0.999958	0.000023	-0.017011	-0.000023	0.999958	-0.004918	
123	1.000000	0.000008	-0.014555	-0.000008	1.000000	0.005758	
124	1.000001	0.000002	-0.028439	-0.000002	1.000001	-0.018210	
125	1.000042	-0.000010	-0.090143	0.000010	1.000042	-0.026468	
126	0.999979	0.000003	-0.012188	-0.000003	0.999979	0.000739	
127	1.000040	-0.000004	-0.036431	0.000004	1.000040	0.003455	
128	1.000017	-0.000019	-0.071673	0.000019	1.000017	-0.012451	
129	1.000028	-0.000019	-0.115938	0.000019	1.000028	-0.016669	
130	1.000033	-0.000014	-0.072032	0.000014	1.000033	-0.016967	
131	1.000011	0.000032	-0.031739	-0.000032	1.000011	0.020165	
132	1.000061	0.000017	-0.037422	-0.000017	1.000061	-0.005095	
133	1.000100	0.000017	-0.057707	-0.000017	1.000100	-0.009220	
134	1.000069	0.000017	-0.041553	-0.000017	1.000069	-0.011393	
135	1.000115	0.000002	-0.061598	-0.000002	1.000115	-0.028401	
136	1.000012	0.000035	-0.008591	-0.000035	1.000012	0.001607	
137	1.000096	-0.000016	-0.067586	0.000016	1.000096	-0.030840	
138	1.000114	0.000025	-0.073493	-0.000025	1.000114	-0.004027	
139	1.000095	0.000014	-0.063331	-0.000014	1.000095	-0.004835	
140	1.000125	0.000001	-0.077002	-0.000001	1.000125	-0.012177	
141	1.000014	-0.000025	-0.018835	0.000025	1.000014	-0.023352	
142	1.000141	-0.000042	-0.093969	0.000042	1.000141	-0.050050	
143	1.000137	-0.000023	-0.084198	0.000023	1.000137	-0.039477	
144	1.000118	-0.000020	-0.077754	0.000020	1.000118	-0.034145	
145	1.000115	-0.000007	-0.066513	0.000007	1.000115	-0.030886	
146	1.000082	-0.000049	-0.058002	0.000049	1.000082	-0.057079	
147	1.000043	-0.000018	-0.027194	0.000018	1.000043	-0.022250	
148	1.000116	-0.000031	-0.069537	0.000031	1.000116	-0.036367	
149	1.000107	-0.000018	-0.061097	0.000018	1.000107	-0.022325	
150	1.000074	-0.000003	-0.043436	0.000003	1.000074	-0.007600	
151	1.000087	-0.000016	-0.053727	0.000016	1.000087	-0.016189	
152	1.000149	-0.000033	-0.082944	0.000033	1.000149	-0.033221	
153	1.000156	-0.000042	-0.090203	0.000042	1.000156	-0.040880	
154	1.000117	-0.000047	-0.073160	0.000047	1.000117	-0.035680	
155	1.000103	-0.000066	-0.062301	0.000066	1.000103	-0.048302	
156	1.000074	-0.000096	-0.064610	0.000096	1.000074	-0.067074	
157	1.000027	-0.000059	-0.030199	0.000059	1.000027	-0.041632	
158	1.000031	-0.000063	-0.029774	0.000063	1.000031	-0.047298	
159	1.000004	-0.000070	-0.017222	0.000070	1.000004	-0.050316	
160	1.000009	-0.000047	-0.017881	0.000047	1.000009	-0.034950	
161	0.999981	-0.000060	0.002508	0.000060	0.999981	-0.037377	
162	0.999958	-0.000077	0.014234	0.000077	0.999958	-0.038338	
163	0.999961	-0.000067	0.008729	0.000067	0.999961	-0.031447	
164	0.999951	-0.000091	0.007912	0.000091	0.999951	-0.043640	
165	0.999946	-0.000103	0.009887	0.000103	0.999946	-0.050209	
166	1.000005	-0.000072	-0.023815	0.000072	1.000005	-0.047454	
167	0.999952	-0.000092	-0.001198	0.000092	0.999952	-0.056102	
168	0.999957	-0.000078	-0.005162	0.000078	0.999957	-0.052770	
169	0.999948	-0.000080	0.006816	0.000080	0.999948	-0.051033	
170	0.999954	-0.000086	0.002592	0.000086	0.999954	-0.052948	
171	1.000049	-0.000091	-0.059626	0.000091	1.000049	-0.069030	
172	0.999939	-0.000085	0.007406	0.000085	0.999939	-0.040680	
173	0.999975	-0.000048	-0.005239	0.000048	0.999975	-0.022384	
174	0.999971	-0.000051	-0.015760	0.000051	0.999971	-0.023050	
175	0.999981	-0.000058	-0.006220	0.000058	0.999981	-0.027666	
176	1.000044	-0.000057	-0.055418	0.000057	1.000044	-0.035028	
177	0.999954	-0.000113	-0.006520	0.000113	0.999954	-0.048660	
178	0.999962	-0.000107	0.000855	0.000107	0.999962	-0.048922	
179	0.999999	-0.000098	-0.014940	0.000098	0.999999	-0.046249	
180	1.000028	-0.000099	-0.032482	0.000099	1.000028	-0.053013	
181	1.000041	-0.000034	-0.035463	0.000034	1.000041	-0.024395	
182	1.000038	-0.000061	-0.043788	0.000061	1.000038	-0.041053	
183	1.000016	-0.000033	-0.033953	0.000033	1.000016	-0.016108	
184	1.000017	-0.000048	-0.037573	0.000048	1.000017	-0.023396	
185	1.000074	-0.000008	-0.071224	0.000008	1.000074	-0.006425	
186	1.000037	0.000005	-0.030422	-0.000005	1.000037	0.004195	
187	1.000084	-0.000029	-0.075231	0.000029	1.000084	-0.025084	
188	1.000047	-0.000026	-0.049460	0.000026	1.000047	-0.015664	
189	1.000033	-0.000017	-0.034992	0.000017	1.000033	-0.006708	
190	1.000001	-0.000056	-0.017808	0.000056	1.000001	-0.031774	
191	1.000042	-0.000002	-0.012794	0.000002	1.000042	-0.003329	
192	1.000021	-0.000037	-0.014466	0.000037	1.000021	-0.025754	
193	1.000062	-0.000048	-0.049675	0.000048	1.000062	-0.039237	
194	1.000022	-0.000067	-0.037981	0.000067	1.000022	-0.049132	
195	1.000075	-0.000053	-0.069725	0.000053	1.000075	-0.034551	
196	1.000146	0.000016	-0.105012	-0.000016	1.000146	-0.007228	
197	1.000082	0.000006	-0.087067	-0.000006	1.000082	0.005763	
198	1.000052	-0.000029	-0.061149	0.000029	1.000052	-0.018338	
199	1.000110	-0.000003	-0.101401	0.000003	1.000110	-0.009150	
200	1.000062	0.000002	0.039774	-0.000002	1.000062	-0.010720	
201	1.000036	0.000010	-0.007830	-0.000010	1.000036	-0.001450	
202	0.999989	-0.000077	0.048196	0.000077	0.999989	-0.062787	
203	1.000016	-0.000065	0.117814	0.000065	1.000016	-0.063374	
204	1.000018	-0.000059	0.043379	0.000059	1.000018	-0.060560	
205	0.999987	-0.000068	0.202780	0.000068	0.999987	-0.080742	
206	1.000025	-0.000063	0.384359	0.000063	1.000025	-0.100830	
207	1.000016	-0.000018	0.433535	0.000018	1.000016	-0.046796	
208	1.000015	-0.000014	0.548323	0.000014	1.000015	-0.044152	
209	1.000013	0.000071	0.642333	-0.000071	1.000013	0.054688	
210	1.000005	0.000068	0.842718	-0.000068	1.000005	0.059273	
211	0.999887	0.000173	2.519580	-0.000173	0.999887	0.148244	
212	0.999867	0.000184	1.501184	-0.000184	0.999867	0.176738	
213	0.999996	0.000160	1.594419	-0.000160	0.999996	0.117706	
214	0.999936	0.000180	1.816077	-0.000180	0.999936	0.148190	
215	0.999875	0.000125	1.934028	-0.000125	0.999875	0.135786	
216	0.999851	0.000501	3.818620	-0.000501	0.999851	0.376019	
217	0.999941	0.000130	1.881917	-0.000130	0.999941	0.138901	
218	0.999942	0.000155	1.854995	-0.000155	0.999942	0.139407	
219	1.000003	0.000221	1.556832	-0.000221	1.000003	0.174158	
220	0.999990	0.000133	1.425154	-0.000133	0.999990	0.093093	
221	1.000000	0.000204	2.493333	-0.000204	1.000000	0.132603	
222	0.999888	0.000219	1.108359	-0.000219	0.999888	0.159305	
223	0.999913	0.000119	1.009418	-0.000119	0.999913	0.073551	
224	0.999937	0.000136	0.967318	-0.000136	0.999937	0.100545	
225	0.999959	-0.000085	0.882699	0.000085	0.999959	-0.059881	
226	0.999985	0.000129	1.386985	-0.000129	0.999985	0.109745	
227	0.999947	0.000101	0.726218	-0.000101	0.999947	0.081556	
228	0.999935	0.000119	0.608641	-0.000119	0.999935	0.092279	
229	0.999946	0.000050	0.558657	-0.000050	0.999946	0.041728	
230	0.999950	0.000034	0.534332	-0.000034	0.999950	0.032747	
231	0.999965	0.000150	0.776233	-0.000150	0.999965	0.096379	
232	1.000010	0.000007	0.256201	-0.000007	1.000010	0.047790	
233	1.000002	0.000087	0.310782	-0.000087	1.000002	0.082221	
234	0.999985	0.000099	0.252419	-0.000099	0.999985	0.078317	
235	1.000000	0.000033	0.170211	-0.000033	1.000000	0.019451	
236	0.999971	0.000067	0.314442	-0.000067	0.999971	0.025989	
237	0.999918	0.000011	0.094142	-0.000011	0.999918	0.004868	
238	0.999906	0.000018	0.134796	-0.000018	0.999906	0.013222	
239	0.999920	0.000016	0.111045	-0.000016	0.999920	0.007926	
240	0.999901	0.000027	0.115204	-0.000027	0.999901	0.003053	
241	0.999899	0.000003	0.132668	-0.000003	0.999899	-0.015790	
242	0.999941	0.000076	0.067060	-0.000076	0.999941	0.029561	
243	0.999955	0.000079	0.063589	-0.000079	0.999955	0.031038	
244	0.999955	0.000106	0.055436	-0.000106	0.999955	0.052449	
245	0.999947	0.000107	0.067723	-0.000107	0.999947	0.051710	
246	0.999948	0.000050	0.051697	-0.000050	0.999948	0.003926	
247	0.999992	0.000036	0.020062	-0.000036	0.999992	0.007726	
248	0.999977	0.000004	0.029389	-0.000004	0.999977	-0.022917	
249	0.999958	0.000015	0.047114	-0.000015	0.999958	-0.025683	
250	0.999961	-0.000042	0.060198	0.000042	0.999961	-0.075660	
251	0.999908	0.000012	0.080072	-0.000012	0.999908	-0.025402	
252	0.999956	0.000007	0.027878	-0.000007	0.999956	-0.008679	
253	0.999945	0.000026	0.030666	-0.000026	0.999945	0.007607	
254	0.999924	0.000018	0.040882	-0.000018	0.999924	0.008885	
255	0.999922	0.000040	0.036283	-0.000040	0.999922	0.026154	
256	0.999904	0.000088	0.044035	-0.000088	0.999904	0.060607	
257	0.999954	0.000094	0.016415	-0.000094	0.999954	0.062625	
258	0.999958	0.000053	0.023176	-0.000053	0.999958	0.025803	
259	0.999969	0.000038	0.008092	-0.000038	0.999969	0.017057	
260	0.999955	0.000026	0.015868	-0.000026	0.999955	0.003704	
261	0.999952	0.000012	0.000087	-0.000012	0.999952	-0.005833	
262	0.999971	0.000009	-0.007815	-0.000009	0.999971	-0.000206	
263	0.999969	0.000005	-0.003668	-0.000005	0.999969	0.013536	
264	0.999973	-0.000036	0.003496	0.000036	0.999973	-0.009067	
265	0.999984	-0.000042	-0.006115	0.000042	0.999984	-0.026226	
266	0.999971	-0.000046	-0.024129	0.000046	0.999971	-0.026395	
267	0.999957	-0.000040	-0.001827	0.000040	0.999957	-0.015364	
268	0.999993	-0.000014	-0.040194	0.000014	0.999993	0.020989	
269	0.999996	0.000010	0.027044	-0.000010	0.999996	-0.027636	
