0	1.000000	0.000000	0.000000	0.000000	1.000000	0.000000	
1	1.001716	-0.001695	6.563688	0.001695	1.001716	-2.026470	
2	1.002501	-0.001975	6.064863	0.001975	1.002501	-2.471041	
3	1.001020	-0.001811	16.269374	0.001811	1.001020	-2.162068	
4	1.002904	-0.004139	3.975600	0.004139	1.002904	-3.965964	
5	1.003989	-0.002923	4.922466	0.002923	1.003989	-3.079457	
6	1.003521	-0.002403	5.570679	0.002403	1.003521	-2.552448	
7	1.005463	-0.004243	3.668577	0.004243	1.005463	-4.788075	
8	1.001278	-0.001947	15.319258	0.001947	1.001278	-2.272870	
9	1.001661	-0.001407	6.179443	0.001407	1.001661	-1.871780	
10	1.003827	-0.004430	3.163809	0.004430	1.003827	-4.944601	
11	1.002380	-0.003736	3.629471	0.003736	1.002380	-3.964247	
12	1.002163	-0.002404	5.239173	0.002404	1.002163	-2.707474	
13	1.000522	-0.001830	13.508114	0.001830	1.000522	-2.553450	
14	1.000617	-0.002253	4.893866	0.002253	1.000617	-2.200456	
15	1.002105	-0.001758	4.524128	0.001758	1.002105	-2.359833	
16	1.001823	-0.002000	4.483566	0.002000	1.001823	-2.472255	
17	1.001258	-0.002415	4.553714	0.002415	1.001258	-2.684075	
18	1.007590	-0.003293	5.169242	0.003293	1.007590	-6.036793	
19	1.001752	-0.002364	3.326561	0.002364	1.001752	-2.858442	
20	0.998557	-0.002385	4.891118	0.002385	0.998557	-1.383524	
21	1.001081	-0.001298	3.767724	0.001298	1.001081	-1.711908	
22	1.000694	-0.001672	3.711531	0.001672	1.000694	-1.850752	
23	0.999567	-0.001382	10.897484	0.001382	0.999567	-2.122459	
24	0.999647	-0.001646	4.250990	0.001646	0.999647	-1.543394	
25	0.999979	-0.001740	3.840287	0.001740	0.999979	-1.678667	
26	1.000382	-0.001980	3.736453	0.001980	1.000382	-1.868694	
27	0.999339	-0.001428	4.209203	0.001428	0.999339	-1.048275	
28	1.003481	-0.003477	5.032636	0.003477	1.003481	-4.019624	
29	0.999619	-0.001498	3.706373	0.001498	0.999619	-1.106973	
30	0.999187	-0.001551	3.950170	0.001551	0.999187	-0.983702	
31	0.999344	-0.001390	3.784817	0.001390	0.999344	-0.886993	
32	0.999158	-0.001426	3.735330	0.001426	0.999158	-0.816998	
33	0.997054	-0.001028	9.488272	0.001028	0.997054	0.106439	
34	0.998994	-0.001233	3.628122	0.001233	0.998994	-0.388694	
35	0.998688	-0.001170	3.638911	0.001170	0.998688	-0.192810	
36	0.998782	-0.001276	3.626923	0.001276	0.998782	-0.326403	
37	0.998907	-0.001269	3.521544	0.001269	0.998907	-0.319903	
38	0.997383	-0.002000	7.838414	0.002000	0.997383	-0.300694	
39	0.999273	-0.001108	2.992509	0.001108	0.999273	-0.371251	
40	0.998796	-0.001113	3.242526	0.001113	0.998796	-0.208112	
41	0.998972	-0.000889	2.930160	0.000889	0.998972	-0.058868	
42	0.998965	-0.000897	2.958671	0.000897	0.998965	-0.062421	
43	0.997728	-0.001668	6.060221	0.001668	0.997728	-0.067792	
44	0.998886	-0.000856	2.813436	0.000856	0.998886	-0.113763	
45	0.998890	-0.000820	2.606009	0.000820	0.998890	-0.061832	
46	0.998903	-0.000757	2.628077	0.000757	0.998903	-0.018365	
47	0.998645	-0.000701	2.695911	0.000701	0.998645	0.179694	
48	0.997695	-0.001349	5.181051	0.001349	0.997695	0.152606	
49	0.998595	-0.000719	2.587199	0.000719	0.998595	0.215274	
50	0.998768	-0.000708	2.492601	0.000708	0.998768	0.155517	
51	0.998949	-0.000753	2.423841	0.000753	0.998949	0.095399	
52	0.999079	-0.000741	2.304675	0.000741	0.999079	0.047677	
53	0.998046	-0.001396	4.838060	0.001396	0.998046	0.138677	
54	0.999023	-0.000726	2.461496	0.000726	0.999023	0.012965	
55	0.998919	-0.000705	2.545400	0.000705	0.998919	0.018253	
56	0.998730	-0.000731	2.741923	0.000731	0.998730	0.092258	
57	0.998630	-0.000703	2.871896	0.000703	0.998630	0.112155	
58	0.997305	-0.001139	6.116720	0.001139	0.997305	0.375139	
59	0.999020	-0.000885	2.704716	0.000885	0.999020	-0.162143	
60	0.999056	-0.000863	2.742995	0.000863	0.999056	-0.162303	
61	0.999340	-0.000880	2.524875	0.000880	0.999340	-0.290147	
62	0.999491	-0.000825	2.324462	0.000825	0.999491	-0.267517	
63	1.000379	-0.001555	3.815266	0.001555	1.000379	-1.043866	
64	1.000155	-0.000820	1.917466	0.000820	1.000155	-0.543568	
65	1.000160	-0.000792	1.894587	0.000792	1.000160	-0.568556	
66	1.000177	-0.000775	1.815241	0.000775	1.000177	-0.563841	
67	1.000154	-0.000745	1.839975	0.000745	1.000154	-0.489086	
68	1.000143	-0.000689	1.655867	0.000689	1.000143	-0.429776	
69	1.000291	-0.001324	3.377819	0.001324	1.000291	-0.772565	
70	1.000077	-0.000658	1.579941	0.000658	1.000077	-0.345727	
71	1.000066	-0.000683	1.608352	0.000683	1.000066	-0.330348	
72	1.000040	-0.000656	1.516799	0.000656	1.000040	-0.326041	
73	1.000038	-0.000627	1.346788	0.000627	1.000038	-0.333065	
74	1.000186	-0.001076	2.795919	0.001076	1.000186	-0.598597	
75	0.999952	-0.000614	1.515029	0.000614	0.999952	-0.316336	
76	1.000020	-0.000546	1.255497	0.000546	1.000020	-0.298500	
77	1.000003	-0.000592	1.399950	0.000592	1.000003	-0.337656	
78	1.000004	-0.000518	1.300568	0.000518	1.000004	-0.267642	
79	0.999984	-0.001013	2.796259	0.001013	0.999984	-0.495919	
80	0.999992	-0.000542	1.289637	0.000542	0.999992	-0.330551	
81	0.999956	-0.000526	1.341443	0.000526	0.999956	-0.322600	
82	0.999923	-0.000528	1.323869	0.000528	0.999923	-0.357206	
83	0.999930	-0.000491	1.324693	0.000491	0.999930	-0.304114	
84	0.999819	-0.001089	2.589136	0.001089	0.999819	-0.535223	
85	0.999973	-0.000537	1.128611	0.000537	0.999973	-0.343035	
86	1.000050	-0.000517	1.131608	0.000517	1.000050	-0.355949	
87	1.000031	-0.000485	0.997104	0.000485	1.000031	-0.367076	
88	1.000059	-0.000467	1.096364	0.000467	1.000059	-0.342364	
89	1.000164	-0.000913	2.241414	0.000913	1.000164	-0.652461	
90	1.000140	-0.000486	0.972178	0.000486	1.000140	-0.362455	
91	1.000146	-0.000526	1.035057	0.000526	1.000146	-0.384779	
92	1.000089	-0.000502	1.048490	0.000502	1.000089	-0.350183	
93	1.000059	-0.000523	1.132772	0.000523	1.000059	-0.304024	
94	1.000266	-0.001124	2.568776	0.001124	1.000266	-0.790674	
95	1.000092	-0.000652	1.357523	0.000652	1.000092	-0.575053	
96	1.000143	-0.000664	1.306839	0.000664	1.000143	-0.622566	
97	1.000112	-0.000604	1.285213	0.000604	1.000112	-0.422824	
98	1.000031	-0.000605	1.400797	0.000605	1.000031	-0.273850	
99	1.000203	-0.001146	2.750010	0.001146	1.000203	-0.669513	
100	1.000081	-0.000540	1.089837	0.000540	1.000081	-0.438770	
101	1.000076	-0.000468	1.058721	0.000468	1.000076	-0.334424	
102	1.000072	-0.000528	1.083204	0.000528	1.000072	-0.287966	
103	1.000049	-0.000451	0.901950	0.000451	1.000049	-0.221628	
104	1.000017	-0.000729	2.034671	0.000729	1.000017	-0.443740	
105	1.000060	-0.000432	0.834649	0.000432	1.000060	-0.362557	
106	1.000038	-0.000437	0.712840	0.000437	1.000038	-0.323852	
107	1.000084	-0.000364	0.591536	0.000364	1.000084	-0.185873	
108	1.000046	-0.000354	0.606032	0.000354	1.000046	-0.083500	
109	1.000194	-0.000417	0.547899	0.000417	1.000194	-0.258341	
110	1.000186	-0.000233	-0.038446	0.000233	1.000186	-0.283660	
111	1.000189	-0.000157	-0.248105	0.000157	1.000189	-0.332225	
112	1.000162	-0.000127	-0.211634	0.000127	1.000162	-0.348254	
113	1.000147	-0.000108	-0.166310	0.000108	1.000147	-0.335231	
114	1.000277	-0.000195	-0.258000	0.000195	1.000277	-0.631361	
115	1.000187	-0.000105	-0.255928	0.000105	1.000187	-0.417516	
116	1.000198	-0.000095	-0.243569	0.000095	1.000198	-0.348186	
117	1.000177	-0.000089	-0.192072	0.000089	1.000177	-0.249416	
118	1.000174	-0.000114	-0.201338	0.000114	1.000174	-0.157910	
119	1.000249	-0.000163	-0.250754	0.000163	1.000249	-0.053988	
120	1.000211	-0.000079	-0.211594	0.000079	1.000211	-0.096341	
121	1.000311	-0.000074	-0.318560	0.000074	1.000311	-0.208927	
122	1.000373	-0.000070	-0.343133	0.000070	1.000373	-0.246241	
123	1.000480	-0.000069	-0.455398	0.000069	1.000480	-0.261592	
124	1.000851	-0.000111	-0.749367	0.000111	1.000851	-0.238715	
125	1.000459	-0.000055	-0.389025	0.000055	1.000459	-0.038021	
126	1.000492	-0.000101	-0.344805	0.000101	1.000492	-0.101671	
127	1.000386	-0.000062	-0.296784	0.000062	1.000386	-0.070189	
128	1.000339	-0.000029	-0.364243	0.000029	1.000339	-0.096130	
129	1.000663	-0.000039	-0.650802	0.000039	1.000663	-0.121788	
130	1.000630	-0.000002	-0.534336	0.000002	1.000630	0.018555	
131	1.000732	-0.000001	-0.618599	0.000001	1.000732	-0.010237	
132	1.000692	0.000034	-0.610805	-0.000034	1.000692	-0.099674	
133	1.000718	0.000031	-0.523934	-0.000031	1.000718	-0.321419	
134	1.002039	-0.000173	-1.585399	0.000173	1.002039	-1.146381	
135	1.001236	0.000011	-0.926697	-0.000011	1.001236	-0.529676	
136	1.001326	-0.000006	-1.015247	0.000006	1.001326	-0.486795	
137	1.001482	0.000012	-1.149051	-0.000012	1.001482	-0.472851	
138	1.001530	-0.000023	-1.152316	0.000023	1.001530	-0.533569	
139	1.003420	-0.000049	-2.367148	0.000049	1.003420	-1.312719	
140	1.002201	-0.000006	-1.552939	0.000006	1.002201	-1.049936	
141	1.001747	-0.000067	-1.154626	0.000067	1.001747	-0.910216	
142	1.002050	-0.000054	-1.397302	0.000054	1.002050	-1.021591	
143	1.002027	-0.000039	-1.348269	0.000039	1.002027	-0.984794	
144	1.003794	-0.000012	-2.437991	0.000012	1.003794	-1.587642	
145	1.002129	-0.000032	-1.435472	0.000032	1.002129	-0.799436	
146	1.001917	0.000009	-1.359618	-0.000009	1.001917	-0.642098	
147	1.001997	0.000030	-1.410518	-0.000030	1.001997	-0.743682	
148	1.001974	0.000067	-1.350044	-0.000067	1.001974	-0.817097	
149	1.003834	0.000142	-2.762953	-0.000142	1.003834	-1.448626	
150	1.002145	0.000077	-1.406168	-0.000077	1.002145	-0.756620	
151	1.002189	0.000060	-1.658886	-0.000060	1.002189	-0.757197	
152	1.001940	0.000069	-1.410287	-0.000069	1.001940	-0.662202	
153	1.001839	0.000013	-1.274663	-0.000013	1.001839	-0.635663	
154	1.003804	-0.000120	-2.450803	0.000120	1.003804	-1.281414	
155	1.002118	0.000007	-1.550926	-0.000007	1.002118	-0.699382	
156	1.002110	-0.000010	-1.348600	0.000010	1.002110	-0.657947	
157	1.001845	0.000006	-1.179977	-0.000006	1.001845	-0.498318	
158	1.001716	-0.000046	-0.985502	0.000046	1.001716	-0.478385	
159	1.003113	-0.000197	-1.714764	0.000197	1.003113	-1.139702	
160	1.001445	-0.000109	-0.741731	0.000109	1.001445	-0.686778	
161	1.001504	-0.000126	-0.768922	0.000126	1.001504	-0.737457	
162	1.001567	-0.000151	-0.806509	0.000151	1.001567	-0.777155	
163	1.001470	-0.000133	-0.739238	0.000133	1.001470	-0.700197	
164	1.002793	-0.000247	-1.189702	0.000247	1.002793	-1.164939	
165	1.000899	-0.000143	-0.358608	0.000143	1.000899	-0.348582	
166	1.000768	-0.000151	-0.199454	0.000151	1.000768	-0.249839	
167	1.000706	-0.000161	-0.142174	0.000161	1.000706	-0.177616	
168	1.000467	-0.000169	-0.000462	0.000169	1.000467	-0.062168	
169	1.000546	-0.000355	0.419147	0.000355	1.000546	0.005528	
170	1.000335	-0.000268	0.229482	0.000268	1.000335	-0.102496	
171	1.000456	-0.000290	0.288096	0.000290	1.000456	-0.144397	
172	1.000400	-0.000305	0.320169	0.000305	1.000400	-0.166910	
173	1.000420	-0.000341	0.421669	0.000341	1.000420	-0.192025	
174	1.000599	-0.000701	1.530096	0.000701	1.000599	-0.372313	
175	1.000255	-0.000413	0.822386	0.000413	1.000255	-0.171648	
176	1.000332	-0.000423	0.843388	0.000423	1.000332	-0.181210	
177	1.000322	-0.000440	0.930437	0.000440	1.000322	-0.215636	
178	1.000234	-0.000437	1.170420	0.000437	1.000234	-0.138892	
179	1.000874	-0.000976	2.219361	0.000976	1.000874	-0.468088	
180	1.000234	-0.000434	1.228717	0.000434	1.000234	-0.085838	
181	1.000241	-0.000471	1.338292	0.000471	1.000241	-0.114792	
182	1.000257	-0.000471	1.275527	0.000471	1.000257	-0.188992	
183	1.000309	-0.000492	1.298346	0.000492	1.000309	-0.262811	
184	1.000321	-0.001053	3.035099	0.001053	1.000321	-0.537347	
185	1.000203	-0.000602	1.559102	0.000602	1.000203	-0.345711	
186	1.000204	-0.000606	1.592177	0.000606	1.000204	-0.320082	
187	1.000342	-0.000622	1.454291	0.000622	1.000342	-0.361956	
188	0.999949	-0.000655	1.729091	0.000655	0.999949	-0.237161	
189	1.000473	-0.001271	3.076417	0.001271	1.000473	-0.656615	
190	1.000177	-0.000672	1.462007	0.000672	1.000177	-0.362320	
191	1.000132	-0.000658	1.488140	0.000658	1.000132	-0.307827	
192	1.000144	-0.000627	1.445495	0.000627	1.000144	-0.284083	
193	1.000185	-0.000578	1.317764	0.000578	1.000185	-0.232630	
194	1.000774	-0.001110	2.082767	0.001110	1.000774	-0.526914	
195	1.000166	-0.000501	1.182526	0.000501	1.000166	-0.111024	
196	1.000113	-0.000481	1.189329	0.000481	1.000113	-0.127137	
197	1.000049	-0.000467	1.249771	0.000467	1.000049	-0.131309	
198	0.999938	-0.000479	1.309601	0.000479	0.999938	-0.108754	
199	1.000401	-0.000890	2.182013	0.000890	1.000401	-0.340491	
200	1.000091	-0.000346	1.079966	0.000346	1.000091	-0.076289	
201	1.000011	-0.000224	0.969918	0.000224	1.000011	0.021551	
202	1.000067	-0.000114	0.937814	0.000114	1.000067	0.018764	
203	1.000085	-0.000118	0.677363	0.000118	1.000085	0.085708	
204	1.000557	-0.000783	1.154341	0.000783	1.000557	-0.356010	
205	0.999962	-0.000330	0.795733	0.000330	0.999962	-0.039411	
206	0.999957	-0.000411	0.703125	0.000411	0.999957	-0.140209	
207	0.999930	-0.000369	0.700351	0.000369	0.999930	-0.092644	
208	1.000033	-0.000356	0.558624	0.000356	1.000033	-0.121715	
209	1.000084	-0.000625	0.870211	0.000625	1.000084	-0.261848	
210	1.000066	-0.000266	0.338802	0.000266	1.000066	-0.158173	
211	1.000076	-0.000284	0.304247	0.000284	1.000076	-0.198949	
212	0.999967	-0.000284	0.474907	0.000284	0.999967	-0.131727	
213	1.000247	-0.000276	0.241275	0.000276	1.000247	-0.332066	
214	1.001205	-0.000451	-0.323164	0.000451	1.001205	-0.897091	
215	1.000534	-0.000230	-0.142020	0.000230	1.000534	-0.360965	
216	1.000298	-0.000102	-0.054040	0.000102	1.000298	-0.172194	
217	1.000194	-0.000027	-0.066904	0.000027	1.000194	-0.058267	
218	1.000444	-0.000108	-0.187428	0.000108	1.000444	-0.220186	
219	1.000956	-0.000248	-0.430031	0.000248	1.000956	-0.532447	
220	1.000701	-0.000133	-0.319299	0.000133	1.000701	-0.375460	
221	1.000819	-0.000098	-0.453259	0.000098	1.000819	-0.438635	
222	1.001054	-0.000164	-0.619227	0.000164	1.001054	-0.545433	
223	1.000836	-0.000150	-0.471795	0.000150	1.000836	-0.414258	
224	1.001537	-0.000042	-1.007210	0.000042	1.001537	-0.652221	
225	1.000758	0.000016	-0.483674	-0.000016	1.000758	-0.284742	
226	1.000796	0.000002	-0.582045	-0.000002	1.000796	-0.354382	
227	1.001047	0.000048	-0.820944	-0.000048	1.001047	-0.444043	
228	1.001418	-0.000005	-1.015897	0.000005	1.001418	-0.672455	
229	1.002257	-0.000038	-1.646690	0.000038	1.002257	-1.272286	
230	1.001298	-0.000037	-1.065628	0.000037	1.001298	-0.841224	
231	1.001256	-0.000032	-1.009398	0.000032	1.001256	-0.901707	
232	1.001055	-0.000024	-0.913015	0.000024	1.001055	-0.947759	
233	1.000516	-0.000040	-0.494619	0.000040	1.000516	-0.810656	
234	1.000392	0.000013	-0.446799	-0.000013	1.000392	-0.722580	
235	1.000252	-0.000198	-0.491012	0.000198	1.000252	-1.133215	
236	1.000011	-0.000116	-0.230846	0.000116	1.000011	-0.275478	
237	1.000045	-0.000148	-0.220724	0.000148	1.000045	-0.253624	
238	1.000120	-0.000167	-0.438612	0.000167	1.000120	-0.321310	
239	1.000085	-0.000147	-0.297622	0.000147	1.000085	-0.350474	
240	0.999177	-0.000168	0.375151	0.000168	0.999177	-0.569877	
241	0.998770	-0.000201	0.713793	0.000201	0.998770	-0.201002	
242	0.998976	-0.000202	0.632585	0.000202	0.998976	-0.314867	
243	0.998669	-0.000213	0.795035	0.000213	0.998669	-0.188182	
244	0.998437	-0.000187	0.950216	0.000187	0.998437	0.004511	
245	0.996732	-0.000283	2.245544	0.000283	0.996732	0.436326	
246	0.998536	-0.000143	1.000911	0.000143	0.998536	0.168464	
247	0.998581	-0.000156	0.933400	0.000156	0.998581	0.050570	
248	0.998493	-0.000131	0.988738	0.000131	0.998493	0.047952	
249	0.998145	-0.000111	1.272382	0.000111	0.998145	0.083681	
250	0.996902	-0.000159	2.105831	0.000159	0.996902	-0.173005	
251	0.998134	-0.000174	1.364591	0.000174	0.998134	-0.169646	
252	0.998074	-0.000147	1.351115	0.000147	0.998074	-0.119086	
253	0.998002	-0.000203	1.504401	0.000203	0.998002	-0.159414	
254	0.998061	-0.000292	1.507429	0.000292	0.998061	-0.201778	
255	0.995642	-0.000806	4.062156	0.000806	0.995642	-0.187883	
256	0.997682	-0.000413	2.100021	0.000413	0.997682	0.052045	
257	0.997535	-0.000576	2.410560	0.000576	0.997535	-0.040368	
258	0.997443	-0.000551	2.527702	0.000551	0.997443	0.073551	
259	0.997410	-0.000674	2.837002	0.000674	0.997410	-0.021836	
260	0.993968	-0.001533	6.963997	0.001533	0.993968	0.067823	
261	0.997395	-0.000748	3.090415	0.000748	0.997395	0.061626	
262	0.997322	-0.000795	3.239370	0.000795	0.997322	0.005856	
263	0.997456	-0.000762	3.064415	0.000762	0.997456	0.020900	
264	0.997424	-0.000763	3.127023	0.000763	0.997424	-0.016557	
265	0.995737	-0.001352	5.251820	0.001352	0.995737	-0.082778	
266	0.997185	-0.000686	3.066356	0.000686	0.997185	0.306158	
267	0.997131	-0.000695	3.062727	0.000695	0.997131	0.454455	
268	0.997301	-0.000585	2.788186	0.000585	0.997301	0.580506	
269	0.997170	-0.000541	2.861218	0.000541	0.997170	0.684059	
270	0.994936	-0.000748	4.850031	0.000748	0.994936	1.495021	
271	0.998012	-0.000207	1.672028	0.000207	0.998012	0.699980	
272	0.998268	-0.000144	1.383310	0.000144	0.998268	0.666288	
273	0.998429	-0.000043	1.068165	0.000043	0.998429	0.722709	
274	0.999208	0.000037	0.402327	-0.000037	0.999208	0.445469	
275	0.999733	0.000199	-0.182103	-0.000199	0.999733	0.423360	
276	0.999868	0.000067	-0.077938	-0.000067	0.999868	0.155765	
277	0.999878	0.000046	-0.021714	-0.000046	0.999878	0.110241	
278	0.999908	0.000063	-0.059156	-0.000063	0.999908	0.101428	
279	0.999902	0.000085	-0.058624	-0.000085	0.999902	0.122139	
280	0.999857	0.000157	-0.108203	-0.000157	0.999857	0.217969	
281	0.999972	0.000032	-0.064907	-0.000032	0.999972	0.067574	
282	1.000012	0.000060	-0.147418	-0.000060	1.000012	0.075155	
283	1.000038	0.000051	-0.171584	-0.000051	1.000038	0.064055	
284	1.000053	0.000042	-0.210634	-0.000042	1.000053	0.064486	
285	1.000116	-0.000011	-0.329882	0.000011	1.000116	0.019581	
286	1.000073	-0.000005	-0.178141	0.000005	1.000073	-0.023289	
287	1.000065	-0.000028	-0.133348	0.000028	1.000065	-0.041478	
288	1.000044	-0.000055	-0.065458	0.000055	1.000044	-0.071728	
289	1.000038	-0.000064	-0.043243	0.000064	1.000038	-0.067141	
290	0.999893	-0.000067	0.024311	0.000067	0.999893	0.045167	
291	0.999896	-0.000032	0.065779	0.000032	0.999896	0.082897	
292	0.999959	-0.000019	0.021804	0.000019	0.999959	0.083314	
293	0.999966	-0.000014	0.003801	0.000014	0.999966	0.081825	
294	0.999962	-0.000015	0.006699	0.000015	0.999962	0.066376	
295	0.999929	-0.000048	0.031785	0.000048	0.999929	0.057228	
296	0.999981	-0.000037	0.020340	0.000037	0.999981	-0.005561	
297	1.000032	-0.000022	-0.038537	0.000022	1.000032	0.006119	
298	1.000037	-0.000006	-0.048882	0.000006	1.000037	0.045859	
299	1.000104	-0.000018	-0.121739	0.000018	1.000104	0.025483	
300	1.000213	-0.000066	-0.213445	0.000066	1.000213	-0.015680	
301	1.000272	0.000016	-0.227066	-0.000016	1.000272	-0.041874	
302	1.000327	0.000034	-0.284171	-0.000034	1.000327	-0.052297	
303	1.000436	-0.000015	-0.306303	0.000015	1.000436	-0.147457	
304	1.000489	0.000019	-0.349687	-0.000019	1.000489	-0.133346	
305	1.001874	-0.000012	-1.057134	0.000012	1.001874	-0.647116	
306	1.001313	-0.000049	-0.724177	0.000049	1.001313	-0.445040	
307	1.001440	-0.000118	-0.676630	0.000118	1.001440	-0.529007	
308	1.002097	-0.000195	-0.954955	0.000195	1.002097	-0.843133	
309	1.001986	-0.000278	-0.743149	0.000278	1.001986	-0.807851	
310	1.003563	-0.000711	-0.798564	0.000711	1.003563	-1.445777	
311	1.002080	-0.000492	-0.383633	0.000492	1.002080	-1.015067	
312	1.002198	-0.000547	-0.359998	0.000547	1.002198	-1.084451	
313	1.002091	-0.000633	-0.063996	0.000633	1.002091	-1.149539	
314	1.002176	-0.000604	-0.143211	0.000604	1.002176	-1.151871	
315	1.005298	-0.001884	0.022230	0.001884	1.005298	-3.437590	
316	1.002566	-0.000777	-0.111266	0.000777	1.002566	-1.511462	
317	1.002552	-0.000806	0.016486	0.000806	1.002552	-1.523585	
318	1.002449	-0.000785	0.100223	0.000785	1.002449	-1.434284	
319	1.002471	-0.000773	0.031511	0.000773	1.002471	-1.480845	
320	1.001962	-0.002192	1.512268	0.002192	1.001962	-2.547282	
321	1.002805	-0.001043	0.058616	0.001043	1.002805	-2.052265	
322	1.002708	-0.001145	0.141352	0.001145	1.002708	-2.194785	
323	1.002497	-0.001081	0.125427	0.001081	1.002497	-2.170414	
324	1.002620	-0.001120	0.005047	0.001120	1.002620	-2.237874	
325	1.005777	-0.002250	-0.158489	0.002250	1.005777	-4.852330	
326	1.002335	-0.000909	-0.106351	0.000909	1.002335	-1.917639	
327	1.002222	-0.000912	0.084348	0.000912	1.002222	-1.790756	
328	1.002332	-0.000880	0.081212	0.000880	1.002332	-1.735517	
329	1.002271	-0.000855	0.200928	0.000855	1.002271	-1.582798	
330	1.004956	-0.002296	1.065453	0.002296	1.004956	-3.651811	
331	1.001805	-0.001092	0.864197	0.001092	1.001805	-1.493656	
332	1.001874	-0.001002	0.764996	0.001002	1.001874	-1.415833	
333	1.001655	-0.001000	0.819708	0.001000	1.001655	-1.361246	
334	1.002039	-0.000874	0.420749	0.000874	1.002039	-1.442381	
335	1.005036	-0.001441	-0.305906	0.001441	1.005036	-2.972902	
336	1.002213	-0.000539	-0.340032	0.000539	1.002213	-1.245871	
337	1.002201	-0.000411	-0.621709	0.000411	1.002201	-1.177627	
338	1.002304	-0.000298	-0.947420	0.000298	1.002304	-1.192157	
339	1.002088	-0.000232	-0.921654	0.000232	1.002088	-1.051512	
340	1.005171	0.000210	-3.805221	-0.000210	1.005171	-1.980138	
341	1.002450	0.000081	-1.801454	-0.000081	1.002450	-1.032973	
342	1.002130	0.000114	-1.628346	-0.000114	1.002130	-0.932846	
343	1.002226	0.000099	-1.800242	-0.000099	1.002226	-0.940525	
344	1.002382	0.000060	-1.904014	-0.000060	1.002382	-0.451673	
345	1.000894	0.000549	-1.931798	-0.000549	1.000894	0.025207	
346	1.000003	0.000258	-0.481358	-0.000258	1.000003	0.091194	
347	1.000234	0.000122	-0.617574	-0.000122	1.000234	0.040226	
348	1.000031	0.000191	-0.322463	-0.000191	1.000031	0.139303	
349	0.999967	0.000183	-0.273475	-0.000183	0.999967	0.123311	
350	1.000197	0.000356	-0.750222	-0.000356	1.000197	0.157398	
351	0.999994	0.000271	-0.406412	-0.000271	0.999994	0.153970	
352	0.999962	0.000241	-0.374339	-0.000241	0.999962	0.170617	
353	0.999826	0.000238	-0.263714	-0.000238	0.999826	0.230323	
354	0.999420	0.000230	0.000866	-0.000230	0.999420	0.357374	
355	0.997970	0.000377	0.213431	-0.000377	0.997970	1.102247	
356	0.998736	0.000403	0.070822	-0.000403	0.998736	0.874537	
357	0.998488	0.000475	-0.036864	-0.000475	0.998488	1.162111	
358	0.998306	0.000498	-0.102152	-0.000498	0.998306	1.209786	
359	0.998584	0.000533	-0.391106	-0.000533	0.998584	1.024648	
360	0.997421	0.001330	-1.880076	-0.001330	0.997421	1.845390	
361	0.998453	0.000908	-1.275253	-0.000908	0.998453	1.239285	
362	0.998677	0.001058	-1.893806	-0.001058	0.998677	1.397366	
363	0.999319	0.001283	-2.694598	-0.001283	0.999319	1.426360	
364	1.000218	0.001578	-3.776056	-0.001578	1.000218	1.379457	
365	1.000888	0.000515	-9.241956	-0.000515	1.000888	1.359663	
366	1.000282	0.001587	-4.087109	-0.001587	1.000282	1.484530	
367	1.000150	0.001506	-3.972558	-0.001506	1.000150	1.666366	
368	1.000213	0.001455	-4.147992	-0.001455	1.000213	1.737771	
369	1.000608	0.001802	-4.425869	-0.001802	1.000608	1.774660	
370	1.000651	0.000840	-9.116683	-0.000840	1.000651	3.180840	
371	1.001131	0.001409	-4.132449	-0.001409	1.001131	1.412389	
372	1.001540	0.001273	-4.362045	-0.001273	1.001540	1.194656	
373	1.002069	0.001179	-4.392791	-0.001179	1.002069	0.939375	
374	1.002199	0.001102	-4.224910	-0.001102	1.002199	0.879909	
375	1.006073	0.001659	-9.428081	-0.001659	1.006073	1.517223	
376	1.002326	0.000873	-3.857818	-0.000873	1.002326	1.000532	
377	1.002543	0.000918	-3.853651	-0.000918	1.002543	1.173422	
378	1.003312	0.000886	-4.331031	-0.000886	1.003312	1.378459	
379	1.002904	0.000908	-3.909307	-0.000908	1.002904	1.375277	
380	1.008528	0.000177	-9.843920	-0.000177	1.008528	3.041247	
381	1.002547	0.001037	-4.012824	-0.001037	1.002547	1.933223	
382	1.002612	0.001091	-4.276080	-0.001091	1.002612	2.001333	
383	1.002957	0.001220	-5.008051	-0.001220	1.002957	1.973874	
384	1.002962	0.001270	-5.082993	-0.001270	1.002962	1.868498	
385	1.008049	0.000504	-12.300289	-0.000504	1.008049	2.395650	
386	1.002520	0.001417	-4.894377	-0.001417	1.002520	1.217630	
387	1.002562	0.001263	-4.513304	-0.001263	1.002562	0.782441	
388	1.002706	0.001051	-4.242995	-0.001051	1.002706	0.390028	
389	1.003105	0.000849	-3.814674	-0.000849	1.003105	-0.107795	
390	1.005588	0.001183	-6.037606	-0.001183	1.005588	-0.781432	
391	1.002423	0.000194	-1.902056	-0.000194	1.002423	-0.601837	
392	1.002499	-0.000037	-1.515317	0.000037	1.002499	-0.783363	
393	1.002451	-0.000128	-1.222986	0.000128	1.002451	-0.935983	
394	1.002402	-0.000172	-1.138118	0.000172	1.002402	-1.184945	
395	1.005816	-0.000394	-3.154851	0.000394	1.005816	-3.011883	
396	1.002696	-0.000303	-1.273226	0.000303	1.002696	-1.773690	
397	1.002712	-0.000249	-1.230725	0.000249	1.002712	-1.720992	
398	1.002597	-0.000186	-1.130053	0.000186	1.002597	-1.493042	
399	1.002374	-0.000175	-0.896673	0.000175	1.002374	-1.207376	
400	1.002501	-0.000126	-0.889000	0.000126	1.002501	-1.063054	
401	1.005890	-0.000218	-2.531985	0.000218	1.005890	-2.270641	
402	1.002631	-0.000113	-0.809052	0.000113	1.002631	-0.931141	
403	1.002473	-0.000154	-0.615645	0.000154	1.002473	-0.835713	
404	1.001993	-0.000124	-0.222198	0.000124	1.001993	-0.553767	
405	1.002029	-0.000265	0.036149	0.000265	1.002029	-0.695701	
406	1.003418	-0.001427	0.792456	0.001427	1.003418	-1.898710	
407	1.001193	-0.000530	0.974135	0.000530	1.001193	-0.424815	
408	1.000614	-0.000553	1.518742	0.000553	1.000614	-0.057689	
409	1.000847	-0.000567	1.528901	0.000567	1.000847	0.028761	
410	1.000723	-0.000584	1.691753	0.000584	1.000723	0.278035	
411	1.003334	-0.000920	2.854869	0.000920	1.003334	1.069033	
412	1.000417	-0.000388	1.735365	0.000388	1.000417	0.648627	
413	1.001028	-0.000600	1.536318	0.000600	1.001028	0.396678	
414	1.000591	-0.000705	1.993402	0.000705	1.000591	0.466501	
415	1.000702	-0.000730	1.830304	0.000730	1.000702	0.343599	
416	1.002984	-0.001743	3.856838	0.001743	1.002984	0.296940	
417	0.999689	-0.000945	2.775541	0.000945	0.999689	0.361461	
418	0.999357	-0.000922	3.010512	0.000922	0.999357	0.410848	
419	0.999247	-0.000844	3.145883	0.000844	0.999247	0.466092	
420	0.999422	-0.000742	2.914155	0.000742	0.999422	0.346932	
421	0.999027	-0.002011	6.003638	0.002011	0.999027	-0.205603	
422	0.999392	-0.001024	3.111491	0.001024	0.999392	-0.239243	
423	0.999419	-0.001061	2.965813	0.001061	0.999419	-0.442380	
424	0.999442	-0.001080	3.085465	0.001080	0.999442	-0.493301	
425	0.999454	-0.001078	3.023018	0.001078	0.999454	-0.606146	
426	0.999258	-0.002618	5.468109	0.002618	0.999258	-1.729272	
427	0.999709	-0.001308	2.692052	0.001308	0.999709	-0.936672	
428	0.999760	-0.001234	2.495433	0.001234	0.999760	-0.831308	
429	0.999803	-0.001234	2.485326	0.001234	0.999803	-0.722704	
430	0.999844	-0.001134	2.121896	0.001134	0.999844	-0.517470	
431	0.999648	-0.001800	3.720894	0.001800	0.999648	-0.891439	
432	0.999901	-0.000840	1.323638	0.000840	0.999901	-0.445077	
433	1.000014	-0.000716	1.001394	0.000716	1.000014	-0.436477	
434	0.999650	-0.000819	1.009707	0.000819	0.999650	-0.342020	
435	0.999182	-0.000684	1.128625	0.000684	0.999182	-0.002819	
436	0.998000	-0.000970	1.701904	0.000970	0.998000	0.116356	
437	0.998794	-0.000520	0.648367	0.000520	0.998794	0.027675	
438	0.998705	-0.000597	0.845187	0.000597	0.998705	0.104844	
439	0.998665	-0.000619	0.944459	0.000619	0.998665	0.263773	
440	0.998789	-0.000424	0.755928	0.000424	0.998789	0.456091	
441	0.997683	-0.000498	1.514654	0.000498	0.997683	0.760840	
442	0.999045	-0.000412	0.525398	0.000412	0.999045	-0.050353	
443	0.998990	-0.000271	0.544318	0.000271	0.998990	-0.060360	
444	0.998582	-0.000352	0.761171	0.000352	0.998582	0.015637	
445	0.998336	-0.000272	1.020353	0.000272	0.998336	0.255895	
446	0.996681	-0.000453	2.145748	0.000453	0.996681	0.850954	
447	0.997655	-0.000427	1.515283	0.000427	0.997655	0.785683	
448	0.998243	-0.000450	1.172302	0.000450	0.998243	0.551966	
449	0.998198	-0.000390	1.109644	0.000390	0.998198	0.579882	
450	0.998091	-0.000338	1.216292	0.000338	0.998091	0.587151	
451	0.996304	-0.000380	2.243186	0.000380	0.996304	0.755441	
452	0.998312	-0.000224	0.924941	0.000224	0.998312	0.036156	
453	0.998166	-0.000164	0.994923	0.000164	0.998166	0.104671	
454	0.998143	-0.000107	0.861438	0.000107	0.998143	0.133647	
455	0.998324	-0.000120	0.856127	0.000120	0.998324	0.097230	
456	0.997413	-0.000304	1.514302	0.000304	0.997413	-0.073168	
457	0.999294	-0.000480	0.475196	0.000480	0.999294	-0.441138	
458	1.000124	-0.000311	-0.067823	0.000311	1.000124	-0.577924	
459	1.000156	-0.000495	0.072581	0.000495	1.000156	-0.738471	
460	1.000205	-0.000363	-0.056441	0.000363	1.000205	-0.774031	
461	1.000925	-0.000374	-0.509101	0.000374	1.000925	-1.493171	
462	1.000333	-0.000176	-0.335368	0.000176	1.000333	-0.699994	
463	1.000298	-0.000265	-0.258967	0.000265	1.000298	-0.715811	
464	1.000252	-0.000234	-0.288786	0.000234	1.000252	-0.640117	
465	1.000340	-0.000197	-0.239483	0.000197	1.000340	-0.660894	
466	1.000740	-0.000164	-0.312194	0.000164	1.000740	-1.062097	
467	1.000228	-0.000138	-0.081494	0.000138	1.000228	-0.496964	
468	1.000187	-0.000083	-0.093955	0.000083	1.000187	-0.385636	
469	1.000111	-0.000092	-0.065180	0.000092	1.000111	-0.274154	
470	0.999926	-0.000047	-0.001711	0.000047	0.999926	-0.100098	
471	0.998837	-0.000174	0.642539	0.000174	0.998837	0.136528	
472	0.998952	-0.000105	0.424000	0.000105	0.998952	0.175152	
473	0.998855	-0.000173	0.733302	0.000173	0.998855	0.119018	
474	0.998821	-0.000152	0.593166	0.000152	0.998821	0.152054	
475	0.998837	-0.000043	0.544998	0.000043	0.998837	0.276169	
476	0.997442	0.000045	0.755091	-0.000045	0.997442	0.863604	
477	0.998655	0.000102	0.287753	-0.000102	0.998655	0.601378	
478	0.998658	0.000100	0.351985	-0.000100	0.998658	0.668572	
479	0.998670	0.000100	0.164786	-0.000100	0.998670	0.601271	
480	0.998497	0.000178	0.208658	-0.000178	0.998497	0.666154	
481	0.997143	0.000313	0.785700	-0.000313	0.997143	1.129901	
482	0.998448	0.000176	0.207008	-0.000176	0.998448	0.513585	
483	0.998398	0.000194	0.152758	-0.000194	0.998398	0.501383	
484	0.998491	0.000144	0.379385	-0.000144	0.998491	0.470787	
485	0.998398	0.000155	0.385460	-0.000155	0.998398	0.546176	
486	0.996757	0.000449	1.047105	-0.000449	0.996757	1.330963	
487	0.998117	0.000189	0.620505	-0.000189	0.998117	0.852312	
488	0.998021	0.000213	0.693119	-0.000213	0.998021	0.937127	
489	0.998475	0.000158	0.544807	-0.000158	0.998475	0.684852	
490	0.999248	0.000177	0.021095	-0.000177	0.999248	0.363478	
491	1.000143	0.000426	-0.896238	-0.000426	1.000143	-0.169095	
492	0.999993	0.000185	-0.518887	-0.000185	0.999993	-0.215928	
493	1.000063	0.000178	-0.729247	-0.000178	1.000063	-0.260190	
494	0.999988	0.000197	-0.705219	-0.000197	0.999988	-0.195258	
495	1.000075	0.000137	-0.729610	-0.000137	1.000075	-0.316614	
496	1.000427	0.000339	-1.647417	-0.000339	1.000427	-1.143897	
497	1.000396	0.000004	-1.028866	-0.000004	1.000396	-0.830955	
498	1.000804	-0.000006	-1.464664	0.000006	1.000804	-1.002342	
499	1.001227	0.000072	-1.823096	-0.000072	1.001227	-1.127644	
500	1.001428	0.000097	-2.160535	-0.000097	1.001428	-1.152788	
501	1.003342	0.000653	-5.322571	-0.000653	1.003342	-2.120433	
502	1.001935	0.000399	-3.133582	-0.000399	1.001935	-1.090387	
503	1.002024	0.000296	-3.548552	-0.000296	1.002024	-1.321068	
504	1.002217	0.000364	-4.082139	-0.000364	1.002217	-1.543452	
505	1.002211	0.000554	-4.136691	-0.000554	1.002211	-1.600696	
506	1.003706	0.001173	-9.547734	-0.001173	1.003706	-3.898982	
507	1.001414	0.000455	-3.869277	-0.000455	1.001414	-1.745781	
508	1.001057	0.000388	-3.446573	-0.000388	1.001057	-1.632865	
509	1.000881	0.000481	-3.113667	-0.000481	1.000881	-1.411300	
510	1.000876	0.000478	-3.196525	-0.000478	1.000876	-1.256855	
511	1.000247	0.003536	-5.213272	-0.003536	1.000247	0.210364	
512	1.000603	0.000377	-2.355339	-0.000377	1.000603	-0.921806	
513	1.000689	0.000403	-2.138449	-0.000403	1.000689	-1.099935	
514	1.000611	0.000164	-1.782776	-0.000164	1.000611	-1.355564	
515	1.000577	0.000023	-1.411884	-0.000023	1.000577	-1.569142	
516	1.001424	-0.000144	-1.981236	0.000144	1.001424	-3.468406	
517	1.000500	-0.000469	-0.219877	0.000469	1.000500	-1.677199	
518	1.000350	-0.000534	0.230574	0.000534	1.000350	-1.440893	
519	1.000284	-0.000537	0.449142	0.000537	1.000284	-1.118421	
520	1.000098	-0.000419	0.569997	0.000419	1.000098	-0.676727	
521	0.999445	-0.000648	1.675078	0.000648	0.999445	-0.412467	
522	0.999581	-0.000357	1.240563	0.000357	0.999581	0.117552	
523	0.999573	-0.000376	1.480667	0.000376	0.999573	0.272157	
524	0.999540	-0.000549	1.821015	0.000549	0.999540	0.229476	
525	0.999572	-0.000525	1.848618	0.000525	0.999572	0.244804	
526	0.999316	-0.001532	4.591919	0.001532	0.999316	-0.595033	
527	0.999768	-0.000783	2.236610	0.000783	0.999768	-0.293450	
528	0.999664	-0.000844	2.318679	0.000844	0.999664	-0.332334	
529	0.999623	-0.000895	2.426794	0.000895	0.999623	-0.338726	
530	0.999632	-0.000924	2.493993	0.000924	0.999632	-0.325020	
531	0.999442	-0.001769	4.725376	0.001769	0.999442	-0.660233	
532	0.999731	-0.000850	2.460619	0.000850	0.999731	-0.191354	
533	0.999699	-0.000806	2.432152	0.000806	0.999699	-0.202501	
534	0.999754	-0.000750	2.236299	0.000750	0.999754	-0.242897	
535	0.999824	-0.000762	2.040180	0.000762	0.999824	-0.310362	
536	0.999548	-0.001361	3.566651	0.001361	0.999548	-0.588144	
537	0.999823	-0.000602	1.622479	0.000602	0.999823	-0.148043	
538	0.999977	-0.000444	1.337184	0.000444	0.999977	-0.115569	
539	1.000046	-0.000325	1.195316	0.000325	1.000046	-0.082451	
540	0.999972	-0.000337	1.282073	0.000337	0.999972	-0.145259	
541	0.999691	-0.000628	2.253186	0.000628	0.999691	-0.170993	
542	1.000045	-0.000447	1.238043	0.000447	1.000045	-0.283207	
543	1.000043	-0.000408	1.188992	0.000408	1.000043	-0.195679	
544	1.000039	-0.000396	1.166454	0.000396	1.000039	-0.152176	
545	1.000006	-0.000319	1.030051	0.000319	1.000006	-0.066878	
546	0.999837	-0.000679	2.045443	0.000679	0.999837	-0.142620	
547	1.000090	-0.000296	1.093717	0.000296	1.000090	-0.081862	
548	1.000096	-0.000376	1.247759	0.000376	1.000096	-0.180736	
549	1.000077	-0.000491	1.285133	0.000491	1.000077	-0.299570	
550	1.000017	-0.000515	1.364878	0.000515	1.000017	-0.263519	
551	0.999881	-0.000939	2.136695	0.000939	0.999881	-0.578881	
552	1.000099	-0.000552	1.133190	0.000552	1.000099	-0.344003	
553	1.000138	-0.000564	1.128942	0.000564	1.000138	-0.374623	
554	1.000224	-0.000588	1.107411	0.000588	1.000224	-0.460159	
555	1.000344	-0.000665	1.155119	0.000665	1.000344	-0.580019	
556	1.000829	-0.001618	2.087828	0.001618	1.000829	-1.314064	
557	1.000323	-0.000587	1.088635	0.000587	1.000323	-0.447061	
558	1.000332	-0.000568	1.048834	0.000568	1.000332	-0.432365	
559	1.000327	-0.000505	0.945187	0.000505	1.000327	-0.416939	
560	1.000277	-0.000543	1.014400	0.000543	1.000277	-0.443927	
561	1.000407	-0.000650	1.298143	0.000650	1.000407	-0.552177	
562	1.000388	-0.000348	0.690654	0.000348	1.000388	-0.353487	
563	1.000375	-0.000339	0.646716	0.000339	1.000375	-0.320828	
564	1.000375	-0.000253	0.490232	0.000253	1.000375	-0.254276	
565	1.000419	-0.000216	0.363534	0.000216	1.000419	-0.230158	
566	1.000347	-0.000014	0.095564	0.000014	1.000347	-0.107197	
567	1.000551	0.000126	-0.536355	-0.000126	1.000551	-0.170809	
568	1.000479	0.000099	-0.317672	-0.000099	1.000479	-0.155832	
569	1.000524	0.000104	-0.517197	-0.000104	1.000524	-0.212165	
570	1.000553	0.000079	-0.587730	-0.000079	1.000553	-0.272182	
571	1.000602	0.000053	-0.736506	-0.000053	1.000602	-0.414137	
572	1.000803	0.000133	-1.484836	-0.000133	1.000803	-0.706337	
573	1.000725	0.000044	-0.795541	-0.000044	1.000725	-0.477763	
574	1.000764	0.000144	-1.029411	-0.000144	1.000764	-0.361620	
575	1.000684	0.000189	-0.850114	-0.000189	1.000684	-0.274919	
576	1.000727	0.000203	-1.127093	-0.000203	1.000727	-0.305812	
577	1.000502	0.000583	-2.395011	-0.000583	1.000502	-0.280917	
578	1.000604	0.000099	-1.243947	-0.000099	1.000604	-0.544410	
579	1.000753	0.000136	-1.456511	-0.000136	1.000753	-0.621683	
580	1.000858	0.000136	-1.922042	-0.000136	1.000858	-0.667442	
581	1.000456	0.000281	-1.491889	-0.000281	1.000456	-0.165276	
582	1.000456	0.000885	-3.088176	-0.000885	1.000456	0.396270	
583	1.000285	0.000416	-1.491775	-0.000416	1.000285	0.370257	
584	1.000284	0.000410	-1.467906	-0.000410	1.000284	0.359354	
585	1.000184	0.000487	-1.549826	-0.000487	1.000184	0.424968	
586	1.000255	0.000648	-1.414778	-0.000648	1.000255	0.407184	
587	1.000211	0.001081	-2.821998	-0.001081	1.000211	0.252815	
588	0.999632	0.000621	-1.187328	-0.000621	0.999632	0.036829	
589	0.999777	0.000433	-1.212424	-0.000433	0.999777	-0.256883	
590	0.999487	0.000447	-1.097946	-0.000447	0.999487	-0.108179	
591	0.999499	0.000245	-0.917431	-0.000245	0.999499	-0.207485	
592	0.997615	0.000786	-1.191622	-0.000786	0.997615	0.790856	
593	0.999055	0.000373	-0.485673	-0.000373	0.999055	0.259317	
594	0.998918	0.000331	-0.357435	-0.000331	0.998918	0.294614	
595	0.998989	0.000362	-0.315793	-0.000362	0.998989	0.241988	
596	0.998980	0.000375	-0.286377	-0.000375	0.998980	0.167102	
597	0.997328	0.000720	-0.235713	-0.000720	0.997328	0.202681	
598	0.998923	0.000176	0.005054	-0.000176	0.998923	-0.271498	
599	0.998917	0.000014	0.148457	-0.000014	0.998917	-0.383303	
600	0.998666	-0.000014	0.293091	0.000014	0.998666	-0.212829	
601	0.998603	0.000029	0.415122	-0.000029	0.998603	-0.022746	
602	0.996711	0.000309	1.061947	-0.000309	0.996711	0.649599	
603	0.998610	-0.000035	0.656882	0.000035	0.998610	0.240744	
604	0.998699	-0.000031	0.620118	0.000031	0.998699	0.189163	
605	0.999257	0.000059	0.417943	-0.000059	0.999257	-0.009042	
606	0.999670	-0.000120	0.137817	0.000120	0.999670	-0.397877	
607	1.000216	0.000166	-0.585752	-0.000166	1.000216	-1.042151	
608	1.000472	-0.000105	-0.543458	0.000105	1.000472	-1.033865	
609	1.000519	0.000009	-0.609369	-0.000009	1.000519	-1.058774	
610	1.000497	-0.000088	-0.398571	0.000088	1.000497	-1.103669	
611	1.000502	-0.000106	-0.315729	0.000106	1.000502	-1.195593	
612	1.000883	-0.000230	-0.536823	0.000230	1.000883	-2.403258	
613	1.000447	-0.000182	-0.328705	0.000182	1.000447	-1.516090	
614	1.000485	-0.000292	-0.235647	0.000292	1.000485	-1.607466	
615	1.000447	-0.000415	-0.224476	0.000415	1.000447	-1.604863	
616	1.000452	-0.000492	-0.239083	0.000492	1.000452	-1.540414	
617	1.000624	-0.000592	-0.490856	0.000592	1.000624	-1.333158	
618	1.000164	-0.000314	-0.268856	0.000314	1.000164	0.134430	
619	1.000039	-0.000257	-0.203787	0.000257	1.000039	0.572583	
620	1.000000	-0.000208	-0.217178	0.000208	1.000000	0.693860	
621	1.000095	-0.000239	-0.229867	0.000239	1.000095	0.318583	
622	1.000106	-0.000216	-0.001780	0.000216	1.000106	0.171550	
623	0.999953	-0.000206	-0.076332	0.000206	0.999953	0.342453	
624	0.999983	-0.000169	-0.188562	0.000169	0.999983	0.462312	
625	0.999926	-0.000105	-0.170175	0.000105	0.999926	0.383686	
626	0.999870	-0.000079	-0.273282	0.000079	0.999870	0.441553	
627	0.999792	-0.000138	0.047073	0.000138	0.999792	1.314092	
628	0.999667	-0.000149	0.082768	0.000149	0.999667	0.644653	
629	0.999772	-0.000075	-0.207515	0.000075	0.999772	0.266690	
630	0.999883	-0.000138	-0.380928	0.000138	0.999883	0.003576	
631	0.999813	-0.000140	-0.258497	0.000140	0.999813	0.082233	
632	0.999809	0.000066	0.036674	-0.000066	0.999809	0.485277	
633	1.000056	-0.000124	-0.362740	0.000124	1.000056	0.153673	
634	1.000067	-0.000149	-0.282228	0.000149	1.000067	0.077909	
635	1.000041	-0.000183	-0.018218	0.000183	1.000041	-0.018133	
636	1.000023	-0.000172	0.091170	0.000172	1.000023	0.047881	
637	0.999961	-0.000331	0.885611	0.000331	0.999961	0.001275	
638	1.000060	-0.000228	0.648181	0.000228	1.000060	-0.222909	
639	0.999957	-0.000380	1.022724	0.000380	0.999957	-0.346350	
640	0.999921	-0.000639	1.190192	0.000639	0.999921	-0.393647	
641	0.999531	-0.000981	2.074050	0.000981	0.999531	-0.400936	
642	1.000432	-0.000728	6.947550	0.000728	1.000432	-0.049298	
643	1.000196	-0.001028	2.942553	0.001028	1.000196	-0.224344	
644	1.000420	-0.001205	2.630581	0.001205	1.000420	-0.378138	
645	1.000507	-0.001257	2.847420	0.001257	1.000507	-0.568426	
646	1.000074	-0.001269	3.044603	0.001269	1.000074	-0.686881	
647	0.999012	-0.003547	7.743890	0.003547	0.999012	-1.651846	
648	0.999783	-0.001194	2.920042	0.001194	0.999783	-0.770934	
649	0.999815	-0.000935	2.626581	0.000935	0.999815	-0.457348	
650	0.999775	-0.000715	2.454361	0.000715	0.999775	-0.290548	
651	0.999868	-0.000633	2.276778	0.000633	0.999868	-0.262275	
652	0.999796	-0.000927	3.345978	0.000927	0.999796	-0.520597	
653	1.000941	-0.000945	0.121785	0.000945	1.000941	-1.158606	
654	1.000157	-0.000642	0.566181	0.000642	1.000157	-0.798295	
655	1.000272	-0.000087	-0.272258	0.000087	1.000272	-0.454420	
656	1.000303	-0.000049	-0.293416	0.000049	1.000303	-0.439934	
657	1.000437	-0.000325	-0.406747	0.000325	1.000437	-0.822571	
658	1.000302	-0.000175	-0.184056	0.000175	1.000302	-0.183356	
659	1.000211	-0.000106	-0.070266	0.000106	1.000211	0.072247	
660	1.000178	0.000047	-0.171506	-0.000047	1.000178	0.201193	
661	1.000160	0.000024	-0.333322	-0.000024	1.000160	0.151627	
662	1.000173	0.000166	-0.246860	-0.000166	1.000173	0.270893	
663	1.000095	0.000176	-0.183861	-0.000176	1.000095	0.090501	
664	1.000163	0.000117	-0.306715	-0.000117	1.000163	0.012447	
665	1.000126	0.000090	-0.248818	-0.000090	1.000126	0.074986	
666	1.000100	0.000111	-0.264322	-0.000111	1.000100	0.203187	
667	1.000102	0.000253	-0.416886	-0.000253	1.000102	0.453764	
668	1.000102	0.000126	-0.308725	-0.000126	1.000102	0.313936	
669	1.000249	0.000073	-0.383483	-0.000073	1.000249	0.236905	
670	1.000438	0.000076	-0.458453	-0.000076	1.000438	0.258090	
671	1.000924	0.000119	-0.918811	-0.000119	1.000924	0.252564	
672	1.002332	0.000427	-2.405542	-0.000427	1.002332	0.675769	
673	1.000990	0.000153	-1.094767	-0.000153	1.000990	0.338437	
674	1.001098	0.000100	-1.259157	-0.000100	1.001098	0.060965	
675	1.001104	0.000081	-1.479403	-0.000081	1.001104	-0.222163	
676	1.001507	0.000225	-1.901093	-0.000225	1.001507	-0.493582	
677	1.002181	0.001221	-4.478596	-0.001221	1.002181	-0.044102	
678	1.001369	0.000718	-3.002198	-0.000718	1.001369	0.155145	
679	1.001648	0.000871	-3.766797	-0.000871	1.001648	0.235716	
680	1.001061	0.001479	-4.225405	-0.001479	1.001061	0.832957	
681	1.001266	0.001518	-5.426692	-0.001518	1.001266	0.638988	
682	1.000221	0.002086	-15.383906	-0.002086	1.000221	0.469089	
683	1.002037	-0.000099	-9.378726	0.000099	1.002037	-1.444703	
684	1.001106	0.001172	-10.603129	-0.001172	1.001106	-0.719985	
685	1.001155	0.001300	-11.676401	-0.001300	1.001155	-0.795771	
686	1.000648	0.001750	-12.180037	-0.001750	1.000648	-0.379363	
687	1.000545	0.002285	-25.013956	-0.002285	1.000545	-0.327445	
688	1.000591	0.001376	-11.511779	-0.001376	1.000591	0.488289	
689	1.000302	0.001506	-11.598903	-0.001506	1.000302	0.803732	
690	1.000210	0.001313	-11.207031	-0.001313	1.000210	0.823877	
691	0.999868	0.001442	-10.358909	-0.001442	0.999868	0.997727	
692	0.999585	0.002226	-20.439186	-0.002226	0.999585	1.344849	
693	0.999790	0.001251	-9.632697	-0.001251	0.999790	0.785150	
694	1.003371	0.002281	-8.725960	-0.002281	1.003371	0.165312	
695	0.997243	0.001795	-6.717138	-0.001795	0.997243	2.026713	
696	1.001892	0.002920	-6.897539	-0.002920	1.001892	1.059746	
697	0.992787	0.001545	-11.688328	-0.001545	0.992787	2.988536	
698	0.996044	0.002115	-4.107760	-0.002115	0.996044	2.488326	
699	0.996150	0.001802	-3.620125	-0.001802	0.996150	2.252361	
700	0.996856	0.002277	-3.347529	-0.002277	0.996856	2.385863	
701	0.996811	0.001674	-1.984023	-0.001674	0.996811	2.154244	
702	0.987633	0.001710	-0.923951	-0.001710	0.987633	4.818830	
703	0.995328	0.001111	0.190555	-0.001111	0.995328	2.322169	
704	0.995642	0.000992	0.523947	-0.000992	0.995642	2.174983	
705	0.995466	0.000763	1.225084	-0.000763	0.995466	2.186039	
706	0.995590	0.000692	1.633891	-0.000692	0.995590	2.152009	
707	0.989948	0.000567	5.247869	-0.000567	0.989948	4.235502	
708	0.995297	-0.000171	3.744527	0.000171	0.995297	1.756782	
709	0.995431	-0.000238	4.022666	0.000238	0.995431	1.602642	
710	0.995389	-0.000312	4.310681	0.000312	0.995389	1.631554	
711	0.995329	-0.000366	4.555995	0.000366	0.995329	1.662472	
712	0.988486	-0.000737	12.083537	0.000737	0.988486	3.549183	
713	0.994507	-0.000744	6.574464	0.000744	0.994507	1.413052	
714	0.995290	-0.000989	6.432545	0.000989	0.995290	1.041654	
715	0.995787	-0.001151	6.378272	0.001151	0.995787	0.852356	
716	0.996386	-0.001186	6.250930	0.001186	0.996386	0.659851	
717	0.995211	-0.001205	12.983499	0.001205	0.995211	1.041687	
718	1.000114	-0.001458	4.391845	0.001458	1.000114	-1.065262	
719	1.000191	-0.001490	4.420049	0.001490	1.000191	-1.059940	
720	1.000217	-0.001461	4.598187	0.001461	1.000217	-1.003278	
721	1.000534	-0.001795	4.550564	0.001795	1.000534	-1.337827	
722	1.001091	-0.002200	8.450001	0.002200	1.001091	-1.568972	
723	1.000028	-0.001041	3.400364	0.001041	1.000028	-0.571993	
724	0.999916	-0.001029	3.028615	0.001029	0.999916	-0.480531	
725	0.999990	-0.000841	2.368457	0.000841	0.999990	-0.377695	
726	0.999956	-0.000713	1.897730	0.000713	0.999956	-0.278654	
727	0.999912	-0.000607	1.739656	0.000607	0.999912	-0.299208	
728	1.000047	-0.000193	0.257210	0.000193	1.000047	-0.044789	
729	0.999999	-0.000098	0.047602	0.000098	0.999999	-0.030086	
730	1.000118	-0.000145	-0.120995	0.000145	1.000118	-0.181889	
731	1.000057	-0.000096	0.111136	0.000096	1.000057	-0.132507	
732	0.999795	0.000091	0.009307	-0.000091	0.999795	-0.013283	
733	1.000075	0.000054	-0.036791	-0.000054	1.000075	-0.078881	
734	1.000065	0.000033	-0.040057	-0.000033	1.000065	-0.076708	
735	1.000074	0.000037	-0.124185	-0.000037	1.000074	-0.078416	
736	1.000032	0.000035	-0.125238	-0.000035	1.000032	-0.066977	
737	1.000049	-0.000019	-0.016456	0.000019	1.000049	-0.099628	
738	1.000062	-0.000032	-0.000869	0.000032	1.000062	-0.097132	
739	1.000016	0.000050	-0.013734	-0.000050	1.000016	0.013678	
740	1.000022	0.000054	-0.035897	-0.000054	1.000022	0.029196	
741	0.999922	0.000100	-0.054986	-0.000100	0.999922	0.111410	
742	0.999915	0.000138	-0.058976	-0.000138	0.999915	0.129309	
743	1.000025	0.000094	-0.007289	-0.000094	1.000025	0.210539	
744	1.000006	0.000020	0.057802	-0.000020	1.000006	0.122437	
745	1.000040	0.000001	0.030046	-0.000001	1.000040	0.173534	
746	1.000040	-0.000014	0.054415	0.000014	1.000040	0.182729	
747	1.000081	-0.000014	0.072341	0.000014	1.000081	0.145280	
748	1.000229	-0.000215	0.599272	0.000215	1.000229	0.481794	
749	1.000009	-0.000086	0.456496	0.000086	1.000009	0.358221	
750	0.999949	-0.000158	0.791268	0.000158	0.999949	0.455058	
751	1.000100	-0.000273	0.962102	0.000273	1.000100	0.379735	
752	1.000352	-0.000325	0.987802	0.000325	1.000352	0.251420	
753	1.001548	-0.001027	2.329740	0.001027	1.001548	-0.352548	
754	1.001132	-0.000572	1.047237	0.000572	1.001132	-0.502090	
755	1.001162	-0.000617	1.215175	0.000617	1.001162	-0.507873	
756	1.001147	-0.000602	1.295496	0.000602	1.001147	-0.575353	
757	1.001265	-0.000737	1.398158	0.000737	1.001265	-0.694423	
758	1.004196	-0.001991	3.161190	0.001991	1.004196	-2.139620	
759	1.001520	-0.000771	1.511260	0.000771	1.001520	-0.709399	
760	1.001611	-0.000853	1.720986	0.000853	1.001611	-0.717921	
761	1.001913	-0.000817	1.498617	0.000817	1.001913	-0.834336	
762	1.002062	-0.000847	1.494964	0.000847	1.002062	-0.879851	
763	1.006908	-0.001737	2.515263	0.001737	1.006908	-2.494177	
764	1.002365	-0.000880	1.247054	0.000880	1.002365	-1.006070	
765	1.002153	-0.000811	1.246298	0.000811	1.002153	-0.878800	
766	1.002317	-0.000826	1.169332	0.000826	1.002317	-0.884028	
767	1.002493	-0.000872	1.103889	0.000872	1.002493	-0.877574	
768	1.007298	-0.001710	2.345531	0.001710	1.007298	-1.648040	
769	1.002214	-0.001185	1.085724	0.001185	1.002214	-0.786363	
770	1.002109	-0.000817	1.284821	0.000817	1.002109	-0.280276	
771	1.001972	-0.000821	1.251413	0.000821	1.001972	-0.176232	
772	1.001933	-0.000840	1.280396	0.000840	1.001933	-0.121784	
773	1.005546	-0.001823	3.079445	0.001823	1.005546	-0.083645	
774	1.001253	-0.000713	1.499779	0.000713	1.001253	0.207906	
775	1.001530	-0.000725	1.388909	0.000725	1.001530	0.014604	
776	1.001656	-0.000594	1.018781	0.000594	1.001656	-0.018285	
777	1.001537	-0.000615	1.105528	0.000615	1.001537	-0.061357	
778	0.998225	0.000577	2.570432	-0.000577	0.998225	2.632164	
779	1.001175	-0.000532	1.184711	0.000532	1.001175	0.149474	
780	1.001106	-0.000560	1.118366	0.000560	1.001106	0.159565	
781	1.001144	-0.000547	0.893231	0.000547	1.001144	0.168801	
782	1.001287	-0.000564	0.861527	0.000564	1.001287	0.135602	
783	1.002544	-0.001035	1.551625	0.001035	1.002544	0.067007	
784	1.000811	-0.000607	1.006529	0.000607	1.000811	0.023990	
785	1.001039	-0.000577	0.707095	0.000577	1.001039	-0.217066	
786	1.000980	-0.000602	0.729862	0.000602	1.000980	-0.338725	
787	1.001315	-0.000501	0.382205	0.000501	1.001315	-0.521525	
788	1.003542	-0.001024	0.468545	0.001024	1.003542	-1.809410	
789	1.001164	-0.000378	0.468203	0.000378	1.001164	-0.574092	
790	1.001215	-0.000437	0.488082	0.000437	1.001215	-0.583376	
791	1.000970	-0.000442	0.627455	0.000442	1.000970	-0.450368	
792	1.001020	-0.000440	0.686055	0.000440	1.001020	-0.407560	
793	1.002236	-0.000846	1.393658	0.000846	1.002236	-0.934210	
794	1.000696	-0.000436	1.060034	0.000436	1.000696	-0.406198	
795	1.000725	-0.000508	0.984992	0.000508	1.000725	-0.550248	
796	1.000969	-0.000468	0.891524	0.000468	1.000969	-0.646586	
797	1.000843	-0.000311	0.838365	0.000311	1.000843	-0.548921	
798	1.002113	-0.000592	0.767659	0.000592	1.002113	-1.118177	
799	1.000612	-0.000090	0.560506	0.000090	1.000612	-0.094208	
800	1.000402	0.000041	0.629074	-0.000041	1.000402	0.446535	
801	1.000153	0.000264	0.665542	-0.000264	1.000153	1.187166	
802	0.999988	0.000225	0.789726	-0.000225	0.999988	1.802804	
803	1.000805	0.001667	0.577237	-0.001667	1.000805	5.946732	
804	0.999461	0.000516	0.897024	-0.000516	0.999461	3.650466	
805	1.000956	0.001253	0.489586	-0.001253	1.000956	5.252005	
806	0.996709	0.002871	1.616265	-0.002871	0.996709	6.483795	
807	0.996132	0.002593	2.258043	-0.002593	0.996132	6.830815	
808	1.001767	-0.000016	2.863475	0.000016	1.001767	15.702694	
809	1.000446	0.000209	2.523042	-0.000209	1.000446	9.197920	
810	1.000786	0.000034	2.611258	-0.000034	1.000786	9.490990	
811	1.001149	0.000011	2.776569	-0.000011	1.001149	9.847967	
812	1.001575	-0.000124	2.970344	0.000124	1.001575	9.835232	
813	1.005389	-0.000374	5.733089	0.000374	1.005389	18.355762	
814	1.003819	0.000002	2.697327	-0.000002	1.003819	8.355811	
815	1.004443	-0.000102	2.758273	0.000102	1.004443	7.349609	
816	1.004970	-0.000062	2.617906	0.000062	1.004970	6.169170	
817	1.005968	0.000002	2.053909	-0.000002	1.005968	5.126851	
818	1.011851	-0.000179	4.210928	0.000179	1.011851	7.615211	
819	1.005602	-0.000162	2.478193	0.000162	1.005602	2.274323	
820	0.998666	0.000167	3.280120	-0.000167	0.998666	2.548456	
821	1.005307	-0.002840	2.739938	0.002840	1.005307	-1.945635	
822	1.006437	-0.001395	2.295136	0.001395	1.006437	-2.006424	
823	1.012964	-0.000516	5.121645	0.000516	1.012964	-4.985651	
824	1.000614	-0.002545	4.205662	0.002545	1.000614	-2.242300	
825	1.006275	-0.001864	2.520357	0.001864	1.006275	-4.320021	
826	1.005062	-0.002609	2.587375	0.002609	1.005062	-4.465838	
827	1.006983	-0.001476	1.780806	0.001476	1.006983	-4.314860	
828	1.012517	-0.000859	3.902301	0.000859	1.012517	-5.884124	
829	1.006367	-0.001443	1.131524	0.001443	1.006367	-3.731389	
830	1.005711	-0.001472	0.817650	0.001472	1.005711	-3.894591	
831	1.005914	-0.001306	0.135014	0.001306	1.005914	-4.273461	
832	1.005556	-0.000767	-0.703934	0.000767	1.005556	-3.881393	
833	1.014075	-0.001177	-3.484071	0.001177	1.014075	-9.574221	
834	1.005384	-0.000706	-2.046289	0.000706	1.005384	-4.188375	
835	1.005914	-0.000457	-2.936155	0.000457	1.005914	-4.340169	
836	1.005769	-0.000324	-3.288192	0.000324	1.005769	-4.073041	
837	1.005705	-0.000260	-3.624123	0.000260	1.005705	-4.013397	
838	1.014294	0.000617	-9.361484	-0.000617	1.014294	-8.380683	
839	1.006160	0.000035	-4.070195	-0.000035	1.006160	-3.470313	
840	1.006029	-0.000131	-3.865850	0.000131	1.006029	-3.390448	
841	1.005423	-0.000152	-3.729138	0.000152	1.005423	-2.994031	
842	1.005498	-0.000101	-3.719196	0.000101	1.005498	-2.903750	
843	1.014515	0.000604	-10.127415	-0.000604	1.014515	-8.076135	
844	1.005698	0.000139	-4.049338	-0.000139	1.005698	-3.559749	
845	1.004930	0.000251	-3.687303	-0.000251	1.004930	-3.083448	
846	1.004475	0.000182	-3.098238	-0.000182	1.004475	-2.780818	
847	1.004634	0.000273	-3.055442	-0.000273	1.004634	-2.623356	
848	1.009489	0.000443	-6.385519	-0.000443	1.009489	-5.349958	
849	1.004297	0.000178	-3.087772	-0.000178	1.004297	-2.309969	
850	1.003871	0.000492	-3.076151	-0.000492	1.003871	-1.977834	
851	1.004124	0.000363	-3.525150	-0.000363	1.004124	-2.419156	
852	1.004724	0.000979	-4.083408	-0.000979	1.004724	-2.784885	
853	1.009043	0.001256	-8.143029	-0.001256	1.009043	-6.515256	
854	1.003812	0.000087	-3.262689	-0.000087	1.003812	-2.855287	
855	1.003457	0.000337	-2.978183	-0.000337	1.003457	-2.311030	
856	1.003366	0.000605	-2.713360	-0.000605	1.003366	-1.810689	
857	1.002774	0.000577	-2.415609	-0.000577	1.002774	-1.421853	
858	1.005080	0.000560	-5.132123	-0.000560	1.005080	-3.157039	
859	1.002437	0.000277	-2.325808	-0.000277	1.002437	-1.437597	
860	1.002550	0.000206	-2.323840	-0.000206	1.002550	-1.528581	
861	1.002196	0.000340	-2.243713	-0.000340	1.002196	-1.450705	
862	1.001941	0.000215	-2.196052	-0.000215	1.001941	-1.592530	
863	1.004901	0.001231	-5.486256	-0.001231	1.004901	-3.761532	
864	1.002042	0.000292	-2.563103	-0.000292	1.002042	-2.114503	
865	1.002077	0.000254	-2.938050	-0.000254	1.002077	-2.352737	
866	1.002115	0.000091	-3.292329	-0.000091	1.002115	-2.713150	
867	1.002308	0.000486	-3.814995	-0.000486	1.002308	-2.857468	
868	1.002411	0.000189	-7.655141	-0.000189	1.002411	-7.983113	
869	1.002270	0.000206	-3.759397	-0.000206	1.002270	-3.313128	
870	1.002060	0.000359	-3.663257	-0.000359	1.002060	-2.987273	
871	1.001634	0.000688	-3.420413	-0.000688	1.001634	-2.514727	
872	1.001499	0.000678	-3.558656	-0.000678	1.001499	-2.380194	
873	1.000503	0.000500	-8.522835	-0.000500	1.000503	-6.130111	
874	1.001922	0.001268	-4.978493	-0.001268	1.001922	-2.136003	
875	1.001962	0.002779	-6.119091	-0.002779	1.001962	-1.623287	
876	1.002756	0.000633	-6.567595	-0.000633	1.002756	-2.954139	
877	1.000346	0.003156	-6.736553	-0.003156	1.000346	-1.687995	
878	1.000829	0.000635	-16.346260	-0.000635	1.000829	-7.787231	
879	1.000283	0.000659	-9.058459	-0.000659	1.000283	-3.521342	
880	0.999072	0.000977	-9.536524	-0.000977	0.999072	-2.759451	
881	0.998160	0.000884	-10.445397	-0.000884	0.998160	-2.359549	
882	0.998070	0.001155	-12.227159	-0.001155	0.998070	-2.360251	
883	0.994303	0.001650	-28.362890	-0.001650	0.994303	-4.616762	
884	0.997441	0.000848	-16.661575	-0.000848	0.997441	-1.992414	
885	0.995964	0.001005	-17.324766	-0.001005	0.995964	-1.525553	
886	0.995778	0.001090	-18.435646	-0.001090	0.995778	-1.217096	
887	0.995034	0.001355	-19.698776	-0.001355	0.995034	-1.150736	
888	0.989014	0.002843	-42.098104	-0.002843	0.989014	-2.852788	
889	0.994704	0.001461	-22.752060	-0.001461	0.994704	-1.541918	
890	0.993175	0.001804	-22.900895	-0.001804	0.993175	-1.370121	
891	0.994111	0.002188	-24.346468	-0.002188	0.994111	-1.487895	
892	0.993094	0.002553	-24.504271	-0.002553	0.993094	-1.037088	
893	0.986255	0.003089	-49.533722	-0.003089	0.986255	-3.229519	
894	0.992836	0.001746	-24.611108	-0.001746	0.992836	-1.900751	
895	0.992650	0.001591	-24.275488	-0.001591	0.992650	-1.951820	
896	0.993441	0.001580	-24.705578	-0.001580	0.993441	-2.245076	
897	0.994392	0.001708	-24.921297	-0.001708	0.994392	-2.341091	
898	0.984056	0.003107	-45.141675	-0.003107	0.984056	-1.698149	
899	0.993101	0.001418	-21.814771	-0.001418	0.993101	-0.227495	
900	1.003495	0.006508	-8.626120	-0.006508	1.003495	0.678392	
901	0.992628	0.001691	-20.324797	-0.001691	0.992628	1.116488	
902	1.000238	0.007890	-7.788605	-0.007890	1.000238	3.241701	
903	1.003391	0.003153	-5.218213	-0.003153	1.003391	0.460699	
904	0.982293	0.002545	-38.741841	-0.002545	0.982293	3.964878	
905	1.000771	0.000209	-1.299919	-0.000209	1.000771	-0.343485	
906	0.994849	0.004047	-1.961501	-0.004047	0.994849	5.230454	
907	0.990256	0.002152	-17.025912	-0.002152	0.990256	3.553486	
908	0.990942	0.001840	-16.995476	-0.001840	0.990942	3.099152	
909	0.982510	0.003025	-32.313012	-0.003025	0.982510	6.859716	
910	0.990785	0.001614	-14.963263	-0.001614	0.990785	3.894312	
911	0.999222	0.003778	-2.706806	-0.003778	0.999222	2.610182	
912	0.994605	0.005173	-1.221057	-0.005173	0.994605	6.010594	
913	0.989967	0.001737	-12.530632	-0.001737	0.989967	3.916518	
914	0.982381	0.002485	-25.421793	-0.002485	0.982381	5.350011	
915	0.996288	0.003362	-1.334292	-0.003362	0.996288	3.548125	
916	0.997235	0.002476	-1.050060	-0.002476	0.997235	2.446644	
917	0.991842	0.001450	-12.699500	-0.001450	0.991842	2.397430	
918	0.992837	0.001371	-13.348503	-0.001371	0.992837	2.322614	
919	0.982808	0.003060	-25.942629	-0.003060	0.982808	5.886886	
920	0.992026	0.001693	-13.592134	-0.001693	0.992026	2.803175	
921	0.991494	0.001670	-13.670635	-0.001670	0.991494	3.050751	
922	0.992244	0.002102	-14.207268	-0.002102	0.992244	3.047289	
923	0.998564	0.002115	-16.843269	-0.002115	0.998564	2.004987	
924	0.987530	0.005261	-30.192799	-0.005261	0.987530	6.238134	
925	0.997704	0.001762	-16.085054	-0.001762	0.997704	2.106624	
926	0.994486	0.001492	-15.092479	-0.001492	0.994486	2.642573	
927	1.000776	0.001002	-18.461662	-0.001002	1.000776	0.442091	
928	1.001812	0.001496	-19.624175	-0.001496	1.001812	0.250288	
929	1.000758	0.004295	-38.862920	-0.004295	1.000758	2.594730	
930	1.001145	0.001273	-20.183859	-0.001273	1.001145	0.249591	
931	1.001879	0.001325	-20.384958	-0.001325	1.001879	0.079416	
932	1.002291	0.001239	-20.846138	-0.001239	1.002291	0.118258	
933	1.000434	0.002062	-20.768791	-0.002062	1.000434	1.217309	
934	1.003638	0.004288	-44.376042	-0.004288	1.003638	2.030220	
935	1.000718	0.002182	-21.913158	-0.002182	1.000718	1.145352	
936	1.000582	0.002006	-22.417247	-0.002006	1.000582	0.962282	
937	1.001384	0.002213	-22.885447	-0.002213	1.001384	0.988282	
938	1.001638	0.002238	-23.481333	-0.002238	1.001638	1.007787	
939	1.001014	0.004532	-46.586776	-0.004532	1.001014	3.283080	
940	1.001622	0.002598	-23.131767	-0.002598	1.001622	1.400673	
941	0.999542	0.002163	-21.535370	-0.002163	0.999542	1.598923	
942	1.001787	0.002274	-22.805308	-0.002274	1.001787	0.717197	
943	1.001051	0.001959	-21.932272	-0.001959	1.001051	0.705639	
944	1.000563	0.004034	-43.165697	-0.004034	1.000563	2.483507	
945	1.000275	0.001805	-20.145634	-0.001805	1.000275	1.234454	
946	1.001038	0.001880	-20.277394	-0.001880	1.001038	0.917486	
947	1.000377	0.001824	-19.235442	-0.001824	1.000377	1.008887	
948	0.999043	0.001872	-17.059622	-0.001872	0.999043	1.450066	
949	1.002333	0.002838	-36.800647	-0.002838	1.002333	0.962792	
950	0.999600	0.001386	-14.529968	-0.001386	0.999600	0.890029	
951	1.002318	0.001254	-16.670539	-0.001254	1.002318	0.083646	
952	1.001253	0.000982	-14.353274	-0.000982	1.001253	0.197411	
953	0.990450	0.008148	-2.565060	-0.008148	0.990450	9.624515	
954	1.004110	0.002300	-28.253449	-0.002300	1.004110	-0.233842	
955	0.994702	0.001050	-3.849108	-0.001050	0.994702	2.167993	
956	0.994356	0.004538	-2.953428	-0.004538	0.994356	5.236507	
957	0.999954	0.000534	-7.681844	-0.000534	0.999954	0.117423	
958	0.996591	0.002361	-3.420528	-0.002361	0.996591	2.925519	
959	1.008317	0.001291	-22.798952	-0.001291	1.008317	-2.361458	
960	1.003663	0.000860	-9.486811	-0.000860	1.003663	-0.717270	
961	1.002430	0.001415	-6.765742	-0.001415	1.002430	0.056080	
962	1.001936	0.001430	-5.514794	-0.001430	1.001936	0.212587	
963	1.002484	0.001308	-5.503178	-0.001308	1.002484	0.083335	
964	1.008472	0.002742	-14.786393	-0.002742	1.008472	-0.860053	
965	1.000370	0.001117	-1.927267	-0.001117	1.000370	0.539755	
966	1.002809	0.001073	-4.199906	-0.001073	1.002809	-0.621559	
967	1.003200	0.000924	-4.067544	-0.000924	1.003200	-0.885118	
968	1.003288	0.000567	-3.402486	-0.000567	1.003288	-1.015651	
969	1.008201	0.000587	-6.774272	-0.000587	1.008201	-2.617080	
970	1.004112	-0.000180	-2.391151	0.000180	1.004112	-1.107071	
971	1.002968	-0.000549	-0.759896	0.000549	1.002968	-0.907445	
972	1.003404	-0.000175	-1.334637	0.000175	1.003404	-0.809696	
973	1.004289	-0.000120	-2.265319	0.000120	1.004289	-1.425044	
974	1.010865	0.000058	-7.928031	-0.000058	1.010865	-4.855104	
975	1.004390	0.000452	-3.538858	-0.000452	1.004390	-1.909825	
976	1.003152	0.000050	-2.546135	-0.000050	1.003152	-1.667419	
977	1.002588	-0.000077	-2.541291	0.000077	1.002588	-1.516494	
978	1.004023	0.000501	-4.493027	-0.000501	1.004023	-1.221180	
979	1.012640	0.000525	-13.842541	-0.000525	1.012640	-3.814358	
980	1.004603	0.000782	-4.939832	-0.000782	1.004603	-1.264884	
981	1.004082	0.000755	-4.588992	-0.000755	1.004082	-1.108593	
982	1.004401	0.000817	-4.687586	-0.000817	1.004401	-1.334876	
983	1.002695	0.000534	-2.868791	-0.000534	1.002695	-0.821077	
984	1.008551	0.000899	-8.074999	-0.000899	1.008551	-2.783921	
985	1.003681	-0.000135	-2.746540	0.000135	1.003681	-1.429085	
986	1.005157	-0.000118	-3.492869	0.000118	1.005157	-2.146436	
987	1.004805	-0.000643	-2.484584	0.000643	1.004805	-2.525857	
988	1.005907	-0.000263	-3.200884	0.000263	1.005907	-2.799892	
989	1.009616	-0.000771	-4.564788	0.000771	1.009616	-4.611206	
990	1.003448	-0.000435	-0.372819	0.000435	1.003448	-1.752315	
991	1.001267	-0.000795	1.852331	0.000795	1.001267	-1.174743	
992	0.999475	-0.001124	4.029429	0.001124	0.999475	-0.803295	
993	1.000403	-0.001656	4.219296	0.001656	1.000403	-1.570558	
994	1.000628	-0.000611	13.041547	0.000611	1.000628	-1.005603	
995	1.000169	-0.000590	7.686256	0.000590	1.000169	-0.444684	
996	1.000838	-0.001539	7.602539	0.001539	1.000838	-1.286145	
997	0.998224	-0.000840	10.660578	0.000840	0.998224	0.064413	
998	0.997671	-0.001101	11.998803	0.001101	0.997671	-0.023063	
999	0.991823	-0.001963	29.553545	0.001963	0.991823	0.566643	
1000	0.995111	-0.001312	16.530861	0.001312	0.995111	0.717622	
1001	0.995281	-0.001212	16.636274	0.001212	0.995281	0.834633	
1002	0.993437	-0.001405	18.755250	0.001405	0.993437	1.299868	
1003	0.992359	-0.001629	19.436682	0.001629	0.992359	1.496789	
1004	0.982575	-0.003063	40.754297	0.003063	0.982575	4.326723	
1005	0.991073	-0.001583	19.920043	0.001583	0.991073	2.244235	
1006	0.991549	-0.001838	19.375348	0.001838	0.991549	1.661196	
1007	0.991038	-0.001635	19.326482	0.001635	0.991038	2.127687	
1008	0.989916	-0.001621	20.175428	0.001621	0.989916	2.380639	
1009	0.980300	-0.002318	40.131717	0.002318	0.980300	5.899440	
1010	0.988191	-0.001394	20.630049	0.001394	0.988191	3.427059	
1011	0.989917	-0.001285	18.801284	0.001285	0.989917	2.958554	
1012	0.990428	-0.001262	17.329569	0.001262	0.990428	2.593299	
1013	0.989385	-0.001092	16.369403	0.001092	0.989385	3.267646	
1014	0.986509	-0.001287	22.040537	0.001287	0.986509	4.919634	
1015	0.998381	-0.001193	3.872813	0.001193	0.998381	0.450487	
1016	0.999600	-0.000556	1.393600	0.000556	0.999600	0.308897	
1017	0.999717	-0.000170	0.081924	0.000170	0.999717	0.276386	
1018	0.999795	0.000203	-0.705211	-0.000203	0.999795	0.277286	
1019	1.000292	0.000719	-2.420860	-0.000719	1.000292	0.369812	
1020	0.999763	0.000432	-1.209441	-0.000432	0.999763	0.476164	
1021	0.999709	0.000395	-1.187057	-0.000395	0.999709	0.715892	
1022	0.999843	0.000288	-1.178922	-0.000288	0.999843	0.668427	
1023	0.999529	0.000431	-1.488884	-0.000431	0.999529	0.714513	
1024	0.999753	0.001756	-4.353638	-0.001756	0.999753	1.583455	
1025	0.999828	0.000620	-2.375045	-0.000620	0.999828	0.541132	
1026	0.999738	0.000798	-2.785152	-0.000798	0.999738	0.870721	
1027	0.999693	0.000780	-2.919000	-0.000780	0.999693	0.977268	
1028	0.999828	0.000888	-3.174702	-0.000888	0.999828	1.062048	
1029	1.000243	0.000582	-8.976061	-0.000582	1.000243	1.132080	
1030	1.000356	0.001119	-4.196464	-0.001119	1.000356	0.829737	
1031	1.000584	0.000914	-4.332600	-0.000914	1.000584	0.515487	
1032	1.001198	0.000939	-4.659039	-0.000939	1.001198	0.156609	
1033	1.001715	0.000992	-5.148341	-0.000992	1.001715	0.047923	
1034	1.004256	0.000624	-12.123892	-0.000624	1.004256	-0.901365	
1035	1.001979	0.000835	-4.992730	-0.000835	1.001979	-0.139323	
1036	1.001963	0.000789	-4.755953	-0.000789	1.001963	-0.131236	
1037	1.002104	0.000910	-4.829260	-0.000910	1.002104	0.138127	
1038	1.001875	0.000801	-4.694428	-0.000801	1.001875	0.329123	
1039	1.005626	0.000175	-11.408518	-0.000175	1.005626	0.247966	
1040	1.001677	0.000699	-4.310375	-0.000699	1.001677	0.617112	
1041	1.001684	0.000785	-4.240911	-0.000785	1.001684	0.712008	
1042	1.001560	0.000714	-4.265115	-0.000714	1.001560	0.879311	
1043	1.001646	0.000807	-4.265754	-0.000807	1.001646	0.803203	
1044	1.005594	0.001221	-11.585029	-0.001221	1.005594	0.916463	
1045	1.001568	0.000623	-4.315641	-0.000623	1.001568	0.480552	
1046	1.001587	0.000373	-4.210454	-0.000373	1.001587	0.350539	
1047	1.001768	0.000309	-4.314422	-0.000309	1.001768	0.242106	
1048	1.001277	0.000386	-3.631043	-0.000386	1.001277	0.289231	
1049	1.000252	0.000046	-4.283535	-0.000046	1.000252	0.873896	
1050	1.001747	0.000274	-3.846780	-0.000274	1.001747	0.059484	
1051	1.001291	0.000474	-3.220321	-0.000474	1.001291	0.400627	
1052	1.001594	0.000445	-3.326287	-0.000445	1.001594	0.257984	
1053	1.001367	0.000283	-2.559523	-0.000283	1.001367	0.130337	
1054	1.005314	0.000979	-6.456930	-0.000979	1.005314	-0.630228	
1055	1.002419	-0.000195	-2.691183	0.000195	1.002419	-0.917122	
1056	1.001306	-0.000294	-1.546175	0.000294	1.001306	-0.614066	
1057	1.001324	-0.000452	-1.608969	0.000452	1.001324	-0.540422	
1058	1.000892	-0.000505	-1.305128	0.000505	1.000892	-0.385864	
1059	1.002774	0.000565	-3.988265	-0.000565	1.002774	0.204706	
1060	1.000940	0.000096	-1.394468	-0.000096	1.000940	-0.134342	
1061	1.001198	0.000082	-1.514940	-0.000082	1.001198	-0.557599	
1062	1.000797	0.000127	-1.227990	-0.000127	1.000797	-0.745129	
1063	0.999987	0.000008	-0.427606	-0.000008	0.999987	-0.831557	
1064	1.000849	0.000044	-0.955468	-0.000044	1.000849	-2.244591	
1065	0.999972	-0.000321	0.273481	0.000321	0.999972	-1.103822	
1066	1.000130	-0.000374	-0.147350	0.000374	1.000130	-0.736665	
1067	0.999831	-0.000532	0.174407	0.000532	0.999831	-0.497579	
1068	0.999748	-0.000384	0.198505	0.000384	0.999748	-0.223060	
1069	0.999693	-0.000273	0.104727	0.000273	0.999693	-0.109924	
1070	0.999669	0.000234	-0.291952	-0.000234	0.999669	0.458146	
1071	1.000062	-0.000206	-0.369223	0.000206	1.000062	-0.173155	
1072	0.999527	-0.000245	0.248722	0.000245	0.999527	0.065178	
1073	0.998911	-0.000082	0.622866	0.000082	0.998911	0.475620	
1074	0.998347	-0.000303	1.013277	0.000303	0.998347	0.592040	
1075	0.995064	0.000088	3.084446	-0.000088	0.995064	2.536802	
1076	0.996867	-0.000047	1.992561	0.000047	0.996867	1.376825	
1077	0.996520	-0.000011	1.925764	0.000011	0.996520	1.542871	
1078	0.995892	0.000147	2.232973	-0.000147	0.995892	1.977085	
1079	0.996587	-0.000061	1.967003	0.000061	0.996587	1.502026	
1080	0.991072	0.000454	5.022487	-0.000454	0.991072	4.611919	
1081	0.994292	-0.000092	3.269139	0.000092	0.994292	2.505197	
1082	0.994880	-0.000107	2.963375	0.000107	0.994880	2.177778	
1083	0.995322	-0.000130	2.759132	0.000130	0.995322	1.880639	
1084	0.996183	-0.000248	1.774793	0.000248	0.996183	1.204893	
1085	0.992940	0.000767	2.645804	-0.000767	0.992940	3.052601	
1086	0.996378	0.000505	0.936454	-0.000505	0.996378	1.843588	
1087	0.996004	0.000597	0.887513	-0.000597	0.996004	2.252517	
1088	0.996216	0.000643	0.765664	-0.000643	0.996216	2.135009	
1089	0.996472	0.000671	0.296494	-0.000671	0.996472	1.878806	
1090	0.992935	0.001983	0.085632	-0.001983	0.992935	3.893203	
1091	0.996431	0.000693	-0.168201	-0.000693	0.996431	1.617891	
1092	0.996295	0.000601	0.093031	-0.000601	0.996295	1.769819	
1093	0.996271	0.000402	1.107923	-0.000402	0.996271	1.826911	
1094	0.996375	-0.000252	2.974005	0.000252	0.996375	1.265514	
1095	0.990088	-0.001466	12.717850	0.001466	0.990088	1.206551	
1096	0.994986	-0.001623	9.689404	0.001623	0.994986	-0.025573	
1097	0.993609	-0.000942	15.104672	0.000942	0.993609	0.697250	
1098	0.994983	-0.001851	16.853420	0.001851	0.994983	-0.407485	
1099	0.994356	-0.001946	20.521766	0.001946	0.994356	-0.478324	
1100	0.988085	-0.003932	51.387221	0.003932	0.988085	-1.634761	
1101	0.995620	-0.002498	28.043153	0.002498	0.995620	-2.040868	
1102	0.995245	-0.002837	29.707532	0.002837	0.995245	-2.494041	
1103	0.993442	-0.002780	32.737462	0.002780	0.993442	-2.136005	
1104	0.995361	-0.002989	32.533287	0.002989	0.995361	-3.154936	
1105	0.998634	-0.007386	61.578783	0.007386	0.998634	-8.565842	
1106	0.999591	-0.003697	30.464505	0.003697	0.999591	-3.495405	
1107	0.999290	-0.003248	29.740708	0.003248	0.999290	-2.449795	
1108	0.999340	-0.002998	28.182840	0.002998	0.999340	-1.510571	
1109	0.999541	-0.002849	26.255133	0.002849	0.999541	-0.975598	
1110	0.999287	-0.004522	44.197384	0.004522	0.999287	-1.271875	
1111	0.999403	-0.002132	17.963927	0.002132	0.999403	-0.964530	
1112	0.999259	-0.001676	14.481589	0.001676	0.999259	-0.683190	
1113	0.999504	-0.001406	11.248446	0.001406	0.999504	-0.628242	
1114	0.999908	-0.003098	7.275466	0.003098	0.999908	-1.745594	
1115	0.997871	-0.001206	7.932093	0.001206	0.997871	-0.078564	
1116	0.999751	0.000018	0.244948	-0.000018	0.999751	0.171499	
1117	0.999917	0.000425	-1.305999	-0.000425	0.999917	0.447833	
1118	1.000082	0.000777	-2.405543	-0.000777	1.000082	0.716080	
1119	1.000114	0.000889	-2.830343	-0.000889	1.000114	0.816412	
1120	1.000783	0.001919	-6.973637	-0.001919	1.000783	1.270799	
1121	1.000554	0.001137	-4.064851	-0.001137	1.000554	0.550244	
1122	1.000691	0.001303	-4.489999	-0.001303	1.000691	0.523899	
1123	1.000849	0.001402	-4.645445	-0.001402	1.000849	0.548988	
1124	1.000934	0.001626	-5.240547	-0.001626	1.000934	0.760324	
1125	0.999876	0.001365	-12.425338	-0.001365	0.999876	1.046102	
1126	1.001781	0.001612	-7.113059	-0.001612	1.001781	0.669261	
1127	1.000491	0.001514	-7.384871	-0.001514	1.000491	0.966633	
1128	1.000517	0.001591	-7.563614	-0.001591	1.000517	0.968826	
1129	1.000795	0.002033	-6.849633	-0.002033	1.000795	0.972135	
1130	1.000595	0.001827	-16.101383	-0.001827	1.000595	0.943545	
1131	1.001017	0.001981	-8.254017	-0.001981	1.001017	0.941717	
1132	1.000267	0.001367	-8.213633	-0.001367	1.000267	0.856561	
1133	1.000281	0.001132	-8.126177	-0.001132	1.000281	0.656799	
1134	1.000348	0.001110	-8.196924	-0.001110	1.000348	0.582986	
1135	1.000789	0.001694	-16.832792	-0.001694	1.000789	1.277028	
1136	1.000614	0.001121	-8.357151	-0.001121	1.000614	0.844944	
1137	1.000473	0.001218	-8.367952	-0.001218	1.000473	0.967165	
1138	1.002215	0.001917	-7.951197	-0.001917	1.002215	0.730289	
1139	1.004413	0.002336	-7.908736	-0.002336	1.004413	-0.204639	
1140	1.002074	0.001341	-11.929978	-0.001341	1.002074	-0.518408	
1141	1.002790	0.000897	-3.758371	-0.000897	1.002790	-0.732914	
1142	1.002602	0.000186	-2.014829	-0.000186	1.002602	-0.936987	
1143	1.002703	-0.000184	-0.463369	0.000184	1.002703	-0.932083	
1144	1.002593	-0.000558	0.871824	0.000558	1.002593	-0.926448	
1145	1.010734	-0.001404	0.812470	0.001404	1.010734	-3.998412	
1146	1.002922	-0.001286	0.889869	0.001286	1.002922	-1.983278	
1147	1.006429	-0.000932	0.396020	0.000932	1.006429	-3.130854	
1148	1.006689	-0.000907	0.158721	0.000907	1.006689	-3.352590	
1149	1.006059	-0.001173	-0.414809	0.001173	1.006059	-3.579268	
1150	1.011242	-0.001103	-5.449302	0.001103	1.011242	-6.095893	
1151	1.007140	0.000615	-6.393396	-0.000615	1.007140	-2.729195	
1152	1.007501	0.001160	-8.280081	-0.001160	1.007501	-2.632008	
1153	1.009189	0.000639	-11.294104	-0.000639	1.009189	-3.380589	
1154	1.008857	0.001076	-12.159188	-0.001076	1.008857	-3.046644	
1155	1.015868	0.001561	-28.500479	-0.001561	1.015868	-5.264564	
1156	1.008368	0.001207	-16.552638	-0.001207	1.008368	-2.209103	
1157	1.009708	0.001475	-18.808128	-0.001475	1.009708	-2.506563	
1158	1.008853	0.001016	-19.838264	-0.001016	1.008853	-2.451420	
1159	1.009423	0.001461	-21.003274	-0.001461	1.009423	-2.230928	
1160	1.020084	0.002671	-44.955388	-0.002671	1.020084	-5.840486	
