0	1.000000	0.000000	0.000000	0.000000	1.000000	0.000000	
1	1.000000	-0.000000	0.000000	0.000000	1.000000	0.000000	
2	0.997336	-0.002039	26.460695	0.002039	0.997336	-0.246058	
3	1.000837	-0.000489	10.714960	0.000489	1.000837	-2.011335	
4	0.999765	-0.000906	11.817479	0.000906	0.999765	-1.068408	
5	0.999902	-0.000887	11.789942	0.000887	0.999902	-0.397072	
6	0.999693	-0.000876	11.904790	0.000876	0.999693	0.225394	
7	0.997846	-0.001717	25.487787	0.001717	0.997846	-2.362772	
8	0.999392	-0.001062	11.957447	0.001062	0.999392	-0.653565	
9	1.000681	-0.000851	10.608307	0.000851	1.000681	-0.842254	
10	0.999035	-0.000960	11.731269	0.000960	0.999035	-0.267659	
11	1.000400	-0.000677	10.284320	0.000677	1.000400	-0.466307	
12	0.997144	-0.001894	23.937194	0.001894	0.997144	-0.221062	
13	0.999561	-0.000753	10.377128	0.000753	0.999561	-0.550023	
14	0.999568	-0.000722	10.115118	0.000722	0.999568	-0.283604	
15	1.003923	0.000782	5.562557	-0.000782	1.003923	-0.545144	
16	1.000119	-0.000743	9.187724	0.000743	1.000119	-0.714095	
17	0.997700	-0.001488	20.614012	0.001488	0.997700	0.142986	
18	0.998936	-0.000727	9.706608	0.000727	0.998936	-0.120510	
19	1.003228	0.001287	4.994074	-0.001287	1.003228	-0.257376	
20	0.999479	-0.000592	9.036931	0.000592	0.999479	-0.059273	
21	0.997257	-0.002060	10.113740	0.002060	0.997257	-0.069250	
22	1.003618	0.001253	4.318496	-0.001253	1.003618	-0.650285	
23	0.998122	-0.001751	18.112019	0.001751	0.998122	0.994825	
24	0.999669	-0.000529	8.136685	0.000529	0.999669	-1.571576	
25	0.998117	-0.000845	8.926404	0.000845	0.998117	1.382181	
26	1.003894	0.000730	3.077890	-0.000730	1.003894	-0.324490	
27	0.999003	-0.000749	8.306667	0.000749	0.999003	-2.028007	
28	0.998333	-0.001400	16.536092	0.001400	0.998333	-0.099458	
29	0.999168	-0.000710	8.078438	0.000710	0.999168	-0.539202	
30	0.998635	-0.000934	8.359424	0.000934	0.998635	0.084360	
31	0.996484	-0.002406	9.806849	0.002406	0.996484	-0.266757	
32	1.003362	-0.000448	2.966333	0.000448	1.003362	-0.833752	
33	0.997954	-0.001414	17.047232	0.001414	0.997954	0.405071	
34	0.997977	-0.001938	8.752958	0.001938	0.997977	-1.367628	
35	0.998039	-0.001944	8.618212	0.001944	0.998039	-1.017463	
36	0.998006	-0.001932	8.673200	0.001932	0.998006	-0.924538	
37	0.999337	-0.000571	7.465675	0.000571	0.999337	0.239823	
38	0.997869	-0.001330	16.005705	0.001330	0.997869	1.493581	
39	0.998095	-0.001956	7.913768	0.001956	0.998095	-1.466881	
40	0.996826	-0.001809	8.662940	0.001809	0.996826	0.195212	
41	1.001811	-0.000053	3.505540	0.000053	1.001811	-1.073959	
42	0.997861	-0.001719	7.684975	0.001719	0.997861	-0.324632	
43	0.997477	-0.001255	14.366310	0.001255	0.997477	0.193764	
44	0.997851	-0.001341	7.323053	0.001341	0.997851	1.311090	
45	1.000606	0.000405	4.498668	-0.000405	1.000606	-0.592452	
46	0.999026	-0.000869	5.896604	0.000869	0.999026	-0.305431	
47	0.998624	-0.001124	6.189100	0.001124	0.998624	0.056257	
48	0.997305	-0.001242	13.667971	0.001242	0.997305	0.696484	
49	0.999845	-0.000489	4.694196	0.000489	0.999845	-0.032722	
50	0.999953	-0.000423	4.451649	0.000423	0.999953	0.342889	
51	1.000006	-0.000343	4.441235	0.000343	1.000006	-0.352469	
52	0.998086	-0.001201	6.684074	0.001201	0.998086	0.332714	
53	0.998268	-0.001197	13.217364	0.001197	0.998268	0.793908	
54	0.998561	-0.001402	6.827220	0.001402	0.998561	-0.498106	
55	0.998902	-0.001043	6.196121	0.001043	0.998902	0.217482	
56	0.998479	-0.000957	6.315624	0.000957	0.998479	-1.103526	
57	0.998218	-0.001365	7.081383	0.001365	0.998218	-0.379520	
58	0.997393	-0.001273	13.585233	0.001273	0.997393	0.251064	
59	1.000679	-0.000133	3.806262	0.000133	1.000679	-0.190255	
60	0.999698	-0.000435	4.430185	0.000435	0.999698	0.366725	
61	0.999579	-0.000282	4.153850	0.000282	0.999579	-0.560157	
62	0.999672	-0.000406	4.233289	0.000406	0.999672	-0.193948	
63	0.997292	-0.001231	10.699118	0.001231	0.997292	0.812597	
64	0.999697	-0.000239	3.381043	0.000239	0.999697	-0.628070	
65	0.999574	-0.000443	3.390018	0.000443	0.999574	-0.057276	
66	0.999563	-0.000373	3.490265	0.000373	0.999563	-0.048721	
67	0.999986	-0.000431	3.394460	0.000431	0.999986	-0.163228	
68	1.000717	-0.001087	7.881608	0.001087	1.000717	-1.178129	
69	1.000533	-0.000405	3.276925	0.000405	1.000533	-0.299466	
70	1.000389	-0.000296	3.351450	0.000296	1.000389	0.403262	
71	1.000508	-0.000414	3.371728	0.000414	1.000508	-0.422935	
72	1.000415	-0.000464	3.744036	0.000464	1.000415	-0.605486	
73	0.999841	-0.000891	9.986614	0.000891	0.999841	0.706425	
74	1.000334	-0.000425	4.241247	0.000425	1.000334	-0.117969	
75	1.000284	-0.000530	4.510751	0.000530	1.000284	0.099557	
76	1.000400	-0.000537	4.696014	0.000537	1.000400	-0.312108	
77	1.000241	-0.000459	4.752746	0.000459	1.000241	0.231364	
78	0.999642	-0.001191	12.040988	0.001191	0.999642	-0.537415	
79	0.999981	-0.000440	4.753320	0.000440	0.999981	-0.461300	
80	1.000017	-0.000332	4.425907	0.000332	1.000017	-0.193569	
81	1.000203	-0.000426	4.196100	0.000426	1.000203	0.029770	
82	1.000032	-0.000417	3.995816	0.000417	1.000032	0.003701	
83	0.999589	-0.000746	8.885300	0.000746	0.999589	0.625417	
84	1.000094	-0.000247	3.189433	0.000247	1.000094	-0.025249	
85	1.000034	-0.000339	3.194028	0.000339	1.000034	0.084071	
86	1.000028	-0.000358	3.358925	0.000358	1.000028	0.095670	
87	1.000050	-0.000357	3.317574	0.000357	1.000050	0.768723	
88	0.999400	-0.000681	8.680933	0.000681	0.999400	-0.587440	
89	1.000013	-0.000406	3.314753	0.000406	1.000013	0.842880	
90	1.000048	-0.000373	3.590158	0.000373	1.000048	0.185291	
91	0.999991	-0.000294	3.428030	0.000294	0.999991	0.343816	
92	0.999981	-0.000316	3.428305	0.000316	0.999981	0.499069	
93	0.999197	-0.000770	8.730779	0.000770	0.999197	2.632176	
94	1.000132	-0.000241	3.112218	0.000241	1.000132	0.316566	
95	0.999765	-0.000186	3.287924	0.000186	0.999765	0.899534	
96	1.000001	-0.000397	2.755120	0.000397	1.000001	1.434590	
97	1.000108	-0.000259	2.615986	0.000259	1.000108	0.350878	
98	1.001285	-0.000374	4.414032	0.000374	1.001285	1.933699	
99	0.999963	-0.000268	2.116389	0.000268	0.999963	1.014901	
100	0.999857	-0.000249	1.928227	0.000249	0.999857	1.050790	
101	0.999938	-0.000185	1.626438	0.000185	0.999938	0.784422	
102	0.999943	-0.000189	1.454640	0.000189	0.999943	0.997811	
103	0.999995	-0.000420	2.189320	0.000420	0.999995	1.407660	
104	0.999908	-0.000119	0.601163	0.000119	0.999908	0.795624	
105	0.999944	-0.000067	0.647153	0.000067	0.999944	0.623990	
106	1.000015	-0.000118	0.234393	0.000118	1.000015	0.495281	
107	1.000005	-0.000159	0.345648	0.000159	1.000005	0.226803	
108	1.000519	-0.000080	0.302690	0.000080	1.000519	0.431733	
109	1.000414	-0.000138	0.030102	0.000138	1.000414	-0.123127	
110	1.000358	-0.000147	0.102895	0.000147	1.000358	0.337026	
111	1.000533	-0.000089	-0.011777	0.000089	1.000533	-0.201728	
112	1.000501	-0.000112	0.079237	0.000112	1.000501	0.029402	
113	1.001452	-0.000123	0.177358	0.000123	1.001452	-0.334586	
114	1.000689	-0.000087	0.027412	0.000087	1.000689	-0.059282	
115	1.000670	-0.000068	0.192652	0.000068	1.000670	-0.409985	
116	1.000746	-0.000085	0.188854	0.000085	1.000746	-0.133815	
117	1.000795	-0.000133	0.305734	0.000133	1.000795	-0.648503	
118	1.001923	-0.000143	0.886617	0.000143	1.001923	0.298245	
119	1.000576	-0.000117	0.713997	0.000117	1.000576	-1.345892	
120	1.000407	-0.000139	0.851248	0.000139	1.000407	-0.344078	
121	1.000357	-0.000067	0.753678	0.000067	1.000357	-0.381457	
122	1.000327	-0.000082	0.977296	0.000082	1.000327	1.048635	
123	1.000832	-0.000135	1.532572	0.000135	1.000832	-2.194750	
124	1.000170	-0.000043	0.893396	0.000043	1.000170	0.785820	
125	1.000260	-0.000007	0.731680	0.000007	1.000260	-0.952225	
126	1.000175	-0.000072	0.839151	0.000072	1.000175	0.290140	
127	1.000254	-0.000059	0.880918	0.000059	1.000254	0.199461	
128	1.000517	-0.000222	2.135865	0.000222	1.000517	-0.961073	
129	1.000222	-0.000157	1.017784	0.000157	1.000222	-0.057788	
130	1.000243	-0.000129	1.005402	0.000129	1.000243	-0.324810	
131	1.000428	-0.000153	0.901229	0.000153	1.000428	-0.096966	
132	1.000407	-0.000100	1.080801	0.000100	1.000407	-0.227330	
133	1.000462	-0.000241	2.219086	0.000241	1.000462	-0.441397	
134	1.000294	-0.000100	0.969627	0.000100	1.000294	-0.095859	
135	1.000323	-0.000103	0.894735	0.000103	1.000323	0.117992	
136	1.000266	-0.000090	0.987046	0.000090	1.000266	-0.336156	
137	1.000241	-0.000101	1.040105	0.000101	1.000241	-0.392272	
138	1.000600	-0.000219	2.191662	0.000219	1.000600	-0.140717	
139	1.000229	-0.000102	1.105652	0.000102	1.000229	-0.042655	
140	1.000162	-0.000140	1.218856	0.000140	1.000162	0.057528	
141	1.000250	-0.000052	1.112559	0.000052	1.000250	1.155987	
142	1.000328	-0.000074	1.283671	0.000074	1.000328	0.111531	
143	1.000767	-0.000234	2.717451	0.000234	1.000767	-2.579883	
144	1.000197	-0.000183	1.740225	0.000183	1.000197	-0.064322	
145	1.000230	-0.000228	1.508400	0.000228	1.000230	-0.417329	
146	1.000280	-0.000213	1.718535	0.000213	1.000280	0.069859	
147	1.000404	-0.000150	1.667587	0.000150	1.000404	0.263709	
148	1.000873	-0.000327	3.077297	0.000327	1.000873	-0.351624	
149	1.000279	-0.000139	1.662195	0.000139	1.000279	-0.614351	
150	1.000301	-0.000236	1.442595	0.000236	1.000301	-0.380164	
151	1.000353	-0.000177	1.290993	0.000177	1.000353	0.187410	
152	1.000376	-0.000201	1.316175	0.000201	1.000376	-0.366738	
153	1.000729	-0.000254	2.643047	0.000254	1.000729	0.074036	
154	1.000339	-0.000184	1.271775	0.000184	1.000339	0.054351	
155	1.000320	-0.000161	1.221651	0.000161	1.000320	-0.353950	
156	1.000323	-0.000135	1.162420	0.000135	1.000323	-0.095678	
157	1.000395	-0.000128	0.940402	0.000128	1.000395	-0.039568	
158	1.001056	-0.000270	1.150525	0.000270	1.001056	-0.451887	
159	1.000465	-0.000051	0.261950	0.000051	1.000465	0.043971	
160	1.000476	-0.000068	-0.056198	0.000068	1.000476	0.584357	
161	1.000469	-0.000082	-0.172730	0.000082	1.000469	-0.913646	
162	1.000410	-0.000010	-0.429500	0.000010	1.000410	-0.331381	
163	1.000831	-0.000039	-1.019509	0.000039	1.000831	0.058462	
164	1.000396	0.000002	-0.397041	-0.000002	1.000396	-0.359402	
165	1.000477	0.000051	-0.312529	-0.000051	1.000477	-0.424561	
166	1.000488	-0.000012	-0.545946	0.000012	1.000488	-0.212567	
167	1.000488	-0.000022	-0.521611	0.000022	1.000488	-0.174189	
168	1.000910	0.000010	-0.836739	-0.000010	1.000910	-0.409617	
169	1.000631	-0.000020	-0.459832	0.000020	1.000631	-0.349016	
170	1.000419	-0.000044	-0.200638	0.000044	1.000419	-0.244541	
171	1.000424	0.000007	-0.327506	-0.000007	1.000424	-0.162219	
172	1.000506	0.000000	-0.292372	-0.000000	1.000506	-0.162474	
173	1.001000	-0.000086	-0.575826	0.000086	1.001000	-0.385643	
174	1.000477	-0.000007	-0.245339	0.000007	1.000477	-0.251827	
175	1.000481	-0.000072	-0.180447	0.000072	1.000481	-0.000240	
176	1.000466	-0.000029	-0.112504	0.000029	1.000466	-0.250942	
177	1.000394	-0.000066	-0.195317	0.000066	1.000394	-0.179980	
178	1.000952	-0.000036	-0.356547	0.000036	1.000952	0.302345	
179	1.000606	-0.000028	-0.170633	0.000028	1.000606	-0.445551	
180	1.000559	-0.000023	0.024053	0.000023	1.000559	0.396916	
181	1.000543	-0.000015	0.005039	0.000015	1.000543	-0.067872	
182	1.000489	0.000029	0.143290	-0.000029	1.000489	0.138992	
183	1.001151	-0.000045	-0.112634	0.000045	1.001151	0.291071	
184	1.000797	0.000053	-0.162418	-0.000053	1.000797	0.220635	
185	1.000915	0.000067	-0.096585	-0.000067	1.000915	0.380096	
186	1.000857	0.000044	0.175580	-0.000044	1.000857	0.867723	
187	1.001387	0.000046	-0.088963	-0.000046	1.001387	0.783927	
188	1.001485	0.000168	-0.152545	-0.000168	1.001485	1.381409	
189	1.001809	0.000405	0.540491	-0.000405	1.001809	3.164350	
190	1.001410	0.000044	0.196587	-0.000044	1.001410	1.717320	
191	1.001627	0.000064	0.238249	-0.000064	1.001627	2.044727	
192	1.001691	-0.000069	0.367709	0.000069	1.001691	1.299679	
193	1.001541	0.000039	0.571907	-0.000039	1.001541	2.132110	
194	1.005101	-0.000821	1.321101	0.000821	1.005101	4.168486	
195	1.001914	-0.000260	1.148437	0.000260	1.001914	2.116770	
196	1.001905	-0.000102	1.277351	0.000102	1.001905	1.781662	
197	1.001944	-0.000098	1.395425	0.000098	1.001944	2.328085	
198	1.001961	0.000010	1.386906	-0.000010	1.001961	2.387973	
199	1.007296	-0.000585	1.545353	0.000585	1.007296	2.983185	
200	1.002801	-0.000032	1.095232	0.000032	1.002801	1.419850	
201	1.002326	0.000011	0.907125	-0.000011	1.002326	1.599044	
202	1.002278	0.000168	1.141740	-0.000168	1.002278	1.623755	
203	1.002171	0.000064	1.023551	-0.000064	1.002171	1.584752	
204	1.007406	-0.000483	1.487693	0.000483	1.007406	2.048283	
205	1.002738	0.000098	0.983469	-0.000098	1.002738	1.931261	
206	1.002028	-0.000013	1.089554	0.000013	1.002028	0.817545	
207	1.002315	0.000045	0.865857	-0.000045	1.002315	1.273490	
208	1.002235	0.000046	0.867102	-0.000046	1.002235	1.116138	
209	1.006840	-0.000256	0.581693	0.000256	1.006840	1.572392	
210	1.002437	0.000071	0.291121	-0.000071	1.002437	0.722721	
211	1.002228	0.000024	0.343973	-0.000024	1.002228	0.599919	
212	1.002200	0.000034	0.301428	-0.000034	1.002200	0.611646	
213	1.002287	0.000119	0.249340	-0.000119	1.002287	0.446844	
214	1.004441	-0.000088	0.259610	0.000088	1.004441	0.605200	
215	1.002328	0.000085	0.029184	-0.000085	1.002328	0.545002	
216	1.002576	0.000102	-0.160973	-0.000102	1.002576	0.200877	
217	1.002907	0.000015	-0.351201	-0.000015	1.002907	-0.356818	
218	1.002732	0.000048	-0.535487	-0.000048	1.002732	0.429516	
219	1.006776	0.000133	-1.530083	-0.000133	1.006776	-1.985595	
220	1.003013	-0.000004	-0.889821	0.000004	1.003013	-0.751195	
221	1.002873	-0.000036	-0.928153	0.000036	1.002873	-0.655057	
222	1.003150	-0.000002	-1.228382	0.000002	1.003150	-1.038788	
223	1.003010	-0.000062	-1.293096	0.000062	1.003010	-1.294790	
224	1.004658	-0.000159	-2.952379	0.000159	1.004658	-1.713596	
225	1.003089	-0.000011	-2.173476	0.000011	1.003089	-1.229485	
226	1.002971	0.000032	-2.282827	-0.000032	1.002971	-1.255387	
227	1.002866	-0.000128	-2.361804	0.000128	1.002866	-1.107053	
228	1.003008	0.000107	-2.426967	-0.000107	1.003008	-1.226878	
229	1.005352	-0.000115	-4.980262	0.000115	1.005352	-1.888272	
230	1.002983	0.000131	-2.995880	-0.000131	1.002983	-0.983886	
231	1.002708	0.000165	-3.111258	-0.000165	1.002708	-0.903485	
232	1.002917	0.000142	-3.500306	-0.000142	1.002917	-1.227022	
233	1.002927	0.000046	-3.849961	-0.000046	1.002927	-1.345542	
234	1.008403	0.000846	-11.173529	-0.000846	1.008403	-3.603263	
235	1.002595	0.000054	-3.803588	-0.000054	1.002595	-1.216164	
236	1.002789	-0.000113	-4.406412	0.000113	1.002789	-1.729466	
237	1.002797	0.000032	-4.477146	-0.000032	1.002797	-1.493096	
238	1.002442	-0.000159	-4.259592	0.000159	1.002442	-1.585671	
239	1.007262	0.001102	-11.681961	-0.001102	1.007262	-3.176553	
240	1.003727	0.000151	-5.681921	-0.000151	1.003727	-3.104908	
241	1.003177	0.000234	-5.747798	-0.000234	1.003177	-1.347622	
242	1.003703	0.000201	-6.194340	-0.000201	1.003703	-2.703513	
243	1.003720	0.000319	-6.340864	-0.000319	1.003720	-2.241901	
244	1.006659	0.001018	-13.682788	-0.001018	1.006659	-3.928094	
245	1.003987	0.000683	-7.024559	-0.000683	1.003987	-1.904324	
246	1.003971	0.000621	-7.063769	-0.000621	1.003971	-2.083406	
247	1.004177	0.000991	-7.611602	-0.000991	1.004177	-1.267471	
248	1.004823	0.001015	-7.669903	-0.001015	1.004823	-2.465573	
249	1.005598	0.000838	-14.161082	-0.000838	1.005598	-2.887546	
250	1.003145	0.000738	-6.384578	-0.000738	1.003145	-1.058640	
251	1.002326	0.000257	-5.441773	-0.000257	1.002326	-1.290406	
252	1.002690	0.000353	-5.294321	-0.000353	1.002690	-1.052029	
253	1.003764	0.000934	-6.558472	-0.000934	1.003764	-1.075243	
254	1.005517	0.000784	-12.686905	-0.000784	1.005517	-2.407914	
255	1.001947	0.000115	-4.804236	-0.000115	1.001947	-0.653074	
256	1.003265	0.000755	-5.838325	-0.000755	1.003265	-1.385020	
257	1.002341	0.000420	-5.002431	-0.000420	1.002341	-0.985024	
258	1.002022	0.000326	-4.643747	-0.000326	1.002022	-0.970137	
259	1.007249	0.001586	-12.569372	-0.001586	1.007249	-3.133079	
260	1.002257	0.000428	-4.651407	-0.000428	1.002257	-1.099729	
261	1.001428	0.000282	-4.395060	-0.000282	1.001428	-1.354962	
262	1.000744	0.000230	-4.019902	-0.000230	1.000744	-0.966540	
263	1.000666	0.000330	-3.870661	-0.000330	1.000666	-1.430203	
264	1.000451	0.000582	-10.041637	-0.000582	1.000451	-3.154584	
265	1.001407	0.000340	-5.283767	-0.000340	1.001407	-2.517600	
266	1.000382	0.000249	-4.498697	-0.000249	1.000382	-1.527045	
267	0.999240	0.000105	-4.070439	-0.000105	0.999240	-1.834881	
268	1.000250	0.000244	-4.522738	-0.000244	1.000250	-1.315915	
269	1.000803	0.000164	-11.846959	-0.000164	1.000803	-3.969811	
270	1.004133	0.001077	-7.608028	-0.001077	1.004133	-2.239187	
271	1.004664	0.001011	-8.044554	-0.001011	1.004664	-2.778910	
272	1.003910	0.001182	-8.287431	-0.001182	1.003910	-2.240531	
273	1.002308	0.000556	-7.778426	-0.000556	1.002308	-2.532350	
274	1.001147	0.000501	-15.491791	-0.000501	1.001147	-4.224076	
275	1.000733	0.000432	-6.133828	-0.000432	1.000733	-1.664026	
276	1.000554	0.000469	-8.094918	-0.000469	1.000554	-1.988773	
277	0.999993	0.000685	-8.082910	-0.000685	0.999993	-1.591472	
278	0.997964	0.000779	-6.484405	-0.000779	0.997964	-1.261010	
279	1.000930	0.000692	-17.887577	-0.000692	1.000930	-4.292464	
280	1.006886	0.001248	-11.014315	-0.001248	1.006886	-3.610291	
281	1.000531	0.000835	-9.340481	-0.000835	1.000531	-1.545905	
282	0.999864	0.000603	-9.246286	-0.000603	0.999864	-1.670775	
283	0.999350	0.001007	-9.299795	-0.001007	0.999350	-1.424167	
284	0.999464	0.000636	-19.407830	-0.000636	0.999464	-2.620660	
285	1.000398	0.000815	-10.270463	-0.000815	1.000398	-1.343082	
286	0.999864	0.000821	-10.115234	-0.000821	0.999864	-1.108546	
287	0.999419	0.000926	-9.859140	-0.000926	0.999419	-0.554079	
288	0.999646	0.000572	-10.452518	-0.000572	0.999646	-0.690258	
289	0.998992	0.001574	-20.563472	-0.001574	0.998992	-0.870229	
290	0.999447	0.000696	-10.183176	-0.000696	0.999447	-0.674654	
291	1.000493	0.000897	-10.900278	-0.000897	1.000493	-0.593790	
292	0.999611	0.000765	-10.162764	-0.000765	0.999611	-0.081486	
293	1.000247	0.000997	-10.584495	-0.000997	1.000247	-0.858951	
294	0.999010	0.001962	-21.225989	-0.001962	0.999010	-0.246536	
295	0.999777	0.000861	-10.725236	-0.000861	0.999777	-0.518697	
296	1.000551	0.000858	-10.959516	-0.000858	1.000551	-0.673640	
297	0.999418	0.000619	-10.330993	-0.000619	0.999418	-0.192246	
298	0.999655	0.000833	-11.131131	-0.000833	0.999655	-0.126294	
299	0.999368	0.001790	-22.546161	-0.001790	0.999368	-0.106961	
300	0.999569	0.000714	-11.206739	-0.000714	0.999569	0.230865	
301	0.999416	0.001023	-11.225981	-0.001023	0.999416	0.083683	
302	0.999507	0.000840	-11.472727	-0.000840	0.999507	0.132201	
303	0.999901	0.001029	-12.016588	-0.001029	0.999901	0.344021	
304	0.998953	0.001376	-23.868573	-0.001376	0.998953	1.418801	
305	0.999489	0.001017	-11.898678	-0.001017	0.999489	-0.821820	
306	0.999427	0.001038	-12.213130	-0.001038	0.999427	0.914333	
307	0.999569	0.000921	-12.438124	-0.000921	0.999569	0.375681	
308	0.999747	0.001054	-12.744818	-0.001054	0.999747	1.095991	
309	0.999005	0.001136	-25.876892	-0.001136	0.999005	2.017233	
310	0.999777	0.000911	-12.805400	-0.000911	0.999777	0.577272	
311	0.999278	0.001094	-12.434263	-0.001094	0.999278	0.913877	
312	0.999847	0.000934	-12.648119	-0.000934	0.999847	0.536587	
313	1.000318	0.000815	-12.834026	-0.000815	1.000318	0.148088	
314	0.998553	0.001417	-24.229909	-0.001417	0.998553	1.523774	
315	0.999567	0.000600	-11.554037	-0.000600	0.999567	1.063868	
316	0.999659	0.000972	-11.991535	-0.000972	0.999659	1.737850	
317	0.999800	0.000983	-11.509996	-0.000983	0.999800	0.491681	
318	0.999434	0.000897	-11.333695	-0.000897	0.999434	1.634099	
319	0.999337	0.001950	-23.254253	-0.001950	0.999337	1.213637	
320	0.999567	0.000800	-11.042027	-0.000800	0.999567	2.271147	
321	0.999181	0.000543	-10.508464	-0.000543	0.999181	-0.796250	
322	0.999442	0.001084	-10.846573	-0.001084	0.999442	1.253319	
323	0.999093	0.000943	-10.699299	-0.000943	0.999093	1.365903	
324	0.999879	0.001599	-23.347072	-0.001599	0.999879	1.509511	
325	0.999042	0.000669	-10.054181	-0.000669	0.999042	1.429099	
326	0.998940	0.000943	-9.953378	-0.000943	0.998940	0.543614	
327	0.999248	0.000720	-10.046389	-0.000720	0.999248	1.347735	
328	0.999485	0.000757	-10.283009	-0.000757	0.999485	0.158330	
329	0.997508	0.000906	-19.763821	-0.000906	0.997508	1.913750	
330	0.998780	0.000624	-9.587348	-0.000624	0.998780	0.651381	
331	0.999108	0.000671	-9.654656	-0.000671	0.999108	1.139979	
332	0.995550	-0.001023	-5.993964	0.001023	0.995550	0.680910	
333	0.993077	-0.003442	-2.726589	0.003442	0.993077	0.600520	
334	0.999499	0.002263	-22.017483	-0.002263	0.999499	0.849813	
335	1.003137	0.002519	-12.813055	-0.002519	1.003137	1.762309	
336	0.995328	-0.001376	-6.207109	0.001376	0.995328	-0.136980	
337	1.000301	0.001548	-11.385660	-0.001548	1.000301	1.513174	
338	1.005390	0.003808	-14.107489	-0.003808	1.005390	1.342816	
339	0.999185	0.002168	-23.185628	-0.002168	0.999185	1.225746	
340	1.000352	0.001030	-11.339186	-0.001030	1.000352	1.206606	
341	0.999860	0.000874	-11.133773	-0.000874	0.999860	2.112396	
342	1.000511	0.000711	-11.339054	-0.000711	1.000511	-0.490960	
343	1.000036	0.001312	-11.462456	-0.001312	1.000036	1.330285	
344	1.000317	0.001661	-23.799917	-0.001661	1.000317	2.346113	
345	1.005743	0.003764	-14.269452	-0.003764	1.005743	1.351783	
346	1.004173	0.002500	-13.373767	-0.002500	1.004173	-0.812293	
347	1.000792	0.001374	-11.753221	-0.001374	1.000792	1.284922	
348	1.000810	0.001415	-11.003983	-0.001415	1.000810	-0.503594	
349	0.999282	0.000729	-19.643139	-0.000729	0.999282	2.423172	
350	1.000447	0.001197	-10.522743	-0.001197	1.000447	-0.553211	
351	1.005266	0.003068	-11.322072	-0.003068	1.005266	-0.024343	
352	0.998691	0.001041	-10.287340	-0.001041	0.998691	1.620954	
353	1.001028	0.000606	-9.850338	-0.000606	1.001028	0.736220	
354	1.005648	0.002659	-12.041676	-0.002659	1.005648	0.042826	
355	0.999024	0.001105	-18.923031	-0.001105	0.999024	0.963920	
356	1.005327	0.002698	-11.821077	-0.002698	1.005327	-0.356578	
357	1.000694	0.001297	-10.071065	-0.001297	1.000694	0.627661	
358	1.005618	0.002989	-11.967713	-0.002989	1.005618	0.047857	
359	1.000469	0.000760	-10.079039	-0.000760	1.000469	1.662479	
360	0.998483	0.001194	-19.406035	-0.001194	0.998483	1.834386	
361	1.008343	0.002606	-13.176113	-0.002606	1.008343	-2.567879	
362	1.006981	0.002684	-12.724010	-0.002684	1.006981	-0.882267	
363	1.007612	0.001966	-12.245144	-0.001966	1.007612	-2.571478	
364	0.999969	0.000969	-9.896203	-0.000969	0.999969	1.083511	
365	1.002479	0.001747	-22.252895	-0.001747	1.002479	1.051523	
366	1.008814	0.002937	-13.394532	-0.002937	1.008814	-1.734042	
367	1.000707	0.001108	-11.183453	-0.001108	1.000707	0.355943	
368	1.000975	0.000989	-11.396868	-0.000989	1.000975	-0.077586	
369	1.000879	0.000887	-11.780450	-0.000887	1.000879	-0.105761	
370	1.000260	0.001845	-23.630168	-0.001845	1.000260	1.935232	
371	1.000598	0.001150	-11.895442	-0.001150	1.000598	0.719453	
372	1.000548	0.001206	-12.156828	-0.001206	1.000548	0.990719	
373	1.008487	0.002853	-14.574748	-0.002853	1.008487	-1.453000	
374	1.001114	0.001210	-12.772306	-0.001210	1.001114	0.152831	
375	0.999497	0.001878	-25.807207	-0.001878	0.999497	2.475976	
376	0.999648	0.001262	-12.930437	-0.001262	0.999648	0.006972	
377	1.007943	0.003527	-15.947299	-0.003527	1.007943	-0.815675	
378	1.000212	0.001424	-13.674859	-0.001424	1.000212	1.219357	
379	1.001498	0.001292	-13.634261	-0.001292	1.001498	1.838732	
380	0.999361	0.001425	-26.855702	-0.001425	0.999361	-0.003412	
381	1.000419	0.001053	-13.847486	-0.001053	1.000419	0.390520	
382	0.999805	0.001047	-13.395740	-0.001047	0.999805	1.289065	
383	0.999664	0.000849	-13.212811	-0.000849	0.999664	0.226369	
384	1.001059	0.001441	-13.100834	-0.001441	1.001059	0.803684	
385	0.998761	0.001454	-25.363395	-0.001454	0.998761	1.945198	
386	0.999792	0.001097	-11.800530	-0.001097	0.999792	1.010385	
387	1.003826	0.002197	-12.398904	-0.002197	1.003826	0.734533	
388	0.999869	0.001066	-10.761940	-0.001066	0.999869	0.877727	
389	0.999506	0.000880	-10.229033	-0.000880	0.999506	1.113395	
390	0.998348	0.001472	-20.099289	-0.001472	0.998348	2.256090	
391	0.999267	0.000967	-9.368854	-0.000967	0.999267	0.688297	
392	0.999671	0.001026	-9.537773	-0.001026	0.999671	2.384011	
393	0.999290	0.000990	-8.977444	-0.000990	0.999290	0.716761	
394	1.000967	0.001724	-9.268223	-0.001724	1.000967	1.365646	
395	0.998166	0.000947	-17.000477	-0.000947	0.998166	2.596316	
396	1.001487	0.002145	-8.806937	-0.002145	1.001487	1.845517	
397	1.002187	0.002102	-9.029851	-0.002102	1.002187	1.062982	
398	0.997491	-0.000626	-5.017945	0.000626	0.997491	1.825103	
399	1.001418	0.002023	-8.382426	-0.002023	1.001418	1.540969	
400	0.998994	0.000808	-15.171918	-0.000808	0.998994	3.733377	
401	1.000090	0.000772	-8.240851	-0.000772	1.000090	1.762091	
402	0.999640	0.000559	-7.421909	-0.000559	0.999640	1.959682	
403	0.999764	0.000917	-7.448462	-0.000917	0.999764	2.117434	
404	0.998612	-0.000687	-5.615067	0.000687	0.998612	1.048551	
405	0.999526	0.001022	-14.961027	-0.001022	0.999526	3.758570	
406	0.998409	-0.000528	-4.843831	0.000528	0.998409	0.903235	
407	1.000754	0.001665	-7.092821	-0.001665	1.000754	2.141922	
408	1.000952	0.001462	-6.766618	-0.001462	1.000952	1.351568	
409	0.998986	-0.000301	-4.278305	0.000301	0.998986	0.963943	
410	0.999966	0.001005	-10.745553	-0.001005	0.999966	2.439804	
411	0.999507	0.000212	-3.309724	-0.000212	0.999507	1.244553	
412	0.999765	0.000299	-2.954119	-0.000299	0.999765	1.985776	
413	0.999724	0.000165	-2.714395	-0.000165	0.999724	1.265831	
414	0.999689	0.000163	-2.511502	-0.000163	0.999689	1.560376	
415	0.999751	0.000631	-5.215478	-0.000631	0.999751	3.939766	
416	0.999764	0.000178	-1.569481	-0.000178	0.999764	1.375552	
417	0.999863	0.000264	-1.357510	-0.000264	0.999863	1.010007	
418	0.999806	0.000240	-0.752485	-0.000240	0.999806	0.962135	
419	1.000034	0.000205	-0.513551	-0.000205	1.000034	0.913577	
420	1.000063	0.000231	-0.138268	-0.000231	1.000063	0.073808	
421	1.000027	0.000150	0.118279	-0.000150	1.000027	-0.409735	
422	1.000033	0.000165	0.177418	-0.000165	1.000033	0.049187	
423	0.999968	0.000112	0.162595	-0.000112	0.999968	-0.040838	
424	0.999976	0.000089	0.013796	-0.000089	0.999976	0.215760	
425	0.999961	0.000052	-0.400137	-0.000052	0.999961	0.445032	
426	1.000002	0.000141	-0.160882	-0.000141	1.000002	0.327831	
427	1.000067	0.000136	-0.109560	-0.000136	1.000067	0.454536	
428	1.000069	0.000071	-0.062927	-0.000071	1.000069	0.393277	
429	1.000095	0.000143	-0.062775	-0.000143	1.000095	-0.190443	
430	1.000251	-0.000030	-0.229531	0.000030	1.000251	0.314772	
431	1.000026	0.000025	0.019449	-0.000025	1.000026	0.334438	
432	1.000105	0.000008	-0.002529	-0.000008	1.000105	0.195890	
433	1.000113	0.000049	-0.016296	-0.000049	1.000113	0.213563	
434	1.000127	0.000045	0.015793	-0.000045	1.000127	0.121278	
435	1.000104	-0.000136	-0.082291	0.000136	1.000104	0.145976	
436	1.000211	-0.000008	-0.072388	0.000008	1.000211	0.166089	
437	1.000119	0.000103	0.000884	-0.000103	1.000119	0.150707	
438	1.000097	0.000056	-0.088216	-0.000056	1.000097	-0.039450	
439	1.000064	0.000055	-0.003379	-0.000055	1.000064	-0.042545	
440	1.000148	0.000028	-0.083394	-0.000028	1.000148	-0.047750	
441	1.000100	0.000051	0.043069	-0.000051	1.000100	0.667693	
442	1.000074	0.000068	-0.010586	-0.000068	1.000074	-0.806663	
443	1.000180	0.000082	0.021298	-0.000082	1.000180	0.189748	
444	1.000156	0.000111	-0.124479	-0.000111	1.000156	0.069043	
445	1.000069	0.000045	0.018513	-0.000045	1.000069	-0.364600	
446	1.000076	-0.000003	0.020944	0.000003	1.000076	0.267130	
447	1.000021	0.000034	0.285684	-0.000034	1.000021	-0.286451	
448	1.000045	0.000033	0.208982	-0.000033	1.000045	-0.036638	
449	0.999996	0.000033	0.125010	-0.000033	0.999996	0.186926	
450	0.999905	0.000218	0.208953	-0.000218	0.999905	0.237644	
451	0.999870	0.000091	0.140376	-0.000091	0.999870	0.541282	
452	0.999886	0.000077	0.142442	-0.000077	0.999886	-0.203579	
453	0.999979	0.000042	0.308333	-0.000042	0.999979	0.093427	
454	0.999981	0.000077	0.194679	-0.000077	0.999981	-0.097228	
455	0.999824	-0.000007	0.637064	0.000007	0.999824	-0.193283	
456	0.999914	0.000026	0.329193	-0.000026	0.999914	0.118152	
457	0.999936	0.000008	0.467814	-0.000008	0.999936	0.219761	
458	0.999960	-0.000026	0.292629	0.000026	0.999960	0.612190	
459	0.999974	0.000021	0.498272	-0.000021	0.999974	-0.689414	
460	0.999946	0.000004	0.753400	-0.000004	0.999946	-0.439889	
461	0.999936	-0.000064	0.351635	0.000064	0.999936	-0.048988	
462	0.999946	-0.000093	0.487357	0.000093	0.999946	-0.135437	
463	0.999821	-0.000076	0.429378	0.000076	0.999821	-0.053463	
464	0.999808	-0.000034	0.374866	0.000034	0.999808	0.258563	
465	0.999957	0.000065	0.586319	-0.000065	0.999957	-0.117444	
466	0.999978	-0.000003	0.229407	0.000003	0.999978	0.461384	
467	0.999965	0.000157	0.114865	-0.000157	0.999965	-0.648817	
468	0.999954	0.000084	-0.046644	-0.000084	0.999954	-0.463088	
469	0.999821	0.000035	0.035865	-0.000035	0.999821	-0.232102	
470	0.999927	0.000045	0.227350	-0.000045	0.999927	-0.288592	
471	0.999822	0.000046	0.185354	-0.000046	0.999822	0.666820	
472	0.999915	0.000103	-0.102791	-0.000103	0.999915	-0.523122	
473	0.999906	0.000097	0.059906	-0.000097	0.999906	0.256787	
474	0.999883	0.000148	0.101858	-0.000148	0.999883	0.098226	
475	0.999896	0.000132	-0.032373	-0.000132	0.999896	-0.006810	
476	0.999845	0.000086	-0.101119	-0.000086	0.999845	0.172281	
477	0.999833	0.000076	0.000372	-0.000076	0.999833	-0.036715	
478	0.999861	-0.000010	-0.082795	0.000010	0.999861	0.962173	
479	0.999847	0.000049	-0.290674	-0.000049	0.999847	-0.749454	
480	0.999677	0.000089	-0.699012	-0.000089	0.999677	0.344448	
481	0.999722	0.000011	-0.672757	-0.000011	0.999722	0.342454	
482	0.999665	0.000082	-0.918507	-0.000082	0.999665	0.263921	
483	0.999613	0.000109	-1.076697	-0.000109	0.999613	0.309747	
484	0.999593	0.000094	-1.537749	-0.000094	0.999593	0.461244	
485	0.999239	0.000142	-3.837230	-0.000142	0.999239	0.929845	
486	0.999482	0.000100	-2.280693	-0.000100	0.999482	0.886179	
487	0.999391	-0.000076	-2.709448	0.000076	0.999391	1.359583	
488	0.999314	0.000150	-3.072665	-0.000150	0.999314	0.625921	
489	0.999408	0.000108	-3.526140	-0.000108	0.999408	1.362737	
490	1.000128	0.001019	-10.837874	-0.001019	1.000128	1.057708	
491	0.999582	0.000183	-4.390742	-0.000183	0.999582	0.467159	
492	0.999670	0.000119	-4.571217	-0.000119	0.999670	0.180324	
493	0.999706	-0.000008	-4.761429	0.000008	0.999706	0.938431	
494	1.001847	0.001091	-7.594714	-0.001091	1.001847	-0.269263	
495	1.002483	0.000748	-15.989900	-0.000748	1.002483	1.539546	
496	1.001654	0.000508	-8.849877	-0.000508	1.001654	-0.439894	
497	1.001535	0.000403	-9.001127	-0.000403	1.001535	0.624005	
498	1.002352	0.000511	-9.819324	-0.000511	1.002352	0.110187	
499	1.003753	0.001751	-10.628990	-0.001751	1.003753	0.988554	
500	1.007244	0.001406	-21.569657	-0.001406	1.007244	-0.788225	
501	1.004738	0.001319	-10.998381	-0.001319	1.004738	-1.463299	
502	1.003641	0.000851	-10.209609	-0.000851	1.003641	-0.274165	
503	1.004307	0.001780	-10.356468	-0.001780	1.004307	-0.310387	
504	1.001666	0.000166	-6.944822	-0.000166	1.001666	0.107337	
505	1.007076	0.000603	-18.367028	-0.000603	1.007076	0.028068	
506	1.003775	0.000997	-8.304617	-0.000997	1.003775	-0.871719	
507	1.003814	0.001244	-8.381158	-0.001244	1.003814	0.152596	
508	1.000632	0.000146	-4.641701	-0.000146	1.000632	0.411097	
509	1.003809	0.000979	-7.617459	-0.000979	1.003809	-0.112159	
510	1.007971	0.001864	-14.195629	-0.001864	1.007971	-1.046837	
511	1.002053	0.000159	-4.523009	-0.000159	1.002053	-0.578423	
512	1.002190	0.000155	-4.128135	-0.000155	1.002190	-0.453713	
513	1.001980	0.000162	-3.739299	-0.000162	1.001980	-0.097153	
514	1.002173	0.000214	-3.515522	-0.000214	1.002173	-0.765729	
515	1.007252	0.000685	-9.242202	-0.000685	1.007252	-2.172234	
516	1.002307	0.000052	-3.112279	-0.000052	1.002307	-0.932970	
517	1.002382	0.000099	-2.771752	-0.000099	1.002382	-0.643557	
518	1.002262	0.000111	-2.546472	-0.000111	1.002262	-0.774241	
519	1.002239	0.000209	-2.398075	-0.000209	1.002239	-0.626486	
520	1.002162	0.000344	-2.134458	-0.000344	1.002162	-0.535321	
521	1.004237	0.000488	-3.879383	-0.000488	1.004237	-1.439117	
522	1.002206	0.000384	-1.705325	-0.000384	1.002206	-0.196109	
523	1.002221	0.000502	-1.389583	-0.000502	1.002221	-1.000737	
524	1.002195	0.000363	-1.400102	-0.000363	1.002195	-0.442758	
525	1.002183	0.000354	-1.193486	-0.000354	1.002183	-0.046194	
526	1.004530	0.000319	-2.632628	-0.000319	1.004530	-2.067548	
527	1.001785	0.000418	-0.926402	-0.000418	1.001785	-0.550099	
528	1.002034	0.000405	-1.057110	-0.000405	1.002034	-0.606936	
529	1.001879	0.000218	-0.914131	-0.000218	1.001879	-0.707239	
530	1.001886	0.000336	-0.875858	-0.000336	1.001886	-1.255615	
531	1.004412	0.000165	-2.347818	-0.000165	1.004412	-2.356887	
532	1.002057	0.000081	-1.040820	-0.000081	1.002057	-1.281530	
533	1.001979	0.000038	-1.083755	-0.000038	1.001979	-0.844614	
534	1.002205	0.000084	-1.143798	-0.000084	1.002205	-0.908881	
535	1.002079	0.000175	-1.054874	-0.000175	1.002079	-1.405230	
536	1.004366	-0.000071	-2.151363	0.000071	1.004366	-3.123864	
537	1.002078	0.000457	-0.990190	-0.000457	1.002078	-2.424245	
538	1.001766	0.000460	-0.744362	-0.000460	1.001766	-2.228144	
539	1.001622	0.000343	-0.727513	-0.000343	1.001622	-1.922127	
540	1.001892	0.000063	-0.877809	-0.000063	1.001892	-1.002955	
541	1.004010	0.000682	-1.707836	-0.000682	1.004010	-4.280103	
542	1.002058	0.000042	-0.989859	-0.000042	1.002058	-0.944690	
543	1.001776	0.000243	-0.659710	-0.000243	1.001776	-1.503708	
544	1.002290	-0.000132	-1.058032	0.000132	1.002290	-1.614778	
545	1.002014	0.000096	-0.721669	-0.000096	1.002014	-1.267194	
546	1.003643	0.000111	-0.694993	-0.000111	1.003643	-2.654027	
547	1.001428	-0.000172	0.190516	0.000172	1.001428	-1.181691	
548	1.000915	-0.000165	0.807542	0.000165	1.000915	-1.759596	
549	1.000506	-0.000314	1.352164	0.000314	1.000506	-0.936900	
550	1.000484	-0.000077	1.743689	0.000077	1.000484	-1.373367	
551	1.000065	-0.000438	6.778879	0.000438	1.000065	-3.231426	
552	1.000899	0.000002	2.702635	-0.000002	1.000899	-1.423896	
553	1.000765	0.000157	3.318613	-0.000157	1.000765	-1.456702	
554	1.001073	-0.000006	3.323125	0.000006	1.001073	-1.303964	
555	1.000180	-0.000206	5.949897	0.000206	1.000180	-2.873802	
556	0.999840	-0.000885	14.682391	0.000885	0.999840	-4.912748	
557	1.000342	-0.000781	7.794102	0.000781	1.000342	-3.046229	
558	1.000419	-0.000663	8.717316	0.000663	1.000419	-2.556578	
559	1.000970	-0.000906	9.163217	0.000906	1.000970	-2.995237	
560	1.000163	-0.000787	10.189868	0.000787	1.000163	-2.069238	
561	0.999965	-0.000716	23.083551	0.000716	0.999965	-3.810563	
562	1.000719	-0.000585	11.880272	0.000585	1.000719	-1.927575	
563	1.000754	-0.000622	12.690545	0.000622	1.000754	-1.925919	
564	1.000712	-0.000719	13.555018	0.000719	1.000712	-2.170683	
565	1.000723	-0.001011	14.253708	0.001011	1.000723	-2.269202	
566	1.000616	-0.000822	31.018468	0.000822	1.000616	-3.640193	
567	1.000565	-0.000632	16.785452	0.000632	1.000565	-2.068605	
568	1.000605	-0.000670	17.345853	0.000670	1.000605	-1.819417	
569	0.999895	-0.000778	18.655132	0.000778	0.999895	-1.809810	
570	0.999041	-0.001021	20.742134	0.001021	0.999041	-2.114141	
571	0.998425	-0.001820	42.712084	0.001820	0.998425	-3.368754	
572	0.997966	-0.001557	23.921664	0.001557	0.997966	-1.693611	
573	0.998250	-0.001593	24.094454	0.001593	0.998250	-1.653010	
574	0.998802	-0.000980	24.156751	0.000980	0.998802	-1.237722	
575	0.998443	-0.001448	24.821459	0.001448	0.998443	-0.993164	
576	0.998266	-0.002452	50.185723	0.002452	0.998266	-1.269509	
577	0.999280	-0.001604	25.419862	0.001604	0.999280	-1.532092	
578	0.998626	-0.001586	26.256306	0.001586	0.998626	-0.864090	
579	0.998534	-0.001712	26.562506	0.001712	0.998534	-1.616422	
580	0.998356	-0.001460	26.956033	0.001460	0.998356	-0.919113	
581	0.998141	-0.002369	54.003312	0.002369	0.998141	-2.011353	
582	0.998275	-0.001424	27.742192	0.001424	0.998275	-0.678666	
583	0.998429	-0.001624	27.913750	0.001624	0.998429	-1.361476	
584	0.998212	-0.001554	28.123111	0.001554	0.998212	-1.034397	
585	0.998614	-0.001212	28.177461	0.001212	0.998614	-1.123693	
586	0.997846	-0.002994	56.192491	0.002994	0.997846	-2.260932	
587	0.998397	-0.001442	28.442441	0.001442	0.998397	-0.774871	
588	0.998455	-0.001545	28.396794	0.001545	0.998455	-0.700059	
589	0.998054	-0.001358	28.535264	0.001358	0.998054	-0.603370	
590	0.999018	-0.001256	28.193775	0.001256	0.999018	-0.684075	
591	0.995780	-0.002805	58.655572	0.002805	0.995780	0.914482	
592	0.999430	-0.001270	28.415793	0.001270	0.999430	-1.870238	
593	0.999118	-0.000986	28.694358	0.000986	0.999118	-0.249227	
594	0.999316	-0.000662	28.604899	0.000662	0.999316	-0.350284	
595	0.999145	-0.001205	29.052691	0.001205	0.999145	-0.659077	
596	0.997932	-0.002816	58.692252	0.002816	0.997932	-0.721312	
597	0.998656	-0.001122	28.910729	0.001122	0.998656	-0.928814	
598	0.999376	-0.001299	28.544543	0.001299	0.999376	-0.806177	
599	0.999027	-0.001573	28.602711	0.001573	0.999027	-0.657423	
600	0.998891	-0.001064	28.653442	0.001064	0.998891	-0.495047	
601	0.996608	-0.003481	59.018309	0.003481	0.996608	-1.261118	
602	0.999544	-0.001037	27.593442	0.001037	0.999544	-1.155994	
603	0.998583	-0.001307	28.013896	0.001307	0.998583	-0.566872	
604	0.998528	-0.001153	27.949664	0.001153	0.998528	-0.492387	
605	0.998632	-0.001502	27.934020	0.001502	0.998632	-0.109962	
606	0.995939	-0.003426	54.988001	0.003426	0.995939	-1.415487	
607	0.998475	-0.001516	26.534306	0.001516	0.998475	-0.266591	
608	0.997893	-0.001816	26.684906	0.001816	0.997893	-0.615654	
609	0.997950	-0.001853	25.956915	0.001853	0.997950	-0.321341	
610	0.997200	-0.002142	26.236693	0.002142	0.997200	-0.150480	
611	0.997939	-0.003395	47.287890	0.003395	0.997939	-2.142629	
612	0.996713	-0.002023	25.188226	0.002023	0.996713	-0.540438	
613	0.997748	-0.002360	24.152314	0.002360	0.997748	-0.103580	
614	0.998406	-0.001474	22.636806	0.001474	0.998406	-1.451525	
615	1.001636	-0.000618	19.088148	0.000618	1.001636	-0.915342	
616	0.998648	-0.002299	41.521329	0.002299	0.998648	-1.643346	
617	1.000897	-0.001030	19.016613	0.001030	1.000897	-1.225528	
618	0.998789	-0.001870	20.968311	0.001870	0.998789	-1.063797	
619	1.000935	-0.001167	18.435016	0.001167	1.000935	-1.512487	
620	1.000607	-0.001244	18.409586	0.001244	1.000607	-0.545848	
621	0.998375	-0.002775	40.008355	0.002775	0.998375	-1.911988	
622	1.000096	-0.001444	19.016196	0.001444	1.000096	-1.009799	
623	1.000384	-0.001183	18.363124	0.001183	1.000384	-0.871999	
624	1.000403	-0.001196	18.307226	0.001196	1.000403	-0.411399	
625	1.000402	-0.001032	17.989931	0.001032	1.000402	-0.990905	
626	0.996870	-0.002816	39.336823	0.002816	0.996870	1.377279	
627	0.998999	-0.001108	18.331780	0.001108	0.998999	-1.169033	
628	0.999614	-0.000907	17.715730	0.000907	0.999614	0.247012	
629	0.999840	-0.001043	17.459066	0.001043	0.999840	0.110951	
630	1.000875	-0.001074	16.013563	0.001074	1.000875	-0.239313	
631	1.000437	-0.001215	32.508564	0.001215	1.000437	1.642112	
632	0.999698	-0.001199	16.498873	0.001199	0.999698	1.091747	
633	0.999673	-0.001054	16.257647	0.001054	0.999673	1.741986	
634	0.999095	-0.001087	16.154444	0.001087	0.999095	1.511912	
635	0.997904	-0.001227	15.948989	0.001227	0.997904	2.118542	
636	0.999696	-0.002374	30.600977	0.002374	0.999696	4.486865	
637	0.999463	-0.001148	14.624672	0.001148	0.999463	2.883060	
638	0.999534	-0.001111	14.359601	0.001111	0.999534	3.072475	
639	0.999711	-0.001059	14.092108	0.001059	0.999711	3.827212	
640	0.999158	-0.000858	13.820250	0.000858	0.999158	3.126109	
641	0.998825	-0.001211	27.116489	0.001211	0.998825	8.010600	
642	0.998651	-0.000985	13.550957	0.000985	0.998651	3.736296	
643	0.987952	-0.001110	15.611020	0.001110	0.987952	6.545430	
644	0.991914	-0.000717	14.432167	0.000717	0.991914	5.892831	
645	0.997997	-0.000487	12.788537	0.000487	0.997997	4.059030	
646	0.998550	-0.001049	24.543798	0.001049	0.998550	8.209978	
647	0.999492	-0.000821	12.741165	0.000821	0.999492	4.024817	
648	0.998341	0.000511	9.999168	-0.000511	0.998341	4.032923	
649	0.999187	-0.000344	10.433003	0.000344	0.999187	4.180800	
650	0.999045	-0.000339	10.261349	0.000339	0.999045	4.270799	
651	1.000524	-0.001105	17.352406	0.001105	1.000524	6.638523	
652	0.999778	-0.000622	7.705913	0.000622	0.999778	2.801219	
653	0.993620	-0.000511	8.656608	0.000511	0.993620	5.020716	
654	0.997709	-0.000082	5.205833	0.000082	0.997709	2.834231	
655	0.998835	-0.000340	5.528006	0.000340	0.998835	3.262773	
656	0.996653	-0.000332	9.158179	0.000332	0.996653	4.400003	
657	0.999367	0.000031	2.287189	-0.000031	0.999367	1.810407	
658	0.999770	0.000092	1.444738	-0.000092	0.999770	1.987384	
659	0.999706	0.000127	1.051918	-0.000127	0.999706	1.085824	
660	0.999815	0.000090	0.698225	-0.000090	0.999815	0.715285	
661	1.000600	0.000007	-0.059720	-0.000007	1.000600	0.516726	
662	1.000031	-0.000043	-0.307171	0.000043	1.000031	-0.102802	
663	1.000006	-0.000091	-0.336673	0.000091	1.000006	0.362013	
664	1.000117	-0.000206	-0.463094	0.000206	1.000117	-0.198124	
665	1.000051	-0.000157	-0.310490	0.000157	1.000051	0.603886	
666	1.000748	0.000127	-0.769449	-0.000127	1.000748	0.606168	
667	1.000174	-0.000088	-0.281874	0.000088	1.000174	0.140326	
668	1.000198	0.000020	-0.386191	-0.000020	1.000198	0.857850	
669	1.000215	-0.000028	-0.231540	0.000028	1.000215	-1.028556	
670	1.000312	0.000096	-0.546013	-0.000096	1.000312	-0.215145	
671	1.000885	-0.000069	-0.642915	0.000069	1.000885	-0.788566	
672	1.000416	0.000060	-0.203232	-0.000060	1.000416	0.506472	
673	1.000492	-0.000163	-0.475969	0.000163	1.000492	-0.886168	
674	1.000415	-0.000163	-0.319547	0.000163	1.000415	-0.134777	
675	1.000464	-0.000127	-0.390035	0.000127	1.000464	-0.366784	
676	1.000979	0.000155	-0.921427	-0.000155	1.000979	0.200243	
677	1.000466	-0.000147	-0.479185	0.000147	1.000466	-1.416467	
678	1.000416	-0.000039	-0.490890	0.000039	1.000416	-0.079677	
679	1.000489	-0.000071	-0.621771	0.000071	1.000489	-0.828343	
680	1.000447	-0.000016	-0.790130	0.000016	1.000447	-1.081358	
681	1.001134	0.000073	-1.943593	-0.000073	1.001134	-1.428471	
682	1.000476	-0.000117	-1.122280	0.000117	1.000476	-1.428397	
683	1.000567	-0.000225	-1.481724	0.000225	1.000567	-2.315681	
684	1.000667	-0.000412	-2.099884	0.000412	1.000667	-2.167483	
685	1.000687	-0.000215	-2.448271	0.000215	1.000687	-0.993943	
686	1.000739	-0.000270	-2.433366	0.000270	1.000739	-2.760694	
687	1.003436	0.000277	-7.239914	-0.000277	1.003436	-3.634765	
688	1.000879	-0.000016	-2.690381	0.000016	1.000879	-1.292818	
689	1.000719	-0.000092	-2.718232	0.000092	1.000719	-0.793208	
690	1.000796	-0.000023	-2.652007	0.000023	1.000796	-1.428024	
691	1.000511	0.000016	-2.220180	-0.000016	1.000511	-0.990674	
692	1.001047	-0.000089	-3.967337	0.000089	1.001047	-2.074963	
693	1.000574	0.000042	-1.786911	-0.000042	1.000574	-0.160573	
694	1.000473	-0.000139	-1.265233	0.000139	1.000473	-1.661395	
695	1.000447	-0.000073	-0.985181	0.000073	1.000447	-0.891767	
696	1.000388	0.000044	-0.832358	-0.000044	1.000388	-0.580235	
697	1.000597	-0.000194	-0.582100	0.000194	1.000597	-1.651727	
698	1.000315	-0.000080	-0.008640	0.000080	1.000315	-0.498267	
699	1.000297	-0.000001	0.211456	0.000001	1.000297	-0.924428	
700	1.000363	0.000045	0.171908	-0.000045	1.000363	-0.615081	
701	1.000388	0.000028	0.170494	-0.000028	1.000388	-0.388183	
