0	1.000000	0.000000	0.000000	0.000000	1.000000	0.000000	
1	0.999791	-0.000278	7.040012	0.000278	0.999791	-0.184925	
2	0.999858	-0.000337	7.337704	0.000337	0.999858	-0.287297	
3	0.999808	-0.000326	7.176590	0.000326	0.999808	-0.298994	
4	0.999864	-0.000202	7.196496	0.000202	0.999864	-0.139125	
5	0.999873	-0.000289	7.329023	0.000289	0.999873	-0.233094	
6	0.999771	-0.000221	7.245344	0.000221	0.999771	-0.153095	
7	0.999903	-0.000254	7.515613	0.000254	0.999903	-0.225524	
8	0.999842	-0.000171	7.660988	0.000171	0.999842	-0.122359	
9	0.999939	-0.000217	7.505948	0.000217	0.999939	-0.192052	
10	0.999958	-0.000318	8.032796	0.000318	0.999958	-0.381951	
11	0.999962	-0.000234	7.869908	0.000234	0.999962	-0.317230	
12	0.999475	-0.000310	8.456687	0.000310	0.999475	-0.148642	
13	1.000050	-0.000291	9.251288	0.000291	1.000050	-0.302250	
14	0.999445	-0.000660	10.275590	0.000660	0.999445	-0.340191	
15	1.000120	-0.000496	11.710796	0.000496	1.000120	-0.538460	
16	1.000027	-0.000502	14.036662	0.000502	1.000027	-0.354859	
17	1.000010	-0.000848	16.407215	0.000848	1.000010	-0.396471	
18	1.000227	-0.000810	19.679982	0.000810	1.000227	-0.590197	
19	1.000239	-0.000958	22.947268	0.000958	1.000239	-0.917206	
20	1.000177	-0.001123	25.658486	0.001123	1.000177	-1.205414	
21	1.000428	-0.001153	28.768853	0.001153	1.000428	-1.396840	
22	1.000756	-0.001250	30.266625	0.001250	1.000756	-1.449646	
23	1.000337	-0.001482	32.448476	0.001482	1.000337	-1.391405	
24	1.000011	-0.001712	35.038435	0.001712	1.000011	-1.258429	
25	1.000269	-0.001670	34.709489	0.001670	1.000269	-1.580947	
26	1.001036	-0.001762	34.468841	0.001762	1.001036	-1.923301	
27	0.999527	-0.001689	34.534151	0.001689	0.999527	-1.418979	
28	1.000766	-0.001711	32.103748	0.001711	1.000766	-1.855701	
29	0.999073	-0.001440	31.580759	0.001440	0.999073	-0.954623	
30	0.999650	-0.001518	29.499282	0.001518	0.999650	-1.182379	
31	0.999875	-0.001334	26.582498	0.001334	0.999875	-1.007567	
32	1.000170	-0.001165	24.008184	0.001165	1.000170	-1.080137	
33	1.000014	-0.001004	21.390300	0.001004	1.000014	-0.836885	
34	1.000128	-0.000880	17.913196	0.000880	1.000128	-0.760131	
35	1.000303	-0.000709	15.284973	0.000709	1.000303	-0.706303	
36	1.000522	-0.000578	11.456559	0.000578	1.000522	-0.636770	
37	1.000664	-0.000512	8.862931	0.000512	1.000664	-0.688577	
38	1.000646	-0.000493	6.353019	0.000493	1.000646	-0.685502	
39	1.001412	0.000316	2.990834	-0.000316	1.001412	-0.361496	
40	1.001061	0.000237	1.826532	-0.000237	1.001061	-0.249828	
41	1.000690	0.000039	0.817025	-0.000039	1.000690	-0.235292	
42	1.000325	0.000011	0.344408	-0.000011	1.000325	-0.112884	
43	1.000135	-0.000036	-0.098634	0.000036	1.000135	-0.093136	
44	1.000039	-0.000042	-0.256330	0.000042	1.000039	-0.111937	
45	1.000090	-0.000097	-0.282092	0.000097	1.000090	-0.175553	
46	1.000213	-0.000070	-0.118192	0.000070	1.000213	-0.228011	
47	1.000165	-0.000027	-0.119559	0.000027	1.000165	-0.101973	
48	1.000183	-0.000045	-0.137700	0.000045	1.000183	-0.089752	
49	1.000214	0.000001	-0.173715	-0.000001	1.000214	-0.046873	
50	1.000219	-0.000016	-0.178507	0.000016	1.000219	-0.050793	
51	1.000158	-0.000005	-0.144854	0.000005	1.000158	-0.022196	
52	1.000140	0.000024	-0.120813	-0.000024	1.000140	0.016502	
53	1.000123	0.000038	-0.102832	-0.000038	1.000123	0.020774	
54	1.000034	-0.000005	-0.012005	0.000005	1.000034	-0.032994	
55	1.000096	-0.000016	-0.086866	0.000016	1.000096	-0.048262	
56	1.000139	-0.000026	-0.120276	0.000026	1.000139	-0.070336	
57	1.000192	-0.000027	-0.144359	0.000027	1.000192	-0.095482	
58	1.000195	-0.000043	-0.141903	0.000043	1.000195	-0.101726	
59	1.000199	-0.000006	-0.142654	0.000006	1.000199	-0.049419	
60	1.000198	0.000043	-0.133496	-0.000043	1.000198	-0.012843	
61	1.000195	-0.000040	-0.140850	0.000040	1.000195	-0.101393	
62	1.000199	-0.000034	-0.134168	0.000034	1.000199	-0.096734	
63	1.000150	-0.000063	-0.104008	0.000063	1.000150	-0.115161	
64	1.000162	-0.000028	-0.111489	0.000028	1.000162	-0.092804	
65	1.000143	0.000011	-0.094588	-0.000011	1.000143	-0.053908	
66	1.000175	0.000043	-0.106141	-0.000043	1.000175	-0.036135	
67	1.000132	0.000062	-0.070435	-0.000062	1.000132	-0.026661	
68	1.000171	0.000031	-0.093507	-0.000031	1.000171	-0.054338	
69	1.000168	0.000055	-0.080187	-0.000055	1.000168	-0.039108	
70	1.000127	0.000088	-0.086483	-0.000088	1.000127	-0.016823	
71	1.000099	0.000042	-0.053646	-0.000042	1.000099	-0.047967	
72	1.000156	0.000043	-0.088833	-0.000043	1.000156	-0.046901	
73	1.000135	-0.000003	-0.072044	0.000003	1.000135	-0.060449	
74	1.000031	-0.000027	0.015166	0.000027	1.000031	-0.055628	
75	0.999945	-0.000013	0.091388	0.000013	0.999945	-0.029472	
76	0.999919	0.000036	0.099010	-0.000036	0.999919	0.015437	
77	1.000025	0.000074	0.023506	-0.000074	1.000025	0.025315	
78	1.000025	0.000100	-0.006410	-0.000100	1.000025	0.062445	
79	1.000038	0.000118	-0.006304	-0.000118	1.000038	0.083809	
80	0.999987	0.000081	0.039558	-0.000081	0.999987	0.098058	
81	0.999992	0.000108	0.050455	-0.000108	0.999992	0.134180	
82	0.999965	0.000127	0.092082	-0.000127	0.999965	0.155661	
83	0.999921	0.000191	0.089111	-0.000191	0.999921	0.201640	
84	0.999920	0.000285	0.129557	-0.000285	0.999920	0.252223	
85	0.999955	0.000301	0.120828	-0.000301	0.999955	0.229306	
86	0.999920	0.000216	0.088620	-0.000216	0.999920	0.113836	
87	1.000001	0.000152	0.101146	-0.000152	1.000001	0.078942	
88	0.999974	0.000163	0.131988	-0.000163	0.999974	0.099386	
89	0.999919	0.000210	0.167297	-0.000210	0.999919	0.152348	
90	1.000009	0.000151	0.090806	-0.000151	1.000009	0.088178	
91	0.999967	0.000103	0.066046	-0.000103	0.999967	0.093328	
92	1.000032	0.000074	0.076038	-0.000074	1.000032	0.078352	
93	1.000167	0.000024	-0.012834	-0.000024	1.000167	0.033737	
94	1.000256	0.000029	-0.120421	-0.000029	1.000256	0.011308	
95	1.000258	0.000085	-0.138130	-0.000085	1.000258	0.051388	
96	1.000302	0.000165	-0.291174	-0.000165	1.000302	0.071187	
97	1.000174	0.000143	-0.174956	-0.000143	1.000174	0.038259	
98	1.000005	0.000037	-0.565189	-0.000037	1.000005	0.003809	
99	0.999741	0.000024	-0.937339	-0.000024	0.999741	0.019370	
100	0.999536	0.000033	-1.655211	-0.000033	0.999536	0.033718	
101	0.999165	-0.000002	-2.592627	0.000002	0.999165	0.108401	
102	0.999056	-0.000261	-3.707537	0.000261	0.999056	0.204665	
103	1.000217	0.000476	-6.008474	-0.000476	1.000217	0.523141	
104	1.000135	0.000372	-7.148504	-0.000372	1.000135	0.403068	
105	1.000047	0.000424	-7.981995	-0.000424	1.000047	0.465014	
106	1.000105	0.000292	-8.397223	-0.000292	1.000105	0.338947	
107	0.999996	0.000608	-9.311453	-0.000608	0.999996	0.667611	
108	1.000071	0.000456	-9.046455	-0.000456	1.000071	0.464300	
109	0.999945	0.000578	-9.175732	-0.000578	0.999945	0.592341	
110	0.999282	0.000901	-8.952959	-0.000901	0.999282	1.205097	
111	0.999317	0.001020	-8.628258	-0.001020	0.999317	1.250033	
112	0.995470	-0.000616	-4.514044	0.000616	0.995470	1.305156	
113	0.999324	0.000755	-7.957330	-0.000755	0.999324	0.839134	
114	0.997248	-0.000580	-4.645999	0.000580	0.997248	0.761218	
115	0.998771	0.001011	-6.545055	-0.001011	0.998771	1.255287	
116	0.997347	-0.000249	-3.777454	0.000249	0.997347	0.733614	
117	0.997931	0.000245	-3.905223	-0.000245	0.997931	0.924188	
118	0.997886	-0.000168	-3.284606	0.000168	0.997886	0.615880	
119	0.998297	-0.000143	-2.998201	0.000143	0.998297	0.571106	
120	0.998245	0.000046	-2.488462	-0.000046	0.998245	0.567496	
121	0.998422	0.000025	-2.100737	-0.000025	0.998422	0.449095	
122	0.998591	0.000118	-1.646857	-0.000118	0.998591	0.480430	
123	0.998932	0.000174	-1.537308	-0.000174	0.998932	0.464392	
124	0.999240	0.000050	-1.353066	-0.000050	0.999240	0.319783	
125	0.999442	0.000039	-1.140400	-0.000039	0.999442	0.323202	
126	0.999651	0.000053	-0.780385	-0.000053	0.999651	0.287414	
127	0.999748	0.000083	-0.686849	-0.000083	0.999748	0.290473	
128	0.999771	0.000074	-0.515987	-0.000074	0.999771	0.209821	
129	0.999818	0.000133	-0.341961	-0.000133	0.999818	0.262308	
130	0.999796	0.000192	0.053013	-0.000192	0.999796	0.274135	
131	0.999809	0.000171	0.150496	-0.000171	0.999809	0.214211	
132	0.999653	0.000197	0.245432	-0.000197	0.999653	0.251218	
133	0.999682	0.000068	0.236709	-0.000068	0.999682	0.151124	
134	0.999710	-0.000009	0.240594	0.000009	0.999710	0.090334	
135	0.999733	0.000037	0.258663	-0.000037	0.999733	0.110656	
136	0.999832	0.000038	0.212686	-0.000038	0.999832	0.099785	
137	0.999762	0.000054	0.300702	-0.000054	0.999762	0.161350	
138	0.999838	0.000114	0.226761	-0.000114	0.999838	0.184244	
139	0.999843	0.000095	0.213049	-0.000095	0.999843	0.134094	
140	0.999831	0.000137	0.211765	-0.000137	0.999831	0.143762	
141	0.999856	0.000077	0.176128	-0.000077	0.999856	0.078155	
142	0.999868	0.000101	0.159659	-0.000101	0.999868	0.057386	
143	0.999926	0.000104	0.146967	-0.000104	0.999926	0.050120	
144	0.999895	0.000077	0.152735	-0.000077	0.999895	0.025831	
145	0.999910	0.000113	0.180138	-0.000113	0.999910	0.037047	
146	0.999944	0.000097	0.163226	-0.000097	0.999944	0.048204	
147	0.999969	0.000042	0.077781	-0.000042	0.999969	0.018327	
148	1.000042	0.000038	0.030297	-0.000038	1.000042	0.024092	
149	1.000045	-0.000017	0.032513	0.000017	1.000045	0.009277	
150	1.000098	-0.000056	0.024001	0.000056	1.000098	0.009068	
151	1.000113	-0.000077	-0.000604	0.000077	1.000113	-0.028042	
152	1.000099	-0.000027	0.001361	0.000027	1.000099	-0.030244	
153	1.000108	-0.000027	-0.008533	0.000027	1.000108	-0.058244	
154	1.000182	0.000023	-0.086408	-0.000023	1.000182	-0.066971	
155	1.000227	0.000095	-0.092369	-0.000095	1.000227	-0.040682	
156	1.000214	0.000092	-0.101176	-0.000092	1.000214	-0.045735	
157	1.000172	0.000125	-0.077259	-0.000125	1.000172	-0.014714	
158	1.000132	0.000142	-0.068319	-0.000142	1.000132	-0.000024	
159	1.000140	0.000133	-0.091289	-0.000133	1.000140	-0.021702	
160	1.000181	0.000107	-0.122772	-0.000107	1.000181	-0.035501	
161	1.000124	0.000121	-0.092881	-0.000121	1.000124	-0.027165	
162	1.000230	0.000117	-0.153044	-0.000117	1.000230	-0.037981	
163	1.000234	0.000057	-0.146898	-0.000057	1.000234	-0.064256	
164	1.000281	0.000035	-0.172053	-0.000035	1.000281	-0.081329	
165	1.000301	0.000001	-0.163040	-0.000001	1.000301	-0.097891	
166	1.000243	-0.000014	-0.137560	0.000014	1.000243	-0.083137	
167	1.000191	0.000043	-0.112390	-0.000043	1.000191	-0.064331	
168	1.000268	-0.000038	-0.185068	0.000038	1.000268	-0.147672	
169	1.000099	0.000063	-0.069534	-0.000063	1.000099	-0.034929	
170	1.000178	0.000013	-0.108728	-0.000013	1.000178	-0.104023	
171	1.000154	0.000026	-0.117596	-0.000026	1.000154	-0.108420	
172	1.000110	0.000069	-0.116417	-0.000069	1.000110	-0.077094	
173	1.000097	0.000029	-0.116165	-0.000029	1.000097	-0.078196	
174	1.000096	0.000031	-0.098442	-0.000031	1.000096	-0.053257	
175	1.000117	0.000051	-0.099585	-0.000051	1.000117	-0.024999	
176	1.000141	0.000021	-0.117233	-0.000021	1.000141	-0.020366	
177	1.000160	-0.000001	-0.135297	0.000001	1.000160	-0.040845	
178	1.000065	0.000053	-0.106304	-0.000053	1.000065	0.001098	
179	0.999944	0.000025	-0.019225	-0.000025	0.999944	0.008631	
180	1.000074	-0.000005	0.305061	0.000005	1.000074	-0.025729	
181	1.000323	-0.000076	0.664593	0.000076	1.000323	-0.098287	
182	1.000633	-0.000067	1.456103	0.000067	1.000633	-0.214568	
183	1.000781	-0.000108	1.984400	0.000108	1.000781	-0.327004	
184	1.001012	0.000005	2.550056	-0.000005	1.001012	-0.351734	
185	1.001037	0.000088	2.912359	-0.000088	1.001037	-0.382781	
186	1.000993	0.000163	3.313879	-0.000163	1.000993	-0.362237	
187	1.001042	0.000203	3.644636	-0.000203	1.001042	-0.388613	
188	1.001125	0.000305	3.786393	-0.000305	1.001125	-0.374431	
189	1.001236	0.000438	3.978885	-0.000438	1.001236	-0.373714	
190	0.999925	-0.000472	5.964609	0.000472	0.999925	-0.500463	
191	1.001282	0.000484	4.397584	-0.000484	1.001282	-0.315095	
192	0.999453	-0.000750	6.847341	0.000750	0.999453	-0.419581	
193	1.000489	-0.000128	5.527287	0.000128	1.000489	-0.406564	
194	1.001270	0.000217	4.589476	-0.000217	1.001270	-0.403583	
195	0.999226	-0.000846	6.511494	0.000846	0.999226	-0.412658	
196	0.999313	-0.000970	6.398250	0.000970	0.999313	-0.604547	
197	1.000787	0.000314	4.225362	-0.000314	1.000787	-0.316803	
198	1.000500	0.000438	4.074292	-0.000438	1.000500	-0.094591	
199	1.000418	0.000244	3.967688	-0.000244	1.000418	-0.177155	
200	1.000270	0.000219	3.643781	-0.000219	1.000270	-0.003401	
201	0.999020	-0.000768	5.034553	0.000768	0.999020	-0.203559	
202	1.000331	0.000064	3.134957	-0.000064	1.000331	-0.091424	
203	1.000314	0.000069	2.693329	-0.000069	1.000314	-0.108199	
204	1.000190	0.000070	2.524151	-0.000070	1.000190	-0.050565	
205	1.000132	0.000077	1.996962	-0.000077	1.000132	-0.080807	
206	0.999919	0.000068	1.636039	-0.000068	0.999919	0.018285	
207	0.999806	0.000041	1.145242	-0.000041	0.999806	-0.000060	
208	0.999715	0.000049	0.983886	-0.000049	0.999715	0.062285	
209	0.999794	0.000003	0.563886	-0.000003	0.999794	0.024593	
210	0.999781	-0.000027	0.394566	0.000027	0.999781	0.018271	
211	0.999671	-0.000004	0.318799	0.000004	0.999671	0.005971	
212	0.999606	-0.000071	0.104560	0.000071	0.999606	-0.042457	
213	0.999545	-0.000067	0.125935	0.000067	0.999545	-0.015466	
214	0.999538	-0.000097	0.146705	0.000097	0.999538	-0.028836	
215	0.999590	-0.000128	0.090590	0.000128	0.999590	-0.065427	
216	0.999570	-0.000195	0.108508	0.000195	0.999570	-0.069218	
217	0.999612	-0.000253	0.081826	0.000253	0.999612	-0.109322	
218	0.999631	-0.000290	0.078016	0.000290	0.999631	-0.117637	
219	0.999674	-0.000304	0.088212	0.000304	0.999674	-0.116994	
220	0.999683	-0.000280	0.104701	0.000280	0.999683	-0.086718	
221	0.999787	-0.000228	0.022883	0.000228	0.999787	-0.072732	
222	0.999807	-0.000170	0.003788	0.000170	0.999807	-0.007072	
223	0.999832	-0.000023	-0.014582	0.000023	0.999832	0.042783	
224	0.999897	0.000045	-0.068741	-0.000045	0.999897	0.087999	
225	0.999959	0.000074	-0.107877	-0.000074	0.999959	0.094913	
226	0.999967	0.000056	-0.093876	-0.000056	0.999967	0.074693	
227	0.999939	0.000009	-0.078711	-0.000009	0.999939	0.029248	
228	0.999936	-0.000026	-0.050894	0.000026	0.999936	-0.005901	
229	0.999908	-0.000092	0.003685	0.000092	0.999908	-0.060876	
230	0.999921	-0.000076	-0.003547	0.000076	0.999921	-0.072809	
231	0.999904	-0.000064	-0.000293	0.000064	0.999904	-0.073488	
232	0.999935	-0.000074	0.015144	0.000074	0.999935	-0.094107	
233	0.999996	-0.000021	0.129040	0.000021	0.999996	-0.077708	
234	1.000026	-0.000021	0.229233	0.000021	1.000026	-0.070217	
235	1.000080	-0.000047	0.235499	0.000047	1.000080	-0.094500	
236	1.000050	-0.000078	0.076368	0.000078	1.000050	-0.079189	
237	1.000153	-0.000093	0.101494	0.000093	1.000153	-0.081787	
238	1.000169	-0.000046	-0.008554	0.000046	1.000169	-0.042196	
239	1.000219	-0.000165	0.032842	0.000165	1.000219	-0.154490	
240	1.000171	-0.000069	-0.073687	0.000069	1.000171	-0.078248	
241	1.000168	-0.000030	-0.083784	0.000030	1.000168	-0.057026	
242	1.000236	-0.000043	-0.135344	0.000043	1.000236	-0.100189	
243	1.000242	-0.000049	-0.171439	0.000049	1.000242	-0.106144	
244	1.000282	-0.000025	-0.191908	0.000025	1.000282	-0.080388	
245	1.000344	-0.000045	-0.240351	0.000045	1.000344	-0.099448	
246	1.000286	-0.000093	-0.195612	0.000093	1.000286	-0.105986	
247	1.000334	-0.000029	-0.226743	0.000029	1.000334	-0.112246	
248	1.000326	0.000049	-0.197671	-0.000049	1.000326	-0.083972	
249	1.000291	-0.000016	-0.166714	0.000016	1.000291	-0.127601	
250	1.000275	-0.000008	-0.157121	0.000008	1.000275	-0.119258	
251	1.000243	0.000012	-0.121829	-0.000012	1.000243	-0.103072	
252	1.000225	-0.000043	-0.127731	0.000043	1.000225	-0.141471	
253	1.000213	0.000013	-0.117351	-0.000013	1.000213	-0.082128	
254	1.000178	0.000046	-0.123367	-0.000046	1.000178	-0.049721	
255	1.000200	0.000098	-0.134225	-0.000098	1.000200	-0.005607	
256	1.000261	0.000113	-0.138287	-0.000113	1.000261	-0.019586	
257	1.000214	0.000077	-0.129875	-0.000077	1.000214	-0.021725	
258	1.000265	0.000059	-0.126209	-0.000059	1.000265	-0.041536	
259	1.000257	0.000007	-0.088555	-0.000007	1.000257	-0.070553	
260	1.000231	0.000027	-0.053892	-0.000027	1.000231	-0.033440	
261	1.000269	0.000070	-0.078935	-0.000070	1.000269	0.005027	
262	1.000267	0.000038	-0.054933	-0.000038	1.000267	-0.006255	
263	1.000215	0.000076	-0.034233	-0.000076	1.000215	0.034489	
264	1.000191	0.000091	-0.054235	-0.000091	1.000191	0.023330	
265	1.000205	0.000124	-0.060233	-0.000124	1.000205	0.030742	
266	1.000216	0.000145	-0.070926	-0.000145	1.000216	0.046678	
267	1.000145	0.000107	-0.047474	-0.000107	1.000145	0.031681	
268	1.000109	0.000114	-0.016149	-0.000114	1.000109	0.035166	
269	1.000093	0.000118	-0.013393	-0.000118	1.000093	0.043805	
270	1.000053	0.000117	0.018403	-0.000117	1.000053	0.075475	
271	1.000057	0.000157	-0.007932	-0.000157	1.000057	0.095817	
272	1.000053	0.000126	-0.006015	-0.000126	1.000053	0.067932	
273	0.999959	0.000141	0.048963	-0.000141	0.999959	0.124858	
274	0.999873	0.000086	0.044057	-0.000086	0.999873	0.108835	
275	0.999970	0.000079	-0.015720	-0.000079	0.999970	0.087378	
276	0.999955	0.000039	0.057245	-0.000039	0.999955	0.070194	
277	0.999833	0.000039	0.105807	-0.000039	0.999833	0.084655	
278	0.999898	0.000056	0.085492	-0.000056	0.999898	0.078178	
279	0.999894	0.000004	0.091705	-0.000004	0.999894	0.046273	
280	0.999970	-0.000016	0.051675	0.000016	0.999970	0.014897	
281	0.999983	0.000059	0.051257	-0.000059	0.999983	0.069702	
282	1.000057	0.000094	-0.076388	-0.000094	1.000057	0.082113	
283	1.000038	0.000168	-0.158821	-0.000168	1.000038	0.136154	
284	0.999992	0.000164	-0.079988	-0.000164	0.999992	0.157000	
285	1.000076	0.000195	-0.259423	-0.000195	1.000076	0.140611	
286	0.999930	0.000142	-0.426620	-0.000142	0.999930	0.127885	
287	0.999835	0.000120	-0.722220	-0.000120	0.999835	0.121883	
288	0.999802	0.000082	-0.809667	-0.000082	0.999802	0.105446	
289	0.999671	0.000053	-1.122746	-0.000053	0.999671	0.117709	
290	0.999391	0.000029	-1.760541	-0.000029	0.999391	0.190724	
291	0.999405	0.000073	-2.082768	-0.000073	0.999405	0.254516	
292	0.999256	0.000033	-2.819872	-0.000033	0.999256	0.362112	
293	0.998915	-0.000039	-3.019004	0.000039	0.998915	0.464556	
294	0.998209	-0.000038	-3.208009	0.000038	0.998209	0.780343	
295	0.999739	0.000806	-5.568228	-0.000806	0.999739	0.795808	
296	0.998260	-0.000234	-4.138458	0.000234	0.998260	0.680285	
297	0.999740	0.000550	-6.250712	-0.000550	0.999740	0.601784	
298	0.999844	0.000564	-6.857144	-0.000564	0.999844	0.652303	
299	0.999892	0.000594	-7.244249	-0.000594	0.999892	0.694977	
300	0.999711	0.000628	-7.531029	-0.000628	0.999711	0.666134	
301	0.999713	0.000557	-7.635076	-0.000557	0.999713	0.620177	
302	0.999694	0.000690	-7.782770	-0.000690	0.999694	0.840941	
303	0.997571	-0.000789	-5.073725	0.000789	0.997571	0.535667	
304	0.999549	0.000606	-7.181829	-0.000606	0.999549	0.721366	
305	0.999365	0.000613	-6.821789	-0.000613	0.999365	0.814660	
306	0.999624	0.000543	-6.981541	-0.000543	0.999624	0.796844	
307	0.999563	0.000543	-6.641175	-0.000543	0.999563	0.818751	
308	0.999590	0.000398	-6.481428	-0.000398	0.999590	0.555725	
309	0.998091	-0.000502	-4.484513	0.000502	0.998091	0.576878	
310	0.998378	-0.000575	-4.065712	0.000575	0.998378	0.335219	
311	0.998575	-0.000304	-3.790991	0.000304	0.998575	0.503301	
312	0.998722	-0.000353	-3.417337	0.000353	0.998722	0.306340	
313	0.999053	-0.000213	-2.618295	0.000213	0.999053	0.303711	
314	0.999111	-0.000165	-2.125674	0.000165	0.999111	0.245650	
315	0.999385	-0.000027	-1.601064	0.000027	0.999385	0.298034	
316	0.999773	-0.000088	-0.953545	0.000088	0.999773	0.079179	
317	0.999798	0.000022	-0.620108	-0.000022	0.999798	0.143806	
318	0.999912	0.000092	-0.096246	-0.000092	0.999912	0.109372	
319	1.000063	0.000127	0.068920	-0.000127	1.000063	0.076457	
320	1.000092	0.000183	0.128630	-0.000183	1.000092	0.087784	
321	1.000031	0.000182	0.029432	-0.000182	1.000031	0.103606	
322	1.000111	0.000244	-0.086685	-0.000244	1.000111	0.127527	
323	1.000214	0.000307	-0.136967	-0.000307	1.000214	0.118227	
324	1.000199	0.000310	-0.082216	-0.000310	1.000199	0.145109	
325	1.000307	0.000257	-0.137235	-0.000257	1.000307	0.114583	
326	1.000367	0.000118	-0.147751	-0.000118	1.000367	0.037942	
327	1.000346	0.000031	-0.111927	-0.000031	1.000346	0.009859	
328	1.000342	-0.000077	-0.084575	0.000077	1.000342	-0.039632	
329	1.000216	-0.000013	-0.021910	0.000013	1.000216	0.028456	
330	1.000180	0.000050	-0.040157	-0.000050	1.000180	0.068086	
331	1.000122	0.000024	-0.023555	-0.000024	1.000122	0.029290	
332	1.000033	0.000060	0.019957	-0.000060	1.000033	0.026201	
333	0.999985	0.000128	0.019480	-0.000128	0.999985	0.056718	
334	0.999975	0.000226	0.002024	-0.000226	0.999975	0.120085	
335	0.999925	0.000238	0.017062	-0.000238	0.999925	0.126144	
336	0.999931	0.000242	0.014327	-0.000242	0.999931	0.125531	
337	0.999867	0.000182	0.043677	-0.000182	0.999867	0.079803	
338	0.999826	0.000191	0.060987	-0.000191	0.999826	0.089028	
339	0.999828	0.000168	0.082894	-0.000168	0.999828	0.092015	
340	0.999884	0.000113	0.071207	-0.000113	0.999884	0.079577	
341	0.999851	0.000019	0.096224	-0.000019	0.999851	0.047402	
342	0.999858	0.000024	0.136090	-0.000024	0.999858	0.081123	
343	0.999893	-0.000000	0.072901	0.000000	0.999893	0.042999	
344	0.999869	-0.000012	0.086868	0.000012	0.999869	0.030147	
345	0.999835	-0.000012	0.102918	0.000012	0.999835	0.007858	
346	0.999852	0.000047	0.093732	-0.000047	0.999852	0.031755	
347	0.999820	0.000069	0.072096	-0.000069	0.999820	0.016921	
348	0.999831	0.000071	0.046199	-0.000071	0.999831	0.008917	
349	0.999854	0.000071	0.013512	-0.000071	0.999854	-0.001087	
350	0.999898	0.000073	-0.040352	-0.000073	0.999898	0.011969	
351	0.999879	0.000056	-0.038665	-0.000056	0.999879	0.015099	
352	0.999866	0.000024	-0.038815	-0.000024	0.999866	-0.010129	
353	0.999861	-0.000016	-0.037474	0.000016	0.999861	-0.011316	
354	0.999891	-0.000083	-0.009755	0.000083	0.999891	-0.045388	
355	0.999857	-0.000135	0.009716	0.000135	0.999857	-0.058369	
356	0.999903	-0.000112	-0.024801	0.000112	0.999903	-0.042247	
357	0.999892	-0.000144	0.008737	0.000144	0.999892	-0.071227	
358	0.999897	-0.000081	0.025448	0.000081	0.999897	-0.052513	
359	0.999877	-0.000108	0.016636	0.000108	0.999877	-0.060200	
360	0.999775	-0.000054	0.061524	0.000054	0.999775	-0.008359	
361	0.999761	-0.000043	0.077793	0.000043	0.999761	-0.003689	
362	0.999775	-0.000036	0.073466	0.000036	0.999775	0.003892	
363	0.999697	-0.000047	0.118450	0.000047	0.999697	0.018028	
364	0.999642	-0.000085	0.147499	0.000085	0.999642	0.007680	
365	0.999745	-0.000111	0.110940	0.000111	0.999745	-0.032310	
366	0.999680	-0.000117	0.134413	0.000117	0.999680	-0.008084	
367	0.999543	-0.000219	0.181966	0.000219	0.999543	-0.044200	
368	0.999551	-0.000242	0.194886	0.000242	0.999551	-0.055080	
369	0.999521	-0.000259	0.239767	0.000259	0.999521	-0.049097	
370	0.999570	-0.000324	0.219668	0.000324	0.999570	-0.074852	
371	0.999619	-0.000362	0.228057	0.000362	0.999619	-0.108459	
372	0.999562	-0.000337	0.240874	0.000337	0.999562	-0.119155	
373	0.999612	-0.000260	0.213855	0.000260	0.999612	-0.072351	
374	0.999751	-0.000183	0.138042	0.000183	0.999751	-0.075003	
375	0.999762	-0.000123	0.169192	0.000123	0.999762	-0.056545	
376	0.999736	-0.000131	0.175090	0.000131	0.999736	-0.052454	
377	0.999693	-0.000085	0.189933	0.000085	0.999693	-0.001448	
378	0.999765	-0.000060	0.159231	0.000060	0.999765	-0.003408	
379	0.999764	-0.000007	0.165340	0.000007	0.999764	0.055724	
380	0.999763	0.000009	0.164761	-0.000009	0.999763	0.073937	
381	0.999810	-0.000020	0.125333	0.000020	0.999810	0.015006	
382	0.999790	-0.000012	0.137513	0.000012	0.999790	0.021998	
383	0.999767	-0.000015	0.168236	0.000015	0.999767	-0.001425	
384	0.999740	-0.000000	0.188895	0.000000	0.999740	0.012465	
385	0.999822	-0.000054	0.163065	0.000054	0.999822	-0.029207	
386	0.999833	-0.000094	0.145894	0.000094	0.999833	-0.054837	
387	0.999870	-0.000083	0.109899	0.000083	0.999870	-0.034387	
388	0.999940	-0.000055	0.070346	0.000055	0.999940	-0.024299	
389	0.999914	0.000026	0.092292	-0.000026	0.999914	0.042747	
390	0.999925	-0.000007	0.068664	0.000007	0.999925	0.036625	
391	0.999924	0.000102	0.080244	-0.000102	0.999924	0.074265	
392	0.999896	0.000064	0.078992	-0.000064	0.999896	0.068189	
393	0.999975	-0.000010	-0.071571	0.000010	0.999975	0.006246	
394	0.999731	0.000048	-0.325315	-0.000048	0.999731	0.077576	
395	0.999636	0.000022	-0.902081	-0.000022	0.999636	-0.130313	
396	0.999379	0.000036	-1.606782	-0.000036	0.999379	-0.075034	
397	0.999026	-0.000223	-2.902453	0.000223	0.999026	0.129996	
398	0.998662	-0.000279	-3.851055	0.000279	0.998662	0.402457	
399	0.999990	0.000658	-6.922593	-0.000658	0.999990	0.735515	
400	1.000044	0.000516	-8.319115	-0.000516	1.000044	0.332554	
401	1.000168	0.000390	-9.193734	-0.000390	1.000168	0.066920	
402	1.000044	0.000737	-10.381318	-0.000737	1.000044	0.400250	
403	0.999882	0.000804	-11.426741	-0.000804	0.999882	0.548871	
404	1.000025	0.000825	-12.504208	-0.000825	1.000025	0.626171	
405	1.000314	0.000917	-14.104068	-0.000917	1.000314	0.723644	
406	0.999698	0.000901	-14.448835	-0.000901	0.999698	1.120931	
407	0.999905	0.000878	-15.531538	-0.000878	0.999905	1.056019	
408	1.000170	0.001065	-15.670327	-0.001065	1.000170	0.936026	
409	0.999842	0.001411	-15.581828	-0.001411	0.999842	1.266082	
410	0.999813	0.001075	-14.999144	-0.001075	0.999813	1.013789	
411	0.999955	0.000891	-14.829634	-0.000891	0.999955	0.602812	
412	0.999953	0.001088	-14.076078	-0.001088	0.999953	0.714852	
413	0.999815	0.001012	-13.254079	-0.001012	0.999815	0.655155	
414	0.999955	0.000968	-13.071318	-0.000968	0.999955	0.785250	
415	0.999785	0.001003	-11.570814	-0.001003	0.999785	0.857388	
416	1.000011	0.000874	-10.311504	-0.000874	1.000011	0.506740	
417	1.000054	0.000843	-8.853163	-0.000843	1.000054	0.442750	
418	0.999923	0.000706	-6.839221	-0.000706	0.999923	0.455117	
419	0.998943	-0.000245	-3.924151	0.000245	0.998943	0.307695	
420	0.999223	-0.000068	-2.570847	0.000068	0.999223	0.309246	
421	0.999580	0.000039	-1.597195	-0.000039	0.999580	0.122075	
422	0.999716	0.000132	-0.826626	-0.000132	0.999716	0.123964	
423	1.000005	0.000173	-0.314837	-0.000173	1.000005	0.047842	
424	1.000032	0.000210	0.035422	-0.000210	1.000032	0.079021	
