0	1.000000	0.000000	0.000000	0.000000	1.000000	0.000000	
1	1.001278	0.000181	5.031854	-0.000181	1.001278	-0.168899	
2	0.999876	-0.000456	6.472432	0.000456	0.999876	0.071848	
3	0.999776	-0.000414	6.483026	0.000414	0.999776	0.085177	
4	1.000990	0.000328	4.520692	-0.000328	1.000990	-0.045686	
5	1.001091	0.000212	4.305707	-0.000212	1.001091	-0.147292	
6	1.000654	0.000222	4.009035	-0.000222	1.000654	-0.051277	
7	1.000704	0.000089	3.700953	-0.000089	1.000704	0.272492	
8	1.000732	0.000178	3.518555	-0.000178	1.000732	0.117277	
9	1.000766	0.000088	3.314865	-0.000088	1.000766	-0.022733	
10	1.000558	0.000231	3.109265	-0.000231	1.000558	-0.019322	
11	1.000397	0.000229	3.093596	-0.000229	1.000397	0.011981	
12	1.000609	0.000093	2.752943	-0.000093	1.000609	-0.062305	
13	1.000538	0.000143	2.567934	-0.000143	1.000538	-0.000885	
14	1.000451	0.000058	2.986326	-0.000058	1.000451	0.010737	
15	1.000557	0.000125	3.019466	-0.000125	1.000557	-0.016495	
16	1.000626	0.000196	3.758156	-0.000196	1.000626	-0.003705	
17	1.000968	0.000338	4.389218	-0.000338	1.000968	-0.085374	
18	1.001179	0.000296	5.301251	-0.000296	1.001179	-0.028410	
19	0.999902	-0.000501	9.187444	0.000501	0.999902	-0.026030	
20	0.999930	-0.000520	12.254668	0.000520	0.999930	-0.172331	
21	0.999867	-0.000609	15.824628	0.000609	0.999867	-0.122762	
22	0.999467	-0.000906	21.401648	0.000906	0.999467	-0.210846	
23	1.000149	-0.001038	26.660969	0.001038	1.000149	-0.855662	
24	1.000745	-0.001523	33.339097	0.001523	1.000745	-1.236588	
25	1.000133	-0.001558	40.581480	0.001558	1.000133	-0.812195	
26	0.999797	-0.001792	46.638720	0.001792	0.999797	-0.791221	
27	0.998969	-0.002126	52.839814	0.002126	0.998969	-0.578430	
28	0.998966	-0.002512	57.519656	0.002512	0.998966	-0.730139	
29	1.000705	-0.002603	58.877817	0.002603	1.000705	-1.555972	
30	0.999926	-0.002923	61.311541	0.002923	0.999926	-1.635617	
31	1.000947	-0.003202	61.818732	0.003202	1.000947	-2.477196	
32	1.001591	-0.002831	58.098194	0.002831	1.001591	-2.593399	
33	0.998164	-0.002892	58.174252	0.002892	0.998164	-1.057713	
34	0.999997	-0.002863	53.413121	0.002863	0.999997	-1.307932	
35	1.000334	-0.002548	48.443891	0.002548	1.000334	-1.219738	
36	1.000021	-0.002421	45.590144	0.002421	1.000021	-1.516333	
37	1.002164	-0.002145	38.847752	0.002145	1.002164	-2.486184	
38	1.000645	-0.001741	36.104306	0.001741	1.000645	-1.674129	
39	1.001193	-0.001730	33.035490	0.001730	1.001193	-1.600902	
40	0.999982	-0.001710	29.645335	0.001710	0.999982	-0.856005	
41	0.999562	-0.001655	26.945689	0.001655	0.999562	-0.655265	
42	0.999662	-0.001742	23.353006	0.001742	0.999662	-0.688554	
43	0.999807	-0.001451	19.933674	0.001451	0.999807	-0.870749	
44	0.999717	-0.001255	16.502950	0.001255	0.999717	-0.711958	
45	0.999777	-0.001064	12.953999	0.001064	0.999777	-0.355198	
46	0.999868	-0.000738	9.234263	0.000738	0.999868	-0.012521	
47	1.001281	0.000134	4.247057	-0.000134	1.001281	0.021592	
48	1.000663	0.000043	2.369275	-0.000043	1.000663	-0.199564	
49	1.000243	0.000024	0.915270	-0.000024	1.000243	-0.091043	
50	1.000015	-0.000053	-0.002450	0.000053	1.000015	-0.242432	
51	0.999871	-0.000136	-0.420460	0.000136	0.999871	-0.006381	
52	0.999954	-0.000140	-0.660622	0.000140	0.999954	0.030086	
53	0.999645	-0.000317	-0.804027	0.000317	0.999645	0.391332	
54	0.999705	-0.000322	-1.206331	0.000322	0.999705	0.158464	
55	0.999361	-0.000294	-1.968905	0.000294	0.999361	0.195734	
56	0.999127	-0.000309	-2.744662	0.000309	0.999127	0.059428	
57	0.998954	-0.000222	-3.673864	0.000222	0.998954	-0.055441	
58	0.998674	-0.000335	-4.189214	0.000335	0.998674	0.137172	
59	1.000036	0.000354	-6.668960	-0.000354	1.000036	0.273821	
60	1.000065	0.000390	-7.434255	-0.000390	1.000065	0.286403	
61	1.000235	0.000242	-8.337843	-0.000242	1.000235	-0.152373	
62	0.999957	0.000583	-8.509924	-0.000583	0.999957	0.101246	
63	1.000022	0.000416	-8.790162	-0.000416	1.000022	0.082176	
64	0.999796	0.000284	-8.716850	-0.000284	0.999796	0.192033	
65	0.999704	0.000531	-8.526040	-0.000531	0.999704	0.701690	
66	0.998974	-0.000078	-7.481018	0.000078	0.998974	0.275826	
67	0.999637	0.000353	-7.932649	-0.000353	0.999637	0.139153	
68	0.999735	0.000286	-6.991381	-0.000286	0.999735	-0.122172	
69	0.998143	-0.000589	-4.605935	0.000589	0.998143	0.171916	
70	0.998425	-0.000276	-3.840102	0.000276	0.998425	0.518880	
71	0.998650	-0.000251	-3.020325	0.000251	0.998650	0.557386	
72	0.998987	-0.000132	-2.308378	0.000132	0.998987	0.234606	
73	0.999222	0.000107	-1.652874	-0.000107	0.999222	0.075881	
74	0.999367	0.000041	-1.262908	-0.000041	0.999367	0.229411	
75	0.999479	0.000118	-0.754319	-0.000118	0.999479	0.325705	
76	0.999636	-0.000044	-0.698324	0.000044	0.999636	0.472220	
77	0.999639	-0.000011	-0.416154	0.000011	0.999639	0.453388	
78	0.999667	0.000080	-0.372979	-0.000080	0.999667	0.154959	
79	0.999645	0.000233	-0.179103	-0.000233	0.999645	0.095153	
80	0.999718	0.000238	-0.118768	-0.000238	0.999718	0.112351	
81	0.999730	0.000320	-0.038143	-0.000320	0.999730	0.152323	
82	0.999799	0.000178	0.117147	-0.000178	0.999799	0.124736	
83	0.999874	0.000195	0.118750	-0.000195	0.999874	0.139178	
84	0.999766	0.000236	0.188068	-0.000236	0.999766	0.229809	
85	0.999838	0.000243	0.084603	-0.000243	0.999838	0.212439	
86	0.999857	0.000293	-0.039553	-0.000293	0.999857	0.222900	
87	0.999843	0.000255	0.033641	-0.000255	0.999843	0.246044	
88	0.999883	0.000231	0.146631	-0.000231	0.999883	0.214423	
89	0.999811	0.000218	0.164314	-0.000218	0.999811	0.241589	
90	0.999772	0.000200	0.159108	-0.000200	0.999772	0.244704	
91	0.999850	0.000118	0.053760	-0.000118	0.999850	0.127659	
92	0.999776	0.000095	0.004578	-0.000095	0.999776	0.147441	
93	0.999864	0.000144	-0.072452	-0.000144	0.999864	0.173273	
94	0.999985	0.000211	-0.026081	-0.000211	0.999985	0.197509	
95	0.999886	0.000160	-0.229014	-0.000160	0.999886	0.166154	
96	0.999806	0.000124	-0.433748	-0.000124	0.999806	0.161567	
97	0.999682	0.000123	-0.750968	-0.000123	0.999682	0.153792	
98	0.999463	0.000072	-1.210662	-0.000072	0.999463	0.145459	
99	0.999349	0.000068	-1.944186	-0.000068	0.999349	0.022206	
100	0.999005	-0.000078	-2.641783	0.000078	0.999005	0.057515	
101	0.998389	-0.000121	-2.818443	0.000121	0.998389	0.370139	
102	0.998405	-0.000225	-4.140360	0.000225	0.998405	0.338442	
103	0.997762	0.000079	-4.540193	-0.000079	0.997762	0.857641	
104	0.999579	0.000503	-7.535635	-0.000503	0.999579	0.433887	
105	0.999615	0.000859	-8.760974	-0.000859	0.999615	0.617979	
106	1.000035	0.000762	-9.728541	-0.000762	1.000035	0.408355	
107	0.999757	0.001027	-10.062952	-0.001027	0.999757	0.787085	
108	0.999759	0.000731	-10.624273	-0.000731	0.999759	0.687232	
109	0.999816	0.000697	-10.501120	-0.000697	0.999816	0.585322	
110	0.999906	0.000813	-10.671372	-0.000813	0.999906	0.654810	
111	0.999683	0.000800	-10.219720	-0.000800	0.999683	0.728295	
112	1.000360	0.000611	-9.808851	-0.000611	1.000360	0.340088	
113	1.000237	0.000599	-9.588358	-0.000599	1.000237	0.410281	
114	1.000375	0.000881	-9.018681	-0.000881	1.000375	0.577508	
115	1.000635	0.001482	-8.348740	-0.001482	1.000635	0.787635	
116	0.997692	-0.000427	-5.261417	0.000427	0.997692	0.517111	
117	0.997935	-0.000376	-4.924181	0.000376	0.997935	0.322360	
118	1.000490	0.000771	-7.515323	-0.000771	1.000490	0.267009	
119	1.000143	0.000573	-7.085756	-0.000573	1.000143	0.261443	
120	0.996739	-0.000062	-3.336033	0.000062	0.996739	0.963933	
121	0.998691	-0.000271	-4.650574	0.000271	0.998691	0.190893	
122	0.997539	-0.000164	-3.298931	0.000164	0.997539	0.726217	
123	0.999050	-0.000042	-3.929025	0.000042	0.999050	0.276152	
124	0.999240	-0.000213	-3.609892	0.000213	0.999240	0.229253	
125	0.999340	-0.000323	-3.405635	0.000323	0.999340	0.141619	
126	0.999137	-0.000172	-2.880703	0.000172	0.999137	0.206880	
127	0.998930	-0.000061	-2.701481	0.000061	0.998930	0.278875	
128	0.999015	0.000105	-2.516393	-0.000105	0.999015	0.417008	
129	0.999137	0.000142	-2.323132	-0.000142	0.999137	0.451890	
130	0.999139	0.000377	-2.135654	-0.000377	0.999139	0.615969	
131	0.999191	0.000316	-1.780797	-0.000316	0.999191	0.502388	
132	0.999142	0.000326	-1.597428	-0.000326	0.999142	0.474270	
133	0.999236	0.000211	-1.527435	-0.000211	0.999236	0.356276	
134	0.999504	0.000080	-1.218285	-0.000080	0.999504	0.199303	
135	0.999624	0.000047	-1.244439	-0.000047	0.999624	0.134524	
136	0.999532	0.000006	-1.067313	-0.000006	0.999532	0.125590	
137	0.999615	-0.000057	-0.805093	0.000057	0.999615	0.017749	
138	0.999976	0.000059	-1.062097	-0.000059	0.999976	-0.017034	
139	1.000048	0.000101	-0.849139	-0.000101	1.000048	0.008678	
140	1.000085	0.000008	-0.945877	-0.000008	1.000085	-0.002512	
141	0.999925	-0.000050	-0.994096	0.000050	0.999925	-0.009844	
142	1.000196	0.000077	-0.835596	-0.000077	1.000196	-0.041038	
143	1.000350	0.000170	-0.868881	-0.000170	1.000350	-0.066229	
144	1.000284	0.000135	-0.705330	-0.000135	1.000284	-0.060902	
145	1.000292	0.000128	-0.662672	-0.000128	1.000292	-0.060757	
146	1.000257	0.000139	-0.478860	-0.000139	1.000257	-0.039123	
147	1.000204	0.000088	-0.455116	-0.000088	1.000204	-0.027248	
148	1.000246	0.000023	-0.311127	-0.000023	1.000246	-0.049358	
149	1.000352	-0.000031	-0.422195	0.000031	1.000352	-0.066538	
150	1.000537	-0.000089	-0.494513	0.000089	1.000537	-0.139784	
151	1.000488	-0.000122	-0.509865	0.000122	1.000488	-0.174804	
152	1.000584	-0.000163	-0.360052	0.000163	1.000584	-0.259771	
153	1.000500	-0.000121	-0.326952	0.000121	1.000500	-0.236859	
154	1.000553	-0.000027	-0.526913	0.000027	1.000553	-0.212905	
155	1.000592	-0.000016	-0.393469	0.000016	1.000592	-0.214715	
156	1.000482	-0.000057	-0.372926	0.000057	1.000482	-0.195249	
157	1.000551	-0.000043	-0.362093	0.000043	1.000551	-0.185891	
158	1.000337	-0.000023	-0.335814	0.000023	1.000337	-0.154330	
159	1.000252	-0.000025	-0.320028	0.000025	1.000252	-0.136634	
160	1.000212	-0.000152	-0.161836	0.000152	1.000212	-0.210995	
161	1.000240	-0.000148	-0.197429	0.000148	1.000240	-0.201642	
162	1.000372	-0.000132	-0.309105	0.000132	1.000372	-0.198797	
163	1.000408	-0.000055	-0.266674	0.000055	1.000408	-0.198423	
164	1.000381	-0.000075	-0.210123	0.000075	1.000381	-0.181743	
165	1.000406	-0.000073	-0.226595	0.000073	1.000406	-0.190178	
166	1.000409	-0.000094	-0.211123	0.000094	1.000409	-0.215204	
167	1.000312	-0.000118	-0.157420	0.000118	1.000312	-0.297797	
168	1.000212	-0.000119	-0.102429	0.000119	1.000212	-0.207360	
169	1.000187	-0.000032	-0.096498	0.000032	1.000187	-0.175245	
170	1.000173	-0.000012	-0.101249	0.000012	1.000173	-0.211470	
171	1.000180	-0.000011	-0.118531	0.000011	1.000180	-0.184617	
172	1.000190	-0.000045	-0.093455	0.000045	1.000190	-0.099503	
173	1.000117	-0.000139	-0.032627	0.000139	1.000117	-0.154329	
174	0.999939	-0.000127	0.031277	0.000127	0.999939	-0.196951	
175	1.000036	-0.000138	-0.035355	0.000138	1.000036	-0.193649	
176	1.000069	-0.000175	-0.076828	0.000175	1.000069	-0.133637	
177	1.000043	-0.000179	-0.078870	0.000179	1.000043	-0.084812	
178	1.000058	-0.000084	-0.114060	0.000084	1.000058	-0.039234	
179	1.000077	-0.000063	-0.176732	0.000063	1.000077	-0.063484	
180	1.000088	-0.000045	-0.201463	0.000045	1.000088	-0.071260	
181	1.000004	-0.000171	-0.132645	0.000171	1.000004	-0.134237	
182	1.000015	-0.000240	-0.094345	0.000240	1.000015	-0.185737	
183	1.000105	-0.000271	-0.086888	0.000271	1.000105	-0.221398	
184	1.000157	-0.000312	-0.120993	0.000312	1.000157	-0.247166	
185	1.000115	-0.000315	-0.100764	0.000315	1.000115	-0.243428	
186	1.000218	-0.000243	-0.188639	0.000243	1.000218	-0.231909	
187	1.000201	-0.000224	-0.230320	0.000224	1.000201	-0.157903	
188	1.000138	-0.000202	-0.210225	0.000202	1.000138	-0.119252	
189	1.000044	-0.000198	-0.191250	0.000198	1.000044	-0.096303	
190	1.000031	-0.000078	-0.148443	0.000078	1.000031	-0.038445	
191	0.999929	-0.000008	-0.081913	0.000008	0.999929	0.026009	
192	0.999968	0.000029	-0.069891	-0.000029	0.999968	0.044265	
193	1.000063	0.000039	-0.084303	-0.000039	1.000063	0.012336	
194	1.000044	0.000037	-0.048907	-0.000037	1.000044	-0.001459	
195	1.000090	0.000003	-0.055730	-0.000003	1.000090	-0.053661	
196	1.000094	-0.000047	-0.069150	0.000047	1.000094	-0.088907	
197	1.000011	-0.000038	-0.014228	0.000038	1.000011	-0.045784	
198	1.000001	-0.000060	-0.022332	0.000060	1.000001	-0.041944	
199	1.000007	-0.000111	-0.087972	0.000111	1.000007	-0.077427	
200	0.999874	-0.000039	0.063353	0.000039	0.999874	0.032341	
201	0.999920	-0.000010	-0.026241	0.000010	0.999920	0.020022	
202	0.999915	-0.000039	-0.035846	0.000039	0.999915	-0.026004	
203	1.000000	-0.000101	-0.123678	0.000101	1.000000	-0.076394	
204	0.999951	-0.000176	-0.088261	0.000176	0.999951	-0.133551	
205	0.999901	-0.000158	-0.044231	0.000158	0.999901	-0.103045	
206	0.999930	-0.000161	-0.060855	0.000161	0.999930	-0.091323	
207	0.999838	-0.000121	-0.004787	0.000121	0.999838	-0.056159	
208	0.999873	-0.000097	-0.018420	0.000097	0.999873	-0.069851	
209	0.999931	-0.000250	-0.079887	0.000250	0.999931	-0.164120	
210	1.000068	-0.000230	-0.150701	0.000230	1.000068	-0.176013	
211	0.999948	-0.000152	-0.051797	0.000152	0.999948	-0.090969	
212	0.999952	-0.000156	-0.048300	0.000156	0.999952	-0.079275	
213	0.999895	-0.000247	-0.011730	0.000247	0.999895	-0.111198	
214	0.999943	-0.000245	-0.042793	0.000245	0.999943	-0.107179	
215	1.000164	-0.000135	-0.227511	0.000135	1.000164	-0.043261	
216	1.000188	-0.000012	-0.254666	0.000012	1.000188	0.041201	
217	1.000089	-0.000064	-0.155280	0.000064	1.000089	0.019841	
218	0.999866	0.000050	0.034180	-0.000050	0.999866	0.131048	
219	0.999844	0.000026	0.061809	-0.000026	0.999844	0.123757	
220	0.999908	0.000126	0.039273	-0.000126	0.999908	0.154347	
221	0.999996	0.000164	-0.049834	-0.000164	0.999996	0.180783	
222	0.999989	0.000203	-0.043887	-0.000203	0.999989	0.203218	
223	0.999911	0.000116	0.050433	-0.000116	0.999911	0.163033	
224	0.999857	0.000135	0.096832	-0.000135	0.999857	0.191049	
225	0.999865	0.000148	0.127510	-0.000148	0.999865	0.193170	
226	0.999868	0.000077	0.083361	-0.000077	0.999868	0.099070	
227	0.999863	-0.000004	0.057073	0.000004	0.999863	0.016292	
228	0.999916	-0.000017	0.084714	0.000017	0.999916	-0.001834	
229	0.999936	-0.000006	0.101884	0.000006	0.999936	-0.007324	
230	0.999944	0.000016	0.119992	-0.000016	0.999944	0.013052	
231	0.999848	0.000072	0.136883	-0.000072	0.999848	0.064161	
232	0.999856	0.000093	0.099010	-0.000093	0.999856	0.078295	
233	0.999836	0.000138	0.132531	-0.000138	0.999836	0.140617	
234	0.999839	0.000161	0.121562	-0.000161	0.999839	0.147006	
235	0.999824	0.000166	0.141532	-0.000166	0.999824	0.184613	
236	0.999868	0.000110	0.102915	-0.000110	0.999868	0.143107	
237	0.999841	0.000106	0.122425	-0.000106	0.999841	0.137411	
238	0.999742	0.000153	0.204711	-0.000153	0.999742	0.183480	
239	0.999667	0.000121	0.248409	-0.000121	0.999667	0.172144	
240	0.999735	0.000034	0.185599	-0.000034	0.999735	0.080798	
241	0.999671	0.000064	0.219250	-0.000064	0.999671	0.118877	
242	0.999587	0.000107	0.272850	-0.000107	0.999587	0.168006	
243	0.999586	0.000089	0.290867	-0.000089	0.999586	0.173870	
244	0.999700	0.000037	0.210327	-0.000037	0.999700	0.128834	
245	0.999699	-0.000001	0.212822	0.000001	0.999699	0.114269	
246	0.999639	-0.000033	0.240766	0.000033	0.999639	0.127996	
247	0.999711	0.000026	0.156160	-0.000026	0.999711	0.157440	
248	0.999671	0.000106	0.208370	-0.000106	0.999671	0.229097	
249	0.999625	0.000109	0.230998	-0.000109	0.999625	0.231152	
250	0.999698	0.000118	0.194275	-0.000118	0.999698	0.257791	
