0	1.000000	0.000000	0.000000	0.000000	1.000000	0.000000	
1	1.000226	-0.000106	0.685533	0.000106	1.000226	-0.026806	
2	1.000374	-0.000042	0.531840	0.000042	1.000374	0.052459	
3	1.000383	-0.000041	0.571423	0.000041	1.000383	-0.019410	
4	1.000221	-0.000161	0.667058	0.000161	1.000221	-0.103468	
5	0.999890	-0.000360	0.936371	0.000360	0.999890	-0.183959	
6	1.000036	-0.000469	0.855334	0.000469	1.000036	-0.337570	
7	0.999869	-0.000479	1.054431	0.000479	0.999869	-0.294071	
8	0.999511	-0.000439	1.397312	0.000439	0.999511	-0.033924	
9	0.999929	-0.000294	1.137531	0.000294	0.999929	-0.028891	
10	0.999677	-0.000290	1.373760	0.000290	0.999677	0.073009	
11	0.999570	-0.000012	1.468427	0.000012	0.999570	0.311091	
12	0.999220	-0.000017	1.811112	0.000017	0.999220	0.309811	
13	0.999077	-0.000059	2.054172	0.000059	0.999077	0.167458	
14	0.998806	-0.000222	2.276847	0.000222	0.998806	0.045396	
15	0.998598	-0.000385	2.379877	0.000385	0.998598	-0.026089	
16	0.998594	-0.000432	2.307779	0.000432	0.998594	-0.057270	
17	0.998589	-0.000358	2.282807	0.000358	0.998589	0.051532	
18	0.998933	-0.000282	2.018640	0.000282	0.998933	0.202638	
19	0.999127	-0.000218	1.853328	0.000218	0.999127	0.250559	
20	0.999038	-0.000092	1.971835	0.000092	0.999038	0.484310	
21	0.998892	-0.000091	2.068009	0.000091	0.998892	0.546407	
22	0.999318	-0.000177	1.832584	0.000177	0.999318	0.201065	
23	0.999245	-0.000136	1.910427	0.000136	0.999245	0.242717	
24	0.999526	-0.000271	1.756256	0.000271	0.999526	-0.039301	
25	0.999473	-0.000344	1.774853	0.000344	0.999473	-0.037341	
26	0.999342	-0.000080	1.803725	0.000080	0.999342	0.257095	
27	0.999959	-0.000220	1.342662	0.000220	0.999959	-0.031211	
28	0.999540	-0.000164	1.663380	0.000164	0.999540	0.196563	
29	0.999727	-0.000138	1.520884	0.000138	0.999727	0.203041	
30	0.999949	-0.000015	1.376904	0.000015	0.999949	0.191584	
31	0.999721	0.000003	1.583874	-0.000003	0.999721	0.266593	
32	0.999283	-0.000011	1.935079	0.000011	0.999283	0.599078	
33	0.999057	-0.000170	2.144207	0.000170	0.999057	0.465264	
34	0.999107	-0.000325	2.059872	0.000325	0.999107	0.219111	
35	0.998790	-0.000410	2.195480	0.000410	0.998790	0.400061	
36	0.998762	-0.000312	2.188765	0.000312	0.998762	0.310016	
37	0.998848	-0.000221	2.000384	0.000221	0.998848	0.297814	
38	0.999263	-0.000171	1.511156	0.000171	0.999263	0.314184	
39	0.999197	-0.000043	1.457996	0.000043	0.999197	0.523201	
40	0.999330	0.000068	1.269784	-0.000068	0.999330	0.610188	
41	0.999647	-0.000004	0.880611	0.000004	0.999647	0.471407	
42	0.999531	-0.000228	0.904187	0.000228	0.999531	0.308354	
43	0.999706	-0.000310	0.703888	0.000310	0.999706	0.125368	
44	0.999691	-0.000386	0.654888	0.000386	0.999691	0.079820	
45	0.999774	-0.000375	0.608016	0.000375	0.999774	0.101994	
46	1.000041	-0.000414	0.367250	0.000414	1.000041	-0.082805	
47	0.999827	-0.000126	0.582820	0.000126	0.999827	0.442546	
48	0.999740	-0.000097	0.745767	0.000097	0.999740	0.483253	
49	0.999937	-0.000079	0.681415	0.000079	0.999937	0.479190	
50	0.999792	-0.000145	0.944157	0.000145	0.999792	0.465932	
51	0.999669	-0.000233	1.132378	0.000233	0.999669	0.103011	
52	0.999504	-0.000332	1.303750	0.000332	0.999504	0.009312	
53	0.999535	-0.000211	1.360899	0.000211	0.999535	0.138696	
54	0.999536	-0.000165	1.473358	0.000165	0.999536	0.267499	
55	0.999427	-0.000068	1.596846	0.000068	0.999427	0.565186	
56	0.999350	0.000013	1.712448	-0.000013	0.999350	0.843462	
57	0.999471	0.000081	1.690918	-0.000081	0.999471	0.949698	
58	0.999424	0.000126	1.744355	-0.000126	0.999424	1.039557	
59	0.999512	0.000132	1.738468	-0.000132	0.999512	0.987656	
60	0.999142	0.000038	2.006723	-0.000038	0.999142	1.039756	
61	0.999511	-0.000144	1.747180	0.000144	0.999511	0.705325	
62	0.999330	-0.000192	1.881969	0.000192	0.999330	0.675476	
63	0.999309	-0.000257	1.909766	0.000257	0.999309	0.574339	
64	0.998987	-0.000045	2.204228	0.000045	0.998987	0.801306	
65	0.999331	-0.000150	1.944863	0.000150	0.999331	0.567852	
66	0.999298	-0.000024	1.982228	0.000024	0.999298	0.692443	
67	0.999232	0.000085	1.981818	-0.000085	0.999232	0.882326	
68	0.999333	0.000187	1.880000	-0.000187	0.999333	0.975196	
69	0.999339	0.000107	1.926036	-0.000107	0.999339	0.954585	
70	0.999167	-0.000062	2.028534	0.000062	0.999167	0.845282	
71	0.999303	-0.000126	1.967379	0.000126	0.999303	0.710539	
72	0.999082	-0.000197	2.165931	0.000197	0.999082	0.592245	
73	0.999170	-0.000274	2.120906	0.000274	0.999170	0.182249	
74	0.999106	-0.000240	2.247216	0.000240	0.999106	-0.026032	
75	0.998314	-0.000264	2.883642	0.000264	0.998314	0.091040	
76	0.997509	-0.000301	3.510676	0.000301	0.997509	0.170861	
77	0.996546	-0.000354	4.696624	0.000354	0.996546	0.292171	
78	0.995735	-0.000271	5.946891	0.000271	0.995735	0.429651	
79	0.995462	-0.000229	6.618207	0.000229	0.995462	0.467723	
80	0.994733	-0.000124	7.547305	0.000124	0.994733	0.671046	
81	0.994695	-0.000005	8.165213	0.000005	0.994695	0.682076	
82	0.994229	0.000215	9.026860	-0.000215	0.994229	0.772958	
83	0.994708	0.000093	10.125486	-0.000093	0.994708	0.522634	
84	0.995811	-0.000536	11.507225	0.000536	0.995811	-0.212054	
85	0.995904	-0.000699	13.044405	0.000699	0.995904	-0.513203	
86	0.995824	-0.000799	14.849759	0.000799	0.995824	-0.715554	
87	0.996469	-0.000939	16.158084	0.000939	0.996469	-1.006017	
88	0.997421	-0.001090	17.709895	0.001090	0.997421	-1.325751	
89	1.000033	-0.001622	18.536759	0.001622	1.000033	-2.451948	
90	1.000126	-0.001742	20.435301	0.001742	1.000126	-2.422160	
91	1.001082	-0.001837	21.975445	0.001837	1.001082	-2.638643	
92	1.001026	-0.001997	23.700376	0.001997	1.001026	-2.572486	
93	1.000705	-0.002056	25.388739	0.002056	1.000705	-2.474502	
94	1.003020	-0.002961	25.076839	0.002961	1.003020	-3.786769	
95	0.997784	-0.002923	28.605906	0.002923	0.997784	-1.871730	
96	1.000342	-0.002990	28.318508	0.002990	1.000342	-2.842008	
97	1.000040	-0.002790	28.783825	0.002790	1.000040	-2.527336	
98	0.999632	-0.003006	28.359078	0.003006	0.999632	-2.456530	
99	1.002378	-0.002599	26.792111	0.002599	1.002378	-3.150041	
100	1.003639	-0.002526	25.366600	0.002526	1.003639	-3.462304	
101	1.002500	-0.002294	24.741794	0.002294	1.002500	-3.155428	
102	1.003377	-0.002707	23.482344	0.002707	1.003377	-3.691433	
103	1.002574	-0.002989	22.819704	0.002989	1.002574	-3.408522	
104	1.002758	-0.003111	21.738995	0.003111	1.002758	-3.452362	
105	1.003373	-0.002781	20.577620	0.002781	1.003373	-3.393085	
106	1.003456	-0.002583	19.628593	0.002583	1.003456	-3.201113	
107	1.004389	-0.002072	18.186919	0.002072	1.004389	-3.158699	
108	1.004799	-0.001760	17.342918	0.001760	1.004799	-3.204825	
109	1.004624	-0.001713	16.694079	0.001713	1.004624	-3.103243	
110	1.003707	-0.001987	16.323456	0.001987	1.003707	-2.784853	
111	1.004263	-0.002089	15.639911	0.002089	1.004263	-2.989017	
112	1.004069	-0.002133	14.909723	0.002133	1.004069	-2.783662	
113	1.004445	-0.002098	14.152588	0.002098	1.004445	-2.805983	
114	1.004989	-0.001954	13.204460	0.001954	1.004989	-2.959531	
115	1.005166	-0.001869	12.577717	0.001869	1.005166	-3.091659	
116	1.004945	-0.001736	12.136588	0.001736	1.004945	-2.947672	
117	1.005136	-0.001529	11.526872	0.001529	1.005136	-2.947408	
118	1.005535	-0.001447	10.935140	0.001447	1.005535	-2.947418	
119	1.005752	-0.001683	10.329914	0.001683	1.005752	-3.077927	
120	1.004912	-0.001763	10.444127	0.001763	1.004912	-2.894317	
121	1.005507	-0.001720	9.666575	0.001720	1.005507	-3.184045	
122	1.005229	-0.001631	9.368224	0.001631	1.005229	-2.944089	
123	1.005296	-0.001599	9.077686	0.001599	1.005296	-2.931556	
124	1.005171	-0.001431	8.644622	0.001431	1.005171	-2.812270	
125	1.005089	-0.001406	8.518117	0.001406	1.005089	-2.789694	
126	1.005747	-0.001485	7.812089	0.001485	1.005747	-2.966742	
127	1.004977	-0.001405	8.070041	0.001405	1.004977	-2.702776	
128	1.004945	-0.001473	7.736113	0.001473	1.004945	-2.782445	
129	1.004753	-0.001600	7.561349	0.001600	1.004753	-2.907725	
130	1.004221	-0.001655	7.408035	0.001655	1.004221	-2.755259	
131	1.004346	-0.001535	6.838768	0.001535	1.004346	-2.735675	
132	1.004300	-0.001294	6.260808	0.001294	1.004300	-2.668688	
133	1.003688	-0.001158	5.920957	0.001158	1.003688	-2.318694	
134	1.003281	-0.001189	5.699062	0.001189	1.003281	-2.113384	
135	1.003177	-0.001233	5.283360	0.001233	1.003177	-1.992173	
136	1.000835	-0.000372	5.408228	0.000372	1.000835	-0.854691	
137	1.003108	-0.001208	4.843739	0.001208	1.003108	-1.928424	
138	1.002700	-0.001182	4.879247	0.001182	1.002700	-1.848629	
139	1.003381	-0.001098	4.437370	0.001098	1.003381	-2.115461	
140	1.002510	-0.000928	4.674278	0.000928	1.002510	-1.734866	
141	1.003078	-0.001089	4.218260	0.001089	1.003078	-1.990248	
142	1.002958	-0.000976	4.038346	0.000976	1.002958	-1.871472	
143	0.997578	-0.000747	5.371807	0.000747	0.997578	-0.414400	
144	1.001299	-0.000554	3.984691	0.000554	1.001299	-1.165017	
145	1.003387	-0.000833	3.404007	0.000833	1.003387	-1.973112	
146	1.001267	-0.000674	3.843565	0.000674	1.001267	-1.242473	
147	1.002470	-0.000932	3.559541	0.000932	1.002470	-1.669198	
148	1.003207	-0.001136	3.474305	0.001136	1.003207	-1.938174	
149	1.003143	-0.001261	3.642746	0.001261	1.003143	-2.074944	
150	1.002845	-0.001217	3.849242	0.001217	1.002845	-2.053384	
151	1.003080	-0.001040	3.898342	0.001040	1.003080	-2.032215	
152	1.003247	-0.000959	3.781123	0.000959	1.003247	-1.972159	
153	1.002463	-0.000718	3.957057	0.000718	1.002463	-1.692621	
154	1.003089	-0.000970	3.784279	0.000970	1.003089	-1.874910	
155	1.003161	-0.000878	3.606939	0.000878	1.003161	-1.799332	
156	1.003495	-0.001131	3.386324	0.001131	1.003495	-2.103687	
157	1.003335	-0.001056	3.262800	0.001056	1.003335	-2.031066	
158	1.000756	-0.000475	4.135642	0.000475	1.000756	-1.204830	
159	1.003327	-0.000971	3.043854	0.000971	1.003327	-2.217458	
160	1.002875	-0.000797	3.173706	0.000797	1.002875	-2.062996	
161	1.000997	-0.000491	3.781957	0.000491	1.000997	-1.421074	
162	1.000737	-0.000364	3.863533	0.000364	1.000737	-1.213692	
163	1.000866	-0.000503	3.579438	0.000503	1.000866	-1.232850	
164	1.000878	-0.000527	3.441767	0.000527	1.000878	-1.236760	
165	1.000982	-0.000568	3.180140	0.000568	1.000982	-1.289221	
166	1.001066	-0.000569	2.825232	0.000569	1.001066	-1.350484	
167	1.000811	-0.000435	2.573447	0.000435	1.000811	-1.239645	
168	1.000865	-0.000433	2.166079	0.000433	1.000865	-1.264433	
169	1.000847	-0.000391	1.879310	0.000391	1.000847	-1.193910	
170	1.001149	-0.000398	1.193353	0.000398	1.001149	-1.173079	
171	1.001245	-0.000567	0.752921	0.000567	1.001245	-1.235390	
172	1.001402	-0.000590	0.502649	0.000590	1.001402	-1.228404	
173	1.001337	-0.000555	0.727199	0.000555	1.001337	-1.193463	
174	1.001224	-0.000689	1.126248	0.000689	1.001224	-1.331393	
175	1.000786	-0.000525	1.779261	0.000525	1.000786	-1.120614	
176	1.000755	-0.000335	2.134830	0.000335	1.000755	-1.028017	
177	1.000895	-0.000419	2.135649	0.000419	1.000895	-0.934149	
178	1.000442	-0.000390	2.462793	0.000390	1.000442	-0.697630	
179	1.000308	-0.000405	2.546458	0.000405	1.000308	-0.631897	
180	1.000408	-0.000444	2.382627	0.000444	1.000408	-0.695953	
181	1.000237	-0.000487	2.380006	0.000487	1.000237	-0.731267	
182	1.000455	-0.000453	2.326785	0.000453	1.000455	-0.892562	
183	1.000392	-0.000258	2.452353	0.000258	1.000392	-0.651327	
184	1.000443	-0.000358	2.382061	0.000358	1.000443	-0.678958	
185	1.000368	-0.000435	2.352103	0.000435	1.000368	-0.687394	
186	1.000199	-0.000141	2.695540	0.000141	1.000199	-0.370634	
187	1.000196	-0.000153	2.914066	0.000153	1.000196	-0.439188	
188	0.999844	-0.000681	3.301149	0.000681	0.999844	-0.759233	
189	1.000137	-0.000416	3.616497	0.000416	1.000137	-0.527021	
190	1.000306	-0.000450	3.728729	0.000450	1.000306	-0.562142	
191	1.000330	-0.000440	3.577696	0.000440	1.000330	-0.584528	
192	1.000506	-0.000395	3.206365	0.000395	1.000506	-0.720864	
193	1.000479	-0.000598	2.819826	0.000598	1.000479	-0.917927	
194	1.000205	-0.000459	2.683549	0.000459	1.000205	-0.933006	
195	1.000299	-0.000603	2.245143	0.000603	1.000299	-0.976151	
196	1.000699	-0.000587	1.775446	0.000587	1.000699	-0.932109	
197	1.000595	-0.000658	1.613865	0.000658	1.000595	-0.725284	
198	1.000963	-0.000732	1.096989	0.000732	1.000963	-0.773113	
199	1.001072	-0.000849	0.653210	0.000849	1.001072	-0.958182	
200	1.001434	-0.000739	-0.126769	0.000739	1.001434	-1.097400	
201	1.001531	-0.000652	-0.957300	0.000652	1.001531	-0.955849	
202	1.001502	-0.000588	-1.563880	0.000588	1.001502	-0.799136	
203	1.001741	-0.000507	-2.048165	0.000507	1.001741	-0.838097	
204	1.001531	-0.000413	-2.185559	0.000413	1.001531	-0.682468	
205	1.001894	-0.000583	-2.535602	0.000583	1.001894	-0.840268	
206	1.001871	-0.000818	-2.384946	0.000818	1.001871	-1.032106	
207	1.001926	-0.000882	-2.215751	0.000882	1.001926	-1.266391	
208	1.001458	-0.001005	-1.687764	0.001005	1.001458	-1.397094	
209	1.000983	-0.001748	-1.470018	0.001748	1.000983	-1.690990	
210	1.001648	-0.000874	-1.950367	0.000874	1.001648	-1.064100	
211	1.001865	-0.000487	-2.603193	0.000487	1.001865	-0.601875	
212	1.001761	-0.000540	-3.592803	0.000540	1.001761	-0.244235	
213	1.001828	-0.000381	-4.544534	0.000381	1.001828	0.054600	
214	1.002702	-0.000234	-5.675711	0.000234	1.002702	0.094396	
215	1.001979	-0.000444	-5.764292	0.000444	1.001979	0.065111	
216	1.001824	-0.000586	-5.816746	0.000586	1.001824	0.156819	
217	1.001724	-0.000412	-5.514086	0.000412	1.001724	0.505279	
218	1.001624	-0.000282	-4.892352	0.000282	1.001624	0.938773	
219	1.001784	-0.000360	-4.599377	0.000360	1.001784	0.727528	
220	1.001490	-0.000532	-4.319761	0.000532	1.001490	0.505559	
221	1.001395	-0.000242	-3.733433	0.000242	1.001395	0.669449	
222	1.001344	-0.000161	-3.564255	0.000161	1.001344	0.779812	
223	1.001116	-0.000030	-3.743786	0.000030	1.001116	0.892077	
224	1.001675	-0.000209	-4.212371	0.000209	1.001675	0.535417	
225	1.001400	-0.000458	-3.725148	0.000458	1.001400	0.083841	
226	1.001661	-0.000638	-3.499410	0.000638	1.001661	-0.638529	
227	1.002101	-0.000790	-3.751018	0.000790	1.002101	-0.954091	
228	1.002472	-0.000739	-4.159470	0.000739	1.002472	-0.992400	
229	1.002645	-0.000527	-4.654776	0.000527	1.002645	-0.529416	
230	1.003238	-0.000425	-5.358574	0.000425	1.003238	-0.384196	
231	1.002902	-0.000420	-5.595153	0.000420	1.002902	-0.374080	
232	1.003473	-0.000386	-6.250902	0.000386	1.003473	-0.221061	
233	1.003312	-0.000555	-6.959940	0.000555	1.003312	-0.108030	
234	1.003274	-0.000714	-7.609842	0.000714	1.003274	0.128375	
235	1.003460	-0.000748	-8.052082	0.000748	1.003460	0.029113	
236	1.003631	-0.000676	-8.539117	0.000676	1.003631	-0.161087	
237	1.003625	-0.000570	-8.634433	0.000570	1.003625	-0.320530	
238	1.001715	-0.000092	-8.048470	0.000092	1.001715	0.278127	
239	1.003567	-0.000492	-8.241685	0.000492	1.003567	-0.295679	
240	1.004013	-0.000205	-8.206283	0.000205	1.004013	0.088526	
241	1.003337	-0.000442	-7.850480	0.000442	1.003337	0.263383	
242	1.003000	-0.000442	-7.371333	0.000442	1.003000	0.558421	
243	1.002897	-0.000509	-7.014400	0.000509	1.002897	0.402495	
244	1.003157	-0.000601	-6.929466	0.000601	1.003157	0.227700	
245	1.003017	-0.000596	-6.391351	0.000596	1.003017	0.139324	
246	1.002738	-0.000395	-5.631218	0.000395	1.002738	0.193420	
247	1.002741	-0.000190	-4.979501	0.000190	1.002741	0.225009	
248	1.002451	-0.000318	-4.175883	0.000318	1.002451	-0.292545	
249	1.001799	-0.000441	-3.186977	0.000441	1.001799	-0.594308	
250	1.001705	-0.000526	-2.813752	0.000526	1.001705	-0.884998	
251	1.001680	-0.000697	-2.524069	0.000697	1.001680	-1.304678	
252	1.001658	-0.000569	-2.415184	0.000569	1.001658	-0.969792	
253	1.001626	-0.000647	-2.692239	0.000647	1.001626	-0.961750	
254	1.001881	-0.000694	-3.144339	0.000694	1.001881	-1.120023	
255	1.001765	-0.000560	-3.229323	0.000560	1.001765	-0.773301	
256	1.001822	-0.000374	-3.163708	0.000374	1.001822	-0.558384	
257	1.001689	-0.000381	-3.036099	0.000381	1.001689	-0.511052	
258	1.001822	-0.000169	-3.057799	0.000169	1.001822	-0.076412	
259	1.001903	-0.000191	-2.863801	0.000191	1.001903	0.071240	
260	1.001584	-0.000092	-2.355669	0.000092	1.001584	0.127501	
261	1.001685	-0.000278	-2.316592	0.000278	1.001685	-0.056389	
262	1.001630	-0.000345	-2.021635	0.000345	1.001630	-0.090628	
263	1.001597	-0.000041	-1.737243	0.000041	1.001597	0.339468	
264	1.001781	0.000110	-1.734056	-0.000110	1.001781	0.559423	
265	1.001912	0.000166	-1.821181	-0.000166	1.001912	0.655607	
266	1.001745	0.000147	-1.798719	-0.000147	1.001745	0.818456	
267	1.001957	0.000169	-1.638367	-0.000169	1.001957	1.064737	
268	1.001417	0.000157	-0.889041	-0.000157	1.001417	0.881606	
269	1.001437	0.000077	-0.919268	-0.000077	1.001437	0.757303	
270	1.001117	-0.000013	-0.815016	0.000013	1.001117	0.466586	
271	1.001419	-0.000026	-1.310368	0.000026	1.001419	0.420799	
272	1.001365	-0.000015	-1.753350	0.000015	1.001365	0.386356	
273	1.001427	-0.000004	-2.169539	0.000004	1.001427	0.229904	
274	1.001831	-0.000091	-3.064963	0.000091	1.001831	-0.075443	
275	1.001682	-0.000218	-3.440867	0.000218	1.001682	-0.234777	
276	1.002001	-0.000422	-3.947612	0.000422	1.002001	-0.592965	
277	1.002178	-0.000547	-4.437414	0.000547	1.002178	-0.820349	
278	1.002564	-0.000552	-5.062004	0.000552	1.002564	-0.914577	
279	1.002840	-0.000571	-5.514905	0.000571	1.002840	-1.059027	
280	1.003120	-0.000519	-5.934623	0.000519	1.003120	-1.177501	
281	1.003656	-0.000459	-6.536292	0.000459	1.003656	-1.439607	
282	1.003243	-0.000434	-6.452310	0.000434	1.003243	-1.362546	
283	1.003442	-0.000388	-6.767354	0.000388	1.003442	-1.060593	
284	1.003290	-0.000386	-6.651206	0.000386	1.003290	-0.867405	
285	1.003188	-0.000422	-6.571268	0.000422	1.003188	-0.839370	
286	1.003247	-0.000614	-6.863290	0.000614	1.003247	-0.787189	
287	1.003212	-0.000602	-6.914937	0.000602	1.003212	-0.654265	
288	1.003649	-0.000588	-7.341188	0.000588	1.003649	-0.804936	
289	1.003430	-0.000676	-7.507800	0.000676	1.003430	-0.843311	
290	1.002704	-0.000138	-8.018813	0.000138	1.002704	-0.665497	
291	1.001670	0.000331	-8.213964	-0.000331	1.001670	-0.544466	
292	1.001626	0.000388	-8.557624	-0.000388	1.001626	-0.888804	
293	1.001041	0.000298	-8.949385	-0.000298	1.001041	-0.589881	
294	1.001124	0.000387	-9.501374	-0.000387	1.001124	-0.536967	
295	0.999850	0.000165	-8.844655	-0.000165	0.999850	-0.053718	
296	0.999958	0.000161	-8.891573	-0.000161	0.999958	-0.110113	
297	0.999957	0.000224	-8.726601	-0.000224	0.999957	-0.105916	
298	0.999916	0.000247	-7.970273	-0.000247	0.999916	0.025218	
299	0.999792	0.000482	-6.534410	-0.000482	0.999792	0.038945	
300	0.999998	-0.000101	-4.627742	0.000101	0.999998	-0.468494	
301	1.001026	-0.000404	-3.997773	0.000404	1.001026	-0.593354	
302	1.000555	-0.000177	-2.550256	0.000177	1.000555	0.106817	
303	1.000287	0.000141	-1.748189	-0.000141	1.000287	0.744404	
304	1.000458	0.000197	-2.262279	-0.000197	1.000458	0.907445	
305	1.000844	-0.000158	-3.388843	0.000158	1.000844	0.498254	
306	1.001193	-0.000252	-4.767887	0.000252	1.001193	-0.207650	
307	1.000421	-0.000103	-5.477889	0.000103	1.000421	-0.549715	
308	0.999807	0.000610	-6.539836	-0.000610	0.999807	-0.753979	
309	0.999795	0.000550	-7.250994	-0.000550	0.999795	-0.804016	
310	1.001151	-0.000154	-8.695002	0.000154	1.001151	-1.074066	
311	1.000169	0.000303	-9.139408	-0.000303	1.000169	-0.203984	
312	1.000193	0.000424	-10.063706	-0.000424	1.000193	0.383284	
313	1.000271	0.000330	-10.747214	-0.000330	1.000271	0.494253	
314	1.000122	0.000515	-10.946375	-0.000515	1.000122	0.309052	
315	0.999752	0.000582	-10.846429	-0.000582	0.999752	0.057418	
316	0.999771	0.000632	-11.077738	-0.000632	0.999771	0.064192	
317	0.999783	0.000719	-11.659880	-0.000719	0.999783	0.202754	
318	0.999574	0.000705	-11.969828	-0.000705	0.999574	0.414067	
319	1.000239	0.000262	-12.803224	-0.000262	1.000239	0.054463	
320	0.999622	0.000833	-12.380006	-0.000833	0.999622	0.454861	
321	1.000257	0.000496	-12.779423	-0.000496	1.000257	-0.032904	
322	1.000011	0.000519	-12.268338	-0.000519	1.000011	0.066375	
323	1.000258	0.000592	-11.888165	-0.000592	1.000258	-0.072401	
324	0.999934	0.000589	-11.105395	-0.000589	0.999934	-0.082679	
325	0.999760	0.000738	-10.388552	-0.000738	0.999760	0.171507	
326	0.999680	0.000685	-9.836437	-0.000685	0.999680	0.006269	
327	0.999279	0.000636	-9.034636	-0.000636	0.999279	0.122158	
328	0.998941	0.000653	-8.181551	-0.000653	0.998941	0.160284	
329	1.000545	-0.000244	-7.256361	0.000244	1.000545	-0.635827	
330	0.998424	0.000673	-6.295028	-0.000673	0.998424	0.161540	
331	0.998749	0.000716	-5.904405	-0.000716	0.998749	-0.125138	
332	0.998396	0.000668	-5.187772	-0.000668	0.998396	0.054915	
333	0.998821	0.000156	-4.300980	-0.000156	0.998821	-0.035972	
334	0.999384	-0.000048	-4.013105	0.000048	0.999384	0.057716	
335	0.999676	-0.000006	-3.938748	0.000006	0.999676	0.435451	
336	0.999765	0.000120	-3.653515	-0.000120	0.999765	0.842387	
337	0.999657	0.000199	-3.084741	-0.000199	0.999657	0.962703	
338	0.999409	0.000254	-2.411464	-0.000254	0.999409	1.047637	
339	0.999112	0.000462	-1.688630	-0.000462	0.999112	0.985608	
340	0.999187	0.000158	-1.392005	-0.000158	0.999187	0.666210	
341	0.998845	0.000135	-0.549452	-0.000135	0.998845	0.616183	
342	0.998532	0.000161	-0.135609	-0.000161	0.998532	0.809392	
343	0.998470	0.000242	-0.096781	-0.000242	0.998470	0.982255	
344	0.998461	0.000437	-0.034343	-0.000437	0.998461	1.100069	
345	0.998593	0.000520	-0.451274	-0.000520	0.998593	0.924289	
346	0.998736	0.000358	-0.656826	-0.000358	0.998736	0.479743	
347	0.998636	0.000267	-0.533716	-0.000267	0.998636	0.315609	
348	0.998600	0.000164	-0.392967	-0.000164	0.998600	0.325799	
349	0.998489	0.000149	-0.184136	-0.000149	0.998489	0.451391	
350	0.998336	0.000133	0.247069	-0.000133	0.998336	0.441948	
351	0.998582	0.000164	0.396864	-0.000164	0.998582	0.405629	
352	0.998623	0.000230	0.438401	-0.000230	0.998623	0.474077	
353	0.998841	0.000209	0.160147	-0.000209	0.998841	0.533596	
354	0.999169	0.000188	-0.159884	-0.000188	0.999169	0.628707	
355	0.999344	0.000075	-0.405588	-0.000075	0.999344	0.609427	
356	0.999243	0.000215	-0.217155	-0.000215	0.999243	0.677311	
357	0.999362	0.000229	-0.182159	-0.000229	0.999362	0.457854	
358	0.999213	0.000156	-0.053522	-0.000156	0.999213	0.136370	
359	0.999096	0.000171	0.228023	-0.000171	0.999096	0.134420	
360	0.999216	0.000230	0.147928	-0.000230	0.999216	0.336429	
361	0.998995	0.000327	0.341346	-0.000327	0.998995	0.480256	
362	0.999113	0.000235	0.398669	-0.000235	0.999113	0.398161	
363	0.999109	0.000153	0.447526	-0.000153	0.999109	0.276831	
364	0.999029	0.000065	0.668513	-0.000065	0.999029	-0.056386	
365	0.999250	0.000017	0.728946	-0.000017	0.999250	-0.385772	
366	0.999235	0.000008	1.048901	-0.000008	0.999235	-0.663141	
367	0.999190	-0.000006	1.128242	0.000006	0.999190	-0.669832	
368	0.999136	0.000018	1.194159	-0.000018	0.999136	-0.542302	
369	0.999452	0.000015	0.891683	-0.000015	0.999452	-0.575785	
370	0.999525	-0.000000	0.445055	0.000000	0.999525	-0.329481	
371	0.999504	0.000032	0.051573	-0.000032	0.999504	-0.305465	
372	0.999479	0.000003	-0.387429	-0.000003	0.999479	-0.032534	
373	0.999571	-0.000059	-0.953673	0.000059	0.999571	-0.169076	
374	0.999660	-0.000096	-1.375268	0.000096	0.999660	-0.449192	
375	0.999647	-0.000178	-1.724252	0.000178	0.999647	-0.524916	
376	0.999803	-0.000233	-2.153929	0.000233	0.999803	-0.746726	
377	1.000047	-0.000280	-2.542795	0.000280	1.000047	-0.914733	
378	0.999891	-0.000225	-2.469528	0.000225	0.999891	-0.949430	
379	0.999899	-0.000133	-2.307319	0.000133	0.999899	-0.881789	
380	1.000074	-0.000198	-2.308354	0.000198	1.000074	-0.946952	
381	1.000377	-0.000169	-2.510426	0.000169	1.000377	-0.914498	
382	1.000375	-0.000081	-2.471816	0.000081	1.000375	-0.575829	
383	1.000730	-0.000014	-2.872310	0.000014	1.000730	-0.266274	
384	1.000776	0.000005	-3.042590	-0.000005	1.000776	-0.175650	
385	1.000846	-0.000038	-3.277222	0.000038	1.000846	-0.281197	
386	1.000781	0.000078	-3.293621	-0.000078	1.000781	-0.211546	
387	1.000741	0.000077	-3.381639	-0.000077	1.000741	-0.246952	
388	1.001024	0.000024	-3.769517	-0.000024	1.001024	-0.357740	
389	1.000915	-0.000014	-3.977287	0.000014	1.000915	-0.208969	
390	1.001135	-0.000117	-4.397037	0.000117	1.001135	-0.266448	
391	1.001240	-0.000086	-4.644258	0.000086	1.001240	-0.103491	
392	1.001395	-0.000115	-4.927719	0.000115	1.001395	0.032039	
393	1.001233	-0.000033	-5.030012	0.000033	1.001233	-0.064636	
394	1.001287	-0.000010	-5.277553	0.000010	1.001287	-0.134992	
395	1.000251	0.000473	-5.484742	-0.000473	1.000251	0.371617	
396	1.001480	-0.000068	-6.016084	0.000068	1.001480	-0.269844	
397	1.001647	-0.000014	-6.458883	0.000014	1.001647	-0.306048	
398	1.001625	-0.000088	-6.416769	0.000088	1.001625	-0.522208	
399	1.001843	-0.000243	-6.367632	0.000243	1.001843	-0.671020	
400	1.000671	0.000400	-6.208071	-0.000400	1.000671	0.011078	
401	1.000383	0.000357	-6.268368	-0.000357	1.000383	0.107322	
402	1.000375	0.000388	-6.296976	-0.000388	1.000375	0.094607	
403	1.000248	0.000472	-6.438152	-0.000472	1.000248	0.157823	
404	1.001431	-0.000224	-6.914705	0.000224	1.001431	-0.579421	
405	1.001548	-0.000362	-6.848156	0.000362	1.001548	-0.707638	
406	1.001432	-0.000331	-6.629242	0.000331	1.001432	-0.716937	
407	1.001397	-0.000279	-6.097120	0.000279	1.001397	-0.699921	
408	1.001391	-0.000251	-5.568342	0.000251	1.001391	-0.559444	
409	1.001154	-0.000161	-4.916744	0.000161	1.001154	-0.451806	
410	1.000870	-0.000050	-3.832019	0.000050	1.000870	-0.455248	
411	1.000519	0.000179	-2.878429	-0.000179	1.000519	-0.161101	
412	1.000262	0.000246	-2.314196	-0.000246	1.000262	0.094108	
413	1.000061	0.000223	-1.548322	-0.000223	1.000061	0.140977	
414	0.999832	0.000278	-0.540444	-0.000278	0.999832	0.495991	
415	0.999518	0.000209	0.596059	-0.000209	0.999518	0.635316	
416	0.999414	0.000152	1.351038	-0.000152	0.999414	0.733530	
417	0.999273	0.000314	1.968820	-0.000314	0.999273	1.084813	
418	0.999179	0.000513	2.716978	-0.000513	0.999179	1.490122	
419	0.999031	0.000645	3.255971	-0.000645	0.999031	1.590873	
420	0.998552	0.000793	3.882968	-0.000793	0.998552	1.582278	
421	0.998762	0.000565	4.443713	-0.000565	0.998762	1.233924	
422	0.998673	0.000527	5.025977	-0.000527	0.998673	1.076429	
423	0.998522	0.000456	5.552825	-0.000456	0.998522	0.897585	
424	0.998306	0.000501	6.061727	-0.000501	0.998306	0.926337	
425	0.998069	0.000611	6.725021	-0.000611	0.998069	1.011804	
426	0.999175	0.000066	7.531326	-0.000066	0.999175	0.550329	
427	0.999018	0.000144	8.179646	-0.000144	0.999018	0.936599	
428	0.997971	0.000644	9.076028	-0.000644	0.997971	1.779438	
429	0.998905	-0.000014	9.585022	0.000014	0.998905	1.599506	
430	0.999013	-0.000255	10.055006	0.000255	0.999013	1.625560	
431	0.999286	-0.000477	10.472716	0.000477	0.999286	1.379743	
432	0.999280	-0.000538	10.757509	0.000538	0.999280	1.137495	
433	0.999301	-0.000482	10.842937	0.000482	0.999301	1.100608	
434	0.999343	-0.000479	10.828821	0.000479	0.999343	0.852245	
435	0.999231	-0.000380	10.625320	0.000380	0.999231	0.688531	
436	0.999399	-0.000241	10.280874	0.000241	0.999399	0.645467	
437	0.999375	-0.000152	9.974198	0.000152	0.999375	0.594014	
438	0.999257	-0.000244	9.639328	0.000244	0.999257	0.542437	
439	0.999222	-0.000384	9.241497	0.000384	0.999222	0.525240	
440	0.999177	-0.000459	9.166874	0.000459	0.999177	0.610163	
441	0.999038	-0.000587	9.128536	0.000587	0.999038	0.836359	
442	0.997854	-0.000312	9.603727	0.000312	0.997854	1.670668	
443	0.997181	-0.000433	10.159314	0.000433	0.997181	2.119956	
444	0.996605	-0.000338	10.519813	0.000338	0.996605	2.185301	
445	0.996995	-0.000308	10.634124	0.000308	0.996995	1.643020	
446	0.996900	-0.000221	11.181857	0.000221	0.996900	1.716042	
447	0.996737	-0.000374	11.790532	0.000374	0.996737	1.980176	
448	0.997114	-0.000531	12.018580	0.000531	0.997114	2.012781	
449	0.996976	-0.000699	12.358574	0.000699	0.996976	2.061414	
450	0.996473	-0.000595	12.839609	0.000595	0.996473	2.072986	
451	0.996513	-0.000645	13.533037	0.000645	0.996513	1.730663	
452	0.997181	-0.000862	13.890257	0.000862	0.997181	0.882935	
453	0.997864	-0.001122	14.458554	0.001122	0.997864	0.057154	
454	0.997849	-0.001225	15.606841	0.001225	0.997849	0.113487	
455	0.998010	-0.001245	16.850602	0.001245	0.998010	0.033308	
456	0.998674	-0.001258	18.139164	0.001258	0.998674	-0.337258	
457	0.999483	-0.001329	18.552101	0.001329	0.999483	-0.440851	
458	0.998749	-0.001120	20.151230	0.001120	0.998749	-0.307854	
459	0.999213	-0.001203	20.635685	0.001203	0.999213	-0.559076	
460	1.000125	-0.001411	20.504555	0.001411	1.000125	-0.937480	
461	1.000020	-0.001523	21.288883	0.001523	1.000020	-0.950795	
462	0.998953	-0.001397	22.769651	0.001397	0.998953	-0.640706	
463	0.999390	-0.001535	23.454007	0.001535	0.999390	-0.825233	
464	1.000110	-0.002089	23.794195	0.002089	1.000110	-1.469072	
465	0.999964	-0.001775	25.007314	0.001775	0.999964	-1.288965	
466	1.001107	-0.001893	25.289538	0.001893	1.001107	-1.644099	
467	1.001128	-0.001888	25.850446	0.001888	1.001128	-1.717079	
468	0.998873	-0.001397	28.508706	0.001397	0.998873	-0.876578	
469	1.002650	-0.002307	25.882334	0.002307	1.002650	-2.536904	
470	0.999450	-0.001448	28.882866	0.001448	0.999450	-1.284097	
471	1.001994	-0.002070	27.427754	0.002070	1.001994	-2.548398	
472	1.004466	-0.002213	25.573020	0.002213	1.004466	-3.384626	
473	1.003633	-0.001754	26.051962	0.001754	1.003633	-3.044141	
474	1.004432	-0.001472	24.846595	0.001472	1.004432	-3.200102	
475	1.003974	-0.001080	24.529468	0.001080	1.003974	-2.872614	
476	1.003812	-0.001027	23.919609	0.001027	1.003812	-2.873655	
477	1.004089	-0.000956	22.385623	0.000956	1.004089	-2.792584	
478	1.003557	-0.001274	21.435255	0.001274	1.003557	-2.695634	
479	1.006268	-0.002292	17.300886	0.002292	1.006268	-3.938353	
480	1.003654	-0.001083	17.892625	0.001083	1.003654	-2.564229	
481	1.002875	-0.001071	17.033198	0.001071	1.002875	-2.272820	
482	1.002689	-0.001810	15.798158	0.001810	1.002689	-2.629237	
483	1.002040	-0.000792	15.756950	0.000792	1.002040	-1.766806	
484	1.001454	-0.000535	15.222028	0.000535	1.001454	-1.478256	
485	1.000894	-0.000726	14.896230	0.000726	1.000894	-1.297424	
486	0.999849	-0.001090	14.906455	0.001090	0.999849	-1.219144	
487	1.000694	-0.000596	14.329819	0.000596	1.000694	-1.181240	
488	1.000680	-0.000521	14.449283	0.000521	1.000680	-0.973166	
489	1.000164	-0.000649	14.349004	0.000649	1.000164	-0.841964	
490	0.999919	-0.000649	14.402032	0.000649	0.999919	-0.873456	
491	0.998658	-0.000905	14.905567	0.000905	0.998658	-0.459685	
492	0.999594	-0.000616	14.558670	0.000616	0.999594	-0.454972	
493	0.999111	-0.000692	14.898342	0.000692	0.999111	-0.304293	
494	0.999226	-0.000699	14.444410	0.000699	0.999226	-0.275267	
495	0.998655	-0.000721	14.367010	0.000721	0.998655	-0.232297	
496	0.999856	-0.001114	13.512197	0.001114	0.999856	-0.682215	
497	0.999738	-0.000712	13.437263	0.000712	0.999738	-0.416702	
498	0.998173	-0.000789	13.996864	0.000789	0.998173	-0.222590	
499	0.999841	-0.000346	13.052396	0.000346	0.999841	-0.185590	
500	0.999644	-0.001125	12.389395	0.001125	0.999644	-0.687811	
501	0.998976	-0.000598	12.567284	0.000598	0.998976	-0.208388	
502	0.999391	-0.000903	11.613322	0.000903	0.999391	-0.266692	
503	0.998158	-0.000745	12.071193	0.000745	0.998158	0.144082	
504	0.998483	-0.000668	11.665115	0.000668	0.998483	-0.052303	
505	0.998642	-0.000724	11.261972	0.000724	0.998642	-0.129034	
506	0.997864	-0.000553	11.861858	0.000553	0.997864	0.370013	
507	0.997560	-0.000687	12.234838	0.000687	0.997560	0.225478	
508	0.993527	-0.001852	13.796776	0.001852	0.993527	0.488885	
509	0.997944	-0.000650	13.412054	0.000650	0.997944	0.382794	
510	0.999699	-0.002035	12.544617	0.002035	0.999699	-1.212693	
511	0.997071	-0.001049	15.546151	0.001049	0.997071	-0.181025	
512	0.997327	-0.000811	16.153856	0.000811	0.997327	0.114240	
513	0.997853	-0.000840	16.813827	0.000840	0.997853	0.117541	
514	0.998115	-0.001351	16.830170	0.001351	0.998115	-0.454709	
515	0.997935	-0.001195	16.876808	0.001195	0.997935	-0.033807	
516	0.995995	-0.001907	17.774506	0.001907	0.995995	-0.179637	
517	0.997577	-0.000999	17.044243	0.000999	0.997577	0.052882	
518	0.998824	-0.000761	16.328578	0.000761	0.998824	0.207063	
519	0.998919	-0.000774	16.150670	0.000774	0.998919	-0.161030	
520	0.998869	-0.001118	16.011551	0.001118	0.998869	-0.209395	
521	0.998961	-0.000881	15.855902	0.000881	0.998961	0.031773	
522	0.998705	-0.000672	15.795510	0.000672	0.998705	0.326326	
523	0.998496	-0.000488	16.001900	0.000488	0.998496	0.711996	
524	0.998581	-0.000723	15.770316	0.000723	0.998581	0.565768	
525	0.998949	-0.001036	15.429882	0.001036	0.998949	0.372091	
526	0.998884	-0.001198	15.123818	0.001198	0.998884	0.154869	
527	0.998421	-0.001418	14.568227	0.001418	0.998421	0.060139	
528	0.998529	-0.000763	14.030926	0.000763	0.998529	0.505000	
529	0.998581	-0.000449	12.880962	0.000449	0.998581	0.712622	
530	0.999095	-0.000358	11.384868	0.000358	0.999095	0.804454	
531	0.999210	-0.000347	10.143897	0.000347	0.999210	0.984053	
532	0.998931	-0.000499	9.127561	0.000499	0.998931	1.000660	
533	0.999165	-0.000556	7.890830	0.000556	0.999165	1.012753	
534	0.998071	0.000122	7.148464	-0.000122	0.998071	1.588858	
535	0.998832	-0.000064	5.855898	0.000064	0.998832	1.401447	
536	0.998627	0.000117	5.071938	-0.000117	0.998627	1.574863	
537	0.998887	0.000270	4.220387	-0.000270	0.998887	1.582778	
538	0.999148	0.000273	3.427421	-0.000273	0.999148	1.596614	
539	0.999157	0.000370	3.089746	-0.000370	0.999157	1.697811	
540	0.999406	0.000352	2.631359	-0.000352	0.999406	1.646754	
541	0.999491	0.000160	2.404686	-0.000160	0.999491	1.461031	
542	0.999377	0.000076	2.236706	-0.000076	0.999377	1.360807	
543	0.999506	0.000140	1.938540	-0.000140	0.999506	1.198430	
544	0.999519	0.000088	1.258457	-0.000088	0.999519	1.054157	
545	0.999856	-0.000271	0.182394	0.000271	0.999856	0.729645	
546	0.999879	-0.000113	-0.511127	0.000113	0.999879	0.558875	
547	0.999910	-0.000288	-0.997731	0.000288	0.999910	0.038902	
548	0.999912	-0.000474	-1.318298	0.000474	0.999912	-0.537443	
549	0.999946	-0.000589	-1.502372	0.000589	0.999946	-1.033952	
550	0.999797	-0.000424	-1.487149	0.000424	0.999797	-0.941633	
551	0.999842	-0.000426	-1.636402	0.000426	0.999842	-1.043373	
552	0.999820	-0.000399	-1.682993	0.000399	0.999820	-0.956972	
553	0.999854	-0.000373	-1.746959	0.000373	0.999854	-0.674606	
554	0.999928	-0.000266	-2.023036	0.000266	0.999928	-0.388451	
555	1.000258	-0.000414	-2.532853	0.000414	1.000258	-0.277794	
556	1.000294	-0.000434	-2.794035	0.000434	1.000294	-0.263411	
557	1.000236	-0.000413	-2.780772	0.000413	1.000236	-0.261247	
558	1.000376	-0.000407	-2.981584	0.000407	1.000376	-0.609726	
559	1.000390	-0.000661	-3.136173	0.000661	1.000390	-1.120264	
560	1.000230	-0.000688	-3.137450	0.000688	1.000230	-1.385061	
561	1.000196	-0.000701	-3.256318	0.000701	1.000196	-1.491895	
562	1.000325	-0.000663	-3.373872	0.000663	1.000325	-1.457720	
563	1.000445	-0.000640	-3.520403	0.000640	1.000445	-1.577149	
564	1.000661	-0.000730	-4.057518	0.000730	1.000661	-1.588532	
565	1.000482	-0.000493	-4.312676	0.000493	1.000482	-1.235328	
566	1.000822	-0.000645	-4.550215	0.000645	1.000822	-1.332562	
567	1.000762	-0.000504	-4.627464	0.000504	1.000762	-1.218548	
568	1.000755	-0.000584	-4.476897	0.000584	1.000755	-1.070997	
569	1.000841	-0.000635	-4.565547	0.000635	1.000841	-1.120165	
570	1.000926	-0.000610	-4.514561	0.000610	1.000926	-0.944246	
571	1.001036	-0.000437	-4.460661	0.000437	1.001036	-0.476725	
572	1.000845	-0.000361	-4.084506	0.000361	1.000845	-0.463098	
573	1.000735	-0.000384	-3.882748	0.000384	1.000735	-0.451413	
574	1.000835	-0.000516	-3.912564	0.000516	1.000835	-0.649795	
