0	1.000000	0.000000	0.000000	0.000000	1.000000	0.000000	
1	1.000000	-0.000000	0.000000	0.000000	1.000000	0.000000	
2	1.000785	-0.000409	0.327448	0.000409	1.000785	-0.590234	
3	1.000723	-0.000291	0.312095	0.000291	1.000723	-0.544179	
4	1.000604	-0.000190	0.281938	0.000190	1.000604	-0.453169	
5	1.000644	-0.000199	0.208526	0.000199	1.000644	-0.443560	
6	1.001175	-0.000225	0.100834	0.000225	1.001175	-0.711882	
7	1.000996	-0.000065	-0.327164	0.000065	1.000996	-0.478382	
8	1.000685	0.000032	-0.371712	-0.000032	1.000685	-0.269979	
9	1.000744	0.000069	-0.488038	-0.000069	1.000744	-0.286450	
10	1.000934	0.000027	-0.688358	-0.000027	1.000934	-0.458486	
11	1.001884	0.000170	-2.067897	-0.000170	1.001884	-0.765288	
12	1.001255	0.000126	-1.558878	-0.000126	1.001255	-0.543632	
13	1.001002	0.000198	-1.459413	-0.000198	1.001002	-0.343579	
14	1.001312	0.000237	-1.780936	-0.000237	1.001312	-0.380023	
15	1.000983	0.000285	-1.694340	-0.000285	1.000983	-0.177587	
16	1.002148	0.000963	-3.919457	-0.000963	1.002148	-0.258953	
17	1.001050	0.000544	-1.896968	-0.000544	1.001050	-0.038659	
18	1.000857	0.000597	-1.719730	-0.000597	1.000857	0.027116	
19	1.000826	0.000748	-1.715670	-0.000748	1.000826	0.075614	
20	1.000976	0.000549	-1.889617	-0.000549	1.000976	-0.146254	
21	1.003819	0.000002	-5.456349	-0.000002	1.003819	-1.657374	
22	1.000991	0.000636	-1.811030	-0.000636	1.000991	-0.136580	
23	1.000803	0.000586	-1.616941	-0.000586	1.000803	-0.083398	
24	1.000991	0.000620	-1.836151	-0.000620	1.000991	-0.041847	
25	1.000840	0.000657	-1.714817	-0.000657	1.000840	0.021606	
26	1.002049	0.001450	-4.264179	-0.001450	1.002049	-0.010053	
27	1.000933	0.000856	-2.077810	-0.000856	1.000933	0.146037	
28	1.001016	0.000920	-2.290789	-0.000920	1.001016	0.128591	
29	1.000884	0.001013	-2.257675	-0.001013	1.000884	0.281930	
30	1.001037	0.000970	-2.477550	-0.000970	1.001037	0.211379	
31	1.002549	0.001968	-5.512672	-0.001968	1.002549	0.347744	
32	1.001039	0.001041	-2.578379	-0.001041	1.001039	0.237584	
33	1.001021	0.001045	-2.560760	-0.001045	1.001021	0.223351	
34	1.001082	0.001128	-2.719580	-0.001128	1.001082	0.280031	
35	1.001154	0.001169	-2.702457	-0.001169	1.001154	0.244899	
36	1.002976	0.002120	-6.506641	-0.002120	1.002976	0.398015	
37	1.000863	0.001207	-2.688984	-0.001207	1.000863	0.401416	
38	1.000701	0.001246	-2.763131	-0.001246	1.000701	0.595535	
39	1.001202	0.001306	-3.189710	-0.001306	1.001202	0.368147	
40	1.000964	0.001319	-3.094923	-0.001319	1.000964	0.496852	
41	1.003824	0.002606	-8.065376	-0.002606	1.003824	0.479734	
42	1.001183	0.001462	-3.440379	-0.001462	1.001183	0.414327	
43	1.001062	0.001435	-3.328095	-0.001435	1.001062	0.437744	
44	1.000987	0.001450	-3.211938	-0.001450	1.000987	0.476123	
45	1.001045	0.001438	-3.362793	-0.001438	1.001045	0.511775	
46	1.000965	0.001842	-3.595207	-0.001842	1.000965	0.721695	
47	1.000170	0.004459	-6.222248	-0.004459	1.000170	2.943270	
48	1.001121	0.001630	-3.703543	-0.001630	1.001121	0.614347	
49	1.001267	0.001738	-3.942439	-0.001738	1.001267	0.637732	
50	1.001273	0.001736	-3.981132	-0.001736	1.001273	0.557345	
51	1.001258	0.001823	-4.130869	-0.001823	1.001258	0.603345	
52	1.006329	0.000581	-12.034362	-0.000581	1.006329	-1.830389	
53	1.001559	0.001950	-4.618050	-0.001950	1.001559	0.573787	
54	1.001376	0.002035	-4.630274	-0.002035	1.001376	0.792831	
55	1.001512	0.002175	-4.915087	-0.002175	1.001512	0.799273	
56	1.001394	0.002203	-4.931521	-0.002203	1.001394	0.819908	
57	1.004489	0.000998	-13.247614	-0.000998	1.004489	-1.383237	
58	1.003203	0.001753	-6.913136	-0.001753	1.003203	0.027191	
59	1.002177	0.002587	-6.270123	-0.002587	1.002177	0.856017	
60	1.003072	0.002240	-7.096399	-0.002240	1.003072	0.522620	
61	1.003054	0.002437	-7.035953	-0.002437	1.003054	0.597055	
62	1.003937	0.001169	-14.497841	-0.001169	1.003937	-0.687034	
63	1.001857	0.003933	-6.572477	-0.003933	1.001857	1.577446	
64	1.002281	0.003855	-7.067325	-0.003855	1.002281	1.574905	
65	1.001828	0.002685	-5.922877	-0.002685	1.001828	1.069522	
66	1.001924	0.002658	-6.043564	-0.002658	1.001924	1.023274	
67	1.008884	0.000078	-16.209675	-0.000078	1.008884	-2.453262	
68	1.001795	0.002541	-5.704923	-0.002541	1.001795	0.970108	
69	1.002113	0.002521	-5.885137	-0.002521	1.002113	0.790995	
70	1.002033	0.002581	-5.844184	-0.002581	1.002033	0.907083	
71	1.002085	0.002482	-5.807055	-0.002482	1.002085	0.813402	
72	1.005901	0.007699	-14.885582	-0.007699	1.005901	3.275299	
73	1.002114	0.002313	-5.751225	-0.002313	1.002114	0.669460	
74	1.001237	0.002568	-4.976615	-0.002568	1.001237	1.109425	
75	1.001988	0.002396	-5.667950	-0.002396	1.001988	0.765189	
76	1.001060	0.003410	-5.461554	-0.003410	1.001060	1.528141	
77	1.003789	0.001347	-12.752477	-0.001347	1.003789	-0.418333	
78	1.001558	0.002366	-5.242564	-0.002366	1.001558	0.985610	
79	1.001487	0.002307	-5.088087	-0.002307	1.001487	0.857805	
80	1.001482	0.002145	-5.013324	-0.002145	1.001482	0.770573	
81	1.002143	0.001932	-5.618720	-0.001932	1.002143	0.520970	
82	1.004722	0.005970	-12.716647	-0.005970	1.004722	2.124490	
83	1.001269	0.002189	-4.843854	-0.002189	1.001269	1.018458	
84	1.001069	0.002272	-4.753540	-0.002272	1.001069	1.092090	
85	1.001244	0.002248	-4.807018	-0.002248	1.001244	0.975288	
86	1.001150	0.002255	-4.717206	-0.002255	1.001150	0.998691	
87	1.001013	0.001456	-10.810569	-0.001456	1.001013	0.385571	
88	1.001186	0.002331	-4.845336	-0.002331	1.001186	1.061658	
89	1.001317	0.002331	-4.988428	-0.002331	1.001317	1.022941	
90	1.001598	0.002455	-5.126745	-0.002455	1.001598	0.965273	
91	1.001305	0.002333	-5.053863	-0.002333	1.001305	1.063699	
92	1.005305	0.006350	-13.432984	-0.006350	1.005305	1.989289	
93	1.001292	0.002369	-5.033062	-0.002369	1.001292	1.054701	
94	1.001777	0.002389	-5.363695	-0.002389	1.001777	0.913833	
95	1.001449	0.002303	-5.235249	-0.002303	1.001449	0.931606	
96	1.001663	0.002268	-5.457065	-0.002268	1.001663	0.882208	
97	1.000715	0.001157	-11.294598	-0.001157	1.000715	0.515855	
98	1.001189	0.002420	-5.102161	-0.002420	1.001189	1.143004	
99	1.001153	0.002366	-4.986107	-0.002366	1.001153	1.115295	
100	1.001472	0.002396	-5.062429	-0.002396	1.001472	0.943485	
101	1.001342	0.002310	-5.033351	-0.002310	1.001342	0.922034	
102	1.004620	-0.000159	-11.976790	0.000159	1.004620	-1.225608	
103	1.001441	0.002212	-4.979090	-0.002212	1.001441	0.856085	
104	1.001847	0.002348	-5.226601	-0.002348	1.001847	0.744048	
105	1.001466	0.002245	-5.132394	-0.002245	1.001466	0.751113	
106	1.001296	0.002301	-4.967486	-0.002301	1.001296	0.891391	
107	1.000473	0.000725	-11.484489	-0.000725	1.000473	0.015257	
108	1.001431	0.002404	-5.427220	-0.002404	1.001431	0.976739	
109	1.001421	0.002437	-5.447928	-0.002437	1.001421	1.043449	
110	1.002639	0.002074	-6.325293	-0.002074	1.002639	0.571261	
111	1.001278	0.002406	-4.844226	-0.002406	1.001278	1.278616	
112	1.000545	0.001101	-11.978775	-0.001101	1.000545	1.004620	
113	1.001192	0.002535	-5.441678	-0.002535	1.001192	1.322727	
114	1.001320	0.002533	-5.586345	-0.002533	1.001320	1.136370	
115	1.001412	0.002517	-5.702494	-0.002517	1.001412	1.088631	
116	0.999966	0.004188	-5.500687	-0.004188	0.999966	2.523601	
117	1.000465	0.001139	-12.997380	-0.001139	1.000465	0.764779	
118	1.003466	0.002239	-7.301440	-0.002239	1.003466	0.408902	
119	1.002352	0.002995	-6.319442	-0.002995	1.002352	0.984937	
120	1.003807	0.001984	-7.667559	-0.001984	1.003807	0.207323	
121	1.002729	0.002379	-7.117703	-0.002379	1.002729	0.713898	
122	1.000410	0.001046	-13.983266	-0.001046	1.000410	0.741897	
123	1.000819	0.000479	-7.203821	-0.000479	1.000819	0.490632	
124	0.999114	0.004369	-5.813289	-0.004369	0.999114	3.009978	
125	1.004351	0.001802	-8.073857	-0.001802	1.004351	0.157942	
126	1.003687	0.002240	-7.623872	-0.002240	1.003687	0.457065	
127	1.000469	0.000933	-14.857730	-0.000933	1.000469	0.922130	
128	1.004582	0.001939	-8.395945	-0.001939	1.004582	-0.188872	
129	1.005034	0.002640	-8.342796	-0.002640	1.005034	-0.215024	
130	1.003601	0.002946	-7.784962	-0.002946	1.003601	0.589144	
131	1.004031	0.002947	-8.254323	-0.002947	1.004031	0.446794	
132	1.001776	0.001086	-16.919638	-0.001086	1.001776	0.314901	
133	1.005321	0.005531	-10.436666	-0.005531	1.005321	0.794952	
134	1.003711	0.000107	-9.720500	-0.000107	1.003711	-0.588352	
135	1.003046	0.002561	-10.366153	-0.002561	1.003046	0.697821	
136	1.000491	0.001012	-9.493435	-0.001012	1.000491	0.750853	
137	0.998422	0.001853	-17.393220	-0.001853	0.998422	1.633829	
138	1.005301	0.002776	-9.038776	-0.002776	1.005301	0.340811	
139	1.004803	0.002843	-8.684103	-0.002843	1.004803	0.593731	
140	1.004207	0.003150	-7.805888	-0.003150	1.004207	0.697696	
141	1.001019	0.003566	-6.322917	-0.003566	1.001019	2.214910	
142	0.989031	0.001707	-9.599079	-0.001707	0.989031	5.613892	
143	1.001557	0.002647	-4.948807	-0.002647	1.001557	1.445904	
144	1.000903	0.002656	-4.224734	-0.002656	1.000903	1.564675	
145	1.000541	0.002329	-3.690589	-0.002329	1.000541	1.556583	
146	1.000422	0.002399	-3.890659	-0.002399	1.000422	1.505734	
147	0.985485	0.001376	-5.923554	-0.001376	0.985485	7.327195	
148	1.000389	0.002798	-3.984756	-0.002798	1.000389	2.066937	
149	0.991391	0.002772	-2.188172	-0.002772	0.991391	5.113598	
150	1.000748	0.002807	-4.422251	-0.002807	1.000748	1.835844	
151	0.992080	0.002799	-3.786726	-0.002799	0.992080	4.804642	
152	0.984196	0.001732	-9.410295	-0.001732	0.984196	7.415556	
153	0.992301	0.001487	-5.321319	-0.001487	0.992301	3.467189	
154	1.003276	0.002726	-5.906894	-0.002726	1.003276	0.285548	
155	1.002671	0.003402	-6.056788	-0.003402	1.002671	1.196807	
156	0.994397	0.005332	-5.452714	-0.005332	0.994397	4.949754	
157	0.990307	0.001922	-11.465016	-0.001922	0.990307	5.737953	
158	0.997768	0.006538	-5.161460	-0.006538	0.997768	5.271408	
159	0.998007	0.003432	-5.648657	-0.003432	0.998007	2.989960	
160	0.996751	0.004767	-2.775320	-0.004767	0.996751	4.736685	
161	1.003258	0.003077	-5.660215	-0.003077	1.003258	0.423983	
162	0.992336	0.006633	-1.243539	-0.006633	0.992336	8.566712	
163	1.000384	0.002187	-3.608619	-0.002187	1.000384	1.473045	
164	1.000446	0.001923	-3.110708	-0.001923	1.000446	1.056877	
165	1.000586	0.001680	-3.145305	-0.001680	1.000586	0.931352	
166	1.000293	0.002125	-2.959401	-0.002125	1.000293	1.236610	
167	1.001436	0.002915	-5.520768	-0.002915	1.001436	1.753003	
168	1.000312	0.001297	-2.308288	-0.001297	1.000312	0.912798	
169	1.000295	0.001242	-2.126417	-0.001242	1.000295	0.885870	
170	1.000260	0.001134	-1.980226	-0.001134	1.000260	0.813082	
171	1.000206	0.001143	-1.828216	-0.001143	1.000206	0.848549	
172	1.000677	0.001952	-3.554228	-0.001952	1.000677	1.137191	
173	1.000272	0.000889	-1.568894	-0.000889	1.000272	0.453664	
174	1.000214	0.000847	-1.453811	-0.000847	1.000214	0.462910	
175	1.000187	0.000807	-1.312883	-0.000807	1.000187	0.470433	
176	1.000113	0.000757	-1.190599	-0.000757	1.000113	0.499057	
177	1.000336	0.001220	-2.073566	-0.001220	1.000336	0.651379	
178	1.000165	0.000555	-0.874369	-0.000555	1.000165	0.218445	
179	1.000109	0.000475	-0.751339	-0.000475	1.000109	0.239118	
180	1.000083	0.000461	-0.668186	-0.000461	1.000083	0.316757	
181	1.000000	0.000486	-0.590606	-0.000486	1.000000	0.382462	
182	1.000139	0.000929	-1.412323	-0.000929	1.000139	0.638353	
183	1.000049	0.000441	-0.573382	-0.000441	1.000049	0.181176	
184	1.000095	0.000469	-0.639903	-0.000469	1.000095	0.183967	
185	1.000114	0.000504	-0.685568	-0.000504	1.000114	0.193575	
186	1.000071	0.000488	-0.644668	-0.000488	1.000071	0.266980	
187	1.000198	0.000958	-1.525964	-0.000958	1.000198	0.542697	
188	1.000020	0.000564	-0.669703	-0.000564	1.000020	0.470734	
189	0.999998	0.000536	-0.606540	-0.000536	0.999998	0.491291	
190	1.000066	0.000513	-0.648297	-0.000513	1.000066	0.388958	
191	1.000036	0.000509	-0.658176	-0.000509	1.000036	0.395056	
192	1.000177	0.000924	-1.466879	-0.000924	1.000177	0.617957	
193	1.000141	0.000503	-0.679948	-0.000503	1.000141	0.323329	
194	1.000105	0.000483	-0.689474	-0.000483	1.000105	0.350363	
195	1.000116	0.000478	-0.735967	-0.000478	1.000116	0.345391	
196	1.000156	0.000414	-0.654583	-0.000414	1.000156	0.271955	
197	1.000143	0.000672	-1.104251	-0.000672	1.000143	0.534099	
198	1.000176	0.000354	-0.583814	-0.000354	1.000176	0.199579	
199	1.000189	0.000340	-0.524699	-0.000340	1.000189	0.164878	
200	1.000187	0.000298	-0.495660	-0.000298	1.000187	0.119389	
201	1.000152	0.000330	-0.521682	-0.000330	1.000152	0.157814	
202	1.000124	0.000522	-0.917754	-0.000522	1.000124	0.238519	
203	1.000214	0.000336	-0.541071	-0.000336	1.000214	0.049363	
204	1.000177	0.000351	-0.568478	-0.000351	1.000177	0.057245	
205	1.000162	0.000324	-0.556576	-0.000324	1.000162	0.124529	
206	1.000128	0.000378	-0.587984	-0.000378	1.000128	0.220255	
207	1.000198	0.000513	-0.884830	-0.000513	1.000198	0.185398	
208	1.000127	0.000348	-0.553793	-0.000348	1.000127	0.243122	
209	1.000150	0.000270	-0.476596	-0.000270	1.000150	0.144583	
210	1.000172	0.000313	-0.534754	-0.000313	1.000172	0.179776	
211	1.000138	0.000347	-0.522115	-0.000347	1.000138	0.203102	
212	1.000135	0.000327	-0.520184	-0.000327	1.000135	0.202648	
213	1.000065	0.000451	-0.708993	-0.000451	1.000065	0.364654	
214	1.000104	0.000260	-0.489963	-0.000260	1.000104	0.192653	
215	1.000121	0.000267	-0.485474	-0.000267	1.000121	0.141577	
216	1.000137	0.000227	-0.442095	-0.000227	1.000137	0.090618	
217	1.000069	0.000204	-0.442197	-0.000204	1.000069	0.075662	
218	1.000124	0.000346	-0.719931	-0.000346	1.000124	0.091713	
219	1.000151	0.000180	-0.348929	-0.000180	1.000151	0.067057	
220	1.000139	0.000189	-0.310692	-0.000189	1.000139	0.060070	
221	1.000133	0.000192	-0.302327	-0.000192	1.000133	0.058193	
222	1.000073	0.000164	-0.199903	-0.000164	1.000073	0.106668	
223	0.999983	0.000089	-0.151416	-0.000089	0.999983	0.256911	
224	1.000079	0.000185	-0.256096	-0.000185	1.000079	0.183964	
225	1.000025	0.000155	-0.183404	-0.000155	1.000025	0.206849	
226	0.999948	0.000135	-0.055386	-0.000135	0.999948	0.147807	
227	0.999966	0.000127	-0.154243	-0.000127	0.999966	0.103235	
228	0.999850	0.000131	-0.036019	-0.000131	0.999850	0.210847	
229	1.000135	0.000166	-0.254731	-0.000166	1.000135	0.029573	
230	1.000160	0.000143	-0.244555	-0.000143	1.000160	0.039208	
231	1.000412	0.000165	-0.435313	-0.000165	1.000412	-0.004453	
232	1.000654	0.000133	-0.527748	-0.000133	1.000654	-0.148470	
233	1.001259	0.000073	-0.789988	-0.000073	1.001259	-0.499437	
234	1.001030	0.000170	-0.858157	-0.000170	1.001030	-0.376043	
235	1.000929	0.000157	-0.751024	-0.000157	1.000929	-0.332203	
236	1.001074	0.000108	-0.785364	-0.000108	1.001074	-0.456180	
237	1.001079	0.000081	-0.774811	-0.000081	1.001079	-0.501367	
238	1.002267	0.000117	-1.629102	-0.000117	1.002267	-1.062743	
239	1.001012	0.000084	-0.759844	-0.000084	1.001012	-0.513533	
240	1.000856	0.000061	-0.645894	-0.000061	1.000856	-0.430330	
241	1.001144	0.000077	-0.831075	-0.000077	1.001144	-0.555862	
242	1.000998	0.000100	-0.796214	-0.000100	1.000998	-0.482431	
243	1.002275	0.000155	-1.675834	-0.000155	1.002275	-0.930434	
244	1.000844	0.000160	-0.735929	-0.000160	1.000844	-0.317402	
245	1.000797	0.000174	-0.727894	-0.000174	1.000797	-0.252241	
246	1.000869	0.000190	-0.821294	-0.000190	1.000869	-0.288851	
247	1.000796	0.000126	-0.673074	-0.000126	1.000796	-0.275990	
248	1.001910	0.000213	-1.446242	-0.000213	1.001910	-0.714844	
249	1.000827	0.000094	-0.647592	-0.000094	1.000827	-0.287753	
250	1.000701	0.000074	-0.522927	-0.000074	1.000701	-0.240096	
251	1.000990	0.000062	-0.690266	-0.000062	1.000990	-0.425733	
252	1.000844	0.000039	-0.563063	-0.000039	1.000844	-0.381669	
253	1.001721	0.000154	-1.251604	-0.000154	1.001721	-0.710126	
254	1.000993	0.000128	-0.701164	-0.000128	1.000993	-0.383125	
255	1.000864	0.000169	-0.659831	-0.000169	1.000864	-0.244691	
256	1.000956	0.000202	-0.714133	-0.000202	1.000956	-0.206113	
257	1.000876	0.000241	-0.721332	-0.000241	1.000876	-0.146960	
258	1.001788	0.000375	-1.647509	-0.000375	1.001788	-0.491255	
259	1.000761	0.000280	-0.740029	-0.000280	1.000761	-0.075684	
260	1.000882	0.000199	-0.780835	-0.000199	1.000882	-0.259853	
261	1.000751	0.000209	-0.732376	-0.000209	1.000751	-0.227161	
262	1.000779	0.000157	-0.705584	-0.000157	1.000779	-0.345061	
263	1.001736	0.000425	-1.881562	-0.000425	1.001736	-0.632201	
264	1.000721	0.000172	-0.725769	-0.000172	1.000721	-0.257690	
265	1.000663	0.000121	-0.646969	-0.000121	1.000663	-0.195454	
266	1.000661	0.000159	-0.681109	-0.000159	1.000661	-0.106856	
267	1.000508	0.000156	-0.590884	-0.000156	1.000508	-0.006148	
268	1.001055	0.000621	-1.686019	-0.000621	1.001055	0.253799	
269	1.000372	0.000227	-0.537836	-0.000227	1.000372	0.183647	
270	1.000260	0.000268	-0.543933	-0.000268	1.000260	0.258889	
271	1.000086	0.000314	-0.477364	-0.000314	1.000086	0.414053	
272	1.000105	0.000325	-0.490868	-0.000325	1.000105	0.411858	
273	1.000813	0.000797	-1.552641	-0.000797	1.000813	0.650742	
274	0.999983	0.000312	-0.413235	-0.000312	0.999983	0.423407	
275	1.000373	0.000459	-0.832591	-0.000459	1.000373	0.670385	
276	1.000619	0.000430	-0.902508	-0.000430	1.000619	0.741100	
277	1.000382	0.000267	-0.724757	-0.000267	1.000382	0.576905	
278	1.000824	0.000678	-1.696638	-0.000678	1.000824	0.794831	
279	1.000193	0.000326	-0.650555	-0.000326	1.000193	0.361032	
280	1.000094	0.000373	-0.654540	-0.000373	1.000094	0.449926	
281	1.000085	0.000276	-0.579233	-0.000276	1.000085	0.348447	
282	1.000135	0.000307	-0.669304	-0.000307	1.000135	0.383643	
283	1.000373	0.000630	-1.534013	-0.000630	1.000373	0.915757	
284	1.000098	0.000295	-0.593717	-0.000295	1.000098	0.554591	
285	1.000053	0.000223	-0.496281	-0.000223	1.000053	0.450663	
286	1.000130	0.000250	-0.574282	-0.000250	1.000130	0.464949	
287	1.000207	0.000268	-0.614083	-0.000268	1.000207	0.328127	
288	1.000455	0.000614	-1.550477	-0.000614	1.000455	0.691429	
289	1.000194	0.000316	-0.593341	-0.000316	1.000194	0.328072	
290	1.000248	0.000334	-0.688603	-0.000334	1.000248	0.365824	
291	1.000230	0.000400	-0.757568	-0.000400	1.000230	0.447288	
292	1.000231	0.000426	-0.732148	-0.000426	1.000231	0.443560	
293	1.000619	0.000699	-1.651862	-0.000699	1.000619	0.495386	
294	1.000439	0.000410	-0.759903	-0.000410	1.000439	0.211081	
295	1.000436	0.000349	-0.729010	-0.000349	1.000436	0.141873	
296	1.000410	0.000261	-0.588582	-0.000261	1.000410	0.004826	
297	1.000275	0.000349	-0.489892	-0.000349	1.000275	-0.108601	
298	1.000315	0.000552	-0.687057	-0.000552	1.000315	-0.151823	
299	1.000343	0.000134	-0.302364	-0.000134	1.000343	-0.101607	
300	1.000449	0.000198	-0.381538	-0.000198	1.000449	-0.011401	
301	1.000366	0.000072	-0.167901	-0.000072	1.000366	-0.041529	
302	1.000460	0.000143	-0.293338	-0.000143	1.000460	0.092117	
303	1.000627	0.000123	-0.390777	-0.000123	1.000627	0.027656	
304	1.000563	0.000107	-0.365494	-0.000107	1.000563	-0.066944	
305	1.000434	-0.000007	-0.160167	0.000007	1.000434	-0.106079	
306	1.000410	-0.000029	-0.147842	0.000029	1.000410	-0.117088	
307	1.000261	0.000009	-0.109761	-0.000009	1.000261	0.060415	
308	1.000185	0.000114	-0.178125	-0.000114	1.000185	0.816164	
309	0.999811	0.000154	0.055406	-0.000154	0.999811	0.887036	
310	0.999857	0.000202	-0.013629	-0.000202	0.999857	1.054871	
311	0.999909	0.000308	-0.203907	-0.000308	0.999909	1.251626	
312	0.999990	0.000407	-0.430494	-0.000407	0.999990	1.409558	
313	1.000600	0.002029	-2.057195	-0.002029	1.000600	4.056566	
314	0.999820	0.000592	-0.611393	-0.000592	0.999820	2.004459	
315	0.999730	0.000409	-0.474875	-0.000409	0.999730	1.990309	
316	0.999477	0.000744	-0.601942	-0.000744	0.999477	2.543916	
317	0.999705	0.000829	-0.785320	-0.000829	0.999705	2.560629	
318	0.994762	-0.007495	7.589551	0.007495	0.994762	0.213662	
319	0.999585	0.001071	-1.096403	-0.001071	0.999585	2.976979	
320	0.999731	0.000949	-1.028070	-0.000949	0.999731	2.570476	
321	1.000309	0.001116	-1.742366	-0.001116	1.000309	2.354846	
322	1.001451	0.001535	-2.921777	-0.001535	1.001451	2.231598	
323	0.997281	-0.002050	2.555561	0.002050	0.997281	1.563768	
324	1.001712	0.001527	-3.376377	-0.001527	1.001712	1.786229	
325	1.001183	0.001339	-2.823457	-0.001339	1.001183	1.626190	
326	0.999844	0.000851	-1.349257	-0.000851	0.999844	1.789477	
327	1.001820	0.001726	-3.852371	-0.001726	1.001820	1.824877	
328	0.995403	-0.001661	3.226735	0.001661	0.995403	2.719141	
329	0.999752	0.000718	-1.265876	-0.000718	0.999752	1.492716	
330	1.001235	0.001348	-3.235166	-0.001348	1.001235	1.402259	
331	1.002087	0.001606	-4.110128	-0.001606	1.002087	1.341364	
332	1.001699	0.001522	-3.771653	-0.001522	1.001699	1.353201	
333	0.997808	-0.000864	1.325220	0.000864	0.997808	1.415043	
334	1.001067	0.001118	-2.522194	-0.001118	1.001067	0.847006	
335	1.001904	0.001235	-3.491004	-0.001235	1.001904	0.455548	
336	1.001811	0.001256	-3.421154	-0.001256	1.001811	0.411376	
337	1.001973	0.001258	-3.519171	-0.001258	1.001973	0.280649	
338	1.001402	0.001910	-3.480863	-0.001910	1.001402	0.945234	
339	1.002077	0.001127	-3.234991	-0.001127	1.002077	-0.167444	
340	1.002310	0.001032	-3.268087	-0.001032	1.002310	-0.451763	
341	1.002395	0.000964	-3.198581	-0.000964	1.002395	-0.603899	
342	1.002250	0.000844	-2.883199	-0.000844	1.002250	-0.643668	
343	1.001689	0.000826	-2.036573	-0.000826	1.001689	-0.423614	
344	1.002221	0.000532	-2.393999	-0.000532	1.002221	-0.684058	
345	1.002182	0.000454	-2.268564	-0.000454	1.002182	-0.731983	
346	1.002044	0.000430	-1.962558	-0.000430	1.002044	-0.652399	
347	1.002165	0.000408	-2.083248	-0.000408	1.002165	-0.776466	
348	1.002614	0.000412	-2.244263	-0.000412	1.002614	-1.172526	
349	1.001985	0.000310	-1.716344	-0.000310	1.001985	-0.886314	
350	1.001987	0.000305	-1.648669	-0.000305	1.001987	-0.872239	
351	1.002070	0.000280	-1.747458	-0.000280	1.002070	-0.950540	
352	1.002022	0.000275	-1.742706	-0.000275	1.002022	-0.890004	
353	1.004228	0.000415	-3.581750	-0.000415	1.004228	-2.026737	
354	1.002018	0.000247	-1.651023	-0.000247	1.002018	-0.986625	
355	1.002224	0.000219	-1.754210	-0.000219	1.002224	-1.171067	
356	1.002096	0.000375	-1.846107	-0.000375	1.002096	-1.065662	
357	1.002496	0.000387	-2.150559	-0.000387	1.002496	-1.348079	
358	1.005654	0.001111	-4.973657	-0.001111	1.005654	-2.868283	
359	1.002434	0.000474	-2.183722	-0.000474	1.002434	-1.220283	
360	1.002260	0.000507	-2.173263	-0.000507	1.002260	-1.034205	
361	1.002408	0.000501	-2.231067	-0.000501	1.002408	-1.099044	
362	1.002221	0.000535	-2.100945	-0.000535	1.002221	-0.932892	
363	1.002359	0.000738	-2.355459	-0.000738	1.002359	-0.913823	
364	1.002429	0.000536	-2.378843	-0.000536	1.002429	-0.852750	
365	1.001971	0.000414	-1.879732	-0.000414	1.001971	-0.654901	
366	1.002153	0.000342	-2.067636	-0.000342	1.002153	-0.689440	
367	1.001810	0.000339	-1.766127	-0.000339	1.001810	-0.532102	
368	1.001760	0.000697	-2.115028	-0.000697	1.001760	-0.302332	
369	1.001050	0.000564	-1.466584	-0.000564	1.001050	-0.169487	
370	1.001648	0.000649	-1.853248	-0.000649	1.001648	-0.534788	
371	1.001241	0.000833	-1.809303	-0.000833	1.001241	-0.269293	
372	1.001028	0.001164	-1.906545	-0.001164	1.001028	0.001306	
373	1.000680	0.001722	-2.369657	-0.001722	1.000680	0.589578	
374	1.000439	0.000929	-1.377605	-0.000929	1.000439	0.385048	
375	1.000316	0.000923	-1.214956	-0.000923	1.000316	0.525185	
376	1.000562	0.000942	-1.369083	-0.000942	1.000562	0.486301	
377	1.000463	0.000745	-1.077623	-0.000745	1.000463	0.349577	
378	1.000534	0.000779	-1.150873	-0.000779	1.000534	0.174391	
379	1.000812	0.001244	-1.952179	-0.001244	1.000812	0.033129	
380	1.000525	0.000479	-0.923502	-0.000479	1.000525	-0.140488	
381	1.000647	0.000374	-0.846442	-0.000374	1.000647	-0.324513	
382	1.000790	0.000286	-0.736131	-0.000286	1.000790	-0.426172	
383	1.000679	0.000266	-0.608486	-0.000266	1.000679	-0.426392	
384	1.001355	0.000197	-1.002213	-0.000197	1.001355	-1.118592	
385	1.000743	0.000073	-0.384213	-0.000073	1.000743	-0.600021	
386	1.000786	-0.000011	-0.428587	0.000011	1.000786	-0.648118	
387	1.000682	0.000014	-0.334946	-0.000014	1.000682	-0.538729	
388	1.000584	-0.000004	-0.324728	0.000004	1.000584	-0.532043	
389	1.001014	0.000013	-0.606213	-0.000013	1.001014	-1.053050	
390	1.000440	-0.000138	-0.139434	0.000138	1.000440	-0.623230	
391	1.000516	-0.000097	-0.165979	0.000097	1.000516	-0.632103	
392	1.000588	-0.000187	-0.057681	0.000187	1.000588	-0.767631	
393	1.000718	-0.000178	-0.118058	0.000178	1.000718	-0.810134	
394	1.001378	-0.000540	-0.246440	0.000540	1.001378	-1.745755	
395	1.000600	-0.000319	0.028187	0.000319	1.000600	-0.935996	
396	1.000641	-0.000331	0.087387	0.000331	1.000641	-0.949283	
397	1.000312	-0.000465	0.300247	0.000465	1.000312	-0.861282	
398	1.000424	-0.000494	0.263901	0.000494	1.000424	-0.942950	
399	1.000946	-0.001193	0.838089	0.001193	1.000946	-1.820885	
400	1.000364	-0.000630	0.486808	0.000630	1.000364	-0.864155	
401	1.000320	-0.000716	0.588050	0.000716	1.000320	-0.871764	
402	1.000259	-0.000809	0.672024	0.000809	1.000259	-0.872438	
403	1.000202	-0.000921	0.773624	0.000921	1.000202	-0.954946	
404	1.000764	-0.001728	1.577660	0.001728	1.000764	-1.804487	
405	1.000250	-0.000954	0.999819	0.000954	1.000250	-0.931614	
406	1.000452	-0.001054	0.974222	0.001054	1.000452	-1.190496	
407	1.000422	-0.001167	1.126937	0.001167	1.000422	-1.215598	
408	1.000437	-0.001232	1.172473	0.001232	1.000437	-1.239786	
409	1.002333	-0.004168	3.325832	0.004168	1.002333	-4.461893	
410	1.000449	-0.002045	2.201857	0.002045	1.000449	-1.874127	
411	1.000887	-0.002289	2.197730	0.002289	1.000887	-2.349688	
412	1.001225	-0.002489	1.955678	0.002489	1.001225	-2.725812	
413	1.002365	-0.002568	1.087448	0.002568	1.002365	-3.357140	
414	1.012150	-0.007352	-0.312757	0.007352	1.012150	-11.737694	
415	1.004182	-0.004674	1.868601	0.004674	1.004182	-5.808354	
416	1.004989	-0.004885	1.350586	0.004885	1.004989	-6.439569	
417	1.004684	-0.005491	1.977848	0.005491	1.004684	-6.622062	
418	1.006705	-0.004713	0.180585	0.004713	1.006705	-7.227141	
419	0.999868	-0.000145	0.146361	0.000145	0.999868	0.053068	
420	1.004223	-0.006163	3.864796	0.006163	1.004223	-6.716659	
421	1.003736	-0.002601	-0.105638	0.002601	1.003736	-4.055634	
422	1.006494	-0.006159	1.547361	0.006159	1.006494	-8.012160	
423	1.005821	-0.006230	2.182604	0.006230	1.005821	-7.605551	
424	0.999900	0.000064	-0.059234	-0.000064	0.999900	0.095785	
425	1.005954	-0.006177	1.730906	0.006177	1.005954	-7.684302	
426	1.006438	-0.006906	2.363057	0.006906	1.006438	-7.845591	
427	0.993192	-0.007324	10.810193	0.007324	0.993192	-1.365025	
428	0.994479	-0.007177	9.710038	0.007177	0.994479	-1.677692	
429	1.000048	0.000023	-0.079712	-0.000023	1.000048	0.035883	
430	0.995927	-0.003754	9.581199	0.003754	0.995927	-1.805414	
431	1.006480	-0.006321	1.797543	0.006321	1.006480	-7.572870	
432	1.006313	-0.006229	1.757327	0.006229	1.006313	-7.486686	
433	0.995587	-0.005309	9.448004	0.005309	0.995587	-2.186910	
434	1.000076	-0.000061	0.008017	0.000061	1.000076	-0.101157	
435	1.005180	-0.006039	2.040543	0.006039	1.005180	-7.179545	
436	1.006189	-0.005838	1.769026	0.005838	1.006189	-7.169171	
437	0.994204	-0.006110	9.920274	0.006110	0.994204	-1.686833	
438	1.006343	-0.005733	0.548989	0.005733	1.006343	-7.849167	
439	0.996401	-0.000822	19.779740	0.000822	0.996401	-1.364641	
440	0.994293	-0.007349	9.517943	0.007349	0.994293	-1.218622	
441	1.006223	-0.005513	0.423704	0.005513	1.006223	-7.513556	
442	1.005624	-0.005559	1.124463	0.005559	1.005624	-7.081691	
443	0.996241	-0.007970	8.708414	0.007970	0.996241	-2.716225	
444	1.000052	-0.000077	0.050918	0.000077	1.000052	-0.099243	
445	0.997007	-0.003516	9.744728	0.003516	0.997007	-2.079374	
446	1.005227	-0.005306	1.227627	0.005306	1.005227	-6.681771	
447	0.994891	-0.006946	9.397286	0.006946	0.994891	-1.565134	
448	1.004802	-0.005507	1.601931	0.005507	1.004802	-6.537658	
449	1.000049	-0.000010	-0.005880	0.000010	1.000049	-0.046354	
450	0.994280	-0.006967	10.488818	0.006967	0.994280	-1.869131	
451	0.995071	-0.004973	8.541041	0.004973	0.995071	-1.105756	
452	1.000229	-0.000221	0.108285	0.000221	1.000229	-0.311215	
453	0.993973	-0.007300	9.998267	0.007300	0.993973	-0.990001	
454	1.000084	-0.000188	0.105941	0.000188	1.000084	-0.177212	
455	0.993317	-0.007350	11.168743	0.007350	0.993317	-1.527127	
456	1.000155	0.000036	-0.048222	-0.000036	1.000155	-0.025393	
457	0.994191	-0.007280	10.914567	0.007280	0.994191	-2.095508	
458	1.004261	-0.005349	1.633272	0.005349	1.004261	-6.085940	
459	1.000053	-0.000131	0.144973	0.000131	1.000053	-0.080602	
460	0.993283	-0.004574	10.292705	0.004574	0.993283	-0.389560	
461	0.993198	-0.006782	11.354859	0.006782	0.993198	-1.143160	
462	0.997605	-0.008718	8.914919	0.008718	0.997605	-4.884497	
463	0.993025	-0.007739	11.743559	0.007739	0.993025	-1.631790	
464	0.999904	0.000045	0.032980	-0.000045	0.999904	0.086831	
465	0.992024	-0.006128	11.819668	0.006128	0.992024	0.076694	
466	0.993183	-0.002030	11.115527	0.002030	0.993183	0.557753	
467	0.992529	-0.006184	11.604866	0.006184	0.992529	-0.206328	
468	0.992388	-0.005844	11.842925	0.005844	0.992388	-0.158683	
469	1.000260	0.000050	-0.257395	-0.000050	1.000260	-0.112633	
470	0.991583	-0.003066	11.014491	0.003066	0.991583	1.433381	
471	1.001128	-0.004120	2.788184	0.004120	1.001128	-3.549737	
472	0.990335	-0.005758	12.979635	0.005758	0.990335	1.318135	
473	1.001971	-0.007585	4.847211	0.007585	1.001971	-6.015465	
474	1.000284	0.000025	-0.245767	-0.000025	1.000284	-0.161979	
475	0.989857	-0.006542	13.225720	0.006542	0.989857	1.523481	
476	1.003549	-0.009017	5.397395	0.009017	1.003549	-7.142121	
477	0.988562	-0.006566	13.987039	0.006566	0.988562	2.288945	
478	0.988545	-0.006016	14.390700	0.006016	0.988545	2.262286	
479	1.000671	0.000216	-0.687504	-0.000216	1.000671	-0.233553	
480	0.989488	-0.006264	13.979873	0.006264	0.989488	1.432603	
481	0.993792	-0.010346	12.101444	0.010346	0.993792	-2.219400	
482	0.989275	-0.006166	13.678468	0.006166	0.989275	1.861467	
483	0.991731	-0.006442	13.395204	0.006442	0.991731	-0.475197	
484	1.000219	-0.000022	-0.195586	0.000022	1.000219	-0.110779	
485	0.991755	-0.006280	13.370932	0.006280	0.991755	-0.408630	
486	0.991814	-0.007120	12.933517	0.007120	0.991814	-0.340638	
487	0.993305	-0.006762	12.054322	0.006762	0.993305	-1.066486	
488	0.994617	0.000379	11.099685	-0.000379	0.994617	1.333604	
489	0.999985	-0.000170	0.095993	0.000170	0.999985	-0.071634	
490	0.993646	-0.003794	9.511915	0.003794	0.993646	0.529509	
491	0.991212	-0.006868	12.800758	0.006868	0.991212	0.401924	
492	0.990637	-0.006730	12.751495	0.006730	0.990637	0.959310	
493	0.991601	-0.006918	12.581053	0.006918	0.991601	0.095305	
494	0.995600	-0.001617	21.609495	0.001617	0.995600	-0.366529	
495	0.990381	-0.006257	14.319191	0.006257	0.990381	0.618399	
496	1.004453	-0.008729	4.898643	0.008729	1.004453	-7.377154	
497	0.992522	-0.007962	13.617054	0.007962	0.992522	-1.664766	
498	1.005073	-0.008893	4.468377	0.008893	1.005073	-7.723073	
499	0.995723	-0.001829	21.548197	0.001829	0.995723	-0.129642	
500	0.990681	-0.007018	14.212354	0.007018	0.990681	0.033993	
501	0.991736	-0.007730	12.462603	0.007730	0.991736	-0.177518	
502	1.002616	-0.009479	7.232092	0.009479	1.002616	-6.505963	
503	0.992612	-0.002111	12.263406	0.002111	0.992612	0.954283	
504	1.000147	-0.000122	-0.000624	0.000122	1.000147	-0.188967	
505	0.998833	-0.009630	9.082598	0.009630	0.998833	-6.047597	
506	1.000188	-0.000344	0.081181	0.000344	1.000188	-0.434085	
507	0.993108	-0.003967	10.541735	0.003967	0.993108	0.311877	
508	1.003547	-0.007946	3.979931	0.007946	1.003547	-7.517822	
509	0.999971	-0.000135	0.115771	0.000135	0.999971	-0.037372	
510	0.994908	-0.007641	11.539949	0.007641	0.994908	-2.720796	
511	1.001013	-0.000072	-0.821802	0.000072	1.001013	-0.614638	
512	0.992648	-0.008144	13.065188	0.008144	0.992648	-1.755493	
513	0.994107	-0.009182	11.249564	0.009182	0.994107	-2.217185	
514	1.000029	0.000069	-0.066923	-0.000069	1.000029	0.005772	
515	1.004287	-0.008701	3.722400	0.008701	1.004287	-8.742179	
516	1.004629	-0.008499	4.249120	0.008499	1.004629	-7.897725	
517	0.996173	-0.012031	11.529741	0.012031	0.996173	-3.672620	
518	1.003478	-0.005130	6.939019	0.005130	1.003478	-4.284178	
519	0.997875	-0.002066	20.209668	0.002066	0.997875	-0.945900	
520	1.003887	-0.007059	5.173269	0.007059	1.003887	-6.560116	
521	1.004643	-0.005287	5.625613	0.005287	1.004643	-5.206817	
522	0.999061	-0.001020	9.772323	0.001020	0.999061	-0.440823	
523	0.999276	-0.001123	9.537150	0.001123	0.999276	-0.483385	
524	0.998348	-0.001798	18.971978	0.001798	0.998348	-0.273605	
525	0.999744	-0.000813	8.692332	0.000813	0.999744	-0.126704	
526	0.999664	-0.000823	8.662226	0.000823	0.999664	-0.144432	
527	1.002683	-0.003144	6.285867	0.003144	1.002683	-2.701771	
528	1.003570	-0.005376	5.286495	0.005376	1.003570	-5.145430	
529	0.998129	-0.001640	18.670586	0.001640	0.998129	-0.744203	
530	0.995431	-0.004703	10.717459	0.004703	0.995431	-1.633980	
531	0.999855	-0.000854	8.835728	0.000854	0.999855	-0.327239	
532	1.003686	-0.004636	6.150653	0.004636	1.003686	-4.203940	
533	0.999323	-0.000974	9.613394	0.000974	0.999323	-0.201659	
534	0.997790	-0.001900	20.206094	0.001900	0.997790	-0.521458	
535	0.999451	-0.001061	9.703024	0.001061	0.999451	-0.648315	
536	0.999936	-0.001479	9.309890	0.001479	0.999936	-0.940089	
537	0.999038	-0.001315	10.049916	0.001315	0.999038	-0.599708	
538	0.999276	-0.001103	9.921629	0.001103	0.999276	-0.548066	
539	0.997449	-0.001880	20.078681	0.001880	0.997449	-0.525083	
540	0.997891	-0.003474	10.359724	0.003474	0.997891	-1.984431	
541	0.998868	-0.000833	9.793177	0.000833	0.998868	-0.263823	
542	1.003724	-0.005847	5.787220	0.005847	1.003724	-5.455089	
543	1.004376	-0.005493	5.095863	0.005493	1.004376	-5.441388	
