0	1.000000	0.000000	0.000000	0.000000	1.000000	0.000000	
1	1.000079	0.000167	-1.594737	-0.000167	1.000079	0.426741	
2	1.000039	0.000188	-1.387127	-0.000188	1.000039	0.430084	
3	1.000074	0.000328	-2.999008	-0.000328	1.000074	0.425580	
4	1.000121	0.000096	-1.562534	-0.000096	1.000121	0.052827	
5	1.000107	0.000165	-1.430021	-0.000165	1.000107	0.147885	
6	1.000120	0.000118	-1.317194	-0.000118	1.000120	-0.010390	
7	1.000084	0.000121	-1.257963	-0.000121	1.000084	-0.017601	
8	0.999978	0.000263	-2.628965	-0.000263	0.999978	0.069799	
9	0.999989	0.000128	-1.299108	-0.000128	0.999989	0.300531	
10	0.999972	0.000080	-1.165110	-0.000080	0.999972	-0.150011	
11	0.999965	0.000103	-1.065804	-0.000103	0.999965	0.070175	
12	1.000035	0.000100	-1.111124	-0.000100	1.000035	-0.120403	
13	1.000081	0.000134	-2.077265	-0.000134	1.000081	0.199837	
14	1.000142	0.000099	-1.074586	-0.000099	1.000142	0.226989	
15	1.000106	0.000138	-0.967273	-0.000138	1.000106	0.178868	
16	1.000074	0.000077	-0.871845	-0.000077	1.000074	0.013919	
17	1.000087	0.000114	-0.759887	-0.000114	1.000087	0.127016	
18	1.000104	0.000034	-1.344469	-0.000034	1.000104	-0.106506	
19	1.000106	0.000102	-0.513218	-0.000102	1.000106	-0.085193	
20	1.000067	0.000058	-0.344980	-0.000058	1.000067	-0.025956	
21	1.000067	0.000014	-0.325706	-0.000014	1.000067	0.116200	
22	1.000034	0.000010	-0.299807	-0.000010	1.000034	-0.025293	
23	0.999958	0.000078	-0.318421	-0.000078	0.999958	0.040351	
24	1.000011	0.000078	-0.158862	-0.000078	1.000011	0.091062	
25	1.000017	0.000067	-0.142823	-0.000067	1.000017	0.043218	
26	1.000036	0.000045	-0.143018	-0.000045	1.000036	0.234856	
27	0.999990	0.000093	-0.043040	-0.000093	0.999990	-0.015146	
28	0.999790	0.000017	-0.218756	-0.000017	0.999790	0.142291	
29	0.999949	0.000002	-0.018284	-0.000002	0.999949	-0.029612	
30	0.999940	0.000021	-0.022833	-0.000021	0.999940	-0.104464	
31	0.999947	0.000015	-0.022556	-0.000015	0.999947	0.128030	
32	0.999955	-0.000036	-0.000878	0.000036	0.999955	0.065207	
33	0.999909	0.000032	-0.226990	-0.000032	0.999909	0.121649	
34	0.999839	0.000025	-0.078187	-0.000025	0.999839	0.024128	
35	0.999903	-0.000019	-0.247797	0.000019	0.999903	-0.046344	
36	0.999870	0.000049	-0.523256	-0.000049	0.999870	0.083635	
37	0.999845	0.000158	-0.634107	-0.000158	0.999845	0.133335	
38	0.999859	0.000372	-2.398912	-0.000372	0.999859	0.216664	
39	0.999900	0.000209	-1.275794	-0.000209	0.999900	0.274512	
40	0.999825	0.000232	-1.738866	-0.000232	0.999825	0.685025	
41	0.999825	0.000196	-1.816290	-0.000196	0.999825	0.473841	
42	0.999843	0.000246	-2.263069	-0.000246	0.999843	0.859674	
43	1.001115	0.001378	-7.542149	-0.001378	1.001115	1.652615	
44	0.999863	0.000266	-3.390880	-0.000266	0.999863	0.730622	
45	0.999775	0.000263	-3.437040	-0.000263	0.999775	0.457967	
46	0.999843	0.000343	-3.945941	-0.000343	0.999843	0.440437	
47	0.999886	0.000295	-4.124959	-0.000295	0.999886	0.628415	
48	1.000252	0.000758	-11.178099	-0.000758	1.000252	1.828161	
49	1.000259	0.000658	-5.171396	-0.000658	1.000259	1.144422	
50	0.999652	0.000267	-4.556244	-0.000267	0.999652	1.236783	
51	0.999632	0.000273	-4.489317	-0.000273	0.999632	1.337640	
52	0.999628	0.000254	-4.592334	-0.000254	0.999628	1.408597	
53	1.000196	0.000707	-11.965218	-0.000707	1.000196	3.224025	
54	1.000766	0.001298	-5.987786	-0.001298	1.000766	1.895208	
55	0.999709	0.000224	-4.319205	-0.000224	0.999709	1.460060	
56	0.999617	0.000180	-4.320344	-0.000180	0.999617	1.345932	
57	0.999684	0.000084	-4.198222	-0.000084	0.999684	1.127575	
58	1.000161	0.000718	-10.410461	-0.000718	1.000161	3.067551	
59	0.999097	0.000231	-3.190638	-0.000231	0.999097	1.426157	
60	0.999704	0.000144	-3.871144	-0.000144	0.999704	1.110915	
61	0.999670	0.000171	-3.429211	-0.000171	0.999670	1.032286	
62	0.999753	0.000103	-3.374495	-0.000103	0.999753	1.123987	
63	1.000069	0.000621	-8.751436	-0.000621	1.000069	2.288623	
64	0.999658	0.000170	-3.131015	-0.000170	0.999658	1.000223	
65	0.999831	0.000116	-2.942039	-0.000116	0.999831	0.796446	
66	0.999641	0.000102	-2.601851	-0.000102	0.999641	0.748924	
67	0.999764	0.000151	-2.319622	-0.000151	0.999764	0.557269	
68	0.999864	0.000264	-4.089173	-0.000264	0.999864	0.688066	
69	0.999824	0.000094	-1.127889	-0.000094	0.999824	0.362383	
70	0.999884	0.000004	-0.747223	-0.000004	0.999884	0.136165	
71	1.000066	0.000146	-0.563124	-0.000146	1.000066	0.321091	
72	0.999917	-0.000135	0.319895	0.000135	0.999917	0.159057	
73	0.999983	-0.000096	0.781262	0.000096	0.999983	0.329491	
74	1.000076	-0.000035	0.559975	0.000035	1.000076	-0.059877	
75	1.000026	-0.000076	0.662240	0.000076	1.000026	-0.073191	
76	1.000076	-0.000142	0.497702	0.000142	1.000076	-0.117222	
77	1.000151	-0.000068	0.455553	0.000068	1.000151	-0.143425	
78	1.000086	-0.000041	1.155925	0.000041	1.000086	-0.158604	
79	1.000015	-0.000041	0.749666	0.000041	1.000015	0.029021	
80	1.000124	-0.000044	0.834850	0.000044	1.000124	-0.085780	
81	1.000046	-0.000005	1.396292	0.000005	1.000046	-0.069473	
82	1.000183	-0.000079	1.730868	0.000079	1.000183	-0.165958	
83	0.999108	-0.001107	6.257339	0.001107	0.999108	-0.989936	
84	1.000215	-0.000186	2.680276	0.000186	1.000215	-0.209165	
85	1.000229	-0.000235	2.904935	0.000235	1.000229	-0.245950	
86	1.000228	-0.000229	3.088117	0.000229	1.000228	-0.285596	
87	1.000381	-0.000272	2.999470	0.000272	1.000381	-0.282049	
88	0.999240	-0.000696	9.575093	0.000696	0.999240	-0.421160	
89	0.999954	-0.000289	3.723092	0.000289	0.999954	-0.401803	
90	0.999467	-0.000350	4.234876	0.000350	0.999467	-0.454308	
91	0.999616	-0.000193	4.232310	0.000193	0.999616	-0.321619	
92	0.999635	-0.000362	4.274725	0.000362	0.999635	-0.172143	
93	0.998899	-0.000578	10.841569	0.000578	0.998899	-0.527710	
94	1.000092	-0.000184	4.094845	0.000184	1.000092	-0.467193	
95	1.000005	-0.000156	4.099807	0.000156	1.000005	-0.415594	
96	1.000416	-0.000131	3.683717	0.000131	1.000416	-0.426814	
97	0.999993	-0.000192	3.972599	0.000192	0.999993	-0.351803	
98	0.997521	-0.001750	10.342151	0.001750	0.997521	-0.711902	
99	0.999674	-0.000306	3.609735	0.000306	0.999674	-0.143060	
100	0.999753	-0.000258	3.135479	0.000258	0.999753	-0.164553	
101	0.999947	-0.000233	2.721055	0.000233	0.999947	-0.200541	
102	1.000015	-0.000166	2.441287	0.000166	1.000015	-0.062248	
103	0.999440	-0.000594	3.760225	0.000594	0.999440	-0.312970	
104	0.999945	-0.000060	0.846921	0.000060	0.999945	0.017469	
105	0.999935	-0.000045	0.228819	0.000045	0.999935	0.088482	
106	0.999854	-0.000074	-0.194949	0.000074	0.999854	0.094822	
107	0.999823	0.000027	-0.621441	-0.000027	0.999823	0.194892	
108	0.999839	0.000063	-2.358411	-0.000063	0.999839	0.746721	
109	0.999678	0.000053	-1.403385	-0.000053	0.999678	0.556422	
110	0.999776	0.000052	-1.718100	-0.000052	0.999776	0.486800	
111	0.999803	0.000075	-2.012503	-0.000075	0.999803	0.386787	
112	0.999877	0.000131	-1.956117	-0.000131	0.999877	0.461153	
113	0.999955	0.000257	-4.234754	-0.000257	0.999955	0.376594	
114	0.999878	0.000191	-2.096107	-0.000191	0.999878	0.372980	
115	0.999879	0.000140	-2.182544	-0.000140	0.999879	0.529242	
116	0.999893	0.000148	-2.306811	-0.000148	0.999893	0.618453	
117	0.999835	0.000127	-2.235077	-0.000127	0.999835	0.651547	
118	0.999199	-0.000472	-4.931170	0.000472	0.999199	1.047598	
119	0.999889	0.000120	-2.614515	-0.000120	0.999889	0.714231	
120	0.999993	0.000127	-2.855171	-0.000127	0.999993	0.594407	
121	0.999891	0.000070	-2.672922	-0.000070	0.999891	0.608410	
122	1.000045	0.000188	-2.872859	-0.000188	1.000045	0.547221	
123	0.999748	-0.000120	-2.634326	0.000120	0.999748	0.582460	
124	0.999869	0.000168	-5.220467	-0.000168	0.999869	1.020875	
125	1.000109	0.000098	-2.700811	-0.000098	1.000109	0.606897	
126	1.000179	0.000110	-2.582059	-0.000110	1.000179	0.541501	
127	1.000212	0.000073	-2.423027	-0.000073	1.000212	0.578950	
128	1.000222	0.000095	-2.217343	-0.000095	1.000222	0.742437	
129	1.000472	-0.000957	-4.460396	0.000957	1.000472	1.526858	
130	1.000483	0.000093	-2.477052	-0.000093	1.000483	1.219322	
131	1.000189	-0.000146	-2.387366	0.000146	1.000189	1.676886	
132	1.000280	0.000113	-2.067962	-0.000113	1.000280	1.563766	
133	1.000423	0.000083	-2.646590	-0.000083	1.000423	1.919511	
134	1.002147	0.000309	-6.931139	-0.000309	1.002147	5.419411	
135	1.000855	0.000023	-3.042312	-0.000023	1.000855	2.478904	
136	1.000849	0.000043	-3.099476	-0.000043	1.000849	2.554914	
137	1.001174	0.000040	-3.253873	-0.000040	1.001174	2.837864	
138	1.001389	-0.000644	-3.321914	0.000644	1.001389	2.506507	
139	1.004090	0.000465	-8.962486	-0.000465	1.004090	6.660726	
140	1.001538	0.000035	-3.538342	-0.000035	1.001538	2.862692	
141	1.001899	-0.000008	-3.914532	0.000008	1.001899	2.344012	
142	1.001897	0.000027	-3.889531	-0.000027	1.001897	2.472230	
143	1.001891	-0.000025	-3.983777	0.000025	1.001891	2.274798	
144	1.005428	0.000909	-10.684552	-0.000909	1.005428	4.557740	
145	1.001835	0.000017	-4.135579	-0.000017	1.001835	1.456401	
146	1.001693	0.000037	-4.175264	-0.000037	1.001693	1.193967	
147	1.001909	0.000024	-4.310856	-0.000024	1.001909	0.833899	
148	1.001860	0.000018	-4.535573	-0.000018	1.001860	0.563291	
149	1.006852	0.001864	-13.398362	-0.001864	1.006852	0.426342	
150	1.004147	0.001063	-7.682171	-0.001063	1.004147	-0.288472	
151	1.004316	0.000959	-8.091013	-0.000959	1.004316	-0.785724	
152	1.004473	0.001118	-8.337429	-0.001118	1.004473	-0.787895	
153	1.004416	0.001047	-8.633954	-0.001047	1.004416	-1.083402	
154	1.006954	0.000762	-16.010691	-0.000762	1.006954	-2.572784	
155	1.002058	0.000219	-5.768455	-0.000219	1.002058	-0.838320	
156	1.004659	0.000986	-8.586303	-0.000986	1.004659	-1.179555	
157	1.001153	0.000241	-4.799255	-0.000241	1.001153	-0.364095	
158	1.004709	0.001108	-8.355949	-0.001108	1.004709	-1.099975	
159	1.008209	0.001275	-15.076866	-0.001275	1.008209	-2.434514	
160	1.002657	0.000087	-5.216587	-0.000087	1.002657	-1.048215	
161	1.002552	0.000005	-4.874241	-0.000005	1.002552	-1.159281	
162	1.003639	0.000150	-5.672483	-0.000150	1.003639	-1.409690	
163	1.003224	-0.000117	-5.033165	0.000117	1.003224	-1.326249	
164	1.009345	0.000896	-12.162224	-0.000896	1.009345	-3.026179	
165	1.003395	-0.000139	-4.237290	0.000139	1.003395	-1.568086	
166	1.003222	-0.000184	-3.775316	0.000184	1.003222	-1.336150	
167	1.003157	-0.000212	-3.565905	0.000212	1.003157	-1.294597	
168	1.003238	-0.000109	-3.450770	0.000109	1.003238	-1.254463	
169	1.008554	0.000322	-8.190208	-0.000322	1.008554	-3.081055	
170	1.003128	-0.000020	-2.679306	0.000020	1.003128	-1.130416	
171	1.003223	-0.000047	-2.758032	0.000047	1.003223	-1.261067	
172	1.003515	-0.000125	-2.765970	0.000125	1.003515	-1.438866	
173	1.003265	-0.000039	-2.432697	0.000039	1.003265	-1.336869	
174	1.007168	-0.000008	-5.161045	0.000008	1.007168	-2.930144	
175	1.003544	-0.000179	-2.339342	0.000179	1.003544	-1.433079	
176	1.003095	-0.000171	-1.959759	0.000171	1.003095	-1.434372	
177	1.003363	-0.000158	-2.132147	0.000158	1.003363	-1.615872	
178	1.003426	-0.000104	-2.246400	0.000104	1.003426	-1.698501	
179	1.006369	0.000337	-3.777410	-0.000337	1.006369	-3.186901	
180	1.003039	-0.000037	-1.794107	0.000037	1.003039	-2.006586	
181	1.003048	0.000022	-1.574414	-0.000022	1.003048	-2.359041	
182	1.003047	0.000197	-1.381428	-0.000197	1.003047	-2.368493	
183	1.003055	0.000094	-1.036149	-0.000094	1.003055	-2.473296	
184	1.006287	-0.000587	-0.890328	0.000587	1.006287	-6.182667	
185	1.002509	-0.000027	0.329299	0.000027	1.002509	-2.312992	
186	1.000963	0.000139	1.560816	-0.000139	1.000963	-1.430296	
187	1.001302	0.000922	2.001076	-0.000922	1.001302	-0.827212	
188	1.000749	-0.000103	2.746674	0.000103	1.000749	-1.175623	
189	1.000613	-0.000389	9.890886	0.000389	1.000613	-2.301041	
190	1.002217	0.001114	3.659632	-0.001114	1.002217	-1.014223	
191	1.003287	0.001425	3.584469	-0.001425	1.003287	-0.830301	
192	1.003730	0.001691	3.546946	-0.001691	1.003730	-0.924079	
193	1.000476	-0.000513	8.144501	0.000513	1.000476	-1.766298	
194	1.000756	-0.000864	18.194834	0.000864	1.000756	-2.933804	
195	1.000453	-0.000409	10.052716	0.000409	1.000453	-1.130372	
196	1.000717	-0.000545	10.561091	0.000545	1.000717	-1.318631	
197	1.001099	-0.000594	11.045487	0.000594	1.001099	-1.557320	
198	1.000748	-0.000576	11.668739	0.000576	1.000748	-1.520991	
199	1.001074	-0.000339	25.884804	0.000339	1.001074	-2.901251	
200	1.000957	-0.000780	13.217169	0.000780	1.000957	-2.074662	
201	1.000998	-0.000719	13.636393	0.000719	1.000998	-2.055843	
202	1.001024	-0.000688	14.178365	0.000688	1.001024	-2.128804	
203	1.000940	-0.000471	14.569106	0.000471	1.000940	-1.921091	
204	1.002414	0.000023	29.687459	-0.000023	1.002414	-2.998933	
205	1.001610	-0.000627	14.876896	0.000627	1.001610	-2.029720	
206	1.000686	-0.000789	16.055346	0.000789	1.000686	-2.080851	
207	1.000252	-0.000903	16.609747	0.000903	1.000252	-2.134309	
208	0.999677	-0.000857	17.376627	0.000857	0.999677	-2.183442	
209	0.998342	-0.001507	36.971012	0.001507	0.998342	-3.802518	
210	0.999668	-0.000910	18.018333	0.000910	0.999668	-1.999662	
211	0.999677	-0.000605	18.017702	0.000605	0.999677	-1.531005	
212	0.998737	-0.001202	19.236489	0.001202	0.998737	-1.516945	
213	0.998512	-0.001497	19.718726	0.001497	0.998512	-1.729134	
214	0.997764	-0.001971	40.641293	0.001971	0.997764	-2.914764	
215	0.999135	-0.000870	20.357272	0.000870	0.999135	-1.527699	
216	0.999078	-0.001229	20.897475	0.001229	0.999078	-1.822539	
217	0.998767	-0.001279	21.440852	0.001279	0.998767	-1.797824	
218	0.998244	-0.001612	21.719485	0.001612	0.998244	-1.814987	
219	0.997772	-0.001731	43.824611	0.001731	0.997772	-3.038355	
220	0.997999	-0.001510	22.481606	0.001510	0.997999	-1.973685	
221	0.998273	-0.001551	22.370400	0.001551	0.998273	-1.680164	
222	0.998608	-0.001602	21.855430	0.001602	0.998608	-1.866661	
223	0.997573	-0.001626	22.438481	0.001626	0.997573	-1.251400	
224	0.996776	-0.002257	44.152099	0.002257	0.996776	-2.510502	
225	0.997674	-0.001482	21.860307	0.001482	0.997674	-1.287638	
226	0.998220	-0.001488	20.680725	0.001488	0.998220	-1.250918	
227	0.997782	-0.001278	20.825182	0.001278	0.997782	-1.074971	
228	0.998387	-0.001598	20.284230	0.001598	0.998387	-1.661523	
229	0.994708	-0.002122	40.946840	0.002122	0.994708	-2.096266	
230	0.996067	-0.001720	20.825444	0.001720	0.996067	-0.827888	
231	0.996218	-0.001985	20.857583	0.001985	0.996218	-1.112776	
232	0.998061	-0.001321	19.496039	0.001321	0.998061	-1.332269	
233	0.998738	-0.001084	19.097709	0.001084	0.998738	-1.257885	
234	0.996693	-0.002738	39.934913	0.002738	0.996693	-2.434409	
235	0.996987	-0.002013	20.880243	0.002013	0.996987	-1.129604	
236	0.998915	-0.001200	19.197983	0.001200	0.998915	-1.026785	
237	0.999744	-0.001255	18.866155	0.001255	0.999744	-1.773264	
238	0.998840	-0.001199	19.513143	0.001199	0.998840	-1.449744	
239	0.994649	-0.002074	41.805596	0.002074	0.994649	-1.121253	
240	0.996340	-0.001921	22.130510	0.001921	0.996340	-0.471995	
241	0.997310	-0.001992	21.348439	0.001992	0.997310	-0.845169	
242	0.996709	-0.002403	22.258514	0.002403	0.996709	-0.958044	
243	0.997784	-0.002091	21.406063	0.002091	0.997784	-1.257956	
244	0.997582	-0.001990	41.562968	0.001990	0.997582	-1.493196	
245	0.997541	-0.001774	21.555955	0.001774	0.997541	-0.854209	
246	0.997818	-0.001703	21.815306	0.001703	0.997818	-0.963992	
247	0.998729	-0.001483	20.907042	0.001483	0.998729	-0.928224	
248	0.996353	-0.002563	23.340739	0.002563	0.996353	-0.725141	
249	0.996252	-0.001993	43.365883	0.001993	0.996252	-0.617276	
250	0.997114	-0.002092	22.752181	0.002092	0.997114	-0.636717	
251	0.996407	-0.002521	23.594543	0.002521	0.996407	-0.655415	
252	0.998619	-0.001758	21.471341	0.001758	0.998619	-0.925894	
253	0.997620	-0.001802	22.389651	0.001802	0.997620	-0.609885	
254	0.998037	-0.002214	41.366034	0.002214	0.998037	-0.872355	
255	0.999297	-0.000880	19.738074	0.000880	0.999297	0.109503	
256	0.999619	-0.001073	19.182039	0.001073	0.999619	-0.224914	
257	0.999812	-0.001105	19.028261	0.001105	0.999812	-0.243161	
258	0.999704	-0.000936	18.627782	0.000936	0.999704	-0.350223	
259	0.996982	-0.002848	40.070676	0.002848	0.996982	-0.792386	
260	0.996421	-0.002273	22.524303	0.002273	0.996421	-0.295453	
261	0.999241	-0.001379	19.510264	0.001379	0.999241	-0.263168	
262	0.997439	-0.001871	22.267278	0.001871	0.997439	0.087793	
263	0.997565	-0.001693	21.568685	0.001693	0.997565	0.143416	
264	0.996197	-0.002425	41.389826	0.002425	0.996197	-0.496275	
265	0.998852	-0.000952	19.153130	0.000952	0.998852	-0.589638	
266	0.999004	-0.001053	18.469221	0.001053	0.999004	-0.242078	
267	0.998370	-0.001298	18.865744	0.001298	0.998370	-0.085515	
268	0.998704	-0.001102	18.196932	0.001102	0.998704	0.151570	
269	0.997676	-0.002158	37.189559	0.002158	0.997676	-0.302680	
270	1.000535	-0.001309	17.743855	0.001309	1.000535	-0.618956	
271	1.001648	-0.000964	16.651286	0.000964	1.001648	-0.849495	
272	1.000801	-0.001085	17.696700	0.001085	1.000801	-0.163180	
273	1.000965	-0.001213	18.058306	0.001213	1.000965	-0.606805	
274	0.998998	-0.002545	39.654691	0.002545	0.998998	-0.314872	
275	1.000477	-0.001074	18.279383	0.001074	1.000477	-0.391163	
276	1.000573	-0.001098	17.934402	0.001098	1.000573	-0.339025	
277	0.999833	-0.001068	17.645167	0.001068	0.999833	-0.020525	
278	1.000143	-0.001143	17.193495	0.001143	1.000143	-0.218398	
279	0.999962	-0.001929	33.480326	0.001929	0.999962	-0.486726	
280	1.000009	-0.001270	15.532419	0.001270	1.000009	-0.629502	
281	0.999576	-0.001201	15.028845	0.001201	0.999576	-0.651876	
282	0.999786	-0.001183	14.389483	0.001183	0.999786	-0.318326	
283	1.000002	-0.001136	13.983752	0.001136	1.000002	-0.151604	
284	0.999212	-0.001796	27.436974	0.001796	0.999212	0.229217	
285	0.999560	-0.001059	12.454865	0.001059	0.999560	0.169353	
286	0.999465	-0.001136	12.556591	0.001136	0.999465	-0.216508	
287	0.999371	-0.000882	12.010717	0.000882	0.999371	-0.054624	
288	0.999360	-0.000811	11.595570	0.000811	0.999360	0.134510	
289	0.999726	-0.000690	10.820756	0.000690	0.999726	0.217009	
290	0.999519	-0.001744	21.278194	0.001744	0.999519	-0.013724	
291	0.991500	-0.002563	11.188743	0.002563	0.991500	2.057970	
292	0.996387	-0.002370	10.336536	0.002370	0.996387	-0.022919	
293	0.999560	-0.000892	8.606980	0.000892	0.999560	-0.118367	
294	0.999821	-0.000739	7.866957	0.000739	0.999821	-0.352684	
295	1.000776	-0.000958	14.542682	0.000958	1.000776	-0.321609	
296	1.001337	0.000863	4.705542	-0.000863	1.001337	0.099900	
297	0.997195	-0.000169	5.517155	0.000169	0.997195	0.782796	
298	1.001582	0.000699	4.086704	-0.000699	1.001582	-0.003384	
299	0.999774	-0.000429	4.500191	0.000429	0.999774	-0.098900	
300	1.000870	-0.000639	8.933250	0.000639	1.000870	0.551973	
301	0.999912	-0.000367	3.171233	0.000367	0.999912	0.727520	
302	1.000013	-0.000233	2.705320	0.000233	1.000013	0.812672	
303	0.999827	-0.000353	2.354352	0.000353	0.999827	0.946330	
304	1.000237	-0.000220	2.009157	0.000220	1.000237	0.824316	
305	1.000002	-0.000194	3.903219	0.000194	1.000002	1.061594	
306	0.999759	-0.000269	1.672746	0.000269	0.999759	0.189709	
307	0.999853	-0.000266	1.670341	0.000266	0.999853	-0.070824	
308	0.999869	-0.000262	1.451710	0.000262	0.999869	-0.298412	
309	0.999906	-0.000193	1.085523	0.000193	0.999906	-0.244236	
310	1.000150	-0.000164	1.961519	0.000164	1.000150	-0.247977	
311	1.000014	-0.000218	0.578917	0.000218	1.000014	0.092503	
312	0.999931	-0.000172	0.381120	0.000172	0.999931	0.164239	
313	0.999883	-0.000087	0.195450	0.000087	0.999883	0.086589	
314	0.999847	-0.000038	-0.032329	0.000038	0.999847	-0.001301	
315	0.999741	-0.000025	-0.685992	0.000025	0.999741	-0.272636	
316	0.999915	0.000056	-0.408225	-0.000056	0.999915	-0.122238	
317	0.999939	0.000100	-0.573605	-0.000100	0.999939	-0.040219	
318	0.999980	0.000083	-0.685200	-0.000083	0.999980	0.028709	
319	0.999992	0.000175	-0.645435	-0.000175	0.999992	0.140838	
320	1.000026	0.000156	-1.450579	-0.000156	1.000026	0.311335	
321	1.000016	0.000094	-0.809809	-0.000094	1.000016	-0.154639	
322	0.999972	0.000101	-0.935873	-0.000101	0.999972	0.068388	
323	1.000042	0.000121	-0.981487	-0.000121	1.000042	0.063903	
324	1.000028	0.000152	-1.057580	-0.000152	1.000028	0.252958	
325	1.000321	0.000305	-2.193145	-0.000305	1.000321	0.876596	
326	1.000159	0.000242	-1.162464	-0.000242	1.000159	0.819389	
327	1.000165	0.000257	-1.339225	-0.000257	1.000165	0.807525	
328	1.000230	0.000316	-1.643969	-0.000316	1.000230	0.845079	
329	1.000235	0.000388	-1.965206	-0.000388	1.000235	0.978230	
330	1.001154	0.001833	-5.363667	-0.001833	1.001154	2.340462	
331	1.000154	0.000367	-2.528302	-0.000367	1.000154	0.736413	
332	1.000142	0.000486	-2.440178	-0.000486	1.000142	0.876188	
333	1.000117	0.000444	-2.746066	-0.000444	1.000117	0.823908	
334	1.000147	0.000385	-2.730644	-0.000385	1.000147	0.786941	
335	1.001395	0.001378	-6.422232	-0.001378	1.001395	1.288896	
336	1.000157	0.000226	-2.425991	-0.000226	1.000157	0.581908	
337	1.000263	0.000265	-2.435386	-0.000265	1.000263	0.388511	
338	1.000131	0.000191	-2.316406	-0.000191	1.000131	0.406707	
339	1.000139	0.000274	-2.152639	-0.000274	1.000139	0.483383	
340	1.000346	0.000429	-4.212777	-0.000429	1.000346	0.622758	
341	1.000153	0.000229	-1.982421	-0.000229	1.000153	0.270125	
342	1.000164	0.000306	-2.012013	-0.000306	1.000164	0.501370	
343	1.000098	0.000327	-1.980437	-0.000327	1.000098	0.268219	
344	1.000063	0.000188	-1.711255	-0.000188	1.000063	0.107711	
345	1.000208	0.000333	-3.401856	-0.000333	1.000208	0.190514	
346	1.000013	0.000221	-1.282260	-0.000221	1.000013	0.187711	
347	0.999909	0.000219	-1.209777	-0.000219	0.999909	0.059583	
348	0.999955	0.000180	-1.094556	-0.000180	0.999955	0.096301	
349	0.999996	0.000239	-0.959657	-0.000239	0.999996	0.160404	
350	1.000080	0.000253	-1.663413	-0.000253	1.000080	0.063617	
351	0.999893	0.000082	-0.759150	-0.000082	0.999893	0.098164	
352	0.999814	0.000107	-0.642334	-0.000107	0.999814	0.127858	
353	0.999872	0.000125	-0.580901	-0.000125	0.999872	0.107230	
354	0.999864	0.000099	-0.542407	-0.000099	0.999864	0.054237	
355	0.999960	0.000023	-0.827132	-0.000023	0.999960	-0.003957	
356	0.999888	0.000073	-0.257048	-0.000073	0.999888	0.033698	
357	0.999863	0.000036	-0.290180	-0.000036	0.999863	0.049654	
358	0.999865	0.000074	-0.102842	-0.000074	0.999865	0.076770	
359	0.999866	0.000061	-0.112231	-0.000061	0.999866	0.048109	
360	0.999804	0.000031	0.097829	-0.000031	0.999804	0.060334	
361	0.999876	0.000075	0.046070	-0.000075	0.999876	0.067438	
362	0.999918	0.000059	0.016346	-0.000059	0.999918	0.042721	
363	0.999904	0.000063	0.016571	-0.000063	0.999904	0.046319	
364	0.999831	0.000028	0.027890	-0.000028	0.999831	0.047805	
365	0.999914	0.000092	-0.017537	-0.000092	0.999914	0.013346	
366	0.999930	-0.000013	0.033698	0.000013	0.999930	0.028179	
367	0.999913	-0.000035	0.014554	0.000035	0.999913	0.007766	
368	0.999947	-0.000039	-0.000706	0.000039	0.999947	0.015241	
369	0.999946	-0.000035	0.015900	0.000035	0.999946	-0.008173	
370	0.999923	-0.000088	0.025818	0.000088	0.999923	0.001206	
371	0.999893	-0.000025	0.011388	0.000025	0.999893	0.026809	
372	0.999968	0.000032	-0.024822	-0.000032	0.999968	-0.026927	
373	0.999951	0.000041	0.001606	-0.000041	0.999951	0.089893	
374	1.000002	0.000025	0.004688	-0.000025	1.000002	0.107191	
375	0.999937	0.000001	0.072163	-0.000001	0.999937	-0.118333	
376	0.999951	-0.000018	0.059139	0.000018	0.999951	0.042157	
377	0.999917	-0.000061	0.073973	0.000061	0.999917	-0.006349	
378	0.999932	-0.000038	0.090958	0.000038	0.999932	0.016683	
379	0.999955	-0.000035	0.058237	0.000035	0.999955	0.037122	
380	0.999965	-0.000082	0.070612	0.000082	0.999965	0.054891	
381	0.999921	-0.000018	-0.005256	0.000018	0.999921	0.065052	
382	0.999892	0.000009	-0.002550	-0.000009	0.999892	0.038610	
383	0.999820	0.000029	0.061669	-0.000029	0.999820	0.080913	
384	0.999915	-0.000035	-0.030158	0.000035	0.999915	0.149039	
385	0.999965	-0.000005	0.055797	0.000005	0.999965	0.153797	
386	0.999942	-0.000041	0.038268	0.000041	0.999942	0.095808	
387	0.999904	-0.000084	0.054792	0.000084	0.999904	0.003877	
388	0.999935	-0.000036	-0.083530	0.000036	0.999935	0.031253	
389	0.999816	-0.000064	-0.051032	0.000064	0.999816	0.040225	
390	0.999933	-0.000026	-0.042055	0.000026	0.999933	0.265914	
391	0.999918	-0.000003	-0.050114	0.000003	0.999918	0.113600	
392	1.000028	0.000149	-0.179662	-0.000149	1.000028	0.412564	
393	1.000105	0.000072	-0.187038	-0.000072	1.000105	0.329558	
394	1.000138	0.000083	-0.151971	-0.000083	1.000138	0.190064	
395	0.999962	-0.000041	-0.245495	0.000041	0.999962	0.260774	
396	1.000037	0.000030	-0.187141	-0.000030	1.000037	0.225600	
397	1.000099	-0.000047	-0.136753	0.000047	1.000099	0.015904	
398	1.000231	0.000001	-0.252417	-0.000001	1.000231	0.328546	
399	1.000053	0.000015	-0.262824	-0.000015	1.000053	0.474862	
400	1.000111	-0.000092	-0.613869	0.000092	1.000111	1.184063	
401	1.000124	0.000047	-0.629974	-0.000047	1.000124	0.725065	
402	1.000028	-0.000002	-0.783819	0.000002	1.000028	0.675894	
403	1.000137	0.000071	-1.038416	-0.000071	1.000137	0.485972	
404	1.000192	0.000166	-1.193799	-0.000166	1.000192	0.434260	
405	1.000169	0.000080	-2.864684	-0.000080	1.000169	0.331998	
406	1.000273	0.000252	-1.867409	-0.000252	1.000273	0.137625	
407	1.000311	0.000213	-1.966445	-0.000213	1.000311	0.238674	
408	1.000336	0.000226	-2.089608	-0.000226	1.000336	0.318087	
409	1.000358	0.000175	-2.009107	-0.000175	1.000358	0.410432	
410	1.000525	0.000334	-4.097454	-0.000334	1.000525	1.333117	
411	1.000463	0.000133	-2.052352	-0.000133	1.000463	0.813626	
412	1.000508	0.000130	-1.946113	-0.000130	1.000508	1.004575	
413	1.000420	0.000218	-1.745281	-0.000218	1.000420	1.017034	
414	1.000388	0.000213	-1.678910	-0.000213	1.000388	0.909550	
415	1.000396	0.000393	-2.995206	-0.000393	1.000396	1.405471	
416	1.000206	0.000142	-1.352972	-0.000142	1.000206	0.693031	
417	1.000267	0.000173	-1.233807	-0.000173	1.000267	0.506320	
418	1.000187	0.000157	-1.169738	-0.000157	1.000187	0.421165	
419	1.000176	0.000154	-1.085580	-0.000154	1.000176	0.553406	
420	1.000290	0.000250	-2.079317	-0.000250	1.000290	0.830937	
421	1.000181	0.000096	-0.992335	-0.000096	1.000181	0.608742	
422	1.000141	0.000037	-1.021815	-0.000037	1.000141	0.483125	
423	1.000067	0.000074	-0.958405	-0.000074	1.000067	0.564849	
424	1.000063	0.000122	-0.976149	-0.000122	1.000063	0.441030	
425	0.999971	0.000155	-1.311062	-0.000155	0.999971	0.824008	
426	1.000022	-0.000001	-0.616399	0.000001	1.000022	0.238407	
427	1.000001	0.000022	-0.286056	-0.000022	1.000001	0.293124	
428	0.999940	-0.000057	-0.075846	0.000057	0.999940	0.273864	
429	0.999869	-0.000044	0.243786	0.000044	0.999869	0.033590	
430	0.999875	-0.000118	0.914412	0.000118	0.999875	-0.240762	
431	0.999909	-0.000194	0.333892	0.000194	0.999909	-0.338369	
432	0.999901	-0.000138	0.397225	0.000138	0.999901	0.041153	
433	0.999909	-0.000128	0.337263	0.000128	0.999909	-0.087448	
434	0.999916	-0.000077	0.306108	0.000077	0.999916	0.111590	
435	0.999904	-0.000038	0.872413	0.000038	0.999904	0.451664	
436	0.999952	-0.000110	0.641724	0.000110	0.999952	-0.029342	
437	0.999948	-0.000101	0.669794	0.000101	0.999948	-0.035030	
438	0.999951	-0.000193	0.805442	0.000193	0.999951	-0.338105	
439	0.999933	-0.000164	1.075683	0.000164	0.999933	-0.317584	
440	1.000046	-0.000009	2.448512	0.000009	1.000046	0.014845	
441	1.000050	-0.000093	1.161240	0.000093	1.000050	-0.027269	
442	1.000177	-0.000065	1.038102	0.000065	1.000177	0.094144	
443	1.000178	-0.000024	0.983104	0.000024	1.000178	0.323250	
444	1.000233	-0.000070	0.867355	0.000070	1.000233	0.011907	
445	1.000680	0.000045	2.114659	-0.000045	1.000680	0.553361	
446	1.000841	-0.000046	0.832897	0.000046	1.000841	0.397081	
447	1.000980	-0.000061	0.912840	0.000061	1.000980	0.453363	
448	1.001296	-0.000008	0.977057	0.000008	1.001296	0.405459	
449	1.001749	-0.000043	1.011579	0.000043	1.001749	0.154323	
450	1.007350	0.000378	1.419164	-0.000378	1.007350	0.501037	
451	1.001604	-0.000221	1.825923	0.000221	1.001604	0.356884	
452	1.003802	0.000142	1.507112	-0.000142	1.003802	0.331549	
453	1.001976	0.000141	2.116778	-0.000141	1.001976	0.936595	
454	1.001969	-0.000017	2.399235	0.000017	1.001969	0.660394	
455	1.004308	0.000383	1.520796	-0.000383	1.004308	0.570785	
456	1.007810	0.000226	3.886016	-0.000226	1.007810	0.831167	
457	1.003467	0.000254	1.536928	-0.000254	1.003467	0.402396	
458	1.004039	0.000199	1.465069	-0.000199	1.004039	0.237712	
459	1.002949	0.000184	1.606115	-0.000184	1.002949	0.179938	
460	1.001719	-0.000032	1.460420	0.000032	1.001719	0.340543	
461	1.007825	0.000651	1.332428	-0.000651	1.007825	-0.726978	
462	1.002314	-0.000002	1.034702	0.000002	1.002314	-0.095974	
463	1.002370	0.000007	0.668094	-0.000007	1.002370	-0.400064	
464	1.002162	0.000002	0.598425	-0.000002	1.002162	-0.154572	
465	1.002355	0.000028	0.275083	-0.000028	1.002355	-0.452936	
466	1.004311	0.000031	0.194034	-0.000031	1.004311	-0.866130	
467	1.002133	-0.000018	-0.215034	0.000018	1.002133	-0.562644	
468	1.002054	0.000021	-0.324879	-0.000021	1.002054	-0.635216	
469	1.002056	-0.000101	-0.371397	0.000101	1.002056	-0.712860	
470	1.002027	-0.000040	-0.434758	0.000040	1.002027	-0.569050	
471	1.003704	0.000070	-1.086844	-0.000070	1.003704	-1.474997	
472	1.002029	0.000003	-0.645189	-0.000003	1.002029	-0.712629	
473	1.002160	0.000118	-0.796934	-0.000118	1.002160	-0.644571	
474	1.002113	0.000117	-0.782991	-0.000117	1.002113	-0.874856	
475	1.002096	0.000133	-0.769110	-0.000133	1.002096	-0.721919	
476	1.003844	0.000070	-1.701833	-0.000070	1.003844	-1.510801	
477	1.001983	0.000085	-0.937592	-0.000085	1.001983	-0.645651	
478	1.002107	0.000057	-1.051520	-0.000057	1.002107	-0.913383	
479	1.001985	0.000075	-1.118025	-0.000075	1.001985	-0.778317	
480	1.001856	0.000002	-1.134482	-0.000002	1.001856	-1.102270	
481	1.003723	-0.000167	-2.653247	0.000167	1.003723	-3.112330	
482	1.001852	0.000164	-1.406924	-0.000164	1.001852	-1.583522	
483	1.001780	0.000223	-1.304561	-0.000223	1.001780	-1.696120	
484	1.001813	0.000185	-1.258983	-0.000185	1.001813	-1.550180	
485	1.001865	0.000106	-1.209970	-0.000106	1.001865	-1.407346	
486	1.003284	-0.000238	-2.480020	0.000238	1.003284	-2.783805	
487	1.001853	-0.000021	-1.210401	0.000021	1.001853	-1.503635	
488	1.001751	0.000011	-1.176964	-0.000011	1.001751	-1.538700	
489	1.001892	-0.000012	-1.373981	0.000012	1.001892	-1.627979	
490	1.001945	-0.000027	-1.367987	0.000027	1.001945	-1.714437	
491	1.003642	-0.000248	-2.986376	0.000248	1.003642	-3.337101	
492	1.001956	0.000106	-1.658830	-0.000106	1.001956	-1.681424	
493	1.001951	0.000202	-1.672373	-0.000202	1.001951	-1.568854	
494	1.002441	-0.000114	-2.278140	0.000114	1.002441	-2.004068	
495	1.002285	0.000149	-2.150736	-0.000149	1.002285	-1.618284	
496	1.003866	-0.000227	-4.183493	0.000227	1.003866	-3.438015	
497	1.002081	0.000124	-2.299827	-0.000124	1.002081	-1.373561	
498	1.002079	0.000137	-2.235372	-0.000137	1.002079	-1.570913	
499	1.002235	0.000154	-2.596598	-0.000154	1.002235	-1.606387	
500	1.002182	0.000198	-2.752313	-0.000198	1.002182	-1.555973	
501	1.004797	-0.000014	-6.311513	0.000014	1.004797	-3.687018	
502	1.002133	0.000445	-2.793246	-0.000445	1.002133	-1.584845	
503	1.002011	0.000312	-2.701934	-0.000312	1.002011	-1.480368	
504	1.002144	0.000288	-2.701871	-0.000288	1.002144	-1.530329	
505	1.001972	0.000245	-2.554501	-0.000245	1.001972	-1.535929	
506	1.005326	-0.000136	-6.291599	0.000136	1.005326	-4.197225	
507	1.001983	0.000041	-2.176511	-0.000041	1.001983	-1.399526	
508	1.001745	0.000005	-1.971343	-0.000005	1.001745	-1.417730	
509	1.001398	0.000207	-1.699286	-0.000207	1.001398	-1.047543	
510	1.001360	0.000204	-1.676204	-0.000204	1.001360	-1.113295	
511	1.002341	-0.000158	-3.045119	0.000158	1.002341	-2.523556	
512	1.001306	0.000143	-1.386237	-0.000143	1.001306	-1.156633	
513	1.001644	0.000216	-1.413888	-0.000216	1.001644	-1.290432	
514	1.001355	0.000066	-1.287686	-0.000066	1.001355	-1.115321	
515	1.001263	0.000123	-1.108706	-0.000123	1.001263	-1.059151	
516	1.002437	0.000046	-2.425847	-0.000046	1.002437	-1.991688	
517	1.001240	0.000067	-1.200732	-0.000067	1.001240	-0.742219	
518	1.001173	0.000028	-1.238240	-0.000028	1.001173	-0.962906	
519	1.001151	0.000122	-1.248356	-0.000122	1.001151	-0.754385	
520	1.001210	0.000197	-1.314243	-0.000197	1.001210	-0.775330	
521	1.002116	0.000005	-2.732544	-0.000005	1.002116	-1.487953	
522	1.001041	0.000072	-1.238254	-0.000072	1.001041	-0.756516	
523	1.000941	0.000019	-1.387329	-0.000019	1.000941	-0.782345	
524	1.001063	0.000023	-1.408543	-0.000023	1.001063	-1.018823	
525	1.000858	-0.000001	-1.506128	0.000001	1.000858	-1.096973	
