0	1.000000	0.000000	0.000000	0.000000	1.000000	0.000000	
1	0.997035	0.000066	13.054149	-0.000066	0.997035	0.541845	
2	0.996605	-0.000074	13.212072	0.000074	0.996605	0.504393	
3	0.996729	-0.000161	12.811887	0.000161	0.996729	0.357694	
4	0.996789	-0.000023	12.447384	0.000023	0.996789	0.602085	
5	0.993764	0.001691	13.026146	-0.001691	0.993764	2.271780	
6	0.997155	0.000096	11.368232	-0.000096	0.997155	0.306805	
7	0.996957	0.000080	10.768268	-0.000080	0.996957	0.336192	
8	0.996403	0.000293	10.532971	-0.000293	0.996403	0.692675	
9	0.996102	0.000197	10.094573	-0.000197	0.996102	0.527326	
10	0.995413	0.000630	9.486133	-0.000630	0.995413	0.901551	
11	0.994763	0.000542	9.213034	-0.000542	0.994763	0.729988	
12	0.994778	0.000486	8.597460	-0.000486	0.994778	0.920796	
13	0.995104	0.000326	7.847466	-0.000326	0.995104	0.656390	
14	0.994768	0.000271	7.438604	-0.000271	0.994768	0.781362	
15	0.995081	0.000238	6.517833	-0.000238	0.995081	0.402352	
16	0.994835	0.000281	5.919241	-0.000281	0.994835	0.535387	
17	0.994575	0.000311	5.500629	-0.000311	0.994575	0.571298	
18	0.994465	0.000112	5.145938	-0.000112	0.994465	0.386106	
19	0.993848	0.000296	5.587313	-0.000296	0.993848	0.671336	
20	0.994168	0.000016	5.268057	-0.000016	0.994168	0.511239	
21	0.993945	-0.000060	5.301532	0.000060	0.993945	0.768183	
22	0.993804	-0.000023	5.620500	0.000023	0.993804	0.749649	
23	0.993615	0.000248	5.781148	-0.000248	0.993615	1.237712	
24	0.994147	0.000411	5.472331	-0.000411	0.994147	1.318826	
25	0.993698	0.000295	5.566131	-0.000295	0.993698	1.515903	
26	0.994483	0.000255	4.963266	-0.000255	0.994483	1.211971	
27	0.994520	0.000025	4.790924	-0.000025	0.994520	0.766855	
28	0.995079	-0.000136	4.186839	0.000136	0.995079	0.250047	
29	0.995465	-0.000261	3.803671	0.000261	0.995465	-0.168784	
30	0.995985	-0.000057	3.393467	0.000057	0.995985	-0.136542	
31	0.996171	-0.000098	3.180734	0.000098	0.996171	-0.116801	
32	0.996213	0.000062	3.220860	-0.000062	0.996213	0.290204	
33	0.996328	0.000180	3.265596	-0.000180	0.996328	0.666355	
34	0.996570	0.000015	3.199703	-0.000015	0.996570	0.469920	
35	0.996018	-0.000058	3.525644	0.000058	0.996018	0.569465	
36	0.996400	-0.000134	3.214983	0.000134	0.996400	0.189833	
37	0.996003	-0.000206	3.208787	0.000206	0.996003	0.279582	
38	0.996207	-0.000123	2.979244	0.000123	0.996207	0.160345	
39	0.996639	0.000009	2.519393	-0.000009	0.996639	0.218615	
40	0.996467	-0.000001	2.361071	0.000001	0.996467	0.317265	
41	0.996678	-0.000018	1.993555	0.000018	0.996678	0.384469	
42	0.996711	-0.000026	1.859156	0.000026	0.996711	0.595475	
43	0.996984	-0.000030	1.554843	0.000030	0.996984	0.574085	
44	0.996902	-0.000221	1.504723	0.000221	0.996902	0.525634	
45	0.997081	-0.000135	1.461915	0.000135	0.997081	0.595173	
46	0.997183	-0.000129	1.500354	0.000129	0.997183	0.508266	
47	0.997038	0.000036	1.559572	-0.000036	0.997038	0.688862	
48	0.997393	0.000138	1.237894	-0.000138	0.997393	0.696287	
49	0.997040	-0.000010	1.379658	0.000010	0.997040	0.514568	
50	0.997311	-0.000065	1.224857	0.000065	0.997311	0.397890	
51	0.997306	-0.000049	1.231725	0.000049	0.997306	0.493013	
52	0.997374	-0.000141	1.169130	0.000141	0.997374	0.473871	
53	0.997282	0.000040	1.205021	-0.000040	0.997282	0.923402	
54	0.997414	0.000053	1.459921	-0.000053	0.997414	1.146771	
55	0.996976	0.000237	2.135008	-0.000237	0.996976	1.578255	
56	0.997294	0.000296	2.296709	-0.000296	0.997294	1.535495	
57	0.997113	0.000350	2.571273	-0.000350	0.997113	1.538433	
58	0.997042	0.000080	2.761442	-0.000080	0.997042	0.959861	
59	0.996956	-0.000012	2.803107	0.000012	0.996956	0.629403	
60	0.996580	-0.000041	2.819368	0.000041	0.996580	0.530890	
61	0.996305	0.000036	2.863291	-0.000036	0.996305	0.687004	
62	0.995838	0.000205	3.012268	-0.000205	0.995838	1.167234	
63	0.995636	0.000310	2.999245	-0.000310	0.995636	1.626696	
64	0.995641	0.000126	2.861976	-0.000126	0.995641	1.626956	
65	0.995819	0.000120	2.614283	-0.000120	0.995819	1.663403	
66	0.995923	-0.000062	2.563446	0.000062	0.995923	1.188055	
67	0.995979	-0.000212	2.474523	0.000212	0.995979	0.632870	
68	0.996023	-0.000065	2.320764	0.000065	0.996023	0.447848	
69	0.995297	-0.000109	2.616445	0.000109	0.995297	0.496078	
70	0.995521	0.000027	2.398576	-0.000027	0.995521	0.755559	
71	0.995099	0.000016	2.415289	-0.000016	0.995099	1.240841	
72	0.994165	-0.000187	2.861672	0.000187	0.994165	1.677820	
73	0.993971	-0.000088	2.822297	0.000088	0.993971	1.998595	
74	0.993731	-0.000038	2.760144	0.000038	0.993731	2.118349	
75	0.992812	-0.000037	3.105863	0.000037	0.992812	2.325306	
76	0.992516	0.000111	2.930411	-0.000111	0.992516	2.543500	
77	0.990714	-0.000091	3.316400	0.000091	0.990714	3.011574	
78	0.990987	-0.000132	2.206794	0.000132	0.990987	3.143350	
79	0.991172	-0.000275	0.631795	0.000275	0.991172	3.291686	
80	0.991021	-0.000024	-0.550135	0.000024	0.991021	3.691638	
81	0.991378	0.000292	-1.761234	-0.000292	0.991378	3.618095	
82	0.991099	0.000381	-2.506459	-0.000381	0.991099	3.530557	
83	0.991498	0.000478	-3.589671	-0.000478	0.991498	3.267168	
84	0.991856	0.000582	-4.809898	-0.000582	0.991856	3.163434	
85	0.992714	0.000273	-6.243886	-0.000273	0.992714	2.830414	
86	0.993849	0.000147	-7.756875	-0.000147	0.993849	2.459518	
87	0.994734	0.000171	-8.988857	-0.000171	0.994734	1.957294	
88	0.995953	0.000283	-10.345112	-0.000283	0.995953	1.377626	
89	0.995972	-0.000038	-10.829620	0.000038	0.995972	0.936007	
90	0.997063	0.000295	-11.833913	-0.000295	0.997063	0.573972	
91	0.997883	0.000422	-12.383454	-0.000422	0.997883	0.173371	
92	0.999304	0.000594	-13.451583	-0.000594	0.999304	-0.229718	
93	1.000385	0.000559	-13.967796	-0.000559	1.000385	-0.788068	
94	1.000783	0.000641	-13.914327	-0.000641	1.000783	-0.855614	
95	1.000558	0.000655	-13.236442	-0.000655	1.000558	-0.803261	
96	1.000654	0.000695	-12.742516	-0.000695	1.000654	-0.807620	
97	1.000644	0.000565	-12.430794	-0.000565	1.000644	-0.911964	
98	1.000828	0.000454	-12.160125	-0.000454	1.000828	-0.924587	
99	1.000856	0.000386	-11.728989	-0.000386	1.000856	-0.752714	
100	1.000812	0.000312	-11.158367	-0.000312	1.000812	-0.683725	
101	1.002133	0.000267	-11.273448	-0.000267	1.002133	-1.184036	
102	1.003008	0.000425	-11.240763	-0.000425	1.003008	-1.373181	
103	1.004382	-0.000480	-10.777754	0.000480	1.004382	-1.924730	
104	1.003556	0.000487	-10.415798	-0.000487	1.003556	-0.956443	
105	1.004170	0.000281	-10.526369	-0.000281	1.004170	-1.072315	
106	1.004543	0.000217	-10.845867	-0.000217	1.004543	-1.120704	
107	1.007009	-0.000986	-11.585604	0.000986	1.007009	-2.211015	
108	1.005291	0.000399	-11.795469	-0.000399	1.005291	-1.112096	
109	1.006472	-0.000482	-12.101993	0.000482	1.006472	-1.848941	
110	1.006278	-0.000286	-12.330424	0.000286	1.006278	-1.835638	
111	1.006364	-0.000577	-12.055025	0.000577	1.006364	-1.824492	
112	1.005964	0.000146	-12.209730	-0.000146	1.005964	-1.136796	
113	1.005222	0.000319	-12.074416	-0.000319	1.005222	-0.790246	
114	1.005798	0.000130	-12.416977	-0.000130	1.005798	-1.021281	
115	1.005335	0.000479	-11.873907	-0.000479	1.005335	-0.627953	
116	1.006784	-0.000449	-11.439741	0.000449	1.006784	-1.499694	
117	1.006849	-0.000325	-10.656638	0.000325	1.006849	-1.340660	
118	1.006637	-0.000198	-9.474716	0.000198	1.006637	-0.987441	
119	1.006334	-0.000150	-8.143057	0.000150	1.006334	-0.740651	
120	1.005830	-0.000096	-6.590378	0.000096	1.005830	-0.283817	
121	1.006309	-0.000032	-5.737021	0.000032	1.006309	-0.120128	
122	1.005891	-0.000003	-4.458651	0.000003	1.005891	0.105725	
123	1.005818	-0.000008	-3.522396	0.000008	1.005818	0.082274	
124	1.005472	-0.000026	-2.440789	0.000026	1.005472	-0.024549	
125	1.005197	-0.000056	-1.541000	0.000056	1.005197	-0.440324	
126	1.005375	-0.000176	-0.865052	0.000176	1.005375	-1.131767	
127	1.006029	-0.000414	-0.069318	0.000414	1.006029	-1.920211	
128	1.005556	-0.000328	1.075956	0.000328	1.005556	-2.245277	
129	1.006217	-0.000622	1.934371	0.000622	1.006217	-2.972659	
130	1.006179	-0.000820	2.867265	0.000820	1.006179	-3.109637	
131	1.005727	-0.000790	3.937209	0.000790	1.005727	-2.806255	
132	1.000453	-0.000139	6.235298	0.000139	1.000453	-0.849080	
133	1.005380	-0.001008	5.595098	0.001008	1.005380	-2.503753	
134	1.005512	-0.001080	6.211593	0.001080	1.005512	-2.628402	
135	1.005488	-0.001102	6.646658	0.001102	1.005488	-2.602924	
136	1.005279	-0.001185	7.160814	0.001185	1.005279	-2.586782	
137	1.005097	-0.001298	7.537175	0.001298	1.005097	-2.553239	
138	1.004758	-0.001343	7.816483	0.001343	1.004758	-2.476650	
139	1.004661	-0.001447	7.956462	0.001447	1.004661	-2.440514	
140	1.004741	-0.001463	8.078970	0.001463	1.004741	-2.671289	
141	1.004731	-0.001389	8.037997	0.001389	1.004731	-2.759645	
142	1.004837	-0.001425	7.853869	0.001425	1.004837	-2.763174	
143	1.004638	-0.001196	7.845609	0.001196	1.004638	-2.660652	
144	1.004156	-0.001332	7.605698	0.001332	1.004156	-2.594621	
145	1.004488	-0.001135	6.951880	0.001135	1.004488	-2.310730	
146	1.004383	-0.000814	6.455339	0.000814	1.004383	-2.122894	
147	1.003633	-0.001248	6.165141	0.001248	1.003633	-2.037703	
148	1.002617	-0.001277	5.916604	0.001277	1.002617	-1.572483	
149	1.002374	-0.001139	5.071024	0.001139	1.002374	-1.435453	
150	1.001759	-0.000878	4.306530	0.000878	1.001759	-0.874311	
151	0.999915	-0.000685	3.946668	0.000685	0.999915	-0.188130	
152	1.000459	-0.000600	3.045271	0.000600	1.000459	-0.154816	
153	1.000411	-0.000577	2.229600	0.000577	1.000411	-0.155824	
154	1.000536	-0.000543	1.145235	0.000543	1.000536	-0.168195	
155	0.999906	-0.001077	0.518137	0.001077	0.999906	-0.384344	
156	1.000753	-0.000650	-0.906535	0.000650	1.000753	-0.372447	
157	1.000254	-0.000468	-0.991794	0.000468	1.000254	-0.096618	
158	0.999801	-0.000737	-0.871744	0.000737	0.999801	-0.174899	
159	1.000120	-0.000349	-1.105115	0.000349	1.000120	0.243616	
160	1.000143	-0.000416	-1.147997	0.000416	1.000143	0.492569	
161	1.000252	-0.000391	-1.315898	0.000391	1.000252	0.818859	
162	1.000286	-0.000409	-1.490289	0.000409	1.000286	0.847626	
163	1.000359	-0.000332	-1.804348	0.000332	1.000359	0.949739	
164	1.000664	-0.000327	-2.356958	0.000327	1.000664	1.043312	
165	1.000902	-0.000404	-2.793489	0.000404	1.000902	1.165229	
166	1.000904	-0.000627	-3.091021	0.000627	1.000904	0.994835	
167	1.000753	-0.000226	-3.170787	0.000226	1.000753	1.359102	
168	1.000798	-0.000221	-3.219314	0.000221	1.000798	1.484164	
169	1.000988	-0.000177	-3.382399	0.000177	1.000988	1.366008	
170	1.001649	-0.001019	-3.860494	0.001019	1.001649	0.669682	
171	1.000825	-0.000443	-3.490685	0.000443	1.000825	1.411066	
172	1.001586	-0.000489	-3.985235	0.000489	1.001586	0.751605	
173	1.002073	-0.000836	-4.548488	0.000836	1.002073	0.133925	
174	1.001763	-0.000603	-4.284024	0.000603	1.001763	0.136462	
175	1.001834	-0.000464	-4.282537	0.000464	1.001834	0.179797	
176	1.001995	-0.000754	-4.474572	0.000754	1.001995	-0.092273	
177	1.001898	-0.000462	-4.474945	0.000462	1.001898	0.314880	
178	1.001849	-0.000659	-4.283078	0.000659	1.001849	0.183557	
179	1.001974	-0.000566	-4.294822	0.000566	1.001974	0.156742	
180	1.001855	-0.000664	-4.132318	0.000664	1.001855	0.021026	
181	1.002073	-0.000634	-4.376463	0.000634	1.002073	-0.204025	
182	1.002516	-0.000892	-4.835746	0.000892	1.002516	-0.562153	
183	1.002755	-0.000783	-5.034427	0.000783	1.002755	-0.618638	
184	1.003042	-0.000926	-5.266093	0.000926	1.003042	-1.054793	
185	1.003087	-0.001027	-5.139740	0.001027	1.003087	-1.474224	
186	1.002046	-0.000723	-3.996618	0.000723	1.002046	-1.067627	
187	1.002116	-0.000660	-3.356313	0.000660	1.002116	-1.209127	
188	1.001651	-0.000673	-2.293135	0.000673	1.001651	-1.264589	
189	1.001793	-0.000542	-1.537241	0.000542	1.001793	-1.254139	
190	1.001504	-0.000430	-0.589739	0.000430	1.001504	-1.080160	
191	1.001862	-0.000481	-0.406993	0.000481	1.001862	-1.059352	
192	1.002400	-0.000358	-0.670831	0.000358	1.002400	-0.744787	
193	1.002742	-0.000459	-0.891714	0.000459	1.002742	-0.630627	
194	1.003155	-0.000223	-1.405991	0.000223	1.003155	-0.245173	
195	1.003245	-0.000277	-1.827729	0.000277	1.003245	-0.103741	
196	1.003282	-0.000484	-2.023291	0.000484	1.003282	-0.073432	
197	1.003136	-0.000222	-2.067003	0.000222	1.003136	0.290834	
198	1.003517	-0.000575	-2.442866	0.000575	1.003517	0.018697	
199	1.003935	-0.000537	-2.713332	0.000537	1.003935	-0.016167	
200	1.003224	-0.000205	-2.051141	0.000205	1.003224	0.292454	
201	1.003412	-0.000201	-1.968819	0.000201	1.003412	0.098605	
202	1.003289	-0.000211	-1.642233	0.000211	1.003289	-0.047274	
203	1.003650	-0.000626	-1.451685	0.000626	1.003650	-0.487912	
204	1.003267	-0.000726	-0.670656	0.000726	1.003267	-0.315257	
205	1.002983	-0.000280	0.050568	0.000280	1.002983	0.332945	
206	1.003382	-0.000326	0.302263	0.000326	1.003382	0.589034	
207	1.002522	0.000176	1.460191	-0.000176	1.002522	1.618594	
208	1.001895	0.000494	2.642889	-0.000494	1.001895	2.310691	
209	1.003275	-0.001185	3.225006	0.001185	1.003275	1.132738	
210	1.002221	-0.000800	4.586963	0.000800	1.002221	1.351788	
211	1.002261	-0.001104	4.946046	0.001104	1.002261	0.538021	
212	0.999204	0.000722	6.628947	-0.000722	0.999204	1.873621	
213	1.000372	-0.000981	7.681354	0.000981	1.000372	0.004184	
214	1.000446	-0.001143	8.307162	0.001143	1.000446	-0.382485	
215	1.001125	-0.001782	8.272191	0.001782	1.001125	-1.521612	
216	1.000694	-0.002137	9.195986	0.002137	1.000694	-1.515539	
217	0.996740	-0.001650	12.344562	0.001650	0.996740	0.284680	
218	0.995482	-0.001670	13.651211	0.001670	0.995482	0.236834	
219	0.994953	-0.001308	14.531966	0.001308	0.994953	0.314579	
220	0.995476	-0.001853	14.529691	0.001853	0.995476	-0.417341	
221	0.994785	-0.001455	15.625155	0.001455	0.994785	-0.525019	
222	0.994721	-0.001232	16.120219	0.001232	0.994721	-0.638177	
223	0.994798	-0.001113	16.699408	0.001113	0.994798	-0.391987	
224	0.994753	-0.001280	17.178804	0.001280	0.994753	-0.463316	
225	0.994889	-0.001295	17.477806	0.001295	0.994889	-0.498409	
226	0.996323	-0.001822	16.885615	0.001822	0.996323	-1.093593	
227	0.995565	-0.001624	17.761086	0.001624	0.995565	-0.491062	
228	0.995536	-0.001497	18.088639	0.001497	0.995536	-0.364380	
229	0.996800	-0.001833	17.171931	0.001833	0.996800	-1.200178	
230	0.997874	-0.001279	16.621177	0.001279	0.997874	-1.038273	
231	1.000698	-0.001569	14.030525	0.001569	1.000698	-2.150791	
232	1.000097	-0.001776	14.282093	0.001776	1.000097	-2.165937	
233	0.999011	-0.001963	14.309355	0.001963	0.999011	-1.841930	
234	0.999908	-0.001506	13.844030	0.001506	0.999908	-1.790424	
235	0.998870	-0.001138	14.255405	0.001138	0.998870	-1.471650	
236	0.999251	-0.000972	13.846296	0.000972	0.999251	-1.853954	
237	0.999912	-0.001517	12.922127	0.001517	0.999912	-2.604675	
238	0.999472	-0.001002	13.508985	0.001002	0.999472	-2.393304	
239	0.999972	-0.001592	13.014785	0.001592	0.999972	-3.287844	
240	0.999556	-0.001174	13.085720	0.001174	0.999556	-2.812090	
241	0.999517	-0.001499	12.756407	0.001499	0.999517	-2.664182	
242	0.999775	-0.001433	11.749047	0.001433	0.999775	-2.252241	
243	0.999711	-0.001394	10.860032	0.001394	0.999711	-1.795788	
244	0.999599	-0.001204	9.958198	0.001204	0.999599	-1.022739	
245	0.999824	-0.001077	9.254255	0.001077	0.999824	-0.409079	
246	0.999890	-0.000916	8.641193	0.000916	0.999890	-0.267304	
247	0.999804	-0.000920	8.323964	0.000920	0.999804	-0.356188	
248	0.999716	-0.000893	8.214693	0.000893	0.999716	-0.309190	
249	0.999690	-0.001127	8.402832	0.001127	0.999690	-0.493232	
250	0.999586	-0.001053	8.452774	0.001053	0.999586	-0.440678	
251	1.000014	-0.000557	6.997260	0.000557	1.000014	-0.206807	
252	1.002583	-0.000973	6.185298	0.000973	1.002583	-1.195967	
253	1.004155	-0.000956	4.814381	0.000956	1.004155	-1.775396	
254	1.003620	-0.000800	4.391102	0.000800	1.003620	-1.311675	
255	1.003477	-0.000323	3.536308	0.000323	1.003477	-1.003677	
256	1.003581	-0.000618	3.004108	0.000618	1.003581	-1.210367	
257	1.001791	-0.000102	2.817153	0.000102	1.001791	-0.276240	
258	1.001002	-0.000021	3.074602	0.000021	1.001002	0.156404	
259	1.000520	0.000028	3.150207	-0.000028	1.000520	0.412347	
260	0.999586	0.000117	3.427118	-0.000117	0.999586	0.853802	
261	0.999540	-0.000204	2.860511	0.000204	0.999540	1.009229	
262	0.999431	-0.000059	2.497851	0.000059	0.999431	1.206754	
263	0.999625	-0.000140	1.608797	0.000140	0.999625	1.019111	
264	0.999669	-0.000325	1.000062	0.000325	0.999669	0.356600	
265	0.999636	-0.000716	0.833080	0.000716	0.999636	-0.788890	
266	0.999519	-0.000906	0.952173	0.000906	0.999519	-1.700663	
267	0.999367	-0.001092	1.160023	0.001092	0.999367	-2.161832	
268	0.999386	-0.000986	1.197184	0.000986	0.999386	-2.140229	
269	0.999491	-0.000916	1.166522	0.000916	0.999491	-1.929513	
270	0.999521	-0.000634	1.131692	0.000634	0.999521	-1.538698	
271	0.999640	-0.000545	0.860391	0.000545	0.999640	-1.308474	
272	0.999775	-0.000545	0.255747	0.000545	0.999775	-1.247548	
273	0.999843	-0.000529	-0.109467	0.000529	0.999843	-1.231529	
274	0.999905	-0.000648	-0.356504	0.000648	0.999905	-1.385810	
275	0.999800	-0.001026	-0.201613	0.001026	0.999800	-1.817435	
276	0.999675	-0.000828	0.132816	0.000828	0.999675	-1.652113	
277	0.999689	-0.000841	0.245871	0.000841	0.999689	-1.779981	
278	0.999801	-0.000859	0.222421	0.000859	0.999801	-2.049009	
279	0.999937	-0.000842	0.003103	0.000842	0.999937	-2.243653	
280	0.999881	-0.000660	-0.075582	0.000660	0.999881	-2.038783	
281	0.999262	-0.000493	0.351987	0.000493	0.999262	-1.752502	
282	0.999203	-0.000498	0.572484	0.000498	0.999203	-1.684690	
283	0.999139	-0.000646	0.848440	0.000646	0.999139	-1.766045	
284	0.998895	-0.000575	1.130791	0.000575	0.998895	-1.748182	
285	0.998905	-0.000565	1.225874	0.000565	0.998905	-1.815395	
286	0.998842	-0.000467	1.521614	0.000467	0.998842	-1.698223	
287	0.998878	-0.000380	1.747061	0.000380	0.998878	-1.601598	
288	0.998814	-0.000413	1.934206	0.000413	0.998814	-1.562397	
289	0.998840	-0.000430	1.847601	0.000430	0.998840	-1.570292	
290	0.998766	-0.000395	1.891655	0.000395	0.998766	-1.425408	
291	0.998867	-0.000330	1.674045	0.000330	0.998867	-1.424120	
292	0.999092	-0.000305	1.435783	0.000305	0.999092	-1.475118	
293	0.998909	-0.000428	1.526018	0.000428	0.998909	-1.667438	
294	0.998816	-0.000525	1.669239	0.000525	0.998816	-2.013433	
295	0.998815	-0.000677	1.710864	0.000677	0.998815	-2.204884	
296	0.997811	-0.000545	2.664295	0.000545	0.997811	-1.625912	
297	0.997354	-0.000444	3.135296	0.000444	0.997354	-1.339140	
298	0.996975	-0.000523	3.366503	0.000523	0.996975	-1.097909	
299	0.996494	-0.000383	3.898375	0.000383	0.996494	-0.522253	
300	0.995800	-0.000264	4.748748	0.000264	0.995800	-0.092487	
301	0.995479	-0.000187	5.026853	0.000187	0.995479	0.260681	
302	0.995449	-0.000191	5.029876	0.000191	0.995449	0.385569	
303	0.995805	-0.000191	4.625048	0.000191	0.995805	0.281429	
304	0.995561	-0.000142	4.498525	0.000142	0.995561	0.467986	
305	0.996053	-0.000210	3.651357	0.000210	0.996053	0.115679	
306	0.995977	-0.000255	3.677747	0.000255	0.995977	-0.104690	
307	0.996051	-0.000334	3.577501	0.000334	0.996051	-0.376957	
308	0.996418	-0.000423	3.229696	0.000423	0.996418	-0.703207	
309	0.996494	-0.000404	2.909666	0.000404	0.996494	-0.649700	
310	0.996561	-0.000146	2.527499	0.000146	0.996561	-0.264663	
311	0.996653	-0.000091	2.049801	0.000091	0.996653	-0.071512	
312	0.996449	-0.000067	1.936127	0.000067	0.996449	0.362731	
313	0.996617	0.000005	1.943386	-0.000005	0.996617	0.752818	
314	0.996786	-0.000085	1.794566	0.000085	0.996786	0.903200	
315	0.996561	-0.000216	2.035081	0.000216	0.996561	0.938679	
316	0.996454	-0.000127	2.279514	0.000127	0.996454	0.868244	
317	0.996640	-0.000180	2.111100	0.000180	0.996640	0.613582	
318	0.996438	-0.000222	2.166488	0.000222	0.996438	0.496278	
319	0.996901	-0.000243	1.133409	0.000243	0.996901	0.387814	
320	0.997103	-0.000325	-0.219454	0.000325	0.997103	0.185050	
321	0.997118	-0.000177	-1.501470	0.000177	0.997118	0.264529	
322	0.996779	-0.000041	-2.845195	0.000041	0.996779	0.607984	
323	0.996041	0.000352	-3.887416	-0.000352	0.996041	1.354202	
324	0.996016	-0.000058	-5.571738	0.000058	0.996016	1.535125	
325	0.995666	-0.000430	-7.199600	0.000430	0.995666	1.714245	
326	0.995642	0.000068	-9.079569	-0.000068	0.995642	1.930408	
327	0.994384	-0.000320	-10.288151	0.000320	0.994384	2.063831	
328	0.994484	0.000272	-11.650438	-0.000272	0.994484	2.312971	
329	0.994311	0.000364	-12.565098	-0.000364	0.994311	2.263122	
330	0.994069	0.000038	-13.077282	-0.000038	0.994069	2.146288	
331	0.994363	-0.000126	-13.054970	0.000126	0.994363	2.099576	
332	0.994033	-0.000231	-12.596197	0.000231	0.994033	2.402981	
333	0.995008	0.000003	-13.158191	-0.000003	0.995008	2.488204	
334	0.995033	0.000182	-13.024725	-0.000182	0.995033	2.440110	
335	0.995252	0.000295	-12.615169	-0.000295	0.995252	2.023842	
336	0.995952	0.000243	-11.977328	-0.000243	0.995952	1.861072	
337	0.996528	-0.000003	-11.161839	0.000003	0.996528	1.461656	
338	0.996788	-0.000051	-10.304902	0.000051	0.996788	0.992339	
339	0.997451	-0.000065	-9.885843	0.000065	0.997451	0.459471	
340	0.997837	0.000132	-9.199742	-0.000132	0.997837	-0.017642	
341	0.998879	0.000292	-9.030919	-0.000292	0.998879	-0.550108	
342	0.998989	0.000391	-8.560689	-0.000391	0.998989	-0.495459	
343	0.999752	0.000293	-8.426282	-0.000293	0.999752	-0.679418	
344	0.999705	0.000412	-7.616829	-0.000412	0.999705	-0.707323	
345	1.000259	0.000086	-7.210388	-0.000086	1.000259	-1.004507	
346	1.001413	-0.000909	-6.248426	0.000909	1.001413	-1.872194	
347	1.001145	-0.000737	-5.356102	0.000737	1.001145	-1.773271	
348	1.000619	-0.000725	-4.497514	0.000725	1.000619	-1.596954	
349	1.000214	-0.000650	-3.688181	0.000650	1.000214	-1.273512	
350	0.999783	-0.000372	-3.029369	0.000372	0.999783	-0.624379	
351	0.999818	-0.000485	-2.817382	0.000485	0.999818	-0.211458	
352	0.998377	-0.000017	-1.692617	0.000017	0.998377	0.609990	
353	0.997940	0.000104	-0.946365	-0.000104	0.997940	0.985723	
354	0.997333	-0.000052	-0.041567	0.000052	0.997333	1.023818	
355	0.997356	-0.000215	0.364714	0.000215	0.997356	0.587300	
356	0.997088	-0.000236	0.729953	0.000236	0.997088	0.386325	
357	0.996787	-0.000436	0.894563	0.000436	0.996787	0.291997	
358	0.997326	-0.000210	0.435971	0.000210	0.997326	0.099258	
359	0.996955	-0.000166	0.408105	0.000166	0.996955	0.230092	
360	0.997134	-0.000093	0.065830	0.000093	0.997134	0.263751	
361	0.996815	0.000077	0.042377	-0.000077	0.996815	0.392395	
362	0.996830	-0.000134	-0.397529	0.000134	0.996830	0.359553	
363	0.998277	-0.000533	-1.428515	0.000533	0.998277	0.008529	
364	0.996786	-0.000272	-1.344533	0.000272	0.996786	0.593756	
365	0.996710	-0.000236	-1.827601	0.000236	0.996710	0.888207	
366	0.995689	0.000141	-2.212201	-0.000141	0.995689	1.513356	
367	0.996151	0.000085	-3.021426	-0.000085	0.996151	1.381438	
368	0.996173	0.000225	-3.420755	-0.000225	0.996173	1.527952	
369	0.996413	0.000119	-4.025515	-0.000119	0.996413	1.298741	
370	1.000455	-0.000853	-5.561485	0.000853	1.000455	-0.246316	
371	0.996088	0.000085	-4.553735	-0.000085	0.996088	0.884129	
372	0.996490	0.000293	-4.782447	-0.000293	0.996490	0.576262	
373	0.996532	0.000375	-4.632662	-0.000375	0.996532	0.463216	
374	0.996305	0.000266	-4.346289	-0.000266	0.996305	0.469203	
375	0.996721	0.000209	-4.339349	-0.000209	0.996721	0.437271	
376	0.998772	-0.000533	-4.288228	0.000533	0.998772	-0.286775	
377	0.996300	0.000142	-3.402549	-0.000142	0.996300	0.435812	
378	0.995944	0.000240	-2.789014	-0.000240	0.995944	0.613197	
379	0.997699	-0.000461	-2.896403	0.000461	0.997699	-0.155355	
380	0.995989	-0.000055	-2.040677	0.000055	0.995989	0.423128	
381	0.998072	-0.000695	-2.202691	0.000695	0.998072	-0.398942	
382	0.997434	-0.000530	-1.618105	0.000530	0.997434	-0.297137	
383	0.998224	-0.000642	-1.445985	0.000642	0.998224	-0.412460	
384	0.997026	-0.000297	-0.601243	0.000297	0.997026	-0.069754	
385	0.997031	-0.000085	-0.275554	0.000085	0.997031	0.178182	
386	0.996807	-0.000081	0.140934	0.000081	0.996807	0.321139	
387	0.996723	-0.000126	0.474737	0.000126	0.996723	0.431542	
388	0.996671	-0.000255	0.828326	0.000255	0.996671	0.496560	
389	0.996620	-0.000252	1.368678	0.000252	0.996620	0.620251	
390	0.996659	-0.000234	1.797650	0.000234	0.996659	0.699639	
391	0.996338	-0.000066	2.416672	0.000066	0.996338	0.760861	
392	0.996481	-0.000112	2.808751	0.000112	0.996481	0.429843	
393	0.996435	0.000020	3.387174	-0.000020	0.996435	0.289890	
394	0.996584	0.000060	3.683684	-0.000060	0.996584	0.195876	
395	0.996290	0.000003	4.261801	-0.000003	0.996290	0.155232	
396	0.996354	-0.000112	4.588434	0.000112	0.996354	0.052423	
397	0.996133	-0.000166	5.075551	0.000166	0.996133	0.142083	
398	0.996138	-0.000013	5.469485	0.000013	0.996138	0.390922	
399	0.996330	-0.000006	5.565823	0.000006	0.996330	0.367563	
400	0.996140	0.000021	5.819804	-0.000021	0.996140	0.452272	
401	0.996099	-0.000149	6.135286	0.000149	0.996099	0.259568	
402	0.996165	-0.000221	6.349168	0.000221	0.996165	0.232072	
403	0.995748	0.000001	6.925891	-0.000001	0.995748	0.508779	
404	0.995997	-0.000086	7.048440	0.000086	0.995997	0.459810	
405	0.996292	-0.000048	7.378338	0.000048	0.996292	0.322669	
406	0.995802	-0.000196	8.304908	0.000196	0.995802	0.269468	
407	0.995722	-0.000037	9.179960	0.000037	0.995722	0.366280	
408	0.997298	-0.000761	9.344335	0.000761	0.997298	-0.391823	
409	0.997968	-0.001074	10.056977	0.001074	0.997968	-0.683826	
410	0.997797	-0.000961	11.044365	0.000961	0.997797	-0.471827	
411	0.998119	-0.000996	11.693545	0.000996	0.998119	-0.489537	
412	0.998756	-0.000827	12.307688	0.000827	0.998756	-0.728618	
413	0.998386	-0.000943	13.581897	0.000943	0.998386	-0.790027	
414	0.998038	-0.000846	15.096630	0.000846	0.998038	-0.829296	
415	0.998538	-0.001083	15.769140	0.001083	0.998538	-0.998947	
416	0.998590	-0.001464	16.689815	0.001464	0.998590	-0.938633	
417	0.997210	-0.001337	18.860258	0.001337	0.997210	-0.587871	
418	0.998029	-0.001918	18.833547	0.001918	0.998029	-0.629149	
419	0.998208	-0.001972	19.513997	0.001972	0.998208	-0.344294	
420	0.996409	-0.002929	20.722068	0.002929	0.996409	-0.269045	
421	0.999636	-0.002046	18.798322	0.002046	0.999636	-0.641461	
422	0.998380	-0.001921	19.597799	0.001921	0.998380	-0.397845	
423	0.998478	-0.001762	19.001963	0.001762	0.998478	-0.542613	
424	0.999137	-0.001904	17.872331	0.001904	0.999137	-1.110488	
425	1.000477	-0.001863	16.249543	0.001863	1.000477	-1.603925	
426	1.001559	-0.001658	14.860307	0.001658	1.001559	-2.012235	
427	1.001998	-0.001919	13.765098	0.001919	1.001998	-2.392031	
428	1.000627	-0.001458	14.407560	0.001458	1.000627	-2.036040	
429	1.000390	-0.001402	14.278588	0.001402	1.000390	-2.136173	
430	1.000804	-0.001049	14.274253	0.001049	1.000804	-2.247228	
431	1.001128	-0.001493	14.016782	0.001493	1.001128	-2.906208	
432	1.002410	-0.001664	13.231752	0.001664	1.002410	-3.598606	
433	1.002791	-0.001591	13.181535	0.001591	1.002791	-3.744789	
434	1.005820	-0.001689	10.995892	0.001689	1.005820	-4.428350	
435	1.002796	-0.001604	13.183665	0.001604	1.002796	-3.561871	
436	1.002442	-0.001324	13.579975	0.001324	1.002442	-3.184712	
437	1.003437	-0.001936	12.391692	0.001936	1.003437	-3.338407	
438	1.002353	-0.001641	13.148111	0.001641	1.002353	-2.643332	
439	1.002317	-0.001976	12.891124	0.001976	1.002317	-2.637412	
440	1.001821	-0.001272	13.600457	0.001272	1.001821	-2.071660	
441	1.001915	-0.001435	13.409072	0.001435	1.001915	-2.252366	
442	1.002579	-0.001750	12.833871	0.001750	1.002579	-2.711399	
443	1.002188	-0.000916	13.256463	0.000916	1.002188	-2.260607	
444	1.001714	-0.000945	13.575285	0.000945	1.001714	-2.500515	
445	1.000989	-0.001542	13.577339	0.001542	1.000989	-2.879492	
446	1.000920	-0.001452	13.619630	0.001452	1.000920	-3.033571	
447	1.000224	-0.001395	13.701563	0.001395	1.000224	-2.965324	
448	1.000509	-0.001645	13.266976	0.001645	1.000509	-2.891589	
449	0.999534	-0.001298	13.536321	0.001298	0.999534	-2.127352	
450	0.997042	-0.001703	14.431805	0.001703	0.997042	-1.119730	
451	0.995958	-0.001329	14.791189	0.001329	0.995958	-0.211435	
452	0.995005	-0.001178	15.092650	0.001178	0.995005	0.708426	
453	0.994947	-0.001214	14.520663	0.001214	0.994947	0.847772	
454	0.995215	-0.001164	14.014908	0.001164	0.995215	0.918354	
455	0.995913	-0.000978	13.128914	0.000978	0.995913	0.888734	
456	0.996704	-0.001172	12.461494	0.001172	0.996704	0.314962	
457	0.997860	-0.001278	11.647905	0.001278	0.997860	-0.154931	
458	1.000588	-0.001301	10.133045	0.001301	1.000588	-1.029469	
459	0.999722	-0.001096	10.783188	0.001096	0.999722	-1.208166	
460	0.999478	-0.001083	10.951974	0.001083	0.999478	-1.170978	
461	0.999434	-0.001158	10.856346	0.001158	0.999434	-1.631944	
462	1.001849	-0.001021	9.411279	0.001021	1.001849	-2.498779	
