0	1.000000	0.000000	0.000000	0.000000	1.000000	0.000000	
1	1.000000	-0.000000	0.000000	0.000000	1.000000	0.000000	
2	0.999827	-0.000084	0.242051	0.000084	0.999827	0.046810	
3	0.999805	-0.000152	0.284371	0.000152	0.999805	0.001280	
4	0.999827	-0.000162	0.282478	0.000162	0.999827	-0.043538	
5	0.999848	-0.000129	0.247567	0.000129	0.999848	-0.062914	
6	0.999753	-0.000034	0.373332	0.000034	0.999753	0.114233	
7	0.999957	-0.000085	0.164598	0.000085	0.999957	-0.108941	
8	0.999965	-0.000078	0.166212	0.000078	0.999965	-0.083963	
9	1.000030	-0.000060	0.112616	0.000060	1.000030	-0.029011	
10	1.000147	-0.000077	0.066857	0.000077	1.000147	0.017812	
11	1.000538	-0.000079	-0.110998	0.000079	1.000538	-0.035662	
12	1.000350	-0.000059	-0.116152	0.000059	1.000350	-0.089703	
13	1.000463	-0.000009	-0.255268	0.000009	1.000463	-0.135582	
14	1.000452	-0.000009	-0.247179	0.000009	1.000452	-0.097549	
15	1.000461	0.000032	-0.307593	-0.000032	1.000461	-0.093550	
16	1.000734	0.000026	-0.434108	-0.000026	1.000734	-0.126827	
17	1.000409	0.000012	-0.301470	-0.000012	1.000409	-0.098580	
18	1.000446	0.000024	-0.338113	-0.000024	1.000446	-0.100055	
19	1.000492	-0.000035	-0.370864	0.000035	1.000492	-0.178089	
20	1.000560	0.000016	-0.469255	-0.000016	1.000560	-0.246329	
21	1.001142	-0.000018	-0.939637	0.000018	1.001142	-0.597498	
22	1.000510	0.000066	-0.480919	-0.000066	1.000510	-0.183080	
23	1.000514	0.000075	-0.463913	-0.000075	1.000514	-0.148584	
24	1.000602	-0.000034	-0.577747	0.000034	1.000602	-0.222612	
25	1.000600	0.000037	-0.536407	-0.000037	1.000600	-0.183609	
26	1.001152	-0.000078	-0.890658	0.000078	1.001152	-0.369521	
27	1.000567	0.000019	-0.377072	-0.000019	1.000567	-0.090013	
28	1.000576	0.000012	-0.437829	-0.000012	1.000576	-0.134726	
29	1.000537	-0.000051	-0.446580	0.000051	1.000537	-0.167107	
30	1.000730	-0.000026	-0.573633	0.000026	1.000730	-0.221066	
31	1.001247	-0.000131	-0.900156	0.000131	1.001247	-0.593200	
32	1.000665	-0.000006	-0.537815	0.000006	1.000665	-0.292135	
33	1.000700	0.000013	-0.601120	-0.000013	1.000700	-0.310792	
34	1.000824	0.000037	-0.736965	-0.000037	1.000824	-0.328705	
35	1.000766	0.000073	-0.693064	-0.000073	1.000766	-0.289437	
36	1.001518	-0.000140	-1.158351	0.000140	1.001518	-0.861989	
37	1.000833	0.000229	-0.889646	-0.000229	1.000833	-0.221197	
38	1.000784	0.000259	-0.878232	-0.000259	1.000784	-0.176230	
39	1.000947	0.000191	-0.958328	-0.000191	1.000947	-0.364276	
40	1.001073	0.000115	-1.054456	-0.000115	1.001073	-0.580140	
41	1.001697	-0.000014	-1.344598	0.000014	1.001697	-1.007560	
42	1.000895	0.000015	-0.822103	-0.000015	1.000895	-0.581839	
43	1.000838	0.000099	-0.813267	-0.000099	1.000838	-0.391457	
44	1.000803	0.000151	-0.781424	-0.000151	1.000803	-0.267173	
45	1.000851	0.000164	-0.847392	-0.000164	1.000851	-0.239103	
46	1.001311	0.000361	-1.204748	-0.000361	1.001311	-0.356993	
47	1.000765	0.000217	-0.675916	-0.000217	1.000765	-0.260114	
48	1.000918	0.000219	-0.860582	-0.000219	1.000918	-0.272163	
49	1.000747	0.000265	-0.733452	-0.000265	1.000747	-0.155727	
50	1.000829	0.000220	-0.798697	-0.000220	1.000829	-0.207755	
51	1.001504	0.000290	-1.458422	-0.000290	1.001504	-0.484574	
52	1.000924	0.000169	-0.825890	-0.000169	1.000924	-0.378529	
53	1.000856	0.000222	-0.760695	-0.000222	1.000856	-0.323553	
54	1.000919	0.000219	-0.831192	-0.000219	1.000919	-0.378406	
55	1.000878	0.000167	-0.795489	-0.000167	1.000878	-0.341768	
56	1.001288	0.000075	-0.974517	-0.000075	1.001288	-0.533485	
57	1.000796	0.000138	-0.835384	-0.000138	1.000796	-0.269672	
58	1.000834	0.000101	-0.880564	-0.000101	1.000834	-0.292008	
59	1.000971	0.000050	-0.937019	-0.000050	1.000971	-0.459147	
60	1.001045	0.000041	-1.003679	-0.000041	1.001045	-0.466181	
61	1.001350	0.000016	-1.165285	-0.000016	1.001350	-0.587523	
62	1.000888	0.000067	-0.945214	-0.000067	1.000888	-0.241375	
63	1.000872	0.000056	-0.904101	-0.000056	1.000872	-0.226667	
64	1.000880	-0.000016	-0.856342	0.000016	1.000880	-0.299885	
65	1.000904	-0.000009	-0.919232	0.000009	1.000904	-0.278281	
66	1.001544	-0.000294	-1.120076	0.000294	1.001544	-0.959412	
67	1.000869	-0.000234	-0.692530	0.000234	1.000869	-0.640335	
68	1.001064	-0.000241	-0.930538	0.000241	1.001064	-0.710893	
69	1.000954	-0.000219	-0.779000	0.000219	1.000954	-0.638669	
70	1.000838	-0.000324	-0.691544	0.000324	1.000838	-0.698501	
71	1.001248	-0.000219	-0.944858	0.000219	1.001248	-0.836181	
72	1.000878	-0.000278	-0.647404	0.000278	1.000878	-0.643634	
73	1.000792	-0.000194	-0.555711	0.000194	1.000792	-0.557408	
74	1.000842	-0.000139	-0.571627	0.000139	1.000842	-0.514549	
75	1.000792	-0.000178	-0.492338	0.000178	1.000792	-0.525941	
76	1.001236	-0.000270	-0.826881	0.000270	1.001236	-0.878610	
77	1.000780	-0.000148	-0.595582	0.000148	1.000780	-0.543497	
78	1.000777	-0.000183	-0.540366	0.000183	1.000777	-0.588912	
79	1.000744	-0.000202	-0.493222	0.000202	1.000744	-0.631648	
80	1.000811	-0.000206	-0.615500	0.000206	1.000811	-0.592532	
81	1.001388	-0.000171	-0.844121	0.000171	1.001388	-0.906583	
82	1.000957	-0.000157	-0.644781	0.000157	1.000957	-0.648775	
83	1.000836	-0.000151	-0.539849	0.000151	1.000836	-0.555383	
84	1.000861	-0.000151	-0.625904	0.000151	1.000861	-0.538238	
85	1.000851	-0.000067	-0.584071	0.000067	1.000851	-0.401257	
86	1.001133	-0.000103	-0.676841	0.000103	1.001133	-0.715446	
87	1.000832	-0.000112	-0.508700	0.000112	1.000832	-0.509885	
88	1.000789	-0.000169	-0.394148	0.000169	1.000789	-0.659487	
89	1.000810	-0.000094	-0.427021	0.000094	1.000810	-0.620127	
90	1.000670	-0.000168	-0.212486	0.000168	1.000670	-0.628299	
91	1.000965	-0.000291	-0.262334	0.000291	1.000965	-0.903722	
92	1.000872	-0.000182	-0.386230	0.000182	1.000872	-0.615366	
93	1.000815	-0.000125	-0.361247	0.000125	1.000815	-0.582985	
94	1.000877	-0.000179	-0.394412	0.000179	1.000877	-0.627048	
95	1.000855	-0.000144	-0.377542	0.000144	1.000855	-0.594795	
96	1.001139	-0.000311	-0.115380	0.000311	1.001139	-1.011064	
97	1.000803	-0.000273	-0.151270	0.000273	1.000803	-0.676344	
98	1.000714	-0.000343	0.184161	0.000343	1.000714	-0.755179	
99	1.000844	-0.000512	0.303658	0.000512	1.000844	-1.022543	
100	1.000811	-0.000539	0.452902	0.000539	1.000811	-0.970867	
101	1.001196	-0.001117	1.039922	0.001117	1.001196	-1.521249	
102	1.000792	-0.000518	0.486200	0.000518	1.000792	-0.769131	
103	1.001405	-0.000583	0.036860	0.000583	1.001405	-1.123673	
104	1.000422	-0.000535	0.559192	0.000535	1.000422	-0.610122	
105	1.000597	-0.000627	0.399503	0.000627	1.000597	-0.823032	
106	1.000722	-0.001135	1.284008	0.001135	1.000722	-1.431122	
107	1.000333	-0.000531	0.683077	0.000531	1.000333	-0.627612	
108	1.000303	-0.000498	0.680881	0.000498	1.000303	-0.537663	
109	1.000300	-0.000539	0.782358	0.000539	1.000300	-0.499744	
110	1.000236	-0.000580	0.777005	0.000580	1.000236	-0.458597	
111	1.000228	-0.001054	1.665386	0.001054	1.000228	-0.890334	
112	1.000213	-0.000508	0.799888	0.000508	1.000213	-0.479437	
113	1.000150	-0.000483	0.808322	0.000483	1.000150	-0.450838	
114	1.000118	-0.000462	0.779350	0.000462	1.000118	-0.443253	
115	1.000160	-0.000447	0.710423	0.000447	1.000160	-0.475817	
116	1.000016	-0.000922	1.629953	0.000922	1.000016	-0.744052	
117	1.000325	-0.000407	0.520029	0.000407	1.000325	-0.472597	
118	1.000158	-0.000369	0.702639	0.000369	1.000158	-0.374638	
119	1.000246	-0.000407	0.695197	0.000407	1.000246	-0.438346	
120	1.000166	-0.000441	0.803396	0.000441	1.000166	-0.462688	
121	1.000011	-0.000840	1.785128	0.000840	1.000011	-0.694999	
122	1.000268	-0.000501	0.864919	0.000501	1.000268	-0.508493	
123	1.000262	-0.000529	0.900482	0.000529	1.000262	-0.504189	
124	1.000282	-0.000454	0.858163	0.000454	1.000282	-0.443716	
125	1.000197	-0.000362	0.869364	0.000362	1.000197	-0.351943	
126	0.999264	-0.000945	2.478142	0.000945	0.999264	-0.321668	
127	0.999863	-0.000419	1.136999	0.000419	0.999863	-0.228872	
128	0.999705	-0.000395	1.164582	0.000395	0.999705	-0.066396	
129	0.999386	-0.000461	1.530356	0.000461	0.999386	0.040940	
130	0.999556	-0.000508	1.390025	0.000508	0.999556	-0.136771	
131	0.998607	-0.001079	3.150118	0.001079	0.998607	-0.133584	
132	0.999284	-0.000514	1.672234	0.000514	0.999284	-0.032644	
133	0.999504	-0.000508	1.383172	0.000508	0.999504	-0.118202	
134	0.999308	-0.000487	1.571906	0.000487	0.999308	-0.016733	
135	0.999224	-0.000531	1.633781	0.000531	0.999224	-0.057898	
136	0.998556	-0.001025	3.147817	0.001025	0.998556	-0.141664	
137	0.999380	-0.000506	1.431393	0.000506	0.999380	-0.103847	
138	0.999284	-0.000478	1.465079	0.000478	0.999284	-0.071847	
139	0.999377	-0.000483	1.294241	0.000483	0.999377	-0.096242	
140	0.999453	-0.000415	1.129788	0.000415	0.999453	-0.091497	
141	0.999317	-0.000373	1.177267	0.000373	0.999317	-0.015920	
142	0.997960	-0.000822	2.805960	0.000822	0.997960	0.282550	
143	0.999111	-0.000266	1.188057	0.000266	0.999111	0.252763	
144	0.998896	-0.000311	1.367864	0.000311	0.998896	0.309032	
145	0.999043	-0.000364	1.332385	0.000364	0.999043	0.234845	
146	0.999136	-0.000380	1.326706	0.000380	0.999136	0.107376	
147	0.997802	-0.000821	3.063988	0.000821	0.997802	0.405528	
148	0.998899	-0.000421	1.651120	0.000421	0.998899	0.186059	
149	0.998885	-0.000449	1.747767	0.000449	0.998885	0.229114	
150	0.998894	-0.000513	1.805949	0.000513	0.998894	0.138670	
151	0.998852	-0.000575	1.891343	0.000575	0.998852	0.060784	
152	0.997926	-0.000997	3.589098	0.000997	0.997926	0.212285	
153	0.998996	-0.000545	1.882111	0.000545	0.998996	-0.024930	
154	0.998946	-0.000618	1.949214	0.000618	0.998946	-0.065237	
155	0.998835	-0.000544	2.012449	0.000544	0.998835	0.048016	
156	0.998805	-0.000625	2.083908	0.000625	0.998805	0.018057	
157	0.997834	-0.001252	3.993046	0.001252	0.997834	-0.132382	
158	0.998979	-0.000678	1.986697	0.000678	0.998979	-0.142465	
159	0.998866	-0.000666	2.086230	0.000666	0.998866	-0.050041	
160	0.998842	-0.000692	2.118840	0.000692	0.998842	-0.104191	
161	0.998916	-0.000697	2.060753	0.000697	0.998916	-0.149547	
162	0.996881	-0.001190	4.823953	0.001190	0.996881	0.116179	
163	0.998904	-0.000615	1.967869	0.000615	0.998904	-0.021260	
164	0.998944	-0.000617	1.940265	0.000617	0.998944	-0.008399	
165	0.998988	-0.000609	1.889704	0.000609	0.998988	-0.029645	
166	0.998974	-0.000590	1.876222	0.000590	0.998974	0.004644	
167	0.998382	-0.001175	3.464677	0.001175	0.998382	-0.225084	
168	0.999269	-0.000584	1.676783	0.000584	0.999269	-0.136544	
169	0.999198	-0.000572	1.703207	0.000572	0.999198	-0.073157	
170	0.999150	-0.000571	1.710637	0.000571	0.999150	-0.045615	
171	0.999223	-0.000559	1.644053	0.000559	0.999223	-0.091642	
172	0.998657	-0.001246	3.119417	0.001246	0.998657	-0.390874	
173	0.999306	-0.000618	1.602073	0.000618	0.999306	-0.253127	
174	0.999268	-0.000596	1.663384	0.000596	0.999268	-0.226712	
175	0.999164	-0.000607	1.814188	0.000607	0.999164	-0.151566	
176	0.999180	-0.000625	1.815010	0.000625	0.999180	-0.143570	
177	0.998824	-0.001278	3.176470	0.001278	0.998824	-0.468550	
178	0.999199	-0.000601	1.802942	0.000601	0.999199	-0.181289	
179	0.999247	-0.000577	1.696771	0.000577	0.999247	-0.251142	
180	0.999191	-0.000531	1.676107	0.000531	0.999191	-0.208122	
181	0.999273	-0.000532	1.515550	0.000532	0.999273	-0.207997	
182	0.998843	-0.001160	2.602219	0.001160	0.998843	-0.594353	
183	0.999242	-0.000635	1.526650	0.000635	0.999242	-0.337823	
184	0.999180	-0.000652	1.557176	0.000652	0.999180	-0.312865	
185	0.999280	-0.000633	1.419734	0.000633	0.999280	-0.317396	
186	0.999238	-0.000586	1.506151	0.000586	0.999238	-0.242220	
187	0.998733	-0.001150	2.668798	0.001150	0.998733	-0.386794	
188	0.999484	-0.000597	1.262879	0.000597	0.999484	-0.266017	
189	0.999472	-0.000594	1.362177	0.000594	0.999472	-0.264029	
190	0.999447	-0.000575	1.409858	0.000575	0.999447	-0.245217	
191	0.999465	-0.000614	1.385587	0.000614	0.999465	-0.262759	
192	0.998971	-0.001269	2.732126	0.001269	0.998971	-0.517500	
193	0.999511	-0.000624	1.377373	0.000624	0.999511	-0.219023	
194	0.999723	-0.000616	1.229251	0.000616	0.999723	-0.330923	
195	0.999522	-0.000614	1.343686	0.000614	0.999522	-0.196058	
196	0.999297	-0.000602	1.467704	0.000602	0.999297	-0.063010	
197	0.999127	-0.001189	2.577736	0.001189	0.999127	-0.353010	
198	0.999436	-0.000540	1.352493	0.000540	0.999436	-0.010619	
199	0.999641	-0.000529	1.195581	0.000529	0.999641	-0.146248	
200	0.999558	-0.000542	1.236893	0.000542	0.999558	-0.122901	
201	0.999457	-0.000516	1.251243	0.000516	0.999457	-0.026725	
202	0.999034	-0.001052	2.298127	0.001052	0.999034	-0.251070	
203	0.999474	-0.000522	1.182503	0.000522	0.999474	-0.098859	
204	0.999520	-0.000539	1.204736	0.000539	0.999520	-0.141530	
205	0.999643	-0.000631	1.223688	0.000631	0.999643	-0.309678	
206	0.999668	-0.000643	1.208385	0.000643	0.999668	-0.312935	
207	0.999087	-0.001314	2.635581	0.001314	0.999087	-0.448180	
208	0.999462	-0.000692	1.409663	0.000692	0.999462	-0.205187	
209	0.999523	-0.000678	1.317807	0.000678	0.999523	-0.249525	
210	0.999664	-0.000626	1.150606	0.000626	0.999664	-0.321246	
211	0.999394	-0.000581	1.305825	0.000581	0.999394	-0.162451	
212	0.999148	-0.000867	1.899205	0.000867	0.999148	-0.296881	
213	0.999513	-0.000298	0.818906	0.000298	0.999513	-0.046839	
214	0.999455	-0.000182	0.694227	0.000182	0.999455	0.058621	
215	0.999476	-0.000095	0.529392	0.000095	0.999476	0.072055	
216	0.999511	-0.000091	0.510505	0.000091	0.999511	0.036426	
217	0.999033	-0.000222	1.066095	0.000222	0.999033	-0.053133	
218	0.999427	-0.000011	0.420875	0.000011	0.999427	0.126860	
219	0.999417	0.000043	0.329307	-0.000043	0.999417	0.220279	
220	0.999406	0.000087	0.326868	-0.000087	0.999406	0.293376	
221	0.999315	0.000072	0.403714	-0.000072	0.999315	0.311224	
222	0.999014	0.000189	0.287270	-0.000189	0.999014	0.435644	
223	0.999506	0.000190	0.030946	-0.000190	0.999506	0.260671	
224	0.999428	0.000213	0.082855	-0.000213	0.999428	0.263832	
225	0.999436	0.000301	0.023035	-0.000301	0.999436	0.245170	
226	0.999419	0.000345	-0.034985	-0.000345	0.999419	0.261180	
227	0.998845	0.000751	-0.164194	-0.000751	0.998845	0.582574	
228	0.999395	0.000335	0.135466	-0.000335	0.999395	0.231990	
229	0.999266	0.000162	0.469027	-0.000162	0.999266	0.177082	
230	0.999121	0.000076	0.603503	-0.000076	0.999121	0.229144	
231	0.999158	-0.000013	0.578870	0.000013	0.999158	0.148851	
232	0.997954	-0.000160	1.574360	0.000160	0.997954	0.434621	
233	0.998714	-0.000051	0.954079	0.000051	0.998714	0.360092	
234	0.998833	-0.000068	0.834970	0.000068	0.998833	0.220049	
235	0.999190	-0.000079	0.773131	0.000079	0.999190	0.171899	
236	0.998747	-0.000076	0.998634	0.000076	0.998747	0.272564	
237	0.997142	-0.000189	2.205041	0.000189	0.997142	0.573602	
238	0.998786	0.000118	0.906349	-0.000118	0.998786	0.429458	
239	0.998279	0.000185	1.016434	-0.000185	0.998279	0.691766	
240	0.998466	0.000190	0.898115	-0.000190	0.998466	0.605689	
241	0.998438	0.000226	0.871122	-0.000226	0.998438	0.620536	
242	0.997016	0.000131	1.951829	-0.000131	0.997016	0.988673	
243	0.998606	-0.000077	0.926424	0.000077	0.998606	0.361137	
244	0.998621	-0.000168	1.071308	0.000168	0.998621	0.261089	
245	0.998951	-0.000487	1.146445	0.000487	0.998951	-0.037816	
246	0.998492	-0.000337	1.265180	0.000337	0.998492	0.188098	
247	0.997130	-0.000509	2.507283	0.000509	0.997130	0.339033	
248	0.998407	-0.000303	1.413391	0.000303	0.998407	0.119657	
249	0.998572	-0.000467	1.489210	0.000467	0.998572	-0.054215	
250	0.998369	-0.000345	1.475780	0.000345	0.998369	0.080112	
251	0.998391	-0.000556	1.744274	0.000556	0.998391	0.043800	
252	0.997148	-0.001213	3.680478	0.001213	0.997148	0.042805	
253	0.998216	-0.000642	2.086944	0.000642	0.998216	0.201785	
254	0.998040	-0.000631	2.227725	0.000631	0.998040	0.347873	
255	0.998356	-0.000540	1.969901	0.000540	0.998356	0.207745	
256	0.998455	-0.000642	2.062421	0.000642	0.998455	0.071990	
257	0.996861	-0.001449	4.395320	0.001449	0.996861	0.052546	
258	0.998618	-0.000741	2.076820	0.000741	0.998618	-0.120179	
259	0.998561	-0.000765	2.162135	0.000765	0.998561	-0.120542	
260	0.998672	-0.000822	2.093250	0.000822	0.998672	-0.265393	
261	0.998889	-0.000844	1.986088	0.000844	0.998889	-0.436799	
262	0.997415	-0.001727	4.480958	0.001727	0.997415	-0.613103	
263	0.998753	-0.000988	2.317845	0.000988	0.998753	-0.391267	
264	0.998677	-0.000992	2.429990	0.000992	0.998677	-0.355824	
265	0.998647	-0.001004	2.499135	0.001004	0.998647	-0.358595	
266	0.998667	-0.001006	2.506053	0.001006	0.998667	-0.376665	
267	0.997585	-0.002334	5.371787	0.002334	0.997585	-1.090935	
268	0.998930	-0.001151	2.500965	0.001151	0.998930	-0.738721	
269	0.998628	-0.001217	2.732345	0.001217	0.998628	-0.632530	
270	0.999025	-0.001233	2.473417	0.001233	0.999025	-0.855705	
271	0.998905	-0.001328	2.739097	0.001328	0.998905	-0.812768	
272	0.995100	-0.001469	8.955981	0.001469	0.995100	-0.768621	
273	0.998980	-0.001514	3.049508	0.001514	0.998980	-0.958733	
274	0.999051	-0.001599	3.098806	0.001599	0.999051	-1.062970	
275	0.998983	-0.001598	3.330067	0.001598	0.998983	-1.010156	
276	0.998903	-0.001692	3.432927	0.001692	0.998903	-1.091132	
277	1.006947	-0.004114	0.490452	0.004114	1.006947	-6.570367	
278	0.999263	-0.001897	3.486630	0.001897	0.999263	-1.419170	
279	0.999715	-0.001965	3.308231	0.001965	0.999715	-1.755791	
280	0.998686	-0.002020	4.229714	0.002020	0.998686	-1.336118	
281	1.000236	-0.002053	3.036135	0.002053	1.000236	-2.026950	
282	1.009759	-0.005323	0.308760	0.005323	1.009759	-8.597336	
283	0.999465	-0.002258	3.844380	0.002258	0.999465	-1.790027	
284	0.999451	-0.002243	3.960473	0.002243	0.999451	-1.713533	
285	0.999363	-0.002351	4.193101	0.002351	0.999363	-1.758987	
286	0.999325	-0.002495	4.426248	0.002495	0.999325	-1.830429	
287	0.990246	-0.009683	14.875988	0.009683	0.990246	-1.406779	
288	1.000579	-0.002809	3.379918	0.002809	1.000579	-2.502260	
289	0.999554	-0.003376	5.184104	0.003376	0.999554	-2.117380	
290	0.999843	-0.002835	4.191993	0.002835	0.999843	-2.075693	
291	0.998164	-0.002756	5.672638	0.002756	0.998164	-1.406974	
292	0.999650	-0.001111	13.205660	0.001111	0.999650	-2.481999	
293	0.999344	-0.003251	5.682841	0.003251	0.999344	-1.909582	
294	0.996772	-0.002259	6.506785	0.002259	0.996772	-0.633018	
295	0.998950	-0.002498	5.437275	0.002498	0.998950	-1.319672	
296	0.998943	-0.002554	5.548349	0.002554	0.998943	-1.410933	
297	0.999833	-0.000827	11.712964	0.000827	0.999833	-1.829079	
298	0.998598	-0.002063	5.197947	0.002063	0.998598	-1.169926	
299	0.999045	-0.002567	5.362076	0.002567	0.999045	-1.477760	
300	0.998571	-0.002168	5.300217	0.002168	0.998571	-1.183450	
301	0.997006	-0.002059	6.097216	0.002059	0.997006	-0.577605	
302	0.991028	-0.008251	14.961031	0.008251	0.991028	-0.961729	
303	0.997727	-0.001771	6.337569	0.001771	0.997727	-1.149767	
304	0.997852	-0.002242	6.130733	0.002242	0.997852	-1.286201	
305	0.999437	-0.003057	5.726009	0.003057	0.999437	-2.060236	
306	0.998105	-0.002442	6.087977	0.002442	0.998105	-1.479256	
307	1.000930	-0.003812	4.942762	0.003812	1.000930	-2.974464	
308	0.990043	-0.007775	16.843220	0.007775	0.990043	-0.953063	
309	0.996207	-0.003048	7.009754	0.003048	0.996207	-0.542872	
310	0.994946	-0.002276	8.001513	0.002276	0.994946	-0.293919	
311	0.999870	-0.003827	6.605416	0.003827	0.999870	-2.262840	
312	0.994796	-0.002880	7.924738	0.002880	0.994796	-0.150650	
313	0.999283	-0.001253	15.242824	0.001253	0.999283	-0.413312	
314	0.997155	-0.001998	8.435368	0.001998	0.997155	0.214179	
315	0.994496	-0.004731	9.350647	0.004731	0.994496	0.387899	
316	0.994523	-0.002474	8.696118	0.002474	0.994523	0.811566	
317	0.994255	-0.003136	8.835069	0.003136	0.994255	0.660576	
318	0.998556	-0.001690	17.453899	0.001690	0.998556	-0.052780	
319	0.993645	-0.003356	9.642690	0.003356	0.993645	0.450504	
320	0.993953	-0.006046	10.516457	0.006046	0.993953	-0.536482	
321	0.994052	-0.006121	10.787306	0.006121	0.994052	-0.750011	
322	0.993795	-0.005775	11.016541	0.005775	0.993795	-0.597081	
323	0.998976	-0.001607	18.165578	0.001607	0.998976	-0.660032	
324	0.999186	-0.001587	9.318775	0.001587	0.999186	-0.496409	
325	0.993673	-0.001871	10.942976	0.001871	0.993673	0.438690	
326	0.992790	-0.005807	12.706403	0.005807	0.992790	-0.380060	
327	0.992149	0.000554	11.635116	-0.000554	0.992149	1.583864	
328	0.998395	-0.002268	22.496684	0.002268	0.998395	-0.969331	
329	0.991305	-0.008801	14.648479	0.008801	0.991305	-0.622015	
330	0.991629	-0.006932	14.927661	0.006932	0.991629	-0.580676	
331	0.990105	-0.006872	15.125573	0.006872	0.990105	0.381432	
332	0.994380	-0.013379	14.201025	0.013379	0.994380	-2.614821	
333	0.998963	-0.002616	24.326427	0.002616	0.998963	0.538419	
334	0.990387	-0.008564	15.712300	0.008564	0.990387	-0.481231	
335	0.991084	0.001519	13.734840	-0.001519	0.991084	3.129357	
336	0.993079	-0.006739	14.801771	0.006739	0.993079	-1.390750	
337	0.998429	-0.001275	11.870325	0.001275	0.998429	-0.321461	
338	0.998361	-0.001978	23.329525	0.001978	0.998361	-0.965055	
339	1.002089	-0.009829	10.699243	0.009829	1.002089	-5.213382	
340	1.000961	-0.012975	10.831268	0.012975	1.000961	-6.573313	
341	0.991389	0.001714	13.260308	-0.001714	0.991389	2.841689	
342	0.996688	-0.010606	11.887691	0.010606	0.996688	-4.885932	
343	0.998831	-0.002564	20.515463	0.002564	0.998831	-0.980589	
344	0.992935	0.001010	11.661872	-0.001010	0.992935	2.103091	
345	0.995512	-0.006292	11.584436	0.006292	0.995512	-2.645502	
346	0.994221	-0.003097	11.029490	0.003097	0.994221	-0.634451	
347	1.003729	-0.007631	6.318590	0.007631	1.003729	-5.920759	
348	0.999237	-0.001812	17.768610	0.001812	0.999237	-1.223245	
349	1.003590	-0.007867	6.638675	0.007867	1.003590	-5.428360	
350	0.996282	-0.006622	10.551410	0.006622	0.996282	-2.914970	
351	0.998111	-0.008019	9.946708	0.008019	0.998111	-4.373978	
352	0.995588	-0.006708	11.480670	0.006708	0.995588	-3.016336	
353	0.999588	-0.001952	17.658144	0.001952	0.999588	-1.307198	
354	1.004429	-0.008074	6.061004	0.008074	1.004429	-6.481748	
355	1.000282	-0.007327	7.649497	0.007327	1.000282	-4.223938	
356	1.004240	-0.007089	5.393638	0.007089	1.004240	-5.580882	
357	0.994438	-0.002389	9.831815	0.002389	0.994438	-0.100318	
358	0.998818	-0.001377	17.015540	0.001377	0.998818	-0.654102	
359	0.995510	-0.003394	9.372401	0.003394	0.995510	-1.183463	
360	1.000524	-0.006426	6.868247	0.006426	1.000524	-4.386161	
361	0.997462	-0.003669	7.135965	0.003669	0.997462	-1.300067	
362	1.004351	-0.006592	4.808530	0.006592	1.004351	-5.514828	
363	0.999520	-0.001943	16.207177	0.001943	0.999520	-0.908754	
364	0.994835	-0.002181	9.776138	0.002181	0.994835	-0.287657	
365	0.996620	-0.002936	8.127315	0.002936	0.996620	-1.092047	
366	1.003174	-0.005996	4.605392	0.005996	1.003174	-5.592958	
367	1.000339	-0.006607	7.096672	0.006607	1.000339	-4.878974	
368	1.000473	-0.000947	14.795138	0.000947	1.000473	-0.605885	
369	0.998817	-0.003284	6.825599	0.003284	0.998817	-1.885348	
370	1.003492	-0.005790	4.378212	0.005790	1.003492	-5.314794	
371	1.003927	-0.005385	4.255946	0.005385	1.003927	-5.117138	
372	1.005530	-0.005173	3.098234	0.005173	1.005530	-5.697206	
373	1.013454	-0.010524	4.990057	0.010524	1.013454	-12.888639	
374	1.003222	-0.003814	4.321278	0.003814	1.003222	-3.542114	
375	0.999828	-0.006323	7.755368	0.006323	0.999828	-5.333857	
376	1.001411	-0.006343	6.020678	0.006343	1.001411	-5.507737	
377	1.004088	-0.004735	3.697450	0.004735	1.004088	-4.691624	
378	0.999950	-0.001485	14.188297	0.001485	0.999950	-0.774700	
379	1.003414	-0.003090	4.036551	0.003090	1.003414	-3.093629	
380	1.004758	-0.004666	3.009783	0.004666	1.004758	-5.010688	
381	1.001173	-0.003411	4.725574	0.003411	1.001173	-2.932999	
382	1.003723	-0.004864	3.495324	0.004864	1.003723	-4.884491	
383	1.012159	-0.008874	4.601879	0.008874	1.012159	-10.523337	
384	1.004389	-0.004118	3.473726	0.004118	1.004389	-4.301781	
385	1.004100	-0.004966	3.286037	0.004966	1.004100	-5.114436	
386	1.002235	-0.004575	4.851203	0.004575	1.002235	-3.774900	
387	1.004448	-0.004506	3.149818	0.004506	1.004448	-4.330602	
388	1.000592	-0.001664	14.118018	0.001664	1.000592	0.061799	
389	1.003597	-0.004940	3.612115	0.004940	1.003597	-4.633916	
390	1.001803	-0.004363	5.004329	0.004363	1.001803	-3.660423	
391	1.002894	-0.004694	3.931622	0.004694	1.002894	-4.559247	
392	0.999130	-0.002676	6.524255	0.002676	0.999130	-1.905143	
393	1.000982	-0.001796	13.487874	0.001796	1.000982	-1.473887	
394	1.003116	-0.003261	4.090435	0.003261	1.003116	-3.226044	
395	1.003905	-0.004698	2.987002	0.004698	1.003905	-4.999297	
396	1.003915	-0.005503	3.252595	0.005503	1.003915	-5.622697	
397	1.003646	-0.004511	3.516790	0.004511	1.003646	-4.245222	
398	1.000964	-0.000990	12.922341	0.000990	1.000964	1.411683	
399	1.002666	-0.004149	3.846088	0.004149	1.002666	-3.192585	
400	1.000956	-0.001087	5.441033	0.001087	1.000956	0.104309	
401	1.003903	-0.003732	2.673753	0.003732	1.003903	-3.208945	
402	1.002021	-0.003115	3.982182	0.003115	1.002021	-2.064195	
403	1.007842	-0.006560	4.437616	0.006560	1.007842	-6.437090	
404	1.000863	-0.002239	3.486301	0.002239	1.000863	-1.526547	
405	1.000811	-0.002305	3.530780	0.002305	1.000811	-1.686416	
406	1.000828	-0.002332	3.604643	0.002332	1.000828	-1.893465	
407	1.001088	-0.002418	3.087575	0.002418	1.001088	-2.187515	
408	1.007054	-0.004884	4.240722	0.004884	1.007054	-5.998325	
409	1.000795	-0.002208	3.513273	0.002208	1.000795	-1.842716	
410	1.000700	-0.002178	3.672514	0.002178	1.000700	-1.721771	
411	1.000706	-0.002168	3.656861	0.002168	1.000706	-1.728126	
412	1.000667	-0.002097	3.627334	0.002097	1.000667	-1.679706	
413	1.002235	-0.007943	9.098516	0.007943	1.002235	-7.719834	
414	1.000731	-0.002144	3.542344	0.002144	1.000731	-1.776701	
415	1.001150	-0.002675	3.530719	0.002675	1.001150	-2.259394	
416	1.000627	-0.002045	3.423372	0.002045	1.000627	-1.621033	
417	1.000717	-0.002035	3.293424	0.002035	1.000717	-1.647640	
418	1.007851	-0.005486	2.703245	0.005486	1.007851	-7.132690	
419	1.000773	-0.002111	3.460043	0.002111	1.000773	-1.835938	
420	1.001207	-0.003025	3.662915	0.003025	1.001207	-2.551812	
421	1.000804	-0.002102	3.506999	0.002102	1.000804	-1.784351	
422	1.000799	-0.002147	3.701641	0.002147	1.000799	-1.747292	
423	1.008781	-0.006006	2.889455	0.006006	1.008781	-7.454831	
424	1.000779	-0.002156	3.704524	0.002156	1.000779	-1.577459	
425	1.001571	-0.002962	3.541480	0.002962	1.001571	-2.316575	
426	1.002144	-0.003059	2.762350	0.003059	1.002144	-2.635856	
427	1.000033	-0.001970	4.214554	0.001970	1.000033	-1.035684	
428	1.000282	-0.000924	11.463518	0.000924	1.000282	0.668243	
429	0.999868	-0.002222	4.384428	0.002222	0.999868	-1.158084	
430	1.000357	-0.002187	4.222513	0.002187	1.000357	-1.353803	
431	1.002195	-0.003432	3.346104	0.003432	1.002195	-3.041673	
432	1.001754	-0.003130	3.787425	0.003130	1.001754	-2.666890	
433	1.001429	-0.001177	10.568390	0.001177	1.001429	-1.266303	
434	1.000470	-0.002152	3.416552	0.002152	1.000470	-1.715218	
435	1.001423	-0.002509	3.460360	0.002509	1.001423	-2.290496	
436	1.000473	-0.001894	3.675220	0.001894	1.000473	-1.538446	
437	1.001017	-0.002348	3.503207	0.002348	1.001017	-1.908666	
438	1.000384	-0.000847	9.204358	0.000847	1.000384	-0.660549	
439	0.999817	-0.001676	3.686994	0.001676	0.999817	-0.990878	
440	0.999676	-0.001793	3.850997	0.001793	0.999676	-0.942616	
441	0.999402	-0.001947	4.062204	0.001947	0.999402	-0.782343	
442	0.997931	-0.001871	4.523531	0.001871	0.997931	0.198303	
443	0.999675	-0.001000	10.094503	0.001000	0.999675	3.268326	
444	0.999536	-0.002637	4.932259	0.002637	0.999536	0.729286	
445	0.997178	-0.001655	5.444840	0.001655	0.997178	2.314779	
446	1.000045	-0.002560	5.327870	0.002560	1.000045	2.775224	
447	0.999726	-0.000388	5.735932	0.000388	0.999726	5.263066	
448	0.999795	-0.000957	12.915836	0.000957	0.999795	11.824082	
449	1.000697	-0.000176	5.653670	0.000176	1.000697	6.101817	
450	1.002305	-0.000610	4.521100	0.000610	1.002305	4.907973	
451	0.994539	-0.001932	6.307002	0.001932	0.994539	4.567492	
452	1.003290	-0.000718	3.657724	0.000718	1.003290	3.690373	
453	1.007478	-0.000908	7.166216	0.000908	1.007478	6.274643	
454	0.996564	-0.001555	3.990199	0.001555	0.996564	2.916817	
455	0.997728	-0.000215	2.749931	0.000215	0.997728	2.669620	
456	0.998975	-0.002271	3.311272	0.002271	0.998975	1.272468	
457	0.998680	-0.000510	2.550343	0.000510	0.998680	2.002017	
458	1.012015	-0.000449	2.625803	0.000449	1.012015	1.904741	
459	0.998850	-0.000282	2.851701	0.000282	0.998850	1.998850	
460	1.004445	-0.001915	1.888610	0.001915	1.004445	-0.371006	
461	0.998562	-0.000438	2.615644	0.000438	0.998562	1.488543	
462	1.000530	-0.002371	3.267343	0.002371	1.000530	-0.060150	
463	1.012118	-0.000436	3.176235	0.000436	1.012118	0.784962	
464	1.003066	-0.002965	2.600389	0.002965	1.003066	-1.525972	
465	1.005344	-0.002431	1.965045	0.002431	1.005344	-1.483254	
466	1.001914	-0.002600	2.598186	0.002600	1.001914	-1.254826	
467	1.004893	-0.002761	1.795067	0.002761	1.004893	-2.323795	
468	1.010984	-0.004024	2.315440	0.004024	1.010984	-4.831088	
469	1.001428	-0.001798	1.347293	0.001798	1.001428	-1.818114	
470	1.002339	-0.001735	0.853113	0.001735	1.002339	-2.450480	
471	1.002763	-0.001439	0.352609	0.001439	1.002763	-2.553018	
472	1.003242	-0.001242	0.021481	0.001242	1.003242	-2.636086	
473	1.012253	-0.000718	-2.964667	0.000718	1.012253	-7.305809	
474	1.004038	-0.000991	-1.101608	0.000991	1.004038	-3.480964	
475	1.005410	-0.000609	-1.792580	0.000609	1.005410	-4.011488	
476	1.004414	-0.001067	-1.511263	0.001067	1.004414	-4.011525	
477	1.004232	-0.000993	-1.351156	0.000993	1.004232	-3.938763	
478	1.005614	-0.000808	-1.893625	0.000808	1.005614	-4.471584	
479	1.012917	-0.000194	-4.500025	0.000194	1.012917	-8.599129	
480	1.004711	-0.000974	-1.384556	0.000974	1.004711	-3.432467	
481	1.003700	-0.000757	-1.222620	0.000757	1.003700	-2.655669	
482	1.003364	-0.000396	-1.114385	0.000396	1.003364	-1.923046	
483	1.003319	-0.000283	-1.395796	0.000283	1.003319	-1.404814	
484	1.010708	-0.000156	-4.733212	0.000156	1.010708	-4.478938	
485	1.003693	-0.000169	-2.056299	0.000169	1.003693	-2.145002	
486	1.003583	-0.000094	-2.271220	0.000094	1.003583	-2.293410	
487	1.004316	-0.000265	-3.002517	0.000265	1.004316	-2.909551	
488	1.003569	-0.000280	-2.420565	0.000280	1.003569	-2.739960	
489	1.008477	0.000772	-6.182325	-0.000772	1.008477	-5.429809	
490	1.003377	-0.000016	-2.494626	0.000016	1.003377	-2.369939	
491	1.003267	-0.000081	-2.432445	0.000081	1.003267	-2.289745	
492	1.003080	0.000082	-2.358102	-0.000082	1.003080	-1.967746	
493	1.003048	0.000030	-2.407340	-0.000030	1.003048	-1.942025	
494	1.006227	-0.000023	-5.414601	0.000023	1.006227	-4.169344	
495	1.003299	0.000086	-2.919014	-0.000086	1.003299	-2.317239	
496	1.003151	0.000039	-2.884959	-0.000039	1.003151	-2.365925	
497	1.003343	0.000126	-3.320296	-0.000126	1.003343	-2.565457	
498	1.003764	0.000344	-4.175161	-0.000344	1.003764	-2.752726	
499	1.008735	0.000859	-11.171788	-0.000859	1.008735	-5.544966	
500	1.004732	0.000854	-6.924517	-0.000854	1.004732	-2.546144	
501	1.005454	0.001758	-8.251951	-0.001758	1.005454	-2.012934	
502	1.006376	0.004630	-10.239630	-0.004630	1.006376	-1.039931	
503	1.002271	0.005179	-8.864113	-0.005179	1.002271	0.542498	
504	1.004805	0.000239	-22.408268	-0.000239	1.004805	-5.512157	
505	1.008535	0.005325	-14.918267	-0.005325	1.008535	-1.154082	
506	1.000459	0.001043	-11.841155	-0.001043	1.000459	-1.485621	
507	1.000862	0.000585	-12.665861	-0.000585	1.000862	-2.008517	
508	1.011338	0.006535	-16.091153	-0.006535	1.011338	-2.193378	
509	1.000714	0.000271	-29.138960	-0.000271	1.000714	-4.402149	
510	1.002580	0.000035	-1.769111	-0.000035	1.002580	-1.676649	
511	1.003447	-0.000262	-2.931907	0.000262	1.003447	-2.509478	
512	1.001149	0.000003	-0.828859	-0.000003	1.001149	-0.783327	
513	1.003039	-0.000293	-3.085492	0.000293	1.003039	-1.974464	
514	0.999998	0.000151	-0.392020	-0.000151	0.999998	-0.179632	
515	1.000535	0.000691	-1.094928	-0.000691	1.000535	-0.565745	
516	1.002377	0.000598	-2.563234	-0.000598	1.002377	-1.846591	
517	1.001148	0.000784	-1.833523	-0.000784	1.001148	-0.766443	
518	1.000909	0.001048	-1.924634	-0.001048	1.000909	-0.122676	
519	1.000290	0.000225	-0.629891	-0.000225	1.000290	-0.035687	
520	1.000598	0.000485	-1.036739	-0.000485	1.000598	-0.091566	
521	1.003178	0.001305	-3.920505	-0.001305	1.003178	-1.099395	
522	1.000659	0.001377	-1.866140	-0.001377	1.000659	0.081842	
523	1.000778	0.000129	-0.885192	-0.000129	1.000778	-0.632619	
524	0.999839	0.000247	-0.273116	-0.000247	0.999839	-0.013327	
525	1.000561	-0.000035	-0.736842	0.000035	1.000561	-0.450949	
526	0.999757	0.000092	-0.346458	-0.000092	0.999757	0.327717	
527	0.997572	0.001459	-22.518003	-0.001459	0.997572	1.631891	
528	1.000438	0.000582	-0.990361	-0.000582	1.000438	0.083147	
529	1.000101	0.000263	-0.474683	-0.000263	1.000101	-0.211249	
530	0.999606	0.001527	-1.518266	-0.001527	0.999606	1.331010	
531	0.998951	0.000938	-0.382464	-0.000938	0.998951	1.329849	
532	0.999611	0.000351	-0.409815	-0.000351	0.999611	0.433793	
533	0.999750	0.000077	-0.440470	-0.000077	0.999750	0.029475	
534	0.999903	-0.000099	0.017703	0.000099	0.999903	0.014680	
535	1.000103	0.000727	-1.014190	-0.000727	1.000103	0.397744	
536	0.996675	0.001766	-28.166581	-0.001766	0.996675	3.290432	
537	0.997381	0.001822	-29.543101	-0.001822	0.997381	3.010731	
538	0.996833	0.002474	-30.194779	-0.002474	0.996833	3.399570	
539	1.000051	-0.000061	0.007335	0.000061	1.000051	-0.031562	
540	0.996713	0.002295	-29.971506	-0.002295	0.996713	1.473288	
541	0.997623	0.002422	-30.624236	-0.002422	0.997623	1.686864	
542	0.997224	0.002576	-29.936460	-0.002576	0.997224	2.674349	
543	0.998725	0.002684	-30.195880	-0.002684	0.998725	2.446889	
544	0.996777	0.005614	-58.904586	-0.005614	0.996777	5.453786	
545	0.999945	0.001086	-1.469470	-0.001086	0.999945	0.830984	
546	1.000297	0.000282	-0.565066	-0.000282	1.000297	0.124024	
547	1.000022	0.000823	-0.922851	-0.000823	1.000022	0.539409	
548	0.999175	0.002610	-28.018533	-0.002610	0.999175	1.967146	
549	0.999980	0.000262	-0.087448	-0.000262	0.999980	0.193022	
550	1.001863	0.000702	-2.931590	-0.000702	1.001863	-0.718749	
551	0.999675	0.000384	-0.799414	-0.000384	0.999675	0.557198	
552	0.999042	0.002449	-26.682438	-0.002449	0.999042	2.190947	
553	1.000021	0.000345	-0.559089	-0.000345	1.000021	0.034210	
554	1.000141	-0.000110	-0.127248	0.000110	1.000141	-0.265419	
555	0.999851	0.000584	-0.667850	-0.000584	0.999851	0.183847	
556	0.999420	0.000831	-0.887030	-0.000831	0.999420	0.646065	
557	0.999297	0.000616	-0.764796	-0.000616	0.999297	0.785887	
558	0.999079	0.000838	-0.716318	-0.000838	0.999079	1.392944	
559	1.000616	0.000080	-0.700597	-0.000080	1.000616	-0.188211	
560	1.001214	0.002082	-24.453875	-0.002082	1.001214	1.984477	
561	1.012439	0.002377	-27.216283	-0.002377	1.012439	-1.419699	
562	0.999918	0.002063	-24.027309	-0.002063	0.999918	2.513925	
563	1.012082	0.002705	-26.773456	-0.002705	1.012082	-1.851862	
564	0.999613	0.003049	-45.837807	-0.003049	0.999613	2.566757	
565	1.000058	0.000374	-0.982694	-0.000374	1.000058	0.288872	
566	1.000189	0.001118	-1.841036	-0.001118	1.000189	0.858882	
567	1.009945	0.004343	-23.210216	-0.004343	1.009945	-0.770971	
568	1.000354	0.000884	-1.485027	-0.000884	1.000354	0.323432	
569	0.999858	0.000260	-0.094660	-0.000260	0.999858	0.411148	
570	0.999507	0.001022	-0.269997	-0.001022	0.999507	0.919578	
571	1.004329	0.004022	-15.452581	-0.004022	1.004329	0.733587	
572	1.000433	0.001823	-13.235128	-0.001823	1.000433	1.389508	
573	0.998065	0.001705	-0.364967	-0.001705	0.998065	1.922821	
574	0.994657	0.001917	-19.118042	-0.001917	0.994657	3.095466	
575	1.004118	0.003805	-7.604337	-0.003805	1.004118	0.559943	
576	1.003671	0.003073	-6.367975	-0.003073	1.003671	0.315015	
577	1.001935	0.003123	-5.529086	-0.003123	1.001935	1.062935	
578	0.997088	0.003349	-4.546441	-0.003349	0.997088	2.801216	
579	0.993820	0.001145	-8.972012	-0.001145	0.993820	3.061836	
580	1.001258	0.001744	-3.202185	-0.001744	1.001258	0.504193	
581	0.999146	0.001502	-1.832464	-0.001502	0.999146	0.905009	
582	0.998681	0.001096	-0.793966	-0.001096	0.998681	0.749178	
583	0.998312	0.000644	0.090866	-0.000644	0.998312	0.928407	
584	0.995981	0.000587	2.029016	-0.000587	0.995981	2.422355	
585	0.997445	0.000167	2.333805	-0.000167	0.997445	1.573088	
586	0.997580	0.000033	2.318324	-0.000033	0.997580	1.536797	
587	0.997260	-0.000091	2.569155	0.000091	0.997260	1.412681	
588	0.997409	-0.000275	2.615945	0.000275	0.997409	1.087736	
589	0.992956	-0.000829	7.846470	0.000829	0.992956	2.278248	
590	0.997288	-0.000794	3.397905	0.000794	0.997288	0.572312	
591	0.997341	-0.000656	2.930420	0.000656	0.997341	0.936955	
592	0.997086	-0.000368	2.737476	0.000368	0.997086	1.392158	
593	0.997364	-0.000173	2.123017	0.000173	0.997364	1.405528	
594	0.994843	0.000429	3.187707	-0.000429	0.994843	3.299435	
595	0.997270	0.000441	1.349931	-0.000441	0.997270	1.633261	
596	0.997767	0.000412	0.802826	-0.000412	0.997767	1.235364	
597	0.997446	0.000398	1.037080	-0.000398	0.997446	1.290763	
598	0.997388	0.000482	1.137269	-0.000482	0.997388	1.335689	
599	0.996098	0.001024	0.761791	-0.001024	0.996098	2.733126	
600	0.998036	0.000627	0.474036	-0.000627	0.998036	1.610081	
601	0.998067	0.000578	0.412647	-0.000578	0.998067	1.522748	
602	0.998274	0.000596	0.306683	-0.000596	0.998274	1.328488	
603	0.998509	0.000586	0.082364	-0.000586	0.998509	1.078266	
604	0.997737	0.001223	-0.489239	-0.001223	0.997737	1.676253	
605	0.998994	0.000601	-0.169666	-0.000601	0.998994	0.793551	
606	0.999080	0.000618	-0.228500	-0.000618	0.999080	0.793502	
607	0.998807	0.000565	0.029154	-0.000565	0.998807	0.936153	
608	0.998961	0.000472	0.076130	-0.000472	0.998961	0.820114	
609	0.997791	0.000825	-0.229083	-0.000825	0.997791	1.474544	
610	0.998682	0.000441	0.200752	-0.000441	0.998682	0.952307	
611	0.999034	0.000458	-0.015778	-0.000458	0.999034	0.738845	
612	0.998862	0.000428	0.128808	-0.000428	0.998862	0.715795	
613	0.999104	0.000399	0.046784	-0.000399	0.999104	0.565499	
614	0.997886	0.000599	-0.130002	-0.000599	0.997886	0.880063	
615	0.999292	0.000400	-0.164167	-0.000400	0.999292	0.293510	
616	0.999030	0.000434	0.065081	-0.000434	0.999030	0.431041	
617	0.999031	0.000529	-0.098613	-0.000529	0.999031	0.472985	
618	0.999166	0.000603	-0.266579	-0.000603	0.999166	0.425069	
619	0.998159	0.001069	-0.667531	-0.001069	0.998159	0.996247	
620	0.998957	0.000649	-0.255723	-0.000649	0.998957	0.641223	
621	0.999154	0.000673	-0.472147	-0.000673	0.999154	0.529522	
622	0.998960	0.000575	-0.321893	-0.000575	0.998960	0.461097	
623	0.999011	0.000686	-0.501761	-0.000686	0.999011	0.595990	
624	0.996918	0.001712	-1.196540	-0.001712	0.996918	2.071994	
625	0.998901	0.000786	-0.655926	-0.000786	0.998901	0.813380	
626	0.998855	0.000825	-0.754743	-0.000825	0.998855	0.895348	
627	0.998853	0.000756	-0.724115	-0.000756	0.998853	0.786715	
628	0.998880	0.000729	-0.712736	-0.000729	0.998880	0.739846	
629	0.997177	0.001753	-1.466471	-0.001753	0.997177	1.964064	
630	0.998765	0.000648	-0.435160	-0.000648	0.998765	0.638604	
631	0.999305	0.000619	-0.795441	-0.000619	0.999305	0.373443	
632	0.998972	0.000592	-0.611455	-0.000592	0.998972	0.504186	
633	0.999175	0.000644	-0.736933	-0.000644	0.999175	0.497122	
634	0.998667	0.001212	-1.607517	-0.001212	0.998667	1.019040	
635	0.999635	0.000602	-0.972068	-0.000602	0.999635	0.360930	
636	0.999629	0.000569	-0.985712	-0.000569	0.999629	0.274493	
637	0.999664	0.000520	-0.993405	-0.000520	0.999664	0.173034	
638	0.999845	0.000449	-1.132683	-0.000449	0.999845	-0.104149	
639	1.000214	0.000947	-2.539589	-0.000947	1.000214	-0.542587	
640	1.000326	0.000337	-1.335017	-0.000337	1.000326	-0.508719	
641	1.000410	0.000272	-1.346845	-0.000272	1.000410	-0.625175	
642	1.000389	0.000237	-1.295028	-0.000237	1.000389	-0.610484	
643	1.000355	0.000221	-1.198326	-0.000221	1.000355	-0.562055	
644	1.000295	0.000128	-1.077087	-0.000128	1.000295	-0.559042	
645	1.000766	0.000639	-2.252128	-0.000639	1.000766	-0.805865	
646	1.000296	0.000180	-0.968702	-0.000180	1.000296	-0.528482	
647	1.000223	0.000143	-0.855944	-0.000143	1.000223	-0.570963	
648	1.000178	0.000173	-0.758436	-0.000173	1.000178	-0.448879	
649	1.000208	0.000217	-0.788802	-0.000217	1.000208	-0.458798	
650	1.000329	0.000509	-1.484173	-0.000509	1.000329	-0.415901	
651	1.000127	0.000331	-0.816843	-0.000331	1.000127	-0.147440	
652	1.000130	0.000340	-0.803354	-0.000340	1.000130	-0.159288	
653	1.000123	0.000329	-0.769256	-0.000329	1.000123	-0.133757	
654	1.000156	0.000343	-0.775092	-0.000343	1.000156	-0.118689	
655	1.000582	0.000562	-1.663357	-0.000562	1.000582	-0.472795	
656	1.000278	0.000229	-0.760213	-0.000229	1.000278	-0.248603	
657	1.000335	0.000269	-0.826968	-0.000269	1.000335	-0.296117	
658	1.000389	0.000212	-0.860174	-0.000212	1.000389	-0.369873	
659	1.000392	0.000238	-0.907381	-0.000238	1.000392	-0.351731	
660	1.000763	0.000493	-1.716445	-0.000493	1.000763	-0.692942	
661	1.000277	0.000253	-0.840147	-0.000253	1.000277	-0.284161	
662	1.000284	0.000322	-0.891916	-0.000322	1.000284	-0.181216	
663	1.000216	0.000347	-0.838897	-0.000347	1.000216	-0.030971	
664	1.000243	0.000378	-0.896256	-0.000378	1.000243	0.025871	
665	1.000651	0.000635	-1.927249	-0.000635	1.000651	0.016554	
666	1.000226	0.000510	-0.956027	-0.000510	1.000226	0.140024	
667	1.000214	0.000483	-0.872348	-0.000483	1.000214	0.199079	
668	1.000318	0.000466	-0.899788	-0.000466	1.000318	0.145327	
669	1.000342	0.000419	-0.842772	-0.000419	1.000342	0.131123	
670	1.000803	0.000623	-1.995645	-0.000623	1.000803	0.102529	
671	1.000527	0.000444	-1.151061	-0.000444	1.000527	0.300489	
672	1.000383	0.000446	-1.068245	-0.000446	1.000383	0.628683	
673	1.000228	0.000449	-0.837021	-0.000449	1.000228	0.843058	
674	1.000481	0.000396	-0.960591	-0.000396	1.000481	0.626563	
675	1.001507	0.000602	-2.362109	-0.000602	1.001507	0.044483	
676	1.000915	0.000299	-1.232377	-0.000299	1.000915	-0.465636	
677	1.000993	0.000287	-1.169051	-0.000287	1.000993	-0.542084	
678	1.001122	0.000369	-1.258158	-0.000369	1.001122	-0.321183	
679	1.000866	0.000428	-0.993768	-0.000428	1.000866	0.189855	
680	1.001167	0.000674	-1.660278	-0.000674	1.001167	0.805506	
681	1.000704	0.000498	-0.917593	-0.000498	1.000704	0.393619	
682	1.000761	0.000428	-0.823747	-0.000428	1.000761	0.111368	
683	1.000741	0.000324	-0.795831	-0.000324	1.000741	-0.142279	
684	1.000901	0.000351	-0.958225	-0.000351	1.000901	-0.312715	
685	1.001636	0.000375	-1.438472	-0.000375	1.001636	-0.983711	
686	1.000904	0.000236	-0.804636	-0.000236	1.000904	-0.515842	
687	1.000718	0.000282	-0.785932	-0.000282	1.000718	-0.240735	
688	1.000661	0.000352	-0.746854	-0.000352	1.000661	-0.141865	
689	1.000805	0.000335	-0.751416	-0.000335	1.000805	-0.260113	
690	1.001264	0.000375	-1.278794	-0.000375	1.001264	-0.561753	
691	1.000693	0.000079	-0.721061	-0.000079	1.000693	-0.447355	
692	1.000717	0.000140	-0.721773	-0.000140	1.000717	-0.341469	
693	1.000590	0.000142	-0.592770	-0.000142	1.000590	-0.222354	
694	1.000557	0.000165	-0.508646	-0.000165	1.000557	-0.232508	
695	1.001189	0.000339	-1.332584	-0.000339	1.001189	-0.595769	
696	1.000540	0.000372	-0.612616	-0.000372	1.000540	-0.084202	
697	1.000542	0.000479	-0.659936	-0.000479	1.000542	0.008403	
698	1.000457	0.000363	-0.682636	-0.000363	1.000457	-0.024497	
699	1.000377	0.000198	-0.666597	-0.000198	1.000377	-0.146437	
700	1.000787	0.000449	-1.589226	-0.000449	1.000787	-0.223612	
701	1.000266	0.000365	-0.579936	-0.000365	1.000266	-0.071615	
702	1.000355	0.000224	-0.539886	-0.000224	1.000355	-0.381592	
703	1.000275	0.000262	-0.566011	-0.000262	1.000275	-0.181985	
704	1.000236	0.000363	-0.570945	-0.000363	1.000236	-0.039521	
705	1.000656	0.000557	-1.609902	-0.000557	1.000656	0.136022	
706	1.000163	0.000487	-0.415868	-0.000487	1.000163	0.318070	
707	1.000297	0.000451	-0.668669	-0.000451	1.000297	0.128884	
708	1.000323	0.000418	-0.696349	-0.000418	1.000323	0.064601	
709	1.000249	0.000439	-0.586257	-0.000439	1.000249	0.064056	
710	1.000567	0.000558	-1.379656	-0.000558	1.000567	-0.228782	
711	1.000207	0.000414	-0.590377	-0.000414	1.000207	0.038076	
712	1.000229	0.000375	-0.656759	-0.000375	1.000229	0.058463	
713	1.000272	0.000168	-0.568455	-0.000168	1.000272	-0.149521	
714	1.000252	0.000281	-0.462933	-0.000281	1.000252	0.078990	
715	1.000436	0.000125	-0.703932	-0.000125	1.000436	-0.076135	
716	1.000059	0.000227	-0.112379	-0.000227	1.000059	0.136396	
717	0.999958	0.000227	-0.036705	-0.000227	0.999958	0.269287	
718	0.999918	0.000248	-0.005529	-0.000248	0.999918	0.355554	
719	0.999901	0.000295	-0.043032	-0.000295	0.999901	0.417811	
720	0.999820	0.000412	-0.805595	-0.000412	0.999820	0.602335	
721	1.000043	0.000463	-0.661383	-0.000463	1.000043	0.453428	
722	0.999909	0.000514	-0.873131	-0.000514	0.999909	0.520686	
723	1.000159	0.000542	-1.158159	-0.000542	1.000159	0.554918	
724	1.000114	0.000668	-1.358675	-0.000668	1.000114	0.505338	
725	1.000561	0.001703	-4.046337	-0.001703	1.000561	0.609734	
726	1.000425	0.001047	-2.136715	-0.001047	1.000425	0.266206	
727	1.000403	0.001092	-2.330382	-0.001092	1.000403	0.171441	
728	1.000401	0.001134	-2.468371	-0.001134	1.000401	0.273688	
729	1.000260	0.001106	-2.384759	-0.001106	1.000260	0.305958	
730	0.998341	0.002682	-5.027620	-0.002682	0.998341	1.328631	
731	1.000181	0.001272	-2.910347	-0.001272	1.000181	0.516153	
732	1.000086	0.001624	-3.494218	-0.001624	1.000086	0.786008	
733	1.000131	0.001892	-4.159627	-0.001892	1.000131	0.693147	
734	1.000325	0.002122	-4.961737	-0.002122	1.000325	0.655987	
735	0.997545	0.000690	-12.847582	-0.000690	0.997545	-1.768822	
736	0.998586	0.000576	-7.250535	-0.000576	0.998586	-0.810885	
737	0.998801	0.000791	-8.015376	-0.000791	0.998801	-0.671373	
738	0.998658	0.000767	-8.196600	-0.000767	0.998658	-0.910057	
739	0.994781	0.007344	-5.189463	-0.007344	0.994781	5.478187	
740	0.998155	0.001398	-17.292575	-0.001398	0.998155	-1.632719	
741	0.995938	0.006243	-4.951325	-0.006243	0.995938	4.851137	
742	0.997331	0.003607	-5.490863	-0.003607	0.997331	2.516655	
743	0.997280	0.003241	-4.592199	-0.003241	0.997280	2.663254	
744	0.998939	0.003457	-4.600087	-0.003457	0.998939	2.540808	
745	0.993368	0.006124	-3.939725	-0.006124	0.993368	6.600509	
746	0.999667	0.001700	-2.703926	-0.001700	0.999667	1.234406	
747	0.999678	0.001413	-2.161782	-0.001413	0.999678	1.056226	
748	0.999712	0.001307	-1.727952	-0.001307	0.999712	0.960213	
749	0.999901	0.001132	-1.460885	-0.001132	0.999901	0.774069	
750	0.999295	0.001369	-1.661859	-0.001369	0.999295	1.195836	
751	0.999692	0.000507	-0.603478	-0.000507	0.999692	0.485819	
752	0.999836	0.000453	-0.631644	-0.000453	0.999836	0.352308	
753	0.999900	0.000392	-0.543528	-0.000392	0.999900	0.324982	
754	0.999939	0.000336	-0.470941	-0.000336	0.999939	0.252904	
755	0.999725	0.000385	-0.330530	-0.000385	0.999725	0.326345	
756	0.999824	-0.000028	0.181970	0.000028	0.999824	0.106554	
757	0.999834	-0.000021	0.262261	0.000021	0.999834	0.094619	
758	0.999738	-0.000084	0.397400	0.000084	0.999738	0.076889	
759	0.999853	-0.000140	0.490929	0.000140	0.999853	0.068782	
760	0.999992	-0.000517	0.952803	0.000517	0.999992	0.019180	
761	0.999558	-0.000230	1.125869	0.000230	0.999558	0.674628	
762	0.999550	-0.000370	1.292015	0.000370	0.999550	0.849372	
763	0.999339	-0.000380	1.417675	0.000380	0.999339	1.220185	
764	0.998965	-0.000388	1.706621	0.000388	0.998965	1.787664	
765	0.999325	-0.002034	3.008073	0.002034	0.999325	3.726332	
766	0.998660	-0.000504	1.943509	0.000504	0.998660	2.298300	
767	0.998724	-0.000534	1.974273	0.000534	0.998724	2.300009	
768	0.998632	-0.000555	2.059273	0.000555	0.998632	2.314300	
769	0.998752	-0.000558	1.928390	0.000558	0.998752	2.328690	
770	0.996859	-0.003797	4.779089	0.003797	0.996859	2.845382	
771	0.999959	-0.000361	0.709121	0.000361	0.999959	1.819520	
772	0.999920	-0.000252	0.529703	0.000252	0.999920	1.905802	
773	1.000264	-0.000289	0.237260	0.000289	1.000264	1.814550	
774	1.000333	-0.000180	0.083073	0.000180	1.000333	1.808190	
775	0.999147	-0.000106	0.746590	0.000106	0.999147	2.813029	
776	1.000903	-0.000359	-0.164661	0.000359	1.000903	0.930716	
777	1.001016	-0.000107	-0.436944	0.000107	1.001016	1.035619	
778	1.001550	-0.000077	-0.908148	0.000077	1.001550	0.655086	
779	1.001271	-0.000210	-0.566206	0.000210	1.001271	0.513428	
780	1.002101	-0.001277	-0.245850	0.001277	1.002101	0.064674	
781	1.001893	-0.000100	-1.110476	0.000100	1.001893	0.048961	
782	1.001890	-0.000119	-1.068682	0.000119	1.001890	-0.096765	
783	1.002039	-0.000159	-1.073052	0.000159	1.002039	-0.258654	
784	1.002076	-0.000160	-1.078260	0.000160	1.002076	-0.210571	
785	1.003422	-0.000376	-1.892385	0.000376	1.003422	-0.665955	
786	1.002463	-0.000182	-1.332070	0.000182	1.002463	-0.442416	
787	1.002345	-0.000188	-1.285819	0.000188	1.002345	-0.387114	
788	1.002355	-0.000066	-1.389636	0.000066	1.002355	-0.496953	
789	1.002483	-0.000169	-1.392897	0.000169	1.002483	-0.733305	
790	1.003895	0.000000	-2.173002	-0.000000	1.003895	-1.353203	
791	1.002830	0.000249	-1.781593	-0.000249	1.002830	-1.040071	
792	1.002733	0.000300	-1.786781	-0.000300	1.002733	-0.997453	
793	1.002682	0.000224	-1.773208	-0.000224	1.002682	-1.114260	
794	1.003054	0.000143	-2.031409	-0.000143	1.003054	-1.476719	
795	1.004683	-0.000207	-2.905929	0.000207	1.004683	-2.600361	
796	1.002887	0.000072	-1.960219	-0.000072	1.002887	-1.315961	
797	1.003018	0.000074	-2.099062	-0.000074	1.003018	-1.276551	
798	1.002778	0.000077	-1.741296	-0.000077	1.002778	-1.154877	
799	1.002572	-0.000042	-1.361935	0.000042	1.002572	-1.244813	
800	1.005067	-0.000344	-2.827475	0.000344	1.005067	-2.888903	
801	1.002559	-0.000214	-1.274815	0.000214	1.002559	-1.366320	
802	1.002743	0.000073	-1.621422	-0.000073	1.002743	-1.098076	
803	1.002313	-0.000361	-1.011673	0.000361	1.002313	-1.155497	
804	1.002633	-0.000225	-1.448064	0.000225	1.002633	-1.023028	
805	1.003874	-0.000503	-1.788335	0.000503	1.003874	-1.985277	
806	1.002330	0.000069	-1.353689	-0.000069	1.002330	-0.824566	
807	1.002522	0.000038	-1.481351	-0.000038	1.002522	-1.077262	
808	1.002063	-0.000081	-1.062099	0.000081	1.002063	-1.051158	
809	1.002098	-0.000117	-1.172356	0.000117	1.002098	-1.085399	
810	1.002246	-0.000270	-1.265045	0.000270	1.002246	-1.364844	
811	1.004687	-0.000463	-2.527920	0.000463	1.004687	-2.451023	
812	1.002277	-0.000575	-1.141268	0.000575	1.002277	-1.396584	
813	1.002235	-0.000528	-1.154876	0.000528	1.002235	-1.226988	
814	1.002129	-0.000548	-1.115048	0.000548	1.002129	-1.150868	
815	1.002201	-0.000594	-1.165721	0.000594	1.002201	-1.193155	
816	1.004566	-0.000365	-2.651454	0.000365	1.004566	-1.833052	
817	1.002468	-0.000258	-1.733065	0.000258	1.002468	-1.320446	
818	1.002627	-0.000090	-1.991275	0.000090	1.002627	-1.478331	
819	1.003172	-0.000058	-2.590517	0.000058	1.003172	-1.986040	
820	1.002683	0.000312	-2.689628	-0.000312	1.002683	-1.632455	
821	1.003234	0.002149	-5.064862	-0.002149	1.003234	-1.301931	
822	1.002517	0.001177	-4.096520	-0.001177	1.002517	-0.704638	
823	1.002377	0.001269	-4.172191	-0.001269	1.002377	-0.701121	
824	1.002181	0.001556	-4.086104	-0.001556	1.002181	-0.401945	
825	1.001484	0.001864	-3.619601	-0.001864	1.001484	0.029599	
826	1.003904	0.000212	-12.626887	-0.000212	1.003904	-4.840260	
827	0.999221	0.004055	-4.406074	-0.004055	0.999221	2.172231	
828	1.001300	0.004450	-6.149300	-0.004450	1.001300	1.370637	
829	0.996840	0.005480	-4.442974	-0.005480	0.996840	4.127346	
830	0.996280	0.005220	-4.939200	-0.005220	0.996280	3.853050	
831	1.000033	0.000945	-17.302121	-0.000945	1.000033	-2.751836	
832	1.002003	0.002506	-10.269551	-0.002506	1.002003	-0.188123	
833	1.000605	0.000863	-9.417459	-0.000863	1.000605	-1.448429	
834	0.994949	0.006218	-4.926193	-0.006218	0.994949	4.829491	
835	0.996080	0.006627	-5.789922	-0.006627	0.996080	4.139040	
836	1.000614	0.000495	-17.006173	-0.000495	1.000614	-5.215644	
837	0.999882	-0.000042	-8.070500	0.000042	0.999882	-2.986079	
838	0.996393	0.006865	-5.114202	-0.006865	0.996393	5.251085	
839	0.996435	0.006709	-5.876895	-0.006709	0.996435	3.681948	
840	1.000257	0.000308	-7.849981	-0.000308	1.000257	-2.714160	
841	0.999769	0.001486	-14.479474	-0.001486	0.999769	-4.567621	
842	1.001403	-0.001399	-7.078754	0.001399	1.001403	-4.247926	
843	0.998024	0.005125	-5.500818	-0.005125	0.998024	2.080464	
844	1.004952	0.000005	-7.803564	-0.000005	1.004952	-3.336719	
845	0.998333	0.003601	-5.354111	-0.003601	0.998333	0.681944	
846	0.999087	0.000720	-11.350258	-0.000720	0.999087	-4.043014	
847	1.002128	0.000675	-6.210146	-0.000675	1.002128	-1.806158	
848	1.000299	0.002174	-4.442298	-0.002174	1.000299	0.265110	
849	1.000227	0.001898	-3.960383	-0.001898	1.000227	0.361040	
850	1.000269	0.001797	-3.557628	-0.001797	1.000269	0.545832	
851	0.997380	0.003506	-5.838271	-0.003506	0.997380	2.078855	
852	1.000089	0.001368	-2.745840	-0.001368	1.000089	0.586355	
853	1.000063	0.001198	-2.457278	-0.001198	1.000063	0.442371	
854	1.000047	0.001169	-2.276578	-0.001169	1.000047	0.490365	
855	1.000028	0.001022	-2.107039	-0.001022	1.000028	0.565798	
856	0.998149	0.002805	-3.293933	-0.002805	0.998149	2.760138	
857	0.999801	0.000931	-1.876553	-0.000931	0.999801	0.866341	
858	0.999813	0.000836	-1.756544	-0.000836	0.999813	0.808210	
859	0.999883	0.000868	-1.807930	-0.000868	0.999883	0.645005	
860	0.999846	0.000719	-1.738123	-0.000719	0.999846	0.598362	
861	0.999921	0.001364	-2.931066	-0.001364	0.999921	0.870655	
862	0.999883	0.000482	-1.126164	-0.000482	0.999883	0.321945	
863	0.999857	0.000434	-1.024023	-0.000434	0.999857	0.379228	
864	0.999863	0.000307	-0.888483	-0.000307	0.999863	0.392713	
865	0.999861	0.000122	-0.629840	-0.000122	0.999861	0.347727	
866	0.999645	-0.000017	-0.343330	0.000017	0.999645	0.373449	
867	0.999929	-0.000206	-0.076207	0.000206	0.999929	-0.026761	
868	1.000024	-0.000221	-0.018579	0.000221	1.000024	-0.091009	
869	1.000150	-0.000276	-0.067535	0.000276	1.000150	-0.210316	
870	1.000306	-0.000380	-0.109884	0.000380	1.000306	-0.239046	
871	1.000723	-0.000667	-0.091818	0.000667	1.000723	-0.554447	
872	1.000621	-0.000541	-0.201114	0.000541	1.000621	-0.529817	
873	1.000662	-0.000553	-0.204623	0.000553	1.000662	-0.526530	
874	1.000710	-0.000542	-0.258934	0.000542	1.000710	-0.586389	
875	1.000865	-0.000599	-0.386630	0.000599	1.000865	-0.706257	
876	1.001380	-0.000736	-0.398911	0.000736	1.001380	-1.185850	
877	1.001023	-0.000604	-0.534359	0.000604	1.001023	-0.782017	
878	1.001095	-0.000523	-0.648479	0.000523	1.001095	-0.744127	
879	1.001138	-0.000456	-0.693301	0.000456	1.001138	-0.739704	
880	1.001173	-0.000433	-0.715055	0.000433	1.001173	-0.748456	
881	1.001668	-0.000711	-0.712444	0.000711	1.001668	-1.403932	
882	1.001151	-0.000469	-0.593464	0.000469	1.001151	-0.885661	
883	1.001241	-0.000531	-0.540512	0.000531	1.001241	-1.027238	
884	1.001081	-0.000567	-0.345346	0.000567	1.001081	-0.921043	
885	1.000922	-0.000572	-0.169050	0.000572	1.000922	-0.767142	
886	1.001801	-0.001273	0.285175	0.001273	1.001801	-1.807266	
887	1.000922	-0.000759	0.216539	0.000759	1.000922	-0.966016	
888	1.000922	-0.000793	0.297448	0.000793	1.000922	-1.023484	
889	1.000991	-0.000834	0.410731	0.000834	1.000991	-1.154625	
890	1.001050	-0.000853	0.488069	0.000853	1.001050	-1.109827	
891	1.001776	-0.001613	1.317777	0.001613	1.001776	-1.922735	
892	1.001078	-0.000816	0.265642	0.000816	1.001078	-0.897110	
893	1.001052	-0.000845	0.260137	0.000845	1.001052	-0.903772	
894	1.001134	-0.000854	0.272875	0.000854	1.001134	-1.079198	
895	1.001213	-0.000974	0.155543	0.000974	1.001213	-1.281943	
896	1.001549	-0.001749	1.600247	0.001749	1.001549	-2.230334	
897	1.000957	-0.001197	0.538784	0.001197	1.000957	-1.383006	
898	1.000966	-0.001154	0.811457	0.001154	1.000966	-1.397353	
899	1.001245	-0.001344	0.902574	0.001344	1.001245	-1.723160	
900	1.000908	-0.001345	1.319720	0.001345	1.000908	-1.536863	
