0	1.000000	0.000000	0.000000	0.000000	1.000000	0.000000	
1	0.997950	-0.000508	9.384180	0.000508	0.997950	0.516159	
2	1.000014	-0.001669	7.439091	0.001669	1.000014	-0.873545	
3	0.998981	-0.000566	8.672259	0.000566	0.998981	0.044205	
4	0.997676	-0.001867	18.704349	0.001867	0.997676	-0.074153	
5	1.001052	-0.001770	6.760087	0.001770	1.001052	-1.283978	
6	0.998683	-0.000626	9.029593	0.000626	0.998683	0.210653	
7	0.999001	-0.000598	9.139489	0.000598	0.999001	0.169709	
8	0.999409	-0.000719	8.715167	0.000719	0.999409	-0.115400	
9	0.999193	-0.001573	17.687244	0.001573	0.999193	-0.387809	
10	0.999367	-0.000796	8.595405	0.000796	0.999367	-0.003136	
11	1.000024	-0.000382	8.383557	0.000382	1.000024	-0.036598	
12	1.000179	-0.000448	7.926435	0.000448	1.000179	-0.150343	
13	1.000341	-0.000352	8.313765	0.000352	1.000341	-0.090055	
14	0.999983	-0.001907	17.829850	0.001907	0.999983	-0.876633	
15	1.000651	-0.000434	8.003718	0.000434	1.000651	-0.265149	
16	1.000360	-0.000579	8.216519	0.000579	1.000360	-0.277313	
17	1.000089	-0.000642	8.730995	0.000642	1.000089	-0.284021	
18	1.000626	-0.000655	8.208547	0.000655	1.000626	-0.538863	
19	1.000679	-0.002198	17.743327	0.002198	1.000679	-1.545939	
20	0.999909	-0.000680	8.684062	0.000680	0.999909	-0.266891	
21	0.999980	-0.000940	8.621363	0.000940	0.999980	-0.470791	
22	0.999729	-0.000712	8.885481	0.000712	0.999729	-0.210481	
23	0.999795	-0.000697	8.744342	0.000697	0.999795	-0.207543	
24	0.999419	-0.000775	8.671111	0.000775	0.999419	-0.003046	
25	0.998422	-0.001895	18.682387	0.001895	0.998422	-0.388400	
26	0.998592	-0.000985	9.142859	0.000985	0.998592	0.032736	
27	1.000131	-0.000577	7.804143	0.000577	1.000131	-0.206188	
28	1.000530	-0.000394	7.557126	0.000394	1.000530	-0.279390	
29	0.999161	-0.000631	8.755205	0.000631	0.999161	0.062411	
30	0.997557	-0.001818	18.872057	0.001818	0.997557	0.071120	
31	0.999219	-0.000587	8.822020	0.000587	0.999219	0.117572	
32	0.999286	-0.000771	8.934367	0.000771	0.999286	-0.021596	
33	0.999057	-0.000913	8.794864	0.000913	0.999057	-0.155327	
34	0.999156	-0.000832	8.917184	0.000832	0.999156	-0.080415	
35	0.997949	-0.001793	19.251063	0.001793	0.997949	-0.071075	
36	0.998935	-0.000925	9.263546	0.000925	0.998935	-0.089294	
37	1.000600	-0.001055	7.803958	0.001055	1.000600	-0.589316	
38	0.999593	-0.000680	8.651636	0.000680	0.999593	-0.177204	
39	0.998663	-0.001121	9.005607	0.001121	0.998663	-0.136396	
40	0.997464	-0.001951	18.837081	0.001951	0.997464	-0.280363	
41	0.999102	-0.000798	8.189566	0.000798	0.999102	-0.145355	
42	0.998266	-0.000735	9.021526	0.000735	0.998266	0.254517	
43	0.997734	-0.000972	9.134322	0.000972	0.997734	0.272911	
44	0.998085	-0.000741	8.648951	0.000741	0.998085	0.371846	
45	0.998950	-0.001345	16.156055	0.001345	0.998950	-0.218530	
46	0.999452	-0.001300	6.961616	0.001300	0.999452	-0.520835	
47	0.999224	-0.000910	7.152999	0.000910	0.999224	-0.220985	
48	0.999102	-0.001243	7.199912	0.001243	0.999102	-0.225300	
49	0.998870	-0.000995	7.234081	0.000995	0.998870	-0.078542	
50	0.999341	-0.001247	14.591173	0.001247	0.999341	-0.260323	
51	0.998942	-0.001498	6.612273	0.001498	0.998942	-0.411210	
52	1.000172	-0.000960	5.740154	0.000960	1.000172	-0.471099	
53	0.999095	-0.001250	6.556643	0.001250	0.999095	-0.334603	
54	0.999630	-0.001640	5.706141	0.001640	0.999630	-0.734497	
55	0.999524	-0.000913	12.303617	0.000913	0.999524	-0.033306	
56	0.998851	-0.001923	4.683513	0.001923	0.998851	-0.544154	
57	0.999214	-0.001770	5.022180	0.001770	0.999214	-0.563465	
58	0.997331	-0.001791	5.128435	0.001791	0.997331	-0.013236	
59	0.999092	-0.001588	4.835657	0.001588	0.999092	-0.518394	
60	0.998981	-0.000624	10.402995	0.000624	0.998981	0.227102	
61	0.999493	-0.001532	4.108200	0.001532	0.999493	-0.687202	
62	0.999160	-0.001442	4.105345	0.001442	0.999160	-0.505826	
63	0.998979	-0.001589	4.153369	0.001589	0.998979	-0.480282	
64	0.998874	-0.001720	4.802992	0.001720	0.998874	-0.424997	
65	0.998399	-0.000649	10.622225	0.000649	0.998399	0.375334	
66	0.999250	-0.001718	4.445318	0.001718	0.999250	-0.697317	
67	0.999283	-0.001639	4.604564	0.001639	0.999283	-0.645746	
68	0.998660	-0.001531	4.705330	0.001531	0.998660	-0.334413	
69	0.999786	-0.001598	3.311219	0.001598	0.999786	-0.789811	
70	0.996116	-0.001358	10.627670	0.001358	0.996116	0.812521	
71	0.998457	-0.001468	4.096476	0.001468	0.998457	-0.258670	
72	0.998279	-0.001460	4.371620	0.001460	0.998279	-0.172519	
73	0.997982	-0.001313	4.455406	0.001313	0.997982	0.035403	
74	0.998639	-0.001520	3.942357	0.001520	0.998639	-0.202288	
75	0.995907	-0.000781	10.394978	0.000781	0.995907	1.349191	
76	0.998651	-0.001338	4.188826	0.001338	0.998651	-0.139762	
77	0.999308	-0.001430	3.415120	0.001430	0.999308	-0.331960	
78	0.998147	-0.001423	3.978778	0.001423	0.998147	-0.030550	
79	0.998271	-0.001304	4.099579	0.001304	0.998271	-0.035272	
80	0.997047	-0.001339	8.780119	0.001339	0.997047	0.222004	
81	0.998623	-0.001189	3.577521	0.001189	0.998623	-0.224576	
82	0.998546	-0.001203	3.583324	0.001203	0.998546	-0.103332	
83	0.998934	-0.001205	3.028524	0.001205	0.998934	-0.325449	
84	0.999107	-0.001215	2.955626	0.001215	0.999107	-0.231635	
85	0.997656	-0.001854	6.719567	0.001854	0.997656	-0.073293	
86	0.998241	-0.000765	3.279618	0.000765	0.998241	0.214613	
87	0.998371	-0.001041	3.078900	0.001041	0.998371	0.004169	
88	0.998004	-0.001148	3.454201	0.001148	0.998004	-0.221501	
89	0.998265	-0.001113	3.223589	0.001113	0.998265	-0.234527	
90	0.999026	-0.002374	5.779755	0.002374	0.999026	-1.148235	
91	0.999368	-0.001295	2.547953	0.001295	0.999368	-0.435783	
92	0.999699	-0.001229	2.306546	0.001229	0.999699	-0.367003	
93	1.000000	-0.001213	1.976633	0.001213	1.000000	-0.510756	
94	0.999460	-0.001287	2.610289	0.001287	0.999460	-0.327249	
95	1.001643	-0.002945	3.944066	0.002945	1.001643	-2.049860	
96	0.999691	-0.001318	2.402908	0.001318	0.999691	-0.445885	
97	0.999599	-0.001349	2.530836	0.001349	0.999599	-0.376751	
98	0.999664	-0.001310	2.421590	0.001310	0.999664	-0.454930	
99	0.999827	-0.001482	2.433157	0.001482	0.999827	-0.639028	
100	0.999126	-0.002373	5.024045	0.002373	0.999126	-0.640689	
101	0.999488	-0.001366	2.500782	0.001366	0.999488	-0.410307	
102	0.999475	-0.001182	2.202109	0.001182	0.999475	-0.248392	
103	0.999568	-0.000932	1.932333	0.000932	0.999568	-0.129216	
104	0.999599	-0.000857	1.758020	0.000857	0.999599	-0.088134	
105	0.999406	-0.001743	3.815911	0.001743	0.999406	-0.448815	
106	0.999559	-0.000549	1.349497	0.000549	0.999559	0.028867	
107	0.999651	-0.000604	1.286263	0.000604	0.999651	-0.026764	
108	0.999623	-0.000501	1.212470	0.000501	0.999623	-0.014932	
109	0.999608	-0.000422	1.079943	0.000422	0.999608	0.018650	
110	0.999424	-0.000928	2.237589	0.000928	0.999424	-0.048198	
111	0.999554	-0.000332	0.959235	0.000332	0.999554	0.093199	
112	0.999652	-0.000379	0.959670	0.000379	0.999652	0.053738	
113	0.999589	-0.000292	0.890103	0.000292	0.999589	0.111334	
114	0.999534	-0.000354	1.035350	0.000354	0.999534	0.162971	
115	0.999166	-0.000955	2.467208	0.000955	0.999166	0.087973	
116	0.999323	-0.000450	1.281354	0.000450	0.999323	0.237770	
117	0.999470	-0.000310	0.887787	0.000310	0.999470	0.398722	
118	0.998923	-0.000640	1.874823	0.000640	0.998923	0.320185	
119	0.999346	-0.000525	1.429074	0.000525	0.999346	0.338501	
120	0.998912	-0.001102	2.955434	0.001102	0.998912	0.476065	
121	0.999371	-0.000557	1.372414	0.000557	0.999371	0.237809	
122	0.999358	-0.000606	1.408340	0.000606	0.999358	0.210831	
123	0.999352	-0.000612	1.426851	0.000612	0.999352	0.138086	
124	0.999383	-0.000618	1.396263	0.000618	0.999383	0.112152	
125	0.998905	-0.001043	2.776839	0.001043	0.998905	0.258320	
126	0.999412	-0.000493	1.283378	0.000493	0.999412	0.195733	
127	0.999322	-0.000519	1.378292	0.000519	0.999322	0.233834	
128	0.999412	-0.000542	1.380610	0.000542	0.999412	0.153411	
129	0.999375	-0.000503	1.303993	0.000503	0.999375	0.148601	
130	0.998780	-0.000971	2.770935	0.000971	0.998780	0.272913	
131	0.999355	-0.000463	1.312613	0.000463	0.999355	0.190958	
132	0.999253	-0.000487	1.411690	0.000487	0.999253	0.231836	
133	0.999525	-0.000503	1.362610	0.000503	0.999525	0.142172	
134	0.999174	-0.000513	1.387674	0.000513	0.999174	0.238515	
135	0.999006	-0.000980	2.585600	0.000980	0.999006	0.145645	
136	0.999296	-0.000379	1.206869	0.000379	0.999296	0.249162	
137	0.999537	-0.000363	1.015282	0.000363	0.999537	0.112437	
138	0.999907	-0.000314	0.688254	0.000314	0.999907	-0.078121	
139	1.000479	-0.000295	0.335676	0.000295	1.000479	-0.323463	
140	1.000428	-0.000690	1.083058	0.000690	1.000428	-0.517226	
141	1.000276	-0.000287	0.357616	0.000287	1.000276	-0.238207	
142	0.999986	-0.000316	0.579302	0.000316	0.999986	-0.124746	
143	1.000038	-0.000309	0.546979	0.000309	1.000038	-0.109484	
144	1.000475	-0.000363	0.296643	0.000363	1.000475	-0.376348	
145	1.000928	-0.000444	0.406856	0.000444	1.000928	-0.751937	
146	1.000584	-0.000317	0.232647	0.000317	1.000584	-0.434226	
147	1.000753	-0.000377	0.208207	0.000377	1.000753	-0.564469	
148	1.000303	-0.000331	0.446139	0.000331	1.000303	-0.316869	
149	1.000173	-0.000370	0.619677	0.000370	1.000173	-0.229915	
150	1.001275	-0.000792	0.630838	0.000792	1.001275	-0.914443	
151	1.000465	-0.000416	0.411415	0.000416	1.000465	-0.364173	
152	1.000487	-0.000418	0.419274	0.000418	1.000487	-0.362898	
153	1.000623	-0.000376	0.315314	0.000376	1.000623	-0.465166	
154	1.000715	-0.000371	0.242674	0.000371	1.000715	-0.432670	
155	1.001227	-0.000701	0.471151	0.000701	1.001227	-0.792309	
156	1.000230	-0.000398	0.561811	0.000398	1.000230	-0.206458	
157	1.000250	-0.000418	0.656730	0.000418	1.000250	-0.226645	
158	1.000396	-0.000427	0.515827	0.000427	1.000396	-0.326908	
159	1.000334	-0.000494	0.624371	0.000494	1.000334	-0.334907	
160	1.001057	-0.000945	0.966186	0.000945	1.001057	-0.862372	
161	1.000289	-0.000508	0.647006	0.000508	1.000289	-0.443947	
162	1.000278	-0.000397	0.684694	0.000397	1.000278	-0.371276	
163	1.000138	-0.000314	0.712923	0.000314	1.000138	-0.266661	
164	1.000017	-0.000434	0.900332	0.000434	1.000017	-0.184905	
165	1.000146	-0.000586	1.291038	0.000586	1.000146	-0.282921	
166	0.999731	-0.000314	0.946672	0.000314	0.999731	-0.043802	
167	0.999640	-0.000334	0.915730	0.000334	0.999640	-0.035112	
168	0.999630	-0.000398	0.936462	0.000398	0.999630	-0.106020	
169	0.999478	-0.000397	0.990824	0.000397	0.999478	-0.042874	
170	0.999912	-0.000845	1.432646	0.000845	0.999912	-0.461409	
171	0.999573	-0.000503	1.015087	0.000503	0.999573	-0.009739	
172	0.999607	-0.000462	1.098219	0.000462	0.999607	0.004928	
173	0.999525	-0.000280	0.914260	0.000280	0.999525	0.063328	
174	0.999715	-0.000377	0.886440	0.000377	0.999715	0.003133	
175	0.999702	-0.000720	1.451697	0.000720	0.999702	-0.120204	
176	0.999839	-0.000398	0.772016	0.000398	0.999839	-0.090686	
177	0.999940	-0.000458	0.749803	0.000458	0.999940	-0.130789	
178	0.999759	-0.000449	0.838831	0.000449	0.999759	-0.077855	
179	1.000062	-0.000344	0.566994	0.000344	1.000062	-0.226353	
180	1.000150	-0.000629	1.091342	0.000629	1.000150	-0.372794	
181	1.000022	-0.000187	0.596565	0.000187	1.000022	-0.123426	
182	1.000056	-0.000113	0.539446	0.000113	1.000056	-0.072557	
183	1.000009	-0.000196	0.670341	0.000196	1.000009	-0.096528	
184	1.000028	-0.000241	0.681525	0.000241	1.000028	-0.119205	
185	0.999652	-0.000554	1.329233	0.000554	0.999652	-0.010849	
186	0.999931	-0.000236	0.737560	0.000236	0.999931	-0.005384	
187	1.000023	-0.000240	0.724251	0.000240	1.000023	-0.091607	
188	0.999847	-0.000202	0.807606	0.000202	0.999847	0.033599	
189	0.999872	-0.000250	0.764317	0.000250	0.999872	0.011999	
190	0.999904	-0.000092	0.750322	0.000092	0.999904	0.053246	
191	0.999540	-0.000385	1.333432	0.000385	0.999540	0.269271	
192	1.000034	-0.000174	0.701240	0.000174	1.000034	-0.014768	
193	0.999895	-0.000258	0.807462	0.000258	0.999895	0.102609	
194	0.999914	-0.000163	0.771914	0.000163	0.999914	0.071386	
195	0.999885	-0.000220	0.860522	0.000220	0.999885	0.108836	
196	0.999610	-0.000760	1.835600	0.000760	0.999610	0.203254	
197	0.999777	-0.000490	1.293206	0.000490	0.999777	0.139825	
198	0.999828	-0.000629	1.475833	0.000629	0.999828	0.082709	
199	1.000006	-0.000736	1.574857	0.000736	1.000006	-0.020251	
200	0.999867	-0.000676	1.702180	0.000676	0.999867	0.045218	
201	0.999934	-0.001470	3.106515	0.001470	0.999934	-0.231789	
202	1.000547	-0.000784	1.425025	0.000784	1.000547	-0.438853	
203	1.000273	-0.000599	1.446447	0.000599	1.000273	-0.292462	
204	1.000365	-0.000711	1.498644	0.000711	1.000365	-0.367119	
205	1.000289	-0.000775	1.629233	0.000775	1.000289	-0.308755	
206	0.999869	-0.001655	3.350963	0.001655	0.999869	-0.553403	
207	0.999425	-0.000825	2.116309	0.000825	0.999425	0.056563	
208	0.999544	-0.000850	1.999955	0.000850	0.999544	-0.002861	
209	0.999568	-0.000782	1.817933	0.000782	0.999568	-0.000934	
210	0.999507	-0.000711	1.827970	0.000711	0.999507	0.080355	
211	0.998552	-0.001528	3.756488	0.001528	0.998552	0.137042	
212	0.999395	-0.000708	1.857956	0.000708	0.999395	0.058073	
213	0.999319	-0.000799	1.981432	0.000799	0.999319	-0.064357	
214	0.999257	-0.000899	2.198715	0.000899	0.999257	-0.236399	
215	0.999155	-0.000917	2.455382	0.000917	0.999155	-0.261787	
216	0.998825	-0.001996	4.637557	0.001996	0.998825	-1.100578	
217	0.998869	-0.000994	2.684138	0.000994	0.998869	-0.344790	
218	0.999035	-0.001063	2.768965	0.001063	0.999035	-0.426540	
219	0.999263	-0.001117	2.686498	0.001117	0.999263	-0.481117	
220	0.999444	-0.001204	2.650572	0.001204	0.999444	-0.572274	
221	0.999279	-0.002545	5.264218	0.002545	0.999279	-1.250108	
222	0.999666	-0.001157	2.431663	0.001157	0.999666	-0.633042	
223	0.999557	-0.000941	2.267926	0.000941	0.999557	-0.475315	
224	0.999726	-0.000936	2.116468	0.000936	0.999726	-0.533727	
225	0.999644	-0.000796	1.885433	0.000796	0.999644	-0.371515	
226	0.999938	-0.001595	2.990463	0.001595	0.999938	-1.011957	
227	0.999757	-0.000545	1.264636	0.000545	0.999757	-0.237189	
228	0.999787	-0.000439	1.059779	0.000439	0.999787	-0.195082	
229	0.999810	-0.000400	0.869264	0.000400	0.999810	-0.172744	
230	0.999934	-0.000442	0.797125	0.000442	0.999934	-0.242328	
231	0.999864	-0.000783	1.132342	0.000783	0.999864	-0.399778	
232	0.999880	-0.000308	0.440495	0.000308	0.999880	-0.101408	
233	0.999799	-0.000212	0.294008	0.000212	0.999799	0.026342	
234	0.999728	-0.000182	0.320054	0.000182	0.999728	0.131277	
235	0.999764	-0.000166	0.281120	0.000166	0.999764	0.094912	
236	0.999892	-0.000458	0.392467	0.000458	0.999892	0.055857	
237	1.000198	-0.000299	0.226018	0.000299	1.000198	-0.084789	
238	0.999971	-0.000328	0.513015	0.000328	0.999971	0.134801	
239	1.000014	-0.000386	0.627512	0.000386	1.000014	0.183375	
240	1.000329	-0.000495	0.566375	0.000495	1.000329	0.048659	
241	1.001886	-0.001194	0.846415	0.001194	1.001886	-0.168179	
242	1.001557	-0.000657	0.212266	0.000657	1.001557	-0.188468	
243	1.001822	-0.000766	0.173703	0.000766	1.001822	-0.209307	
244	1.002363	-0.000821	-0.052573	0.000821	1.002363	-0.327740	
245	1.002814	-0.000824	-0.247763	0.000824	1.002814	-0.304698	
246	1.009254	-0.000824	-1.955145	0.000824	1.009254	0.042905	
247	1.003129	-0.000809	-0.399796	0.000809	1.003129	0.031962	
248	1.003732	-0.000789	-0.727472	0.000789	1.003732	-0.148642	
249	1.004557	-0.000713	-1.211884	0.000713	1.004557	-0.326274	
250	1.004737	-0.000685	-1.272201	0.000685	1.004737	-0.239409	
251	1.012260	0.000104	-3.663301	-0.000104	1.012260	0.600318	
252	1.005686	-0.000589	-1.782812	0.000589	1.005686	-0.318023	
253	1.005835	-0.000662	-1.741530	0.000662	1.005835	-0.244883	
254	1.005003	-0.000501	-1.383442	0.000501	1.005003	-0.040485	
255	1.004527	-0.000089	-1.774805	0.000089	1.004527	0.363423	
256	1.016927	-0.000146	-6.884305	0.000146	1.016927	-0.686038	
257	1.006379	-0.000346	-2.474959	0.000346	1.006379	-0.701414	
258	1.007518	-0.000476	-2.877795	0.000476	1.007518	-1.036454	
259	1.006612	-0.000354	-2.543774	0.000354	1.006612	-0.899605	
260	1.006112	-0.000104	-2.562033	0.000104	1.006112	-0.610828	
261	1.014456	-0.000449	-5.579802	0.000449	1.014456	-0.874529	
262	1.007043	-0.000227	-3.068708	0.000227	1.007043	-1.335106	
263	1.010196	-0.000279	-4.717531	0.000279	1.010196	-2.470342	
264	1.006320	-0.000322	-2.493578	0.000322	1.006320	-1.209555	
265	1.007336	-0.000365	-3.190513	0.000365	1.007336	-1.580746	
266	1.019624	-0.000471	-9.484893	0.000471	1.019624	-3.909748	
267	1.008814	-0.000156	-4.320059	0.000156	1.008814	-2.255044	
268	1.008123	-0.000063	-4.156960	0.000063	1.008123	-2.067177	
269	1.007910	-0.000029	-4.168158	0.000029	1.007910	-2.111383	
270	1.009057	0.000043	-4.890574	-0.000043	1.009057	-2.641668	
271	1.019768	0.000104	-10.612453	-0.000104	1.019768	-4.921298	
272	1.007221	0.000121	-3.771980	-0.000121	1.007221	-2.134303	
273	1.004403	0.000123	-2.167450	-0.000123	1.004403	-1.174148	
274	1.001491	0.000011	-0.355689	-0.000011	1.001491	-0.119226	
275	1.000503	0.000084	0.303084	-0.000084	1.000503	0.242524	
276	0.999471	-0.000118	1.568426	0.000118	0.999471	0.557232	
277	0.999772	-0.000051	0.626695	0.000051	0.999772	0.121374	
278	0.999827	0.000001	0.201543	-0.000001	0.999827	0.047069	
279	0.999754	-0.000084	0.166197	0.000084	0.999754	-0.043848	
280	0.999851	0.000053	-0.127878	-0.000053	0.999851	-0.109264	
281	0.999305	0.000062	0.043754	-0.000062	0.999305	-0.154610	
282	0.999425	-0.000170	0.418798	0.000170	0.999425	-0.055622	
283	0.997159	-0.000236	1.562107	0.000236	0.997159	0.955950	
284	0.993404	-0.000442	4.229957	0.000442	0.993404	2.599105	
285	0.993104	-0.000361	4.287624	0.000361	0.993104	2.763606	
286	0.987488	-0.000132	7.318162	0.000132	0.987488	4.867849	
287	0.994340	-0.000193	3.555738	0.000193	0.994340	2.189612	
288	0.994190	-0.000026	3.709544	0.000026	0.994190	2.192149	
289	0.993042	-0.000154	4.402995	0.000154	0.993042	2.585973	
290	0.992142	-0.000195	5.117525	0.000195	0.992142	2.916360	
291	0.982748	-0.000435	10.413714	0.000435	0.982748	6.301264	
292	0.996941	-0.000173	1.929888	0.000173	0.996941	1.240728	
293	0.999903	0.000012	-0.301382	-0.000012	0.999903	0.062048	
294	1.000368	-0.000093	-0.359518	0.000093	1.000368	-0.108275	
295	1.000668	-0.000146	-0.643490	0.000146	1.000668	-0.275761	
296	1.000260	-0.000174	-0.938389	0.000174	1.000260	-0.433956	
297	1.000567	-0.000060	-0.979788	0.000060	1.000567	-0.396869	
298	1.000334	0.000103	-1.056518	-0.000103	1.000334	-0.428556	
299	1.000710	0.000267	-1.536548	-0.000267	1.000710	-0.493926	
300	1.000662	0.000270	-1.694038	-0.000270	1.000662	-0.647210	
301	1.001675	0.001298	-4.602005	-0.001298	1.001675	-1.964277	
302	1.000576	0.000706	-2.815137	-0.000706	1.000576	-1.049435	
303	1.001389	0.000518	-3.144218	-0.000518	1.001389	-1.494668	
304	1.001414	0.000605	-3.491761	-0.000605	1.001414	-1.653631	
305	1.001212	0.000372	-3.144173	-0.000372	1.001212	-1.780962	
306	0.998477	0.000502	-6.049506	-0.000502	0.998477	-3.114114	
307	0.999747	0.000792	-3.111186	-0.000792	0.999747	-1.141265	
308	0.999955	0.000896	-3.371193	-0.000896	0.999955	-1.297524	
309	0.999894	0.000877	-3.331309	-0.000877	0.999894	-1.187046	
310	0.999242	0.001048	-3.246443	-0.001048	0.999242	-0.800518	
311	0.993127	0.000920	-5.076752	-0.000920	0.993127	-0.998295	
312	0.997101	0.001021	-2.324339	-0.001021	0.997101	0.178035	
313	0.996137	0.000882	-2.559529	-0.000882	0.996137	0.189336	
314	0.996916	0.001198	-2.853578	-0.001198	0.996916	0.403369	
315	0.996217	0.001007	-3.339488	-0.001007	0.996217	0.106069	
316	0.992949	0.000771	-10.235167	-0.000771	0.992949	-1.907595	
317	0.997631	0.000671	-6.373820	-0.000671	0.997631	-1.045595	
318	0.997356	0.001162	-7.004795	-0.001162	0.997356	-0.723732	
319	0.997235	0.000651	-7.761104	-0.000651	0.997235	-0.971635	
320	0.997700	0.000854	-8.845109	-0.000854	0.997700	-1.041246	
321	0.993343	0.001496	-19.368230	-0.001496	0.993343	-1.876848	
322	0.997369	0.001090	-11.152426	-0.001090	0.997369	-0.647106	
323	0.998833	0.000799	-12.478173	-0.000799	0.998833	-1.200748	
324	0.999736	0.001120	-13.459114	-0.001120	0.999736	-1.391642	
325	0.999339	0.002306	-14.190980	-0.002306	0.999339	-0.670801	
326	0.997480	0.002539	-29.609960	-0.002539	0.997480	-1.384955	
327	0.997038	0.001380	-14.934447	-0.001380	0.997038	0.070033	
328	0.995744	0.001564	-14.799327	-0.001564	0.995744	0.651563	
329	0.997540	0.001359	-15.854977	-0.001359	0.997540	0.212851	
330	1.001488	0.001554	-17.843825	-0.001554	1.001488	-1.060604	
331	0.998260	0.002504	-37.498584	-0.002504	0.998260	-1.271859	
332	0.999391	0.001551	-19.457325	-0.001551	0.999391	-0.406915	
333	0.999508	0.001945	-19.405587	-0.001945	0.999508	-0.170239	
334	0.999192	0.001596	-19.583130	-0.001596	0.999192	-0.230699	
335	1.000523	0.001708	-20.571909	-0.001708	1.000523	-0.678850	
336	0.999034	0.001582	-41.043638	-0.001582	0.999034	-1.615104	
337	0.999990	0.001730	-20.606254	-0.001730	0.999990	-0.228978	
338	0.998938	0.001661	-20.056749	-0.001661	0.998938	0.092567	
339	0.998133	0.001818	-19.222424	-0.001818	0.998133	0.733488	
340	0.997525	0.001709	-19.543708	-0.001709	0.997525	0.672868	
341	1.000409	0.002520	-42.937394	-0.002520	1.000409	-0.980484	
342	1.000419	0.001903	-21.290915	-0.001903	1.000419	0.039804	
343	1.000729	0.002125	-21.597605	-0.002125	1.000729	-0.096372	
344	1.000962	0.001277	-21.862841	-0.001277	1.000962	-0.555611	
345	1.000584	0.001775	-21.946432	-0.001775	1.000584	-0.014862	
346	0.995229	0.003533	-41.800170	-0.003533	0.995229	2.354532	
347	1.000210	0.001825	-21.830894	-0.001825	1.000210	0.594081	
348	0.997794	0.002074	-20.231287	-0.002074	0.997794	1.611994	
349	0.996045	0.002160	-19.104810	-0.002160	0.996045	2.487491	
350	0.996382	0.002118	-19.014344	-0.002118	0.996382	2.434594	
351	1.000591	0.002917	-43.273021	-0.002917	1.000591	1.266403	
352	1.001918	0.002068	-21.662030	-0.002068	1.001918	0.287500	
353	1.001163	0.002130	-20.739441	-0.002130	1.001163	0.750780	
354	1.000594	0.002066	-20.404701	-0.002066	1.000594	0.977087	
355	0.999801	0.002187	-19.913321	-0.002187	0.999801	1.452816	
356	0.997395	0.002068	-17.813798	-0.002068	0.997395	2.376292	
357	0.992354	0.003621	-33.676419	-0.003621	0.992354	5.687931	
358	0.996639	0.001981	-15.890001	-0.001981	0.996639	2.927004	
359	0.997372	0.002225	-16.375835	-0.002225	0.997372	2.753018	
360	0.998436	0.001794	-16.462891	-0.001794	0.998436	1.971612	
361	0.997725	0.001795	-15.252623	-0.001795	0.997725	2.251688	
362	0.996022	0.003799	-30.923244	-0.003799	0.996022	4.279031	
363	0.998653	0.001583	-14.746022	-0.001583	0.998653	1.616815	
364	0.998676	0.001669	-14.803296	-0.001669	0.998676	1.752458	
365	0.999437	0.001533	-14.889331	-0.001533	0.999437	1.421087	
366	0.999489	0.001725	-15.327751	-0.001725	0.999489	1.640432	
367	0.998095	0.003786	-30.112203	-0.003786	0.998095	3.882842	
368	0.999436	0.001864	-14.926384	-0.001864	0.999436	1.673935	
369	0.999310	0.001702	-14.757258	-0.001702	0.999310	1.572954	
370	0.999358	0.001752	-14.440201	-0.001752	0.999358	1.559859	
371	0.999977	0.001375	-14.482541	-0.001375	0.999977	1.086957	
372	1.000343	0.002923	-29.016307	-0.002923	1.000343	2.018888	
373	0.999808	0.001351	-13.310042	-0.001351	0.999808	1.233157	
374	1.000819	0.001217	-13.387202	-0.001217	1.000819	0.853300	
375	1.000353	0.001083	-12.498303	-0.001083	1.000353	0.921819	
376	1.000224	0.001071	-12.351835	-0.001071	1.000224	0.975214	
377	1.000192	0.002374	-23.556563	-0.002374	1.000192	2.099687	
378	0.999967	0.000846	-10.945739	-0.000846	0.999967	0.836800	
379	0.999928	0.000894	-10.417071	-0.000894	0.999928	0.849947	
380	0.999964	0.000808	-9.676378	-0.000808	0.999964	0.787035	
381	0.999947	0.000636	-9.608702	-0.000636	0.999947	0.657484	
382	0.999653	0.002255	-18.991807	-0.002255	0.999653	1.866053	
383	1.000002	0.001130	-8.946200	-0.001130	1.000002	0.921858	
384	0.998923	0.001554	-8.071796	-0.001554	0.998923	1.735970	
385	1.000156	0.001201	-9.116919	-0.001201	1.000156	1.009619	
386	0.999535	0.000873	-8.435106	-0.000873	0.999535	1.044024	
387	0.999384	0.001989	-17.676863	-0.001989	0.999384	2.149750	
388	0.999878	0.000965	-8.582813	-0.000965	0.999878	1.021455	
389	1.000228	0.000749	-7.657760	-0.000749	1.000228	0.881775	
390	0.999445	0.000727	-7.932966	-0.000727	0.999445	1.041644	
391	0.999104	0.000798	-7.383481	-0.000798	0.999104	1.261222	
392	0.999704	0.001695	-15.883069	-0.001695	0.999704	2.208980	
393	1.000781	0.000994	-7.383155	-0.000994	1.000781	0.868272	
394	0.999569	0.000672	-6.812435	-0.000672	0.999569	1.142795	
395	1.000812	0.001300	-5.528275	-0.001300	1.000812	0.965338	
396	0.999631	0.000776	-6.226538	-0.000776	0.999631	1.183501	
397	0.999826	0.001522	-13.463681	-0.001522	0.999826	1.793335	
398	1.001046	0.001788	-5.368972	-0.001788	1.001046	0.973003	
399	1.000954	0.001081	-6.047037	-0.001081	1.000954	0.596898	
400	0.999122	0.001261	-4.834602	-0.001261	0.999122	1.289390	
401	0.998864	0.000904	-5.053185	-0.000904	0.998864	1.211124	
402	0.999687	0.001678	-13.695676	-0.001678	0.999687	1.983137	
403	0.995600	0.000892	-1.834614	-0.000892	0.995600	2.659922	
404	0.993987	0.000857	-0.560725	-0.000857	0.993987	3.231252	
405	0.996188	0.001607	-2.312415	-0.001607	0.996188	3.127578	
406	0.994566	0.001941	-1.179988	-0.001941	0.994566	4.104267	
407	0.999111	0.001958	-14.359553	-0.001958	0.999111	3.143952	
408	0.996535	0.001667	-3.213318	-0.001667	0.996535	3.004796	
409	0.999832	0.000730	-6.253017	-0.000730	0.999832	1.206248	
410	0.999000	0.000908	-5.201213	-0.000908	0.999000	1.525402	
411	1.000136	0.001333	-5.949601	-0.001333	1.000136	1.371589	
412	1.003228	0.001063	-16.089949	-0.001063	1.003228	0.942536	
413	0.996970	0.000567	-2.224272	-0.000567	0.996970	2.158951	
414	1.001870	0.000725	-7.188192	-0.000725	1.001870	0.591054	
415	0.996284	0.001110	-1.273852	-0.001110	0.996284	2.720127	
416	0.995904	0.001155	-0.731244	-0.001155	0.995904	2.850661	
417	1.002580	0.000841	-14.501320	-0.000841	1.002580	1.023680	
418	1.000350	0.001191	-5.415905	-0.001191	1.000350	1.354897	
419	0.996034	0.001239	-0.972906	-0.001239	0.996034	3.004373	
420	0.999008	0.001292	-3.794420	-0.001292	0.999008	1.811726	
421	1.000087	0.001441	-4.942647	-0.001441	1.000087	1.493735	
422	1.001552	0.000197	-11.353225	-0.000197	1.001552	0.669666	
423	1.000428	0.001177	-4.872924	-0.001177	1.000428	1.057297	
424	0.999894	0.001138	-4.358435	-0.001138	0.999894	1.177264	
425	1.001044	0.001132	-5.562484	-0.001132	1.001044	0.871871	
426	1.000930	0.001191	-5.031257	-0.001191	1.000930	0.777587	
427	1.003960	0.000388	-13.061818	-0.000388	1.003960	-0.377782	
428	1.000180	0.001162	-4.308878	-0.001162	1.000180	1.174129	
429	0.999863	0.001137	-3.569094	-0.001137	0.999863	1.269301	
430	1.000226	0.001169	-4.141649	-0.001169	1.000226	1.211228	
431	1.000063	0.001374	-4.165884	-0.001374	1.000063	1.422919	
432	1.001601	0.000424	-10.745732	-0.000424	1.001601	0.633106	
433	0.999636	0.001151	-3.742113	-0.001151	0.999636	1.369133	
434	0.999252	0.001160	-3.349989	-0.001160	0.999252	1.525185	
435	0.999291	0.001213	-3.544450	-0.001213	0.999291	1.622085	
436	0.998970	0.001119	-3.134015	-0.001119	0.998970	1.712078	
437	0.999734	0.000807	-8.685363	-0.000807	0.999734	1.700194	
438	0.996923	0.001615	-0.997609	-0.001615	0.996923	2.964517	
439	0.999129	0.001108	-2.979947	-0.001108	0.999129	1.589025	
440	0.999126	0.001021	-2.661938	-0.001021	0.999126	1.503109	
441	0.999592	0.001120	-3.147341	-0.001120	0.999592	1.281440	
442	0.998217	0.001182	-4.749679	-0.001182	0.998217	2.024540	
443	1.000334	0.001099	-3.373683	-0.001099	1.000334	0.842645	
444	0.999564	0.001031	-2.676330	-0.001031	0.999564	1.133604	
445	0.999244	0.001092	-2.337098	-0.001092	0.999244	1.499165	
446	1.000361	0.001035	-3.359836	-0.001035	1.000361	0.899294	
447	1.001613	0.000834	-7.623328	-0.000834	1.001613	0.694683	
448	0.999769	0.001081	-2.392216	-0.001081	0.999769	1.181254	
449	0.999838	0.000936	-2.176517	-0.000936	0.999838	1.044737	
450	1.000041	0.000870	-2.332315	-0.000870	1.000041	0.972992	
451	1.000417	0.000827	-2.579609	-0.000827	1.000417	0.731600	
452	1.002995	0.001146	-6.560961	-0.001146	1.002995	0.495532	
453	1.001219	0.000650	-2.691358	-0.000650	1.001219	0.426718	
454	1.001127	0.000648	-2.649124	-0.000648	1.001127	0.418551	
455	1.000633	0.000468	-2.177915	-0.000468	1.000633	0.584503	
456	1.000462	0.000367	-1.985874	-0.000367	1.000462	0.527019	
457	1.003016	0.000923	-6.069446	-0.000923	1.003016	0.673163	
458	1.001175	0.000418	-2.607159	-0.000418	1.001175	0.529642	
459	1.001079	0.000460	-2.420956	-0.000460	1.001079	0.666586	
460	1.001135	0.000547	-2.502323	-0.000547	1.001135	0.803598	
461	1.000764	0.000538	-2.291528	-0.000538	1.000764	0.882092	
462	1.000239	0.001697	-3.819322	-0.001697	1.000239	2.716289	
463	1.001665	0.000684	-3.045761	-0.000684	1.001665	0.784998	
464	1.001647	0.000693	-3.177805	-0.000693	1.001647	0.758521	
465	1.001449	0.000721	-3.198549	-0.000721	1.001449	1.011670	
466	1.002243	0.000672	-3.894698	-0.000672	1.002243	0.724586	
467	1.007427	0.000567	-11.219446	-0.000567	1.007427	0.521296	
468	1.002897	0.000838	-5.111285	-0.000838	1.002897	0.835232	
469	1.003122	0.000655	-5.215416	-0.000655	1.003122	0.803425	
470	1.004698	0.000840	-6.804582	-0.000840	1.004698	0.522028	
471	1.003925	0.000750	-6.123053	-0.000750	1.003925	0.655484	
472	1.014924	0.000230	-18.027212	-0.000230	1.014924	-0.671359	
473	1.006998	0.000813	-8.613184	-0.000813	1.006998	0.079958	
474	1.008266	0.000674	-9.557784	-0.000674	1.008266	-0.251073	
475	1.009852	0.000594	-10.673894	-0.000594	1.009852	-0.701405	
476	1.010125	0.000705	-10.953924	-0.000705	1.010125	-0.541824	
477	1.022005	0.000251	-22.483006	-0.000251	1.022005	-1.828897	
478	1.011353	0.000471	-11.398358	-0.000471	1.011353	-0.962309	
479	1.009794	0.000802	-10.397616	-0.000802	1.009794	-0.592416	
480	1.006764	0.000850	-8.100159	-0.000850	1.006764	0.366980	
481	1.012703	0.000396	-11.864547	-0.000396	1.012703	-2.155277	
482	1.023606	0.000634	-21.171855	-0.000634	1.023606	-3.504316	
483	1.010731	0.000429	-9.532815	-0.000429	1.010731	-2.165651	
484	1.008695	0.000186	-8.035015	-0.000186	1.008695	-1.692500	
485	1.004617	0.000130	-4.769095	-0.000130	1.004617	-0.396244	
486	1.005090	0.000004	-4.777039	-0.000004	1.005090	-0.908276	
487	1.009378	0.000872	-8.567896	-0.000872	1.009378	-0.767254	
488	1.002604	0.000235	-2.505510	-0.000235	1.002604	0.076060	
489	1.002970	0.000151	-2.841564	-0.000151	1.002970	-0.235492	
490	1.003002	0.000187	-2.849056	-0.000187	1.003002	-0.251518	
491	1.001897	0.000137	-1.748974	-0.000137	1.001897	0.150804	
492	1.001999	0.000313	-1.909548	-0.000313	1.001999	0.877164	
493	1.000527	-0.000079	-0.755999	0.000079	1.000527	0.492947	
494	1.000529	-0.000081	-0.651302	0.000081	1.000529	0.481588	
495	1.000713	-0.000217	-0.750444	0.000217	1.000713	0.303388	
496	1.000866	-0.000281	-1.005973	0.000281	1.000866	0.097723	
497	1.000830	-0.000359	-0.704857	0.000359	1.000830	0.461381	
498	1.001043	-0.000340	-1.036579	0.000340	1.001043	-0.211332	
499	1.001258	-0.000419	-1.179545	0.000419	1.001258	-0.374404	
500	1.001344	-0.000128	-1.361278	0.000128	1.001344	-0.334065	
501	1.001425	-0.000135	-1.433039	0.000135	1.001425	-0.378301	
502	1.001326	-0.000060	-1.270321	0.000060	1.001326	-0.074002	
503	1.000856	-0.000083	-0.854998	0.000083	1.000856	-0.165152	
504	1.000230	-0.000135	-0.098833	0.000135	1.000230	0.054989	
505	1.000932	-0.000068	-0.898910	0.000068	1.000932	-0.170803	
506	1.001030	-0.000053	-1.013010	0.000053	1.001030	-0.222761	
507	1.001219	0.000268	-1.257805	-0.000268	1.001219	-0.082669	
508	1.000892	0.000223	-0.945681	-0.000223	1.000892	-0.231108	
509	1.000798	0.000229	-0.882844	-0.000229	1.000798	-0.241110	
510	1.000649	0.000221	-0.656527	-0.000221	1.000649	-0.320231	
511	1.000884	0.000250	-0.836243	-0.000250	1.000884	-0.567159	
512	1.000180	0.000050	0.648641	-0.000050	1.000180	-1.031540	
513	1.000225	-0.000108	0.698009	0.000108	1.000225	-0.920737	
514	0.999900	-0.000160	1.532623	0.000160	0.999900	-0.885693	
515	1.000341	-0.000656	1.474128	0.000656	1.000341	-1.545752	
516	0.997148	-0.000616	4.942297	0.000616	0.997148	-0.273197	
517	0.987917	0.000288	17.492561	-0.000288	0.987917	2.490117	
518	0.999182	-0.001355	5.419263	0.001355	0.999182	-1.753344	
519	0.995887	-0.000733	10.100350	0.000733	0.995887	-0.330676	
520	0.995675	-0.000843	11.541996	0.000843	0.995675	-0.380333	
521	0.996237	-0.000304	12.145569	0.000304	0.996237	-0.206241	
522	0.995611	-0.000467	13.504984	0.000467	0.995611	-0.199956	
523	0.989777	-0.001332	31.658423	0.001332	0.989777	-0.244679	
524	0.997082	-0.000670	15.277139	0.000670	0.997082	-0.825493	
525	0.996287	-0.000666	16.687274	0.000666	0.996287	-0.668195	
526	0.996338	-0.000557	16.977092	0.000557	0.996338	-0.487882	
527	0.994417	-0.000982	19.382212	0.000982	0.994417	-0.313428	
528	0.988126	-0.002265	41.567994	0.002265	0.988126	-1.113072	
529	0.996771	-0.001359	19.334576	0.001359	0.996771	-1.458759	
530	0.998629	-0.001558	18.769033	0.001558	0.998629	-2.408919	
531	0.998714	-0.001814	19.140060	0.001814	0.998714	-2.700925	
532	0.996729	-0.001580	20.648373	0.001580	0.996729	-1.832586	
533	0.989220	-0.002749	44.585860	0.002749	0.989220	-1.955077	
534	0.996991	-0.001688	20.807763	0.001688	0.996991	-1.955133	
535	0.996328	-0.001843	21.958719	0.001843	0.996328	-1.819738	
536	0.995513	-0.002068	23.242790	0.002068	0.995513	-1.759348	
537	0.999408	-0.001290	19.240527	0.001290	0.999408	-2.213032	
538	0.997362	-0.000514	41.825393	0.000514	0.997362	-2.171958	
539	0.999475	-0.001654	20.581217	0.001654	0.999475	-2.426800	
540	0.997189	-0.002121	23.055657	0.002121	0.997189	-1.804894	
541	0.997484	-0.001967	23.290937	0.001967	0.997484	-1.980946	
542	0.998792	-0.002304	22.149106	0.002304	0.998792	-2.570583	
543	0.992054	-0.004136	50.342449	0.004136	0.992054	-3.746827	
544	0.995848	-0.002201	25.408427	0.002201	0.995848	-1.700432	
545	0.999980	-0.002002	21.384581	0.002002	0.999980	-2.684788	
546	0.995893	-0.001894	25.643232	0.001894	0.995893	-1.164417	
547	0.999728	-0.001528	21.307739	0.001528	0.999728	-2.120032	
548	1.000776	-0.002431	40.587709	0.002431	1.000776	-3.384082	
549	0.996620	-0.000845	23.153643	0.000845	0.996620	-0.285193	
550	0.992898	-0.001174	27.102679	0.001174	0.992898	0.944751	
551	0.997365	-0.001981	24.287025	0.001981	0.997365	-1.493685	
552	0.999835	-0.001923	22.846015	0.001923	0.999835	-2.520450	
553	0.996497	-0.003763	47.334814	0.003763	0.996497	-2.914299	
554	1.004166	-0.001267	17.455109	0.001267	1.004166	-3.430360	
555	0.999176	-0.002195	22.660495	0.002195	0.999176	-2.157886	
556	0.999378	-0.002052	22.259040	0.002052	0.999378	-1.938056	
557	0.999493	-0.002263	22.178971	0.002263	0.999493	-2.249893	
558	0.998367	-0.003098	43.971129	0.003098	0.998367	-2.924972	
559	0.997645	-0.002417	22.497508	0.002417	0.997645	-1.639318	
560	1.002226	-0.000586	16.589222	0.000586	1.002226	-2.135429	
561	1.000145	-0.001187	19.309986	0.001187	1.000145	-1.629374	
562	1.003542	-0.000346	13.944632	0.000346	1.003542	-2.175217	
563	0.999112	-0.003177	40.299478	0.003177	0.999112	-2.629595	
564	1.005052	-0.001272	14.098271	0.001272	1.005052	-3.180823	
565	1.001247	-0.002304	18.590088	0.002304	1.001247	-2.382792	
566	1.000225	-0.002316	18.932316	0.002316	1.000225	-1.778643	
567	0.998507	-0.002522	19.815045	0.002522	0.998507	-1.080177	
568	0.993662	-0.003100	42.369341	0.003100	0.993662	1.004588	
569	0.997355	-0.002191	19.758903	0.002191	0.997355	-0.142438	
570	0.997648	-0.001976	19.703083	0.001976	0.997648	-0.167078	
571	0.998114	-0.002044	18.921442	0.002044	0.998114	-0.440179	
572	0.998282	-0.002099	18.874334	0.002099	0.998282	-0.532915	
573	0.995851	-0.003469	38.153408	0.003469	0.995851	-0.240256	
574	0.999563	-0.002063	17.235299	0.002063	0.999563	-1.130225	
575	0.999986	-0.001591	16.687361	0.001591	0.999986	-0.892165	
576	0.999303	-0.001880	16.802613	0.001880	0.999303	-0.810224	
577	0.999177	-0.001934	16.338509	0.001934	0.999177	-0.803996	
578	0.996292	-0.003503	34.133265	0.003503	0.996292	-0.538410	
579	0.998977	-0.001535	15.488700	0.001535	0.998977	-0.585928	
580	0.999159	-0.001718	15.303824	0.001718	0.999159	-0.723443	
581	0.998700	-0.001644	15.082690	0.001644	0.998700	-0.484381	
582	0.999404	-0.001744	14.860309	0.001744	0.999404	-0.748324	
583	0.999146	-0.002970	29.314476	0.002970	0.999146	-1.357790	
584	0.999116	-0.001606	14.478341	0.001606	0.999116	-0.519690	
585	0.998833	-0.001593	14.519260	0.001593	0.998833	-0.300068	
586	0.987984	-0.001983	15.555089	0.001983	0.987984	3.357473	
587	0.998566	-0.001528	13.950077	0.001528	0.998566	-0.256025	
588	0.998841	-0.002232	27.274039	0.002232	0.998841	-0.876382	
589	0.998093	-0.001043	13.268420	0.001043	0.998093	-0.025056	
590	0.997546	-0.000773	13.194992	0.000773	0.997546	0.388078	
591	0.998689	-0.001197	13.100102	0.001197	0.998689	-0.228774	
592	0.999307	-0.001190	12.537554	0.001190	0.999307	-0.417383	
593	0.998260	-0.002080	25.050424	0.002080	0.998260	-0.365876	
594	0.988722	-0.002111	14.120052	0.002111	0.988722	3.453767	
595	0.989991	-0.002834	13.712986	0.002834	0.989991	2.238506	
596	0.998832	-0.000672	11.205499	0.000672	0.998832	0.101825	
597	0.990261	-0.000323	12.355373	0.000323	0.990261	3.358303	
598	0.999572	-0.002063	22.086242	0.002063	0.999572	-1.078102	
599	0.999901	-0.000471	10.284028	0.000471	0.999901	-0.313793	
600	0.997744	-0.001300	11.049750	0.001300	0.997744	0.015410	
601	0.989606	-0.001909	12.445587	0.001909	0.989606	2.462967	
602	0.999297	-0.000784	10.580922	0.000784	0.999297	-0.115426	
603	0.998618	-0.002007	21.360248	0.002007	0.998618	-0.522413	
604	1.000055	-0.000967	9.586987	0.000967	1.000055	-0.598968	
605	0.998887	-0.000670	9.492779	0.000670	0.998887	-0.090065	
606	1.000096	-0.001096	9.384775	0.001096	1.000096	-0.764577	
607	0.999712	-0.001365	8.805395	0.001365	0.999712	-0.749244	
608	1.000970	-0.002058	17.426088	0.002058	1.000970	-1.607519	
609	0.997710	-0.001371	8.947191	0.001371	0.997710	-0.041468	
610	0.997665	-0.001353	8.893180	0.001353	0.997665	0.041578	
611	0.991672	-0.002927	9.843129	0.002927	0.991672	1.525327	
612	0.995937	-0.001453	9.124314	0.001453	0.995937	0.668745	
613	1.000034	-0.002150	16.611815	0.002150	1.000034	-1.194929	
614	0.998296	-0.000728	8.142631	0.000728	0.998296	0.090611	
615	0.995803	-0.001092	8.667630	0.001092	0.995803	0.729183	
616	0.994098	-0.002357	8.589944	0.002357	0.994098	0.833472	
617	0.996880	-0.002287	7.738020	0.002287	0.996880	-0.152915	
618	0.999882	-0.001670	14.233328	0.001670	0.999882	-1.066035	
619	0.998629	-0.001484	6.689682	0.001484	0.998629	-0.469548	
620	0.999626	-0.002320	4.376783	0.002320	0.999626	-1.447920	
621	0.999140	-0.001886	5.637583	0.001886	0.999140	-0.784763	
622	0.999132	-0.001714	5.440688	0.001714	0.999132	-0.683095	
623	0.998947	-0.000657	10.432633	0.000657	0.998947	-0.224067	
624	0.998268	-0.001800	4.646982	0.001800	0.998268	-0.342640	
625	0.998639	-0.001353	4.316448	0.001353	0.998639	-0.348479	
626	0.999297	-0.001272	3.968754	0.001272	0.999297	-0.612330	
627	0.999021	-0.001158	3.818873	0.001158	0.999021	-0.353946	
628	0.999054	-0.001129	7.698872	0.001129	0.999054	-0.284774	
629	0.999343	-0.001091	2.976969	0.001091	0.999343	-0.436837	
630	0.999416	-0.001010	2.970396	0.001010	0.999416	-0.356431	
631	0.999267	-0.000919	2.845630	0.000919	0.999267	-0.205824	
632	1.000978	-0.000943	2.110448	0.000943	1.000978	-0.925821	
633	1.005234	-0.001519	2.769653	0.001519	1.005234	-2.587576	
634	1.002209	-0.000912	1.058420	0.000912	1.002209	-1.190413	
635	1.002185	-0.000934	1.046496	0.000934	1.002185	-1.196369	
636	1.002226	-0.000975	1.099264	0.000975	1.002226	-1.174230	
637	1.003133	-0.000966	0.534991	0.000966	1.003133	-1.596206	
638	1.007357	-0.001580	1.114393	0.001580	1.007357	-3.421264	
639	1.002562	-0.000686	0.594290	0.000686	1.002562	-1.292011	
640	1.002238	-0.000610	0.615435	0.000610	1.002238	-1.112004	
641	1.002468	-0.000438	0.429430	0.000438	1.002468	-1.092928	
642	1.001944	-0.000471	0.505168	0.000471	1.001944	-0.899716	
643	1.002723	-0.001441	2.052242	0.001441	1.002723	-1.620314	
644	1.001037	-0.000414	0.782722	0.000414	1.001037	-0.471070	
645	1.000854	-0.000359	0.879077	0.000359	1.000854	-0.224999	
646	1.000690	-0.000328	0.952741	0.000328	1.000690	-0.126244	
647	1.000939	-0.000455	0.892099	0.000455	1.000939	-0.275754	
648	1.002854	-0.001314	1.903685	0.001314	1.002854	-1.277097	
649	1.001323	-0.000637	1.006612	0.000637	1.001323	-0.451301	
650	1.001186	-0.000612	1.165163	0.000612	1.001186	-0.465747	
651	1.001133	-0.000629	1.155959	0.000629	1.001133	-0.339219	
652	1.001391	-0.000793	1.240959	0.000793	1.001391	-0.511543	
653	1.005534	-0.001246	1.816981	0.001246	1.005534	-1.681398	
654	1.002443	-0.000614	0.796520	0.000614	1.002443	-0.770475	
655	1.002646	-0.000613	0.781831	0.000613	1.002646	-0.834769	
656	1.002617	-0.000783	0.899750	0.000783	1.002617	-0.936757	
657	1.002756	-0.000454	0.884707	0.000454	1.002756	-0.777882	
658	1.009524	-0.000817	0.411075	0.000817	1.009524	-2.786869	
659	1.003685	-0.000870	0.616948	0.000870	1.003685	-1.319385	
660	1.003091	-0.000808	0.895013	0.000808	1.003091	-1.020595	
661	1.002888	-0.000668	0.914201	0.000668	1.002888	-0.803224	
662	1.002749	-0.000939	1.164865	0.000939	1.002749	-0.814213	
663	1.005692	-0.000004	2.514393	0.000004	1.005692	-0.348718	
664	1.001240	-0.001137	1.833123	0.001137	1.001240	-0.267384	
665	1.000565	-0.000986	2.000656	0.000986	1.000565	0.086532	
666	1.001106	-0.001096	1.771272	0.001096	1.001106	-0.144217	
667	1.001348	-0.000782	1.401023	0.000782	1.001348	-0.173813	
668	1.002086	-0.001218	2.923919	0.001218	1.002086	0.316850	
669	1.000114	-0.000200	1.282820	0.000200	1.000114	0.586964	
670	1.000324	-0.000362	1.205183	0.000362	1.000324	0.526243	
671	1.000638	-0.000450	1.023529	0.000450	1.000638	0.531269	
672	0.999920	-0.000193	0.863199	0.000193	0.999920	0.778692	
673	0.999420	-0.000797	2.164127	0.000797	0.999420	1.557004	
674	0.999830	-0.000420	0.827849	0.000420	0.999830	0.747575	
675	0.999441	-0.000184	0.701280	0.000184	0.999441	0.895817	
676	0.999665	-0.000118	0.348305	0.000118	0.999665	0.677825	
677	0.999861	0.000009	-0.063037	-0.000009	0.999861	0.448427	
678	1.000610	0.000111	-0.198183	-0.000111	1.000610	0.434767	
679	0.999892	0.000088	0.186060	-0.000088	0.999892	0.347700	
680	0.999982	-0.000014	0.161125	0.000014	0.999982	0.321686	
681	0.999937	0.000062	0.074619	-0.000062	0.999937	0.369756	
682	0.999847	0.000183	0.093450	-0.000183	0.999847	0.408037	
683	0.999463	-0.000068	0.338021	0.000068	0.999463	0.711654	
684	1.000211	0.000152	-0.143369	-0.000152	1.000211	0.245729	
685	0.999875	0.000122	0.017031	-0.000122	0.999875	0.356967	
686	1.000047	0.000167	-0.036089	-0.000167	1.000047	0.343334	
687	1.000031	0.000070	0.024730	-0.000070	1.000031	0.260683	
688	0.999959	-0.000020	0.030819	0.000020	0.999959	0.274453	
689	0.999388	-0.000009	0.125672	0.000009	0.999388	0.639647	
690	1.000051	-0.000257	0.078704	0.000257	1.000051	0.172820	
691	0.999773	-0.000091	0.064797	0.000091	0.999773	0.337789	
692	1.000088	-0.000098	-0.050485	0.000098	1.000088	0.102400	
693	1.000238	-0.000159	-0.015519	0.000159	1.000238	0.032611	
694	0.999439	-0.000142	0.277264	0.000142	0.999439	0.527041	
695	0.999783	-0.000024	0.129644	0.000024	0.999783	0.288207	
696	1.000080	-0.000087	0.069193	0.000087	1.000080	0.157213	
697	1.000219	-0.000039	-0.039275	0.000039	1.000219	0.036413	
698	1.000120	0.000041	-0.025615	-0.000041	1.000120	0.171064	
699	0.999827	-0.000011	0.177797	0.000011	0.999827	0.509516	
700	0.999932	0.000003	0.094609	-0.000003	0.999932	0.373257	
701	0.999917	0.000055	0.126252	-0.000055	0.999917	0.440671	
702	0.999927	-0.000008	0.297441	0.000008	0.999927	0.451149	
703	0.999903	0.000028	0.291197	-0.000028	0.999903	0.615548	
704	1.000261	-0.000124	0.139967	0.000124	1.000261	1.137790	
705	1.001525	0.000047	-0.613840	-0.000047	1.001525	0.295011	
706	1.002327	-0.000053	-1.113023	0.000053	1.002327	0.009083	
707	1.003251	0.000096	-1.757017	-0.000096	1.003251	-0.256993	
708	1.003288	0.000020	-1.687109	-0.000020	1.003288	-0.294649	
709	1.009660	0.000177	-5.540022	-0.000177	1.009660	-1.894584	
710	1.004358	0.000027	-2.561681	-0.000027	1.004358	-0.729084	
711	1.004576	0.000033	-2.610436	-0.000033	1.004576	-0.773821	
712	1.004760	0.000083	-2.819415	-0.000083	1.004760	-0.857586	
713	1.005398	0.000154	-3.307552	-0.000154	1.005398	-0.997856	
714	1.012087	0.000224	-7.397813	-0.000224	1.012087	-2.102586	
715	1.004866	0.000073	-2.954577	-0.000073	1.004866	-1.038252	
716	1.002834	0.000124	-1.728280	-0.000124	1.002834	-0.229136	
717	1.004589	0.000109	-2.845969	-0.000109	1.004589	-1.089688	
718	1.009839	0.000242	-6.151778	-0.000242	1.009839	-3.012429	
719	1.015988	0.000254	-9.938087	-0.000254	1.015988	-3.694644	
720	1.007527	0.000155	-4.660389	-0.000155	1.007527	-2.141143	
721	1.007524	0.000090	-4.674617	-0.000090	1.007524	-2.175307	
722	1.009150	0.000119	-5.379395	-0.000119	1.009150	-2.696278	
723	1.007626	0.000047	-4.576641	-0.000047	1.007626	-2.275358	
724	1.014195	0.000366	-9.119087	-0.000366	1.014195	-3.360439	
725	1.004872	0.000200	-2.945812	-0.000200	1.004872	-1.246761	
726	1.004232	0.000286	-2.606202	-0.000286	1.004232	-1.086577	
727	1.001508	0.000240	-0.798315	-0.000240	1.001508	-0.063667	
728	1.000275	0.000275	0.138943	-0.000275	1.000275	0.366563	
729	0.999879	0.000258	0.017435	-0.000258	0.999879	0.867882	
730	1.000156	0.000019	0.096172	-0.000019	1.000156	0.197160	
731	1.000268	0.000149	0.022491	-0.000149	1.000268	0.238339	
732	1.000227	0.000059	0.079657	-0.000059	1.000227	0.077319	
733	1.000253	0.000041	0.052882	-0.000041	1.000253	0.070007	
734	1.000033	0.000217	-0.112827	-0.000217	1.000033	0.285770	
735	1.000110	-0.000150	0.179523	0.000150	1.000110	0.177878	
736	1.000132	-0.000059	-0.030821	0.000059	1.000132	0.152547	
737	1.000164	-0.000082	-0.031401	0.000082	1.000164	-0.021697	
738	1.000274	0.000044	-0.126491	-0.000044	1.000274	-0.096986	
739	1.000427	0.000265	-0.461023	-0.000265	1.000427	-0.647669	
740	1.000267	0.000193	-0.451705	-0.000193	1.000267	-0.628808	
741	1.000067	0.000242	-0.531493	-0.000242	1.000067	-0.602877	
742	0.999743	0.000300	-0.262767	-0.000300	0.999743	-0.425863	
743	0.999038	0.000328	0.126258	-0.000328	0.999038	-0.139157	
744	0.995788	0.000377	1.394779	-0.000377	0.995788	1.106945	
745	0.996663	0.000255	1.294264	-0.000255	0.996663	1.018920	
746	0.995897	0.000342	1.544457	-0.000342	0.995897	1.399056	
747	0.995801	0.000318	1.589215	-0.000318	0.995801	1.439834	
748	0.996412	0.000348	1.128440	-0.000348	0.996412	1.356327	
749	0.991885	0.001133	1.923275	-0.001133	0.991885	3.111586	
750	0.995102	0.000374	1.373046	-0.000374	0.995102	1.836471	
751	0.995646	0.000427	0.982639	-0.000427	0.995646	1.678741	
752	0.996698	0.000524	0.183424	-0.000524	0.996698	1.314448	
753	0.996478	0.000519	0.264787	-0.000519	0.996478	1.401161	
754	0.986921	0.001082	2.720754	-0.001082	0.986921	4.664036	
755	0.994692	0.000593	1.314011	-0.000593	0.994692	2.186826	
756	0.994748	0.000691	0.944311	-0.000691	0.994748	2.249870	
757	0.996163	0.000739	-0.175214	-0.000739	0.996163	1.581234	
758	0.997067	0.000732	-0.688320	-0.000732	0.997067	1.253132	
759	0.991172	0.001481	-1.335842	-0.001481	0.991172	3.146070	
760	0.997276	0.001077	-1.660149	-0.001077	0.997276	1.097436	
761	0.997582	0.001203	-2.193122	-0.001203	0.997582	1.017448	
762	0.998027	0.001491	-2.822324	-0.001491	0.998027	0.909156	
763	1.001267	0.002529	-4.336263	-0.002529	1.001267	0.097328	
764	0.993463	0.000900	-6.298913	-0.000900	0.993463	1.233303	
765	0.998287	0.001594	-3.284243	-0.001594	0.998287	0.874248	
766	0.998293	0.001471	-3.532014	-0.001471	0.998293	0.828038	
767	0.998266	0.001420	-3.861437	-0.001420	0.998266	0.661184	
768	0.998265	0.001364	-3.911116	-0.001364	0.998265	0.653264	
769	0.994613	0.001210	-7.393452	-0.001210	0.994613	0.988356	
770	0.997646	0.001603	-3.623136	-0.001603	0.997646	0.896277	
771	0.998885	0.001762	-4.218504	-0.001762	0.998885	0.623134	
772	1.004192	0.002287	-5.820371	-0.002287	1.004192	-1.233012	
773	0.998634	0.001669	-4.230903	-0.001669	0.998634	0.634996	
774	0.994945	0.000775	-7.912368	-0.000775	0.994945	0.358464	
775	0.997190	0.001209	-3.713976	-0.001209	0.997190	0.635378	
776	0.998016	0.001460	-3.692893	-0.001460	0.998016	0.722867	
777	0.997226	0.001354	-3.374172	-0.001354	0.997226	0.867706	
778	0.998371	0.001447	-3.364839	-0.001447	0.998371	0.599791	
779	0.992897	0.000674	-6.229596	-0.000674	0.992897	0.754610	
780	0.999727	0.001586	-4.709305	-0.001586	0.999727	-0.029355	
781	0.998606	0.001598	-4.469760	-0.001598	0.998606	0.385830	
782	0.997242	0.001475	-4.206174	-0.001475	0.997242	0.667556	
783	0.997115	0.001056	-4.794900	-0.001056	0.997115	0.508616	
784	0.995756	0.001226	-12.593761	-0.001226	0.995756	-0.089236	
785	1.000911	0.001065	-7.726786	-0.001065	1.000911	-0.660534	
786	0.999653	0.000670	-7.766139	-0.000670	0.999653	-0.456296	
787	0.998915	0.000737	-7.513454	-0.000737	0.998915	-0.189096	
788	0.999826	0.000769	-8.182574	-0.000769	0.999826	-0.425643	
789	1.001935	0.001565	-17.730496	-0.001565	1.001935	-1.381368	
790	1.001048	0.000793	-8.637534	-0.000793	1.001048	-0.629032	
791	1.000932	0.000656	-8.524089	-0.000656	1.000932	-0.641031	
792	1.002402	0.001116	-9.081500	-0.001116	1.002402	-0.865270	
793	1.000725	0.000903	-8.595237	-0.000903	1.000725	-0.518252	
794	1.001624	0.001985	-19.437672	-0.001985	1.001624	-1.399352	
795	1.001188	0.000501	-10.814134	-0.000501	1.001188	-1.291742	
796	1.001246	0.000564	-11.577815	-0.000564	1.001246	-1.244006	
797	1.000959	0.000695	-11.902590	-0.000695	1.000959	-1.192751	
798	1.001547	0.000603	-12.276602	-0.000603	1.001547	-1.500522	
799	1.001236	0.001744	-26.876782	-0.001744	1.001236	-1.986933	
800	1.000221	0.001009	-13.258656	-0.001009	1.000221	-0.918757	
801	1.001003	0.001178	-14.009390	-0.001178	1.001003	-1.166585	
802	0.999352	0.001191	-13.595241	-0.001191	0.999352	-0.692190	
803	1.000160	0.001309	-14.280736	-0.001309	1.000160	-0.807530	
804	0.996601	0.003048	-28.022149	-0.003048	0.996601	-0.531051	
805	0.997779	0.001254	-13.605246	-0.001254	0.997779	0.021611	
806	0.997939	0.001404	-13.716499	-0.001404	0.997939	0.144567	
807	0.997511	0.001440	-13.483029	-0.001440	0.997511	0.425737	
808	0.998789	0.001675	-14.698233	-0.001675	0.998789	0.111395	
809	1.001266	0.002612	-32.693113	-0.002612	1.001266	-1.225909	
810	1.000286	0.001741	-15.976723	-0.001741	1.000286	-0.037768	
811	1.000410	0.001596	-16.019342	-0.001596	1.000410	-0.013166	
812	1.002285	0.001273	-16.798218	-0.001273	1.002285	-0.710891	
813	1.000664	0.001821	-16.402134	-0.001821	1.000664	0.075721	
814	1.001717	0.002707	-33.696640	-0.002707	1.001717	-0.054674	
815	1.001580	0.001827	-17.131672	-0.001827	1.001580	0.018337	
816	1.001159	0.001646	-16.874679	-0.001646	1.001159	0.226224	
817	1.000805	0.001715	-16.697446	-0.001715	1.000805	0.475602	
818	0.999843	0.001743	-16.256142	-0.001743	0.999843	0.789950	
819	0.999544	0.002943	-32.328788	-0.002943	0.999544	1.592248	
820	1.000588	0.001989	-16.327758	-0.001989	1.000588	0.848970	
821	1.000213	0.001965	-15.899123	-0.001965	1.000213	1.061486	
822	0.999616	0.001790	-15.147483	-0.001790	0.999616	1.292179	
823	1.000368	0.001929	-15.657444	-0.001929	1.000368	1.060800	
824	0.999515	0.002859	-31.089297	-0.002859	0.999515	1.879147	
825	0.999565	0.001627	-14.950225	-0.001627	0.999565	1.143144	
826	0.999772	0.001716	-14.707851	-0.001716	0.999772	1.236729	
827	1.000001	0.001644	-14.798669	-0.001644	1.000001	1.191248	
828	0.999960	0.001598	-14.448398	-0.001598	0.999960	1.259567	
829	0.999280	0.003172	-27.719958	-0.003172	0.999280	2.419043	
830	0.999851	0.001651	-13.334514	-0.001651	0.999851	1.060239	
831	0.999615	0.001304	-12.369373	-0.001304	0.999615	0.948459	
832	0.999760	0.001059	-12.560384	-0.001059	0.999760	0.657338	
833	1.000216	0.001176	-12.970282	-0.001176	1.000216	0.663657	
834	0.999710	0.002273	-25.265195	-0.002273	0.999710	1.733344	
835	0.999779	0.001162	-12.458987	-0.001162	0.999779	0.970653	
836	1.000390	0.001222	-12.609402	-0.001222	1.000390	0.721205	
837	1.000456	0.001375	-13.211559	-0.001375	1.000456	0.765774	
838	1.000468	0.001250	-13.289772	-0.001250	1.000468	0.596653	
839	1.000137	0.002269	-26.586919	-0.002269	1.000137	1.336909	
840	1.000517	0.001400	-13.396953	-0.001400	1.000517	0.818707	
841	0.999965	0.001115	-13.203573	-0.001115	0.999965	0.832140	
842	1.000435	0.001200	-13.864022	-0.001200	1.000435	0.695691	
843	1.001075	0.001271	-14.207492	-0.001271	1.001075	0.725570	
844	1.000171	0.002691	-28.238912	-0.002691	1.000171	2.038307	
845	1.001114	0.001129	-14.172187	-0.001129	1.001114	0.491675	
846	1.000883	0.001110	-14.152402	-0.001110	1.000883	0.482004	
847	1.000692	0.000949	-14.000483	-0.000949	1.000692	0.335260	
848	1.000956	0.001164	-14.077251	-0.001164	1.000956	0.469123	
849	1.000733	0.002510	-28.085740	-0.002510	1.000733	1.311712	
850	1.000198	0.001250	-13.520677	-0.001250	1.000198	0.827716	
851	1.000736	0.001161	-13.890774	-0.001161	1.000736	0.622135	
852	1.000467	0.001252	-13.484865	-0.001252	1.000467	0.901838	
853	1.000347	0.001188	-13.161943	-0.001188	1.000347	0.925645	
854	0.999143	0.002019	-25.226967	-0.002019	0.999143	1.978215	
855	0.999216	0.001035	-11.748499	-0.001035	0.999216	1.178689	
856	1.000077	0.001123	-11.948061	-0.001123	1.000077	0.880788	
857	1.000856	0.000450	-11.638823	-0.000450	1.000856	0.097399	
858	1.000118	0.000874	-11.621685	-0.000874	1.000118	0.826779	
859	1.000890	0.000670	-11.781743	-0.000670	1.000890	0.514904	
860	0.999975	0.002187	-22.402647	-0.002187	0.999975	2.485692	
861	0.999809	0.000505	-10.094931	-0.000505	0.999809	1.058802	
862	1.000519	0.000437	-10.058923	-0.000437	1.000519	0.691185	
863	1.003647	0.000441	-10.649688	-0.000441	1.003647	-0.543262	
864	0.999670	0.000572	-9.002862	-0.000572	0.999670	0.874028	
865	0.998158	0.002124	-17.557727	-0.002124	0.998158	2.749181	
866	0.995658	0.001774	-5.661154	-0.001774	0.995658	3.118856	
867	0.998658	0.000799	-8.272554	-0.000799	0.998658	1.326844	
868	0.998905	0.000895	-8.392167	-0.000895	0.998905	1.359602	
869	0.999412	0.000854	-8.608703	-0.000854	0.999412	1.172167	
870	0.999215	0.001907	-17.799736	-0.001907	0.999215	2.390972	
871	1.002798	0.000898	-8.909997	-0.000898	1.002798	0.001443	
872	1.000358	0.000231	-8.651899	-0.000231	1.000358	0.675814	
873	0.999571	-0.000033	-8.170809	0.000033	0.999571	0.666420	
874	0.996528	0.001310	-5.637682	-0.001310	0.996528	2.558797	
875	0.998076	0.002270	-17.021147	-0.002270	0.998076	2.932436	
876	1.000348	0.000307	-8.956090	-0.000307	1.000348	0.484597	
877	1.000412	0.000327	-9.610811	-0.000327	1.000412	0.489148	
878	0.999543	0.000633	-9.531557	-0.000633	0.999543	0.913505	
879	0.997656	0.000610	-7.351117	-0.000610	0.997656	1.487627	
880	0.998973	0.002364	-20.973059	-0.002364	0.998973	2.581812	
881	0.999198	0.000324	-9.428464	-0.000324	0.999198	0.765137	
882	1.000001	0.000787	-10.785207	-0.000787	1.000001	0.848067	
883	0.999233	0.000968	-10.786332	-0.000968	0.999233	1.228947	
884	0.993855	0.001290	-4.587529	-0.001290	0.993855	3.178498	
885	0.999051	0.002614	-23.501222	-0.002614	0.999051	2.545848	
886	0.999637	0.001166	-11.828965	-0.001166	0.999637	1.187457	
887	0.999353	0.000795	-10.988664	-0.000795	0.999353	1.043601	
888	0.999453	0.000693	-11.046166	-0.000693	0.999453	0.966630	
889	0.999458	0.000688	-10.544590	-0.000688	0.999458	0.958479	
890	0.998109	0.002246	-20.407187	-0.002246	0.998109	2.832058	
891	0.999303	0.000427	-9.363191	-0.000427	0.999303	0.830647	
892	0.996942	0.000688	-6.315105	-0.000688	0.996942	1.891376	
893	0.999035	0.000654	-8.517346	-0.000654	0.999035	1.035652	
894	0.999067	0.000779	-7.889329	-0.000779	0.999067	1.022865	
895	0.999140	0.001628	-15.646378	-0.001628	0.999140	1.874265	
896	0.999666	0.000825	-6.471610	-0.000825	0.999666	0.960821	
897	0.999785	0.001186	-5.955895	-0.001186	0.999785	1.264482	
898	0.999135	0.001545	-4.842071	-0.001545	0.999135	1.880913	
899	0.997296	0.001280	-2.376630	-0.001280	0.997296	2.427673	
900	1.002157	0.000562	-12.456226	-0.000562	1.002157	0.975856	
901	1.000276	0.001161	-4.346564	-0.001161	1.000276	1.516881	
902	1.001020	0.001591	-4.667927	-0.001591	1.001020	1.563051	
903	1.000610	0.001193	-4.463774	-0.001193	1.000610	1.537670	
904	1.001398	0.000980	-4.752115	-0.000980	1.001398	1.142861	
905	1.007740	0.000809	-13.433120	-0.000809	1.007740	0.120596	
906	1.003340	0.000879	-5.366874	-0.000879	1.003340	0.496625	
907	1.002365	0.000598	-4.021920	-0.000598	1.002365	0.799808	
908	1.002762	0.000620	-4.453313	-0.000620	1.002762	0.595197	
909	1.002491	0.000455	-3.702229	-0.000455	1.002491	0.633236	
910	1.007775	0.000693	-10.462015	-0.000693	1.007775	0.693986	
911	1.002605	0.000411	-3.409011	-0.000411	1.002605	0.613813	
912	1.002300	0.000203	-3.092972	-0.000203	1.002300	0.534291	
913	1.001380	0.000222	-2.293566	-0.000222	1.001380	0.756537	
914	0.999995	-0.000038	-0.832079	0.000038	0.999995	1.028018	
915	1.005184	0.000755	-7.153482	-0.000755	1.005184	1.552145	
916	1.000487	0.000221	-1.837771	-0.000221	1.000487	1.453680	
917	0.999324	0.000249	-0.825183	-0.000249	0.999324	2.097460	
918	0.999409	0.000311	-0.773355	-0.000311	0.999409	2.072829	
919	0.999449	-0.000083	-0.679377	0.000083	0.999449	1.882269	
920	1.001674	0.000942	-4.744479	-0.000942	1.001674	4.534058	
921	1.000739	0.000203	-1.924220	-0.000203	1.000739	2.141742	
922	1.001391	0.000221	-2.262692	-0.000221	1.001391	2.114917	
923	1.001420	0.000297	-2.388102	-0.000297	1.001420	2.297229	
924	1.001776	0.000266	-2.630839	-0.000266	1.001776	2.470593	
925	1.010816	0.000478	-11.487156	-0.000478	1.010816	4.300710	
926	1.006244	0.000543	-6.435506	-0.000543	1.006244	1.978484	
927	1.006925	0.000863	-6.843996	-0.000863	1.006925	2.117856	
928	1.007544	0.000752	-7.592299	-0.000752	1.007544	1.807121	
929	1.006435	0.000679	-7.018895	-0.000679	1.006435	1.649670	
930	1.016927	0.000381	-17.159231	-0.000381	1.016927	2.373798	
931	1.006809	-0.000729	-6.885378	0.000729	1.006809	0.090969	
932	1.008345	0.000466	-8.694744	-0.000466	1.008345	1.118184	
933	1.007395	-0.000333	-7.648452	0.000333	1.007395	0.065520	
934	1.007788	0.000431	-8.325094	-0.000431	1.007788	0.913827	
935	1.013860	0.000276	-15.606532	-0.000276	1.013860	2.502019	
936	1.007846	0.000446	-8.626462	-0.000446	1.007846	0.462356	
937	1.009113	0.000232	-9.516147	-0.000232	1.009113	0.094049	
938	1.005330	0.000155	-6.391951	-0.000155	1.005330	0.701165	
939	1.006948	0.000152	-7.314941	-0.000152	1.006948	-0.034299	
940	1.021904	0.000665	-20.860985	-0.000665	1.021904	-1.929011	
941	1.008612	0.000363	-8.395121	-0.000363	1.008612	-0.992150	
942	1.010202	0.000383	-9.081734	-0.000383	1.010202	-1.821756	
943	1.009739	-0.000070	-8.402473	0.000070	1.009739	-2.389660	
944	1.009637	-0.000104	-8.137718	0.000104	1.009637	-2.430800	
945	1.023755	-0.000176	-18.496249	0.000176	1.023755	-6.315026	
946	1.008823	-0.000353	-6.313225	0.000353	1.008823	-3.155722	
947	1.009123	-0.000491	-6.294325	0.000491	1.009123	-3.436907	
948	1.009025	-0.000359	-6.333371	0.000359	1.009025	-3.490791	
949	1.007987	-0.000486	-5.284323	0.000486	1.007987	-3.315903	
950	1.012901	-0.000277	-8.267604	0.000277	1.012901	-4.799661	
951	1.003930	-0.000001	-2.599234	0.000001	1.003930	-1.550924	
952	1.003176	-0.000124	-2.124373	0.000124	1.003176	-1.349759	
953	1.001980	-0.000180	-1.522959	0.000180	1.001980	-0.983924	
954	1.000628	-0.000020	-0.687254	0.000020	1.000628	-0.265484	
955	1.000626	-0.000122	-0.678219	0.000122	1.000626	-0.286506	
956	1.000380	-0.000259	-0.511163	0.000259	1.000380	-0.361274	
957	1.000236	-0.000299	-0.340248	0.000299	1.000236	-0.311025	
958	1.000281	-0.000321	-0.392232	0.000321	1.000281	-0.373348	
959	1.000113	-0.000304	-0.228126	0.000304	1.000113	-0.380255	
960	0.998729	-0.000014	0.547038	0.000014	0.998729	0.348280	
961	0.996648	-0.000315	2.034072	0.000315	0.996648	1.002485	
962	0.995271	-0.000129	2.855953	0.000129	0.995271	1.624959	
963	0.996646	-0.000150	1.897628	0.000150	0.996646	1.157579	
964	0.997272	-0.000329	1.387990	0.000329	0.997272	0.663187	
965	0.994837	-0.000009	2.903202	0.000009	0.994837	1.962930	
966	0.997448	-0.000099	1.237217	0.000099	0.997448	0.884114	
967	0.995336	0.000016	2.435103	-0.000016	0.995336	1.781073	
968	0.996037	-0.000131	2.024919	0.000131	0.996037	1.341787	
969	0.999116	-0.000308	0.288690	0.000308	0.999116	0.023363	
970	0.999868	0.000022	0.003260	-0.000022	0.999868	-0.119166	
971	1.000522	-0.000398	-0.481696	0.000398	1.000522	-0.680633	
972	1.000696	-0.000345	-0.713406	0.000345	1.000696	-0.838063	
973	1.000906	-0.000421	-0.920777	0.000421	1.000906	-0.787178	
974	1.000627	-0.000370	-0.648663	0.000370	1.000627	-0.586014	
975	1.000497	-0.000073	-0.508919	0.000073	1.000497	-0.218753	
976	1.000756	-0.000128	-0.779224	0.000128	1.000756	-0.231276	
977	1.000654	-0.000180	-0.590580	0.000180	1.000654	-0.198682	
978	1.000664	-0.000216	-0.609517	0.000216	1.000664	-0.331110	
979	1.000592	-0.000083	-0.575090	0.000083	1.000592	-0.298996	
980	1.000721	-0.000276	-0.393776	0.000276	1.000721	-0.760969	
981	1.000519	-0.000213	-0.351921	0.000213	1.000519	-0.504803	
982	1.000535	-0.000266	-0.237597	0.000266	1.000535	-0.632987	
983	1.000396	-0.000309	0.054658	0.000309	1.000396	-0.585859	
984	1.000506	-0.000351	0.074775	0.000351	1.000506	-0.694214	
985	0.997511	-0.000706	3.873792	0.000706	0.997511	-0.216864	
986	1.000764	-0.000909	0.286700	0.000909	1.000764	-1.651061	
987	0.999071	-0.000865	1.953210	0.000865	0.999071	-0.995147	
988	0.999785	-0.000963	1.277216	0.000963	0.999785	-1.428763	
989	0.997550	-0.000966	3.815311	0.000966	0.997550	-0.549577	
990	0.991349	-0.001529	11.959314	0.001529	0.991349	0.449702	
991	0.999122	-0.000857	2.241813	0.000857	0.999122	-0.992656	
992	0.999068	-0.000806	3.040717	0.000806	0.999068	-1.054172	
993	0.999308	-0.001159	3.727222	0.001159	0.999308	-1.369896	
994	0.998750	-0.001422	4.458072	0.001422	0.998750	-1.418418	
995	0.989683	-0.000497	15.882797	0.000497	0.989683	1.899069	
996	0.995707	-0.000947	6.993440	0.000947	0.995707	0.366275	
997	0.997908	-0.000854	4.917730	0.000854	0.997908	-0.286855	
998	0.995785	-0.000664	7.160200	0.000664	0.995785	0.696680	
999	0.996656	-0.000905	6.948679	0.000905	0.996656	0.156792	
1000	0.992619	-0.000454	15.533381	0.000454	0.992619	1.829639	
1001	1.001569	-0.001571	2.370684	0.001571	1.001569	-2.055333	
1002	1.001218	-0.001716	3.564040	0.001716	1.001218	-2.043485	
1003	1.001548	-0.001319	3.545378	0.001319	1.001548	-1.855737	
1004	1.002323	-0.001231	2.632770	0.001231	1.002323	-2.091945	
1005	1.000026	-0.000608	10.515941	0.000608	1.000026	-1.185651	
1006	1.001304	-0.001526	3.654117	0.001526	1.001304	-2.111768	
1007	1.001746	-0.001607	3.336618	0.001607	1.001746	-2.434363	
1008	1.001889	-0.001668	3.100793	0.001668	1.001889	-2.585064	
1009	1.003177	-0.001930	1.706306	0.001930	1.003177	-3.330835	
1010	1.001102	-0.000733	9.150488	0.000733	1.001102	-1.819487	
1011	1.002561	-0.001156	2.207301	0.001156	1.002561	-2.200257	
1012	1.003344	-0.001156	1.095883	0.001156	1.003344	-2.428516	
1013	1.002023	-0.000982	2.897012	0.000982	1.002023	-1.848816	
1014	1.001304	-0.000782	3.528869	0.000782	1.001304	-1.554321	
1015	0.995951	-0.000546	16.290273	0.000546	0.995951	-0.975907	
1016	0.997426	-0.000538	9.278703	0.000538	0.997426	-0.778006	
1017	0.996875	-0.001127	10.258389	0.001127	0.996875	-1.145609	
1018	0.996041	-0.000729	11.681962	0.000729	0.996041	-0.752330	
1019	0.995278	-0.000704	12.813526	0.000704	0.995278	-0.742703	
1020	0.988018	-0.000947	29.161118	0.000947	0.988018	-0.328649	
1021	0.992205	-0.000336	15.806062	0.000336	0.992205	0.410178	
1022	0.992965	-0.000557	15.424941	0.000557	0.992965	-0.159382	
1023	0.994600	-0.000584	14.781108	0.000584	0.994600	-0.874473	
1024	0.996066	-0.000533	13.907072	0.000533	0.996066	-1.550804	
1025	0.994946	-0.000546	14.877598	0.000546	0.994946	-1.143983	
1026	0.989633	-0.001834	30.642889	0.001834	0.989633	-3.128433	
1027	0.998075	-0.000190	12.565756	0.000190	0.998075	-2.013223	
1028	0.996714	-0.000304	13.804281	0.000304	0.996714	-1.480916	
1029	0.996384	-0.000045	13.482431	0.000045	0.996384	-1.042489	
1030	0.995833	-0.000205	14.065175	0.000205	0.995833	-0.816867	
1031	0.992317	-0.001727	29.305911	0.001727	0.992317	-4.111083	
1032	0.998194	-0.000307	12.846301	0.000307	0.998194	-1.651437	
1033	0.999853	0.000197	10.993592	-0.000197	0.999853	-1.616656	
1034	0.997674	-0.000497	14.013794	0.000497	0.997674	-1.410509	
1035	1.000027	-0.000769	12.511695	0.000769	1.000027	-2.487417	
1036	0.995076	-0.001549	32.464389	0.001549	0.995076	-3.054151	
1037	0.998053	-0.001131	15.712673	0.001131	0.998053	-1.982466	
1038	0.997037	-0.001023	16.518913	0.001023	0.997037	-1.363452	
1039	0.994366	-0.001304	19.314647	0.001304	0.994366	-0.899323	
1040	1.001483	0.000116	12.086214	-0.000116	1.001483	-1.888884	
1041	0.995970	-0.001663	35.505433	0.001663	0.995970	-4.782950	
1042	1.002133	-0.000952	13.625912	0.000952	1.002133	-3.854124	
1043	0.999502	-0.001041	16.329472	0.001041	0.999502	-3.070742	
1044	0.997185	-0.001013	17.362213	0.001013	0.997185	-2.029405	
1045	0.997144	-0.000700	16.723726	0.000700	0.997144	-1.563683	
1046	0.987698	-0.003000	40.630386	0.003000	0.987698	-2.899398	
1047	0.999077	-0.000876	15.720905	0.000876	0.999077	-2.098281	
1048	1.001082	-0.000659	13.513595	0.000659	1.001082	-2.575398	
1049	1.001303	-0.001234	14.352137	0.001234	1.001303	-3.108184	
1050	1.001437	-0.001009	13.501119	0.001009	1.001437	-2.886018	
1051	0.999793	-0.003582	31.367937	0.003582	0.999793	-5.679618	
1052	1.001527	-0.001231	13.760664	0.001231	1.001527	-2.820155	
1053	1.000413	-0.001340	15.074180	0.001340	1.000413	-2.409978	
1054	1.000203	-0.001350	15.497708	0.001350	1.000203	-2.255374	
1055	1.002428	-0.001272	13.686890	0.001272	1.002428	-2.937020	
1056	1.000862	-0.002808	31.578955	0.002808	1.000862	-4.338271	
1057	1.000398	-0.001325	15.080678	0.001325	1.000398	-1.917666	
1058	1.000476	-0.001295	15.118176	0.001295	1.000476	-1.828848	
1059	1.000263	-0.001497	15.305121	0.001497	1.000263	-1.781914	
1060	0.999566	-0.001689	16.053713	0.001689	0.999566	-1.564960	
1061	0.997470	-0.003031	33.255818	0.003031	0.997470	-1.849520	
1062	1.000389	-0.001482	14.444944	0.001482	1.000389	-1.465459	
1063	0.999561	-0.001351	15.378253	0.001351	0.999561	-0.963743	
1064	1.000813	-0.001403	14.117347	0.001403	1.000813	-1.381059	
1065	1.000612	-0.001486	14.165467	0.001486	1.000612	-1.271274	
1066	0.998692	-0.003306	30.611294	0.003306	0.998692	-1.819599	
1067	1.000305	-0.001493	13.886187	0.001493	1.000305	-0.952150	
1068	0.999899	-0.001442	14.620503	0.001442	0.999899	-0.688569	
1069	1.000436	-0.001393	13.624933	0.001393	1.000436	-0.925981	
1070	1.000121	-0.001427	13.841173	0.001427	1.000121	-0.812193	
1071	0.998764	-0.003020	29.546539	0.003020	0.998764	-1.120162	
1072	1.000529	-0.001269	13.640320	0.001269	1.000529	-0.920188	
1073	1.000635	-0.001303	13.654492	0.001303	1.000635	-1.048774	
1074	1.000109	-0.001524	14.109539	0.001524	1.000109	-0.995282	
1075	1.000685	-0.001240	13.368153	0.001240	1.000685	-0.952003	
1076	1.000531	-0.002756	28.208676	0.002756	1.000531	-1.794367	
1077	1.000896	-0.001314	12.918078	0.001314	1.000896	-1.036688	
1078	1.000522	-0.001385	13.340080	0.001385	1.000522	-0.917631	
1079	1.001062	-0.001189	12.742277	0.001189	1.001062	-0.929987	
1080	1.000275	-0.001477	13.141508	0.001477	1.000275	-0.781959	
1081	0.999934	-0.002593	27.092771	0.002593	0.999934	-1.381482	
1082	1.000169	-0.001223	12.973033	0.001223	1.000169	-0.768292	
1083	0.999828	-0.001077	12.432510	0.001077	0.999828	-0.601595	
1084	0.999133	-0.000989	12.658557	0.000989	0.999133	-0.289496	
1085	0.999622	-0.001107	12.394596	0.001107	0.999622	-0.473273	
1086	0.999804	-0.001952	25.693982	0.001952	0.999804	-0.983619	
1087	0.999703	-0.000959	12.206378	0.000959	0.999703	-0.408242	
1088	0.992196	-0.001928	13.676382	0.001928	0.992196	1.890563	
1089	0.999563	-0.000873	11.763969	0.000873	0.999563	-0.220224	
1090	0.999873	-0.000943	11.426842	0.000943	0.999873	-0.433815	
1091	0.999446	-0.002306	23.383749	0.002306	0.999446	-0.787611	
1092	0.999687	-0.000633	10.823100	0.000633	0.999687	-0.227133	
1093	0.991261	-0.000418	11.928901	0.000418	0.991261	2.563112	
1094	0.996309	-0.001893	11.558601	0.001893	0.996309	0.250289	
1095	0.992987	-0.001187	11.532048	0.001187	0.992987	1.771622	
1096	0.998967	-0.002352	20.432582	0.002352	0.998967	-0.898789	
1097	0.999731	-0.000816	9.360116	0.000816	0.999731	-0.253424	
1098	0.991144	-0.002602	10.878521	0.002602	0.991144	1.943507	
1099	0.991338	-0.003870	10.862248	0.003870	0.991338	1.381773	
1100	0.999940	-0.000777	8.219827	0.000777	0.999940	-0.312984	
1101	0.999356	-0.001582	16.527793	0.001582	0.999356	-0.544591	
1102	0.996817	-0.000965	8.144786	0.000965	0.996817	0.660766	
1103	0.998052	-0.002012	8.087847	0.002012	0.998052	-0.403961	
1104	0.998320	-0.001308	7.706176	0.001308	0.998320	-0.075572	
1105	0.994832	-0.002212	8.028919	0.002212	0.994832	0.808612	
1106	0.999772	-0.001695	14.858524	0.001695	0.999772	-0.666459	
1107	0.998660	-0.000979	6.991344	0.000979	0.998660	-0.122219	
1108	0.999771	-0.001900	6.165839	0.001900	0.999771	-1.040212	
1109	0.999211	-0.001949	6.197501	0.001949	0.999211	-0.806728	
1110	1.000502	-0.001726	5.581371	0.001726	1.000502	-0.973614	
1111	0.999730	-0.001216	12.927798	0.001216	0.999730	-0.345997	
1112	0.999081	-0.001842	5.435281	0.001842	0.999081	-0.639818	
1113	0.999607	-0.001831	5.120483	0.001831	0.999607	-0.790635	
1114	0.999679	-0.001618	4.221939	0.001618	0.999679	-0.723218	
1115	0.997675	-0.001919	5.321043	0.001919	0.997675	-0.122845	
1116	0.999759	-0.000811	10.702576	0.000811	0.999759	-0.205731	
1117	0.999490	-0.001706	4.362293	0.001706	0.999490	-0.815576	
1118	0.999494	-0.001785	4.508233	0.001785	0.999494	-0.814913	
1119	0.999470	-0.001688	4.754025	0.001688	0.999470	-0.720620	
1120	0.999554	-0.001667	4.431669	0.001667	0.999554	-0.793511	
1121	0.999724	-0.001011	9.100419	0.001011	0.999724	-0.376460	
1122	0.999232	-0.001379	4.286196	0.001379	0.999232	-0.581548	
1123	0.999183	-0.001307	4.160157	0.001307	0.999183	-0.562690	
1124	0.999218	-0.001288	4.185847	0.001288	0.999218	-0.569100	
1125	0.999029	-0.001382	4.214358	0.001382	0.999029	-0.546353	
1126	0.998370	-0.001615	8.576824	0.001615	0.998370	-0.295047	
1127	0.999070	-0.001466	4.086864	0.001466	0.999070	-0.486674	
1128	0.999181	-0.001507	3.667584	0.001507	0.999181	-0.571991	
1129	0.999196	-0.001242	3.559643	0.001242	0.999196	-0.377292	
1130	0.999735	-0.001074	3.022929	0.001074	0.999735	-0.474938	
1131	1.001024	-0.001556	5.308609	0.001556	1.001024	-1.100762	
1132	1.000306	-0.000786	2.258920	0.000786	1.000306	-0.472082	
1133	1.000531	-0.000709	1.907862	0.000709	1.000531	-0.550541	
1134	1.001003	-0.000691	1.629561	0.000691	1.001003	-0.739311	
1135	1.001168	-0.000626	1.312761	0.000626	1.001168	-0.691076	
1136	1.002908	-0.001267	2.384850	0.001267	1.002908	-1.683161	
1137	1.001253	-0.000717	0.927378	0.000717	1.001253	-0.820597	
1138	1.001206	-0.000602	0.916705	0.000602	1.001206	-0.726985	
1139	1.001310	-0.000521	0.746032	0.000521	1.001310	-0.735925	
1140	1.001238	-0.000513	0.730967	0.000513	1.001238	-0.624592	
1141	1.002358	-0.000939	1.692753	0.000939	1.002358	-1.265381	
1142	1.001173	-0.000518	0.671308	0.000518	1.001173	-0.578026	
1143	1.000857	-0.000511	0.752391	0.000511	1.000857	-0.395360	
1144	1.000728	-0.000473	0.721620	0.000473	1.000728	-0.348917	
1145	1.000768	-0.000487	0.775306	0.000487	1.000768	-0.313725	
1146	1.001735	-0.000902	1.510450	0.000902	1.001735	-0.722731	
1147	1.001095	-0.000436	0.497337	0.000436	1.001095	-0.426259	
1148	1.000832	-0.000358	0.499654	0.000358	1.000832	-0.297911	
1149	1.000890	-0.000498	0.532514	0.000498	1.000890	-0.401388	
1150	1.000770	-0.000507	0.585565	0.000507	1.000770	-0.306211	
1151	1.001208	-0.000953	1.554036	0.000953	1.001208	-0.509594	
1152	1.000525	-0.000495	0.782006	0.000495	1.000525	-0.232922	
1153	1.000226	-0.000431	0.869797	0.000431	1.000226	-0.114208	
1154	1.000189	-0.000457	0.934958	0.000457	1.000189	-0.123758	
1155	1.000338	-0.000505	0.865411	0.000505	1.000338	-0.171560	
1156	1.000899	-0.000717	1.490441	0.000717	1.000899	-0.373019	
1157	1.000195	-0.000445	0.756426	0.000445	1.000195	-0.091633	
1158	1.000212	-0.000380	0.664318	0.000380	1.000212	-0.073748	
1159	1.000422	-0.000327	0.462181	0.000327	1.000422	-0.114405	
1160	1.000290	-0.000334	0.529395	0.000334	1.000290	-0.073049	
1161	1.001059	-0.000440	0.618096	0.000440	1.001059	-0.343780	
1162	1.000464	-0.000261	0.102247	0.000261	1.000464	-0.156299	
1163	1.000297	-0.000201	0.096569	0.000201	1.000297	-0.065836	
1164	1.000227	-0.000216	0.070625	0.000216	1.000227	-0.027732	
1165	1.000090	-0.000251	0.171053	0.000251	1.000090	0.044288	
1166	0.999836	-0.000131	0.499618	0.000131	0.999836	0.339438	
1167	0.999736	-0.000250	0.244560	0.000250	0.999736	0.119735	
1168	0.999814	-0.000161	-0.010950	0.000161	0.999814	0.069413	
1169	0.999835	-0.000109	-0.188815	0.000109	0.999835	0.048357	
1170	0.999853	-0.000058	-0.277867	0.000058	0.999853	0.032516	
1171	0.999775	0.000096	-0.276601	-0.000096	0.999775	0.051406	
1172	1.000057	0.000029	-0.487617	-0.000029	1.000057	-0.030560	
1173	0.999913	0.000030	-0.333426	-0.000030	0.999913	0.052472	
1174	1.000008	0.000048	-0.409943	-0.000048	1.000008	-0.001163	
1175	1.000046	0.000089	-0.512694	-0.000089	1.000046	0.028332	
1176	1.000089	0.000134	-0.431907	-0.000134	1.000089	-0.037430	
1177	0.999947	-0.000006	-0.244768	0.000006	0.999947	-0.048159	
1178	0.999973	-0.000008	-0.192686	0.000008	0.999973	-0.100701	
1179	1.000058	-0.000012	-0.240186	0.000012	1.000058	-0.197483	
1180	1.000002	-0.000045	-0.194365	0.000045	1.000002	-0.171432	
1181	1.000042	0.000022	-0.121454	-0.000022	1.000042	-0.083228	
1182	0.999908	-0.000162	-0.167901	0.000162	0.999908	-0.045782	
1183	0.999833	-0.000110	-0.134154	0.000110	0.999833	0.015734	
1184	0.999824	-0.000164	-0.041071	0.000164	0.999824	-0.018667	
1185	0.999878	-0.000065	-0.077402	0.000065	0.999878	0.023926	
1186	0.999943	0.000115	0.020937	-0.000115	0.999943	0.021988	
1187	0.999913	-0.000049	-0.051274	0.000049	0.999913	-0.045155	
1188	0.999960	-0.000038	-0.101377	0.000038	0.999960	-0.067876	
1189	0.999930	-0.000051	0.121972	0.000051	0.999930	-0.076753	
1190	0.999948	-0.000037	0.106629	0.000037	0.999948	-0.065304	
1191	1.000212	0.000054	-0.200412	-0.000054	1.000212	-0.054028	
1192	0.999926	-0.000111	0.481035	0.000111	0.999926	-0.142550	
1193	0.999975	-0.000069	-0.003284	0.000069	0.999975	-0.093769	
1194	0.999963	-0.000151	0.153595	0.000151	0.999963	-0.183690	
1195	0.999940	-0.000193	0.139626	0.000193	0.999940	-0.185909	
1196	0.999927	-0.000104	0.040825	0.000104	0.999927	-0.088715	
1197	0.999874	-0.000185	0.457423	0.000185	0.999874	-0.208655	
1198	1.000024	-0.000233	-0.047574	0.000233	1.000024	-0.210284	
1199	0.999953	-0.000298	0.182150	0.000298	0.999953	-0.284175	
1200	1.000004	-0.000221	0.266758	0.000221	1.000004	-0.259727	
1201	0.999844	-0.000305	0.213981	0.000305	0.999844	-0.251115	
1202	0.999728	-0.000411	0.915065	0.000411	0.999728	-0.439040	
1203	0.999649	-0.000271	0.510712	0.000271	0.999649	-0.150012	
1204	0.999957	-0.000289	0.285350	0.000289	0.999957	-0.319739	
1205	1.000034	-0.000298	0.265030	0.000298	1.000034	-0.328923	
1206	0.999932	-0.000273	0.226221	0.000273	0.999932	-0.264281	
1207	0.999965	-0.000215	0.380547	0.000215	0.999965	-0.406544	
1208	1.000130	-0.000214	-0.068883	0.000214	1.000130	-0.304044	
1209	1.000235	-0.000163	-0.256172	0.000163	1.000235	-0.297636	
1210	1.000206	-0.000163	-0.305269	0.000163	1.000206	-0.292481	
1211	1.000199	-0.000168	-0.261086	0.000168	1.000199	-0.239695	
1212	0.999906	-0.000038	0.017518	0.000038	0.999906	-0.182494	
1213	0.999886	-0.000188	-0.078895	0.000188	0.999886	-0.191093	
1214	0.999700	-0.000253	0.065997	0.000253	0.999700	-0.233694	
1215	0.999723	-0.000294	0.026893	0.000294	0.999723	-0.237154	
1216	0.999683	-0.000178	-0.004418	0.000178	0.999683	-0.104764	
1217	0.999435	-0.000122	-0.004592	0.000122	0.999435	-0.123988	
1218	0.999911	-0.000246	-0.163398	0.000246	0.999911	-0.177121	
1219	0.999855	-0.000176	-0.138851	0.000176	0.999855	-0.109474	
1220	1.000079	-0.000172	-0.442053	0.000172	1.000079	-0.300985	
1221	0.999948	-0.000092	-0.300424	0.000092	0.999948	-0.100773	
1222	0.999707	-0.000105	-0.280987	0.000105	0.999707	-0.168193	
1223	0.999987	-0.000181	-0.346895	0.000181	0.999987	-0.151512	
1224	0.999944	-0.000126	-0.382027	0.000126	0.999944	-0.059114	
1225	0.999970	-0.000141	-0.536995	0.000141	0.999970	-0.060833	
1226	0.999872	-0.000188	-0.263149	0.000188	0.999872	-0.028810	
1227	0.999600	-0.000068	-0.041622	0.000068	0.999600	0.065499	
1228	0.999915	-0.000160	-0.255881	0.000160	0.999915	-0.076808	
1229	0.999904	-0.000146	-0.248636	0.000146	0.999904	-0.081131	
1230	0.999953	-0.000150	-0.252778	0.000150	0.999953	-0.097101	
1231	0.999952	-0.000128	-0.241036	0.000128	0.999952	-0.060623	
1232	0.999719	-0.000028	0.016078	0.000028	0.999719	0.157887	
1233	0.999926	-0.000060	-0.251818	0.000060	0.999926	-0.038654	
1234	0.999922	-0.000155	-0.169080	0.000155	0.999922	-0.109863	
1235	0.999980	-0.000238	-0.073064	0.000238	0.999980	-0.138127	
1236	1.000005	-0.000249	-0.242606	0.000249	1.000005	-0.079431	
1237	0.999404	-0.000281	0.441888	0.000281	0.999404	0.352037	
1238	0.999879	-0.000276	0.020160	0.000276	0.999879	0.064867	
1239	0.999765	-0.000428	0.102426	0.000428	0.999765	0.005587	
1240	0.999894	-0.000264	0.077719	0.000264	0.999894	0.013742	
1241	0.999911	-0.000318	0.158796	0.000318	0.999911	-0.056673	
1242	0.999646	-0.000475	0.795855	0.000475	0.999646	0.028795	
1243	0.999872	-0.000369	0.271157	0.000369	0.999872	-0.101373	
1244	0.999836	-0.000356	0.301651	0.000356	0.999836	-0.083986	
1245	0.999957	-0.000395	0.283537	0.000395	0.999957	-0.136731	
1246	1.000004	-0.000412	0.269260	0.000412	1.000004	-0.183937	
1247	0.999771	-0.000600	0.929258	0.000600	0.999771	-0.199672	
1248	0.999949	-0.000383	0.376508	0.000383	0.999949	-0.199269	
1249	1.000009	-0.000415	0.335450	0.000415	1.000009	-0.260476	
1250	0.999863	-0.000345	0.404231	0.000345	0.999863	-0.163474	
1251	1.000066	-0.000420	0.331729	0.000420	1.000066	-0.303667	
1252	0.999768	-0.000566	1.062965	0.000566	0.999768	-0.287340	
1253	1.000100	-0.000408	0.378797	0.000408	1.000100	-0.304261	
1254	1.000058	-0.000392	0.331666	0.000392	1.000058	-0.292902	
1255	1.000079	-0.000404	0.402533	0.000404	1.000079	-0.308299	
1256	1.000019	-0.000352	0.353976	0.000352	1.000019	-0.240956	
1257	1.000260	-0.000635	0.633461	0.000635	1.000260	-0.599511	
1258	1.000298	-0.000359	0.141418	0.000359	1.000298	-0.331263	
1259	1.000140	-0.000314	0.113271	0.000314	1.000140	-0.229372	
1260	1.000208	-0.000290	0.161771	0.000290	1.000208	-0.241421	
1261	1.000267	-0.000265	0.070461	0.000265	1.000267	-0.234436	
1262	1.000381	-0.000460	0.293167	0.000460	1.000381	-0.474044	
1263	1.000139	-0.000225	0.108076	0.000225	1.000139	-0.283965	
1264	1.000265	-0.000208	0.041252	0.000208	1.000265	-0.345583	
1265	1.000201	-0.000212	0.129284	0.000212	1.000201	-0.347427	
1266	1.000211	-0.000282	0.151299	0.000282	1.000211	-0.337845	
1267	1.000318	-0.000459	0.518120	0.000459	1.000318	-0.529444	
1268	1.000083	-0.000346	0.274735	0.000346	1.000083	-0.249631	
1269	1.000136	-0.000366	0.207648	0.000366	1.000136	-0.249954	
1270	1.000182	-0.000365	0.249835	0.000365	1.000182	-0.298333	
1271	1.000235	-0.000449	0.358635	0.000449	1.000235	-0.357099	
1272	1.000102	-0.000749	1.010253	0.000749	1.000102	-0.576282	
1273	1.000203	-0.000403	0.400235	0.000403	1.000203	-0.418555	
1274	1.000288	-0.000420	0.391583	0.000420	1.000288	-0.493503	
1275	1.000233	-0.000360	0.345253	0.000360	1.000233	-0.519487	
1276	1.000079	-0.000425	0.430824	0.000425	1.000079	-0.494461	
1277	0.999948	-0.000642	0.864504	0.000642	0.999948	-0.712863	
1278	1.000137	-0.000268	0.249308	0.000268	1.000137	-0.386290	
1279	1.000006	-0.000318	0.310860	0.000318	1.000006	-0.296130	
1280	0.999980	-0.000089	0.215560	0.000089	0.999980	-0.117196	
1281	0.999937	-0.000065	0.249136	0.000065	0.999937	-0.049608	
1282	0.999961	-0.000496	0.789271	0.000496	0.999961	-0.149641	
1283	0.999961	-0.000214	0.263787	0.000214	0.999961	0.006071	
1284	0.999856	-0.000330	0.377655	0.000330	0.999856	-0.021495	
1285	1.000037	-0.000334	0.381335	0.000334	1.000037	-0.130872	
1286	1.000018	-0.000317	0.415685	0.000317	1.000018	-0.105317	
1287	1.000729	-0.000878	1.094966	0.000878	1.000729	-0.538967	
1288	1.000370	-0.000440	0.517062	0.000440	1.000370	-0.199860	
1289	1.000398	-0.000569	0.736863	0.000569	1.000398	-0.225500	
1290	1.000674	-0.000633	0.894907	0.000633	1.000674	-0.352868	
1291	1.001139	-0.000710	0.992909	0.000710	1.001139	-0.617310	
1292	1.004537	-0.001197	2.272798	0.001197	1.004537	-1.935772	
1293	1.002614	-0.000940	1.077744	0.000940	1.002614	-1.415920	
1294	1.002745	-0.000919	1.293864	0.000919	1.002745	-1.450916	
1295	1.002764	-0.001045	1.543079	0.001045	1.002764	-1.561658	
1296	1.003475	-0.001075	1.325395	0.001075	1.003475	-1.870971	
1297	1.009352	-0.000863	2.362608	0.000863	1.009352	-3.733515	
1298	1.004158	-0.001217	1.173299	0.001217	1.004158	-2.061311	
1299	1.005102	-0.001099	0.741753	0.001099	1.005102	-2.285598	
1300	1.004686	-0.001078	1.069765	0.001078	1.004686	-2.066277	
1301	1.003922	-0.001130	1.478596	0.001130	1.003922	-1.714554	
1302	1.009255	-0.000707	2.475911	0.000707	1.009255	-2.178982	
1303	1.004193	-0.000998	1.106816	0.000998	1.004193	-1.316447	
1304	1.004716	-0.000917	0.878802	0.000917	1.004716	-1.181653	
1305	1.004297	-0.000875	1.081169	0.000875	1.004297	-0.862180	
1306	1.004545	-0.000822	0.905867	0.000822	1.004545	-0.652574	
1307	1.014765	-0.000497	-1.297888	0.000497	1.014765	-0.765541	
1308	1.007875	-0.000720	-0.623870	0.000720	1.007875	-0.694771	
1309	1.009160	-0.000783	-1.243472	0.000783	1.009160	-0.738115	
1310	1.011948	-0.000010	-2.593414	0.000010	1.011948	0.002230	
1311	1.007879	-0.000455	-0.923824	0.000455	1.007879	0.200426	
1312	1.017864	-0.000680	-3.190288	0.000680	1.017864	1.048588	
1313	1.008592	-0.000698	-1.690234	0.000698	1.008592	-0.167394	
1314	1.007631	-0.000717	-1.393881	0.000717	1.007631	-0.446452	
1315	1.006843	-0.000635	-1.315771	0.000635	1.006843	-0.551817	
1316	1.006436	-0.000396	-1.546576	0.000396	1.006436	-0.801564	
1317	1.015420	-0.000309	-4.869993	0.000309	1.015420	-1.996648	
1318	1.005353	-0.000199	-1.287414	0.000199	1.005353	-1.035082	
1319	1.004580	-0.000052	-0.993970	0.000052	1.004580	-0.827396	
1320	1.004152	-0.000183	-1.010715	0.000183	1.004152	-0.893787	
1321	1.002086	-0.000120	0.066167	0.000120	1.002086	-0.242907	
1322	1.001151	-0.000454	1.345341	0.000454	1.001151	0.419303	
1323	0.999806	-0.000028	1.328760	0.000028	0.999806	0.550452	
1324	0.999691	-0.000117	1.300374	0.000117	0.999691	0.464351	
1325	0.999756	-0.000200	1.312780	0.000200	0.999756	0.302899	
1326	0.999817	-0.000265	1.231108	0.000265	0.999817	0.199295	
1327	1.000261	-0.000388	1.765937	0.000388	1.000261	0.241460	
1328	1.000112	-0.000162	1.135341	0.000162	1.000112	0.113613	
1329	1.000407	-0.000238	0.805666	0.000238	1.000407	-0.149467	
1330	1.000415	-0.000381	0.836574	0.000381	1.000415	-0.278391	
1331	1.000374	-0.000363	1.005348	0.000363	1.000374	-0.266559	
1332	1.000225	-0.000475	1.965555	0.000475	1.000225	0.011086	
1333	1.000428	-0.000055	0.859111	0.000055	1.000428	-0.083166	
1334	1.000530	0.000039	0.607030	-0.000039	1.000530	-0.070113	
1335	1.000421	0.000081	0.530981	-0.000081	1.000421	0.009102	
1336	1.000307	0.000020	0.545885	-0.000020	1.000307	0.089544	
1337	0.999876	0.000029	0.537579	-0.000029	0.999876	0.419888	
1338	1.000153	0.000268	0.142691	-0.000268	1.000153	0.231800	
1339	1.000101	0.000186	0.063726	-0.000186	1.000101	0.227827	
1340	1.000226	0.000157	0.000320	-0.000157	1.000226	0.154366	
1341	1.000294	0.000165	-0.057021	-0.000165	1.000294	0.111520	
1342	1.000164	0.000064	-0.274896	-0.000064	1.000164	-0.022821	
1343	1.000340	0.000079	-0.110322	-0.000079	1.000340	-0.031582	
1344	1.000314	0.000141	-0.091621	-0.000141	1.000314	-0.045746	
1345	1.000484	0.000103	-0.156117	-0.000103	1.000484	-0.154479	
1346	1.000193	0.000131	0.011900	-0.000131	1.000193	-0.085764	
1347	1.000109	0.000198	-0.133857	-0.000198	1.000109	0.110330	
1348	1.000406	0.000262	-0.088078	-0.000262	1.000406	-0.023407	
1349	1.000722	0.000350	-0.024810	-0.000350	1.000722	-0.075623	
1350	1.000293	0.000199	-0.111086	-0.000199	1.000293	-0.030967	
1351	1.000373	0.000150	-0.058731	-0.000150	1.000373	-0.100837	
1352	1.000202	0.000136	-0.187319	-0.000136	1.000202	0.003921	
1353	1.000341	0.000065	-0.082393	-0.000065	1.000341	-0.146488	
1354	1.000491	0.000021	-0.130812	-0.000021	1.000491	-0.219191	
1355	1.000457	-0.000029	-0.089609	0.000029	1.000457	-0.239123	
1356	1.000549	-0.000038	-0.088010	0.000038	1.000549	-0.237068	
1357	1.000616	0.000016	-0.196725	-0.000016	1.000616	-0.252899	
1358	1.000129	0.000050	0.002130	-0.000050	1.000129	-0.117928	
1359	1.000576	-0.000153	-0.160835	0.000153	1.000576	-0.238014	
1360	1.000581	-0.000138	-0.072065	0.000138	1.000581	-0.253772	
1361	1.000611	-0.000171	-0.024087	0.000171	1.000611	-0.272508	
1362	1.000597	-0.000218	-0.060236	0.000218	1.000597	-0.347563	
1363	0.999819	0.000076	0.226855	-0.000076	0.999819	0.145903	
1364	1.000262	-0.000074	0.121191	0.000074	1.000262	-0.206342	
1365	1.000330	-0.000068	0.053951	0.000068	1.000330	-0.206827	
1366	1.000426	-0.000069	0.081274	0.000069	1.000426	-0.293413	
1367	1.000447	-0.000141	0.074263	0.000141	1.000447	-0.253679	
1368	1.000287	-0.000253	0.058360	0.000253	1.000287	-0.223319	
1369	1.000565	-0.000101	0.030753	0.000101	1.000565	-0.213863	
1370	1.000504	-0.000084	0.119424	0.000084	1.000504	-0.171666	
1371	1.000393	0.000000	0.174778	-0.000000	1.000393	-0.110982	
1372	1.000574	0.000023	0.113563	-0.000023	1.000574	-0.176472	
1373	0.999906	0.000172	0.289118	-0.000172	0.999906	0.082582	
1374	1.000411	0.000204	0.111001	-0.000204	1.000411	-0.186031	
1375	1.000398	0.000274	0.180809	-0.000274	1.000398	-0.107029	
1376	1.000316	0.000237	0.207612	-0.000237	1.000316	-0.060316	
1377	1.000418	0.000256	0.121851	-0.000256	1.000418	-0.054274	
1378	1.000080	0.000190	0.057017	-0.000190	1.000080	0.034029	
1379	1.000457	0.000082	0.178407	-0.000082	1.000457	-0.133104	
1380	1.000562	0.000074	0.032589	-0.000074	1.000562	-0.249926	
1381	1.000546	0.000156	0.130486	-0.000156	1.000546	-0.195016	
1382	1.000434	0.000210	0.259765	-0.000210	1.000434	-0.186600	
1383	1.000289	0.000251	-0.153900	-0.000251	1.000289	-0.162378	
1384	1.000338	0.000272	-0.047275	-0.000272	1.000338	-0.078364	
1385	1.000945	0.000182	-0.233827	-0.000182	1.000945	-0.473034	
1386	1.000266	0.000377	-0.019757	-0.000377	1.000266	-0.350508	
1387	0.999929	0.000470	-0.010382	-0.000470	0.999929	-0.140189	
1388	0.998131	0.000882	-0.231689	-0.000882	0.998131	0.541839	
1389	0.997765	0.000563	0.691257	-0.000563	0.997765	1.108856	
1390	0.996823	0.000566	1.154331	-0.000566	0.996823	1.562811	
1391	0.996078	0.000721	1.503469	-0.000721	0.996078	2.062447	
1392	0.997264	0.000561	0.443408	-0.000561	0.997264	1.465556	
1393	0.993994	0.001073	0.337034	-0.001073	0.993994	3.092071	
1394	0.996873	0.000549	0.494974	-0.000549	0.996873	1.561810	
1395	0.997177	0.000696	0.356890	-0.000696	0.997177	1.427823	
1396	0.996734	0.000764	0.513316	-0.000764	0.996734	1.678464	
1397	0.996621	0.000701	0.574288	-0.000701	0.996621	1.690679	
1398	0.990762	0.000897	1.527849	-0.000897	0.990762	4.051129	
1399	0.996950	0.000825	0.198933	-0.000825	0.996950	1.750726	
1400	0.997209	0.000827	-0.463804	-0.000827	0.997209	1.471190	
