0	1.000000	0.000000	0.000000	0.000000	1.000000	0.000000	
1	0.999614	0.000176	-7.771784	-0.000176	0.999614	0.475901	
2	0.999647	0.000268	-7.790580	-0.000268	0.999647	0.559389	
3	0.999855	0.000296	-7.923737	-0.000296	0.999855	0.651364	
4	0.999749	0.000173	-7.842173	-0.000173	0.999749	0.559088	
5	0.999805	0.000386	-7.793988	-0.000386	0.999805	0.520813	
6	0.999687	0.000310	-7.564289	-0.000310	0.999687	0.478364	
7	0.999738	0.000264	-7.600834	-0.000264	0.999738	0.450026	
8	0.999804	0.000366	-7.549246	-0.000366	0.999804	0.630043	
9	0.999772	0.000280	-7.468575	-0.000280	0.999772	0.432362	
10	0.999830	0.000262	-7.517073	-0.000262	0.999830	0.420363	
11	0.999924	0.000254	-7.827874	-0.000254	0.999924	0.311806	
12	0.999701	0.000243	-7.691239	-0.000243	0.999701	0.370232	
13	0.999849	0.000293	-7.788376	-0.000293	0.999849	0.522073	
14	1.000022	0.000217	-7.856536	-0.000217	1.000022	0.333260	
15	0.999854	0.000250	-7.554581	-0.000250	0.999854	0.219698	
16	1.000036	0.000254	-7.662707	-0.000254	1.000036	0.181769	
17	0.999751	0.000265	-7.133620	-0.000265	0.999751	0.393419	
18	0.999992	0.000266	-7.220569	-0.000266	0.999992	0.535260	
19	0.999982	0.000361	-6.878884	-0.000361	0.999982	0.324213	
20	0.999949	0.000313	-6.662838	-0.000313	0.999949	0.167926	
21	0.998113	-0.000068	-4.503399	0.000068	0.998113	0.291154	
22	0.999748	0.000160	-6.129500	-0.000160	0.999748	0.348942	
23	0.997738	-0.000259	-3.963749	0.000259	0.997738	0.547889	
24	0.997756	-0.000221	-4.103753	0.000221	0.997756	0.506653	
25	1.000054	0.000351	-6.514476	-0.000351	1.000054	0.080986	
26	0.999740	0.000342	-6.207053	-0.000342	0.999740	0.080967	
27	0.997900	-0.000068	-4.165457	0.000068	0.997900	0.281050	
28	0.998529	0.000017	-4.651119	-0.000017	0.998529	0.584964	
29	0.998036	0.000103	-3.851643	-0.000103	0.998036	0.475650	
30	0.998108	0.000158	-3.747028	-0.000158	0.998108	0.281461	
31	0.998322	0.000064	-4.242704	-0.000064	0.998322	0.184687	
32	0.997997	0.000081	-4.030647	-0.000081	0.997997	0.299184	
33	1.000125	0.000389	-6.503001	-0.000389	1.000125	0.637424	
34	0.998488	0.000034	-4.895972	-0.000034	0.998488	0.319080	
35	0.998146	0.000092	-4.752019	-0.000092	0.998146	0.045803	
36	1.000063	0.000513	-6.937343	-0.000513	1.000063	0.202537	
37	0.999985	0.000295	-6.975091	-0.000295	0.999985	0.387674	
38	1.000132	0.000280	-7.320943	-0.000280	1.000132	0.418654	
39	0.998540	0.000161	-5.913496	-0.000161	0.998540	0.202919	
40	1.000102	0.000376	-7.640405	-0.000376	1.000102	-0.122598	
41	1.000171	0.000209	-7.897179	-0.000209	1.000171	0.084261	
42	0.997123	-0.000376	-4.991153	0.000376	0.997123	0.385160	
43	1.000140	0.000206	-8.031905	-0.000206	1.000140	0.110023	
44	0.998425	0.000140	-6.115872	-0.000140	0.998425	-0.014064	
45	0.998069	-0.000081	-5.575994	0.000081	0.998069	0.039692	
46	0.998129	-0.000229	-5.552630	0.000229	0.998129	0.217375	
47	1.000125	0.000365	-7.661963	-0.000365	1.000125	0.360370	
48	1.000183	0.000415	-7.785735	-0.000415	1.000183	0.086057	
49	1.000153	0.000445	-7.768328	-0.000445	1.000153	-0.180458	
50	1.000354	0.000425	-7.950506	-0.000425	1.000354	0.179317	
51	1.000170	0.000460	-7.690951	-0.000460	1.000170	0.438588	
52	1.000205	0.000433	-7.621935	-0.000433	1.000205	0.205098	
53	1.000286	0.000355	-7.616399	-0.000355	1.000286	-0.043824	
54	1.000313	0.000513	-7.552495	-0.000513	1.000313	0.329238	
55	0.996621	-0.000163	-4.069663	0.000163	0.996621	0.574441	
56	1.000388	0.000352	-7.815632	-0.000352	1.000388	0.170281	
57	1.000336	0.000383	-7.625748	-0.000383	1.000336	0.146753	
58	1.000381	0.000396	-7.552637	-0.000396	1.000381	0.013145	
59	1.000316	0.000426	-7.397150	-0.000426	1.000316	0.190415	
60	1.000323	0.000313	-7.303170	-0.000313	1.000323	0.325116	
61	1.000454	0.000478	-7.400040	-0.000478	1.000454	0.328571	
62	1.000295	0.000498	-7.300820	-0.000498	1.000295	0.301101	
63	1.000440	0.000523	-7.639550	-0.000523	1.000440	0.146645	
64	1.000484	0.000488	-7.904083	-0.000488	1.000484	0.044314	
65	1.000375	0.000632	-7.734342	-0.000632	1.000375	0.324341	
66	1.000401	0.000525	-7.601644	-0.000525	1.000401	0.420187	
67	1.000200	0.000637	-7.344039	-0.000637	1.000200	0.355275	
68	1.000262	0.000567	-7.399712	-0.000567	1.000262	0.207150	
69	1.000326	0.000580	-7.590811	-0.000580	1.000326	0.181073	
70	1.000345	0.000470	-7.815895	-0.000470	1.000345	0.206946	
71	1.000301	0.000456	-7.803208	-0.000456	1.000301	0.308735	
72	1.000445	0.000585	-7.911018	-0.000585	1.000445	0.295456	
73	1.000344	0.000446	-7.752607	-0.000446	1.000344	0.189372	
74	1.000264	0.000460	-7.735571	-0.000460	1.000264	0.341529	
75	1.000271	0.000644	-7.560046	-0.000644	1.000271	0.434306	
76	1.000326	0.000556	-7.627739	-0.000556	1.000326	0.320645	
77	1.000238	0.000549	-7.481118	-0.000549	1.000238	0.174709	
78	1.000246	0.000581	-7.431820	-0.000581	1.000246	0.194838	
79	1.000336	0.000676	-7.452248	-0.000676	1.000336	0.391863	
80	0.998312	-0.000066	-5.246739	0.000066	0.998312	0.288810	
81	1.000285	0.000535	-7.314663	-0.000535	1.000285	0.438278	
82	1.000250	0.000691	-7.350381	-0.000691	1.000250	0.326914	
83	0.998802	0.000252	-5.816376	-0.000252	0.998802	0.298053	
84	1.000270	0.000630	-7.431118	-0.000630	1.000270	0.320627	
85	1.000296	0.000707	-7.381942	-0.000707	1.000296	0.348583	
86	1.000395	0.000577	-7.467463	-0.000577	1.000395	0.290145	
87	1.000376	0.000508	-7.415084	-0.000508	1.000376	0.233868	
88	1.000446	0.000606	-7.307810	-0.000606	1.000446	0.270038	
89	1.000467	0.000690	-7.343166	-0.000690	1.000467	0.239375	
90	1.000496	0.000536	-7.266618	-0.000536	1.000496	0.264432	
91	1.000444	0.000581	-7.019602	-0.000581	1.000444	0.408850	
92	1.000423	0.000681	-6.818145	-0.000681	1.000423	0.370248	
93	0.999932	0.000428	-6.165849	-0.000428	0.999932	0.216596	
94	1.000283	0.000466	-6.505255	-0.000466	1.000283	0.231016	
95	1.000418	0.000513	-6.541329	-0.000513	1.000418	0.278756	
96	1.000333	0.000704	-6.462104	-0.000704	1.000333	0.339779	
97	1.000311	0.000764	-6.387112	-0.000764	1.000311	0.222769	
98	0.998690	0.000264	-4.663406	-0.000264	0.998690	0.353317	
99	0.998474	0.000337	-4.449194	-0.000337	0.998474	0.397092	
100	1.000291	0.000813	-6.151625	-0.000813	1.000291	0.142201	
101	1.000426	0.000550	-6.195668	-0.000550	1.000426	-0.073078	
102	1.000337	0.000706	-5.979349	-0.000706	1.000337	0.214029	
103	1.000211	0.000442	-5.889268	-0.000442	1.000211	0.048504	
104	0.999127	0.000138	-4.764097	-0.000138	0.999127	0.019639	
105	0.999063	0.000112	-4.790613	-0.000112	0.999063	-0.141159	
106	1.000408	0.000516	-6.418008	-0.000516	1.000408	-0.097074	
107	1.000462	0.000500	-6.473386	-0.000500	1.000462	-0.078300	
108	1.000446	0.000493	-6.493353	-0.000493	1.000446	-0.213609	
109	1.000553	0.000540	-6.602197	-0.000540	1.000553	-0.060826	
110	1.000425	0.000566	-6.566296	-0.000566	1.000425	0.243598	
111	1.000348	0.000610	-6.496635	-0.000610	1.000348	0.130274	
112	0.999010	0.000395	-5.133297	-0.000395	0.999010	0.166052	
113	1.000249	0.000874	-6.591652	-0.000874	1.000249	0.360937	
114	0.999030	0.000519	-5.429736	-0.000519	0.999030	0.315105	
115	1.000156	0.000579	-6.537266	-0.000579	1.000156	0.161118	
116	1.000099	0.000554	-6.402014	-0.000554	1.000099	0.240542	
117	0.999972	0.000609	-6.375008	-0.000609	0.999972	0.045429	
118	0.999751	0.000318	-6.301595	-0.000318	0.999751	-0.038003	
119	1.000221	0.000386	-6.576825	-0.000386	1.000221	0.295765	
120	1.000267	0.000465	-6.592226	-0.000465	1.000267	0.404072	
121	1.000169	0.000608	-6.495811	-0.000608	1.000169	0.180871	
122	0.998715	0.000518	-4.901210	-0.000518	0.998715	0.251496	
123	0.999927	0.000498	-6.334378	-0.000498	0.999927	0.321659	
124	0.999232	0.000543	-5.644101	-0.000543	0.999232	0.473525	
125	0.997549	0.000134	-3.876987	-0.000134	0.997549	0.418992	
126	0.999329	0.000472	-5.868912	-0.000472	0.999329	0.369282	
127	0.997924	0.000442	-4.285368	-0.000442	0.997924	0.333487	
128	0.997653	0.000289	-3.951444	-0.000289	0.997653	0.373485	
129	0.998814	0.000471	-5.239839	-0.000471	0.998814	0.680731	
130	0.999283	0.000469	-5.734447	-0.000469	0.999283	0.606255	
131	0.999496	0.000567	-5.844296	-0.000567	0.999496	0.248028	
132	0.997447	0.000192	-3.704477	-0.000192	0.997447	0.045469	
133	0.998052	0.000075	-4.161175	-0.000075	0.998052	0.272418	
134	0.999860	0.000542	-5.934267	-0.000542	0.999860	0.458823	
135	1.000207	0.000434	-6.252712	-0.000434	1.000207	0.118104	
136	1.000261	0.000402	-6.336235	-0.000402	1.000261	0.033520	
137	0.998691	0.000171	-4.784834	-0.000171	0.998691	0.069483	
138	1.000262	0.000313	-6.319828	-0.000313	1.000262	0.195165	
139	1.000405	0.000423	-6.281253	-0.000423	1.000405	0.386432	
140	0.998972	-0.000006	-4.480387	0.000006	0.998972	0.048438	
141	0.997042	0.000178	-2.624867	-0.000178	0.997042	0.257812	
142	0.998709	0.000050	-4.024892	-0.000050	0.998709	0.189435	
143	0.998924	0.000114	-4.111700	-0.000114	0.998924	0.205781	
144	0.998904	0.000140	-4.022082	-0.000140	0.998904	0.198678	
145	0.999016	0.000208	-4.037492	-0.000208	0.999016	-0.045024	
146	0.999247	0.000518	-3.856302	-0.000518	0.999247	0.135883	
147	0.999543	0.000329	-4.023313	-0.000329	0.999543	0.320007	
148	0.999068	0.000108	-3.859455	-0.000108	0.999068	0.230868	
149	1.000480	0.000420	-5.378934	-0.000420	1.000480	0.174566	
150	0.998880	0.000222	-3.918049	-0.000222	0.998880	0.113619	
151	0.999726	0.000351	-4.784882	-0.000351	0.999726	0.046399	
152	0.998892	0.000125	-4.381012	-0.000125	0.998892	0.199301	
153	1.000264	0.000459	-6.239706	-0.000459	1.000264	0.224952	
154	1.000300	0.000402	-6.631502	-0.000402	1.000300	0.136823	
155	1.000403	0.000441	-7.034361	-0.000441	1.000403	-0.003457	
156	1.000542	0.000260	-7.697960	-0.000260	1.000542	0.051656	
157	1.000736	0.000405	-8.430346	-0.000405	1.000736	0.017468	
158	1.000646	0.000411	-8.901133	-0.000411	1.000646	0.127672	
159	1.000573	0.000568	-9.606551	-0.000568	1.000573	0.053428	
160	1.000652	0.000297	-10.374095	-0.000297	1.000652	-0.256166	
161	1.000665	0.000579	-11.046407	-0.000579	1.000665	0.110505	
162	1.000508	0.000312	-11.351356	-0.000312	1.000508	0.085777	
163	1.000564	0.000501	-11.854639	-0.000501	1.000564	0.324987	
164	1.000492	0.000508	-12.478820	-0.000508	1.000492	0.092398	
165	1.000557	0.000572	-12.954645	-0.000572	1.000557	-0.169889	
166	1.000692	0.000585	-13.456187	-0.000585	1.000692	0.144428	
167	1.000764	0.000710	-13.911703	-0.000710	1.000764	0.366687	
168	1.000628	0.000682	-14.208190	-0.000682	1.000628	0.255880	
169	1.000850	0.000616	-14.481912	-0.000616	1.000850	0.089657	
170	1.000879	0.000722	-14.743805	-0.000722	1.000879	0.183691	
171	1.000741	0.000828	-14.750862	-0.000828	1.000741	0.355708	
172	1.000518	0.000729	-14.885181	-0.000729	1.000518	0.343648	
173	1.000636	0.000896	-14.965154	-0.000896	1.000636	0.352525	
174	1.000393	0.000786	-14.848854	-0.000786	1.000393	0.288686	
175	1.000552	0.000651	-15.110901	-0.000651	1.000552	0.000209	
176	1.000390	0.000733	-15.275370	-0.000733	1.000390	0.058060	
177	1.000379	0.000819	-15.272112	-0.000819	1.000379	0.142908	
178	1.000227	0.000755	-15.370691	-0.000755	1.000227	0.185414	
179	1.000661	0.000850	-15.818864	-0.000850	1.000661	0.058811	
180	1.000625	0.000919	-16.055794	-0.000919	1.000625	0.082835	
181	1.000409	0.000765	-16.049412	-0.000765	1.000409	0.086641	
182	1.000505	0.000881	-15.997416	-0.000881	1.000505	-0.044226	
183	1.000184	0.000950	-15.999325	-0.000950	1.000184	0.006057	
184	1.000279	0.000980	-15.907799	-0.000980	1.000279	-0.046601	
185	1.000184	0.000853	-15.802833	-0.000853	1.000184	-0.067513	
186	1.000269	0.000948	-16.077346	-0.000948	1.000269	0.059088	
187	1.000095	0.001100	-16.132085	-0.001100	1.000095	0.148415	
188	0.999746	0.001057	-16.013947	-0.001057	0.999746	0.156491	
189	0.999694	0.001066	-16.197132	-0.001066	0.999694	0.151950	
190	0.999794	0.000884	-16.299762	-0.000884	0.999794	-0.003807	
191	0.999341	0.000895	-15.706755	-0.000895	0.999341	0.173479	
192	0.999753	0.001102	-15.684551	-0.001102	0.999753	0.217640	
193	0.999079	0.001559	-14.530591	-0.001559	0.999079	0.754421	
194	0.999373	0.001083	-14.763931	-0.001083	0.999373	0.391643	
195	0.999750	0.001095	-15.018697	-0.001095	0.999750	0.249579	
196	0.999761	0.001273	-14.750056	-0.001273	0.999761	0.417265	
197	1.000039	0.000844	-14.758442	-0.000844	1.000039	0.068161	
198	1.000363	0.001021	-14.618627	-0.001021	1.000363	0.175451	
199	1.000162	0.001084	-14.039655	-0.001084	1.000162	0.300464	
200	1.000078	0.001025	-13.749262	-0.001025	1.000078	0.204340	
201	1.000081	0.001078	-13.424764	-0.001078	1.000081	0.482812	
202	0.999762	0.001017	-13.000125	-0.001017	0.999762	0.715084	
203	0.999724	0.001292	-12.653075	-0.001292	0.999724	0.462119	
204	0.999993	0.001036	-12.605874	-0.001036	0.999993	0.083982	
205	1.000142	0.000764	-12.412881	-0.000764	1.000142	0.037676	
206	1.000033	0.000851	-11.790380	-0.000851	1.000033	0.499044	
207	0.999878	0.000763	-11.270207	-0.000763	0.999878	0.588373	
208	0.999894	0.000707	-10.886428	-0.000707	0.999894	0.362988	
209	0.999820	0.000741	-10.546346	-0.000741	0.999820	-0.069668	
210	0.999677	0.000680	-9.890520	-0.000680	0.999677	-0.173464	
211	0.999663	0.000746	-9.287766	-0.000746	0.999663	-0.015575	
212	0.999699	0.000649	-8.872790	-0.000649	0.999699	-0.030305	
213	0.999719	0.000619	-8.512783	-0.000619	0.999719	-0.079630	
214	0.999850	0.000432	-8.515359	-0.000432	0.999850	-0.364415	
215	1.000033	0.000398	-8.644890	-0.000398	1.000033	-0.463695	
216	1.000035	0.000455	-8.567107	-0.000455	1.000035	-0.321288	
217	0.999981	0.000566	-8.397994	-0.000566	0.999981	-0.188228	
218	0.999968	0.000449	-8.355913	-0.000449	0.999968	-0.329667	
219	0.999884	0.000425	-7.810881	-0.000425	0.999884	-0.399120	
220	0.999951	0.000382	-7.169936	-0.000382	0.999951	-0.489258	
221	0.999771	0.000289	-6.476707	-0.000289	0.999771	-0.241113	
222	0.997907	0.000083	-4.227900	-0.000083	0.997907	-0.062996	
223	0.998218	0.000112	-3.980687	-0.000112	0.998218	-0.233046	
224	0.998064	0.000179	-3.571414	-0.000179	0.998064	-0.172176	
225	0.998532	0.000195	-3.631664	-0.000195	0.998532	-0.190769	
226	0.998679	0.000095	-3.428597	-0.000095	0.998679	-0.291167	
227	0.998861	0.000275	-3.118842	-0.000275	0.998861	-0.229808	
228	0.999033	0.000297	-2.733382	-0.000297	0.999033	-0.209653	
229	0.998986	0.000298	-2.272376	-0.000298	0.998986	-0.228147	
230	0.999150	0.000169	-1.828814	-0.000169	0.999150	-0.431509	
231	0.999423	0.000348	-1.194988	-0.000348	0.999423	-0.312546	
232	0.999673	0.000165	-0.679372	-0.000165	0.999673	-0.442983	
233	0.999892	0.000173	-0.047226	-0.000173	0.999892	-0.540008	
234	0.999960	0.000247	0.244188	-0.000247	0.999960	-0.528300	
235	0.999840	0.000337	0.281924	-0.000337	0.999840	-0.573538	
236	1.000033	0.000338	0.224624	-0.000338	1.000033	-0.638275	
237	1.000023	0.000340	0.378219	-0.000340	1.000023	-0.572454	
238	0.999986	0.000288	0.717097	-0.000288	0.999986	-0.549540	
239	1.000063	0.000237	0.881481	-0.000237	1.000063	-0.532365	
240	1.000086	0.000135	0.928487	-0.000135	1.000086	-0.605810	
241	1.000106	0.000301	1.129767	-0.000301	1.000106	-0.457369	
242	1.000300	0.000169	1.114903	-0.000169	1.000300	-0.373670	
243	1.000201	0.000109	1.614148	-0.000109	1.000201	-0.036331	
244	1.000343	0.000086	1.702757	-0.000086	1.000343	0.103905	
245	1.000390	-0.000028	1.574351	0.000028	1.000390	-0.097376	
246	1.000405	0.000053	1.811911	-0.000053	1.000405	-0.083639	
247	1.000644	-0.000118	1.972213	0.000118	1.000644	0.186106	
248	1.000727	-0.000150	2.123745	0.000150	1.000727	0.193903	
249	1.000987	-0.000077	2.361367	0.000077	1.000987	-0.046503	
250	1.001099	-0.000003	2.783401	0.000003	1.001099	0.035071	
251	1.001298	-0.000101	3.052806	0.000101	1.001298	0.093409	
252	1.001513	-0.000056	3.325430	0.000056	1.001513	0.100888	
253	1.001566	-0.000058	3.660348	0.000058	1.001566	0.042899	
254	1.001543	-0.000169	4.132198	0.000169	1.001543	0.002802	
255	1.000888	-0.000232	4.964935	0.000232	1.000888	-0.175671	
256	1.002000	0.000040	4.225329	-0.000040	1.002000	-0.093325	
257	1.002125	-0.000096	4.373618	0.000096	1.002125	-0.093350	
258	1.000072	-0.000273	6.691410	0.000273	1.000072	0.005771	
259	1.002297	0.000093	5.001710	-0.000093	1.002297	-0.082863	
260	1.000326	-0.000135	7.374925	0.000135	1.000326	0.044427	
261	1.000049	-0.000282	8.301509	0.000282	1.000049	-0.082878	
262	1.000388	-0.000267	8.748867	0.000267	1.000388	-0.088502	
263	1.000545	-0.000367	9.310460	0.000367	1.000545	-0.026459	
264	1.000543	-0.000466	10.258992	0.000466	1.000543	-0.066143	
265	1.000574	-0.000336	11.070868	0.000336	1.000574	-0.267447	
266	1.000424	-0.000463	11.934297	0.000463	1.000424	-0.350083	
267	1.000369	-0.000476	12.559087	0.000476	1.000369	-0.156414	
268	1.000430	-0.000446	12.974382	0.000446	1.000430	-0.127888	
269	1.000512	-0.000491	13.456447	0.000491	1.000512	-0.353878	
270	1.000442	-0.000366	13.882761	0.000366	1.000442	-0.287483	
271	1.000624	-0.000331	14.023470	0.000331	1.000624	-0.117393	
272	1.000901	-0.000421	14.276635	0.000421	1.000901	-0.273212	
273	1.000772	-0.000388	14.752022	0.000388	1.000772	-0.402822	
274	1.000714	-0.000719	15.110718	0.000719	1.000714	-0.604629	
275	1.000676	-0.000702	15.595809	0.000702	1.000676	-0.377333	
276	1.000322	-0.000528	16.320093	0.000528	1.000322	-0.087332	
277	1.001146	-0.000843	16.032015	0.000843	1.001146	-0.675303	
278	1.000999	-0.000735	16.578541	0.000735	1.000999	-0.627024	
279	1.001138	-0.000602	16.752412	0.000602	1.001138	-0.468694	
280	1.000842	-0.000467	17.262036	0.000467	1.000842	-0.415462	
281	1.001838	-0.001346	16.689549	0.001346	1.001838	-1.196041	
282	1.002021	-0.001536	17.080452	0.001536	1.002021	-1.435660	
283	1.000672	-0.000454	18.595322	0.000454	1.000672	-0.393117	
284	1.000927	-0.000600	18.688827	0.000600	1.000927	-0.425503	
285	1.001065	-0.000692	18.823110	0.000692	1.001065	-0.553423	
286	1.000409	-0.000566	19.953073	0.000566	1.000409	-0.411066	
287	1.000869	-0.000672	19.590705	0.000672	1.000869	-0.554902	
288	1.000926	-0.000790	19.834384	0.000790	1.000926	-0.548480	
289	1.000376	-0.000688	20.340648	0.000688	1.000376	-0.505635	
290	1.000710	-0.000516	20.040155	0.000516	1.000710	-0.471760	
291	1.000749	-0.000493	19.863991	0.000493	1.000749	-0.414615	
292	1.000146	-0.000490	20.317939	0.000490	1.000146	-0.345359	
293	0.999804	-0.000670	20.384144	0.000670	0.999804	-0.350626	
294	1.000113	-0.000680	19.943476	0.000680	1.000113	-0.343481	
295	1.000090	-0.000765	19.589700	0.000765	1.000090	-0.521364	
296	1.000686	-0.000623	18.986993	0.000623	1.000686	-0.514088	
297	1.000288	-0.000793	18.922885	0.000793	1.000288	-0.455335	
298	1.000481	-0.000837	18.507238	0.000837	1.000481	-0.526806	
299	1.000675	-0.000965	17.978322	0.000965	1.000675	-0.804856	
300	1.000378	-0.000480	18.138268	0.000480	1.000378	-0.396303	
301	1.000136	-0.000892	17.892955	0.000892	1.000136	-0.391787	
302	1.000338	-0.000677	17.653368	0.000677	1.000338	-0.421040	
303	1.000436	-0.000549	17.323264	0.000549	1.000436	-0.485067	
304	1.000228	-0.000748	17.110160	0.000748	1.000228	-0.543069	
305	1.000527	-0.000817	16.507446	0.000817	1.000527	-0.493987	
306	1.000282	-0.000992	16.518141	0.000992	1.000282	-0.638154	
307	1.000511	-0.000863	16.385696	0.000863	1.000511	-0.725819	
308	1.001213	-0.001551	15.571493	0.001551	1.001213	-1.234503	
309	1.000083	-0.001180	16.136958	0.001180	1.000083	-0.764064	
310	1.000291	-0.001112	15.931670	0.001112	1.000291	-0.849408	
311	1.000017	-0.000985	15.827584	0.000985	1.000017	-0.644485	
312	1.000153	-0.000724	15.591872	0.000724	1.000153	-0.394863	
313	0.999894	-0.000881	15.316893	0.000881	0.999894	-0.487030	
314	0.999824	-0.000964	15.024276	0.000964	0.999824	-0.600015	
315	0.999946	-0.001056	14.827132	0.001056	0.999946	-0.548080	
316	0.999952	-0.001021	14.475414	0.001021	0.999952	-0.435019	
317	0.999724	-0.001016	14.246356	0.001016	0.999724	-0.437928	
318	0.999883	-0.000876	14.029098	0.000876	0.999883	-0.520911	
319	0.999681	-0.000749	14.005025	0.000749	0.999681	-0.419442	
320	0.999626	-0.000760	13.922413	0.000760	0.999626	-0.422127	
321	0.999792	-0.000721	13.917418	0.000721	0.999792	-0.406068	
322	0.999688	-0.000746	13.929672	0.000746	0.999688	-0.358422	
323	0.999481	-0.000693	13.868542	0.000693	0.999481	-0.165470	
324	0.999410	-0.000672	13.978444	0.000672	0.999410	-0.207998	
325	0.999294	-0.000885	14.074167	0.000885	0.999294	-0.373142	
326	0.999232	-0.000925	14.199400	0.000925	0.999232	-0.409871	
327	0.999595	-0.000806	13.911805	0.000806	0.999595	-0.333439	
328	0.999415	-0.000585	14.005464	0.000585	0.999415	-0.171444	
329	0.999265	-0.000646	13.963222	0.000646	0.999265	-0.200718	
330	0.999397	-0.000406	13.843377	0.000406	0.999397	-0.026012	
331	0.999092	-0.000508	13.756022	0.000508	0.999092	0.041386	
332	0.999139	-0.000615	13.529557	0.000615	0.999139	-0.211901	
333	0.999264	-0.000711	12.994446	0.000711	0.999264	-0.262527	
334	0.999273	-0.000871	12.613281	0.000871	0.999273	-0.417702	
335	0.999265	-0.000839	12.053395	0.000839	0.999265	-0.358627	
336	0.999206	-0.000645	11.613775	0.000645	0.999206	-0.246836	
337	0.999192	-0.000451	11.119264	0.000451	0.999192	-0.065612	
338	0.999305	-0.000317	10.589230	0.000317	0.999305	-0.026890	
339	0.999360	-0.000288	10.296159	0.000288	0.999360	-0.008343	
340	0.999394	-0.000252	10.081731	0.000252	0.999394	0.086806	
341	0.999444	-0.000423	9.803211	0.000423	0.999444	0.039521	
342	0.999488	-0.000400	9.477811	0.000400	0.999488	-0.107515	
343	0.999990	-0.000417	9.169080	0.000417	0.999990	-0.141571	
344	0.999710	-0.000330	9.957646	0.000330	0.999710	-0.042952	
345	0.999660	-0.000303	10.372153	0.000303	0.999660	-0.022472	
346	0.999713	-0.000356	10.816810	0.000356	0.999713	-0.067711	
347	0.999751	-0.000277	11.159390	0.000277	0.999751	-0.069608	
348	0.999799	-0.000334	11.712322	0.000334	0.999799	-0.155251	
349	0.999729	-0.000294	12.434000	0.000294	0.999729	0.123577	
350	0.999680	-0.000360	12.905036	0.000360	0.999680	0.128093	
351	0.999914	-0.000391	13.182617	0.000391	0.999914	-0.287683	
352	0.999993	-0.000437	13.568259	0.000437	0.999993	-0.306908	
353	1.000089	-0.000623	13.921302	0.000623	1.000089	-0.278784	
354	1.000028	-0.000324	14.510590	0.000324	1.000028	-0.089671	
355	0.999984	-0.000422	14.817516	0.000422	0.999984	-0.092014	
356	0.999872	-0.000256	15.149598	0.000256	0.999872	-0.146475	
357	1.000046	-0.000321	15.259482	0.000321	1.000046	-0.306260	
358	1.000166	-0.000266	15.521627	0.000266	1.000166	-0.035436	
359	0.999964	-0.000229	15.771140	0.000229	0.999964	0.107591	
360	1.000121	-0.000355	15.849403	0.000355	1.000121	-0.191538	
361	1.000288	-0.000346	15.681145	0.000346	1.000288	-0.253105	
362	1.000001	-0.000504	15.676463	0.000504	1.000001	-0.311650	
363	1.000072	-0.000159	15.695190	0.000159	1.000072	-0.061667	
364	1.000192	-0.000242	15.460901	0.000242	1.000192	-0.281727	
365	1.000121	-0.000331	15.345180	0.000331	1.000121	-0.230630	
366	1.000091	-0.000406	15.293749	0.000406	1.000091	-0.242925	
367	0.999945	-0.000474	15.357258	0.000474	0.999945	-0.376564	
368	1.000003	-0.000509	15.289618	0.000509	1.000003	-0.354249	
369	1.000076	-0.000639	15.040501	0.000639	1.000076	-0.379474	
370	1.000102	-0.000515	14.994561	0.000515	1.000102	-0.282716	
371	0.999877	-0.000253	15.240059	0.000253	0.999877	-0.183819	
372	1.000042	-0.000208	15.092124	0.000208	1.000042	-0.194052	
373	0.999737	-0.000548	15.242352	0.000548	0.999737	-0.209097	
374	0.999807	-0.000333	14.977934	0.000333	0.999807	-0.138684	
375	0.999508	-0.000497	14.775905	0.000497	0.999508	-0.385786	
376	0.999548	-0.000688	14.500092	0.000688	0.999548	-0.503231	
377	0.999419	-0.000767	13.922992	0.000767	0.999419	-0.458078	
378	0.999383	-0.000831	13.345548	0.000831	0.999383	-0.503595	
379	0.999804	-0.000658	12.553670	0.000658	0.999804	-0.496010	
380	0.999240	-0.000671	11.850965	0.000671	0.999240	-0.391474	
381	0.999482	-0.000375	10.637902	0.000375	0.999482	-0.228469	
382	0.999287	-0.000336	9.562718	0.000336	0.999287	-0.191764	
383	1.002086	0.000031	5.761465	-0.000031	1.002086	-0.302065	
384	0.999501	-0.000213	7.288478	0.000213	0.999501	-0.128924	
385	1.001335	-0.000016	4.758497	0.000016	1.001335	-0.179193	
386	1.001348	-0.000115	4.244041	0.000115	1.001348	-0.201864	
387	1.000946	-0.000298	4.064154	0.000298	1.000946	-0.276346	
388	1.000908	-0.000324	3.637476	0.000324	1.000908	-0.225729	
389	1.000862	-0.000331	2.979169	0.000331	1.000862	-0.167548	
390	1.000632	-0.000178	2.411884	0.000178	1.000632	-0.107497	
391	1.000300	-0.000145	1.835761	0.000145	1.000300	-0.086187	
392	1.000019	-0.000056	0.922211	0.000056	1.000019	-0.056021	
393	0.999623	0.000030	0.323226	-0.000030	0.999623	-0.135732	
394	0.999615	0.000037	-0.033409	-0.000037	0.999615	-0.275232	
395	0.999513	-0.000063	-0.033131	0.000063	0.999513	-0.170495	
396	0.999527	0.000019	-0.397273	-0.000019	0.999527	-0.201368	
397	0.999368	0.000039	-0.622830	-0.000039	0.999368	-0.400338	
398	0.999227	-0.000006	-0.999534	0.000006	0.999227	-0.472601	
399	0.998982	-0.000123	-1.716333	0.000123	0.998982	-0.471465	
400	0.998736	-0.000067	-2.092084	0.000067	0.998736	-0.357964	
401	0.998134	-0.000053	-2.140529	0.000053	0.998134	-0.335065	
402	0.997484	0.000078	-2.259059	-0.000078	0.997484	-0.263800	
403	0.997834	-0.000005	-3.259137	0.000005	0.997834	-0.301198	
404	0.997288	0.000024	-3.546349	-0.000024	0.997288	-0.223451	
405	0.999397	-0.000070	-6.474635	0.000070	0.999397	-0.282861	
406	0.997484	-0.000097	-5.738458	0.000097	0.997484	-0.067891	
407	0.999570	0.000054	-8.574077	-0.000054	0.999570	-0.133642	
408	0.999535	0.000055	-9.484808	-0.000055	0.999535	-0.103700	
409	0.999447	0.000001	-9.740730	-0.000001	0.999447	-0.069117	
410	0.999577	0.000044	-10.579297	-0.000044	0.999577	-0.013731	
411	0.999722	0.000078	-11.525668	-0.000078	0.999722	0.100439	
412	0.999678	0.000091	-12.352882	-0.000091	0.999678	0.118948	
413	0.999823	0.000117	-13.446295	-0.000117	0.999823	0.065037	
414	0.999932	-0.000029	-14.365465	0.000029	0.999932	0.002679	
415	0.999873	-0.000013	-15.420372	0.000013	0.999873	0.126277	
416	0.999891	0.000094	-16.360126	-0.000094	0.999891	0.168269	
417	0.999935	0.000121	-16.932416	-0.000121	0.999935	0.117294	
418	0.999723	0.000032	-17.182128	-0.000032	0.999723	0.101691	
419	0.999648	0.000197	-17.524227	-0.000197	0.999648	0.305928	
420	0.999620	0.000170	-17.825336	-0.000170	0.999620	0.332674	
421	0.999512	0.000100	-18.344461	-0.000100	0.999512	0.477967	
422	0.999310	-0.000044	-18.718697	0.000044	0.999310	0.283565	
423	0.999096	0.000317	-18.947505	-0.000317	0.999096	0.401885	
424	0.999146	0.000323	-19.234065	-0.000323	0.999146	0.405691	
425	0.999056	0.000509	-19.384985	-0.000509	0.999056	0.660867	
426	0.998738	0.000554	-19.193368	-0.000554	0.998738	0.796972	
427	0.998835	0.000629	-19.296189	-0.000629	0.998835	0.782450	
428	0.999030	0.000399	-19.426161	-0.000399	0.999030	0.438409	
429	0.998683	0.000589	-18.919419	-0.000589	0.998683	0.705876	
430	0.999097	0.000422	-19.129696	-0.000422	0.999097	0.521475	
431	0.999063	0.000387	-18.918228	-0.000387	0.999063	0.485492	
432	0.998717	0.000397	-18.393382	-0.000397	0.998717	0.512663	
433	0.998177	0.000472	-17.497660	-0.000472	0.998177	0.753859	
434	0.998608	0.000556	-17.687681	-0.000556	0.998608	0.719564	
435	0.998589	0.000480	-17.314844	-0.000480	0.998589	0.636069	
436	0.999346	0.000569	-17.673039	-0.000569	0.999346	0.724019	
437	0.999134	0.000392	-17.304632	-0.000392	0.999134	0.604360	
438	0.998980	0.000395	-16.991878	-0.000395	0.998980	0.784321	
439	0.999109	0.000413	-16.715501	-0.000413	0.999109	0.821039	
440	0.998978	0.000290	-16.441425	-0.000290	0.998978	0.653335	
441	0.999099	0.000353	-16.471861	-0.000353	0.999099	0.830353	
442	0.999222	0.000500	-16.699503	-0.000500	0.999222	0.914883	
443	0.999429	0.000623	-16.864150	-0.000623	0.999429	0.878032	
444	0.999501	0.000675	-16.871868	-0.000675	0.999501	0.971901	
445	0.999537	0.000722	-17.115697	-0.000722	0.999537	0.907537	
446	0.999499	0.000617	-17.087761	-0.000617	0.999499	0.766016	
447	0.999605	0.000486	-16.991826	-0.000486	0.999605	0.725736	
448	0.999644	0.000495	-16.932475	-0.000495	0.999644	0.836073	
449	0.999651	0.000622	-16.799316	-0.000622	0.999651	0.759733	
450	0.999785	0.000609	-16.880599	-0.000609	0.999785	0.515094	
451	0.999252	0.000619	-16.440283	-0.000619	0.999252	0.587310	
452	0.999015	0.000638	-16.397007	-0.000638	0.999015	0.656076	
453	0.998796	0.000750	-16.306772	-0.000750	0.998796	0.773646	
454	0.998692	0.000736	-16.280947	-0.000736	0.998692	0.732183	
455	0.998850	0.000636	-16.432163	-0.000636	0.998850	0.703263	
456	0.998991	0.000495	-16.623580	-0.000495	0.998991	0.592707	
457	0.998857	0.000532	-16.623388	-0.000532	0.998857	0.521725	
458	0.999079	0.000310	-16.638887	-0.000310	0.999079	0.343931	
459	0.998775	0.000265	-15.969525	-0.000265	0.998775	0.312724	
460	0.998353	0.000411	-15.046033	-0.000411	0.998353	0.450450	
461	0.998631	0.000352	-14.658539	-0.000352	0.998631	0.476929	
462	0.998538	0.000550	-14.113259	-0.000550	0.998538	0.637125	
463	0.998661	0.000741	-13.571360	-0.000741	0.998661	0.636497	
464	0.998516	0.000677	-12.865159	-0.000677	0.998516	0.590404	
465	0.998767	0.000546	-12.607191	-0.000546	0.998767	0.497566	
466	0.999056	0.000387	-12.510066	-0.000387	0.999056	0.393093	
467	0.999206	0.000245	-12.149774	-0.000245	0.999206	0.151405	
468	0.999566	0.000111	-12.260968	-0.000111	0.999566	0.098004	
469	0.999175	0.000119	-11.471609	-0.000119	0.999175	0.220603	
470	0.998980	0.000216	-10.923563	-0.000216	0.998980	0.305500	
471	0.999089	0.000359	-10.625768	-0.000359	0.999089	0.379595	
472	0.999194	0.000463	-10.377758	-0.000463	0.999194	0.392278	
473	0.999304	0.000471	-10.007246	-0.000471	0.999304	0.396000	
474	0.999493	0.000419	-9.600673	-0.000419	0.999493	0.416902	
475	0.999789	0.000351	-9.305181	-0.000351	0.999789	0.281557	
476	0.999563	0.000227	-8.576315	-0.000227	0.999563	0.199624	
477	0.999690	0.000247	-8.008762	-0.000247	0.999690	0.234093	
478	0.999566	0.000267	-7.414952	-0.000267	0.999566	0.224842	
479	0.999750	0.000344	-7.066813	-0.000344	0.999750	0.351001	
480	0.997675	-0.000011	-4.544583	0.000011	0.997675	0.346921	
481	0.999660	0.000651	-6.277242	-0.000651	0.999660	0.658239	
482	0.998330	0.000138	-4.569536	-0.000138	0.998330	0.294637	
483	0.998123	0.000034	-4.198896	-0.000034	0.998123	0.231590	
484	0.998207	-0.000082	-4.079109	0.000082	0.998207	0.268052	
485	0.998242	-0.000142	-3.968240	0.000142	0.998242	0.182896	
486	0.998030	-0.000217	-3.724546	0.000217	0.998030	0.153548	
487	0.998321	-0.000110	-3.604146	0.000110	0.998321	0.272993	
488	0.998353	0.000014	-3.479123	-0.000014	0.998353	0.392768	
489	0.998508	0.000065	-3.438057	-0.000065	0.998508	0.381977	
490	0.998574	0.000004	-3.121542	-0.000004	0.998574	0.342234	
491	0.998865	-0.000146	-3.265048	0.000146	0.998865	0.239325	
492	0.998835	-0.000150	-3.399955	0.000150	0.998835	0.176354	
493	0.998655	-0.000288	-3.440321	0.000288	0.998655	0.160279	
494	0.998620	-0.000287	-3.789666	0.000287	0.998620	0.164156	
495	0.999642	0.000155	-5.715554	-0.000155	0.999642	0.406431	
496	0.999718	0.000246	-6.428481	-0.000246	0.999718	0.345075	
497	0.996663	0.000074	-3.767130	-0.000074	0.996663	0.542514	
498	0.999694	0.000729	-6.998682	-0.000729	0.999694	0.558854	
499	0.999870	0.000617	-7.436593	-0.000617	0.999870	0.610095	
500	0.997444	0.000017	-5.316465	-0.000017	0.997444	0.575593	
501	0.999927	0.000496	-8.205727	-0.000496	0.999927	0.339460	
502	0.999882	0.000552	-8.491803	-0.000552	0.999882	0.307188	
503	0.999774	0.000624	-8.869186	-0.000624	0.999774	0.319127	
504	0.999783	0.000525	-9.073705	-0.000525	0.999783	0.275458	
505	0.999702	0.000708	-9.071494	-0.000708	0.999702	0.549281	
506	0.995617	0.000104	-5.296465	-0.000104	0.995617	0.666695	
507	1.000290	0.000578	-9.607791	-0.000578	1.000290	0.344335	
508	1.000612	0.000306	-9.931935	-0.000306	1.000612	0.121313	
509	1.000246	0.000306	-9.735669	-0.000306	1.000246	0.171980	
510	1.000384	0.000326	-9.878846	-0.000326	1.000384	0.168663	
511	1.000354	0.000410	-9.810673	-0.000410	1.000354	0.174285	
512	1.000279	0.000393	-9.675461	-0.000393	1.000279	0.206885	
513	1.000275	0.000451	-9.594508	-0.000451	1.000275	0.236793	
514	0.999991	0.000508	-9.314689	-0.000508	0.999991	0.195364	
515	1.000040	0.000557	-9.120704	-0.000557	1.000040	0.374791	
516	0.999860	0.000578	-8.800847	-0.000578	0.999860	0.370045	
517	0.999861	0.000573	-8.488862	-0.000573	0.999861	0.161297	
518	0.999676	0.000536	-8.081168	-0.000536	0.999676	0.208522	
519	0.997276	0.000024	-5.372823	-0.000024	0.997276	0.253348	
520	0.999705	0.000389	-7.240121	-0.000389	0.999705	0.260841	
521	0.997472	-0.000049	-4.531034	0.000049	0.997472	0.209080	
522	0.999644	0.000275	-6.467577	-0.000275	0.999644	0.204019	
523	0.997774	-0.000018	-4.234682	0.000018	0.997774	0.197679	
524	0.999515	0.000193	-5.685740	-0.000193	0.999515	0.189893	
525	0.999406	0.000321	-5.387445	-0.000321	0.999406	0.272435	
526	0.999557	0.000215	-5.361451	-0.000215	0.999557	0.234582	
527	0.998022	-0.000034	-3.788344	0.000034	0.998022	0.210578	
528	0.999099	0.000228	-5.115758	-0.000228	0.999099	0.154064	
529	0.997433	0.000024	-3.792746	-0.000024	0.997433	-0.041808	
530	0.998403	0.000177	-4.922455	-0.000177	0.998403	-0.091259	
531	0.998567	0.000210	-5.004140	-0.000210	0.998567	-0.050044	
532	0.999565	0.000311	-5.924805	-0.000311	0.999565	-0.127634	
533	0.997767	0.000136	-3.918380	-0.000136	0.997767	-0.085262	
534	0.998090	0.000231	-3.647872	-0.000231	0.998090	0.009148	
535	0.998309	0.000295	-3.315180	-0.000295	0.998309	0.078340	
536	0.999353	0.000321	-4.200905	-0.000321	0.999353	-0.093661	
537	0.998545	0.000255	-3.114750	-0.000255	0.998545	0.076228	
538	0.998611	0.000241	-2.976178	-0.000241	0.998611	0.014317	
539	0.998494	0.000309	-3.020820	-0.000309	0.998494	-0.111729	
540	0.998572	0.000326	-3.101559	-0.000326	0.998572	-0.126567	
541	0.998601	0.000351	-3.104268	-0.000351	0.998601	-0.070520	
542	0.998577	0.000209	-3.211719	-0.000209	0.998577	-0.053576	
543	0.998614	0.000171	-3.268294	-0.000171	0.998614	-0.068206	
544	0.998392	0.000227	-3.071132	-0.000227	0.998392	-0.016020	
545	0.998456	0.000284	-3.113306	-0.000284	0.998456	-0.039445	
546	0.998437	0.000184	-3.068511	-0.000184	0.998437	-0.144205	
547	0.998564	0.000303	-3.015116	-0.000303	0.998564	-0.161509	
548	0.998630	0.000354	-2.979609	-0.000354	0.998630	-0.074016	
549	0.998692	0.000243	-2.843633	-0.000243	0.998692	0.040272	
550	0.998801	0.000291	-2.787228	-0.000291	0.998801	0.074260	
551	0.998735	0.000194	-2.728195	-0.000194	0.998735	-0.116269	
552	0.998596	0.000186	-2.652008	-0.000186	0.998596	-0.110806	
553	0.998559	0.000182	-2.661712	-0.000182	0.998559	-0.226428	
554	0.998713	0.000182	-2.666122	-0.000182	0.998713	-0.248068	
555	0.998236	0.000260	-2.049655	-0.000260	0.998236	-0.045867	
556	0.998751	0.000330	-2.374859	-0.000330	0.998751	-0.029129	
557	0.998984	0.000268	-2.402378	-0.000268	0.998984	-0.028446	
558	0.999032	0.000316	-2.332957	-0.000316	0.999032	0.003662	
559	0.999022	0.000339	-2.230254	-0.000339	0.999022	0.044321	
560	0.998814	0.000306	-1.935889	-0.000306	0.998814	0.064917	
561	0.999033	0.000215	-2.090529	-0.000215	0.999033	-0.007107	
562	0.999082	0.000166	-1.993388	-0.000166	0.999082	-0.042030	
563	0.999079	0.000136	-1.808096	-0.000136	0.999079	0.002802	
564	0.999201	0.000145	-1.796130	-0.000145	0.999201	0.012577	
565	0.999206	0.000295	-1.862327	-0.000295	0.999206	-0.160152	
566	0.999242	0.000328	-1.909265	-0.000328	0.999242	-0.130674	
567	0.999189	0.000234	-1.800217	-0.000234	0.999189	-0.109818	
568	0.999217	0.000197	-1.704055	-0.000197	0.999217	-0.123076	
569	0.999216	0.000163	-1.535353	-0.000163	0.999216	-0.165635	
570	0.999428	0.000149	-1.394394	-0.000149	0.999428	-0.182273	
571	0.999552	0.000153	-1.180385	-0.000153	0.999552	-0.223363	
572	0.999599	0.000184	-1.082859	-0.000184	0.999599	-0.223767	
573	0.999734	0.000279	-0.954205	-0.000279	0.999734	-0.201552	
574	0.999789	0.000364	-0.839897	-0.000364	0.999789	-0.070686	
575	0.999937	0.000384	-0.811830	-0.000384	0.999937	-0.283283	
576	0.999862	0.000424	-0.644405	-0.000424	0.999862	-0.350390	
577	0.999901	0.000431	-0.538654	-0.000431	0.999901	-0.432549	
578	1.000009	0.000333	-0.514301	-0.000333	1.000009	-0.539526	
579	1.000026	0.000333	-0.547055	-0.000333	1.000026	-0.506743	
580	0.999778	0.000316	-0.462240	-0.000316	0.999778	-0.546528	
581	1.000044	0.000331	-0.569038	-0.000331	1.000044	-0.506091	
582	0.999973	0.000441	-0.531226	-0.000441	0.999973	-0.390630	
583	0.999956	0.000504	-0.611364	-0.000504	0.999956	-0.463284	
584	0.999982	0.000419	-0.727137	-0.000419	0.999982	-0.446755	
585	1.000013	0.000409	-0.817619	-0.000409	1.000013	-0.431116	
586	0.999971	0.000442	-0.933103	-0.000442	0.999971	-0.454995	
587	0.999991	0.000370	-1.068751	-0.000370	0.999991	-0.594411	
588	0.999948	0.000479	-1.118947	-0.000479	0.999948	-0.560094	
589	0.999969	0.000556	-1.195117	-0.000556	0.999969	-0.471965	
590	0.999788	0.000489	-1.161397	-0.000489	0.999788	-0.609331	
591	1.000005	0.000469	-1.319332	-0.000469	1.000005	-0.622894	
592	0.999934	0.000632	-1.380313	-0.000632	0.999934	-0.564416	
593	0.999844	0.000577	-1.513834	-0.000577	0.999844	-0.544721	
594	0.999839	0.000520	-1.530042	-0.000520	0.999839	-0.527320	
595	0.999672	0.000580	-1.594980	-0.000580	0.999672	-0.540502	
596	0.999693	0.000551	-1.648372	-0.000551	0.999693	-0.640123	
597	0.999589	0.000637	-1.599120	-0.000637	0.999589	-0.629923	
598	0.999683	0.000613	-1.716107	-0.000613	0.999683	-0.727947	
599	0.999561	0.000611	-1.533474	-0.000611	0.999561	-0.486831	
600	0.999474	0.000569	-1.445711	-0.000569	0.999474	-0.543077	
601	0.999668	0.000786	-1.379029	-0.000786	0.999668	-0.556473	
602	0.999852	0.000733	-1.303980	-0.000733	0.999852	-0.627148	
603	0.999853	0.000590	-1.167677	-0.000590	0.999853	-0.656370	
604	1.000055	0.000643	-1.187110	-0.000643	1.000055	-0.646538	
605	0.999831	0.000543	-0.954031	-0.000543	0.999831	-0.767447	
606	1.000091	0.000647	-0.936337	-0.000647	1.000091	-0.648793	
607	1.000155	0.000629	-0.811433	-0.000629	1.000155	-0.649878	
608	1.000304	0.000700	-0.704946	-0.000700	1.000304	-0.537240	
609	1.000470	0.000532	-0.270903	-0.000532	1.000470	-0.642999	
610	1.000514	0.000553	-0.142003	-0.000553	1.000514	-0.751023	
611	1.000465	0.000586	-0.105502	-0.000586	1.000465	-0.714965	
612	1.000545	0.000684	0.118283	-0.000684	1.000545	-0.437565	
613	1.000612	0.000590	0.407407	-0.000590	1.000612	-0.245248	
614	1.000677	0.000603	0.803762	-0.000603	1.000677	-0.105296	
615	1.000498	0.000443	1.654883	-0.000443	1.000498	-0.087169	
616	1.000655	0.000299	2.397771	-0.000299	1.000655	0.004708	
617	1.000680	0.000208	3.114245	-0.000208	1.000680	-0.058281	
618	1.000882	0.000082	3.616667	-0.000082	1.000882	-0.122667	
619	1.001042	0.000342	3.905899	-0.000342	1.001042	0.025222	
620	1.001532	0.000259	3.977690	-0.000259	1.001532	0.033584	
621	1.002905	0.000222	2.940041	-0.000222	1.002905	0.123313	
622	1.001447	0.000274	4.548158	-0.000274	1.001447	0.277130	
623	0.999445	0.000081	7.153709	-0.000081	0.999445	0.362034	
624	0.999341	-0.000070	7.725144	0.000070	0.999341	0.313700	
625	0.999403	-0.000054	7.960400	0.000054	0.999403	0.419550	
626	0.999671	-0.000128	8.176037	0.000128	0.999671	0.416310	
627	1.006121	-0.000048	2.406502	0.000048	1.006121	-0.091502	
628	1.000622	-0.000069	7.721839	0.000069	1.000622	0.509434	
629	0.999582	-0.000069	8.167262	0.000069	0.999582	0.482667	
630	1.005353	0.000095	2.565437	-0.000095	1.005353	0.013494	
631	0.999433	0.000066	8.020768	-0.000066	0.999433	0.634182	
632	0.999205	-0.000056	7.801687	0.000056	0.999205	0.606106	
633	0.999094	-0.000222	7.841635	0.000222	0.999094	0.471985	
634	0.999083	-0.000232	8.170686	0.000232	0.999083	0.393453	
635	0.999441	-0.000241	8.475246	0.000241	0.999441	0.160805	
636	1.006839	-0.000179	1.785751	0.000179	1.006839	-0.483953	
637	0.999909	-0.000250	8.572315	0.000250	0.999909	0.000968	
638	0.999963	-0.000110	8.798668	0.000110	0.999963	0.219703	
639	1.005697	-0.000350	3.442577	0.000350	1.005697	-0.406079	
640	0.999569	-0.000338	9.115599	0.000338	0.999569	-0.197241	
641	0.999444	-0.000130	8.707679	0.000130	0.999444	-0.282425	
642	0.999524	0.000071	7.880389	-0.000071	0.999524	-0.144352	
643	1.004880	0.000066	1.671254	-0.000066	1.004880	-0.547129	
644	1.001544	0.000286	3.627985	-0.000286	1.001544	-0.049160	
645	1.000833	-0.000024	2.668503	0.000024	1.000833	-0.166800	
646	1.000101	0.000204	2.110934	-0.000204	1.000101	-0.148470	
647	0.999665	-0.000039	1.788346	0.000039	0.999665	-0.186062	
648	0.999637	0.000043	1.327407	-0.000043	0.999637	0.083032	
649	0.999437	-0.000044	0.895022	0.000044	0.999437	0.295520	
650	0.999177	-0.000034	0.527039	0.000034	0.999177	0.381673	
651	0.999024	0.000098	0.466031	-0.000098	0.999024	0.363565	
652	0.999095	-0.000133	0.334855	0.000133	0.999095	0.362115	
653	0.999155	-0.000386	0.046628	0.000386	0.999155	0.419351	
654	0.998968	-0.000157	-0.213798	0.000157	0.998968	0.601964	
655	0.998553	-0.000275	-0.636027	0.000275	0.998553	0.654563	
656	0.998000	0.000061	-0.886215	-0.000061	0.998000	0.718202	
657	0.997866	-0.000030	-1.506917	0.000030	0.997866	0.511296	
658	0.997368	0.000336	-1.637692	-0.000336	0.997368	0.749451	
659	0.997410	0.000145	-1.993568	-0.000145	0.997410	0.876150	
660	0.997390	-0.000230	-2.072816	0.000230	0.997390	0.615640	
661	0.997616	-0.000215	-2.061352	0.000215	0.997616	0.369682	
662	0.997612	-0.000372	-1.837846	0.000372	0.997612	0.281575	
663	0.997748	-0.000121	-1.914233	0.000121	0.997748	0.361682	
664	0.997942	-0.000227	-1.692039	0.000227	0.997942	0.424876	
665	0.998398	-0.000233	-1.373297	0.000233	0.998398	0.562244	
666	0.998500	-0.000359	-1.034713	0.000359	0.998500	0.346598	
667	0.998528	-0.000229	-0.700623	0.000229	0.998528	0.204999	
668	0.998901	-0.000192	-0.602501	0.000192	0.998901	0.255179	
669	0.999198	-0.000383	-0.554486	0.000383	0.999198	0.334917	
670	0.999409	-0.000385	-0.470317	0.000385	0.999409	0.399849	
671	0.999485	-0.000338	-0.302658	0.000338	0.999485	0.452989	
672	0.999443	-0.000164	-0.178151	0.000164	0.999443	0.560730	
673	0.999459	-0.000186	-0.048602	0.000186	0.999459	0.362377	
674	0.999687	-0.000305	-0.091212	0.000305	0.999687	0.241018	
675	0.999696	-0.000279	0.099559	0.000279	0.999696	0.227382	
676	0.999669	-0.000525	0.132706	0.000525	0.999669	0.144892	
677	0.999737	-0.000568	0.049725	0.000568	0.999737	0.104958	
678	0.999577	-0.000568	0.107672	0.000568	0.999577	0.042893	
679	0.999764	-0.000554	-0.136144	0.000554	0.999764	-0.165182	
680	0.999775	-0.000584	-0.338915	0.000584	0.999775	-0.146890	
681	1.000071	-0.001377	-0.394626	0.001377	1.000071	-0.275024	
682	0.999699	-0.000337	-0.540879	0.000337	0.999699	0.128249	
683	0.999635	-0.000352	-0.735174	0.000352	0.999635	0.107413	
684	0.999577	-0.000206	-0.720904	0.000206	0.999577	0.192133	
685	0.999361	-0.000194	-0.615747	0.000194	0.999361	0.294943	
686	0.999399	-0.000324	-0.727950	0.000324	0.999399	0.293031	
687	0.999382	-0.000269	-0.800856	0.000269	0.999382	0.288453	
688	0.999254	-0.000626	-1.132393	0.000626	0.999254	-0.044024	
689	0.999200	-0.000531	-1.120013	0.000531	0.999200	-0.047095	
690	0.999406	-0.000420	-1.072780	0.000420	0.999406	0.037328	
691	0.999467	-0.000527	-1.138191	0.000527	0.999467	0.157075	
692	0.999597	-0.000578	-0.995100	0.000578	0.999597	-0.013126	
693	0.999849	-0.000733	-1.176066	0.000733	0.999849	-0.247982	
694	0.999812	-0.000482	-0.990206	0.000482	0.999812	0.072390	
695	0.999769	-0.000597	-1.055971	0.000597	0.999769	-0.129875	
696	0.999849	-0.000422	-1.124849	0.000422	0.999849	-0.230329	
697	0.999895	-0.000594	-1.066470	0.000594	0.999895	-0.109920	
698	0.999975	-0.000491	-1.137269	0.000491	0.999975	0.161803	
699	0.999765	-0.000607	-1.093234	0.000607	0.999765	0.202041	
700	0.999729	-0.000646	-1.223534	0.000646	0.999729	-0.041464	
701	0.999526	-0.000351	-1.096345	0.000351	0.999526	-0.245351	
702	0.999341	-0.000459	-1.057487	0.000459	0.999341	-0.262243	
703	0.999398	-0.000506	-1.105954	0.000506	0.999398	0.023376	
704	0.999309	-0.000621	-1.245362	0.000621	0.999309	0.074343	
705	0.999324	-0.000294	-1.559321	0.000294	0.999324	-0.057959	
706	0.999305	-0.000423	-1.839222	0.000423	0.999305	-0.208614	
707	0.999215	-0.000556	-1.810114	0.000556	0.999215	-0.092383	
708	0.999194	-0.000605	-1.713677	0.000605	0.999194	0.251159	
709	0.999136	-0.000391	-1.828392	0.000391	0.999136	0.192521	
710	0.999032	-0.000507	-1.864870	0.000507	0.999032	-0.201261	
711	0.999269	-0.000393	-1.895859	0.000393	0.999269	-0.217957	
712	0.999329	-0.000309	-1.606262	0.000309	0.999329	-0.100109	
713	0.999479	-0.000591	-1.273517	0.000591	0.999479	0.032007	
714	0.999601	-0.000645	-0.945895	0.000645	0.999601	-0.029375	
715	0.999817	-0.000177	-0.965057	0.000177	0.999817	-0.425591	
716	0.999928	-0.000210	-0.920889	0.000210	0.999928	-0.337412	
717	0.999918	-0.000566	-0.638018	0.000566	0.999918	0.034142	
718	0.999941	-0.000495	-0.323974	0.000495	0.999941	0.194900	
719	1.000112	-0.000365	-0.019330	0.000365	1.000112	-0.146620	
720	1.000063	-0.000354	-0.153718	0.000354	1.000063	-0.273585	
721	1.000099	-0.000266	-0.107927	0.000266	1.000099	-0.347200	
722	1.000064	-0.000282	-0.096586	0.000282	1.000064	-0.241957	
723	1.000057	-0.000462	-0.137568	0.000462	1.000057	0.076903	
724	0.999937	-0.000474	-0.061462	0.000474	0.999937	0.096711	
725	1.000106	-0.000129	-0.074219	0.000129	1.000106	-0.421176	
726	1.000090	-0.000169	0.098701	0.000169	1.000090	-0.425384	
727	1.000151	-0.000448	0.223291	0.000448	1.000151	-0.052047	
728	1.000178	-0.000407	0.402859	0.000407	1.000178	0.012781	
729	1.000281	-0.000294	0.577307	0.000294	1.000281	-0.227727	
730	1.000332	-0.000239	0.847709	0.000239	1.000332	-0.354169	
731	1.000469	-0.000179	1.137993	0.000179	1.000469	-0.354592	
732	1.000723	-0.000361	1.414635	0.000361	1.000723	-0.108547	
733	1.000728	-0.000558	1.659545	0.000558	1.000728	-0.019832	
734	1.000801	-0.000297	1.730859	0.000297	1.000801	-0.323523	
735	1.000830	-0.000205	1.812250	0.000205	1.000830	-0.403900	
736	1.000873	-0.000454	1.796216	0.000454	1.000873	-0.292504	
737	1.000835	-0.000501	1.816046	0.000501	1.000835	-0.129222	
738	1.000831	-0.000324	1.969019	0.000324	1.000831	-0.069571	
739	1.000908	-0.000253	2.015592	0.000253	1.000908	-0.267715	
740	1.001024	-0.000220	1.988353	0.000220	1.001024	-0.338427	
741	1.001031	-0.000336	2.061164	0.000336	1.001031	-0.120386	
742	1.001131	-0.000454	1.997126	0.000454	1.001131	-0.055519	
743	1.001312	-0.000266	1.966334	0.000266	1.001312	-0.320472	
744	1.001398	-0.000262	2.070034	0.000262	1.001398	-0.327361	
745	1.001597	-0.000324	2.031851	0.000324	1.001597	-0.329456	
746	1.001551	-0.000395	2.146607	0.000395	1.001551	-0.264743	
747	1.001410	-0.000491	2.367927	0.000491	1.001410	0.010830	
748	1.001551	-0.000447	2.325168	0.000447	1.001551	-0.057948	
749	1.001588	-0.000404	2.204925	0.000404	1.001588	-0.233974	
750	1.001277	-0.000518	2.311438	0.000518	1.001277	-0.206236	
751	1.001306	-0.000650	2.402275	0.000650	1.001306	-0.095923	
752	1.001604	-0.000606	2.209233	0.000606	1.001604	0.117500	
753	1.001438	-0.000469	2.439369	0.000469	1.001438	-0.049569	
754	1.001393	-0.000411	2.524267	0.000411	1.001393	-0.012090	
755	1.001552	-0.000483	2.576913	0.000483	1.001552	0.085415	
756	1.001488	-0.000459	2.622608	0.000459	1.001488	0.292941	
757	1.001399	-0.000639	2.722302	0.000639	1.001399	0.276459	
758	1.002197	-0.000628	2.006768	0.000628	1.002197	0.015284	
759	1.001445	-0.000604	2.594632	0.000604	1.001445	0.040935	
760	1.001214	-0.000455	2.647910	0.000455	1.001214	0.111271	
761	1.001332	-0.000567	2.796359	0.000567	1.001332	0.124805	
762	1.001406	-0.000544	2.812168	0.000544	1.001406	0.290147	
763	1.001296	-0.000582	2.842106	0.000582	1.001296	0.375830	
764	1.001516	-0.000604	2.607803	0.000604	1.001516	0.355517	
765	1.001361	-0.000442	2.576908	0.000442	1.001361	0.303100	
766	1.001274	-0.000483	2.669752	0.000483	1.001274	0.190350	
767	1.001729	-0.000503	2.364830	0.000503	1.001729	0.284414	
768	1.002284	-0.000351	2.004663	0.000351	1.002284	0.173808	
769	1.002718	-0.000423	1.741387	0.000423	1.002718	-0.039011	
770	1.002977	-0.000562	1.506411	0.000562	1.002977	-0.253985	
771	1.002697	-0.000406	1.651916	0.000406	1.002697	-0.263694	
772	1.002819	-0.000336	1.565933	0.000336	1.002819	-0.189934	
773	1.002830	-0.000521	1.588235	0.000521	1.002830	-0.218251	
774	1.003292	-0.000247	1.226203	0.000247	1.003292	-0.227913	
775	1.003301	-0.000267	1.127992	0.000267	1.003301	-0.264249	
776	1.003244	-0.000303	1.169745	0.000303	1.003244	-0.338483	
777	1.003146	-0.000175	1.211477	0.000175	1.003146	-0.234764	
778	1.003384	-0.000237	1.072346	0.000237	1.003384	-0.326885	
779	1.003269	-0.000356	1.053372	0.000356	1.003269	-0.175109	
780	1.003380	-0.000400	0.905528	0.000400	1.003380	-0.377822	
781	1.003365	-0.000302	0.947146	0.000302	1.003365	-0.562187	
782	1.003325	-0.000336	0.959156	0.000336	1.003325	-0.611351	
783	1.003296	-0.000397	0.984093	0.000397	1.003296	-0.488766	
784	1.003381	-0.000337	0.968485	0.000337	1.003381	-0.247159	
785	1.003483	-0.000259	0.870175	0.000259	1.003483	-0.182568	
786	1.003491	-0.000352	0.829405	0.000352	1.003491	-0.401748	
787	1.003836	-0.000130	0.684101	0.000130	1.003836	-0.444868	
788	1.003796	-0.000220	0.682499	0.000220	1.003796	-0.532982	
789	1.003758	-0.000190	0.833663	0.000190	1.003758	-0.487462	
790	1.003773	-0.000260	0.945959	0.000260	1.003773	-0.561430	
791	1.004028	-0.000280	0.857337	0.000280	1.004028	-0.592460	
792	1.004048	-0.000219	0.914645	0.000219	1.004048	-0.632452	
793	1.004183	-0.000229	0.857950	0.000229	1.004183	-0.779511	
794	1.004252	-0.000173	0.798910	0.000173	1.004252	-0.762107	
795	1.004276	-0.000100	0.802092	0.000100	1.004276	-0.733928	
796	1.004152	-0.000210	0.919395	0.000210	1.004152	-0.779198	
797	1.004049	-0.000070	1.019174	0.000070	1.004049	-0.779911	
798	1.004273	-0.000035	0.992472	0.000035	1.004273	-0.748742	
799	1.004250	-0.000092	1.086126	0.000092	1.004250	-0.628404	
800	1.004562	-0.000067	1.004434	0.000067	1.004562	-0.618940	
801	1.004851	-0.000034	0.930899	0.000034	1.004851	-0.850060	
802	1.004864	0.000017	0.990620	-0.000017	1.004864	-0.868025	
803	1.005012	-0.000008	1.052423	0.000008	1.005012	-1.010146	
804	1.004992	-0.000013	1.175165	0.000013	1.004992	-1.011606	
805	1.005152	-0.000046	1.301382	0.000046	1.005152	-1.014972	
806	1.005430	-0.000012	1.482450	0.000012	1.005430	-0.971755	
807	1.005603	0.000014	1.780968	-0.000014	1.005603	-0.961990	
808	1.005808	0.000210	2.176993	-0.000210	1.005808	-1.071636	
809	1.006003	0.000228	2.645110	-0.000228	1.006003	-1.039100	
810	1.005667	-0.000105	3.886548	0.000105	1.005667	-1.194724	
811	1.004795	-0.000404	5.512175	0.000404	1.004795	-1.250378	
812	1.004879	-0.000273	6.090957	0.000273	1.004879	-1.322293	
813	1.004551	-0.000489	7.006041	0.000489	1.004551	-1.439683	
814	1.005993	0.000035	6.291992	-0.000035	1.005993	-1.044964	
815	1.005104	-0.000296	7.974181	0.000296	1.005104	-1.004845	
816	1.004318	-0.000527	9.712793	0.000527	1.004318	-1.082216	
817	1.003454	-0.000565	11.186566	0.000565	1.003454	-0.824108	
818	1.003498	-0.000645	12.258959	0.000645	1.003498	-0.891970	
819	1.003550	-0.000680	13.011748	0.000680	1.003550	-0.759618	
820	1.003509	-0.000402	13.840824	0.000402	1.003509	-0.540239	
821	1.003551	-0.000500	14.634480	0.000500	1.003551	-0.551892	
822	1.003103	-0.000455	15.329855	0.000455	1.003103	-0.495231	
823	1.005389	-0.001259	13.851770	0.001259	1.005389	-1.559064	
824	1.003851	-0.000765	15.338054	0.000765	1.003851	-1.120790	
825	1.003727	-0.000673	15.687873	0.000673	1.003727	-1.062915	
826	1.003138	-0.000524	16.520056	0.000524	1.003138	-0.894088	
827	1.002923	-0.000561	16.921511	0.000561	1.002923	-1.012366	
828	1.003073	-0.000358	17.090191	0.000358	1.003073	-0.849837	
829	1.002987	-0.000525	17.405911	0.000525	1.002987	-0.961116	
830	1.002680	-0.000992	17.581018	0.000992	1.002680	-1.311972	
831	1.003022	-0.001060	17.487919	0.001060	1.003022	-1.495363	
832	1.003529	-0.000965	17.083843	0.000965	1.003529	-1.602193	
833	1.002707	-0.000934	17.695972	0.000934	1.002707	-1.474081	
834	1.001391	-0.001007	18.398671	0.001007	1.001391	-1.345820	
835	1.002982	-0.000882	17.085109	0.000882	1.002982	-1.284039	
836	1.002604	-0.000880	17.074048	0.000880	1.002604	-1.257426	
837	1.002344	-0.000911	17.012835	0.000911	1.002344	-1.297891	
838	1.002192	-0.000959	16.780433	0.000959	1.002192	-1.227032	
839	1.001579	-0.000875	17.086896	0.000875	1.001579	-1.113024	
840	1.002098	-0.000911	16.448721	0.000911	1.002098	-1.188297	
841	1.001828	-0.000667	16.704857	0.000667	1.001828	-0.649153	
842	1.001936	-0.000757	16.493876	0.000757	1.001936	-0.828360	
843	1.001483	-0.000959	16.903541	0.000959	1.001483	-1.197092	
844	1.001540	-0.001039	16.538887	0.001039	1.001540	-1.068087	
845	1.001357	-0.001337	16.369732	0.001337	1.001357	-1.127082	
846	1.000901	-0.001428	16.637163	0.001428	1.000901	-1.167816	
847	1.001103	-0.001325	16.230969	0.001325	1.001103	-1.405622	
848	1.001429	-0.001151	15.840258	0.001151	1.001429	-1.256003	
849	1.001003	-0.001031	15.965534	0.001031	1.001003	-0.550332	
850	1.002393	-0.001355	14.779022	0.001355	1.002393	-1.176456	
851	1.001053	-0.001105	15.885466	0.001105	1.001053	-1.146041	
852	1.000897	-0.001095	15.813858	0.001095	1.000897	-1.134521	
853	1.000641	-0.001189	15.742655	0.001189	1.000641	-0.960100	
854	1.000630	-0.001210	15.593677	0.001210	1.000630	-0.880246	
855	1.000587	-0.001296	15.408263	0.001296	1.000587	-0.932659	
856	1.000555	-0.001065	15.079610	0.001065	1.000555	-0.762577	
857	1.000835	-0.000987	14.435586	0.000987	1.000835	-0.725663	
858	1.000867	-0.000876	14.002904	0.000876	1.000867	-0.664119	
859	1.000808	-0.000755	13.672072	0.000755	1.000808	-0.476940	
860	1.000593	-0.001036	13.476484	0.001036	1.000593	-0.632752	
861	1.000581	-0.001244	12.749915	0.001244	1.000581	-0.817696	
862	0.999886	-0.000915	12.731586	0.000915	0.999886	-0.608808	
863	1.000109	-0.001198	11.796204	0.001198	1.000109	-0.810303	
864	0.999819	-0.001030	11.399655	0.001030	0.999819	-0.524088	
865	1.000448	-0.000929	10.000411	0.000929	1.000448	-0.220827	
866	1.000350	-0.000587	9.900572	0.000587	1.000350	0.016546	
867	1.000695	-0.000566	9.779181	0.000566	1.000695	-0.130103	
868	1.001163	-0.000734	9.304303	0.000734	1.001163	-0.544312	
869	1.000895	-0.000794	9.734533	0.000794	1.000895	-0.438361	
870	1.000722	-0.000965	10.105049	0.000965	1.000722	-0.534341	
871	1.000751	-0.001069	10.366235	0.001069	1.000751	-0.495347	
872	1.000378	-0.000847	10.846921	0.000847	1.000378	-0.244414	
873	1.000719	-0.000864	10.730331	0.000864	1.000719	-0.346961	
874	1.000620	-0.000867	11.136826	0.000867	1.000620	-0.252494	
875	1.000795	-0.000856	11.139285	0.000856	1.000795	-0.136138	
876	1.000764	-0.000598	11.466432	0.000598	1.000764	-0.296912	
877	1.000382	-0.000708	11.784015	0.000708	1.000382	-0.346701	
878	1.000941	-0.000862	11.240357	0.000862	1.000941	-0.554519	
879	1.001312	-0.001008	10.932681	0.001008	1.001312	-0.770691	
880	1.001428	-0.000996	10.885027	0.000996	1.001428	-0.711182	
881	1.001390	-0.000812	10.999560	0.000812	1.001390	-0.660823	
882	1.001890	-0.000658	10.453951	0.000658	1.001890	-0.581203	
883	1.001121	-0.000841	10.945748	0.000841	1.001121	-0.544462	
884	1.001696	-0.000635	10.687521	0.000635	1.001696	-0.522657	
885	1.001148	-0.000792	11.150504	0.000792	1.001148	-0.726925	
886	1.001447	-0.000827	10.849364	0.000827	1.001447	-0.809478	
887	1.001031	-0.001282	11.135917	0.001282	1.001031	-0.964401	
888	1.000365	-0.001446	11.317078	0.001446	1.000365	-1.033053	
889	1.001693	-0.000948	10.741971	0.000948	1.001693	-0.907576	
890	1.001375	-0.000843	11.063839	0.000843	1.001375	-0.816068	
891	1.001300	-0.000488	11.417871	0.000488	1.001300	-0.736262	
892	1.001417	-0.000584	11.422162	0.000584	1.001417	-0.489720	
893	1.001254	-0.000513	11.692019	0.000513	1.001254	-0.360543	
894	1.001142	-0.000638	11.888302	0.000638	1.001142	-0.501659	
895	1.000958	-0.000465	12.139027	0.000465	1.000958	-0.544370	
896	1.000967	-0.000675	12.120423	0.000675	1.000967	-0.781567	
897	1.000577	-0.000559	12.444579	0.000559	1.000577	-0.589593	
898	1.000386	-0.000539	12.640314	0.000539	1.000386	-0.541335	
899	1.000492	-0.000605	12.683499	0.000605	1.000492	-0.477507	
900	1.000189	-0.000754	13.020543	0.000754	1.000189	-0.521217	
901	1.000376	-0.000662	12.820490	0.000662	1.000376	-0.714225	
902	1.000453	-0.000571	12.530209	0.000571	1.000453	-0.582420	
903	1.000021	-0.000781	12.638637	0.000781	1.000021	-0.508026	
904	1.000231	-0.000513	12.827410	0.000513	1.000231	-0.365782	
905	1.000506	-0.000450	12.597766	0.000450	1.000506	-0.433804	
906	1.000337	-0.000547	12.694588	0.000547	1.000337	-0.489049	
907	1.000422	-0.000557	12.402524	0.000557	1.000422	-0.439235	
908	1.000346	-0.000554	12.346744	0.000554	1.000346	-0.407702	
909	1.000436	-0.000594	12.092523	0.000594	1.000436	-0.559819	
910	1.000365	-0.000453	11.769170	0.000453	1.000365	-0.419169	
911	1.000204	-0.000425	11.418815	0.000425	1.000204	-0.500057	
912	1.000191	-0.000388	11.093049	0.000388	1.000191	-0.358155	
913	1.000064	-0.000378	11.025590	0.000378	1.000064	-0.156857	
914	1.000041	-0.000414	10.677005	0.000414	1.000041	-0.247335	
915	1.000042	-0.000362	10.419582	0.000362	1.000042	-0.369574	
916	1.000020	-0.000322	10.164663	0.000322	1.000020	-0.327046	
917	1.000156	-0.000427	9.839789	0.000427	1.000156	-0.258266	
918	1.000046	-0.000368	9.797612	0.000368	1.000046	-0.178833	
919	1.000115	-0.000524	9.551846	0.000524	1.000115	-0.501112	
920	0.999987	-0.000393	9.539968	0.000393	0.999987	-0.367650	
921	1.000061	-0.000528	9.266090	0.000528	1.000061	-0.389415	
922	1.000205	-0.000459	9.098333	0.000459	1.000205	-0.289010	
923	1.000280	-0.000386	8.840889	0.000386	1.000280	-0.256767	
924	1.000002	-0.000354	8.802665	0.000354	1.000002	-0.382989	
925	0.999994	-0.000387	8.106227	0.000387	0.999994	-0.613976	
926	1.006332	-0.000075	1.830233	0.000075	1.006332	-0.647152	
927	1.000417	-0.000615	7.314585	0.000615	1.000417	-0.460942	
928	1.000069	-0.000551	7.683949	0.000551	1.000069	-0.388834	
929	0.999966	-0.000431	7.618704	0.000431	0.999966	-0.331325	
930	1.000082	-0.000324	7.399862	0.000324	1.000082	-0.228387	
931	0.999890	-0.000262	7.386040	0.000262	0.999890	-0.291684	
932	0.999989	-0.000254	7.356986	0.000254	0.999989	-0.161494	
933	0.999921	-0.000145	7.275741	0.000145	0.999921	-0.069313	
934	1.001848	-0.000104	5.382527	0.000104	1.001848	-0.265292	
935	0.999819	-0.000365	7.216308	0.000365	0.999819	-0.275592	
936	1.005499	-0.000320	1.535064	0.000320	1.005499	-0.626477	
937	0.999914	-0.000330	6.931690	0.000330	0.999914	-0.328874	
938	1.002446	-0.000140	4.019756	0.000140	1.002446	-0.320198	
939	1.000588	-0.000325	5.733799	0.000325	1.000588	-0.283613	
940	0.999878	-0.000403	6.354797	0.000403	0.999878	-0.267533	
941	1.000652	-0.000210	5.368696	0.000210	1.000652	-0.050329	
942	1.001791	-0.000062	4.040963	0.000062	1.001791	-0.196439	
943	1.001755	-0.000152	3.834753	0.000152	1.001755	-0.276816	
944	0.999891	-0.000243	5.494933	0.000243	0.999891	-0.238100	
945	1.001527	-0.000048	3.696393	0.000048	1.001527	-0.348289	
946	1.001465	-0.000380	3.480666	0.000380	1.001465	-0.237755	
947	1.001362	-0.000239	3.339693	0.000239	1.001362	-0.289273	
948	1.001411	-0.000094	3.146479	0.000094	1.001411	-0.269443	
949	1.002081	-0.000089	2.299282	0.000089	1.002081	-0.454610	
