0	1.000000	0.000000	0.000000	0.000000	1.000000	0.000000	
1	1.000305	0.000571	-0.226772	-0.000571	1.000305	0.247344	
2	1.000241	0.000262	-0.318663	-0.000262	1.000241	0.006193	
3	1.000285	0.000206	-0.276081	-0.000206	1.000285	-0.124302	
4	1.000282	0.000154	-0.490532	-0.000154	1.000282	-0.092686	
5	1.000409	0.000079	-0.730473	-0.000079	1.000409	-0.126900	
6	1.000361	0.000353	-0.896898	-0.000353	1.000361	0.085300	
7	1.000450	0.000512	-1.214703	-0.000512	1.000450	0.213903	
8	1.000468	0.000474	-1.375743	-0.000474	1.000468	0.174758	
9	1.000336	0.000427	-1.342779	-0.000427	1.000336	0.103483	
10	1.000232	0.000302	-1.333420	-0.000302	1.000232	0.090970	
11	1.000331	0.000391	-1.519443	-0.000391	1.000331	0.096764	
12	1.000805	0.000523	-1.800206	-0.000523	1.000805	-0.067355	
13	1.001352	0.000618	-2.311165	-0.000618	1.001352	-0.242852	
14	1.001505	0.000619	-2.570182	-0.000619	1.001505	-0.299130	
15	1.002180	0.000480	-3.065651	-0.000480	1.002180	-0.522432	
16	1.002020	0.000691	-2.974756	-0.000691	1.002020	-0.307437	
17	1.002647	0.000735	-3.735443	-0.000735	1.002647	-0.511953	
18	1.002838	0.000626	-4.426246	-0.000626	1.002838	-0.839625	
19	1.003047	0.000704	-4.807556	-0.000704	1.003047	-0.746963	
20	1.003248	0.000794	-5.289303	-0.000794	1.003248	-0.795910	
21	1.003297	0.000852	-5.806011	-0.000852	1.003297	-0.767487	
22	1.003160	0.000831	-6.290208	-0.000831	1.003160	-0.908909	
23	1.002796	0.001122	-6.464460	-0.001122	1.002796	-0.907042	
24	1.003392	0.001053	-7.316148	-0.001053	1.003392	-1.355503	
25	1.003684	0.000986	-8.099607	-0.000986	1.003684	-1.617278	
26	1.003454	0.001136	-8.145683	-0.001136	1.003454	-1.458628	
27	1.004108	0.001205	-8.775258	-0.001205	1.004108	-1.687164	
28	1.002811	0.001251	-8.465109	-0.001251	1.002811	-1.447920	
29	1.003908	0.000837	-9.405775	-0.000837	1.003908	-2.114749	
30	1.003755	0.000865	-9.563928	-0.000865	1.003755	-2.238773	
31	1.003412	0.000950	-9.773698	-0.000950	1.003412	-2.122452	
32	1.003820	0.001199	-10.564592	-0.001199	1.003820	-2.233042	
33	1.003284	0.001607	-10.656907	-0.001607	1.003284	-1.832143	
34	1.002615	0.001505	-10.540935	-0.001505	1.002615	-1.740765	
35	1.002368	0.001966	-10.607076	-0.001966	1.002368	-1.378377	
36	1.002807	0.001802	-11.069648	-0.001802	1.002807	-1.510506	
37	1.001678	0.002447	-10.247151	-0.002447	1.001678	-0.833366	
38	1.002829	0.001890	-10.957550	-0.001890	1.002829	-1.449510	
39	1.002316	0.001708	-10.399038	-0.001708	1.002316	-1.103900	
40	1.002311	0.001606	-9.589157	-0.001606	1.002311	-0.713683	
41	1.002394	0.001421	-9.046514	-0.001421	1.002394	-0.511486	
42	1.002012	0.001317	-8.083638	-0.001317	1.002012	-0.261589	
43	1.001428	0.001208	-7.057987	-0.001208	1.001428	-0.143453	
44	1.001863	0.001685	-6.831627	-0.001685	1.001863	0.170554	
45	1.001571	0.001471	-6.433056	-0.001471	1.001571	0.047135	
46	1.000970	0.000918	-5.690378	-0.000918	1.000970	-0.245058	
47	1.000783	0.000872	-5.048907	-0.000872	1.000783	-0.113426	
48	1.001728	0.000671	-5.133225	-0.000671	1.001728	-0.386982	
49	1.000743	0.000637	-4.113622	-0.000637	1.000743	-0.269328	
50	1.000887	0.000836	-3.827861	-0.000836	1.000887	-0.203585	
51	1.000293	0.000999	-2.922649	-0.000999	1.000293	0.412730	
52	0.999711	0.000905	-2.658503	-0.000905	0.999711	0.845509	
53	0.999764	0.000823	-2.581679	-0.000823	0.999764	0.842734	
54	0.999773	0.000660	-2.422993	-0.000660	0.999773	0.605970	
55	0.999710	0.000448	-2.436632	-0.000448	0.999710	0.395112	
56	0.999561	0.000328	-2.138196	-0.000328	0.999561	0.295155	
57	0.999685	0.000640	-2.431399	-0.000640	0.999685	0.601204	
58	0.999296	0.001137	-2.689215	-0.001137	0.999296	1.021974	
59	0.999996	0.000918	-3.426944	-0.000918	0.999996	0.719584	
60	0.999592	0.001311	-2.800567	-0.001311	0.999592	1.070474	
61	0.999727	0.000706	-2.763213	-0.000706	0.999727	0.474475	
62	0.999868	0.000776	-2.476292	-0.000776	0.999868	0.737227	
63	0.999802	0.000785	-2.226755	-0.000785	0.999802	0.930327	
64	0.999727	0.001362	-2.175709	-0.001362	0.999727	1.101783	
65	0.999461	0.001122	-2.367077	-0.001122	0.999461	0.807970	
66	0.999890	0.001443	-2.639845	-0.001443	0.999890	1.052576	
67	0.999616	0.001344	-2.526039	-0.001344	0.999616	1.018782	
68	0.998136	0.001561	-1.602141	-0.001561	0.998136	1.713682	
69	0.999727	0.001081	-3.019007	-0.001081	0.999727	1.120231	
70	0.999535	0.001336	-2.828038	-0.001336	0.999535	1.321597	
71	0.999518	0.001347	-2.885776	-0.001347	0.999518	1.215160	
72	0.999869	0.001063	-3.459623	-0.001063	0.999869	0.923532	
73	1.000700	0.001021	-3.875167	-0.001021	1.000700	0.732552	
74	1.001016	0.001228	-4.175317	-0.001228	1.001016	0.741063	
75	1.001019	0.001352	-4.604537	-0.001352	1.001019	0.942456	
76	1.000980	0.001640	-4.588511	-0.001640	1.000980	1.356488	
77	1.000637	0.001540	-4.540021	-0.001540	1.000637	1.514231	
78	1.001003	0.001129	-5.145930	-0.001129	1.001003	1.278377	
79	1.000188	0.001565	-4.719496	-0.001565	1.000188	2.027332	
80	1.000570	0.001538	-5.376045	-0.001538	1.000570	2.083254	
81	1.000498	0.001648	-5.174843	-0.001648	1.000498	2.044934	
82	1.001039	0.001926	-5.279997	-0.001926	1.001039	1.885382	
83	1.000874	0.002114	-4.803648	-0.002114	1.000874	1.920822	
84	1.000477	0.001905	-4.529431	-0.001905	1.000477	1.723383	
85	1.001112	0.001929	-4.673339	-0.001929	1.001112	1.530329	
86	1.000841	0.001992	-4.391725	-0.001992	1.000841	1.710462	
87	1.000647	0.002161	-4.221842	-0.002161	1.000647	1.664663	
88	1.000285	0.002291	-4.193370	-0.002291	1.000285	1.672826	
89	1.000674	0.002273	-4.388632	-0.002273	1.000674	1.581793	
90	1.000219	0.002370	-4.121088	-0.002370	1.000219	1.802798	
91	1.000506	0.001956	-4.173895	-0.001956	1.000506	1.161836	
92	1.000329	0.001763	-3.833884	-0.001763	1.000329	1.184360	
93	1.000161	0.001673	-3.529303	-0.001673	1.000161	1.402502	
94	0.999863	0.001707	-3.218989	-0.001707	0.999863	1.511555	
95	0.999772	0.001793	-3.287603	-0.001793	0.999772	1.558659	
96	0.999781	0.001926	-3.500856	-0.001926	0.999781	1.641961	
97	0.999587	0.001881	-3.537343	-0.001881	0.999587	1.544715	
98	0.999956	0.001831	-3.617015	-0.001831	0.999956	1.374828	
99	0.999956	0.001972	-3.622013	-0.001972	0.999956	1.422901	
100	0.999655	0.002068	-3.588397	-0.002068	0.999655	1.718676	
101	0.999418	0.002165	-3.611702	-0.002165	0.999418	1.999475	
102	0.999585	0.002193	-3.773040	-0.002193	0.999585	1.917980	
103	0.999683	0.002275	-3.880505	-0.002275	0.999683	2.040761	
104	0.999690	0.002060	-4.148458	-0.002060	0.999690	1.930717	
105	0.999548	0.002025	-3.797653	-0.002025	0.999548	1.932983	
106	0.999722	0.001986	-3.989714	-0.001986	0.999722	2.084155	
107	0.999440	0.001156	-3.545000	-0.001156	0.999440	2.072352	
108	0.999602	0.001234	-3.933136	-0.001234	0.999602	2.277641	
109	0.999727	0.001114	-4.093548	-0.001114	0.999727	2.165855	
110	0.999759	0.000607	-4.093742	-0.000607	0.999759	1.835717	
111	0.999630	0.000987	-3.891560	-0.000987	0.999630	2.226542	
112	0.999478	0.001306	-3.924639	-0.001306	0.999478	2.468147	
113	0.999496	0.001349	-3.823357	-0.001349	0.999496	2.135398	
114	0.999895	0.002076	-3.832102	-0.002076	0.999895	2.224338	
115	0.999715	0.002080	-3.743515	-0.002080	0.999715	2.186247	
116	0.999782	0.002023	-3.795096	-0.002023	0.999782	2.024264	
117	0.999738	0.002055	-3.883906	-0.002055	0.999738	2.100791	
118	0.999611	0.002174	-3.921745	-0.002174	0.999611	2.207909	
119	0.999630	0.002196	-3.978395	-0.002196	0.999630	2.067738	
120	0.999708	0.002075	-4.219922	-0.002075	0.999708	1.923259	
121	0.999720	0.001920	-4.118010	-0.001920	0.999720	1.828371	
122	0.999672	0.002064	-4.109631	-0.002064	0.999672	2.167895	
123	0.999797	0.002165	-4.201096	-0.002165	0.999797	2.212042	
124	0.999665	0.002431	-4.223321	-0.002431	0.999665	2.408367	
125	0.999710	0.002139	-4.318809	-0.002139	0.999710	2.244064	
126	0.999807	0.002241	-4.249881	-0.002241	0.999807	2.233407	
127	0.999750	0.002258	-4.302205	-0.002258	0.999750	2.426882	
128	0.999608	0.002611	-4.344328	-0.002611	0.999608	2.826584	
129	0.999718	0.002691	-4.710444	-0.002691	0.999718	2.928371	
130	0.999614	0.002859	-4.853294	-0.002859	0.999614	3.183314	
131	0.999632	0.002790	-4.874822	-0.002790	0.999632	3.192371	
132	0.999547	0.002721	-4.957953	-0.002721	0.999547	3.257719	
133	1.000270	0.002137	-5.591771	-0.002137	1.000270	2.911093	
134	0.998182	0.002887	-3.788389	-0.002887	0.998182	3.847021	
135	1.000088	0.002999	-5.314597	-0.002999	1.000088	3.113015	
136	1.000473	0.001823	-6.125374	-0.001823	1.000473	2.293216	
137	0.999972	0.002649	-5.701169	-0.002649	0.999972	2.441672	
138	1.000054	0.002630	-5.908299	-0.002630	1.000054	2.188131	
139	0.999596	0.002078	-5.498117	-0.002078	0.999596	1.984310	
140	1.000215	0.002373	-5.704071	-0.002373	1.000215	2.149981	
141	0.999688	0.002540	-5.162540	-0.002540	0.999688	2.316857	
142	0.999616	0.002385	-5.257289	-0.002385	0.999616	2.031378	
143	0.999928	0.002415	-5.216231	-0.002415	0.999928	1.863837	
144	0.999778	0.002347	-4.852699	-0.002347	0.999778	1.877152	
145	0.999915	0.002248	-4.645348	-0.002248	0.999915	1.589914	
146	1.000002	0.002069	-4.178589	-0.002069	1.000002	1.290928	
147	0.999838	0.001944	-3.658768	-0.001944	0.999838	1.595008	
148	0.999568	0.001756	-3.168929	-0.001756	0.999568	2.012953	
149	0.999476	0.001464	-2.883606	-0.001464	0.999476	2.125596	
150	0.999221	0.001474	-2.158502	-0.001474	0.999221	2.699195	
151	0.998996	0.001191	-1.653940	-0.001191	0.998996	3.018950	
152	0.999095	0.001160	-1.758414	-0.001160	0.999095	2.894906	
153	0.999070	0.001073	-1.515271	-0.001073	0.999070	2.640889	
154	0.999151	0.001127	-1.340835	-0.001127	0.999151	2.392992	
155	0.999262	0.001218	-1.177909	-0.001218	0.999262	2.313161	
156	0.999266	0.001058	-1.325805	-0.001058	0.999266	2.158612	
157	0.999464	0.000792	-1.284021	-0.000792	0.999464	1.601784	
158	0.999707	0.000820	-1.172964	-0.000820	0.999707	1.102829	
159	0.999748	0.000833	-1.020971	-0.000833	0.999748	0.815691	
160	0.999841	0.000849	-0.981894	-0.000849	0.999841	0.513315	
161	0.999930	0.000905	-1.088147	-0.000905	0.999930	0.609876	
162	0.999933	0.000877	-1.114363	-0.000877	0.999933	0.673599	
163	0.999930	0.000642	-1.039903	-0.000642	0.999930	0.463965	
164	0.999877	0.000570	-0.892095	-0.000570	0.999877	0.463184	
165	0.999856	0.000681	-0.774017	-0.000681	0.999856	0.495359	
166	0.999833	0.000654	-0.862028	-0.000654	0.999833	0.466150	
167	0.999762	0.000604	-0.780543	-0.000604	0.999762	0.477232	
168	0.999501	0.000586	-0.495662	-0.000586	0.999501	0.500206	
169	0.999209	-0.000407	-0.520181	0.000407	0.999209	-0.027694	
170	0.999673	0.000284	-0.672002	-0.000284	0.999673	0.271305	
171	0.999638	0.000366	-0.568327	-0.000366	0.999638	0.344948	
172	0.999655	0.000361	-0.584367	-0.000361	0.999655	0.346265	
173	0.999260	0.000126	-0.464400	-0.000126	0.999260	0.492683	
174	0.999057	0.000682	-0.216219	-0.000682	0.999057	0.910369	
175	0.999316	0.000346	-0.355960	-0.000346	0.999316	0.447447	
176	0.999643	0.000233	-0.577795	-0.000233	0.999643	0.287407	
177	0.999821	0.000228	-0.690975	-0.000228	0.999821	0.318894	
178	0.999889	0.000264	-0.669167	-0.000264	0.999889	0.315097	
179	1.000525	0.000371	-1.105536	-0.000371	1.000525	0.065963	
180	1.000331	0.000464	-1.078165	-0.000464	1.000331	0.216366	
181	1.000174	0.000317	-0.914114	-0.000317	1.000174	0.261553	
182	1.000152	0.000374	-0.887825	-0.000374	1.000152	0.289088	
183	1.000470	0.000408	-1.065606	-0.000408	1.000470	0.050904	
184	1.000260	0.000300	-0.829003	-0.000300	1.000260	-0.042181	
185	1.000273	0.000358	-0.748648	-0.000358	1.000273	0.065435	
186	1.000520	0.000473	-0.939090	-0.000473	1.000520	0.179391	
187	1.000864	0.000385	-1.183432	-0.000385	1.000864	-0.098021	
188	1.000746	0.000414	-1.080483	-0.000414	1.000746	-0.076130	
189	1.000810	0.000415	-1.048503	-0.000415	1.000810	-0.130374	
190	1.000806	0.000428	-1.136209	-0.000428	1.000806	0.013659	
191	1.000691	0.000512	-1.179077	-0.000512	1.000691	0.179474	
192	1.000644	0.000457	-1.162915	-0.000457	1.000644	0.075476	
193	1.001237	0.000256	-1.485776	-0.000256	1.001237	-0.260574	
194	1.000491	0.000515	-1.060584	-0.000515	1.000491	0.498141	
195	1.000516	0.000746	-1.274532	-0.000746	1.000516	0.546176	
196	1.000870	0.000511	-1.465344	-0.000511	1.000870	0.018156	
197	1.000467	0.000174	-0.989690	-0.000174	1.000467	0.019527	
198	1.000291	0.000535	-0.986752	-0.000535	1.000291	0.591116	
199	1.000389	0.000517	-1.079007	-0.000517	1.000389	0.477133	
200	1.000614	0.000428	-1.131235	-0.000428	1.000614	0.045722	
201	1.000809	0.000218	-1.099889	-0.000218	1.000809	-0.196082	
202	1.000361	0.000650	-0.988736	-0.000650	1.000361	0.538595	
203	1.000568	0.000566	-1.224282	-0.000566	1.000568	0.288435	
204	1.000891	0.000521	-1.319031	-0.000521	1.000891	0.108611	
205	1.000611	0.000576	-1.177598	-0.000576	1.000611	0.330534	
206	1.000364	0.000464	-1.064515	-0.000464	1.000364	0.374129	
207	1.000444	0.000237	-0.883734	-0.000237	1.000444	0.190924	
208	1.000282	0.000352	-0.756062	-0.000352	1.000282	0.476362	
209	1.000352	0.000625	-0.948308	-0.000625	1.000352	0.716631	
210	1.000542	0.000385	-1.047018	-0.000385	1.000542	0.235589	
211	1.000635	0.000499	-1.054391	-0.000499	1.000635	0.168263	
212	1.000533	0.000392	-1.071945	-0.000392	1.000533	0.388801	
213	1.000240	0.000591	-1.105234	-0.000591	1.000240	0.888424	
214	1.000662	0.000502	-1.520267	-0.000502	1.000662	0.486204	
215	1.000730	0.000734	-1.557474	-0.000734	1.000730	0.682452	
216	1.000687	0.001025	-1.921230	-0.001025	1.000687	1.037736	
217	1.001011	0.000998	-2.073383	-0.000998	1.001011	0.967345	
218	1.000853	0.000719	-1.897388	-0.000719	1.000853	0.886109	
219	1.000958	0.000870	-2.039026	-0.000870	1.000958	1.093132	
220	1.001156	0.000858	-2.233640	-0.000858	1.001156	0.814948	
221	1.001515	0.001073	-2.463529	-0.001073	1.001515	0.758688	
222	1.001576	0.001040	-2.778718	-0.001040	1.001576	0.756315	
223	1.001686	0.001151	-3.037476	-0.001151	1.001686	0.733028	
224	1.001641	0.001006	-3.016711	-0.001006	1.001641	0.597205	
225	1.001896	0.000915	-3.142946	-0.000915	1.001896	0.454514	
226	1.001781	0.001046	-3.030225	-0.001046	1.001781	0.659761	
227	1.001738	0.001122	-3.073578	-0.001122	1.001738	0.731097	
228	1.002219	0.001059	-3.571525	-0.001059	1.002219	0.459507	
229	1.001832	0.000911	-3.137430	-0.000911	1.001832	0.612743	
230	1.001948	0.000938	-3.069569	-0.000938	1.001948	0.596413	
231	1.001684	0.001020	-2.678833	-0.001020	1.001684	0.874898	
232	1.001552	0.001180	-2.587057	-0.001180	1.001552	1.126521	
233	1.001542	0.001226	-2.775774	-0.001226	1.001542	1.061909	
234	1.001467	0.000799	-2.604227	-0.000799	1.001467	0.817994	
235	1.001696	0.000649	-2.448263	-0.000649	1.001696	0.747576	
236	1.001663	0.001010	-2.276004	-0.001010	1.001663	0.753058	
237	1.002044	0.001451	-2.692881	-0.001451	1.002044	0.418484	
238	1.002137	0.001407	-2.908369	-0.001407	1.002137	0.057718	
239	1.001797	0.001142	-2.479155	-0.001142	1.001797	0.156386	
240	1.001962	0.001119	-2.533585	-0.001119	1.001962	0.300184	
241	1.001849	0.001396	-2.523586	-0.001396	1.001849	0.340806	
242	1.001904	0.001430	-2.570382	-0.001430	1.001904	0.032268	
243	1.001561	0.001189	-2.171098	-0.001189	1.001561	-0.022472	
244	1.001541	0.001086	-2.058197	-0.001086	1.001541	0.067307	
245	1.001650	0.000964	-2.015792	-0.000964	1.001650	-0.109057	
246	1.001668	0.000867	-1.894719	-0.000867	1.001668	-0.298850	
247	1.001528	0.001075	-1.815009	-0.001075	1.001528	-0.267838	
248	1.001411	0.000855	-1.708689	-0.000855	1.001411	-0.320387	
249	1.001147	0.000651	-1.432300	-0.000651	1.001147	-0.070447	
250	1.001006	0.000509	-1.237178	-0.000509	1.001006	-0.081300	
251	1.001423	0.000467	-1.406372	-0.000467	1.001423	-0.504314	
252	1.001215	0.000487	-1.147214	-0.000487	1.001215	-0.391668	
253	1.000957	0.000569	-1.098051	-0.000569	1.000957	-0.048282	
254	1.000513	0.000364	-0.950125	-0.000364	1.000513	0.066743	
255	1.000352	0.000349	-0.851188	-0.000349	1.000352	0.048368	
256	1.000033	0.000575	-0.621645	-0.000575	1.000033	0.349294	
257	0.999853	0.000804	-0.622235	-0.000804	0.999853	0.552267	
258	0.999942	0.000749	-0.688761	-0.000749	0.999942	0.272368	
259	0.999918	0.000655	-0.617688	-0.000655	0.999918	0.297892	
260	0.999852	0.000802	-0.615233	-0.000802	0.999852	0.607060	
261	0.999936	0.000813	-0.713655	-0.000813	0.999936	0.498281	
262	0.999944	0.000801	-0.703694	-0.000801	0.999944	0.406731	
263	0.999803	0.000710	-0.535962	-0.000710	0.999803	0.590214	
264	0.999638	0.000875	-0.479325	-0.000875	0.999638	0.958656	
265	0.999885	0.000657	-0.704223	-0.000657	0.999885	0.569470	
266	0.999915	0.000626	-0.715003	-0.000626	0.999915	0.518419	
267	0.999917	0.000577	-0.661725	-0.000577	0.999917	0.402810	
268	0.999868	0.000490	-0.539121	-0.000490	0.999868	0.318652	
269	0.999679	0.000443	-0.579218	-0.000443	0.999679	0.447438	
270	0.999796	0.000583	-0.587336	-0.000583	0.999796	0.496387	
271	0.999931	0.000607	-0.669245	-0.000607	0.999931	0.476508	
272	0.999963	0.000653	-0.757877	-0.000653	0.999963	0.491828	
273	1.000129	0.000618	-0.857407	-0.000618	1.000129	0.450050	
274	1.000146	0.000501	-0.906055	-0.000501	1.000146	0.311245	
275	1.000082	0.000374	-0.829492	-0.000374	1.000082	0.197589	
276	1.000208	0.000484	-0.922716	-0.000484	1.000208	0.187735	
277	1.000191	0.000485	-0.946700	-0.000485	1.000191	0.215328	
278	1.000307	0.000398	-0.937289	-0.000398	1.000307	0.166084	
279	1.000239	0.000354	-0.946649	-0.000354	1.000239	0.135707	
280	1.000400	0.000387	-1.068025	-0.000387	1.000400	0.156193	
281	1.000404	0.000394	-1.092608	-0.000394	1.000404	0.202330	
282	1.000366	0.000429	-1.030937	-0.000429	1.000366	0.250910	
283	1.000310	0.000438	-1.053843	-0.000438	1.000310	0.300506	
284	1.000387	0.000435	-1.131850	-0.000435	1.000387	0.270094	
285	1.000393	0.000559	-1.345512	-0.000559	1.000393	0.363021	
286	1.000481	0.000584	-1.448320	-0.000584	1.000481	0.321296	
287	1.000573	0.000743	-1.570954	-0.000743	1.000573	0.278457	
288	1.000595	0.000774	-1.697522	-0.000774	1.000595	0.253175	
289	1.000580	0.000456	-1.560464	-0.000456	1.000580	0.164491	
290	1.000231	0.000283	-1.076295	-0.000283	1.000231	0.175683	
291	1.000502	0.000465	-1.517856	-0.000465	1.000502	0.274017	
292	1.000543	0.000771	-1.639449	-0.000771	1.000543	0.292943	
293	1.000711	0.000895	-1.770468	-0.000895	1.000711	0.096161	
294	1.000541	0.000843	-1.600221	-0.000843	1.000541	0.301280	
295	1.000188	0.000718	-1.230479	-0.000718	1.000188	0.493870	
296	1.000151	0.000913	-1.175104	-0.000913	1.000151	0.674302	
297	1.000212	0.001023	-1.208010	-0.001023	1.000212	0.732684	
298	1.000257	0.000923	-1.078920	-0.000923	1.000257	0.563015	
299	1.000170	0.000786	-1.004406	-0.000786	1.000170	0.630743	
300	1.000246	0.000549	-0.975065	-0.000549	1.000246	0.430442	
301	1.000121	0.000566	-0.787295	-0.000566	1.000121	0.555238	
302	0.999861	0.000664	-0.563959	-0.000664	0.999861	0.579826	
303	0.999809	0.000668	-0.334373	-0.000668	0.999809	0.536608	
304	0.999785	0.000421	-0.251643	-0.000421	0.999785	0.320138	
305	0.999821	0.000409	-0.244761	-0.000409	0.999821	0.373737	
306	0.999944	0.000267	-0.213317	-0.000267	0.999944	0.426878	
307	1.000259	0.000168	-0.520270	-0.000168	1.000259	0.184921	
308	1.000478	0.000299	-0.679433	-0.000299	1.000478	0.115274	
309	1.000610	0.000064	-0.697862	-0.000064	1.000610	-0.049792	
310	1.000239	0.000080	-0.374894	-0.000080	1.000239	0.286615	
311	0.999951	0.000212	-0.321055	-0.000212	0.999951	0.477423	
312	1.000302	0.000482	-0.613330	-0.000482	1.000302	0.430144	
313	1.000363	0.000262	-0.517478	-0.000262	1.000363	-0.207900	
314	1.000193	-0.000074	-0.117618	0.000074	1.000193	-0.246787	
315	0.999929	0.000146	-0.056197	-0.000146	0.999929	0.371179	
316	1.000081	0.000609	-0.328192	-0.000609	1.000081	0.480632	
317	1.000116	0.000109	-0.157793	-0.000109	1.000116	-0.232598	
318	1.000269	0.000058	-0.217398	-0.000058	1.000269	-0.229377	
319	0.999973	0.000023	-0.140928	-0.000023	0.999973	0.141656	
320	0.999803	0.000021	-0.004131	-0.000021	0.999803	0.339637	
321	0.999917	0.000190	-0.094986	-0.000190	0.999917	0.205121	
322	0.999991	0.000275	-0.134556	-0.000275	0.999991	0.149360	
323	0.999849	0.000256	-0.057642	-0.000256	0.999849	0.315466	
324	0.999881	0.000267	-0.042993	-0.000267	0.999881	0.375021	
325	0.999968	0.000223	-0.076251	-0.000223	0.999968	0.311119	
326	1.000057	0.000170	-0.166505	-0.000170	1.000057	0.085493	
327	1.000014	0.000037	-0.175638	-0.000037	1.000014	-0.044413	
328	1.000076	-0.000066	-0.243084	0.000066	1.000076	-0.090354	
329	1.000115	-0.000155	-0.305175	0.000155	1.000115	-0.143882	
330	1.000085	-0.000224	-0.151164	0.000224	1.000085	-0.162899	
331	1.000069	-0.000081	-0.279504	0.000081	1.000069	-0.038969	
332	1.000077	0.000067	-0.373036	-0.000067	1.000077	0.100589	
333	1.000039	0.000118	-0.444236	-0.000118	1.000039	0.176196	
334	1.000050	0.000134	-0.464853	-0.000134	1.000050	0.183168	
335	0.999988	0.000048	-0.358914	-0.000048	0.999988	0.133567	
336	0.999864	-0.000020	-0.341144	0.000020	0.999864	0.046016	
337	0.999923	-0.000095	-0.393183	0.000095	0.999923	-0.110454	
338	0.999803	-0.000033	-0.300227	0.000033	0.999803	-0.022408	
339	0.999733	0.000018	-0.268548	-0.000018	0.999733	0.032552	
340	0.999692	-0.000071	-0.254887	0.000071	0.999692	-0.019245	
341	0.999665	-0.000111	-0.213529	0.000111	0.999665	0.049099	
342	0.999848	-0.000114	-0.388664	0.000114	0.999848	0.102358	
343	1.000063	0.000122	-0.534139	-0.000122	1.000063	0.192507	
344	1.000247	0.000020	-0.634746	-0.000020	1.000247	0.027729	
345	1.000249	-0.000085	-0.648150	0.000085	1.000249	-0.095822	
346	1.000004	-0.000041	-0.499982	0.000041	1.000004	0.041737	
347	1.000144	0.000122	-0.647878	-0.000122	1.000144	0.102093	
348	1.000261	0.000147	-0.805304	-0.000147	1.000261	0.023390	
349	1.000246	0.000194	-0.751990	-0.000194	1.000246	0.149829	
350	1.000365	0.000211	-0.849611	-0.000211	1.000365	0.129069	
351	1.000279	0.000076	-0.643326	-0.000076	1.000279	0.044969	
352	1.000282	0.000088	-0.615960	-0.000088	1.000282	0.087909	
353	1.000243	-0.000004	-0.488913	0.000004	1.000243	-0.118450	
354	1.000249	-0.000220	-0.158210	0.000220	1.000249	-0.285940	
355	1.000359	-0.000382	-0.147880	0.000382	1.000359	-0.307287	
356	1.000422	-0.000113	-0.343699	0.000113	1.000422	-0.157154	
357	1.000534	0.000027	-0.329208	-0.000027	1.000534	-0.333469	
358	1.000814	-0.000215	-0.371157	0.000215	1.000814	-0.714909	
359	1.000608	-0.000361	0.046372	0.000361	1.000608	-0.799810	
360	1.000844	-0.000808	0.352683	0.000808	1.000844	-1.327354	
361	1.000951	-0.000803	0.237453	0.000803	1.000951	-1.515100	
362	1.000727	-0.000955	0.892852	0.000955	1.000727	-1.428915	
363	1.000908	-0.001493	1.445392	0.001493	1.000908	-1.813199	
364	1.001463	-0.002349	1.646854	0.002349	1.001463	-2.629918	
365	1.001059	-0.002209	2.678509	0.002209	1.001059	-2.392651	
366	1.002164	-0.003051	2.124896	0.003051	1.002164	-3.402248	
367	1.001943	-0.003128	2.455581	0.003128	1.001943	-3.156586	
368	1.001491	-0.003365	3.255260	0.003365	1.001491	-3.243496	
369	1.002149	-0.003672	3.031340	0.003672	1.002149	-3.602255	
370	1.002604	-0.004134	2.940169	0.004134	1.002604	-4.196873	
371	1.003899	-0.005096	2.773869	0.005096	1.003899	-5.553619	
372	1.001903	-0.004432	5.413914	0.004432	1.001903	-4.138577	
373	1.001764	-0.000813	6.524486	0.000813	1.001764	-1.556123	
374	1.000812	-0.001139	7.810828	0.001139	1.000812	-1.611336	
375	1.000994	-0.001422	8.204258	0.001422	1.000994	-1.669894	
376	1.005593	-0.004974	4.321001	0.004974	1.005593	-5.093072	
377	1.005822	-0.006622	3.729182	0.006622	1.005822	-6.907976	
378	1.000829	-0.001622	9.056805	0.001622	1.000829	-2.009223	
379	1.001175	-0.001515	9.183853	0.001515	1.001175	-2.085348	
380	1.001220	-0.001686	9.634577	0.001686	1.001220	-2.157774	
381	1.005146	-0.006636	6.831045	0.006636	1.005146	-6.682387	
382	1.012471	-0.007935	0.030683	0.007935	1.012471	-9.800463	
383	1.010709	-0.008668	2.017774	0.008668	1.010709	-10.279078	
384	0.997648	-0.005903	13.093855	0.005903	0.997648	-4.353103	
385	1.000273	-0.001718	12.618309	0.001718	1.000273	-2.583536	
386	0.999901	-0.001576	13.492627	0.001576	0.999901	-2.417739	
387	0.998954	-0.001689	14.327456	0.001689	0.998954	-2.431798	
388	0.999438	-0.001501	14.127116	0.001501	0.999438	-2.351565	
389	0.999156	-0.001857	14.647291	0.001857	0.999156	-2.824765	
390	0.999350	-0.002178	14.918913	0.002178	0.999350	-3.172918	
391	0.998787	-0.002086	16.083176	0.002086	0.998787	-3.192784	
392	0.999026	-0.002070	16.107873	0.002070	0.999026	-3.217436	
393	0.999486	-0.001924	15.508702	0.001924	0.999486	-3.418239	
394	0.999500	-0.002149	14.693509	0.002149	0.999500	-3.595327	
395	0.999353	-0.002285	14.379706	0.002285	0.999353	-3.629482	
396	0.999708	-0.002061	13.868619	0.002061	0.999708	-3.521832	
397	0.999332	-0.002152	13.363943	0.002152	0.999332	-3.412869	
398	1.011913	-0.006494	1.166474	0.006494	1.011913	-9.401329	
399	0.999352	-0.001442	12.155858	0.001442	0.999352	-3.436605	
400	1.012665	-0.005402	-1.450778	0.005402	1.012665	-9.805675	
401	0.992883	-0.009718	15.041341	0.009718	0.992883	-3.698851	
402	0.997917	-0.011563	11.531792	0.011563	0.997917	-6.334936	
403	0.993535	-0.011668	14.631888	0.011668	0.993535	-4.667275	
404	0.998675	-0.002297	13.225904	0.002297	0.998675	-3.484597	
405	1.012073	-0.007654	1.363153	0.007654	1.012073	-10.458295	
406	1.010653	-0.006190	0.661523	0.006190	1.010653	-8.784116	
407	1.009299	-0.008767	1.485914	0.008767	1.009299	-11.262600	
408	1.008977	-0.005535	0.154116	0.005535	1.008977	-7.934415	
409	1.009339	-0.004450	-1.546457	0.004450	1.009339	-7.844749	
410	1.000510	-0.006890	8.248744	0.006890	1.000510	-6.651091	
411	1.013733	-0.004235	-4.831124	0.004235	1.013733	-9.163481	
412	1.007670	-0.006453	1.968661	0.006453	1.007670	-8.440400	
413	1.003805	-0.009162	5.267431	0.009162	1.003805	-8.550231	
414	1.009713	-0.005405	-1.209819	0.005405	1.009713	-8.646595	
415	1.008450	-0.006055	1.216388	0.006055	1.008450	-8.916794	
416	1.010719	-0.003782	-2.950810	0.003782	1.010719	-8.627960	
417	1.011513	-0.005379	-2.038564	0.005379	1.011513	-9.737231	
418	1.012007	-0.004557	-1.803189	0.004557	1.012007	-8.576468	
419	1.008453	-0.006099	3.100226	0.006099	1.008453	-9.231425	
420	1.008554	-0.004491	-2.105032	0.004491	1.008554	-7.605484	
421	1.008509	-0.005392	3.470668	0.005392	1.008509	-7.871225	
422	0.996736	-0.013258	12.471974	0.013258	0.996736	-7.415480	
423	1.008915	-0.010051	2.482060	0.010051	1.008915	-11.467666	
424	0.995095	-0.012705	12.575206	0.012705	0.995095	-5.714103	
425	0.996015	-0.012259	12.187846	0.012259	0.996015	-6.638694	
426	1.005660	-0.011659	5.126868	0.011659	1.005660	-11.756252	
427	1.012703	-0.007186	-3.182812	0.007186	1.012703	-12.297988	
428	1.010359	-0.004568	-2.023259	0.004568	1.010359	-9.228645	
429	1.004538	-0.006785	0.589034	0.006785	1.004538	-7.315906	
430	1.004691	-0.007997	2.155650	0.007997	1.004691	-8.530189	
431	1.013411	-0.010768	0.381036	0.010768	1.013411	-14.768226	
432	1.015111	-0.007674	-1.528498	0.007674	1.015111	-13.914787	
433	1.003644	-0.008167	3.775747	0.008167	1.003644	-8.673346	
434	1.013784	-0.006262	1.742354	0.006262	1.013784	-11.075001	
435	1.004245	-0.007941	3.049856	0.007941	1.004245	-8.216025	
436	1.004320	-0.009062	3.553731	0.009062	1.004320	-8.751773	
437	1.004659	-0.009972	3.723067	0.009972	1.004659	-9.390821	
438	1.004783	-0.009862	3.335498	0.009862	1.004783	-9.277929	
439	1.004399	-0.009754	3.443783	0.009754	1.004399	-9.126639	
440	1.002465	-0.009188	4.673665	0.009188	1.002465	-7.530108	
441	1.002418	-0.008048	4.277311	0.008048	1.002418	-7.047687	
442	1.001521	-0.004008	2.070202	0.004008	1.001521	-4.195312	
443	1.000670	-0.003805	2.540771	0.003805	1.000670	-2.725355	
444	1.003853	-0.012499	8.914330	0.012499	1.003853	-10.581465	
445	1.005344	-0.011188	5.429631	0.011188	1.005344	-10.680489	
446	0.999519	-0.009775	9.909466	0.009775	0.999519	-6.385352	
447	1.003868	-0.010293	7.042238	0.010293	1.003868	-7.899357	
448	1.009105	-0.002819	-0.390639	0.002819	1.009105	-4.802283	
449	1.004216	-0.006457	3.923610	0.006457	1.004216	-5.853246	
450	1.005645	-0.004089	1.129601	0.004089	1.005645	-5.351494	
451	1.001541	-0.006517	6.130305	0.006517	1.001541	-3.747176	
452	1.004457	-0.004287	1.687170	0.004287	1.004457	-4.509361	
453	0.999343	-0.006986	7.449655	0.006986	0.999343	-3.917774	
454	1.000617	-0.005625	6.471031	0.005625	1.000617	-3.492378	
455	0.999533	-0.005020	6.733341	0.005020	0.999533	-2.667459	
456	1.000893	-0.007032	5.788516	0.007032	1.000893	-5.029086	
457	1.001734	-0.005797	4.366129	0.005797	1.001734	-4.022844	
458	0.997732	-0.004138	6.345399	0.004138	0.997732	-0.937921	
459	1.000834	-0.006927	5.598687	0.006927	1.000834	-4.463518	
460	0.998453	-0.002607	5.590660	0.002607	0.998453	-0.533589	
461	0.997622	-0.004010	7.605948	0.004010	0.997622	-0.834153	
462	0.996903	-0.002003	8.288078	0.002003	0.996903	0.453607	
463	1.001533	-0.001535	5.842966	0.001535	1.001533	0.293016	
464	1.000562	-0.006974	6.540179	0.006974	1.000562	-3.918192	
465	0.998727	-0.005587	7.107486	0.005587	0.998727	-1.943147	
466	1.002758	-0.005239	3.876313	0.005239	1.002758	-3.634317	
467	0.998814	-0.005784	7.469730	0.005784	0.998814	-2.219699	
468	1.000900	-0.004472	6.527808	0.004472	1.000900	-1.680041	
469	0.996062	-0.004781	7.261622	0.004781	0.996062	-0.098430	
470	1.000680	-0.003248	6.645709	0.003248	1.000680	-0.583416	
471	1.001693	-0.007044	5.852067	0.007044	1.001693	-3.990097	
472	0.997884	-0.005050	8.958416	0.005050	0.997884	-1.313398	
473	1.000389	-0.005097	8.133682	0.005097	1.000389	-1.457274	
474	0.998555	-0.006993	9.819264	0.006993	0.998555	-2.416726	
475	1.000222	-0.002273	10.363605	0.002273	1.000222	0.739490	
476	0.999565	-0.002210	11.218235	0.002210	0.999565	1.361219	
477	0.999067	-0.002162	11.902611	0.002162	0.999067	2.007493	
478	0.998933	-0.002615	12.301345	0.002615	0.998933	1.860973	
479	0.998723	-0.002700	12.575899	0.002700	0.998723	1.796637	
480	0.999563	-0.003295	12.454888	0.003295	0.999563	0.925065	
481	0.999734	-0.002853	12.533407	0.002853	0.999734	0.965945	
482	1.000214	-0.002857	11.882574	0.002857	1.000214	0.356248	
483	1.000265	-0.002755	11.771376	0.002755	1.000265	0.436341	
484	1.000247	-0.002761	11.995432	0.002761	1.000247	0.481228	
485	0.999990	-0.002599	12.024784	0.002599	0.999990	0.477911	
486	0.999996	-0.002542	11.810393	0.002542	0.999996	0.579800	
487	1.000439	-0.002453	11.331282	0.002453	1.000439	0.673664	
488	1.000357	-0.001933	10.932744	0.001933	1.000357	1.231133	
489	0.999923	-0.001856	11.340302	0.001856	0.999923	1.498625	
490	1.001862	-0.002477	9.815751	0.002477	1.001862	0.602091	
491	0.999605	-0.002440	11.960417	0.002440	0.999605	0.971628	
492	1.000327	-0.002617	11.393307	0.002617	1.000327	0.300801	
493	1.000322	-0.002414	11.241061	0.002414	1.000322	0.367626	
494	0.993277	-0.009619	13.609747	0.009619	0.993277	-1.585634	
495	1.000639	-0.001824	10.690109	0.001824	1.000639	1.127770	
496	1.000893	-0.002237	9.840095	0.002237	1.000893	1.010630	
497	1.000880	-0.002441	9.695656	0.002441	1.000880	0.797385	
498	1.000525	-0.002104	10.281335	0.002104	1.000525	1.238619	
499	0.999963	-0.001449	10.732717	0.001449	0.999963	1.348250	
500	1.004380	-0.007315	6.437645	0.007315	1.004380	-5.140048	
501	1.000092	-0.001766	10.254028	0.001766	1.000092	0.917453	
502	1.001684	-0.008454	8.294600	0.008454	1.001684	-5.150831	
503	1.000646	-0.002031	9.534945	0.002031	1.000646	0.586343	
504	1.005147	-0.008911	5.006811	0.008911	1.005147	-7.857547	
505	0.992209	-0.007730	12.831395	0.007730	0.992209	-0.182527	
506	1.000777	-0.001853	8.887504	0.001853	1.000777	1.052625	
507	1.001105	-0.001594	8.579452	0.001594	1.001105	1.421687	
508	0.995102	-0.008056	10.907308	0.008056	0.995102	-1.228306	
509	0.994045	-0.007007	10.293340	0.007007	0.994045	-0.138666	
510	0.998228	-0.006128	8.127418	0.006128	0.998228	-1.773035	
511	0.998305	-0.009179	8.568340	0.009179	0.998305	-3.505409	
512	1.001114	-0.008892	6.860429	0.008892	1.001114	-5.457332	
513	0.992931	-0.005891	9.744427	0.005891	0.992931	-0.212506	
514	0.993874	-0.006854	10.169643	0.006854	0.993874	-1.109221	
515	1.001407	-0.008935	6.533916	0.008935	1.001407	-5.950476	
516	1.001422	-0.008473	6.193726	0.008473	1.001422	-5.516647	
517	1.000117	-0.001545	7.887891	0.001545	1.000117	0.900854	
518	0.993696	-0.005142	9.368624	0.005142	0.993696	0.088394	
519	0.997452	-0.007090	8.407140	0.007090	0.997452	-2.550368	
520	0.998634	-0.004635	7.294387	0.004635	0.998634	-1.256994	
521	0.996385	-0.004145	7.235929	0.004145	0.996385	-0.457153	
522	0.995755	-0.003961	7.020336	0.003961	0.995755	-0.006358	
523	0.999464	-0.003965	5.593674	0.003965	0.999464	-1.168361	
524	0.999408	-0.003797	5.094433	0.003797	0.999408	-0.975301	
525	1.000179	-0.003600	4.898626	0.003600	1.000179	-1.312869	
526	0.999403	-0.003253	5.321849	0.003253	0.999403	-0.779769	
527	1.000192	-0.004380	4.704206	0.004380	1.000192	-1.775643	
528	1.000009	-0.003476	4.487304	0.003476	1.000009	-1.363232	
529	1.000627	-0.004681	4.489766	0.004681	1.000627	-2.712841	
530	0.997621	-0.003846	5.622115	0.003846	0.997621	-1.039583	
531	0.997972	-0.003676	5.241940	0.003676	0.997972	-1.360186	
532	0.999326	-0.003404	4.486549	0.003404	0.999326	-1.911878	
533	1.000305	-0.003430	3.618803	0.003430	1.000305	-2.260009	
534	1.000077	-0.003002	3.230118	0.003002	1.000077	-1.834263	
535	1.000538	-0.002572	2.694033	0.002572	1.000538	-1.717531	
536	1.000915	-0.001763	1.632723	0.001763	1.000915	-1.412982	
537	1.001035	-0.001213	0.858842	0.001213	1.001035	-0.967405	
538	1.000850	-0.000872	0.632158	0.000872	1.000850	-0.577675	
539	1.001095	-0.000659	0.434580	0.000659	1.001095	-0.511627	
540	1.000744	-0.000673	0.698850	0.000673	1.000744	-0.515107	
541	1.000664	-0.000709	0.741567	0.000709	1.000664	-0.617946	
542	1.000762	-0.000814	0.596816	0.000814	1.000762	-0.895823	
543	1.000300	-0.001091	0.872354	0.001091	1.000300	-1.007366	
544	1.000529	-0.001284	1.141966	0.001284	1.000529	-1.233093	
545	1.000023	-0.001232	1.349485	0.001232	1.000023	-0.770694	
546	1.000164	-0.001213	1.257863	0.001213	1.000164	-0.624676	
547	0.999952	-0.000952	1.257944	0.000952	0.999952	-0.277892	
548	1.000501	-0.000766	0.764396	0.000766	1.000501	-0.529034	
549	1.000427	-0.000649	0.571066	0.000649	1.000427	-0.478397	
550	1.000655	-0.000598	0.320786	0.000598	1.000655	-0.630849	
551	1.000723	-0.000564	0.177936	0.000564	1.000723	-0.774865	
552	1.000881	-0.000556	0.147584	0.000556	1.000881	-0.835752	
553	1.000837	-0.000653	0.098684	0.000653	1.000837	-1.022838	
554	1.000512	-0.000572	0.145064	0.000572	1.000512	-0.697511	
555	1.000527	-0.000496	-0.012550	0.000496	1.000527	-0.603581	
556	1.000930	-0.000366	-0.337976	0.000366	1.000930	-0.759513	
557	1.000868	-0.000337	-0.376171	0.000337	1.000868	-0.664976	
558	1.001224	0.000013	-1.097509	-0.000013	1.001224	-0.593363	
559	1.001154	-0.000035	-1.300396	0.000035	1.001154	-0.737298	
560	1.001326	-0.000178	-1.082214	0.000178	1.001326	-0.838619	
561	1.001175	-0.000042	-1.064508	0.000042	1.001175	-0.656882	
562	1.001640	0.000188	-1.345768	-0.000188	1.001640	-0.737312	
563	1.001404	0.000139	-1.010960	-0.000139	1.001404	-0.719266	
564	1.001694	-0.000007	-1.161234	0.000007	1.001694	-0.907103	
565	1.001391	-0.000115	-0.929082	0.000115	1.001391	-0.830792	
566	1.001170	-0.000039	-0.879844	0.000039	1.001170	-0.520226	
567	1.000906	-0.000122	-0.610944	0.000122	1.000906	-0.544664	
568	1.000297	-0.000107	-0.221140	0.000107	1.000297	-0.169542	
569	0.999860	0.000018	-0.073057	-0.000018	0.999860	0.385369	
570	0.999915	-0.000092	-0.001324	0.000092	0.999915	0.280322	
571	0.999951	0.000019	-0.077077	-0.000019	0.999951	0.381981	
572	0.999819	0.000148	-0.123365	-0.000148	0.999819	0.628264	
573	0.999833	0.000300	-0.226405	-0.000300	0.999833	0.789181	
574	0.999844	-0.000029	-0.009269	0.000029	0.999844	0.424172	
575	0.999933	-0.000094	0.139040	0.000094	0.999933	0.277681	
576	1.000048	0.000070	-0.024924	-0.000070	1.000048	0.204461	
577	0.999931	0.000139	-0.095656	-0.000139	0.999931	0.410372	
578	0.999687	0.000124	-0.103712	-0.000124	0.999687	0.801399	
579	0.999696	0.000085	-0.069273	-0.000085	0.999696	0.707277	
580	0.999758	0.000230	0.093375	-0.000230	0.999758	0.659200	
581	0.999733	0.000225	0.026952	-0.000225	0.999733	0.779348	
582	0.999708	0.000025	0.184710	-0.000025	0.999708	0.792288	
583	0.999896	0.000111	0.029554	-0.000111	0.999896	0.805887	
584	0.999809	-0.000087	0.170934	0.000087	0.999809	0.839347	
585	0.999751	-0.000139	0.119731	0.000139	0.999751	0.939148	
586	0.999686	0.000117	0.069891	-0.000117	0.999686	1.066858	
587	0.999821	0.000061	0.073794	-0.000061	0.999821	0.997184	
588	0.999904	0.000003	0.359005	-0.000003	0.999904	0.692204	
589	0.999584	0.000141	0.290767	-0.000141	0.999584	0.829288	
590	0.999638	0.000173	0.184057	-0.000173	0.999638	0.876057	
591	0.999530	0.000147	0.317043	-0.000147	0.999530	0.844936	
592	0.999655	0.000081	0.106931	-0.000081	0.999655	0.665299	
593	0.999842	0.000151	-0.046702	-0.000151	0.999842	0.625085	
594	1.000102	-0.000042	-0.177224	0.000042	1.000102	0.178353	
595	1.000362	-0.000023	-0.129668	0.000023	1.000362	-0.101758	
596	1.000222	0.000114	-0.181692	-0.000114	1.000222	-0.004624	
597	1.000134	0.000159	-0.158339	-0.000159	1.000134	0.116574	
598	1.000308	0.000000	-0.043518	-0.000000	1.000308	-0.027922	
599	1.000029	0.000089	0.067730	-0.000089	1.000029	0.272672	
600	1.000014	0.000201	-0.119306	-0.000201	1.000014	0.284014	
601	1.000865	0.000053	-0.356000	-0.000053	1.000865	-0.263761	
602	1.000130	0.000090	-0.348462	-0.000090	1.000130	0.110107	
603	1.000042	0.000089	-0.367019	-0.000089	1.000042	0.353807	
604	1.000164	0.000459	-0.845449	-0.000459	1.000164	0.485241	
605	1.000012	0.000775	-1.068389	-0.000775	1.000012	0.975480	
606	0.999999	0.000860	-1.267661	-0.000860	0.999999	1.066267	
607	1.000355	0.001006	-1.530944	-0.001006	1.000355	0.753809	
608	1.000731	0.000920	-1.838391	-0.000920	1.000731	0.279596	
609	1.000521	0.000879	-1.851013	-0.000879	1.000521	0.441541	
610	1.000282	0.000751	-1.708270	-0.000751	1.000282	0.624050	
611	1.000486	0.000989	-2.052116	-0.000989	1.000486	0.656914	
612	1.000291	0.001290	-2.410992	-0.001290	1.000291	1.018725	
613	1.000720	0.001158	-3.026780	-0.001158	1.000720	0.748073	
614	1.001016	0.001834	-3.705617	-0.001834	1.001016	1.057807	
615	1.000998	0.001791	-4.195229	-0.001791	1.000998	0.944895	
616	1.000821	0.002415	-4.445308	-0.002415	1.000821	1.395222	
617	1.000761	0.002427	-4.130872	-0.002427	1.000761	1.405256	
618	1.000757	0.002275	-3.895870	-0.002275	1.000757	1.282778	
619	1.000861	0.002493	-4.414564	-0.002493	1.000861	1.363378	
620	1.001025	0.002634	-4.634653	-0.002634	1.001025	1.637420	
621	1.000810	0.002835	-4.795108	-0.002835	1.000810	1.491471	
622	1.000868	0.002552	-4.610250	-0.002552	1.000868	1.338074	
623	1.000951	0.002797	-4.727334	-0.002797	1.000951	1.833778	
624	1.001011	0.002410	-4.530556	-0.002410	1.001011	1.442981	
625	1.001128	0.002026	-4.294659	-0.002026	1.001128	0.986346	
626	1.000890	0.002004	-4.132643	-0.002004	1.000890	1.209820	
627	1.000872	0.002101	-4.028838	-0.002101	1.000872	1.259041	
628	1.000884	0.001817	-3.566145	-0.001817	1.000884	0.766460	
629	0.998453	0.001772	-2.072141	-0.001772	0.998453	1.951863	
630	0.997322	0.001932	-1.085354	-0.001932	0.997322	2.949688	
631	0.996501	0.001812	-0.438707	-0.001812	0.996501	2.850737	
632	0.995999	0.001765	-0.142547	-0.001765	0.995999	2.895556	
633	0.996201	0.001779	-0.095770	-0.001779	0.996201	3.016908	
634	0.996367	0.001598	0.039103	-0.001598	0.996367	2.953596	
635	0.996770	0.001426	0.248215	-0.001426	0.996770	2.475884	
636	0.996689	0.001065	0.710912	-0.001065	0.996689	2.322649	
637	0.996354	0.000707	1.142768	-0.000707	0.996354	2.406441	
638	0.997450	0.000249	1.202412	-0.000249	0.997450	1.534743	
639	0.998110	0.000011	1.134215	-0.000011	0.998110	0.848484	
640	0.998241	-0.000038	1.010324	0.000038	0.998241	0.990353	
641	0.998442	0.000079	0.749715	-0.000079	0.998442	0.970433	
642	0.998896	0.000119	0.502611	-0.000119	0.998896	0.631551	
643	0.999007	0.000183	0.379162	-0.000183	0.999007	0.699628	
644	0.999339	0.000228	0.056391	-0.000228	0.999339	0.700341	
645	1.000020	0.000191	-0.363892	-0.000191	1.000020	0.169295	
646	1.000337	0.000307	-0.527478	-0.000307	1.000337	0.032149	
647	1.000329	0.000258	-0.458936	-0.000258	1.000329	0.037157	
648	1.000176	0.000220	-0.322697	-0.000220	1.000176	-0.004262	
649	1.000220	0.000203	-0.399218	-0.000203	1.000220	0.002711	
650	1.000270	0.000224	-0.472466	-0.000224	1.000270	0.016157	
651	1.000286	0.000232	-0.530421	-0.000232	1.000286	0.082315	
652	1.000417	0.000065	-0.556531	-0.000065	1.000417	-0.176119	
653	1.000211	-0.000026	-0.597435	0.000026	1.000211	-0.253157	
654	1.000413	0.000172	-0.862192	-0.000172	1.000413	-0.154153	
655	1.000447	0.000440	-1.046781	-0.000440	1.000447	0.201225	
656	1.000478	0.000626	-1.242729	-0.000626	1.000478	0.242808	
657	1.000492	0.000687	-1.330362	-0.000687	1.000492	0.342416	
658	1.000441	0.000724	-1.239875	-0.000724	1.000441	0.381632	
659	1.000352	0.000650	-1.017597	-0.000650	1.000352	0.349463	
660	1.000318	0.000423	-0.823137	-0.000423	1.000318	0.207709	
661	1.000279	0.000195	-0.658003	-0.000195	1.000279	0.066168	
662	1.000265	0.000388	-0.779089	-0.000388	1.000265	0.345969	
663	1.000322	0.000440	-0.760898	-0.000440	1.000322	0.307864	
664	1.000272	0.000385	-0.847778	-0.000385	1.000272	0.144376	
665	1.000267	0.000439	-1.060129	-0.000439	1.000267	0.356767	
666	1.000322	0.000496	-1.050173	-0.000496	1.000322	0.408709	
667	1.000511	0.000402	-1.117921	-0.000402	1.000511	0.084754	
668	1.000452	0.000386	-1.103297	-0.000386	1.000452	0.236663	
669	1.000620	0.000267	-1.095582	-0.000267	1.000620	0.126211	
670	1.000419	0.000572	-1.150554	-0.000572	1.000419	0.304340	
671	1.000752	0.000538	-1.223758	-0.000538	1.000752	-0.083313	
672	1.000420	0.000813	-1.260265	-0.000813	1.000420	0.549659	
673	1.000509	0.000916	-1.556356	-0.000916	1.000509	0.382017	
674	1.000958	0.001212	-2.471007	-0.001212	1.000958	0.141109	
675	1.001029	0.001233	-2.662216	-0.001233	1.001029	-0.136785	
676	1.000852	0.001570	-2.769255	-0.001570	1.000852	0.320254	
677	1.001259	0.001836	-3.698994	-0.001836	1.001259	-0.039023	
678	1.001604	0.002008	-4.237169	-0.002008	1.001604	-0.083680	
679	1.001059	0.002382	-4.317739	-0.002382	1.001059	0.279479	
680	1.001588	0.002832	-5.546280	-0.002832	1.001588	0.096948	
681	1.001933	0.003494	-6.668773	-0.003494	1.001933	0.215564	
682	1.006081	0.004377	-8.427916	-0.004377	1.006081	-0.572534	
683	1.001635	0.002788	-7.207293	-0.002788	1.001635	0.089975	
684	1.005037	0.003147	-8.214498	-0.003147	1.005037	-0.297274	
685	0.999995	0.002550	-5.884485	-0.002550	0.999995	0.435930	
686	0.999778	0.003444	-5.845204	-0.003444	0.999778	1.229258	
687	1.004482	0.005698	-8.883983	-0.005698	1.004482	0.895056	
688	1.000448	0.000999	-8.585361	-0.000999	1.000448	-1.601083	
689	1.007215	0.007273	-11.480085	-0.007273	1.007215	0.530133	
690	1.006633	0.006592	-11.520225	-0.006592	1.006633	0.692152	
691	1.000534	0.001453	-9.743866	-0.001453	1.000534	-0.679258	
692	1.000103	0.001251	-9.737538	-0.001251	1.000103	-0.774685	
693	0.999550	0.001263	-9.838282	-0.001263	0.999550	-0.683066	
694	0.995224	0.009083	-5.377364	-0.009083	0.995224	7.253429	
695	1.000112	0.001502	-11.220652	-0.001502	1.000112	-0.829754	
696	1.008247	0.008248	-13.182742	-0.008248	1.008247	1.414096	
697	0.996400	0.012188	-7.610439	-0.012188	0.996400	9.362693	
698	1.000071	0.001264	-11.240541	-0.001264	1.000071	-1.008017	
699	1.009233	0.007685	-14.352715	-0.007685	1.009233	0.313276	
700	0.997140	0.006284	-8.480069	-0.006284	0.997140	2.996489	
701	1.006210	0.010026	-12.371480	-0.010026	1.006210	2.402977	
702	1.006933	0.009430	-12.240079	-0.009430	1.006933	1.980782	
703	0.993812	0.008670	-4.616457	-0.008670	0.993812	6.660754	
704	1.009056	0.008746	-13.661315	-0.008746	1.009056	0.151542	
705	1.001547	0.011761	-9.690705	-0.011761	1.001547	6.516050	
706	0.992579	0.010508	-4.433806	-0.010508	0.992579	9.117390	
707	0.992275	0.010487	-4.168590	-0.010487	0.992275	9.295231	
708	0.992339	0.011673	-4.683537	-0.011673	0.992339	10.501621	
709	0.999813	0.001260	-11.953021	-0.001260	0.999813	-2.146583	
710	0.999779	0.001398	-12.306567	-0.001398	0.999779	-2.129284	
711	1.000119	0.001590	-13.101003	-0.001590	1.000119	-2.100136	
712	0.999913	0.001759	-13.403709	-0.001759	0.999913	-1.983882	
713	1.000002	0.002012	-13.936590	-0.002012	1.000002	-1.975913	
714	1.000109	0.001771	-14.364878	-0.001771	1.000109	-2.286173	
715	1.000177	0.001481	-14.465005	-0.001481	1.000177	-2.543578	
716	1.000223	0.001682	-14.586310	-0.001682	1.000223	-2.704036	
717	1.000433	0.001616	-15.058833	-0.001616	1.000433	-3.058788	
718	1.000192	0.001446	-15.085458	-0.001446	1.000192	-3.636661	
719	1.014193	0.006146	-13.967059	-0.006146	1.014193	-5.109264	
720	1.000767	0.001961	-15.077315	-0.001961	1.000767	-3.280405	
721	1.001153	0.002407	-15.672318	-0.002407	1.001153	-2.952320	
722	1.002258	0.004121	-4.084446	-0.004121	1.002258	0.802563	
723	1.004149	0.002480	-3.830650	-0.002480	1.004149	-1.547873	
724	1.010638	-0.002258	-3.772033	0.002258	1.010638	-8.635340	
725	1.010891	-0.003974	-2.857771	0.003974	1.010891	-9.710313	
726	1.004204	0.004105	-5.513728	-0.004105	1.004204	-0.524244	
727	1.005906	0.005066	-6.650961	-0.005066	1.005906	-0.622853	
728	1.003779	0.006196	-6.676436	-0.006196	1.003779	1.576556	
729	1.006514	0.006623	-8.684310	-0.006623	1.006514	0.867109	
730	1.002549	0.006747	-6.429385	-0.006747	1.002549	3.303389	
731	1.005210	0.007652	-8.658092	-0.007652	1.005210	1.790922	
732	1.005514	0.003156	-6.150220	-0.003156	1.005514	-1.749404	
733	1.004787	0.003921	-6.272207	-0.003921	1.004787	-0.769007	
734	1.005118	0.003683	-6.638482	-0.003683	1.005118	-1.184489	
735	1.002692	0.008513	-7.894119	-0.008513	1.002692	3.336690	
736	1.000090	0.011164	-8.149071	-0.011164	1.000090	7.399419	
737	1.001146	0.004157	-3.383894	-0.004157	1.001146	1.624330	
738	1.002867	0.009090	-8.193760	-0.009090	1.002867	4.137448	
739	1.002488	0.009105	-7.961856	-0.009105	1.002488	4.446306	
740	1.002492	0.006760	-6.712651	-0.006760	1.002492	2.471921	
741	1.001856	0.003542	-3.763481	-0.003542	1.001856	0.577470	
742	1.001198	0.005297	-5.098127	-0.005297	1.001198	2.813278	
743	1.000646	0.005123	-4.807690	-0.005123	1.000646	3.394373	
744	0.999382	0.005665	-4.359739	-0.005665	0.999382	4.005868	
745	0.999707	0.006892	-5.066269	-0.006892	0.999707	4.844512	
746	1.000010	0.006874	-4.939142	-0.006874	1.000010	4.393169	
747	1.000124	0.005588	-4.140552	-0.005588	1.000124	3.371107	
748	1.000340	0.004849	-4.312754	-0.004849	1.000340	2.258134	
749	1.000060	0.002844	-2.807010	-0.002844	1.000060	1.158767	
750	0.998557	0.005664	-3.401935	-0.005664	0.998557	4.693442	
751	0.997286	0.004368	-1.912523	-0.004368	0.997286	4.608991	
752	0.999463	0.003844	-2.245787	-0.003844	0.999463	3.260297	
753	0.997806	0.006266	-2.805111	-0.006266	0.997806	6.199559	
754	0.997501	0.004997	-1.853859	-0.004997	0.997501	4.990140	
755	0.997801	0.003476	-1.154491	-0.003476	0.997801	3.705329	
756	0.998989	0.003701	-2.334911	-0.003701	0.998989	3.165001	
757	0.997120	-0.000158	1.850445	0.000158	0.997120	1.594650	
758	0.997772	0.002447	-0.490475	-0.002447	0.997772	2.856363	
759	0.996351	0.003113	0.265799	-0.003113	0.996351	4.324151	
760	0.995733	0.003995	-0.146801	-0.003995	0.995733	6.142991	
761	0.986034	0.009395	-0.148324	-0.009395	0.986034	13.021654	
762	0.995171	0.003360	1.047920	-0.003360	0.995171	6.220449	
763	0.993023	0.003927	1.367591	-0.003927	0.993023	7.318540	
764	0.996129	0.002791	0.238395	-0.002791	0.996129	4.202426	
765	0.996917	-0.000821	2.549888	0.000821	0.996917	1.814687	
766	0.997126	0.007824	-4.718674	-0.007824	0.997126	7.292687	
767	0.986596	0.006994	-0.067158	-0.006994	0.986596	11.363937	
768	0.986114	0.008133	0.287154	-0.008133	0.986114	12.789257	
769	0.990187	0.011669	-3.003275	-0.011669	0.990187	14.190396	
770	0.999910	0.002366	-12.353411	-0.002366	0.999910	7.099939	
771	1.000578	0.001707	-13.034239	-0.001707	1.000578	6.387362	
772	1.000686	0.001569	-12.939331	-0.001569	1.000686	6.238963	
773	1.000356	0.002264	-12.692354	-0.002264	1.000356	6.762757	
774	0.998745	0.002153	-11.477551	-0.002153	0.998745	6.715583	
775	0.999378	0.001984	-12.092185	-0.001984	0.999378	7.095418	
776	0.999454	0.001233	-12.189880	-0.001233	0.999454	7.501481	
777	0.999021	0.001659	-11.037743	-0.001659	0.999021	8.678633	
778	0.999522	0.002081	-10.281145	-0.002081	0.999522	8.825131	
779	0.998551	0.001795	-8.863795	-0.001795	0.998551	8.377067	
780	0.998548	0.001340	-8.380590	-0.001340	0.998548	7.490728	
781	0.987753	0.004552	3.550865	-0.004552	0.987753	11.418806	
782	0.995178	0.009641	-5.071160	-0.009641	0.995178	11.040654	
783	0.991242	0.004360	1.618438	-0.004360	0.991242	9.756068	
784	0.995580	0.002104	-2.271821	-0.002104	0.995580	6.943562	
785	0.995607	0.003099	-1.613681	-0.003099	0.995607	7.208845	
786	0.995310	0.003118	-0.404307	-0.003118	0.995310	7.077902	
787	0.996384	0.000997	1.003073	-0.000997	0.996384	5.414750	
788	0.996657	0.000444	1.973846	-0.000444	0.996657	4.338229	
789	0.997807	-0.000122	2.006655	0.000122	0.997807	3.095036	
790	0.997778	-0.000447	2.365571	0.000447	0.997778	2.551667	
791	0.998164	-0.000564	2.157897	0.000564	0.998164	2.170982	
792	0.998609	-0.000182	1.318858	0.000182	0.998609	1.946328	
793	0.998977	0.000022	0.855587	-0.000022	0.998977	1.285389	
794	0.999147	-0.000110	1.081700	0.000110	0.999147	1.067165	
795	0.999164	-0.000079	1.063105	0.000079	0.999164	0.926439	
796	0.999192	0.000002	0.835584	-0.000002	0.999192	0.950692	
797	0.999270	-0.000060	0.716933	0.000060	0.999270	1.083276	
798	0.999438	-0.000445	0.854068	0.000445	0.999438	0.612343	
799	0.999729	-0.000506	0.597144	0.000506	0.999729	0.251642	
800	0.999865	-0.000244	0.318659	0.000244	0.999865	0.110432	
801	1.000053	-0.000147	0.199193	0.000147	1.000053	-0.098505	
802	1.000183	-0.000385	0.349366	0.000385	1.000183	-0.443696	
803	1.000197	-0.000276	0.210736	0.000276	1.000197	-0.462345	
804	1.000249	-0.000051	-0.095652	0.000051	1.000249	-0.404309	
805	1.000490	-0.000031	-0.127250	0.000031	1.000490	-0.778811	
806	1.000732	0.000094	-0.411183	-0.000094	1.000732	-1.083063	
807	1.000654	0.000219	-0.314566	-0.000219	1.000654	-0.975871	
808	1.000458	0.000541	-0.390925	-0.000541	1.000458	-0.616211	
809	1.000755	0.000689	-1.182415	-0.000689	1.000755	-0.714320	
810	1.000888	0.000615	-1.128930	-0.000615	1.000888	-0.828156	
811	1.000998	0.000349	-0.719562	-0.000349	1.000998	-1.075632	
812	1.001295	0.000835	-1.362364	-0.000835	1.001295	-1.157847	
813	1.001059	0.000991	-1.342698	-0.000991	1.001059	-0.991161	
814	1.001066	0.000707	-1.255816	-0.000707	1.001066	-1.204790	
815	1.001446	0.000615	-1.293957	-0.000615	1.001446	-1.597985	
816	1.001747	0.000855	-1.558868	-0.000855	1.001747	-1.659242	
817	1.001298	0.000881	-1.185624	-0.000881	1.001298	-1.183140	
818	1.001259	0.001012	-1.223383	-0.001012	1.001259	-0.687917	
819	1.000890	0.000680	-0.619252	-0.000680	1.000890	-0.244300	
820	1.000581	0.000420	-0.311213	-0.000420	1.000581	-0.077057	
821	1.000405	0.000368	-0.353334	-0.000368	1.000405	0.055345	
822	1.000394	0.000349	-0.150664	-0.000349	1.000394	-0.035332	
823	1.000402	0.000285	-0.012993	-0.000285	1.000402	0.032464	
824	1.000312	0.000356	-0.196937	-0.000356	1.000312	0.128973	
825	1.000303	0.000419	-0.261630	-0.000419	1.000303	0.185235	
826	1.000240	0.000436	-0.267179	-0.000436	1.000240	0.253240	
827	1.000029	0.000483	-0.223123	-0.000483	1.000029	0.331146	
828	0.999991	0.000339	-0.216606	-0.000339	0.999991	0.339744	
829	0.999880	0.000132	0.077161	-0.000132	0.999880	0.416334	
830	0.999737	-0.000101	0.166082	0.000101	0.999737	0.393221	
831	0.999544	0.000125	0.113922	-0.000125	0.999544	0.690789	
832	0.999660	0.000156	-0.017584	-0.000156	0.999660	0.657188	
833	0.999695	-0.000102	0.071664	0.000102	0.999695	0.292635	
834	0.999782	0.000077	0.022253	-0.000077	0.999782	0.188095	
835	0.999825	0.000355	-0.183540	-0.000355	0.999825	0.303007	
836	0.999877	0.000372	-0.291901	-0.000372	0.999877	0.344984	
837	0.999914	0.000204	-0.185632	-0.000204	0.999914	0.276975	
838	0.999891	0.000163	-0.183556	-0.000163	0.999891	0.240287	
839	1.000086	0.000010	-0.311646	-0.000010	1.000086	0.058454	
840	1.000266	-0.000138	-0.289910	0.000138	1.000266	-0.036203	
841	1.000031	0.000078	-0.306813	-0.000078	1.000031	0.076209	
842	0.999733	0.000111	-0.216076	-0.000111	0.999733	0.131005	
843	0.999968	0.000402	-0.419218	-0.000402	0.999968	0.215667	
844	0.999950	0.000427	-0.450384	-0.000427	0.999950	0.313606	
845	0.999876	0.000211	-0.404042	-0.000211	0.999876	0.336502	
846	0.999854	0.000252	-0.518273	-0.000252	0.999854	0.303596	
847	0.999757	0.000262	-0.449319	-0.000262	0.999757	0.180637	
848	0.999775	0.000450	-0.565806	-0.000450	0.999775	0.214085	
849	0.999760	0.000397	-0.564253	-0.000397	0.999760	0.162618	
850	0.999663	0.000259	-0.565818	-0.000259	0.999663	0.173565	
851	0.999558	0.000319	-0.552724	-0.000319	0.999558	0.363917	
852	0.999632	0.000391	-0.651305	-0.000391	0.999632	0.439888	
853	0.999745	0.000532	-0.710415	-0.000532	0.999745	0.497715	
854	0.999736	0.000596	-0.724004	-0.000596	0.999736	0.616119	
855	0.999722	0.000767	-0.774422	-0.000767	0.999722	0.787388	
856	0.999618	0.000770	-0.785000	-0.000770	0.999618	0.789524	
857	0.999652	0.000687	-0.744763	-0.000687	0.999652	0.660251	
858	0.999598	0.000580	-0.664346	-0.000580	0.999598	0.525826	
859	0.999558	0.000462	-0.557041	-0.000462	0.999558	0.509372	
860	0.999495	0.000339	-0.536549	-0.000339	0.999495	0.399728	
861	0.999551	0.000216	-0.450009	-0.000216	0.999551	0.285863	
862	0.999535	0.000108	-0.450038	-0.000108	0.999535	0.242531	
863	0.999657	0.000190	-0.486411	-0.000190	0.999657	0.240464	
864	0.999629	0.000141	-0.391554	-0.000141	0.999629	0.183514	
865	0.999654	0.000075	-0.343221	-0.000075	0.999654	0.151996	
866	0.999631	0.000136	-0.258538	-0.000136	0.999631	0.170090	
867	0.999653	0.000257	-0.314269	-0.000257	0.999653	0.246448	
868	0.999771	0.000175	-0.268430	-0.000175	0.999771	0.053843	
869	0.999753	0.000186	-0.200487	-0.000186	0.999753	0.086549	
870	0.999728	0.000221	-0.173954	-0.000221	0.999728	0.246457	
871	0.999681	0.000213	-0.103130	-0.000213	0.999681	0.201709	
872	0.999736	0.000022	0.030719	-0.000022	0.999736	-0.058411	
873	0.999819	-0.000073	0.006237	0.000073	0.999819	-0.057157	
874	1.000002	-0.000029	-0.016265	0.000029	1.000002	-0.137472	
875	1.000076	-0.000097	-0.137434	0.000097	1.000076	-0.260340	
876	1.000124	-0.000300	0.047568	0.000300	1.000124	-0.424435	
877	1.000290	-0.000471	0.209274	0.000471	1.000290	-0.762799	
878	1.000638	-0.000484	0.133861	0.000484	1.000638	-1.250238	
879	1.001270	-0.000658	0.165706	0.000658	1.001270	-2.334074	
880	1.001604	-0.000944	-0.087534	0.000944	1.001604	-2.905726	
881	1.001507	-0.000791	0.004800	0.000791	1.001507	-2.585606	
882	1.001111	-0.000875	0.486371	0.000875	1.001111	-2.127560	
883	1.001106	-0.000836	0.343444	0.000836	1.001106	-2.045348	
884	1.001072	-0.000693	0.137144	0.000693	1.001072	-1.872767	
885	1.000718	-0.000363	-0.500444	0.000363	1.000718	-1.049439	
886	1.000940	-0.000414	-0.408018	0.000414	1.000940	-1.328130	
887	1.000852	-0.000489	-0.403913	0.000489	1.000852	-1.665106	
888	1.000974	-0.000688	-0.296954	0.000688	1.000974	-1.777828	
889	1.001021	-0.000920	-0.310090	0.000920	1.001021	-1.796954	
890	1.000727	-0.000753	-0.053100	0.000753	1.000727	-1.401520	
891	1.000823	-0.000573	-0.463871	0.000573	1.000823	-1.342923	
892	1.001121	-0.000695	-0.814913	0.000695	1.001121	-1.610017	
893	1.000504	0.000079	-0.743470	-0.000079	1.000504	-0.721332	
894	1.000599	-0.000286	-0.674782	0.000286	1.000599	-0.990570	
895	1.000550	-0.000141	-0.594154	0.000141	1.000550	-0.845326	
896	1.000942	-0.000028	-1.206676	0.000028	1.000942	-0.823306	
897	1.000456	-0.000076	-0.786744	0.000076	1.000456	-0.567923	
898	1.000251	-0.000278	-0.393743	0.000278	1.000251	-0.407080	
899	1.000059	-0.000184	-0.295952	0.000184	1.000059	0.056816	
