0	1.000000	0.000000	0.000000	0.000000	1.000000	0.000000	
1	0.999288	0.000198	0.001820	-0.000198	0.999288	0.410000	
2	0.999172	0.000154	0.135760	-0.000154	0.999172	0.363911	
3	0.999070	0.000133	0.267861	-0.000133	0.999070	0.261451	
4	0.999063	0.000150	0.262107	-0.000150	0.999063	0.254038	
5	0.999144	0.000131	0.214544	-0.000131	0.999144	0.362382	
6	0.999180	0.000166	0.198684	-0.000166	0.999180	0.393805	
7	0.999242	0.000172	0.203820	-0.000172	0.999242	0.259298	
8	0.999288	0.000215	0.195650	-0.000215	0.999288	0.259693	
9	0.999214	0.000232	0.253656	-0.000232	0.999214	0.385705	
10	0.998723	0.000221	0.645082	-0.000221	0.998723	0.401991	
11	0.999260	0.000162	0.198469	-0.000162	0.999260	0.340374	
12	0.999196	0.000243	0.238931	-0.000243	0.999196	0.247423	
13	0.999139	0.000318	0.287279	-0.000318	0.999139	0.238113	
14	0.999153	0.000213	0.302212	-0.000213	0.999153	0.261452	
15	0.999112	0.000138	0.407846	-0.000138	0.999112	0.297131	
16	0.999109	0.000243	0.406525	-0.000243	0.999109	0.315127	
17	0.999150	0.000226	0.378944	-0.000226	0.999150	0.202506	
18	0.999101	0.000188	0.431040	-0.000188	0.999101	0.185403	
19	0.999065	0.000141	0.466501	-0.000141	0.999065	0.247901	
20	0.999009	0.000122	0.499053	-0.000122	0.999009	0.243949	
21	0.999016	0.000154	0.500110	-0.000154	0.999016	0.267717	
22	0.999135	0.000070	0.418743	-0.000070	0.999135	0.317708	
23	0.999147	0.000103	0.417546	-0.000103	0.999147	0.449612	
24	0.999151	0.000231	0.367083	-0.000231	0.999151	0.408202	
25	0.999158	0.000217	0.324293	-0.000217	0.999158	0.217092	
26	0.999074	0.000250	0.229294	-0.000250	0.999074	0.187021	
27	0.998980	0.000290	0.100184	-0.000290	0.998980	0.158955	
28	0.998908	0.000259	-0.232799	-0.000259	0.998908	0.157665	
29	0.998877	0.000070	-1.121283	-0.000070	0.998877	0.110802	
30	0.998821	-0.000024	-2.028054	0.000024	0.998821	0.123760	
31	0.996875	-0.000029	-2.002845	0.000029	0.996875	0.664681	
32	0.997015	-0.000179	-3.315468	0.000179	0.997015	0.776083	
33	0.996237	-0.000313	-4.386353	0.000313	0.996237	0.581055	
34	0.997225	0.000290	-7.255478	-0.000290	0.997225	0.936797	
35	0.997897	0.000560	-9.423226	-0.000560	0.997897	1.112716	
36	0.997647	0.000517	-10.397715	-0.000517	0.997647	1.329183	
37	0.997854	0.000678	-11.043504	-0.000678	0.997854	1.351893	
38	0.997710	0.001012	-11.535472	-0.001012	0.997710	1.383693	
39	0.998254	0.000823	-12.639776	-0.000823	0.998254	1.040033	
40	0.998182	0.000658	-13.067031	-0.000658	0.998182	0.987679	
41	0.998466	0.000639	-13.520446	-0.000639	0.998466	0.760773	
42	0.999698	0.001540	-14.156625	-0.001540	0.999698	0.900288	
43	0.998618	0.000752	-13.752083	-0.000752	0.998618	0.874033	
44	0.998371	0.000388	-13.586212	-0.000388	0.998371	0.863079	
45	0.998722	0.000477	-13.997213	-0.000477	0.998722	0.921919	
46	0.998606	0.000744	-14.174857	-0.000744	0.998606	1.008938	
47	0.999360	0.000747	-14.989353	-0.000747	0.999360	0.848157	
48	0.999332	0.000556	-15.328844	-0.000556	0.999332	0.974207	
49	0.999691	0.000566	-15.902917	-0.000566	0.999691	1.003278	
50	0.999268	0.000974	-15.743237	-0.000974	0.999268	1.384804	
51	0.998717	0.001268	-15.225311	-0.001268	0.998717	1.566196	
52	0.998857	0.001140	-15.189667	-0.001140	0.998857	1.385415	
53	0.998480	0.001347	-14.846520	-0.001347	0.998480	1.606453	
54	0.999413	0.001192	-15.320613	-0.001192	0.999413	1.306242	
55	0.999041	0.000297	-14.563440	-0.000297	0.999041	0.622792	
56	0.998277	0.000194	-13.207165	-0.000194	0.998277	0.210306	
57	0.998120	0.000234	-12.619873	-0.000234	0.998120	1.050691	
58	0.998334	0.000236	-12.879944	-0.000236	0.998334	1.292973	
59	0.999029	0.000358	-13.315896	-0.000358	0.999029	0.701104	
60	0.998506	0.000136	-13.615153	-0.000136	0.998506	0.237368	
61	0.997841	0.000079	-13.226902	-0.000079	0.997841	-0.120463	
62	0.997907	0.000083	-12.595514	-0.000083	0.997907	-0.315734	
63	0.997722	0.000200	-12.363023	-0.000200	0.997722	0.380676	
64	0.997195	0.001593	-12.343370	-0.001593	0.997195	1.883157	
65	0.998594	0.000513	-13.483906	-0.000513	0.998594	0.614964	
66	0.997954	-0.000285	-12.821409	0.000285	0.997954	0.172575	
67	0.998229	-0.000046	-11.978009	0.000046	0.998229	0.968378	
68	0.997968	-0.000109	-10.759437	0.000109	0.997968	1.225569	
69	0.998387	-0.000081	-10.430686	0.000081	0.998387	0.595878	
70	0.998141	0.000001	-10.746402	-0.000001	0.998141	0.210682	
71	0.998270	0.000461	-11.691933	-0.000461	0.998270	0.540102	
72	0.998447	0.000014	-12.433474	-0.000014	0.998447	0.509466	
73	0.998193	-0.000072	-12.172422	0.000072	0.998193	0.041491	
74	0.997973	-0.000142	-11.920937	0.000142	0.997973	-0.310275	
75	0.998241	-0.000174	-11.937780	0.000174	0.998241	-0.307015	
76	0.997911	-0.000257	-11.452627	0.000257	0.997911	0.031092	
77	0.997539	-0.000262	-10.853108	0.000262	0.997539	0.241832	
78	0.998134	-0.000117	-10.949873	0.000117	0.998134	0.078674	
79	0.998140	-0.000119	-10.571471	0.000119	0.998140	-0.043801	
80	0.997801	-0.000220	-9.745774	0.000220	0.997801	-0.190593	
81	0.997948	-0.000240	-9.299468	0.000240	0.997948	-0.191789	
82	0.997984	-0.000188	-8.770433	0.000188	0.997984	-0.181660	
83	0.992440	0.000302	-3.779324	-0.000302	0.992440	0.574806	
84	0.998091	-0.000327	-7.950726	0.000327	0.998091	-0.154997	
85	0.997684	-0.000411	-7.228258	0.000411	0.997684	-0.058040	
86	0.992264	0.000005	-2.179986	-0.000005	0.992264	0.610023	
87	0.992608	-0.000084	-1.831251	0.000084	0.992608	0.595709	
88	0.995152	-0.000354	-3.352540	0.000354	0.995152	0.336656	
89	0.995408	-0.000318	-2.987681	0.000318	0.995408	0.408557	
90	0.996949	-0.000292	-3.174430	0.000292	0.996949	0.395484	
91	0.997635	-0.000132	-3.274750	0.000132	0.997635	0.096851	
92	0.998223	-0.000097	-3.331690	0.000097	0.998223	-0.211481	
93	0.996653	0.000253	-2.758748	-0.000253	0.996653	-0.339315	
94	0.995763	0.000758	-2.361618	-0.000758	0.995763	-0.209645	
95	0.995580	0.000505	-2.367232	-0.000505	0.995580	-0.397551	
96	0.995671	0.000562	-2.279268	-0.000562	0.995671	-0.489320	
97	0.995715	0.000643	-2.213693	-0.000643	0.995715	-0.493048	
98	0.997132	0.000363	-2.555884	-0.000363	0.997132	-0.627884	
99	0.997887	0.000270	-2.643019	-0.000270	0.997887	-0.458843	
100	0.996074	0.000348	-1.967693	-0.000348	0.996074	-0.356014	
101	0.998561	0.000241	-2.849105	-0.000241	0.998561	-0.589610	
102	0.996241	0.000491	-2.032970	-0.000491	0.996241	-0.377257	
103	0.997916	0.000098	-2.658806	-0.000098	0.997916	-0.669711	
104	0.996164	0.000360	-2.013186	-0.000360	0.996164	-0.421358	
105	0.997739	0.000099	-2.416602	-0.000099	0.997739	-0.607956	
106	0.996331	0.000358	-2.023327	-0.000358	0.996331	-0.484698	
107	0.999522	0.000251	-2.966537	-0.000251	0.999522	-0.627215	
108	0.996386	0.000294	-2.112544	-0.000294	0.996386	-0.486818	
109	0.996479	0.000289	-2.157250	-0.000289	0.996479	-0.471015	
110	0.996311	0.000264	-2.063275	-0.000264	0.996311	-0.360156	
111	0.997018	0.000182	-2.297902	-0.000182	0.997018	-0.392959	
112	0.996432	0.000263	-2.094158	-0.000263	0.996432	-0.319088	
113	0.999353	0.000088	-3.035879	-0.000088	0.999353	-0.603046	
114	0.996211	0.000238	-1.890512	-0.000238	0.996211	-0.230301	
115	0.996702	0.000195	-2.022571	-0.000195	0.996702	-0.327507	
116	0.997314	0.000211	-2.077305	-0.000211	0.997314	-0.416803	
117	0.997524	0.000126	-2.065403	-0.000126	0.997524	-0.595432	
118	0.998117	0.000076	-2.258414	-0.000076	0.998117	-0.732273	
119	0.998179	0.000105	-2.105652	-0.000105	0.998179	-0.661240	
120	0.998925	0.000315	-2.201412	-0.000315	0.998925	-0.594958	
121	0.997699	0.000143	-2.019547	-0.000143	0.997699	-0.558730	
122	0.997875	0.000113	-2.040016	-0.000113	0.997875	-0.543750	
123	0.997938	-0.000041	-2.077847	0.000041	0.997938	-0.618571	
124	0.997665	0.000077	-1.999448	-0.000077	0.997665	-0.447464	
125	0.997023	0.000299	-1.716072	-0.000299	0.997023	-0.192694	
126	0.997366	0.000096	-1.732534	-0.000096	0.997366	-0.331489	
127	0.997922	0.000038	-1.816914	-0.000038	0.997922	-0.478695	
128	0.997782	0.000183	-1.577806	-0.000183	0.997782	-0.395849	
129	0.997513	0.000277	-1.197964	-0.000277	0.997513	-0.313134	
130	0.997623	0.000367	-0.914154	-0.000367	0.997623	-0.183110	
131	0.997580	0.000191	-0.806861	-0.000191	0.997580	-0.459236	
132	0.997530	0.000276	-0.615144	-0.000276	0.997530	-0.498681	
133	0.997561	0.000356	-0.418690	-0.000356	0.997561	-0.471904	
134	0.997701	0.000359	-0.279193	-0.000359	0.997701	-0.466581	
135	0.997554	0.000339	-0.018831	-0.000339	0.997554	-0.470852	
136	0.997822	0.000307	0.003760	-0.000307	0.997822	-0.610008	
137	0.997784	0.000347	0.178450	-0.000347	0.997784	-0.551105	
138	0.997683	0.000292	0.506326	-0.000292	0.997683	-0.601828	
139	0.997439	0.000332	0.856192	-0.000332	0.997439	-0.579387	
140	0.997609	0.000509	0.863969	-0.000509	0.997609	-0.583384	
141	0.997780	0.000542	0.830984	-0.000542	0.997780	-0.603990	
142	0.997472	0.000653	1.114801	-0.000653	0.997472	-0.497540	
143	0.997505	0.000580	1.159518	-0.000580	0.997505	-0.485669	
144	0.997071	0.000493	1.473119	-0.000493	0.997071	-0.476403	
145	0.997937	0.000481	0.926092	-0.000481	0.997937	-0.752464	
146	0.997561	0.000460	1.103061	-0.000460	0.997561	-0.627117	
147	0.997410	0.000469	1.153699	-0.000469	0.997410	-0.517179	
148	0.996916	0.000591	1.470030	-0.000591	0.996916	-0.246184	
149	0.997587	0.001049	1.046789	-0.001049	0.997587	-0.141373	
150	0.997410	0.000559	1.145899	-0.000559	0.997410	-0.496857	
151	0.997236	0.000477	1.245454	-0.000477	0.997236	-0.524008	
152	0.997178	0.000362	1.252775	-0.000362	0.997178	-0.579658	
153	0.997849	0.000516	0.868704	-0.000516	0.997849	-0.697513	
154	0.997621	0.000582	0.906161	-0.000582	0.997621	-0.478629	
155	0.997199	0.000676	1.256314	-0.000676	0.997199	-0.404683	
156	0.997551	0.000900	1.086008	-0.000900	0.997551	-0.272648	
157	0.997478	0.000610	1.131354	-0.000610	0.997478	-0.396951	
158	0.997448	0.000553	1.071242	-0.000553	0.997448	-0.309675	
159	0.997129	0.000527	1.196948	-0.000527	0.997129	-0.204435	
160	0.997211	0.000377	0.952667	-0.000377	0.997211	-0.480453	
161	0.997275	0.000451	0.879862	-0.000451	0.997275	-0.340024	
162	0.997406	0.000776	0.841251	-0.000776	0.997406	0.179090	
163	0.997340	0.000826	0.966629	-0.000826	0.997340	0.183767	
164	0.997319	0.000654	0.904830	-0.000654	0.997319	0.106039	
165	0.997269	0.000492	0.905571	-0.000492	0.997269	0.168415	
166	0.997649	0.000430	0.680647	-0.000430	0.997649	0.183327	
167	0.997599	0.000329	0.621790	-0.000329	0.997599	-0.010498	
168	0.997651	0.000534	0.771588	-0.000534	0.997651	0.174395	
169	0.997678	0.000414	0.833669	-0.000414	0.997678	0.123413	
170	0.997601	0.000351	0.986182	-0.000351	0.997601	-0.078881	
171	0.997178	0.000357	1.490383	-0.000357	0.997178	-0.005058	
172	0.997082	0.000343	1.806511	-0.000343	0.997082	0.067224	
173	0.997621	0.000284	1.611218	-0.000284	0.997621	0.041938	
174	0.997554	0.000216	1.665764	-0.000216	0.997554	0.304383	
175	0.997894	0.000025	1.527198	-0.000025	0.997894	0.460417	
176	0.997062	0.000197	2.033076	-0.000197	0.997062	0.525203	
177	0.997418	0.000160	1.990428	-0.000160	0.997418	0.342856	
178	0.997653	-0.000000	1.592709	0.000000	0.997653	0.176905	
179	0.997001	0.000066	2.389257	-0.000066	0.997001	-0.115718	
180	0.996986	-0.000117	2.219851	0.000117	0.996986	-0.442998	
181	0.996587	0.000103	2.688019	-0.000103	0.996587	-0.318835	
182	0.997065	-0.000094	2.487190	0.000094	0.997065	-0.632780	
183	0.996895	0.000140	2.644676	-0.000140	0.996895	-0.386516	
184	0.996884	0.000041	2.690917	-0.000041	0.996884	-0.690926	
185	0.996698	-0.000004	2.733313	0.000004	0.996698	-0.878080	
186	0.996751	0.000177	2.693199	-0.000177	0.996751	-0.722608	
187	0.997053	-0.000078	2.426122	0.000078	0.997053	-0.785563	
188	0.997191	-0.001274	2.249156	0.001274	0.997191	-1.687526	
189	0.997051	0.000115	2.455233	-0.000115	0.997051	-0.261845	
190	0.996911	-0.000057	2.629080	0.000057	0.996911	-0.363889	
191	0.996631	-0.000318	2.807396	0.000318	0.996631	-0.541676	
192	0.996814	-0.000112	2.973031	0.000112	0.996814	-0.507948	
193	0.997364	-0.000192	2.811319	0.000192	0.997364	-0.483840	
194	0.997298	0.000126	3.179225	-0.000126	0.997298	-0.167960	
195	0.997360	-0.000104	3.351538	0.000104	0.997360	-0.436922	
196	0.997211	-0.000211	3.414853	0.000211	0.997211	-0.373896	
197	0.996772	-0.000093	3.707155	0.000093	0.996772	-0.186638	
198	0.997157	0.000005	3.559843	-0.000005	0.997157	-0.286972	
199	0.996923	-0.000130	3.877984	0.000130	0.996923	-0.251237	
200	0.996799	-0.000253	4.097292	0.000253	0.996799	-0.234203	
201	0.996705	-0.000412	4.276612	0.000412	0.996705	-0.209599	
202	0.996278	-0.000307	4.625303	0.000307	0.996278	0.030501	
203	0.996741	-0.000268	4.368542	0.000268	0.996741	-0.121762	
204	0.996344	-0.000199	4.793756	0.000199	0.996344	-0.005476	
205	0.996688	-0.000241	4.795720	0.000241	0.996688	-0.182030	
206	0.996639	-0.000324	5.017460	0.000324	0.996639	-0.131094	
207	0.996372	-0.000352	5.582010	0.000352	0.996372	-0.304896	
208	0.995771	-0.000436	6.584331	0.000436	0.995771	-0.323470	
209	0.995345	-0.000547	7.378031	0.000547	0.995345	-0.502186	
210	0.995080	-0.000735	7.914148	0.000735	0.995080	-0.685383	
211	0.994276	-0.000819	8.800275	0.000819	0.994276	-0.565126	
212	0.994762	-0.000454	8.906647	0.000454	0.994762	-0.401163	
213	0.994232	-0.000507	9.695761	0.000507	0.994232	-0.129391	
214	0.994265	-0.000730	10.144524	0.000730	0.994265	-0.037546	
215	0.993816	-0.000706	11.015052	0.000706	0.993816	0.100575	
216	0.993624	-0.000441	11.868693	0.000441	0.993624	0.297430	
217	0.993833	-0.000436	12.282325	0.000436	0.993833	0.438993	
218	0.993500	-0.000339	12.918920	0.000339	0.993500	0.803135	
219	0.995295	-0.000925	12.735215	0.000925	0.995295	0.445029	
220	0.994836	-0.000981	13.669544	0.000981	0.994836	0.594639	
221	0.994925	-0.000878	13.982857	0.000878	0.994925	0.617050	
222	0.992382	-0.000885	15.286926	0.000885	0.992382	0.681938	
223	0.995783	-0.000853	14.540087	0.000853	0.995783	0.116755	
224	0.996418	-0.000800	14.505546	0.000800	0.996418	-0.330141	
225	0.996786	-0.000844	14.212783	0.000844	0.996786	-0.539195	
226	0.996466	-0.000590	14.428001	0.000590	0.996466	-0.439992	
227	0.995790	-0.000982	14.863215	0.000982	0.995790	-0.250877	
228	0.996380	-0.001244	14.468420	0.001244	0.996380	-0.085675	
229	0.995851	-0.001360	15.186060	0.001360	0.995851	0.014084	
230	0.996309	-0.001293	15.238915	0.001293	0.996309	-0.091512	
231	0.996428	-0.001230	15.280341	0.001230	0.996428	-0.145129	
232	0.996993	-0.000972	15.160566	0.000972	0.996993	-0.150507	
233	0.997440	-0.001363	15.087869	0.001363	0.997440	-0.600704	
234	0.997779	-0.001189	15.456204	0.001189	0.997779	-0.732968	
235	0.998543	-0.001104	15.600762	0.001104	0.998543	-1.126825	
236	0.998962	-0.001399	15.760392	0.001399	0.998962	-1.585211	
237	0.999187	-0.001414	15.844686	0.001414	0.999187	-1.755280	
238	1.000163	-0.001445	15.656263	0.001445	1.000163	-2.197154	
239	1.000398	-0.001503	15.828503	0.001503	1.000398	-2.320665	
240	1.000861	-0.001776	15.622114	0.001776	1.000861	-2.702902	
241	1.000605	-0.001596	16.392834	0.001596	1.000605	-2.888490	
242	1.000355	-0.001950	16.431128	0.001950	1.000355	-3.202693	
243	1.000593	-0.001644	16.635696	0.001644	1.000593	-3.227712	
244	1.000151	-0.001754	16.832060	0.001754	1.000151	-3.302752	
245	0.999477	-0.001801	16.989818	0.001801	0.999477	-3.535423	
246	0.999911	-0.001722	16.830830	0.001722	0.999911	-3.709489	
247	0.998404	-0.002004	16.227495	0.002004	0.998404	-3.806339	
248	0.997628	-0.001728	15.404899	0.001728	0.997628	-3.850678	
249	0.999280	-0.001760	13.916393	0.001760	0.999280	-4.117732	
250	0.999905	-0.001574	13.658630	0.001574	0.999905	-4.275965	
251	0.988582	-0.000614	15.288439	0.000614	0.988582	0.982585	
252	0.997209	-0.002960	14.019481	0.002960	0.997209	-3.968292	
253	0.997933	-0.002460	14.126394	0.002460	0.997933	-3.562168	
254	0.998195	-0.002155	14.483674	0.002155	0.998195	-3.244149	
255	0.990972	0.000354	16.021289	-0.000354	0.990972	0.725213	
256	0.998348	-0.001544	14.865435	0.001544	0.998348	-1.645941	
257	0.990057	0.000302	15.960614	-0.000302	0.990057	2.971246	
258	0.988447	0.000991	16.540515	-0.000991	0.988447	4.390438	
259	0.988505	0.002365	16.108115	-0.002365	0.988505	5.570690	
260	0.988416	0.001981	15.750917	-0.001981	0.988416	5.659981	
261	0.997156	-0.001452	15.085637	0.001452	0.997156	0.597317	
262	0.996882	-0.001774	16.109106	0.001774	0.996882	0.416201	
263	0.991613	-0.002992	18.461342	0.002992	0.991613	1.567808	
264	0.996963	-0.001566	17.302805	0.001566	0.996963	0.109742	
265	0.999081	-0.002908	17.677506	0.002908	0.999081	-1.365261	
266	0.996292	-0.003016	19.334913	0.003016	0.996292	-0.391070	
267	1.000148	-0.002846	18.946379	0.002846	1.000148	-1.567336	
268	1.000112	-0.002807	19.544254	0.002807	1.000112	-1.610992	
269	0.996566	-0.002956	22.081339	0.002956	0.996566	-0.679971	
270	0.995917	-0.002659	23.160068	0.002659	0.995917	-0.336759	
271	0.996710	-0.004313	24.765699	0.004313	0.996710	-1.490177	
272	0.997027	-0.004636	25.168656	0.004636	0.997027	-1.700120	
273	0.995156	-0.005164	25.336947	0.005164	0.995156	-1.258347	
274	0.999926	-0.004469	23.752227	0.004469	0.999926	-2.628455	
275	1.001142	-0.004450	23.189404	0.004450	1.001142	-2.750994	
276	1.000329	-0.003721	22.693604	0.003721	1.000329	-1.953600	
277	0.998665	-0.002354	21.293482	0.002354	0.998665	-0.604144	
278	0.999222	-0.002165	20.359068	0.002165	0.999222	-1.033804	
279	1.002726	-0.003385	19.219886	0.003385	1.002726	-2.965720	
280	1.004787	-0.003395	16.921978	0.003395	1.004787	-3.262469	
281	1.002554	-0.003442	17.369438	0.003442	1.002554	-2.249298	
282	1.004526	-0.003088	15.105021	0.003088	1.004526	-2.072706	
283	1.003384	-0.002788	14.760588	0.002788	1.003384	-1.061595	
284	1.005380	-0.002589	14.620518	0.002589	1.005380	-1.653111	
285	1.005366	-0.002572	14.025992	0.002572	1.005366	-1.718692	
286	1.006456	-0.002991	14.103710	0.002991	1.006456	-2.245601	
287	1.012386	0.000635	3.773488	-0.000635	1.012386	-1.248864	
288	1.006252	-0.003143	12.483656	0.003143	1.006252	-2.576990	
289	1.006750	-0.002707	11.766988	0.002707	1.006750	-1.994442	
290	1.006181	-0.002608	13.120643	0.002608	1.006181	-1.729113	
291	1.006749	-0.002746	13.383943	0.002746	1.006749	-2.095530	
292	1.007739	-0.002365	13.106907	0.002365	1.007739	-1.996324	
293	1.006547	-0.002702	14.540902	0.002702	1.006547	-2.008017	
294	1.009879	-0.002990	10.878114	0.002990	1.009879	-3.320088	
295	1.008321	-0.002698	12.534507	0.002698	1.008321	-3.064615	
296	1.008455	-0.003253	12.930998	0.003253	1.008455	-3.579950	
297	1.007035	-0.003031	15.194077	0.003031	1.007035	-2.631245	
298	1.008611	-0.002845	13.912592	0.002845	1.008611	-3.315058	
299	0.999705	-0.001778	16.466251	0.001778	0.999705	-1.091273	
300	0.999552	-0.000929	15.026157	0.000929	0.999552	-1.073142	
301	1.004091	-0.001541	13.132838	0.001541	1.004091	-2.267617	
302	1.000564	-0.001067	12.220093	0.001067	1.000564	-1.145593	
303	1.000120	-0.001068	12.162691	0.001068	1.000120	-1.069872	
304	1.003690	-0.000953	11.798670	0.000953	1.003690	-1.697527	
305	1.000355	-0.001149	12.250830	0.001149	1.000355	-0.844092	
306	0.999929	-0.001166	12.436043	0.001166	0.999929	-0.731367	
307	1.000194	-0.000484	12.459631	0.000484	1.000194	-0.443774	
308	0.998733	-0.000272	13.719953	0.000272	0.998733	-0.276184	
309	0.999212	-0.000724	14.521100	0.000724	0.999212	-0.360933	
310	0.999108	-0.000367	15.029112	0.000367	0.999108	-0.157346	
311	0.999009	-0.000056	14.428003	0.000056	0.999009	-0.326986	
312	0.998757	0.000124	14.452900	-0.000124	0.998757	-0.131316	
313	1.000474	0.000442	13.458311	-0.000442	1.000474	-0.327298	
314	0.998982	0.000231	13.476084	-0.000231	0.998982	0.345003	
315	0.999485	0.000213	13.062663	-0.000213	0.999485	0.191760	
316	0.999408	0.000207	12.949239	-0.000207	0.999408	0.395719	
317	1.000364	0.000215	12.288017	-0.000215	1.000364	0.127879	
318	1.000212	-0.000072	12.226146	0.000072	1.000212	0.126270	
319	0.999768	0.000308	11.391602	-0.000308	0.999768	0.404164	
320	1.000233	0.000418	10.644705	-0.000418	1.000233	0.768750	
321	1.000451	0.000060	10.365727	-0.000060	1.000451	0.540418	
322	1.000537	-0.000088	10.040478	0.000088	1.000537	0.622992	
323	1.000667	-0.000086	10.017636	0.000086	1.000667	0.722635	
324	1.000570	0.000306	10.052023	-0.000306	1.000570	0.676268	
325	1.002104	0.000043	9.854187	-0.000043	1.002104	0.073377	
326	1.001023	0.000737	9.449260	-0.000737	1.001023	0.508066	
327	1.003472	-0.000357	9.351506	0.000357	1.003472	-0.212702	
328	1.000879	0.000132	9.290573	-0.000132	1.000879	0.401950	
329	1.003809	-0.000500	8.626650	0.000500	1.003809	-0.447338	
330	1.001113	-0.000115	8.329889	0.000115	1.001113	0.399687	
331	1.000194	-0.000168	9.401861	0.000168	1.000194	0.608690	
332	0.995613	0.001022	10.718617	-0.001022	0.995613	2.328543	
333	0.995153	0.001133	11.160560	-0.001133	0.995153	2.761067	
334	0.994188	0.001373	11.497614	-0.001373	0.994188	3.370998	
335	0.994191	0.001369	10.512048	-0.001369	0.994191	3.688931	
336	0.994099	0.001053	10.588906	-0.001053	0.994099	3.599217	
337	0.994332	0.000739	10.024184	-0.000739	0.994332	3.491426	
338	0.994436	0.000562	9.730193	-0.000562	0.994436	3.347162	
339	0.994374	0.000651	10.096413	-0.000651	0.994374	3.298615	
340	0.994957	0.000439	9.335439	-0.000439	0.994957	2.980049	
341	0.998566	0.000651	6.405429	-0.000651	0.998566	1.915045	
342	1.003992	0.000369	2.899744	-0.000369	1.003992	0.353655	
343	1.004625	0.000313	1.661124	-0.000313	1.004625	0.136807	
344	1.002881	0.000106	1.043706	-0.000106	1.002881	0.192922	
345	1.002944	0.000181	0.489006	-0.000181	1.002944	0.001629	
346	1.005179	0.000371	-0.775017	-0.000371	1.005179	-0.750941	
347	1.005559	0.000208	-1.146025	-0.000208	1.005559	-1.003127	
348	1.004375	0.000211	-1.265835	-0.000211	1.004375	-1.026728	
349	1.004758	0.000372	-1.769754	-0.000372	1.004758	-1.013085	
350	1.004254	0.000203	-1.881978	-0.000203	1.004254	-1.358864	
351	1.006258	0.000701	-2.693589	-0.000701	1.006258	-1.563608	
352	1.003566	0.000023	-2.004369	-0.000023	1.003566	-1.124999	
353	1.003529	-0.000191	-2.364298	0.000191	1.003529	-1.001578	
354	1.002592	-0.000584	-2.119121	0.000584	1.002592	-0.965470	
355	1.003406	-0.000347	-2.298521	0.000347	1.003406	-0.941780	
356	1.003187	-0.000365	-2.342538	0.000365	1.003187	-0.872391	
357	1.002996	-0.000259	-2.730846	0.000259	1.002996	-0.886327	
358	1.003573	-0.000215	-3.102766	0.000215	1.003573	-0.920012	
359	1.002475	-0.000493	-3.111577	0.000493	1.002475	-1.429208	
360	1.001841	-0.000445	-2.699442	0.000445	1.001841	-1.256627	
361	1.001296	-0.000677	-2.573192	0.000677	1.001296	-1.167634	
362	1.001840	-0.000417	-3.283919	0.000417	1.001840	-1.070304	
363	1.000038	-0.000524	-3.264074	0.000524	1.000038	-0.874708	
364	1.000297	-0.000312	-3.796590	0.000312	1.000297	-0.571622	
365	1.000418	-0.000458	-4.390430	0.000458	1.000418	-0.544493	
366	1.001871	-0.000586	-6.286452	0.000586	1.001871	-0.911718	
367	1.000249	-0.000448	-6.943591	0.000448	1.000249	-0.785445	
368	1.001907	-0.000388	-7.721268	0.000388	1.001907	-0.893855	
369	1.002151	-0.000399	-8.119037	0.000399	1.002151	-1.121329	
370	0.999897	0.000443	-7.975766	-0.000443	0.999897	-0.550585	
371	0.997793	-0.000067	-7.556399	0.000067	0.997793	-0.449667	
372	0.997909	-0.000383	-7.602671	0.000383	0.997909	-0.430119	
373	0.992781	-0.002085	-3.672725	0.002085	0.992781	-0.259977	
374	0.998998	0.001009	-8.059193	-0.001009	0.998998	0.692306	
375	0.996760	-0.001984	-8.408047	0.001984	0.996760	0.245103	
376	0.998521	-0.000689	-9.199665	0.000689	0.998521	0.508934	
377	1.000283	0.000262	-10.015634	-0.000262	1.000283	0.871526	
378	1.000071	-0.000142	-10.386175	0.000142	1.000071	0.859750	
379	0.999772	-0.000366	-10.632305	0.000366	0.999772	0.973472	
380	0.999734	-0.000743	-10.879105	0.000743	0.999734	0.972618	
381	1.000634	-0.000155	-11.546840	0.000155	1.000634	1.466828	
382	0.997059	-0.001317	-10.475847	0.001317	0.997059	1.323532	
383	1.001622	0.001127	-12.335205	-0.001127	1.001622	1.945592	
384	1.001954	0.000980	-12.881805	-0.000980	1.001954	1.780601	
385	1.002500	0.000547	-13.675900	-0.000547	1.002500	1.811718	
386	1.001955	0.000222	-14.170692	-0.000222	1.001955	1.852840	
387	1.002694	0.000540	-14.089801	-0.000540	1.002694	1.772620	
388	1.002068	0.001160	-13.664030	-0.001160	1.002068	1.913864	
389	1.011588	0.002602	-16.058177	-0.002602	1.011588	1.766814	
390	1.001812	0.000483	-13.154889	-0.000483	1.001812	1.244340	
391	0.999035	-0.002315	-12.313608	0.002315	0.999035	1.032604	
392	1.002513	0.000134	-13.188285	-0.000134	1.002513	1.564022	
393	1.003724	0.000761	-14.072419	-0.000761	1.003724	2.253983	
394	1.001846	0.000416	-13.511286	-0.000416	1.001846	2.470201	
395	1.003550	0.001215	-14.344678	-0.001215	1.003550	2.841973	
396	1.003103	0.001491	-14.268026	-0.001491	1.003103	2.919800	
397	1.002809	0.001366	-14.129554	-0.001366	1.002809	2.945136	
398	1.001270	0.000511	-13.754677	-0.000511	1.001270	2.656834	
399	1.000731	0.000489	-13.633966	-0.000489	1.000731	2.571953	
400	1.000778	0.000014	-14.287842	-0.000014	1.000778	2.330846	
401	1.002176	0.000840	-14.653254	-0.000840	1.002176	2.483699	
402	1.003881	0.000504	-16.129650	-0.000504	1.003881	1.426583	
403	1.003760	0.000172	-16.362689	-0.000172	1.003760	1.149424	
404	1.004492	0.000610	-16.880070	-0.000610	1.004492	1.168732	
405	1.004994	-0.000509	-17.344336	0.000509	1.004994	0.650421	
406	1.004862	-0.000930	-16.910137	0.000930	1.004862	0.442311	
407	1.005466	-0.000774	-16.774138	0.000774	1.005466	0.209889	
408	1.003542	-0.000390	-15.625951	0.000390	1.003542	0.269954	
409	1.005164	-0.000252	-16.821528	0.000252	1.005164	0.503851	
410	1.006553	0.000163	-17.938675	-0.000163	1.006553	0.531376	
411	1.006553	0.000288	-18.332617	-0.000288	1.006553	0.489586	
412	1.007213	-0.000243	-18.751980	0.000243	1.007213	-0.153989	
413	1.006221	0.000158	-17.274331	-0.000158	1.006221	0.037516	
414	1.004844	-0.000912	-15.506445	0.000912	1.004844	-0.115849	
415	1.004301	-0.000408	-14.018107	0.000408	1.004301	0.768222	
416	1.003146	-0.000110	-12.433369	0.000110	1.003146	1.955852	
417	1.004962	-0.000194	-13.496787	0.000194	1.004962	2.158615	
418	1.004199	-0.000270	-13.373311	0.000270	1.004199	2.116766	
419	1.003672	0.000037	-13.046543	-0.000037	1.003672	2.170263	
420	1.005298	-0.000762	-13.679662	0.000762	1.005298	1.440764	
421	1.006746	-0.000557	-12.876497	0.000557	1.006746	0.828390	
422	1.007086	0.000221	-11.635955	-0.000221	1.007086	0.572662	
423	1.005391	-0.001053	-10.430138	0.001053	1.005391	-0.367583	
424	1.005077	-0.000472	-10.018727	0.000472	1.005077	0.356669	
425	0.999011	-0.000690	-3.885814	0.000690	0.999011	0.848732	
426	0.997427	-0.001110	-1.551923	0.001110	0.997427	0.622508	
427	1.003728	-0.000259	-8.523038	0.000259	1.003728	0.561636	
428	1.003112	-0.000225	-8.181107	0.000225	1.003112	1.111667	
429	0.999596	-0.000304	-5.103993	0.000304	0.999596	1.404626	
430	1.002638	-0.000202	-8.093971	0.000202	1.002638	1.172702	
431	1.001176	-0.000702	-7.865002	0.000702	1.001176	0.803387	
432	1.000167	-0.000921	-7.740106	0.000921	1.000167	0.748905	
433	0.999118	-0.000642	-7.273798	0.000642	0.999118	0.998677	
434	1.000425	-0.000656	-8.971751	0.000656	1.000425	0.975369	
435	1.000154	-0.000741	-8.653339	0.000741	1.000154	0.806169	
436	1.004439	-0.000207	-10.773996	0.000207	1.004439	0.800514	
437	1.000574	-0.000421	-9.115081	0.000421	1.000574	0.868542	
438	0.999520	-0.000327	-8.093675	0.000327	0.999520	0.978843	
439	0.997023	-0.000380	-5.448004	0.000380	0.997023	1.101498	
440	0.999156	-0.000200	-7.380553	0.000200	0.999156	1.173862	
441	0.996871	-0.000300	-4.567249	0.000300	0.996871	1.274244	
442	0.999541	-0.000071	-6.875459	0.000071	0.999541	1.157538	
443	0.999374	0.000420	-6.463870	-0.000420	0.999374	1.399209	
444	0.997528	0.000335	-4.245415	-0.000335	0.997528	1.417705	
445	1.002111	0.000390	-6.894357	-0.000390	1.002111	0.946746	
446	0.999757	0.000614	-3.791625	-0.000614	0.999757	1.288645	
447	1.000040	0.000333	-3.901651	-0.000333	1.000040	1.101987	
448	1.000244	0.000002	-3.966417	-0.000002	1.000244	0.837499	
449	0.999347	0.000278	-2.896849	-0.000278	0.999347	0.988796	
450	0.999108	-0.000192	-2.820905	0.000192	0.999108	0.612013	
451	1.000024	-0.000550	-3.634112	0.000550	1.000024	0.238737	
452	0.999200	0.000106	-2.878021	-0.000106	0.999200	0.607555	
453	0.999350	0.000027	-3.277188	-0.000027	0.999350	0.442494	
454	0.998995	0.000063	-3.067260	-0.000063	0.998995	0.395428	
455	0.999012	0.001110	-2.710440	-0.001110	0.999012	1.041022	
456	0.998973	0.000359	-3.216356	-0.000359	0.998973	0.479237	
457	0.998551	0.000652	-2.610300	-0.000652	0.998551	0.747967	
458	0.997968	0.000497	-2.214249	-0.000497	0.997968	0.749529	
459	0.998891	-0.000335	-3.232456	0.000335	0.998891	0.266929	
460	0.998894	-0.000039	-3.250601	0.000039	0.998894	0.531681	
461	0.998736	-0.000009	-3.482398	0.000009	0.998736	0.772273	
462	0.997077	0.000790	-2.907082	-0.000790	0.997077	1.510551	
463	0.997165	-0.000064	-3.938288	0.000064	0.997165	0.908427	
464	0.999388	0.000252	-6.280584	-0.000252	0.999388	0.874750	
465	0.997035	0.000031	-4.130283	-0.000031	0.997035	0.914609	
466	0.997537	0.000001	-4.910404	-0.000001	0.997537	0.950155	
467	0.996465	-0.000257	-3.924791	0.000257	0.996465	0.798657	
468	0.998612	0.000603	-4.192374	-0.000603	0.998612	1.108314	
469	1.001654	0.000695	-7.211500	-0.000695	1.001654	1.170233	
470	1.000553	0.000664	-6.380386	-0.000664	1.000553	1.349610	
471	0.997096	0.000367	-2.475239	-0.000367	0.997096	1.628464	
472	0.999504	0.000168	-5.996626	-0.000168	0.999504	1.331607	
473	0.999055	0.000576	-4.283185	-0.000576	0.999055	1.599105	
474	0.997381	-0.000705	-2.450506	0.000705	0.997381	0.868572	
475	0.999746	-0.000651	-4.611744	0.000651	0.999746	0.648657	
476	1.001124	-0.000321	-5.524057	0.000321	1.001124	0.713263	
477	0.998261	-0.000077	-2.337643	0.000077	0.998261	1.371255	
478	0.999200	-0.000160	-2.930022	0.000160	0.999200	1.322709	
479	0.999496	-0.000552	-3.074560	0.000552	0.999496	0.913410	
480	0.999358	-0.000405	-2.810622	0.000405	0.999358	0.977103	
481	0.999742	-0.000421	-3.021933	0.000421	0.999742	0.929489	
482	0.999531	-0.000112	-2.408260	0.000112	0.999531	0.911244	
483	1.000325	-0.000567	-2.758468	0.000567	1.000325	0.545920	
484	0.999981	-0.000481	-2.225134	0.000481	0.999981	0.769941	
485	1.001278	-0.000571	-2.722781	0.000571	1.001278	0.406402	
486	1.001381	-0.000081	-2.239406	0.000081	1.001381	0.810500	
487	1.001908	-0.000100	-2.064813	0.000100	1.001908	0.704713	
488	1.002194	-0.000117	-1.753491	0.000117	1.002194	0.597494	
489	1.002266	-0.000063	-1.393887	0.000063	1.002266	0.594401	
490	1.002033	0.000031	-0.893782	-0.000031	1.002033	0.423493	
491	1.002645	-0.000261	-1.331034	0.000261	1.002645	0.121897	
492	1.002495	-0.000404	-1.048245	0.000404	1.002495	-0.110898	
493	1.002738	-0.000427	-0.889409	0.000427	1.002738	-0.218899	
494	1.003406	-0.000605	-0.915765	0.000605	1.003406	-0.401297	
495	1.003821	-0.000409	-0.892654	0.000409	1.003821	-0.317377	
496	1.003574	-0.000182	-0.411865	0.000182	1.003574	-0.009141	
497	1.003369	-0.000151	0.162194	0.000151	1.003369	0.022473	
498	1.003172	-0.000015	0.751646	0.000015	1.003172	-0.059404	
499	1.004140	-0.000153	1.098060	0.000153	1.004140	-0.335012	
500	1.003965	-0.000478	1.621300	0.000478	1.003965	-0.438445	
501	1.004800	-0.000641	1.564685	0.000641	1.004800	-0.478501	
502	1.005036	-0.000631	1.840825	0.000631	1.005036	-0.570300	
503	1.005473	-0.000610	1.954951	0.000610	1.005473	-0.590339	
504	1.005872	-0.000515	2.118199	0.000515	1.005872	-0.363817	
505	1.006111	-0.000471	2.548193	0.000471	1.006111	-0.194648	
506	1.006453	-0.000385	3.140028	0.000385	1.006453	-0.227512	
507	1.004027	-0.000795	5.962104	0.000795	1.004027	-0.052026	
508	1.003416	-0.000480	6.913343	0.000480	1.003416	0.055043	
509	1.002824	-0.000794	7.815861	0.000794	1.002824	0.063103	
510	1.002029	-0.000584	8.743021	0.000584	1.002029	0.146928	
511	1.002860	-0.000699	8.251462	0.000699	1.002860	0.060621	
512	1.002899	-0.000396	7.836673	0.000396	1.002899	0.035718	
513	1.002622	-0.000181	8.045533	0.000181	1.002622	0.176101	
514	1.004301	-0.000071	6.536655	0.000071	1.004301	0.056732	
515	1.002841	-0.000651	7.926536	0.000651	1.002841	0.034862	
516	1.002689	-0.000502	8.142294	0.000502	1.002689	0.166606	
517	1.002858	-0.000555	7.819367	0.000555	1.002858	0.000584	
518	1.002463	-0.000475	7.928670	0.000475	1.002463	0.015917	
519	1.005477	0.000002	5.248551	-0.000002	1.005477	0.115911	
520	1.001616	-0.000114	8.418801	0.000114	1.001616	0.691397	
521	1.002222	-0.000169	8.457934	0.000169	1.002222	0.821637	
522	1.002163	-0.000118	8.878301	0.000118	1.002163	1.154783	
523	1.002160	-0.000096	8.867833	0.000096	1.002160	1.333606	
524	1.001930	-0.000147	8.772791	0.000147	1.001930	1.242871	
525	1.002132	-0.000191	8.385150	0.000191	1.002132	1.017475	
526	1.004931	-0.000181	5.610559	0.000181	1.004931	0.348419	
527	1.001883	0.000023	7.372792	-0.000023	1.001883	0.795456	
528	1.004453	0.000167	4.539568	-0.000167	1.004453	0.315229	
529	1.004271	0.000371	4.164792	-0.000371	1.004271	0.320005	
530	1.004471	0.000102	3.686354	-0.000102	1.004471	0.418265	
531	1.003694	0.000399	3.667068	-0.000399	1.003694	0.602516	
532	1.002043	0.000694	3.773654	-0.000694	1.002043	0.358294	
533	1.001740	0.000763	3.388118	-0.000763	1.001740	-0.498909	
534	1.000722	0.000726	3.785788	-0.000726	1.000722	-0.774719	
535	0.999329	0.000101	5.181766	-0.000101	0.999329	-1.043857	
536	1.000467	0.000356	4.083825	-0.000356	1.000467	-0.781598	
537	1.001395	0.000519	4.065617	-0.000519	1.001395	-0.894086	
538	1.001383	0.000785	4.412703	-0.000785	1.001383	-0.968700	
539	0.998207	-0.000194	7.286652	0.000194	0.998207	-1.583483	
540	0.999623	0.000070	7.476069	-0.000070	0.999623	-2.531858	
541	0.999445	0.000086	8.165612	-0.000086	0.999445	-2.888505	
542	0.997577	-0.000321	9.203827	0.000321	0.997577	-3.013922	
543	0.997644	-0.000085	9.425381	0.000085	0.997644	-2.726953	
544	0.996540	-0.000396	9.911532	0.000396	0.996540	-2.473109	
545	0.997800	0.000230	9.596350	-0.000230	0.997800	-1.948237	
546	0.997282	0.000303	10.079761	-0.000303	0.997282	-1.396965	
547	0.997034	0.000392	10.622866	-0.000392	0.997034	-0.841033	
548	0.997085	0.000430	10.871088	-0.000430	0.997085	-0.524945	
549	0.996150	0.000423	11.618185	-0.000423	0.996150	0.226043	
550	0.996516	0.000484	11.855350	-0.000484	0.996516	0.865292	
551	0.996761	0.000616	12.208527	-0.000616	0.996761	1.388513	
552	0.995403	0.000755	13.225686	-0.000755	0.995403	1.824315	
553	0.996797	0.000555	13.005628	-0.000555	0.996797	1.577261	
554	0.996754	0.000376	13.348943	-0.000376	0.996754	1.517830	
555	0.996922	0.000126	13.447116	-0.000126	0.996922	1.416894	
556	0.996535	-0.000003	13.816478	0.000003	0.996535	1.301378	
557	0.997204	-0.000048	13.496199	0.000048	0.997204	1.284543	
558	0.997571	0.000013	13.480113	-0.000013	0.997571	1.492057	
559	0.998320	0.000165	13.162071	-0.000165	0.998320	1.462789	
560	0.999262	-0.000109	12.573469	0.000109	0.999262	1.113653	
561	0.999238	-0.000025	12.844268	0.000025	0.999238	0.973919	
562	0.999349	-0.000128	12.639273	0.000128	0.999349	0.811927	
563	0.999548	0.000018	12.757313	-0.000018	0.999548	0.862589	
564	0.998984	-0.000340	13.420603	0.000340	0.998984	0.903919	
565	0.999260	-0.000073	13.407541	0.000073	0.999260	0.967372	
566	0.999492	-0.000287	13.182033	0.000287	0.999492	0.647579	
567	0.999276	-0.000384	13.172701	0.000384	0.999276	0.356032	
568	0.999490	-0.000295	12.631203	0.000295	0.999490	-0.303229	
569	0.999089	-0.000220	12.369192	0.000220	0.999089	-0.858140	
570	0.997533	-0.000138	12.724630	0.000138	0.997533	-0.278332	
571	0.994453	-0.000250	13.425455	0.000250	0.994453	0.591304	
572	0.997191	-0.000500	12.490448	0.000500	0.997191	0.257996	
573	0.996822	-0.000597	12.517127	0.000597	0.996822	0.377684	
574	0.996450	-0.000579	12.652495	0.000579	0.996450	0.547756	
575	0.997190	-0.000432	12.534910	0.000432	0.997190	0.824104	
576	0.997307	-0.000453	12.681630	0.000453	0.997307	1.104734	
577	0.997103	-0.000316	12.859662	0.000316	0.997103	1.193303	
578	0.997044	-0.000166	13.060082	0.000166	0.997044	1.159793	
579	0.996856	-0.000165	13.025521	0.000165	0.996856	1.039665	
580	0.996982	-0.000294	12.791725	0.000294	0.996982	0.960207	
581	0.997097	-0.000217	12.910120	0.000217	0.997097	1.024585	
582	0.996575	-0.000359	13.375557	0.000359	0.996575	1.055686	
583	0.996855	-0.000497	13.521389	0.000497	0.996855	0.860978	
584	0.997026	-0.000540	13.518972	0.000540	0.997026	0.848111	
585	0.996984	-0.000549	13.476828	0.000549	0.996984	0.889336	
586	0.996908	-0.000585	13.379921	0.000585	0.996908	0.749812	
587	0.997553	-0.000686	13.092511	0.000686	0.997553	0.488545	
588	0.997436	-0.000621	13.016417	0.000621	0.997436	0.578258	
589	0.998299	-0.000711	12.362719	0.000711	0.998299	0.359643	
590	0.998877	-0.000532	12.237476	0.000532	0.998877	0.265386	
591	0.998692	-0.000760	12.258448	0.000760	0.998692	0.168318	
592	0.999656	-0.000414	11.995268	0.000414	0.999656	0.099016	
593	0.999894	-0.000522	11.843794	0.000522	0.999894	-0.027242	
594	1.000085	-0.000230	12.111256	0.000230	1.000085	0.097805	
595	0.998984	-0.000751	12.388408	0.000751	0.998984	-0.076495	
596	0.999913	-0.000546	12.320051	0.000546	0.999913	-0.300640	
597	0.999802	-0.000498	12.274151	0.000498	0.999802	-0.339599	
598	0.999053	-0.000915	12.361018	0.000915	0.999053	-0.316467	
599	0.998715	-0.001147	12.101174	0.001147	0.998715	-0.340246	
600	0.999835	-0.000717	11.511095	0.000717	0.999835	-0.353539	
601	0.998798	-0.000771	11.465348	0.000771	0.998798	-0.265789	
602	0.999830	-0.000473	11.043138	0.000473	0.999830	-0.389778	
603	0.999734	-0.000553	11.013652	0.000553	0.999734	-0.403519	
604	0.999590	-0.000523	10.617629	0.000523	0.999590	-0.433335	
605	0.998500	-0.001005	10.513413	0.001005	0.998500	-0.560150	
606	0.993877	-0.000982	9.893642	0.000982	0.993877	0.431398	
607	0.999498	-0.000703	9.627708	0.000703	0.999498	-0.709290	
608	0.999823	-0.000037	9.728344	0.000037	0.999823	-0.452738	
609	0.998927	-0.000530	9.627127	0.000530	0.998927	-0.805574	
610	0.998958	-0.000640	9.185058	0.000640	0.998958	-1.257962	
611	0.999552	-0.000297	8.869414	0.000297	0.999552	-1.382132	
612	0.999745	-0.000199	8.725182	0.000199	0.999745	-1.381304	
613	0.999035	-0.000621	8.917860	0.000621	0.999035	-1.468110	
614	0.992391	-0.001873	11.079501	0.001873	0.992391	-0.593839	
615	0.998558	-0.000720	9.739854	0.000720	0.998558	-1.379242	
616	0.997534	-0.001062	10.835580	0.001062	0.997534	-1.475226	
617	0.996930	-0.001463	12.344036	0.001463	0.996930	-1.563083	
618	0.990598	-0.000745	15.623317	0.000745	0.990598	0.126314	
619	0.988734	-0.000963	17.001709	0.000963	0.988734	0.704218	
620	0.994420	-0.000435	15.407772	0.000435	0.994420	0.001753	
621	0.988623	-0.000927	17.427375	0.000927	0.988623	1.380285	
622	0.994704	-0.000308	16.487157	0.000308	0.994704	0.856640	
623	0.987238	-0.000683	19.018021	0.000683	0.987238	2.744628	
624	0.992286	-0.001459	18.393816	0.001459	0.992286	1.898250	
625	0.993919	-0.001175	18.800688	0.001175	0.993919	1.722791	
626	0.988287	-0.001629	21.443559	0.001629	0.988287	2.629096	
627	0.993662	-0.000936	20.690397	0.000936	0.993662	1.729197	
628	0.993856	-0.000644	21.840942	0.000644	0.993856	1.674098	
629	0.993221	-0.000938	22.915223	0.000938	0.993221	1.340027	
630	0.993849	-0.001050	22.820975	0.001050	0.993849	0.904176	
631	0.991072	-0.001293	23.082578	0.001293	0.991072	1.673704	
632	0.995181	-0.000678	20.715764	0.000678	0.995181	1.422309	
633	0.994261	-0.001183	20.031267	0.001183	0.994261	0.970479	
634	0.994729	-0.000885	18.554473	0.000885	0.994729	0.924859	
635	0.987708	-0.000679	19.682750	0.000679	0.987708	1.935880	
636	0.995945	-0.000290	19.383657	0.000290	0.995945	1.193139	
637	0.994450	-0.001283	21.421998	0.001283	0.994450	1.678736	
638	0.996597	-0.001432	19.721275	0.001432	0.996597	-0.023717	
639	0.996379	-0.000731	18.432062	0.000731	0.996379	-0.952734	
640	0.996451	-0.000057	17.554036	0.000057	0.996451	-0.632765	
641	0.996709	-0.000518	18.097706	0.000518	0.996709	-0.085850	
642	0.996812	-0.001171	19.777558	0.001171	0.996812	-0.754358	
643	0.997253	-0.000745	21.470550	0.000745	0.997253	-0.660372	
644	0.996923	-0.000194	23.931954	0.000194	0.996923	0.618742	
645	0.996065	-0.001873	24.663198	0.001873	0.996065	-0.060025	
646	0.997768	-0.001520	23.050118	0.001520	0.997768	-0.441441	
647	0.997774	0.000130	21.813702	-0.000130	0.997774	0.130724	
648	0.997710	0.000240	20.156202	-0.000240	0.997710	-0.037637	
649	0.996131	-0.000953	19.784029	0.000953	0.996131	-0.364743	
650	0.995517	-0.000952	19.802949	0.000952	0.995517	0.617859	
651	0.994408	-0.000044	19.843774	0.000044	0.994408	1.453593	
652	0.995216	-0.000228	18.958658	0.000228	0.995216	0.610198	
653	0.995174	-0.000971	18.688588	0.000971	0.995174	0.197244	
654	0.995235	-0.000838	18.691867	0.000838	0.995235	1.057150	
655	0.995455	-0.000373	18.163873	0.000373	0.995455	1.500013	
656	0.995064	-0.000925	17.391974	0.000925	0.995064	0.717467	
657	0.995487	-0.000889	16.480520	0.000889	0.995487	0.405506	
658	0.995361	-0.000677	15.988081	0.000677	0.995361	1.040708	
659	0.996079	-0.000249	14.969967	0.000249	0.996079	1.047589	
660	0.996379	-0.000377	14.387908	0.000377	0.996379	0.493236	
661	0.996274	-0.000325	14.102136	0.000325	0.996274	0.470335	
662	0.996230	-0.000291	13.666194	0.000291	0.996230	0.707487	
663	0.996132	-0.000368	12.880933	0.000368	0.996132	0.658272	
664	0.996118	-0.000358	12.310592	0.000358	0.996118	0.707155	
665	0.996592	-0.000276	11.540573	0.000276	0.996592	0.580440	
666	0.995519	0.000082	11.430966	-0.000082	0.995519	0.771748	
667	0.996661	-0.000297	10.329534	0.000297	0.996661	0.106003	
668	0.996704	-0.000265	9.681742	0.000265	0.996704	0.116064	
669	0.996193	0.000150	9.123793	-0.000150	0.996193	0.424426	
670	0.996601	0.000127	8.315276	-0.000127	0.996601	0.166064	
671	0.998378	0.000467	6.255391	-0.000467	0.998378	-0.030613	
672	0.997745	0.000295	6.591189	-0.000295	0.997745	-0.056783	
673	0.997418	0.000046	6.830928	-0.000046	0.997418	-0.152716	
674	0.998315	0.000117	5.511069	-0.000117	0.998315	-0.371907	
