0	1.000000	0.000000	0.000000	0.000000	1.000000	0.000000	
1	0.999040	0.000249	16.544542	-0.000249	0.999040	0.287259	
2	0.997173	-0.002058	16.476650	0.002058	0.997173	-1.034205	
3	0.997901	-0.001314	16.155222	0.001314	0.997901	-0.374503	
4	0.999112	0.000211	15.347609	-0.000211	0.999112	0.698256	
5	0.997499	-0.000757	15.074908	0.000757	0.997499	-0.093712	
6	0.997514	-0.001399	14.489128	0.001399	0.997514	-0.648501	
7	0.998294	-0.000235	13.738016	0.000235	0.998294	0.273468	
8	0.998469	-0.000232	12.822111	0.000232	0.998469	0.621460	
9	0.999165	-0.000508	12.170490	0.000508	0.999165	0.235745	
10	0.998372	-0.000853	11.925671	0.000853	0.998372	0.189992	
11	0.998476	-0.000658	11.154394	0.000658	0.998476	0.561367	
12	0.997894	-0.000718	10.375103	0.000718	0.997894	0.413309	
13	0.997871	-0.000634	9.399141	0.000634	0.997871	0.371730	
14	0.998070	-0.000525	8.458612	0.000525	0.998070	0.518533	
15	0.997406	0.000191	6.852058	-0.000191	0.997406	0.873542	
16	0.999049	-0.000018	5.593305	0.000018	0.999049	0.327744	
17	0.998488	-0.000495	5.726462	0.000495	0.998488	0.193567	
18	0.999221	-0.000270	4.226025	0.000270	0.999221	0.158446	
19	0.999141	-0.000352	2.973129	0.000352	0.999141	0.207470	
20	0.998946	-0.000301	1.607181	0.000301	0.998946	0.160579	
21	0.998846	-0.000211	0.700517	0.000211	0.998846	0.060416	
22	0.998948	-0.000032	0.011214	0.000032	0.998948	-0.208083	
23	0.998917	0.000053	-0.054480	-0.000053	0.998917	-0.155388	
24	0.998423	-0.000166	-0.077250	0.000166	0.998423	0.318373	
25	0.998328	-0.000379	-0.782870	0.000379	0.998328	0.283891	
26	0.998513	-0.000237	-1.882585	0.000237	0.998513	0.313278	
27	0.998301	-0.000399	-2.931319	0.000399	0.998301	0.329736	
28	0.997066	-0.000591	-3.980727	0.000591	0.997066	0.539020	
29	0.997592	-0.000054	-6.360272	0.000054	0.997592	0.840205	
30	0.997797	0.000204	-8.717986	-0.000204	0.997797	0.940566	
31	0.997762	0.000368	-11.174224	-0.000368	0.997762	1.148759	
32	0.998057	0.000379	-13.451605	-0.000379	0.998057	1.047783	
33	0.997596	0.000381	-15.437187	-0.000381	0.997596	1.144970	
34	0.997726	0.000407	-18.145605	-0.000407	0.997726	1.172346	
35	0.997674	0.000347	-20.184947	-0.000347	0.997674	1.356752	
36	0.997599	0.000410	-21.308790	-0.000410	0.997599	1.313776	
37	0.996915	0.000267	-22.180906	-0.000267	0.996915	1.351212	
38	0.997075	0.000424	-23.646684	-0.000424	0.997075	1.520726	
39	0.997429	0.000376	-25.020483	-0.000376	0.997429	1.400952	
40	0.997521	0.000653	-25.692058	-0.000653	0.997521	1.543529	
41	0.997423	0.000636	-25.888632	-0.000636	0.997423	1.447204	
42	0.997419	0.000881	-26.251681	-0.000881	0.997419	1.680841	
43	0.997030	0.000741	-26.033505	-0.000741	0.997030	1.738073	
44	0.997383	0.000654	-26.261083	-0.000654	0.997383	1.620038	
45	0.997611	0.000509	-26.556410	-0.000509	0.997611	1.537119	
46	0.997012	0.000700	-26.280606	-0.000700	0.997012	1.806854	
47	0.996784	0.000643	-26.056791	-0.000643	0.996784	1.742823	
48	0.997153	0.000648	-26.225623	-0.000648	0.997153	1.499596	
49	0.997338	0.000622	-26.327837	-0.000622	0.997338	1.541611	
50	0.996889	0.000492	-25.550788	-0.000492	0.996889	1.401566	
51	0.996895	0.000386	-25.117500	-0.000386	0.996895	1.027463	
52	0.997080	0.000443	-24.971908	-0.000443	0.997080	1.071592	
53	0.996571	0.000667	-24.084636	-0.000667	0.996571	1.187386	
54	0.996988	0.000521	-24.358866	-0.000521	0.996988	1.044717	
55	0.997265	0.000431	-24.462707	-0.000431	0.997265	0.929180	
56	0.997571	0.000367	-24.727310	-0.000367	0.997571	0.996217	
57	0.997673	0.000386	-24.797598	-0.000386	0.997673	1.190656	
58	0.997548	0.000128	-24.856865	-0.000128	0.997548	0.903329	
59	0.997845	0.000288	-25.391084	-0.000288	0.997845	0.801971	
60	0.998450	0.000320	-26.018497	-0.000320	0.998450	0.978934	
61	0.998654	0.000269	-25.899288	-0.000269	0.998654	0.843152	
62	0.998288	0.000293	-25.363852	-0.000293	0.998288	0.768112	
63	0.999950	0.000237	-26.239937	-0.000237	0.999950	0.484929	
64	0.998680	0.000171	-24.865055	-0.000171	0.998680	0.560375	
65	0.999337	0.000103	-24.838276	-0.000103	0.999337	0.440620	
66	0.998982	0.000171	-23.706313	-0.000171	0.998982	0.611377	
67	0.999276	0.000217	-22.993147	-0.000217	0.999276	0.534108	
68	0.998989	0.000299	-22.269978	-0.000299	0.998989	0.576291	
69	0.999246	-0.000039	-21.677243	0.000039	0.999246	0.105291	
70	0.998676	0.000173	-20.317488	-0.000173	0.998676	0.290039	
71	0.997712	-0.000114	-18.602908	0.000114	0.997712	0.210537	
72	0.998205	0.000028	-18.058817	-0.000028	0.998205	0.260731	
73	0.998767	0.000025	-17.585260	-0.000025	0.998767	0.208796	
74	0.998033	0.000004	-16.281575	-0.000004	0.998033	0.253767	
75	0.998309	0.000008	-15.643755	-0.000008	0.998309	0.221165	
76	0.998606	-0.000176	-14.840168	0.000176	0.998606	-0.146487	
77	0.998551	-0.000298	-13.498174	0.000298	0.998551	-0.352381	
78	0.998422	-0.000270	-11.847567	0.000270	0.998422	-0.425423	
79	0.998319	-0.000300	-10.536119	0.000300	0.998319	-0.734408	
80	0.998419	-0.000300	-9.371150	0.000300	0.998419	-0.736297	
81	0.998871	-0.000059	-8.699678	0.000059	0.998871	-0.730236	
82	1.000705	-0.000404	-8.298772	0.000404	1.000705	-1.230343	
83	0.996701	-0.000195	-4.567798	0.000195	0.996701	-0.404843	
84	0.998971	0.000164	-5.624154	-0.000164	0.998971	-0.786738	
85	0.997648	-0.000172	-3.852297	0.000172	0.997648	-0.775192	
86	0.998282	-0.000322	-3.678130	0.000322	0.998282	-1.022025	
87	0.998373	-0.000443	-3.270463	0.000443	0.998373	-1.085958	
88	0.999785	-0.000446	-3.620054	0.000446	0.999785	-1.305458	
89	1.000298	-0.000363	-3.267010	0.000363	1.000298	-1.330052	
90	1.000265	-0.000359	-2.850606	0.000359	1.000265	-1.088207	
91	1.000537	-0.000304	-2.895215	0.000304	1.000537	-0.954150	
92	1.000526	-0.000067	-3.240543	0.000067	1.000526	-0.957870	
93	0.999785	-0.000300	-3.041159	0.000300	0.999785	-1.375188	
94	0.999923	-0.000009	-3.698462	0.000009	0.999923	-0.959938	
95	1.000353	0.000011	-4.344297	-0.000011	1.000353	-1.157698	
96	1.001622	-0.000214	-6.314483	0.000214	1.001622	-1.608569	
97	1.000419	-0.000103	-5.358500	0.000103	1.000419	-1.139251	
98	0.998171	-0.000257	-4.835366	0.000257	0.998171	-0.928163	
99	0.999546	-0.000256	-6.961213	0.000256	0.999546	-0.848298	
100	0.998722	-0.000308	-7.302696	0.000308	0.998722	-0.114543	
101	0.998945	-0.000231	-8.406650	0.000231	0.998945	0.186013	
102	0.999024	-0.000143	-9.241034	0.000143	0.999024	0.063992	
103	0.998969	-0.000133	-9.811819	0.000133	0.998969	-0.058087	
104	0.998796	-0.000198	-10.264615	0.000198	0.998796	-0.139039	
105	0.998625	0.000000	-11.561675	-0.000000	0.998625	0.203353	
106	0.998851	0.000194	-12.790636	-0.000194	0.998851	0.296601	
107	0.998540	0.000160	-13.653229	-0.000160	0.998540	0.103974	
108	0.997310	0.000110	-13.399633	-0.000110	0.997310	0.399334	
109	0.997117	0.000264	-13.494023	-0.000264	0.997117	0.609370	
110	0.997269	0.000274	-13.209831	-0.000274	0.997269	0.481300	
111	0.997639	0.000163	-12.707814	-0.000163	0.997639	0.010351	
112	0.997238	0.000390	-11.448123	-0.000390	0.997238	0.003404	
113	0.997116	0.000091	-10.017853	-0.000091	0.997116	-0.120654	
114	0.997820	-0.000114	-9.229211	0.000114	0.997820	-0.514770	
115	0.997980	-0.000097	-8.034969	0.000097	0.997980	-0.351005	
116	0.996471	-0.000404	-5.042176	0.000404	0.996471	-0.138438	
117	0.996435	-0.000226	-3.735581	0.000226	0.996435	-0.191450	
118	0.997091	0.000040	-3.494024	-0.000040	0.997091	-0.206822	
119	0.996912	0.000295	-3.474325	-0.000295	0.996912	-0.176557	
120	0.997166	0.000174	-3.690833	-0.000174	0.997166	-0.160912	
121	0.996952	0.000279	-3.389523	-0.000279	0.996952	-0.101167	
122	0.996937	0.000136	-3.596693	-0.000136	0.996937	-0.277967	
123	0.996851	-0.000027	-3.993908	0.000027	0.996851	-0.383589	
124	0.996833	-0.000070	-4.203349	0.000070	0.996833	-0.487322	
125	0.996539	-0.000215	-4.321573	0.000215	0.996539	-0.504547	
126	0.998521	0.000006	-7.167948	-0.000006	0.998521	-0.194689	
127	0.999316	0.000165	-8.721422	-0.000165	0.999316	0.337945	
128	0.999235	0.000177	-9.161444	-0.000177	0.999235	0.008042	
129	1.000144	0.000320	-10.018975	-0.000320	1.000144	-0.213718	
130	0.999711	0.000523	-10.640653	-0.000523	0.999711	0.697470	
131	0.999861	0.000780	-12.428969	-0.000780	0.999861	1.043530	
132	0.999632	0.000715	-14.464934	-0.000715	0.999632	1.250015	
133	0.999676	0.001086	-14.733843	-0.001086	0.999676	0.382906	
134	1.000278	0.000938	-13.879681	-0.000938	1.000278	-1.347968	
135	1.000274	0.000610	-12.815598	-0.000610	1.000274	-2.208217	
136	1.000758	0.001029	-12.582988	-0.001029	1.000758	-1.953537	
137	1.000063	0.000981	-12.797734	-0.000981	1.000063	-0.648186	
138	1.000863	0.000890	-14.083157	-0.000890	1.000863	-0.322464	
139	1.000089	0.000908	-14.305126	-0.000908	1.000089	-0.968861	
140	0.999806	0.001382	-14.432430	-0.001382	0.999806	0.044615	
141	0.999578	0.001065	-14.410202	-0.001065	0.999578	0.261938	
142	1.000101	0.000832	-14.143596	-0.000832	1.000101	-0.661681	
143	0.999675	0.000735	-13.516693	-0.000735	0.999675	-0.757212	
144	0.999802	0.001161	-14.087669	-0.001161	0.999802	-0.241884	
145	0.999457	0.000586	-14.586893	-0.000586	0.999457	-0.293238	
146	1.000049	0.000532	-15.066642	-0.000532	1.000049	-0.988437	
147	1.000379	0.001072	-14.659108	-0.001072	1.000379	-1.144342	
148	0.999545	0.001069	-13.588611	-0.001069	0.999545	-0.955167	
149	0.999979	0.000459	-13.715921	-0.000459	0.999979	-1.050577	
150	0.999906	0.000791	-13.184838	-0.000791	0.999906	-0.369619	
151	0.999589	0.001313	-12.475154	-0.001313	0.999589	0.007811	
152	0.999921	0.000929	-12.503956	-0.000929	0.999921	-0.454389	
153	0.999435	0.000588	-11.650008	-0.000588	0.999435	-0.864080	
154	0.999599	0.000789	-11.105823	-0.000789	0.999599	-0.798880	
155	0.999433	0.000697	-10.832057	-0.000697	0.999433	-0.569246	
156	0.999521	0.000435	-10.444587	-0.000435	0.999521	-0.605649	
157	1.005135	0.000263	-11.163354	-0.000263	1.005135	-1.572515	
158	0.999728	0.000851	-9.124738	-0.000851	0.999728	0.036770	
159	1.000869	0.000242	-8.814452	-0.000242	1.000869	-0.162257	
160	0.997020	-0.000272	-4.829940	0.000272	0.997020	0.433773	
161	0.997826	-0.000028	-4.106640	0.000028	0.997826	0.844255	
162	0.998281	-0.000260	-3.072774	0.000260	0.998281	0.791658	
163	0.999430	0.000120	-1.533979	-0.000120	0.999430	0.494572	
164	0.999600	0.000323	0.430801	-0.000323	0.999600	0.809667	
165	0.999674	0.000478	1.331323	-0.000478	0.999674	1.244603	
166	0.999704	0.000283	2.232854	-0.000283	0.999704	1.318052	
167	0.999799	0.000140	4.119666	-0.000140	0.999799	1.566095	
168	1.000710	-0.000191	5.591544	0.000191	1.000710	1.671834	
169	0.996323	0.000919	9.947594	-0.000919	0.996323	2.981566	
170	0.997605	0.000124	10.501291	-0.000124	0.997605	1.941486	
171	0.995524	0.000892	12.036186	-0.000892	0.995524	2.495503	
172	0.997619	0.000267	11.967045	-0.000267	0.997619	1.638873	
173	0.997771	0.000215	11.954428	-0.000215	0.997771	1.573216	
174	0.997849	0.000258	11.751079	-0.000258	0.997849	1.560474	
175	0.997880	0.000382	11.806285	-0.000382	0.997880	1.542855	
176	0.998005	0.000233	11.723051	-0.000233	0.998005	1.404346	
177	0.997932	0.000203	11.948937	-0.000203	0.997932	1.366524	
178	0.997750	0.000207	12.102451	-0.000207	0.997750	1.300872	
179	0.997765	0.000157	11.964324	-0.000157	0.997765	1.248887	
180	0.997485	0.000211	12.029285	-0.000211	0.997485	1.484838	
181	0.997435	0.000121	11.963036	-0.000121	0.997435	1.351412	
182	0.997517	0.000158	11.538185	-0.000158	0.997517	1.225567	
183	0.997900	0.000154	10.894899	-0.000154	0.997900	1.071128	
184	0.996212	0.000404	11.065952	-0.000404	0.996212	1.453426	
185	0.996388	0.000544	10.239137	-0.000544	0.996388	1.612343	
186	0.996412	0.000705	9.637847	-0.000705	0.996412	1.744215	
187	0.996742	0.000638	8.883947	-0.000638	0.996742	1.597371	
188	0.997048	0.000495	8.196989	-0.000495	0.997048	1.524232	
189	0.997075	0.000519	7.785301	-0.000519	0.997075	1.630751	
190	0.997386	0.000416	7.038266	-0.000416	0.997386	1.547484	
191	0.999327	0.000344	4.524009	-0.000344	0.999327	0.845774	
192	0.999183	0.000242	3.812451	-0.000242	0.999183	0.705924	
193	0.999158	0.000140	2.808668	-0.000140	0.999158	0.531800	
194	0.999308	-0.000068	1.838725	0.000068	0.999308	0.343277	
195	0.999461	-0.000093	0.910792	0.000093	0.999461	0.251241	
196	0.999789	-0.000057	-0.081253	0.000057	0.999789	-0.063027	
197	0.999816	0.000052	-0.131649	-0.000052	0.999816	-0.054648	
198	0.999798	0.000009	-0.284117	-0.000009	0.999798	0.008594	
199	0.999769	0.000042	-0.559899	-0.000042	0.999769	0.071234	
200	0.999678	-0.000023	-0.804256	0.000023	0.999678	-0.041713	
201	0.999660	-0.000115	-1.271297	0.000115	0.999660	-0.267229	
202	0.999548	-0.000241	-1.559277	0.000241	0.999548	-0.337443	
203	0.999433	-0.000294	-1.853410	0.000294	0.999433	-0.288692	
204	0.999374	-0.000227	-2.348478	0.000227	0.999374	-0.221690	
205	0.999289	-0.000272	-2.755356	0.000272	0.999289	-0.237779	
206	0.999343	-0.000252	-3.265682	0.000252	0.999343	-0.243784	
207	0.998444	-0.000148	-3.797647	0.000148	0.998444	-0.090794	
208	0.999203	-0.000279	-4.593800	0.000279	0.999203	-0.178557	
209	1.000832	-0.000048	-6.556834	0.000048	1.000832	-0.436481	
210	0.999942	0.000006	-6.839089	-0.000006	0.999942	-0.400938	
211	1.001357	-0.000493	-7.946925	0.000493	1.001357	-1.374909	
212	1.000064	-0.000046	-7.873230	0.000046	1.000064	-1.044148	
213	0.999962	-0.000032	-8.096204	0.000032	0.999962	-1.327013	
214	0.999831	0.000157	-8.012922	-0.000157	0.999831	-1.443122	
215	0.998657	0.000245	-7.102064	-0.000245	0.998657	-1.032123	
216	0.995346	0.000103	-4.446184	-0.000103	0.995346	-0.390449	
217	0.995004	-0.000022	-3.657749	0.000022	0.995004	-0.298530	
218	0.994984	0.000109	-3.210821	-0.000109	0.994984	-0.122902	
219	0.996923	-0.000146	-3.747531	0.000146	0.996923	-0.611425	
220	0.994967	0.000137	-2.727700	-0.000137	0.994967	-0.238679	
221	0.995041	0.000240	-2.487442	-0.000240	0.995041	-0.413687	
222	0.995294	0.000521	-2.335592	-0.000521	0.995294	-0.609175	
223	0.995395	0.000556	-2.133512	-0.000556	0.995395	-0.652978	
224	0.995756	0.000377	-1.853740	-0.000377	0.995756	-0.605241	
225	0.995848	0.000385	-1.554510	-0.000385	0.995848	-0.556208	
226	0.995761	0.000545	-1.162564	-0.000545	0.995761	-0.438459	
227	0.995872	0.000576	-0.920312	-0.000576	0.995872	-0.404249	
228	0.997172	0.000095	-1.091151	-0.000095	0.997172	-0.833844	
229	0.997131	0.000266	-0.780638	-0.000266	0.997131	-0.836962	
230	0.997151	0.000239	-0.663324	-0.000239	0.997151	-1.064052	
231	0.997069	0.000247	-0.509914	-0.000247	0.997069	-1.282590	
232	0.996810	0.000414	-0.392876	-0.000414	0.996810	-1.409319	
233	0.997233	0.000434	-0.571466	-0.000434	0.997233	-1.727194	
234	0.997437	0.000446	-0.554937	-0.000446	0.997437	-1.854799	
235	0.997446	0.000290	-0.404813	-0.000290	0.997446	-1.839648	
236	0.997285	0.000232	-0.243736	-0.000232	0.997285	-1.754216	
237	0.997229	0.000393	-0.026581	-0.000393	0.997229	-1.482243	
238	0.997413	0.000289	-0.078398	-0.000289	0.997413	-1.559541	
239	0.997539	0.000258	-0.037748	-0.000258	0.997539	-1.582443	
240	0.997563	0.000149	0.047627	-0.000149	0.997563	-1.597327	
241	0.997452	0.000155	0.262425	-0.000155	0.997452	-1.516826	
242	0.997482	0.000236	0.385961	-0.000236	0.997482	-1.294639	
243	0.997618	0.000328	0.354812	-0.000328	0.997618	-1.100776	
244	0.997683	0.000466	0.257021	-0.000466	0.997683	-1.129851	
245	0.997627	0.000371	0.214444	-0.000371	0.997627	-1.264439	
246	0.997498	0.000289	0.309811	-0.000289	0.997498	-1.270892	
247	0.997595	0.000149	0.209511	-0.000149	0.997595	-1.318841	
248	0.997681	0.000058	0.040159	-0.000058	0.997681	-1.373349	
249	0.997740	0.000210	0.058072	-0.000210	0.997740	-1.272428	
250	0.997441	0.000284	0.141373	-0.000284	0.997441	-1.062245	
251	0.997731	0.000379	-0.016511	-0.000379	0.997731	-0.970889	
252	0.997696	0.000322	-0.093322	-0.000322	0.997696	-0.832966	
253	0.997643	0.000384	-0.169146	-0.000384	0.997643	-0.797313	
254	0.997826	0.000304	-0.206528	-0.000304	0.997826	-0.844844	
255	0.997720	0.000182	-0.057307	-0.000182	0.997720	-0.843894	
256	0.998276	0.000119	-0.323645	-0.000119	0.998276	-0.889542	
257	0.998316	0.000168	-0.284153	-0.000168	0.998316	-0.808665	
258	0.997989	0.000128	-0.072191	-0.000128	0.997989	-0.711895	
259	0.998288	0.000294	-0.117170	-0.000294	0.998288	-0.537663	
260	0.998102	0.000221	0.049119	-0.000221	0.998102	-0.377580	
261	0.998607	0.000220	-0.162071	-0.000220	0.998607	-0.438991	
262	0.998871	0.000080	-0.320897	-0.000080	0.998871	-0.556774	
263	0.999457	0.000141	-0.647477	-0.000141	0.999457	-0.620571	
264	0.999874	0.000142	-1.040891	-0.000142	0.999874	-0.721541	
265	1.000002	0.000137	-1.532163	-0.000137	1.000002	-0.869857	
266	1.000162	0.000178	-2.042094	-0.000178	1.000162	-0.942180	
267	0.999810	-0.000112	-1.910365	0.000112	0.999810	-1.113408	
268	1.000128	0.000883	-2.226389	-0.000883	1.000128	-0.523458	
269	1.000562	0.000237	-2.815576	-0.000237	1.000562	-0.463212	
270	1.000026	0.000180	-2.934733	-0.000180	1.000026	-0.398595	
271	0.999940	0.000259	-2.994927	-0.000259	0.999940	-0.176038	
272	1.000391	0.000112	-3.294536	-0.000112	1.000391	-0.113930	
273	0.999820	-0.000014	-3.058240	0.000014	0.999820	-0.073148	
274	1.000221	-0.000080	-3.113307	0.000080	1.000221	-0.190227	
275	1.000031	-0.000196	-2.654448	0.000196	1.000031	-0.406186	
276	1.000116	-0.000190	-2.295456	0.000190	1.000116	-0.554372	
277	1.000165	-0.000121	-1.984895	0.000121	1.000165	-0.419572	
278	1.000397	-0.000030	-1.688028	0.000030	1.000397	-0.335313	
279	1.000524	0.000020	-1.394790	-0.000020	1.000524	-0.345556	
280	1.000465	0.000101	-0.945961	-0.000101	1.000465	-0.442867	
281	1.000491	0.000264	-0.426599	-0.000264	1.000491	-0.572152	
282	1.000604	0.000242	-0.190480	-0.000242	1.000604	-0.701076	
283	1.000532	0.000071	0.159164	-0.000071	1.000532	-0.852332	
284	1.000593	0.000126	0.775500	-0.000126	1.000593	-0.897249	
285	1.000697	0.000092	1.357360	-0.000092	1.000697	-0.962036	
286	1.001391	0.000311	1.629815	-0.000311	1.001391	-1.026420	
287	1.000775	0.000204	2.524198	-0.000204	1.000775	-0.922464	
288	1.000876	0.000258	3.047097	-0.000258	1.000876	-0.759117	
289	1.001182	0.000268	3.206761	-0.000268	1.001182	-0.670182	
290	1.003835	0.000392	2.485212	-0.000392	1.003835	-0.987955	
291	1.003538	0.000308	2.815669	-0.000308	1.003538	-1.029684	
292	1.003911	0.000426	2.645544	-0.000426	1.003911	-1.078221	
293	1.004355	0.000147	2.422153	-0.000147	1.004355	-1.552773	
294	1.001818	0.000468	3.404110	-0.000468	1.001818	-0.866971	
295	1.004117	0.000230	3.346887	-0.000230	1.004117	-0.980169	
296	1.004328	0.000105	3.826040	-0.000105	1.004328	-0.904242	
297	1.002023	-0.000503	6.042748	0.000503	1.002023	-0.934966	
298	1.002290	-0.000362	6.113836	0.000362	1.002290	-0.579596	
299	1.004945	-0.000093	4.217599	0.000093	1.004945	-0.550807	
300	1.002166	-0.000298	7.267187	0.000298	1.002166	-0.473412	
301	0.998380	0.000034	8.852336	-0.000034	0.998380	0.240196	
302	1.002182	-0.000234	7.906424	0.000234	1.002182	-0.200664	
303	1.002135	-0.000417	8.609354	0.000417	1.002135	-0.112437	
304	1.002039	-0.000394	9.472176	0.000394	1.002039	0.212555	
305	1.002381	-0.000546	10.026070	0.000546	1.002381	0.424340	
306	1.002715	-0.000656	10.085388	0.000656	1.002715	0.268575	
307	1.002210	-0.000568	10.512544	0.000568	1.002210	0.184430	
308	1.002242	-0.000276	10.586562	0.000276	1.002242	0.164965	
309	1.002367	-0.000338	10.165519	0.000338	1.002367	-0.067573	
310	1.002593	-0.000123	9.516602	0.000123	1.002593	0.077771	
311	1.002012	-0.000144	9.123114	0.000144	1.002012	0.108519	
312	1.001966	-0.000086	8.450679	0.000086	1.001966	0.015112	
313	1.002740	-0.000316	7.141182	0.000316	1.002740	-0.114213	
314	1.000541	-0.000361	8.368428	0.000361	1.000541	0.129366	
315	0.999931	-0.000179	8.411253	0.000179	0.999931	0.394575	
316	0.999747	-0.000796	7.847666	0.000796	0.999747	0.042000	
317	1.002902	-0.000497	4.860518	0.000497	1.002902	-0.034802	
318	0.997895	-0.000215	7.709700	0.000215	0.997895	0.597124	
319	0.998136	-0.000024	7.377882	0.000024	0.998136	0.638596	
320	0.999052	0.000056	6.816231	-0.000056	0.999052	0.681310	
321	0.997602	0.000301	7.199801	-0.000301	0.997602	1.048758	
322	1.001727	0.000129	4.668389	-0.000129	1.001727	0.595555	
323	1.001739	-0.000076	4.053878	0.000076	1.001739	0.436072	
324	1.001469	-0.000215	4.072628	0.000215	1.001469	0.457819	
325	1.002135	-0.000302	3.822554	0.000302	1.002135	0.323224	
326	1.000554	-0.000213	4.286552	0.000213	1.000554	0.460094	
327	0.999952	-0.000076	4.441664	0.000076	0.999952	0.597808	
328	1.000285	-0.000107	3.704107	0.000107	1.000285	0.629370	
329	1.000189	-0.000102	3.710776	0.000102	1.000189	0.543729	
330	1.000172	-0.000146	3.514454	0.000146	1.000172	0.487081	
331	1.000097	-0.000168	3.462297	0.000168	1.000097	0.449647	
332	1.000798	-0.000568	2.515929	0.000568	1.000798	0.176436	
333	0.999878	-0.000426	3.533783	0.000426	0.999878	0.518997	
334	0.999769	-0.000413	3.540907	0.000413	0.999769	0.691782	
335	0.999842	-0.000497	3.461281	0.000497	0.999842	0.755838	
336	0.999825	-0.000534	3.266734	0.000534	0.999825	0.721853	
337	0.999793	-0.000459	2.983824	0.000459	0.999793	0.792370	
338	0.999780	-0.000339	2.848404	0.000339	0.999780	0.831885	
339	0.999680	-0.000409	2.687516	0.000409	0.999680	0.837535	
340	0.999712	-0.000308	2.481879	0.000308	0.999712	0.821571	
341	0.999746	-0.000278	2.313949	0.000278	0.999746	0.805429	
342	0.999804	-0.000382	2.133066	0.000382	0.999804	0.750412	
343	1.000175	-0.000405	1.458881	0.000405	1.000175	0.620329	
344	1.000332	-0.000465	0.862273	0.000465	1.000332	0.591063	
345	1.000388	-0.000539	0.408448	0.000539	1.000388	0.538646	
346	1.000412	-0.000552	-0.322645	0.000552	1.000412	0.510161	
347	1.000397	-0.000465	-0.616014	0.000465	1.000397	0.437758	
348	1.000095	-0.000312	-0.578629	0.000312	1.000095	0.369210	
349	0.999887	-0.000244	-0.959628	0.000244	0.999887	0.306153	
350	0.999805	-0.000254	-1.477919	0.000254	0.999805	0.272984	
351	0.999728	-0.000374	-1.486403	0.000374	0.999728	0.495595	
352	0.999604	-0.000518	-1.612339	0.000518	0.999604	0.622019	
353	0.999613	-0.000505	-2.090070	0.000505	0.999613	0.699992	
354	0.999514	-0.000492	-2.484760	0.000492	0.999514	0.806370	
355	0.999629	-0.000527	-2.664064	0.000527	0.999629	0.781773	
356	0.999349	-0.000804	-2.725128	0.000804	0.999349	0.766864	
357	0.999979	-0.000556	-3.317142	0.000556	0.999979	0.796534	
358	1.001469	-0.000059	-4.781580	0.000059	1.001469	0.864767	
359	1.000358	-0.000594	-3.791115	0.000594	1.000358	0.415989	
360	1.000426	-0.000329	-3.898294	0.000329	1.000426	0.443679	
361	1.000182	-0.000492	-3.989026	0.000492	1.000182	0.371076	
362	1.000068	-0.000507	-4.258954	0.000507	1.000068	0.324558	
363	1.001800	-0.000302	-6.201075	0.000302	1.001800	0.162161	
364	1.000420	-0.000363	-4.749975	0.000363	1.000420	0.361352	
365	1.000480	-0.000439	-5.035199	0.000439	1.000480	0.506526	
366	1.000871	-0.000283	-6.379247	0.000283	1.000871	0.769160	
367	1.001206	-0.000174	-7.166507	0.000174	1.001206	0.673942	
368	0.997348	-0.000739	-4.878133	0.000739	0.997348	0.694952	
369	0.997137	-0.000732	-4.892024	0.000732	0.997137	0.654999	
370	0.998453	-0.000282	-6.299710	0.000282	0.998453	0.730786	
371	0.998856	0.000102	-7.217884	-0.000102	0.998856	1.056501	
372	0.997630	-0.000008	-6.613631	0.000008	0.997630	1.525815	
373	0.996334	-0.000399	-5.848754	0.000399	0.996334	1.623770	
374	0.994727	-0.001135	-4.127744	0.001135	0.994727	1.274930	
375	0.995134	-0.000854	-4.527559	0.000854	0.995134	1.197950	
376	0.995613	-0.000755	-4.904669	0.000755	0.995613	0.833780	
377	0.993131	-0.001045	-2.583139	0.001045	0.993131	0.675400	
378	0.993267	-0.000545	-2.569900	0.000545	0.993267	0.858809	
379	0.996957	-0.000093	-5.714281	0.000093	0.996957	0.595923	
380	0.995431	-0.000477	-4.005939	0.000477	0.995431	0.255138	
381	0.995852	-0.000302	-4.243153	0.000302	0.995852	-0.078826	
382	0.997811	0.000034	-5.637750	-0.000034	0.997811	-0.582421	
383	0.997912	0.000092	-5.309575	-0.000092	0.997912	-0.780820	
384	0.996980	0.000249	-4.158689	-0.000249	0.996980	-0.661669	
385	0.997822	0.000308	-4.379619	-0.000308	0.997822	-0.831953	
386	0.998031	0.000292	-4.150200	-0.000292	0.998031	-0.706709	
387	0.999624	-0.000330	-4.371519	0.000330	0.999624	-1.034484	
388	0.999746	-0.000495	-4.121559	0.000495	0.999746	-0.972802	
389	0.999808	-0.000428	-3.815452	0.000428	0.999808	-0.729073	
390	1.000251	-0.000384	-3.911587	0.000384	1.000251	-0.616680	
391	1.000110	-0.000493	-3.838937	0.000493	1.000110	-0.404511	
392	0.999821	-0.000347	-3.660577	0.000347	0.999821	-0.225197	
393	0.999712	-0.000265	-3.343304	0.000265	0.999712	-0.174004	
394	0.999887	-0.000183	-2.932258	0.000183	0.999887	-0.037091	
395	0.999845	-0.000474	-2.568199	0.000474	0.999845	-0.028794	
396	0.999915	-0.000302	-2.169358	0.000302	0.999915	0.055779	
397	0.999974	-0.000266	-1.397067	0.000266	0.999974	0.121159	
398	1.000029	-0.000213	-0.445707	0.000213	1.000029	0.236109	
399	1.000156	-0.000243	-0.051729	0.000243	1.000156	0.288010	
400	1.000101	-0.000139	0.177700	0.000139	1.000101	0.283104	
401	0.999990	-0.000176	0.891497	0.000176	0.999990	0.456031	
402	1.000089	-0.000337	1.317023	0.000337	1.000089	0.385966	
403	1.000209	-0.000240	2.076923	0.000240	1.000209	0.461146	
404	1.000799	-0.000250	2.642458	0.000250	1.000799	0.384992	
405	1.001595	-0.000233	2.473609	0.000233	1.001595	-0.102839	
406	1.001016	-0.000166	3.417545	0.000166	1.001016	0.127646	
407	1.003542	-0.000389	2.756613	0.000389	1.003542	-0.255938	
408	1.001603	-0.000253	3.887887	0.000253	1.001603	0.186801	
409	1.003516	-0.000783	3.757153	0.000783	1.003516	-0.307982	
410	1.001246	-0.000958	6.168080	0.000958	1.001246	-0.072808	
411	0.997689	-0.000255	8.263114	0.000255	0.997689	0.961154	
412	1.003709	-0.000679	4.385843	0.000679	1.003709	-0.120261	
413	1.004686	-0.000494	3.928373	0.000494	1.004686	-0.127369	
414	1.000190	-0.000350	8.321373	0.000350	1.000190	0.799645	
415	0.999733	-0.000964	8.936773	0.000964	0.999733	0.521203	
416	1.000009	-0.000808	9.065658	0.000808	1.000009	0.544957	
417	0.999610	-0.000604	9.566890	0.000604	0.999610	0.749137	
418	0.999737	-0.000729	9.494522	0.000729	0.999737	0.687061	
419	0.999652	-0.000933	9.558427	0.000933	0.999652	0.611369	
420	0.999411	-0.001084	9.760563	0.001084	0.999411	0.448558	
421	0.999332	-0.001148	10.167445	0.001148	0.999332	0.334660	
422	0.999453	-0.001645	10.787176	0.001645	0.999453	-0.016874	
423	0.999362	-0.001199	11.399334	0.001199	0.999362	0.427672	
424	0.999060	-0.000642	11.886998	0.000642	0.999060	1.011805	
425	0.999424	-0.000626	11.999914	0.000626	0.999424	1.154460	
426	0.999291	-0.000922	11.981836	0.000922	0.999291	1.195056	
427	0.999660	-0.000566	11.712561	0.000566	0.999660	1.273588	
428	0.999561	-0.000459	11.736273	0.000459	0.999561	1.348568	
429	0.999589	-0.000667	11.767075	0.000667	0.999589	1.164541	
430	0.999592	-0.001116	11.509827	0.001116	0.999592	0.596199	
431	0.999457	-0.001170	10.974685	0.001170	0.999457	0.386277	
432	0.999804	-0.001702	9.945821	0.001702	0.999804	-0.190970	
433	1.000908	-0.001076	9.153301	0.001076	1.000908	-0.214098	
434	1.004460	-0.000449	5.919269	0.000449	1.004460	-0.281570	
435	1.001360	-0.000502	8.475749	0.000502	1.001360	0.029249	
436	1.001249	-0.000645	8.326168	0.000645	1.001249	0.071485	
437	1.003054	-0.000459	6.811482	0.000459	1.003054	-0.058074	
438	1.001532	-0.000751	8.312025	0.000751	1.001532	0.181537	
439	1.001515	-0.000985	8.385480	0.000985	1.001515	-0.008001	
440	1.001716	-0.000886	8.342649	0.000886	1.001716	-0.052196	
441	1.005590	-0.000605	4.805344	0.000605	1.005590	-0.738025	
442	1.001493	-0.000800	8.236671	0.000800	1.001493	-0.019210	
443	1.001281	-0.001269	8.037748	0.001269	1.001281	-0.403384	
444	1.001341	-0.001229	7.990231	0.001229	1.001341	-0.452601	
445	1.001380	-0.001197	7.974106	0.001197	1.001380	-0.328090	
446	1.001358	-0.001307	7.920861	0.001307	1.001358	-0.652918	
447	1.000795	-0.001313	8.245803	0.001313	1.000795	-0.661577	
448	1.001862	-0.000833	7.894367	0.000833	1.001862	-0.652841	
449	1.001935	-0.001052	7.823103	0.001052	1.001935	-0.782788	
450	1.002060	-0.000794	7.746606	0.000794	1.002060	-0.542615	
451	1.000935	-0.001353	8.230315	0.001353	1.000935	-0.620213	
452	1.001979	-0.001146	7.829617	0.001146	1.001979	-0.409274	
453	1.001833	-0.000989	8.189573	0.000989	1.001833	-0.211657	
454	1.001428	-0.001194	8.425289	0.001194	1.001428	-0.265363	
455	1.003659	-0.000521	7.718974	0.000521	1.003659	-0.052258	
456	1.002023	-0.000434	8.642566	0.000434	1.002023	0.228898	
457	1.001647	-0.000928	8.870113	0.000928	1.001647	-0.002956	
458	1.001639	-0.000770	9.191661	0.000770	1.001639	0.061776	
459	1.001983	-0.000868	9.404753	0.000868	1.001983	-0.154629	
460	1.001399	-0.000730	10.211992	0.000730	1.001399	0.090006	
461	1.005948	-0.001111	5.602798	0.001111	1.005948	-0.957034	
462	1.002340	-0.001025	10.196271	0.001025	1.002340	-0.011589	
463	0.999465	-0.000808	12.428862	0.000808	0.999465	0.520658	
464	1.000188	-0.000889	12.298357	0.000889	1.000188	0.397515	
465	1.002236	-0.000865	11.098388	0.000865	1.002236	0.213181	
466	1.001707	-0.001042	10.875130	0.001042	1.001707	0.022063	
467	0.999738	-0.000660	12.614839	0.000660	0.999738	0.273486	
468	1.000084	-0.002290	12.521543	0.002290	1.000084	-1.381906	
469	1.012180	-0.000700	2.616286	0.000700	1.012180	-1.778379	
470	1.007860	-0.002201	7.350225	0.002201	1.007860	-1.745361	
471	1.000016	-0.001052	12.778605	0.001052	1.000016	0.010488	
472	1.004648	-0.001580	9.306143	0.001580	1.004648	-1.041691	
473	0.995988	-0.002836	13.482460	0.002836	0.995988	-0.528088	
474	0.993753	-0.003991	13.637281	0.003991	0.993753	-0.762341	
475	1.003273	-0.001359	9.069863	0.001359	1.003273	-1.092311	
476	1.014240	0.000061	0.292997	-0.000061	1.014240	-2.081752	
477	1.002510	-0.000271	11.293740	0.000271	1.002510	-0.898790	
478	1.004197	-0.000653	10.856775	0.000653	1.004197	-1.006766	
479	1.001914	-0.001406	12.550278	0.001406	1.001914	-0.856124	
480	1.003999	-0.000675	11.939002	0.000675	1.003999	-0.957605	
481	1.001785	-0.000485	13.498278	0.000485	1.001785	-0.665339	
482	1.002960	-0.001945	12.681398	0.001945	1.002960	-1.404558	
483	1.002490	-0.000401	13.227980	0.000401	1.002490	-0.728383	
484	0.999910	-0.001234	13.964859	0.001234	0.999910	-1.451950	
485	1.001734	-0.000370	12.875401	0.000370	1.001734	-0.305071	
486	1.003625	-0.000762	10.401188	0.000762	1.003625	-1.061369	
487	1.001732	-0.000493	11.307755	0.000493	1.001732	-1.466636	
488	1.003861	-0.000436	10.235375	0.000436	1.003861	-1.733078	
489	0.991057	-0.001664	15.781746	0.001664	0.991057	-0.118433	
490	0.999045	-0.002065	12.772627	0.002065	0.999045	-1.244299	
491	1.001727	-0.000516	11.752824	0.000516	1.001727	-0.552830	
492	1.003647	-0.000747	10.197901	0.000747	1.003647	-1.570329	
493	1.003366	-0.000919	10.181482	0.000919	1.003366	-2.134715	
494	1.002308	-0.000286	11.324515	0.000286	1.002308	-1.724219	
495	1.001656	-0.000202	11.832144	0.000202	1.001656	-1.363105	
496	1.013670	0.000342	0.805075	-0.000342	1.013670	-2.184632	
497	1.002390	-0.000767	10.656397	0.000767	1.002390	-1.400850	
498	0.997878	-0.002694	11.714357	0.002694	0.997878	-1.677539	
499	1.001786	-0.000130	9.859842	0.000130	1.001786	-0.959540	
500	1.001568	-0.000104	10.043812	0.000104	1.001568	-0.619964	
501	1.002037	-0.000569	9.702073	0.000569	1.002037	-0.966727	
502	1.002953	-0.000322	8.852890	0.000322	1.002953	-0.802110	
503	1.002513	-0.000026	8.998343	0.000026	1.002513	-0.487439	
504	1.001994	-0.000457	9.266747	0.000457	1.001994	-0.757536	
505	1.002720	-0.000531	8.782601	0.000531	1.002720	-0.996989	
506	1.002801	-0.000408	8.984744	0.000408	1.002801	-1.037121	
507	1.002365	-0.000114	9.759205	0.000114	1.002365	-0.745473	
508	1.002606	-0.000825	9.831260	0.000825	1.002606	-1.329045	
509	1.001843	-0.000222	10.715180	0.000222	1.001843	-0.618476	
510	1.010455	-0.000697	2.893448	0.000697	1.010455	-2.032619	
511	0.997704	-0.002790	12.698197	0.002790	0.997704	-1.584262	
512	1.002059	-0.000671	11.042441	0.000671	1.002059	-0.630881	
513	0.994265	-0.002566	14.393081	0.002566	0.994265	-0.029077	
514	1.001713	-0.000255	11.421425	0.000255	1.001713	0.119771	
515	1.001717	-0.000203	11.302121	0.000203	1.001717	0.055191	
516	1.001226	-0.000619	11.247868	0.000619	1.001226	-0.092576	
517	0.992187	-0.000392	14.700497	0.000392	0.992187	1.230468	
518	1.010514	-0.000421	1.922484	0.000421	1.010514	-1.516968	
519	1.001748	-0.000375	10.030393	0.000375	1.001748	-0.438454	
520	1.001837	-0.000311	9.761785	0.000311	1.001837	-0.520235	
521	1.004172	-0.000356	7.114327	0.000356	1.004172	-0.842361	
522	1.001598	-0.000705	8.595130	0.000705	1.001598	-1.036681	
523	1.001408	-0.000262	8.293094	0.000262	1.001408	-0.954734	
524	1.002965	-0.000457	6.087023	0.000457	1.002965	-1.364414	
525	1.003316	-0.000408	4.586313	0.000408	1.003316	-1.211673	
526	0.998531	-0.000717	8.287546	0.000717	0.998531	-0.304975	
527	0.993561	-0.001481	9.942154	0.001481	0.993561	0.145590	
528	1.003670	0.000144	4.344162	-0.000144	1.003670	-0.357549	
529	0.999373	-0.000277	7.853962	0.000277	0.999373	0.147473	
530	0.999603	-0.000484	7.576482	0.000484	0.999603	0.170378	
531	0.997769	-0.000591	8.255968	0.000591	0.997769	0.711730	
532	0.999065	-0.000787	8.290516	0.000787	0.999065	0.459407	
533	1.002095	-0.000549	5.829055	0.000549	1.002095	0.082964	
534	1.002527	-0.000557	5.293305	0.000557	1.002527	0.093417	
535	0.994643	-0.000996	9.919687	0.000996	0.994643	1.037812	
536	0.999538	-0.000652	8.219220	0.000652	0.999538	0.722866	
537	0.997883	-0.001017	8.682070	0.001017	0.997883	0.681460	
538	0.999297	-0.000402	8.532329	0.000402	0.999297	1.006203	
539	0.999713	-0.001009	7.775798	0.001009	0.999713	0.140384	
540	1.003503	-0.000397	4.823519	0.000397	1.003503	-0.347921	
541	1.001655	-0.000574	6.783048	0.000574	1.001655	-0.255454	
542	1.000284	-0.000885	7.114042	0.000885	1.000284	-0.571871	
543	1.000553	-0.000810	6.983627	0.000810	1.000553	-0.543846	
544	1.000290	-0.000922	7.463428	0.000922	1.000290	-0.117856	
545	0.995360	-0.001193	9.470768	0.001193	0.995360	0.837217	
546	0.998883	-0.000851	8.153519	0.000851	0.998883	0.353602	
547	0.996383	-0.000899	7.023440	0.000899	0.996383	0.739796	
548	0.999820	-0.000572	7.082844	0.000572	0.999820	0.402973	
549	0.997626	-0.000376	7.616408	0.000376	0.997626	1.001483	
550	0.995853	-0.000588	7.719397	0.000588	0.995853	0.971255	
551	1.000008	-0.000122	4.286948	0.000122	1.000008	-0.021473	
552	0.999614	-0.000719	2.957744	0.000719	0.999614	-0.904927	
553	0.999743	-0.000671	2.167781	0.000671	0.999743	-1.067389	
554	1.000220	-0.000217	1.779954	0.000217	1.000220	-0.851010	
555	0.999345	-0.000223	1.977577	0.000223	0.999345	-0.598074	
556	0.999377	-0.000204	1.675177	0.000204	0.999377	-0.787999	
557	0.999087	-0.000230	1.231240	0.000230	0.999087	-1.097226	
558	0.999138	-0.000285	0.186157	0.000285	0.999138	-1.633139	
559	0.999305	-0.000230	-0.432583	0.000230	0.999305	-2.119838	
560	0.999370	-0.000130	-0.459501	0.000130	0.999370	-2.153789	
561	0.998792	-0.000229	-0.440517	0.000229	0.998792	-1.914987	
562	0.997813	-0.000621	-0.150687	0.000621	0.997813	-1.317139	
563	0.996961	-0.000410	0.713732	0.000410	0.996961	-0.356223	
564	0.996151	-0.000848	0.759981	0.000848	0.996151	-0.294805	
565	0.997239	-0.000455	0.370688	0.000455	0.997239	-0.332159	
566	0.997379	-0.000344	0.384464	0.000344	0.997379	-0.253803	
567	0.997576	-0.000468	0.503115	0.000468	0.997576	-0.127102	
568	0.997839	-0.000656	0.566640	0.000656	0.997839	0.081657	
569	0.998100	-0.000690	0.792328	0.000690	0.998100	0.410741	
570	0.998946	-0.000539	0.343888	0.000539	0.998946	0.391382	
571	0.998995	-0.000564	0.923896	0.000564	0.998995	0.454484	
572	0.999011	-0.000392	2.149454	0.000392	0.999011	0.858443	
573	0.999076	-0.000295	2.793920	0.000295	0.999076	1.127687	
574	0.998933	-0.000315	3.251315	0.000315	0.998933	1.474354	
575	0.998900	-0.000226	4.031354	0.000226	0.998900	1.634360	
576	0.999013	-0.000147	4.418251	0.000147	0.999013	1.506965	
577	0.998418	0.000000	5.475222	-0.000000	0.998418	1.600899	
578	0.998907	-0.000352	6.534961	0.000352	0.998907	1.189700	
579	0.997340	0.000049	7.686391	-0.000049	0.997340	1.446886	
580	0.998017	-0.000658	7.822941	0.000658	0.998017	0.957577	
581	0.998078	-0.000070	7.946242	0.000070	0.998078	1.192673	
582	0.999834	-0.000949	7.202125	0.000949	0.999834	0.270592	
583	1.000565	-0.000794	6.662038	0.000794	1.000565	-0.006140	
584	1.002600	-0.000174	4.938929	0.000174	1.002600	-0.062680	
585	1.000880	0.000019	4.567570	-0.000019	1.000880	0.184468	
586	1.002298	-0.000066	3.712667	0.000066	1.002298	-0.325069	
587	1.000718	-0.000006	3.624140	0.000006	1.000718	-0.167822	
588	1.001903	0.000023	2.495983	-0.000023	1.001903	-0.430237	
589	1.000792	-0.000325	1.595986	0.000325	1.000792	-0.616337	
590	1.000834	-0.000254	0.217630	0.000254	1.000834	-0.542265	
591	1.001016	0.000018	-0.886237	-0.000018	1.001016	-0.406361	
592	1.001049	-0.000036	-1.501307	0.000036	1.001049	-0.561992	
593	1.001072	-0.000015	-1.395030	0.000015	1.001072	-0.625871	
594	1.001180	-0.000034	-1.819324	0.000034	1.001180	-0.440406	
595	1.000143	-0.000424	-2.250560	0.000424	1.000143	-0.286391	
596	1.001475	-0.000279	-2.528359	0.000279	1.001475	-0.535316	
597	1.001370	-0.000305	-2.204675	0.000305	1.001370	-0.381586	
598	1.001476	-0.000338	-1.434514	0.000338	1.001476	0.084697	
599	1.001579	-0.000476	-1.370736	0.000476	1.001579	0.324940	
600	1.001734	-0.000586	-1.220585	0.000586	1.001734	0.288961	
601	1.001964	-0.000399	-0.872129	0.000399	1.001964	0.338218	
602	1.002054	-0.000460	-0.615397	0.000460	1.002054	0.204469	
603	1.002260	-0.000167	0.083852	0.000167	1.002260	0.313210	
604	1.001715	-0.000432	0.779192	0.000432	1.001715	0.217844	
605	1.001788	-0.000346	1.488786	0.000346	1.001788	0.265636	
606	1.002672	-0.000505	2.058213	0.000505	1.002672	0.066643	
607	1.001625	-0.000155	2.978844	0.000155	1.001625	0.479483	
608	1.001884	-0.000220	3.441179	0.000220	1.001884	0.503621	
609	1.002206	-0.000186	3.649828	0.000186	1.002206	0.499259	
610	1.002323	-0.000103	3.990620	0.000103	1.002323	0.539733	
611	1.002575	-0.000292	4.271515	0.000292	1.002575	0.339226	
612	0.996438	-0.000179	6.716583	0.000179	0.996438	1.557598	
613	0.998756	-0.000617	6.228214	0.000617	0.998756	0.939016	
614	1.001108	-0.000492	6.427833	0.000492	1.001108	0.575936	
615	1.001094	-0.000393	6.979944	0.000393	1.001094	0.575441	
616	1.001560	-0.000688	7.103859	0.000688	1.001560	0.215931	
617	1.000646	-0.000425	7.972811	0.000425	1.000646	0.538165	
618	1.000024	-0.000346	8.360258	0.000346	1.000024	0.582897	
619	0.999774	-0.000159	8.858131	0.000159	0.999774	0.639622	
620	1.000879	-0.000085	8.464344	0.000085	1.000879	0.498115	
621	0.999859	-0.000109	9.309714	0.000109	0.999859	0.681967	
622	1.000338	-0.000481	9.436476	0.000481	1.000338	0.542542	
623	1.000061	-0.000405	10.218147	0.000405	1.000061	0.730589	
624	0.999480	-0.000420	10.836084	0.000420	0.999480	0.822909	
625	0.999545	-0.000505	11.185549	0.000505	0.999545	0.715044	
626	0.999012	-0.000551	11.709340	0.000551	0.999012	0.735770	
627	0.994174	-0.000155	13.006734	0.000155	0.994174	1.562277	
628	0.998927	-0.000386	12.341201	0.000386	0.998927	0.389365	
629	0.999336	-0.000180	12.734549	0.000180	0.999336	0.207992	
630	0.999591	-0.000219	13.647648	0.000219	0.999591	-0.119464	
631	0.998106	-0.001024	14.954279	0.001024	0.998106	-0.562188	
632	0.999293	-0.000162	15.955614	0.000162	0.999293	-0.573453	
633	0.997413	-0.001061	17.428888	0.001061	0.997413	-0.374959	
634	0.999328	-0.000442	16.937092	0.000442	0.999328	-0.396559	
635	0.997778	-0.000896	17.635343	0.000896	0.997778	-0.072167	
636	0.998791	-0.000183	17.189784	0.000183	0.998791	-0.155267	
637	0.998458	-0.000359	16.393699	0.000359	0.998458	-0.752941	
638	0.998603	-0.000563	16.063621	0.000563	0.998603	-0.540923	
639	1.000220	-0.000196	15.862902	0.000196	1.000220	-0.322074	
640	1.000599	-0.000196	15.567562	0.000196	1.000599	-0.530379	
641	1.000396	-0.000382	15.740936	0.000382	1.000396	-0.910912	
642	1.000726	-0.000231	15.480492	0.000231	1.000726	-0.955989	
643	1.001075	-0.000385	14.867792	0.000385	1.001075	-1.333598	
644	1.000091	-0.000412	14.888872	0.000412	1.000091	-1.216760	
645	1.000564	-0.000033	14.327566	0.000033	1.000564	-1.290566	
646	0.993793	-0.000279	15.525360	0.000279	0.993793	0.123543	
647	1.001927	0.000029	13.002060	-0.000029	1.001927	-1.618295	
648	1.001792	-0.000183	12.000455	0.000183	1.001792	-1.511620	
649	1.002071	-0.000510	10.641558	0.000510	1.002071	-1.761292	
650	1.002650	-0.000421	9.658471	0.000421	1.002650	-1.853964	
651	1.002699	-0.000686	8.378680	0.000686	1.002699	-1.883599	
652	1.004266	0.000452	5.364039	-0.000452	1.004266	-1.685285	
653	1.003784	0.000074	3.614658	-0.000074	1.003784	-1.381756	
654	1.003990	0.000126	2.143773	-0.000126	1.003990	-1.347899	
655	1.001238	-0.000602	1.270083	0.000602	1.001238	-1.312919	
656	1.002241	-0.000554	-0.609495	0.000554	1.002241	-1.225842	
657	1.002807	-0.000210	-2.071826	0.000210	1.002807	-1.074889	
658	1.002255	-0.000194	-1.969848	0.000194	1.002255	-1.026533	
659	1.001420	-0.000405	-1.917282	0.000405	1.001420	-0.729064	
660	1.000605	-0.000497	-2.961668	0.000497	1.000605	-0.270954	
661	1.000333	-0.000654	-4.779454	0.000654	1.000333	0.292782	
662	1.000293	-0.000287	-8.453376	0.000287	1.000293	0.900009	
663	1.000308	-0.000379	-11.880250	0.000379	1.000308	0.854573	
664	1.000799	-0.000425	-15.325414	0.000425	1.000799	0.450669	
665	1.000513	-0.000180	-17.331809	0.000180	1.000513	0.379925	
666	1.000408	-0.000221	-18.619333	0.000221	1.000408	0.210911	
667	0.996390	-0.000431	-17.537131	0.000431	0.996390	1.709320	
668	0.996832	-0.000385	-18.889138	0.000385	0.996832	1.928058	
669	0.996465	0.000177	-19.396284	-0.000177	0.996465	2.811181	
670	0.995857	-0.000188	-19.482282	0.000188	0.995857	2.780606	
671	0.996102	-0.000367	-20.923921	0.000367	0.996102	2.229419	
672	0.995745	-0.000123	-22.215069	0.000123	0.995745	2.421805	
673	0.995483	0.000010	-23.264142	-0.000010	0.995483	2.819375	
674	0.995878	-0.000307	-24.381523	0.000307	0.995878	2.251623	
675	0.996079	-0.000140	-25.114415	0.000140	0.996079	2.085307	
676	0.995629	-0.000000	-25.373096	0.000000	0.995629	2.405264	
677	0.995693	0.000047	-25.967073	-0.000047	0.995693	2.364938	
678	0.996524	0.000072	-26.475544	-0.000072	0.996524	1.878389	
679	0.996273	0.000101	-25.808523	-0.000101	0.996273	2.154239	
680	0.996481	0.000321	-25.684053	-0.000321	0.996481	2.316761	
681	0.998067	0.000307	-26.034094	-0.000307	0.998067	1.854179	
682	0.997367	0.000231	-25.368699	-0.000231	0.997367	1.921014	
683	0.997612	0.000547	-25.104399	-0.000547	0.997612	2.103595	
684	0.998474	0.000944	-25.326540	-0.000944	0.998474	1.948025	
685	0.996723	0.000489	-25.087261	-0.000489	0.996723	2.105804	
686	0.997341	0.000738	-25.216034	-0.000738	0.997341	2.258717	
687	0.998401	0.000952	-25.146705	-0.000952	0.998401	2.000481	
688	0.996324	0.000661	-24.346046	-0.000661	0.996324	2.245768	
689	0.997029	0.000624	-24.722201	-0.000624	0.997029	2.106595	
690	0.996545	0.000547	-24.349953	-0.000547	0.996545	2.107082	
691	0.996828	0.000706	-24.318650	-0.000706	0.996828	1.988010	
692	0.997165	0.000681	-24.890832	-0.000681	0.997165	1.938682	
693	0.997006	0.000481	-24.861615	-0.000481	0.997006	2.150851	
694	0.996699	0.000383	-25.071700	-0.000383	0.996699	2.217001	
695	0.996886	0.000585	-25.318778	-0.000585	0.996886	2.111765	
696	0.998632	0.000535	-26.244295	-0.000535	0.998632	1.489193	
697	0.997367	0.000591	-26.023871	-0.000591	0.997367	1.768928	
698	0.997127	0.000496	-26.089713	-0.000496	0.997127	1.643372	
699	0.997188	0.000672	-26.055326	-0.000672	0.997188	1.593074	
700	0.997009	0.000312	-25.754469	-0.000312	0.997009	1.299929	
701	0.997333	0.000692	-25.393639	-0.000692	0.997333	1.366650	
702	0.997921	0.000313	-25.242469	-0.000313	0.997921	0.902863	
703	0.996812	0.000597	-23.614462	-0.000597	0.996812	1.329362	
704	0.997246	0.000566	-23.200563	-0.000566	0.997246	1.462477	
705	0.996574	0.000647	-21.367795	-0.000647	0.996574	1.502236	
706	0.997682	0.000573	-21.061840	-0.000573	0.997682	1.201824	
707	0.997263	0.000868	-19.380521	-0.000868	0.997263	1.165204	
708	0.997217	0.000857	-18.391686	-0.000857	0.997217	0.961367	
709	0.996821	0.000711	-17.523906	-0.000711	0.996821	1.045038	
710	0.996534	0.000741	-16.601486	-0.000741	0.996534	0.947262	
711	0.997282	0.000636	-16.507277	-0.000636	0.997282	0.604170	
712	0.997848	0.000633	-16.266089	-0.000633	0.997848	-0.090501	
713	0.998670	0.000942	-16.352681	-0.000942	0.998670	-0.249145	
714	0.999024	0.000724	-16.297260	-0.000724	0.999024	-0.228703	
715	1.000312	0.000556	-17.084957	-0.000556	1.000312	-0.638508	
716	0.999725	0.000428	-16.677016	-0.000428	0.999725	-0.807719	
717	0.999148	0.000826	-16.148228	-0.000826	0.999148	-0.394349	
718	0.998502	0.000752	-15.632943	-0.000752	0.998502	-0.280798	
719	0.999586	0.000674	-16.473206	-0.000674	0.999586	-0.535449	
720	0.999157	0.001728	-15.896823	-0.001728	0.999157	0.036546	
721	0.999068	0.001059	-16.238525	-0.001059	0.999068	-0.181471	
722	0.999076	0.001370	-16.134350	-0.001370	0.999076	0.090127	
723	0.999936	0.000925	-16.875787	-0.000925	0.999936	-0.679678	
724	1.000966	0.000691	-17.245015	-0.000691	1.000966	-1.082328	
725	0.998999	0.000466	-16.219747	-0.000466	0.998999	-0.875016	
726	0.998733	0.000225	-15.777917	-0.000225	0.998733	-1.235338	
727	0.999221	0.000445	-15.730600	-0.000445	0.999221	-1.271340	
728	1.000028	0.000729	-15.410025	-0.000729	1.000028	-1.199637	
729	1.000805	0.000956	-15.668617	-0.000956	1.000805	-1.173551	
730	0.999743	0.000361	-14.942677	-0.000361	0.999743	-1.530823	
731	1.000176	0.000267	-14.950084	-0.000267	1.000176	-1.980128	
732	0.999374	0.000774	-13.996374	-0.000774	0.999374	-1.539494	
733	0.999364	0.000462	-13.948408	-0.000462	0.999364	-1.775088	
734	1.000049	0.000266	-14.212291	-0.000266	1.000049	-1.979596	
735	0.999979	0.000098	-13.672556	-0.000098	0.999979	-1.942104	
736	1.001188	0.000501	-13.637070	-0.000501	1.001188	-1.794595	
737	1.001038	0.000449	-12.946329	-0.000449	1.001038	-1.672281	
738	1.000731	0.000353	-12.539075	-0.000353	1.000731	-1.564364	
739	0.999103	0.000933	-11.089051	-0.000933	0.999103	-0.737620	
740	0.999479	0.000503	-11.367020	-0.000503	0.999479	-1.138188	
741	1.000783	0.000161	-12.030292	-0.000161	1.000783	-1.320126	
742	1.001013	0.000181	-11.624626	-0.000181	1.001013	-1.343131	
743	0.999215	0.000181	-10.515990	-0.000181	0.999215	-1.106234	
744	0.999917	0.000121	-11.453224	-0.000121	0.999917	-1.157826	
745	1.000276	0.000038	-11.718175	-0.000038	1.000276	-1.222873	
746	1.000224	-0.000001	-11.723678	0.000001	1.000224	-1.067214	
747	1.000314	0.000119	-12.235996	-0.000119	1.000314	-0.925749	
