0	1.000000	0.000000	0.000000	0.000000	1.000000	0.000000	
1	0.998778	-0.001304	17.121029	0.001304	0.998778	-0.239860	
2	0.998571	-0.001430	17.580717	0.001430	0.998571	-0.215789	
3	0.998806	-0.001444	17.018183	0.001444	0.998806	-0.432819	
4	0.998603	-0.002655	33.345353	0.002655	0.998603	-0.740024	
5	0.999058	-0.001313	16.431816	0.001313	0.999058	-0.208332	
6	0.998740	-0.001426	16.020055	0.001426	0.998740	-0.347372	
7	0.998684	-0.001956	15.901580	0.001956	0.998684	-0.667591	
8	0.999090	-0.001598	15.618128	0.001598	0.999090	-0.554750	
9	0.999139	-0.002758	30.958414	0.002758	0.999139	-1.312416	
10	0.998997	-0.001858	15.491451	0.001858	0.998997	-0.686008	
11	0.999304	-0.001418	14.589202	0.001418	0.999304	-0.618313	
12	0.999465	-0.001544	14.477837	0.001544	0.999465	-0.646260	
13	0.996365	-0.001255	14.687850	0.001255	0.996365	0.427246	
14	0.998925	-0.002314	27.919562	0.002314	0.998925	-0.761680	
15	0.994273	-0.000902	14.725290	0.000902	0.994273	1.465359	
16	0.997267	-0.001331	13.554640	0.001331	0.997267	0.318006	
17	0.998723	-0.000950	13.358447	0.000950	0.998723	0.055019	
18	1.000067	-0.000801	11.735405	0.000801	1.000067	-0.336638	
19	0.998679	-0.001463	25.935584	0.001463	0.998679	-0.243095	
20	0.999074	-0.000967	12.316529	0.000967	0.999074	-0.059258	
21	1.000404	-0.001027	11.465351	0.001027	1.000404	-0.512879	
22	0.999226	-0.001054	12.627296	0.001054	0.999226	-0.029414	
23	0.999304	-0.000679	11.781455	0.000679	0.999304	0.145422	
24	0.998484	-0.001652	25.536082	0.001652	0.998484	0.000354	
25	1.000867	-0.000339	10.881059	0.000339	1.000867	-0.021767	
26	0.999084	-0.000039	10.648017	0.000039	0.999084	0.623343	
27	0.999994	-0.000810	11.790347	0.000810	0.999994	-0.077354	
28	0.999763	-0.000661	11.260140	0.000661	0.999763	0.046990	
29	0.998175	-0.002318	24.446984	0.002318	0.998175	-0.150334	
30	1.000498	-0.001124	10.887584	0.001124	1.000498	-0.468984	
31	0.997322	-0.002054	11.465198	0.002054	0.997322	-0.100530	
32	0.999717	-0.000437	10.810250	0.000437	0.999717	0.187455	
33	0.998170	-0.000568	11.119209	0.000568	0.998170	0.681485	
34	1.001630	-0.002485	20.088731	0.002485	1.001630	-1.342544	
35	1.000732	0.000287	-0.187303	-0.000287	1.000732	0.358632	
36	1.001846	-0.000692	9.076854	0.000692	1.001846	-0.473210	
37	1.001939	-0.000753	8.844480	0.000753	1.001939	-0.548253	
38	0.992241	-0.002581	10.384956	0.002581	0.992241	1.822235	
39	1.003250	-0.002392	18.135613	0.002392	1.003250	-1.296436	
40	1.002064	-0.001157	7.996196	0.001157	1.002064	-0.764640	
41	1.001526	-0.000927	7.502315	0.000927	1.001526	-0.332762	
42	0.995305	-0.001162	8.513417	0.001162	0.995305	1.457894	
43	1.002764	-0.000891	6.373717	0.000891	1.002764	-0.752187	
44	1.003411	-0.001605	14.883565	0.001605	1.003411	-0.913282	
45	0.994145	-0.001940	7.908445	0.001940	0.994145	1.653326	
46	1.002505	-0.000955	5.903518	0.000955	1.002505	-0.722668	
47	0.995766	-0.001234	7.243095	0.001234	0.995766	1.178124	
48	1.001860	-0.001280	6.126199	0.001280	1.001860	-0.859893	
49	1.000345	-0.001369	15.235599	0.001369	1.000345	0.057598	
50	0.999290	-0.000733	7.758977	0.000733	0.999290	0.277834	
51	0.998289	-0.000930	7.802689	0.000930	0.998289	0.467389	
52	0.998155	-0.001302	7.714143	0.001302	0.998155	0.245540	
53	0.992739	-0.001359	8.517234	0.001359	0.992739	2.250162	
54	0.999642	-0.001231	13.930485	0.001231	0.999642	-0.129108	
55	0.998299	-0.001063	6.633763	0.001063	0.998299	0.332542	
56	0.999234	-0.001496	5.844526	0.001496	0.999234	-0.218222	
57	0.998521	-0.000891	5.369650	0.000891	0.998521	0.276342	
58	0.998373	-0.000623	4.675474	0.000623	0.998373	0.310261	
59	1.001001	-0.000416	8.264127	0.000416	1.001001	0.093104	
60	0.999253	-0.000870	3.375526	0.000870	0.999253	0.077695	
61	0.998415	-0.000643	3.083772	0.000643	0.998415	0.358115	
62	0.999296	-0.000218	2.485922	0.000218	0.999296	0.242000	
63	0.999840	-0.000426	2.297943	0.000426	0.999840	0.183640	
64	1.001741	-0.001268	3.693710	0.001268	1.001741	-0.540339	
65	0.999868	-0.000408	1.744539	0.000408	0.999868	0.243477	
66	0.999502	-0.000532	1.722954	0.000532	0.999502	0.327599	
67	0.999876	-0.000498	1.410228	0.000498	0.999876	0.152739	
68	1.000477	-0.000762	1.171322	0.000762	1.000477	-0.110802	
69	1.000946	-0.000710	1.708883	0.000710	1.000946	-0.285507	
70	0.999688	-0.000214	0.629343	0.000214	0.999688	0.261239	
71	0.999780	0.000034	0.380853	-0.000034	0.999780	0.318130	
72	0.999596	0.000258	0.054763	-0.000258	0.999596	0.403218	
73	0.999568	0.000255	-0.099257	-0.000255	0.999568	0.451068	
74	1.000537	0.000365	-0.719484	-0.000365	1.000537	0.237952	
75	0.999928	0.000130	-0.287569	-0.000130	0.999928	0.262770	
76	0.999511	0.000295	-0.314330	-0.000295	0.999511	0.518931	
77	0.999919	0.000181	-0.342078	-0.000181	0.999919	0.329373	
78	1.000191	0.000110	-0.399429	-0.000110	1.000191	0.234260	
79	1.000782	0.000312	-0.609674	-0.000312	1.000782	0.272455	
80	0.999733	0.000087	-0.146180	-0.000087	0.999733	0.445580	
81	0.999707	0.000061	-0.107251	-0.000061	0.999707	0.464316	
82	0.999560	0.000108	0.104090	-0.000108	0.999560	0.485982	
83	0.999703	0.000047	0.055586	-0.000047	0.999703	0.414079	
84	0.999016	0.000298	0.075998	-0.000298	0.999016	0.892678	
85	0.999604	0.000027	0.074018	-0.000027	0.999604	0.386330	
86	0.999677	0.000038	0.101797	-0.000038	0.999677	0.358089	
87	0.999556	0.000031	0.130025	-0.000031	0.999556	0.428571	
88	0.999471	-0.000071	0.152724	0.000071	0.999471	0.431613	
89	0.999724	-0.000019	0.194890	0.000019	0.999724	0.432882	
90	0.999250	-0.000179	0.307833	0.000179	0.999250	0.596811	
91	0.999454	-0.000154	0.165949	0.000154	0.999454	0.530051	
92	0.999394	-0.000030	0.215547	0.000030	0.999394	0.655159	
93	0.999431	-0.000078	0.400448	0.000078	0.999431	0.683251	
94	0.999140	-0.000147	1.068453	0.000147	0.999140	1.145593	
95	0.999629	-0.000096	0.587823	0.000096	0.999629	0.574741	
96	0.999419	-0.000031	0.827424	0.000031	0.999419	0.641112	
97	0.999042	0.000015	1.077066	-0.000015	0.999042	0.823405	
98	0.998616	-0.000026	1.484004	0.000026	0.998616	1.006421	
99	0.997549	-0.000298	2.880748	0.000298	0.997549	1.782544	
100	0.997726	-0.000077	2.166527	0.000077	0.997726	1.385846	
101	0.998214	0.000046	1.795257	-0.000046	0.998214	1.329624	
102	0.999381	-0.000033	1.149795	0.000033	0.999381	0.971243	
103	0.999729	-0.000032	0.848706	0.000032	0.999729	0.830096	
104	0.999219	-0.000309	2.027320	0.000309	0.999219	1.957612	
105	0.999525	-0.000321	1.218887	0.000321	0.999525	1.091951	
106	0.999515	-0.000362	1.340220	0.000362	0.999515	1.334741	
107	0.999242	-0.000339	1.539288	0.000339	0.999242	1.583184	
108	0.999400	-0.000503	1.745203	0.000503	0.999400	1.536334	
109	0.998294	-0.001374	4.380785	0.001374	0.998294	3.983644	
110	0.999929	-0.000674	1.944501	0.000674	0.999929	1.855274	
111	1.001203	-0.000871	1.337875	0.000871	1.001203	1.449893	
112	1.002008	-0.000985	1.357787	0.000985	1.002008	1.243258	
113	1.001761	-0.001097	1.503744	0.001097	1.001761	1.451478	
114	1.009561	-0.000639	-0.246304	0.000639	1.009561	2.766426	
115	1.004253	-0.000750	0.268256	0.000750	1.004253	0.714660	
116	1.005459	-0.000717	-0.310330	0.000717	1.005459	0.301026	
117	1.005932	-0.000742	-0.561556	0.000742	1.005932	0.126537	
118	1.006328	-0.000735	-0.734174	0.000735	1.006328	0.139599	
119	1.014826	-0.000500	-2.791971	0.000500	1.014826	0.899643	
120	1.007744	-0.000977	-1.514945	0.000977	1.007744	-0.809062	
121	1.008392	-0.000767	-1.747835	0.000767	1.008392	-0.703179	
122	1.005825	-0.000623	-1.036886	0.000623	1.005825	-0.293225	
123	1.008090	-0.000577	-2.059550	0.000577	1.008090	-1.029426	
124	1.022196	0.000122	-7.992452	-0.000122	1.022196	-2.977167	
125	1.009446	-0.000371	-3.035780	0.000371	1.009446	-1.958217	
126	1.009577	-0.000472	-3.234321	0.000472	1.009577	-2.247336	
127	1.009731	-0.000371	-3.564666	0.000371	1.009731	-2.377221	
128	1.011353	-0.000475	-4.444611	0.000475	1.011353	-2.970272	
129	1.027392	-0.000394	-12.378269	0.000394	1.027392	-6.734294	
130	1.011527	-0.000418	-5.057593	0.000418	1.011527	-3.592565	
131	1.010685	0.000051	-5.182869	-0.000051	1.010685	-3.332518	
132	1.014106	0.000034	-7.025414	-0.000034	1.014106	-4.477685	
133	1.013835	0.000007	-7.172256	-0.000007	1.013835	-4.322286	
134	1.012728	0.000121	-6.685582	-0.000121	1.012728	-3.936415	
135	1.019587	0.000049	-9.607340	-0.000049	1.019587	-4.884864	
136	1.006633	0.000188	-3.289323	-0.000188	1.006633	-1.712732	
137	1.004465	0.000070	-2.077648	-0.000070	1.004465	-1.109587	
138	1.001675	-0.000073	-0.333920	0.000073	1.001675	-0.261865	
139	1.000743	-0.000197	0.125205	0.000197	1.000743	-0.018280	
140	0.999777	-0.000186	0.707735	0.000186	0.999777	0.469487	
141	0.999845	0.000073	-0.112740	-0.000073	0.999845	0.070637	
142	0.999924	0.000052	-0.115465	-0.000052	0.999924	0.056921	
143	1.000007	0.000022	-0.187136	-0.000022	1.000007	0.054675	
144	1.000044	-0.000009	-0.257656	0.000009	1.000044	-0.054799	
145	1.000242	0.000110	-1.082749	-0.000110	1.000242	-0.865059	
146	0.999897	0.000182	-0.667239	-0.000182	0.999897	-0.501674	
147	0.998949	0.000381	-0.477167	-0.000381	0.998949	-0.235357	
148	0.996474	0.000575	0.705881	-0.000575	0.996474	0.688573	
149	0.993905	0.000579	2.086157	-0.000579	0.993905	1.630985	
150	0.983980	0.000526	5.159514	-0.000526	0.983980	2.928021	
151	0.993935	0.000686	0.869793	-0.000686	0.993935	1.387940	
152	0.994292	0.000670	0.495159	-0.000670	0.994292	1.460201	
153	0.993529	0.000666	0.663612	-0.000666	0.993529	1.857271	
154	0.993041	0.000697	0.920570	-0.000697	0.993041	2.193847	
155	0.985188	0.000996	2.506064	-0.000996	0.985188	5.043277	
156	0.994462	0.000807	0.581545	-0.000807	0.994462	2.329612	
157	0.995622	0.000790	-0.039259	-0.000790	0.995622	1.960878	
158	0.997895	0.000713	-1.036334	-0.000713	0.997895	1.105854	
159	0.999303	0.000589	-1.530598	-0.000589	0.999303	0.548628	
160	1.000005	0.000722	-3.208311	-0.000722	1.000005	0.147910	
161	1.000006	0.000222	-1.283396	-0.000222	1.000006	0.131073	
162	0.999936	0.000156	-0.981401	-0.000156	0.999936	0.019935	
163	1.000012	0.000112	-0.722466	-0.000112	1.000012	-0.050063	
164	0.999867	-0.000062	-0.285500	0.000062	0.999867	-0.096168	
165	0.999628	-0.000287	0.203698	0.000287	0.999628	-0.233100	
166	0.999860	-0.000061	0.031196	0.000061	0.999860	-0.042640	
167	0.999856	0.000001	-0.009477	-0.000001	0.999856	0.041862	
168	0.999866	0.000021	0.011889	-0.000021	0.999866	0.076988	
169	0.999916	0.000035	0.039599	-0.000035	0.999916	-0.075713	
170	0.999868	0.000089	0.240822	-0.000089	0.999868	-0.174489	
171	1.000071	0.000069	-0.007539	-0.000069	1.000071	-0.186225	
172	1.000078	0.000009	0.032195	-0.000009	1.000078	-0.276703	
173	1.000092	-0.000015	0.041498	0.000015	1.000092	-0.263081	
174	1.000182	-0.000085	0.170997	0.000085	1.000182	-0.270708	
175	1.000266	-0.000197	0.262019	0.000197	1.000266	-0.295104	
176	1.000260	-0.000115	0.080677	0.000115	1.000260	-0.073558	
177	1.000343	-0.000124	0.219533	0.000124	1.000343	-0.051730	
178	1.000497	-0.000129	0.157215	0.000129	1.000497	-0.063119	
179	1.000480	-0.000200	-0.044782	0.000200	1.000480	-0.207701	
180	1.000634	-0.000016	-0.090244	0.000016	1.000634	-0.522835	
181	1.000843	-0.000182	-0.192571	0.000182	1.000843	-0.806461	
182	1.001146	0.000131	-0.645703	-0.000131	1.001146	-1.054397	
183	1.001313	0.000335	-0.985275	-0.000335	1.001313	-1.320831	
184	1.001560	0.000533	-1.387098	-0.000533	1.001560	-1.636703	
185	1.001754	0.000952	-4.154502	-0.000952	1.001754	-3.593324	
186	1.001469	0.000908	-3.084534	-0.000908	1.001469	-2.088036	
187	1.001332	0.001198	-3.493136	-0.001198	1.001332	-2.037924	
188	1.001009	0.001095	-3.873940	-0.001095	1.001009	-1.963052	
189	1.001387	0.001381	-4.904966	-0.001381	1.001387	-2.122446	
190	0.998228	0.000555	-10.571763	-0.000555	0.998228	-5.299269	
191	0.995039	0.001321	-3.046723	-0.001321	0.995039	-0.351331	
192	0.994314	0.000540	-3.255507	-0.000540	0.994314	-1.026377	
193	0.994761	0.000396	-4.074382	-0.000396	0.994761	-1.102380	
194	0.993825	0.000433	-4.096847	-0.000433	0.993825	-0.999796	
195	0.988238	0.000869	-10.094730	-0.000869	0.988238	-2.194222	
196	0.996531	0.000899	-6.253164	-0.000899	0.996531	-1.362790	
197	0.995822	0.001154	-5.497863	-0.001154	0.995822	-1.105379	
198	0.993230	0.000962	-4.678998	-0.000962	0.993230	-0.117747	
199	0.994017	0.000999	-4.936171	-0.000999	0.994017	-0.367024	
200	0.985207	0.001137	-9.664402	-0.001137	0.985207	-0.558026	
201	0.998513	0.001684	-7.640314	-0.001684	0.998513	-1.400269	
202	1.002786	0.001853	-10.017136	-0.001853	1.002786	-2.518746	
203	0.998071	0.000876	-8.468657	-0.000876	0.998071	-1.497120	
204	0.995221	0.000733	-6.791254	-0.000733	0.995221	-0.460681	
205	0.989742	0.001218	-15.299249	-0.001218	0.989742	-1.342362	
206	0.998831	0.000289	-9.442353	-0.000289	0.998831	-1.627333	
207	0.999786	0.000567	-9.882164	-0.000567	0.999786	-1.888101	
208	1.001129	0.000388	-10.341506	-0.000388	1.001129	-2.234392	
209	0.998668	0.000886	-9.859004	-0.000886	0.998668	-1.161419	
210	0.997115	0.003005	-20.341620	-0.003005	0.997115	-1.368460	
211	0.996480	0.000601	-8.900284	-0.000601	0.996480	-0.474691	
212	0.996822	0.000585	-9.210754	-0.000585	0.996822	-0.563415	
213	0.997715	0.000598	-9.431348	-0.000598	0.997715	-0.696829	
214	1.000026	0.000517	-10.359556	-0.000517	1.000026	-1.447896	
215	0.994641	0.002500	-20.559601	-0.002500	0.994641	-0.933523	
216	0.999994	0.000647	-11.137582	-0.000647	0.999994	-1.226376	
217	0.998843	0.000735	-11.241488	-0.000735	0.998843	-0.939899	
218	1.000118	0.000816	-12.048339	-0.000816	1.000118	-1.091094	
219	0.999780	0.000928	-12.217934	-0.000928	0.999780	-0.940082	
220	0.997097	0.002114	-24.446550	-0.002114	0.997097	-1.169522	
221	1.004928	0.000307	-11.988683	-0.000307	1.004928	-2.600013	
222	0.999354	0.001199	-12.142372	-0.001199	0.999354	-0.371732	
223	0.995961	0.001122	-10.969289	-0.001122	0.995961	0.831399	
224	0.996027	0.000986	-10.712347	-0.000986	0.996027	0.839125	
225	0.996990	0.001800	-25.466849	-0.001800	0.996990	-0.154425	
226	0.998059	0.001028	-11.415306	-0.001028	0.998059	0.053012	
227	0.998344	0.001253	-12.428843	-0.001253	0.998344	0.225127	
228	0.997752	0.001383	-11.824139	-0.001383	0.997752	0.595333	
229	0.999058	0.001484	-12.812425	-0.001484	0.999058	0.132278	
230	0.997768	0.002292	-26.467792	-0.002292	0.997768	0.431544	
231	0.998702	0.001311	-12.021564	-0.001311	0.998702	0.469709	
232	1.000038	0.000789	-12.307453	-0.000789	1.000038	-0.298979	
233	1.000271	0.001452	-13.815271	-0.001452	1.000271	0.046722	
234	1.000332	0.001297	-13.891059	-0.001297	1.000332	-0.006716	
235	0.996429	0.002444	-25.969612	-0.002444	0.996429	1.554239	
236	0.997811	0.001111	-12.610204	-0.001111	0.997811	0.955774	
237	0.998206	0.001220	-12.855785	-0.001220	0.998206	0.839020	
238	1.002519	0.000640	-13.724315	-0.000640	1.002519	-0.792820	
239	0.998442	0.001253	-13.299398	-0.001253	0.998442	0.800987	
240	0.995886	0.002531	-26.671204	-0.002531	0.995886	2.184717	
241	0.996445	0.001194	-11.949099	-0.001194	0.996445	1.720564	
242	1.002005	0.000226	-12.881512	-0.000226	1.002005	-0.640101	
243	0.995717	0.001048	-11.380379	-0.001048	0.995717	1.986603	
244	0.999474	0.001619	-13.998673	-0.001619	0.999474	0.804423	
245	1.000010	0.002727	-29.994570	-0.002727	1.000010	0.883986	
246	1.001378	0.001207	-15.081312	-0.001207	1.001378	-0.023950	
247	1.000215	0.001537	-15.015968	-0.001537	1.000215	0.626405	
248	0.999767	0.001826	-15.297240	-0.001826	0.999767	1.042534	
249	1.000306	0.001474	-14.904013	-0.001474	1.000306	0.663940	
250	0.996235	0.003109	-29.444751	-0.003109	0.996235	3.335264	
251	0.998913	0.001672	-14.348496	-0.001672	0.998913	1.520247	
252	0.997981	0.001501	-14.052084	-0.001501	0.997981	1.897827	
253	0.998899	0.001724	-14.940887	-0.001724	0.998899	1.668092	
254	0.999290	0.001787	-14.947598	-0.001787	0.999290	1.620640	
255	0.998684	0.003058	-30.716768	-0.003058	0.998684	2.634147	
256	0.999687	0.001635	-14.619296	-0.001635	0.999687	1.367614	
257	1.000038	0.001582	-14.407885	-0.001582	1.000038	1.190078	
258	0.999836	0.001984	-14.603174	-0.001984	0.999836	1.455073	
259	0.999480	0.001476	-13.592549	-0.001476	0.999480	1.115165	
260	0.999999	0.003138	-28.274530	-0.003138	0.999999	2.042317	
261	0.999865	0.001449	-13.617314	-0.001449	0.999865	1.014493	
262	0.999721	0.001645	-13.509847	-0.001645	0.999721	1.232946	
263	0.998934	0.001358	-12.527046	-0.001358	0.998934	1.373602	
264	0.999494	0.001405	-13.002721	-0.001405	0.999494	1.196430	
265	0.999750	0.002604	-27.107858	-0.002604	0.999750	1.962633	
266	1.000291	0.001299	-13.254728	-0.001299	1.000291	0.866923	
267	0.999858	0.001514	-13.322962	-0.001514	0.999858	1.234363	
268	1.000062	0.001364	-13.117641	-0.001364	1.000062	1.119243	
269	0.999771	0.001368	-13.156805	-0.001368	0.999771	1.320587	
270	0.999238	0.002587	-26.170356	-0.002587	0.999238	2.590275	
271	0.999433	0.001289	-12.545368	-0.001289	0.999433	1.423649	
272	0.999818	0.001170	-12.291959	-0.001170	0.999818	1.146791	
273	1.000716	0.001042	-12.546798	-0.001042	1.000716	0.761171	
274	1.000229	0.000623	-11.619541	-0.000623	1.000229	0.501209	
275	0.999905	0.002337	-24.437457	-0.002337	0.999905	1.675740	
276	1.000285	0.001045	-11.785566	-0.001045	1.000285	0.620845	
277	1.000943	0.000978	-11.921374	-0.000978	1.000943	0.473032	
278	0.999473	0.000791	-10.816379	-0.000791	0.999473	0.769430	
279	0.999695	0.000923	-10.987349	-0.000923	0.999695	0.866806	
280	0.997708	0.002522	-20.901833	-0.002522	0.997708	2.999247	
281	0.997525	0.000940	-9.021727	-0.000940	0.997525	1.911400	
282	0.996548	0.001038	-7.586809	-0.001038	0.996548	2.282607	
283	0.998498	0.000528	-8.216226	-0.000528	0.998498	1.330597	
284	0.998557	0.000811	-8.608066	-0.000811	0.998557	1.317714	
285	0.996383	0.002678	-17.112891	-0.002678	0.996383	3.803034	
286	1.001804	0.001241	-8.748154	-0.001241	1.001804	0.563730	
287	0.999553	0.000686	-8.134311	-0.000686	0.999553	1.005573	
288	1.004344	0.001009	-8.774781	-0.001009	1.004344	-0.620667	
289	1.000693	0.000423	-8.239745	-0.000423	1.000693	0.448446	
290	0.999623	0.002059	-18.124850	-0.002059	0.999623	2.255746	
291	0.995466	0.000577	-3.314135	-0.000577	0.995466	2.582079	
292	1.003257	0.001090	-9.070404	-0.001090	1.003257	0.290708	
293	1.000413	0.000801	-8.654796	-0.000801	1.000413	1.002232	
294	1.000526	0.001915	-7.694599	-0.001915	1.000526	1.607078	
295	1.000060	0.002130	-17.081621	-0.002130	1.000060	2.348842	
296	0.995153	0.000991	-2.486861	-0.000991	0.995153	2.891450	
297	1.000617	0.002011	-7.307923	-0.002011	1.000617	1.755191	
298	0.999670	0.000387	-6.460455	-0.000387	0.999670	1.077633	
299	1.001518	0.001325	-6.495544	-0.001325	1.001518	1.006630	
300	0.999896	0.000257	-6.300379	-0.000257	0.999896	0.938584	
301	0.998767	0.001248	-12.857732	-0.001248	0.998767	2.474371	
302	0.993944	0.000569	0.431997	-0.000569	0.993944	2.640500	
303	0.997820	0.001168	-3.796021	-0.001168	0.997820	2.040631	
304	0.998754	0.002721	-4.379176	-0.002721	0.998754	2.619129	
305	0.999754	0.001871	-4.925473	-0.001871	0.999754	1.853955	
306	0.998660	0.001013	-11.645880	-0.001013	0.998660	2.386375	
307	0.997220	0.002103	-2.381815	-0.002103	0.997220	3.105810	
308	0.998630	0.002238	-3.714255	-0.002238	0.998630	2.528939	
309	0.998558	0.002201	-3.489574	-0.002201	0.998558	2.529393	
310	0.996961	0.002168	-1.983438	-0.002168	0.996961	3.185421	
311	0.998943	0.000721	-10.467107	-0.000721	0.998943	1.922861	
312	0.998356	0.002219	-3.158091	-0.002219	0.998356	2.639096	
313	0.996930	0.001779	-1.358732	-0.001779	0.996930	2.921478	
314	0.996475	0.001861	-0.593970	-0.001861	0.996475	3.199122	
315	0.997416	0.001725	-1.278051	-0.001725	0.997416	2.686327	
316	0.989290	0.004441	2.263501	-0.004441	0.989290	8.884093	
317	0.998739	0.001572	-2.259558	-0.001572	0.998739	2.068695	
318	0.996353	0.001354	0.007314	-0.001354	0.996353	2.854554	
319	0.998559	0.001382	-1.624180	-0.001382	0.998559	1.963316	
320	0.998635	0.001172	-1.586107	-0.001172	0.998635	1.744457	
321	0.997723	0.002242	-4.720198	-0.002242	0.997723	3.151144	
322	0.998872	0.000948	-1.362656	-0.000948	0.998872	1.430544	
323	0.998876	0.000948	-1.231532	-0.000948	0.998876	1.455032	
324	0.999034	0.001129	-1.282554	-0.001129	0.999034	1.538630	
325	0.998960	0.001194	-1.266452	-0.001194	0.998960	1.612835	
326	1.002150	0.001939	-7.613949	-0.001939	1.002150	1.432882	
327	0.999286	0.001021	-1.275729	-0.001021	0.999286	1.369204	
328	0.999872	0.001003	-1.730183	-0.001003	0.999872	1.015741	
329	1.000219	0.000886	-2.019966	-0.000886	1.000219	0.773687	
330	1.000512	0.000871	-2.347943	-0.000871	1.000512	0.519996	
331	0.997963	0.002139	-1.790871	-0.002139	0.997963	2.786668	
332	1.000519	0.000634	-2.103864	-0.000634	1.000519	0.385907	
333	1.000899	0.000659	-2.120832	-0.000659	1.000899	0.126096	
334	1.001261	0.000726	-2.361222	-0.000726	1.001261	0.081699	
335	1.001025	0.000655	-2.160202	-0.000655	1.001025	0.137777	
336	1.001893	0.001540	-4.409668	-0.001540	1.001893	0.622447	
337	1.000529	0.000825	-1.510059	-0.000825	1.000529	0.616135	
338	1.000171	0.000697	-1.128533	-0.000697	1.000171	0.683681	
339	0.999934	0.000574	-0.790064	-0.000574	0.999934	0.704302	
340	0.999874	0.000452	-0.585648	-0.000452	0.999874	0.617608	
341	0.999086	0.000977	-0.938044	-0.000977	0.999086	1.495927	
342	0.999556	0.000555	-0.473575	-0.000555	0.999556	0.808476	
343	0.999654	0.000430	-0.543140	-0.000430	0.999654	0.682658	
344	0.999937	0.000482	-0.806761	-0.000482	0.999937	0.594871	
345	0.999960	0.000496	-0.936607	-0.000496	0.999960	0.633188	
346	1.000140	0.001154	-2.254188	-0.001154	1.000140	1.205652	
347	1.000040	0.000452	-0.946817	-0.000452	1.000040	0.558025	
348	0.999878	0.000413	-0.823016	-0.000413	0.999878	0.646703	
349	0.999952	0.000434	-0.909406	-0.000434	0.999952	0.574858	
350	0.999959	0.000363	-0.780701	-0.000363	0.999959	0.554704	
351	0.999527	0.000501	-0.936388	-0.000501	0.999527	1.010935	
352	0.999724	0.000203	-0.314188	-0.000203	0.999724	0.512014	
353	0.999481	0.000145	-0.035397	-0.000145	0.999481	0.597473	
354	0.999541	0.000197	0.000219	-0.000197	0.999541	0.621052	
355	0.999661	0.000140	-0.116225	-0.000140	0.999661	0.542306	
356	0.999576	0.000260	-0.189337	-0.000260	0.999576	0.820475	
357	0.999450	0.000104	0.219032	-0.000104	0.999450	0.539819	
358	0.999502	0.000111	0.143571	-0.000111	0.999502	0.513585	
359	0.999491	0.000057	0.147289	-0.000057	0.999491	0.484470	
360	0.999368	0.000163	0.190962	-0.000163	0.999368	0.650657	
361	0.999343	0.000214	-0.322842	-0.000214	0.999343	1.020983	
362	0.999580	0.000069	0.036397	-0.000069	0.999580	0.658185	
363	0.999712	0.000103	-0.071806	-0.000103	0.999712	0.648872	
364	0.999776	-0.000009	0.021477	0.000009	0.999776	0.613758	
365	0.999829	-0.000043	0.133720	0.000043	0.999829	0.576072	
366	1.001595	0.000036	-1.353261	-0.000036	1.001595	0.488365	
367	1.000710	-0.000132	-0.307196	0.000132	1.000710	0.227944	
368	1.001215	-0.000146	-0.650823	0.000146	1.001215	0.002469	
369	1.001341	-0.000178	-0.660207	0.000178	1.001341	-0.046280	
370	1.001406	-0.000171	-0.713667	0.000171	1.001406	0.058337	
371	1.003023	-0.000493	-1.647617	0.000493	1.003023	-0.108907	
372	1.001350	-0.000302	-0.574905	0.000302	1.001350	-0.019648	
373	1.001461	-0.000371	-0.577033	0.000371	1.001461	-0.126175	
374	1.001408	-0.000316	-0.671953	0.000316	1.001408	-0.058475	
375	1.001486	-0.000387	-0.605226	0.000387	1.001486	-0.126342	
376	1.003616	-0.000665	-1.853339	0.000665	1.003616	-0.387444	
377	1.001661	-0.000310	-0.753928	0.000310	1.001661	-0.094850	
378	1.001785	-0.000289	-0.801585	0.000289	1.001785	-0.066224	
379	1.001664	-0.000135	-0.927977	0.000135	1.001664	0.075448	
380	1.001600	-0.000172	-1.043160	0.000172	1.001600	0.138614	
381	1.003092	0.000083	-2.857556	-0.000083	1.003092	0.580779	
382	1.001370	0.000024	-1.382659	-0.000024	1.001370	0.307580	
383	1.001623	0.000083	-1.721139	-0.000083	1.001623	0.225205	
384	1.001205	0.000186	-1.576980	-0.000186	1.001205	0.447334	
385	1.000666	0.000209	-1.251281	-0.000209	1.000666	0.757434	
386	1.000624	0.000215	-1.751181	-0.000215	1.000624	1.546401	
387	1.000335	0.000132	-1.027757	-0.000132	1.000335	0.788556	
388	1.000358	0.000102	-0.907524	-0.000102	1.000358	0.760351	
389	0.999956	-0.000005	-0.537300	0.000005	0.999956	0.837158	
390	0.999619	0.000002	-0.281581	-0.000002	0.999619	0.970353	
391	0.998769	-0.000013	0.264398	0.000013	0.998769	2.034639	
392	0.999272	-0.000185	0.481791	0.000185	0.999272	0.750295	
393	0.999420	-0.000204	0.466211	0.000204	0.999420	0.611903	
394	0.999362	-0.000222	0.516114	0.000222	0.999362	0.534726	
395	0.999467	-0.000154	0.350299	0.000154	0.999467	0.480333	
396	0.999130	-0.000075	0.585460	0.000075	0.999130	0.919910	
397	0.999627	-0.000016	0.184299	0.000016	0.999627	0.319519	
398	0.999632	-0.000051	0.144244	0.000051	0.999632	0.205419	
399	0.999679	-0.000085	0.114836	0.000085	0.999679	0.029080	
400	0.999696	-0.000092	0.060083	0.000092	0.999696	-0.005856	
401	0.999503	0.000045	0.101915	-0.000045	0.999503	0.267776	
402	0.999604	-0.000092	0.098116	0.000092	0.999604	0.025596	
403	0.999551	-0.000008	0.086413	0.000008	0.999551	0.119421	
404	0.999481	-0.000002	0.152497	0.000002	0.999481	0.159421	
405	0.999448	0.000007	0.134303	-0.000007	0.999448	0.194690	
406	0.999264	0.000072	0.116642	-0.000072	0.999264	0.357423	
407	0.999329	0.000223	0.083071	-0.000223	0.999329	0.528674	
408	0.999106	0.000298	0.173194	-0.000298	0.999106	0.700565	
409	0.999215	0.000391	0.018816	-0.000391	0.999215	0.759594	
410	0.999226	0.000360	0.057162	-0.000360	0.999226	0.705195	
411	0.998396	0.000283	0.601240	-0.000283	0.998396	1.103626	
412	1.000029	0.000150	-0.351861	-0.000150	1.000029	0.145727	
413	1.000180	0.000174	-0.445719	-0.000174	1.000180	0.100158	
414	1.000267	0.000086	-0.419047	-0.000086	1.000267	-0.007629	
415	1.000355	0.000094	-0.366621	-0.000094	1.000355	0.051158	
416	0.999917	-0.000694	1.614058	0.000694	0.999917	-0.295886	
417	0.999231	-0.000677	1.940998	0.000677	0.999231	-0.130557	
418	0.998724	-0.000879	2.884086	0.000879	0.998724	-0.253994	
419	0.998194	-0.001315	4.367788	0.001315	0.998194	-0.439881	
420	0.998250	-0.001824	5.368803	0.001824	0.998250	-0.906647	
421	0.993510	-0.000845	18.618466	0.000845	0.993510	0.667079	
422	0.996880	-0.000781	11.069009	0.000781	0.996880	0.045241	
423	0.997826	-0.000668	11.854729	0.000668	0.997826	-0.187105	
424	0.998982	-0.000635	12.564200	0.000635	0.998982	-0.527985	
425	0.999825	-0.000888	13.082715	0.000888	0.999825	-1.066727	
426	0.997223	-0.002028	30.275417	0.002028	0.997223	-1.206847	
427	0.996479	-0.001007	17.035381	0.001007	0.996479	0.410714	
428	0.997719	-0.001215	16.370804	0.001215	0.997719	-0.290124	
429	0.999739	-0.000980	15.227013	0.000980	0.999739	-0.747509	
430	1.001832	-0.001554	13.880200	0.001554	1.001832	-1.897225	
431	1.001937	-0.002962	32.437661	0.002962	1.001937	-3.205463	
432	1.001056	-0.002339	17.210014	0.002339	1.001056	-2.013598	
433	1.002344	-0.002057	17.821233	0.002057	1.002344	-2.590375	
434	1.001123	-0.001787	20.569973	0.001787	1.001123	-2.185596	
435	1.001520	-0.001966	21.990764	0.001966	1.001520	-2.550296	
436	1.005020	-0.002091	46.831722	0.002091	1.005020	-4.924818	
437	1.001216	-0.001907	27.282511	0.001907	1.001216	-2.820232	
438	1.001049	-0.002238	28.335407	0.002238	1.001049	-3.177041	
439	1.002369	-0.002721	28.383319	0.002721	1.002369	-4.109897	
440	1.003311	-0.002850	28.020366	0.002850	1.003311	-4.490457	
441	1.005735	-0.004729	57.306527	0.004729	1.005735	-8.012976	
442	1.001826	-0.002374	29.880947	0.002374	1.001826	-3.593148	
443	1.001287	-0.003372	30.883820	0.003372	1.001287	-4.014321	
444	1.001796	-0.002653	29.879754	0.002653	1.001796	-3.703072	
445	1.003658	-0.002816	27.501136	0.002816	1.003658	-4.540471	
446	1.004456	-0.003947	56.001374	0.003947	1.004456	-6.388172	
447	0.999641	-0.002776	29.571152	0.002776	0.999641	-2.603642	
448	1.000808	-0.002461	28.742262	0.002461	1.000808	-2.782943	
449	1.001144	-0.002698	28.149784	0.002698	1.001144	-2.903446	
450	1.001100	-0.002682	27.612798	0.002682	1.001100	-2.675232	
451	1.001823	-0.003651	55.280404	0.003651	1.001823	-3.707620	
452	1.001112	-0.002602	27.353055	0.002602	1.001112	-2.289053	
453	1.000455	-0.002537	27.017777	0.002537	1.000455	-2.051325	
454	1.000260	-0.002692	27.043880	0.002692	1.000260	-1.856322	
455	0.999835	-0.002827	27.304660	0.002827	0.999835	-1.713617	
456	1.004242	-0.004079	49.699156	0.004079	1.004242	-4.009295	
457	0.998308	-0.001537	26.516002	0.001537	0.998308	-0.314249	
458	0.998936	-0.001983	25.822754	0.001983	0.998936	-0.744319	
459	1.000001	-0.002329	24.714957	0.002329	1.000001	-1.356842	
460	0.999591	-0.002033	25.054735	0.002033	0.999591	-0.969658	
461	0.999634	-0.003277	48.061477	0.003277	0.999634	-1.569393	
462	0.999886	-0.002206	23.479174	0.002206	0.999886	-1.184163	
463	0.999184	-0.002326	23.468473	0.002326	0.999184	-0.979974	
464	0.999923	-0.002534	22.364720	0.002534	0.999923	-1.454111	
465	1.000081	-0.002233	21.953439	0.002233	1.000081	-1.232066	
466	1.001043	-0.002177	20.708149	0.002177	1.001043	-1.453371	
467	1.001660	-0.001441	39.945033	0.001441	1.001660	-1.273306	
468	1.002275	-0.002201	18.790123	0.002201	1.002275	-1.834304	
469	1.002382	-0.002139	18.272175	0.002139	1.002382	-1.655266	
470	1.000851	-0.001978	18.579221	0.001978	1.000851	-1.098028	
471	1.002746	-0.001722	17.717528	0.001722	1.002746	-1.573124	
472	1.006778	-0.002831	33.828582	0.002831	1.006778	-3.260649	
473	1.002644	-0.002002	16.678682	0.002002	1.002644	-1.757168	
474	1.002697	-0.001780	16.186174	0.001780	1.002697	-1.424457	
475	1.002587	-0.001783	16.416262	0.001783	1.002587	-1.331399	
476	1.002171	-0.001451	16.371944	0.001451	1.002171	-0.926473	
477	1.005349	-0.002143	30.049536	0.002143	1.005349	-1.975968	
478	1.003714	-0.001341	14.526399	0.001341	1.003714	-1.215572	
479	1.003907	-0.001311	14.195389	0.001311	1.003907	-1.343187	
480	1.004060	-0.001520	13.999420	0.001520	1.004060	-1.372208	
481	1.004039	-0.001501	13.808669	0.001501	1.004039	-1.348550	
482	1.006193	-0.001720	26.647460	0.001720	1.006193	-1.552213	
483	1.004024	-0.001156	12.882315	0.001156	1.004024	-1.058123	
484	1.003964	-0.001056	12.650241	0.001056	1.003964	-0.948836	
485	1.004313	-0.000980	12.087929	0.000980	1.004313	-0.914282	
486	1.004923	-0.000866	11.603472	0.000866	1.004923	-1.066113	
487	1.005756	-0.001973	24.362263	0.001973	1.005756	-0.547596	
488	1.002775	-0.000959	11.736159	0.000959	1.002775	-0.258828	
489	1.002826	-0.000812	11.439322	0.000812	1.002826	-0.258559	
490	1.002163	-0.000691	11.341452	0.000691	1.002163	0.169922	
491	1.001808	-0.000659	11.299464	0.000659	1.001808	0.242626	
492	1.005167	-0.002162	20.134902	0.002162	1.005167	-0.191347	
493	1.003574	-0.000672	9.078795	0.000672	1.003574	-0.279442	
494	1.003161	-0.000690	9.264282	0.000690	1.003161	-0.091001	
495	1.004116	-0.000837	8.645279	0.000837	1.004116	-0.370873	
496	1.003540	-0.000718	8.456924	0.000718	1.003540	-0.303307	
497	1.004071	-0.001843	17.366515	0.001843	1.004071	0.341128	
498	1.001703	-0.000585	8.548372	0.000585	1.001703	0.454348	
499	1.001043	-0.000469	8.649073	0.000469	1.001043	0.837003	
500	1.002178	-0.000608	7.432137	0.000608	1.002178	0.449784	
501	1.003064	-0.000486	6.119234	0.000486	1.003064	0.041363	
502	1.003773	-0.000976	13.125505	0.000976	1.003773	1.200591	
503	1.003578	-0.000399	5.338576	0.000399	1.003578	0.107344	
504	1.004160	-0.000815	4.597453	0.000815	1.004160	-0.430118	
505	1.002563	-0.000440	5.292850	0.000440	1.002563	0.331684	
506	1.001407	-0.001559	4.988231	0.001559	1.001407	-0.264637	
507	1.004708	-0.000771	10.259715	0.000771	1.004708	0.528871	
508	1.002561	-0.001152	4.405018	0.001152	1.002561	-0.306767	
509	1.001617	-0.001178	4.386588	0.001178	1.001617	-0.221378	
510	1.000700	-0.001186	4.541185	0.001186	1.000700	0.168312	
511	1.002811	-0.000855	3.503667	0.000855	1.002811	-0.538706	
512	1.005673	-0.000412	6.930822	0.000412	1.005673	-0.043150	
513	1.002027	-0.001031	3.160541	0.001031	1.002027	-0.492053	
514	1.001968	-0.000931	2.783443	0.000931	1.001968	-0.595792	
515	0.999501	-0.000999	3.621480	0.000999	0.999501	0.302152	
516	0.999313	-0.000860	4.161942	0.000860	0.999313	0.352895	
517	0.999890	-0.000267	7.386432	0.000267	0.999890	0.713776	
518	0.999041	-0.000782	3.195390	0.000782	0.999041	0.184720	
519	0.999257	-0.000661	2.699762	0.000661	0.999257	0.092752	
520	0.999150	-0.000691	2.527487	0.000691	0.999150	0.148468	
521	0.999194	-0.000435	1.993054	0.000435	0.999194	0.241451	
522	0.999476	-0.000842	3.243259	0.000842	0.999476	0.039790	
523	0.999197	-0.000336	1.354692	0.000336	0.999197	0.154509	
524	0.999323	-0.000170	0.999173	0.000170	0.999323	0.157286	
525	0.999452	-0.000279	0.998267	0.000279	0.999452	0.034973	
526	0.999381	-0.000207	0.988771	0.000207	0.999381	0.112226	
527	0.999650	-0.000402	1.268186	0.000402	0.999650	-0.186911	
528	0.999938	-0.000229	0.128742	0.000229	0.999938	-0.110175	
529	0.999769	-0.000071	0.372514	0.000071	0.999769	0.051384	
530	0.999639	-0.000054	0.413315	0.000054	0.999639	0.141163	
531	0.999602	0.000028	0.197202	-0.000028	0.999602	0.180748	
532	0.999440	-0.000178	0.551322	0.000178	0.999440	0.082605	
533	0.999570	-0.000138	0.326659	0.000138	0.999570	0.086840	
534	0.999671	-0.000118	0.105993	0.000118	0.999671	0.056873	
535	0.999652	-0.000074	0.028898	0.000074	0.999652	0.104499	
536	0.999524	0.000014	-0.026313	-0.000014	0.999524	0.183389	
537	0.999738	0.000144	-0.182782	-0.000144	0.999738	0.057971	
538	0.999166	0.000045	-0.145301	-0.000045	0.999166	0.204387	
539	0.999064	-0.000137	0.044639	0.000137	0.999064	0.194076	
540	0.999607	-0.000024	-0.193571	0.000024	0.999607	0.122458	
541	0.999302	-0.000024	-0.087363	0.000024	0.999302	0.200825	
542	0.999071	-0.000361	0.229874	0.000361	0.999071	0.089089	
543	0.999304	-0.000311	0.040604	0.000311	0.999304	-0.082518	
544	0.999045	-0.000331	0.136640	0.000331	0.999045	0.034303	
545	0.999282	-0.000195	0.054344	0.000195	0.999282	0.092423	
546	0.998522	-0.000339	0.395624	0.000339	0.998522	0.345700	
547	0.999595	-0.000117	-0.112144	0.000117	0.999595	0.040417	
548	0.999492	-0.000120	0.002478	0.000120	0.999492	-0.021870	
549	0.999574	-0.000139	0.042571	0.000139	0.999574	-0.089391	
550	0.999503	-0.000074	-0.034594	0.000074	0.999503	-0.009879	
551	0.999740	-0.000073	-0.181149	0.000073	0.999740	-0.169069	
552	0.999980	0.000104	-0.316026	-0.000104	0.999980	-0.352184	
553	0.999800	0.000017	-0.237714	-0.000017	0.999800	-0.137549	
554	0.999759	-0.000104	-0.173871	0.000104	0.999759	-0.232166	
555	0.999769	-0.000105	-0.122684	0.000105	0.999769	-0.261605	
556	0.999764	-0.000179	-0.066656	0.000179	0.999764	-0.264106	
557	0.999398	-0.000310	-0.064683	0.000310	0.999398	-0.496977	
558	0.999501	-0.000130	-0.030095	0.000130	0.999501	-0.132949	
559	0.999587	-0.000212	-0.087787	0.000212	0.999587	-0.234372	
560	0.999431	-0.000043	-0.138045	0.000043	0.999431	-0.073276	
561	0.999441	-0.000056	-0.064096	0.000056	0.999441	-0.066761	
562	0.999825	-0.000029	-0.164618	0.000029	0.999825	-0.342003	
563	0.999421	-0.000050	-0.089603	0.000050	0.999421	-0.023391	
564	0.999446	-0.000012	-0.155904	0.000012	0.999446	-0.050585	
565	0.999548	-0.000024	-0.199752	0.000024	0.999548	-0.092612	
566	0.999539	0.000089	-0.209940	-0.000089	0.999539	0.069392	
567	0.999233	0.000164	-0.343305	-0.000164	0.999233	-0.077509	
568	0.999496	0.000103	-0.358876	-0.000103	0.999496	0.039386	
569	0.999544	0.000048	-0.374525	-0.000048	0.999544	0.051142	
570	0.999644	0.000109	-0.361068	-0.000109	0.999644	0.010043	
571	0.999673	0.000123	-0.319697	-0.000123	0.999673	0.005818	
572	0.999395	0.000116	-0.469666	-0.000116	0.999395	-0.032311	
573	0.999649	-0.000002	-0.264999	0.000002	0.999649	-0.099523	
574	0.999528	0.000051	-0.275013	-0.000051	0.999528	0.038536	
575	0.999664	0.000171	-0.353815	-0.000171	0.999664	0.041571	
