0	1.000000	0.000000	0.000000	0.000000	1.000000	0.000000	
1	1.000626	-0.000136	1.167552	0.000136	1.000626	-0.233520	
2	1.000673	-0.000196	1.005698	0.000196	1.000673	-0.137027	
3	1.000645	-0.000199	0.964561	0.000199	1.000645	-0.114413	
4	1.000623	-0.000095	0.919760	0.000095	1.000623	-0.062510	
5	1.000642	-0.000223	0.858288	0.000223	1.000642	-0.202134	
6	1.000602	-0.000239	0.864337	0.000239	1.000602	-0.182977	
7	1.000593	-0.000251	0.816341	0.000251	1.000593	-0.138622	
8	1.000538	-0.000268	0.884246	0.000268	1.000538	-0.123259	
9	1.000583	-0.000282	0.968589	0.000282	1.000583	-0.174087	
10	1.000564	-0.000185	1.109222	0.000185	1.000564	-0.166509	
11	1.000577	-0.000153	1.215339	0.000153	1.000577	-0.116725	
12	1.000614	-0.000162	1.265565	0.000162	1.000614	-0.107934	
13	1.000583	-0.000123	1.267249	0.000123	1.000583	-0.090158	
14	1.000589	-0.000132	1.319290	0.000132	1.000589	-0.118180	
15	1.000712	-0.000138	1.355713	0.000138	1.000712	-0.129509	
16	1.000687	-0.000150	1.372375	0.000150	1.000687	-0.161498	
17	1.000764	-0.000099	1.335005	0.000099	1.000764	-0.213703	
18	1.000847	-0.000143	1.414413	0.000143	1.000847	-0.122683	
19	1.000912	-0.000180	1.421802	0.000180	1.000912	-0.129266	
20	1.000909	-0.000082	1.528565	0.000082	1.000909	-0.097800	
21	1.000891	-0.000115	1.537196	0.000115	1.000891	-0.130237	
22	1.000847	-0.000078	1.808629	0.000078	1.000847	-0.106769	
23	1.000875	-0.000055	1.871587	0.000055	1.000875	-0.096454	
24	1.000921	-0.000068	1.965493	0.000068	1.000921	-0.067945	
25	1.001002	-0.000110	2.138649	0.000110	1.001002	-0.100851	
26	1.001046	-0.000107	2.246575	0.000107	1.001046	-0.142687	
27	1.001055	-0.000123	2.301114	0.000123	1.001055	-0.152957	
28	1.001025	-0.000105	2.415391	0.000105	1.001025	-0.092885	
29	1.000985	-0.000129	2.477750	0.000129	1.000985	-0.151692	
30	1.001024	-0.000112	2.651751	0.000112	1.001024	-0.185423	
31	1.001096	-0.000054	2.778287	0.000054	1.001096	-0.160420	
32	1.001199	-0.000049	2.942905	0.000049	1.001199	-0.210888	
33	1.001387	-0.000006	3.100598	0.000006	1.001387	-0.154196	
34	1.001485	0.000033	3.276228	-0.000033	1.001485	-0.048787	
35	1.001552	0.000053	3.502339	-0.000053	1.001552	-0.068515	
36	1.002411	-0.000011	3.193043	0.000011	1.002411	-0.154940	
37	1.001912	0.000052	4.099586	-0.000052	1.001912	-0.055285	
38	1.000856	-0.000164	5.812186	0.000164	1.000856	-0.107024	
39	1.000131	-0.000245	6.961556	0.000245	1.000131	-0.242780	
40	1.001311	-0.000106	6.680823	0.000106	1.001311	-0.063461	
41	1.000129	-0.000231	8.458935	0.000231	1.000129	-0.035226	
42	1.000243	-0.000205	8.978222	0.000205	1.000243	-0.067991	
43	1.000155	-0.000223	9.716951	0.000223	1.000155	-0.056872	
44	1.000271	-0.000239	10.444141	0.000239	1.000271	-0.009522	
45	1.000260	-0.000247	11.136885	0.000247	1.000260	0.015233	
46	1.000503	-0.000369	11.490091	0.000369	1.000503	-0.067905	
47	1.000322	-0.000341	12.335014	0.000341	1.000322	0.040157	
48	1.000412	-0.000334	13.109300	0.000334	1.000412	0.111734	
49	1.000440	-0.000401	13.984352	0.000401	1.000440	0.025446	
50	1.000474	-0.000452	14.309397	0.000452	1.000474	-0.108441	
51	1.000543	-0.000451	14.557343	0.000451	1.000543	-0.126805	
52	1.000424	-0.000462	15.343694	0.000462	1.000424	-0.048002	
53	1.000451	-0.000224	15.958769	0.000224	1.000451	0.059510	
54	1.000388	-0.000449	16.642924	0.000449	1.000388	-0.157161	
55	1.000437	-0.000433	17.103835	0.000433	1.000437	-0.142842	
56	1.000682	-0.000375	17.444810	0.000375	1.000682	-0.028300	
57	1.000703	-0.000546	18.171025	0.000546	1.000703	-0.108062	
58	1.000715	-0.000391	18.659409	0.000391	1.000715	-0.000748	
59	1.001129	-0.000375	18.753289	0.000375	1.001129	0.052438	
60	1.001214	-0.000433	19.254255	0.000433	1.001214	-0.139369	
61	1.000945	-0.000400	19.856030	0.000400	1.000945	-0.218417	
62	1.000738	-0.000660	20.461959	0.000660	1.000738	-0.385906	
63	1.000777	-0.000646	20.520728	0.000646	1.000777	-0.439082	
64	1.000890	-0.000709	20.551612	0.000709	1.000890	-0.373142	
65	1.000762	-0.000808	20.760841	0.000808	1.000762	-0.573858	
66	1.000595	-0.000963	20.733425	0.000963	1.000595	-0.706867	
67	1.000683	-0.000784	20.340348	0.000784	1.000683	-0.366337	
68	1.000593	-0.000909	20.330395	0.000909	1.000593	-0.164216	
69	1.000642	-0.000676	20.305435	0.000676	1.000642	0.064929	
70	1.000418	-0.000471	20.601264	0.000471	1.000418	0.168567	
71	1.000483	-0.000682	20.721553	0.000682	1.000483	0.019625	
72	1.000713	-0.000705	20.443518	0.000705	1.000713	-0.258668	
73	1.000660	-0.000643	20.063525	0.000643	1.000660	-0.204600	
74	1.000819	-0.000805	19.666993	0.000805	1.000819	-0.293832	
75	1.000643	-0.000777	19.715950	0.000777	1.000643	-0.233776	
76	1.000647	-0.000670	19.387221	0.000670	1.000647	-0.148998	
77	1.000709	-0.000650	19.521968	0.000650	1.000709	-0.074591	
78	1.000802	-0.000849	19.322316	0.000849	1.000802	-0.203892	
79	1.001185	-0.000702	18.841987	0.000702	1.001185	0.037672	
80	1.001327	-0.000545	18.673195	0.000545	1.001327	0.035310	
81	1.000966	-0.000604	18.592116	0.000604	1.000966	-0.000843	
82	1.001024	-0.000558	18.330449	0.000558	1.001024	-0.009640	
83	1.000851	-0.000512	18.172640	0.000512	1.000851	0.305287	
84	1.000990	-0.000489	17.853815	0.000489	1.000990	0.284672	
85	1.000853	-0.000662	17.757944	0.000662	1.000853	0.195572	
86	1.000912	-0.000728	17.597529	0.000728	1.000912	0.290816	
87	1.000837	-0.000654	17.512620	0.000654	1.000837	0.402230	
88	1.000722	-0.000609	17.336753	0.000609	1.000722	0.501129	
89	1.000712	-0.000610	17.293879	0.000610	1.000712	0.568150	
90	1.000648	-0.000521	17.378359	0.000521	1.000648	0.511094	
91	1.000612	-0.000452	17.252978	0.000452	1.000612	0.566792	
92	1.000705	-0.000751	17.090262	0.000751	1.000705	0.378479	
93	1.000646	-0.000578	17.021352	0.000578	1.000646	0.530626	
94	1.000551	-0.000664	16.881335	0.000664	1.000551	0.512463	
95	1.000669	-0.000789	16.366179	0.000789	1.000669	0.224119	
96	1.000653	-0.000807	16.031211	0.000807	1.000653	0.311378	
97	1.001024	-0.000740	15.573951	0.000740	1.001024	0.249385	
98	1.000972	-0.000602	15.420404	0.000602	1.000972	0.368319	
99	1.000686	-0.000544	15.389782	0.000544	1.000686	0.398959	
100	1.000535	-0.000469	15.212228	0.000469	1.000535	0.422718	
101	1.000464	-0.000434	14.944865	0.000434	1.000464	0.391895	
102	1.000413	-0.000543	14.671222	0.000543	1.000413	0.358148	
103	1.000400	-0.000585	14.575854	0.000585	1.000400	0.270526	
104	1.000346	-0.000527	14.537714	0.000527	1.000346	0.355947	
105	1.000174	-0.000573	14.441065	0.000573	1.000174	0.142211	
106	1.000432	-0.000503	13.860934	0.000503	1.000432	0.110724	
107	1.000562	-0.000576	13.501413	0.000576	1.000562	0.013371	
108	1.000525	-0.000470	13.352369	0.000470	1.000525	-0.006679	
109	1.000620	-0.000515	13.068072	0.000515	1.000620	0.086271	
110	1.000637	-0.000425	12.825142	0.000425	1.000637	0.013478	
111	1.000898	-0.000496	12.373560	0.000496	1.000898	-0.001332	
112	1.000699	-0.000689	12.534438	0.000689	1.000699	-0.188390	
113	1.000948	-0.000749	12.288214	0.000749	1.000948	-0.356770	
114	1.001015	-0.000706	11.996562	0.000706	1.001015	-0.340150	
115	1.001091	-0.000817	11.852372	0.000817	1.001091	-0.407454	
116	1.001180	-0.000654	11.746968	0.000654	1.001180	-0.261238	
117	1.001185	-0.000575	11.565870	0.000575	1.001185	-0.241917	
118	1.001003	-0.000671	11.252489	0.000671	1.001003	-0.472315	
119	1.001328	-0.000685	10.733491	0.000685	1.001328	-0.594116	
120	1.001012	-0.000780	10.534848	0.000780	1.001012	-0.554743	
121	1.001184	-0.000849	10.183210	0.000849	1.001184	-0.664502	
122	1.001000	-0.000814	10.048953	0.000814	1.001000	-0.601053	
123	1.000963	-0.000767	9.743968	0.000767	1.000963	-0.543489	
124	1.001030	-0.000720	9.285069	0.000720	1.001030	-0.452597	
125	1.000901	-0.000578	9.040807	0.000578	1.000901	-0.321180	
126	1.000923	-0.000651	8.774050	0.000651	1.000923	-0.275176	
127	1.000753	-0.000561	8.724445	0.000561	1.000753	-0.362221	
128	1.000543	-0.000501	8.656040	0.000501	1.000543	-0.397125	
129	1.000696	-0.000436	8.369859	0.000436	1.000696	-0.334746	
130	1.000782	-0.000483	8.099213	0.000483	1.000782	-0.286555	
131	1.004306	0.000314	4.643778	-0.000314	1.004306	-0.266169	
132	1.000705	-0.000339	8.155688	0.000339	1.000705	-0.022658	
133	1.000686	-0.000341	8.398648	0.000341	1.000686	-0.091409	
134	1.000516	-0.000307	8.684420	0.000307	1.000516	0.005420	
135	1.000264	-0.000292	9.152914	0.000292	1.000264	0.079693	
136	1.000333	-0.000493	9.341200	0.000493	1.000333	-0.124150	
137	1.000016	-0.000479	9.716963	0.000479	1.000016	-0.068753	
138	1.000165	-0.000535	9.614656	0.000535	1.000165	0.041013	
139	1.000218	-0.000574	9.751119	0.000574	1.000218	0.005832	
140	1.000219	-0.000529	9.881497	0.000529	1.000219	0.008500	
141	1.000148	-0.000655	10.261683	0.000655	1.000148	-0.052939	
142	1.000034	-0.000469	10.767535	0.000469	1.000034	-0.108434	
143	0.999887	-0.000482	11.274210	0.000482	0.999887	-0.066228	
144	0.999803	-0.000433	11.809017	0.000433	0.999803	0.149610	
145	0.999792	-0.000449	12.139938	0.000449	0.999792	0.162987	
146	1.000147	-0.000428	11.972321	0.000428	1.000147	-0.102411	
147	1.000001	-0.000532	11.999608	0.000532	1.000001	-0.181302	
148	0.999940	-0.000505	12.097911	0.000505	0.999940	-0.212932	
149	1.000200	-0.000699	11.765085	0.000699	1.000200	-0.398564	
150	0.999983	-0.000709	11.592406	0.000709	0.999983	-0.313409	
151	0.999959	-0.000726	11.047239	0.000726	0.999959	-0.480801	
152	1.000103	-0.000794	10.181696	0.000794	1.000103	-0.467938	
153	1.000142	-0.000845	9.567767	0.000845	1.000142	-0.536524	
154	1.000069	-0.000658	8.926476	0.000658	1.000069	-0.399176	
155	1.000075	-0.000470	8.119936	0.000470	1.000075	-0.321492	
156	0.999893	-0.000439	7.074015	0.000439	0.999893	-0.468362	
157	1.001750	-0.000034	3.984865	0.000034	1.001750	-0.329714	
158	1.001344	-0.000024	3.506851	0.000024	1.001344	-0.195742	
159	1.001648	-0.000130	2.887092	0.000130	1.001648	-0.295313	
160	1.001129	-0.000189	3.088830	0.000189	1.001129	-0.377615	
161	1.001222	-0.000147	3.261029	0.000147	1.001222	-0.259438	
162	1.001310	-0.000116	3.217686	0.000116	1.001310	-0.245425	
163	1.001341	-0.000168	3.220605	0.000168	1.001341	-0.282692	
164	1.001533	-0.000032	3.181325	0.000032	1.001533	-0.210138	
165	1.001499	-0.000074	3.078887	0.000074	1.001499	-0.236251	
166	1.001322	-0.000084	2.953935	0.000084	1.001322	-0.175683	
167	1.001175	-0.000054	2.640922	0.000054	1.001175	-0.173268	
168	1.000905	-0.000108	2.309434	0.000108	1.000905	-0.071367	
169	1.000780	-0.000097	2.197624	0.000097	1.000780	-0.133842	
170	1.000847	-0.000028	2.013741	0.000028	1.000847	-0.114026	
171	1.000738	-0.000089	1.958135	0.000089	1.000738	-0.146472	
172	1.000663	-0.000168	1.685518	0.000168	1.000663	-0.086790	
173	1.000490	-0.000205	1.326311	0.000205	1.000490	-0.118808	
174	1.000425	-0.000153	0.951273	0.000153	1.000425	-0.151589	
175	1.000246	-0.000225	0.735093	0.000225	1.000246	-0.170530	
176	1.000209	-0.000291	0.623485	0.000291	1.000209	-0.220983	
177	1.000199	-0.000249	0.543188	0.000249	1.000199	-0.189839	
178	1.000194	-0.000258	0.437454	0.000258	1.000194	-0.187623	
179	1.000150	-0.000282	0.395970	0.000282	1.000150	-0.197586	
180	1.000102	-0.000239	0.293620	0.000239	1.000102	-0.292666	
181	1.000125	-0.000279	0.162709	0.000279	1.000125	-0.304750	
182	1.000279	-0.000138	-0.054090	0.000138	1.000279	-0.338382	
183	1.000654	-0.000145	-0.361374	0.000145	1.000654	-0.237525	
184	1.000997	-0.000113	-0.635748	0.000113	1.000997	-0.555179	
185	1.001171	-0.000012	-0.668928	0.000012	1.001171	-0.786295	
186	1.001193	-0.000106	-0.802612	0.000106	1.001193	-0.395723	
187	1.001190	-0.000124	-0.845582	0.000124	1.001190	-0.236675	
188	1.001099	-0.000033	-0.733971	0.000033	1.001099	-0.418401	
189	1.000976	0.000003	-0.680896	-0.000003	1.000976	-0.367277	
190	1.001000	-0.000121	-0.645096	0.000121	1.001000	-0.356279	
191	1.001086	-0.000067	-0.718102	0.000067	1.001086	-0.278020	
192	1.001199	0.000016	-0.754472	-0.000016	1.001199	-0.411619	
193	1.001153	0.000014	-0.797035	-0.000014	1.001153	-0.476754	
194	1.001115	-0.000098	-0.730226	0.000098	1.001115	-0.332463	
195	1.001071	-0.000075	-0.730235	0.000075	1.001071	-0.398708	
196	1.001109	0.000014	-0.745824	-0.000014	1.001109	-0.370313	
197	1.001109	0.000019	-0.735612	-0.000019	1.001109	-0.332699	
198	1.001054	-0.000025	-0.716095	0.000025	1.001054	-0.394850	
199	1.001044	0.000007	-0.694665	-0.000007	1.001044	-0.414109	
200	1.000927	0.000071	-0.628182	-0.000071	1.000927	-0.294213	
201	1.000960	0.000021	-0.669497	-0.000021	1.000960	-0.341880	
202	1.001081	0.000094	-0.667944	-0.000094	1.001081	-0.385297	
203	1.001026	0.000209	-0.680109	-0.000209	1.001026	-0.455402	
204	1.001029	0.000164	-0.725951	-0.000164	1.001029	-0.560071	
205	1.001017	0.000205	-0.769819	-0.000205	1.001017	-0.644492	
206	1.000908	0.000271	-0.881903	-0.000271	1.000908	-0.637497	
207	1.000747	0.000330	-0.945496	-0.000330	1.000747	-0.677795	
208	1.000711	0.000289	-0.923357	-0.000289	1.000711	-0.830869	
209	1.000671	0.000307	-1.039356	-0.000307	1.000671	-0.801171	
210	1.000539	0.000412	-1.108042	-0.000412	1.000539	-0.792883	
211	1.000660	0.000328	-1.216263	-0.000328	1.000660	-0.903042	
212	1.000682	0.000325	-1.080044	-0.000325	1.000682	-0.778737	
213	1.000682	0.000312	-1.011451	-0.000312	1.000682	-0.754210	
214	1.000559	0.000229	-0.949878	-0.000229	1.000559	-0.632066	
215	1.000621	0.000150	-0.928287	-0.000150	1.000621	-0.687147	
216	1.000694	0.000189	-0.963698	-0.000189	1.000694	-0.556327	
217	1.000681	0.000239	-0.931170	-0.000239	1.000681	-0.492048	
218	1.000702	0.000209	-0.922578	-0.000209	1.000702	-0.495842	
219	1.000665	0.000189	-0.984488	-0.000189	1.000665	-0.468628	
220	1.000578	0.000190	-1.022397	-0.000190	1.000578	-0.466600	
221	1.000572	0.000207	-1.057058	-0.000207	1.000572	-0.412433	
222	1.000527	0.000116	-1.084262	-0.000116	1.000527	-0.325382	
223	1.000387	0.000147	-1.039601	-0.000147	1.000387	-0.313025	
224	1.000353	0.000231	-1.036142	-0.000231	1.000353	-0.445704	
225	1.000345	0.000256	-0.998372	-0.000256	1.000345	-0.472811	
226	1.000313	0.000304	-0.988054	-0.000304	1.000313	-0.395379	
227	1.000285	0.000252	-0.948272	-0.000252	1.000285	-0.457049	
228	1.000321	0.000228	-0.912185	-0.000228	1.000321	-0.355734	
229	1.000210	0.000245	-0.882613	-0.000245	1.000210	-0.304953	
230	1.000159	0.000181	-0.964215	-0.000181	1.000159	-0.356198	
231	1.000035	0.000154	-0.949187	-0.000154	1.000035	-0.439583	
232	0.999982	0.000239	-1.037047	-0.000239	0.999982	-0.339095	
233	0.999842	0.000109	-1.108074	-0.000109	0.999842	-0.314589	
234	0.999641	0.000064	-1.335427	-0.000064	0.999641	-0.284168	
235	0.999480	0.000174	-1.722911	-0.000174	0.999480	-0.152741	
236	0.999335	0.000075	-1.948613	-0.000075	0.999335	-0.008194	
237	0.999271	0.000045	-2.173976	-0.000045	0.999271	-0.002212	
238	0.999109	0.000112	-2.424216	-0.000112	0.999109	0.060061	
239	0.998977	0.000169	-2.632264	-0.000169	0.998977	0.133510	
240	0.998839	0.000121	-2.927998	-0.000121	0.998839	-0.016178	
241	0.998744	0.000024	-3.172441	-0.000024	0.998744	-0.076336	
242	0.998682	-0.000095	-3.522166	0.000095	0.998682	0.061657	
243	0.998737	-0.000088	-4.350889	0.000088	0.998737	0.076381	
244	0.999973	0.000042	-6.696524	-0.000042	0.999973	0.030339	
245	0.999963	0.000068	-7.605298	-0.000068	0.999963	0.020565	
246	1.000037	0.000192	-8.860512	-0.000192	1.000037	0.165772	
247	0.999927	0.000115	-9.607968	-0.000115	0.999927	0.190241	
248	1.000140	0.000343	-10.191345	-0.000343	1.000140	0.150692	
249	0.999964	0.000213	-10.284570	-0.000213	0.999964	0.001253	
250	1.000156	0.000232	-10.659124	-0.000232	1.000156	0.206295	
251	1.000031	0.000248	-10.953898	-0.000248	1.000031	0.295611	
252	1.000092	0.000272	-11.196667	-0.000272	1.000092	0.186974	
253	1.000205	0.000339	-11.620796	-0.000339	1.000205	0.204724	
254	1.000307	0.000555	-12.133784	-0.000555	1.000307	0.303975	
255	1.000308	0.000481	-12.289277	-0.000481	1.000308	0.222337	
256	1.000209	0.000352	-12.339128	-0.000352	1.000209	0.221052	
257	1.000078	0.000378	-12.654281	-0.000378	1.000078	0.256166	
258	1.000162	0.000308	-12.918130	-0.000308	1.000162	0.231935	
259	1.000338	0.000305	-13.308149	-0.000305	1.000338	0.222782	
260	1.000274	0.000463	-13.596939	-0.000463	1.000274	0.382752	
261	1.000320	0.000590	-14.027187	-0.000590	1.000320	0.492914	
262	1.000270	0.000616	-14.339216	-0.000616	1.000270	0.251096	
263	1.000368	0.000656	-14.797186	-0.000656	1.000368	0.270193	
264	1.000153	0.000647	-14.686755	-0.000647	1.000153	0.424084	
265	1.000108	0.000697	-14.845725	-0.000697	1.000108	0.435662	
266	1.000066	0.000675	-14.655898	-0.000675	1.000066	0.406824	
267	1.000144	0.000707	-14.505730	-0.000707	1.000144	0.423280	
268	1.000388	0.000793	-14.636008	-0.000793	1.000388	0.421008	
269	1.000010	0.000932	-14.196773	-0.000932	1.000010	0.557410	
270	1.000076	0.000891	-13.965079	-0.000891	1.000076	0.572745	
271	1.000104	0.000892	-13.672061	-0.000892	1.000104	0.625818	
272	1.000159	0.000741	-13.506215	-0.000741	1.000159	0.435049	
273	1.000152	0.000733	-13.392803	-0.000733	1.000152	0.481576	
274	1.000210	0.000713	-13.481596	-0.000713	1.000210	0.476438	
275	1.000238	0.000615	-13.388294	-0.000615	1.000238	0.457955	
276	1.000092	0.000547	-13.031232	-0.000547	1.000092	0.205730	
277	0.999796	0.000498	-12.720561	-0.000498	0.999796	0.229325	
278	0.999531	0.000414	-12.397838	-0.000414	0.999531	0.158876	
279	0.999505	0.000429	-11.871472	-0.000429	0.999505	0.153896	
280	0.999618	0.000611	-11.770460	-0.000611	0.999618	0.169709	
281	0.999947	0.000732	-11.730139	-0.000732	0.999947	0.212502	
282	0.999843	0.000589	-11.302700	-0.000589	0.999843	0.047765	
283	0.999705	0.000602	-11.063471	-0.000602	0.999705	0.026823	
284	0.999538	0.000537	-10.675395	-0.000537	0.999538	-0.073150	
285	0.999986	0.000636	-10.809621	-0.000636	0.999986	-0.085404	
286	0.999931	0.000697	-10.488740	-0.000697	0.999931	0.088684	
287	1.000202	0.000560	-10.549237	-0.000560	1.000202	0.023647	
288	1.000204	0.000677	-10.315238	-0.000677	1.000204	0.153972	
289	1.000157	0.000481	-9.951240	-0.000481	1.000157	0.052591	
290	1.000246	0.000457	-9.647606	-0.000457	1.000246	-0.036594	
291	1.000088	0.000493	-8.988166	-0.000493	1.000088	0.082185	
292	0.999975	0.000341	-8.405423	-0.000341	0.999975	0.074576	
293	0.999488	0.000176	-7.530364	-0.000176	0.999488	0.082145	
294	0.999737	0.000514	-7.032080	-0.000514	0.999737	0.169341	
295	0.998734	0.000147	-5.437236	-0.000147	0.998734	0.022319	
296	0.999893	0.000133	-6.219140	-0.000133	0.999893	-0.079782	
297	0.998321	0.000018	-4.168692	-0.000018	0.998321	0.119596	
298	0.998474	0.000134	-3.828578	-0.000134	0.998474	-0.009495	
299	0.998597	0.000080	-3.915350	-0.000080	0.998597	-0.151385	
300	0.998222	-0.000013	-4.259137	0.000013	0.998222	-0.205902	
301	0.999831	0.000263	-6.521988	-0.000263	0.999831	-0.260304	
302	0.999892	0.000209	-7.209781	-0.000209	0.999892	-0.440414	
303	0.999901	0.000174	-8.007397	-0.000174	0.999901	-0.511485	
304	0.995724	0.000060	-4.630919	-0.000060	0.995724	0.085822	
305	0.999812	0.000394	-9.526411	-0.000394	0.999812	-0.183865	
306	0.999980	0.000456	-9.860133	-0.000456	0.999980	0.046013	
307	0.999548	0.000366	-10.182857	-0.000366	0.999548	0.044162	
308	0.999792	0.000463	-10.628255	-0.000463	0.999792	0.277254	
309	0.999920	0.000544	-11.258981	-0.000544	0.999920	0.378472	
310	0.999942	0.000821	-11.607976	-0.000821	0.999942	0.447313	
311	0.999853	0.000784	-11.749681	-0.000784	0.999853	0.419096	
312	0.999778	0.000552	-12.250464	-0.000552	0.999778	0.189995	
313	1.000255	0.000557	-13.029099	-0.000557	1.000255	0.111444	
314	0.999873	0.000499	-13.058258	-0.000499	0.999873	0.235080	
315	0.999655	0.000564	-13.128392	-0.000564	0.999655	0.463575	
316	0.999808	0.000498	-13.438915	-0.000498	0.999808	0.293211	
317	0.999533	0.000420	-12.971836	-0.000420	0.999533	0.236020	
318	0.999445	0.000769	-12.103359	-0.000769	0.999445	0.605980	
319	0.999836	0.000972	-11.363256	-0.000972	0.999836	0.730957	
320	1.000099	0.000876	-10.253970	-0.000876	1.000099	0.509073	
321	0.999823	0.000701	-8.696174	-0.000701	0.999823	0.456267	
322	0.996202	0.000206	-3.978367	-0.000206	0.996202	0.634924	
323	0.999720	0.000402	-6.705142	-0.000402	0.999720	0.297500	
324	0.999483	0.000671	-5.396565	-0.000671	0.999483	0.429291	
325	0.998405	0.000580	-2.688094	-0.000580	0.998405	0.522227	
326	0.999235	0.000581	-0.969305	-0.000581	0.999235	0.644220	
327	0.999881	0.000683	0.353486	-0.000683	0.999881	0.489142	
328	1.000098	0.000623	0.760962	-0.000623	1.000098	0.379437	
329	1.000313	0.000407	1.107646	-0.000407	1.000313	0.296147	
330	1.000772	0.000346	1.497933	-0.000346	1.000772	0.150056	
331	1.000941	0.000353	2.326125	-0.000353	1.000941	0.124525	
332	1.001299	0.000452	3.260184	-0.000452	1.001299	0.102304	
333	1.001581	0.000454	4.093410	-0.000454	1.001581	0.140816	
334	1.000032	0.000321	6.896916	-0.000321	1.000032	0.294775	
335	0.999997	0.000267	8.263766	-0.000267	0.999997	0.204673	
336	0.999862	0.000135	9.769348	-0.000135	0.999862	0.037482	
337	0.999757	0.000210	11.061400	-0.000210	0.999757	0.201956	
338	1.000058	0.000299	11.809569	-0.000299	1.000058	0.440137	
339	0.999998	0.000246	12.590376	-0.000246	0.999998	0.239598	
340	1.000115	0.000092	13.374717	-0.000092	1.000115	0.100525	
341	1.000111	0.000116	14.521696	-0.000116	1.000111	0.186567	
342	1.000231	-0.000050	15.344114	0.000050	1.000231	0.071351	
343	1.000334	-0.000213	16.146281	0.000213	1.000334	-0.091656	
344	1.000280	-0.000155	16.935836	0.000155	1.000280	-0.202100	
345	1.000201	-0.000205	17.918649	0.000205	1.000201	-0.158733	
346	1.000121	-0.000236	18.760182	0.000236	1.000121	0.085007	
347	1.000537	-0.000076	18.614944	0.000076	1.000537	-0.165271	
348	1.000451	-0.000015	18.719672	0.000015	1.000451	-0.296547	
349	1.000259	-0.000284	19.085839	0.000284	1.000259	-0.086067	
350	1.000099	-0.000283	19.270419	0.000283	1.000099	0.054858	
351	0.999684	-0.000120	19.611977	0.000120	0.999684	0.023624	
352	1.000192	-0.000171	19.165177	0.000171	1.000192	-0.214935	
353	0.999825	-0.000083	19.573884	0.000083	0.999825	0.168504	
354	0.999381	-0.000155	20.327488	0.000155	0.999381	0.444166	
355	0.999532	-0.000302	20.048410	0.000302	0.999532	0.199078	
356	0.999193	-0.000215	20.421487	0.000215	0.999193	0.166085	
357	0.999410	-0.000150	20.015732	0.000150	0.999410	0.272821	
358	0.999774	-0.000164	19.271885	0.000164	0.999774	0.369854	
359	0.999455	-0.000153	18.957405	0.000153	0.999455	0.411816	
360	1.000348	0.000017	17.764479	-0.000017	1.000348	0.227449	
361	1.000020	0.000027	17.582855	-0.000027	1.000020	0.210753	
362	0.999927	0.000044	16.948732	-0.000044	0.999927	0.362149	
363	0.999745	-0.000095	16.127903	0.000095	0.999745	0.337654	
364	0.999645	-0.000087	15.125089	0.000087	0.999645	0.247783	
365	0.999487	-0.000152	14.302936	0.000152	0.999487	0.255898	
366	0.999570	-0.000154	13.348012	0.000154	0.999570	0.312070	
367	0.999477	-0.000195	12.510005	0.000195	0.999477	0.254793	
368	0.999519	-0.000132	11.608453	0.000132	0.999519	0.290643	
369	0.998966	-0.000273	10.112857	0.000273	0.998966	0.232211	
370	0.999529	-0.000131	6.799110	0.000131	0.999529	-0.169333	
371	1.000675	0.000151	2.872137	-0.000151	1.000675	-0.079858	
372	0.999480	0.000088	1.603144	-0.000088	0.999480	-0.167306	
373	0.998990	0.000025	0.685555	-0.000025	0.998990	0.015845	
374	0.998927	-0.000001	0.291109	0.000001	0.998927	0.019506	
375	0.999021	0.000061	-0.092657	-0.000061	0.999021	0.065932	
376	0.998689	0.000058	-0.508141	-0.000058	0.998689	-0.074817	
377	0.998481	-0.000046	-0.969547	0.000046	0.998481	0.000032	
378	0.998365	0.000005	-1.596575	-0.000005	0.998365	0.029177	
379	0.998068	-0.000033	-1.873519	0.000033	0.998068	0.070857	
380	0.997763	-0.000038	-2.321375	0.000038	0.997763	0.040140	
381	0.997565	-0.000055	-2.934478	0.000055	0.997565	0.090774	
382	0.996869	0.000005	-3.378622	-0.000005	0.996869	0.152609	
383	0.997850	-0.000010	-5.136825	0.000010	0.997850	0.147116	
384	0.998579	0.000273	-6.610084	-0.000273	0.998579	0.234331	
385	0.998645	0.000153	-7.488676	-0.000153	0.998645	0.073877	
386	0.998856	0.000366	-7.741445	-0.000366	0.998856	0.158577	
387	0.998631	0.000163	-7.428945	-0.000163	0.998631	0.180824	
388	0.998607	0.000202	-7.029032	-0.000202	0.998607	0.251961	
389	0.998537	0.000054	-6.780973	-0.000054	0.998537	0.185344	
390	0.998625	0.000198	-6.733792	-0.000198	0.998625	0.140338	
391	0.996524	-0.000156	-4.571639	0.000156	0.996524	0.164562	
392	0.998653	0.000274	-6.591014	-0.000274	0.998653	0.173417	
393	0.997118	-0.000056	-4.789702	0.000056	0.997118	0.178330	
394	0.997048	-0.000061	-4.451600	0.000061	0.997048	0.247051	
395	0.998701	0.000269	-6.116689	-0.000269	0.998701	0.262170	
396	0.996785	-0.000051	-4.298474	0.000051	0.996785	0.242607	
397	0.998886	0.000277	-6.150353	-0.000277	0.998886	0.228136	
398	0.997043	-0.000196	-4.218379	0.000196	0.997043	0.262831	
399	0.996392	-0.000272	-3.368159	0.000272	0.996392	0.286082	
400	0.996368	-0.000186	-2.979974	0.000186	0.996368	0.276968	
401	0.997067	-0.000147	-3.282206	0.000147	0.997067	0.199182	
402	0.997231	-0.000252	-3.024266	0.000252	0.997231	0.254981	
403	0.997573	-0.000267	-2.892523	0.000267	0.997573	0.273833	
404	0.997669	-0.000219	-2.664228	0.000219	0.997669	0.286349	
405	0.997876	-0.000371	-2.397886	0.000371	0.997876	0.255772	
406	0.998065	-0.000232	-2.318793	0.000232	0.998065	0.369075	
407	0.998072	-0.000328	-2.180251	0.000328	0.998072	0.276711	
408	0.998180	-0.000344	-1.991753	0.000344	0.998180	0.113665	
409	0.998372	-0.000248	-1.971616	0.000248	0.998372	0.100640	
410	0.998397	-0.000012	-1.828677	0.000012	0.998397	0.051532	
411	0.998593	-0.000033	-1.721545	0.000033	0.998593	0.005930	
412	0.998784	0.000077	-1.640542	-0.000077	0.998784	0.069320	
413	0.998803	-0.000056	-1.479842	0.000056	0.998803	0.122233	
414	0.998768	-0.000128	-1.353309	0.000128	0.998768	-0.043836	
415	0.998856	-0.000149	-1.036093	0.000149	0.998856	-0.067670	
416	0.999063	-0.000201	-1.004662	0.000201	0.999063	-0.229383	
417	0.999297	-0.000025	-1.057725	0.000025	0.999297	-0.151921	
418	0.999642	0.000197	-1.026373	-0.000197	0.999642	-0.199939	
419	0.999624	0.000133	-0.767597	-0.000133	0.999624	-0.267527	
420	0.999756	0.000081	-0.622516	-0.000081	0.999756	-0.367064	
421	0.999805	0.000103	-0.229613	-0.000103	0.999805	-0.569534	
422	0.999935	-0.000001	-0.029320	0.000001	0.999935	-0.691203	
423	0.999932	-0.000067	0.022281	0.000067	0.999932	-0.713359	
424	0.999966	0.000202	0.027067	-0.000202	0.999966	-0.675621	
425	1.000056	0.000230	0.092389	-0.000230	1.000056	-0.609531	
426	1.000225	0.000346	0.246832	-0.000346	1.000225	-0.500524	
427	1.000447	0.000322	0.655092	-0.000322	1.000447	-0.394344	
428	1.000693	0.000270	1.173300	-0.000270	1.000693	-0.443052	
429	1.000752	0.000074	1.685806	-0.000074	1.000752	-0.517327	
430	1.000759	-0.000005	1.830956	0.000005	1.000759	-0.646184	
431	1.000907	0.000112	1.836276	-0.000112	1.000907	-0.572947	
432	1.000870	0.000235	1.866376	-0.000235	1.000870	-0.489621	
433	1.000982	0.000380	1.742524	-0.000380	1.000982	-0.413049	
434	1.000791	0.000211	1.604704	-0.000211	1.000791	-0.619000	
435	1.000626	0.000051	1.278376	-0.000051	1.000626	-0.863318	
436	1.000417	-0.000039	0.980039	0.000039	1.000417	-0.894821	
437	1.000118	-0.000296	1.128624	0.000296	1.000118	-0.898793	
438	1.000398	-0.000097	1.281198	0.000097	1.000398	-0.701958	
439	1.000658	0.000022	1.362984	-0.000022	1.000658	-0.483819	
440	1.000613	0.000024	1.598742	-0.000024	1.000613	-0.306916	
441	1.000787	-0.000055	1.974208	0.000055	1.000787	-0.136346	
442	1.001005	-0.000051	2.272938	0.000051	1.001005	-0.236585	
443	1.000921	-0.000221	2.555281	0.000221	1.000921	-0.437540	
444	1.000910	-0.000246	2.215935	0.000246	1.000910	-0.432785	
445	1.000779	-0.000274	1.848051	0.000274	1.000779	-0.491027	
446	1.000340	-0.000444	1.555741	0.000444	1.000340	-0.579750	
447	1.000249	-0.000240	1.171733	0.000240	1.000249	-0.467873	
448	1.000253	-0.000241	0.710272	0.000241	1.000253	-0.361524	
449	0.999958	-0.000484	0.664362	0.000484	0.999958	-0.563912	
450	0.999959	-0.000532	0.568340	0.000532	0.999959	-0.562371	
451	0.999799	-0.000508	0.583629	0.000508	0.999799	-0.372352	
452	0.999924	-0.000343	0.464860	0.000343	0.999924	-0.259092	
453	0.999981	-0.000276	0.371543	0.000276	0.999981	-0.121981	
454	1.000056	-0.000160	0.140140	0.000160	1.000056	-0.073050	
455	1.000040	0.000008	0.043178	-0.000008	1.000040	0.049238	
456	1.000015	-0.000147	-0.030128	0.000147	1.000015	0.062447	
457	0.999885	-0.000141	-0.150455	0.000141	0.999885	0.013095	
458	0.999904	-0.000154	-0.171830	0.000154	0.999904	0.010683	
459	0.999858	-0.000328	-0.180771	0.000328	0.999858	-0.076173	
460	0.999831	-0.000361	-0.294093	0.000361	0.999831	-0.119665	
461	0.999854	-0.000419	-0.305374	0.000419	0.999854	-0.140268	
462	0.999814	-0.000457	-0.338979	0.000457	0.999814	-0.071687	
463	0.999701	-0.000300	-0.417611	0.000300	0.999701	-0.127147	
464	0.999711	-0.000129	-0.570280	0.000129	0.999711	-0.046182	
465	0.999811	-0.000039	-0.617897	0.000039	0.999811	0.020329	
466	0.999762	-0.000203	-0.708100	0.000203	0.999762	0.107502	
467	0.999885	-0.000309	-0.650354	0.000309	0.999885	0.053697	
468	0.999811	-0.000349	-1.088045	0.000349	0.999811	-0.099313	
469	0.999804	-0.000373	-1.132412	0.000373	0.999804	-0.153921	
470	0.999868	-0.000317	-1.119024	0.000317	0.999868	-0.154639	
471	0.999850	-0.000336	-1.110381	0.000336	0.999850	-0.146445	
472	0.999718	-0.000261	-1.109086	0.000261	0.999718	-0.239141	
473	0.999733	-0.000272	-1.166212	0.000272	0.999733	-0.168488	
474	0.999675	-0.000235	-1.102456	0.000235	0.999675	-0.082756	
475	0.999869	-0.000246	-1.063815	0.000246	0.999869	-0.161748	
476	0.999769	-0.000266	-1.003266	0.000266	0.999769	-0.155407	
477	0.999977	-0.000328	-1.005108	0.000328	0.999977	-0.185667	
478	1.000029	-0.000296	-0.967935	0.000296	1.000029	-0.101324	
479	0.999947	-0.000262	-0.739159	0.000262	0.999947	-0.067750	
480	1.000018	-0.000402	-0.734131	0.000402	1.000018	0.046412	
481	0.999985	-0.000371	-0.633723	0.000371	0.999985	0.123227	
482	1.000101	-0.000325	-0.587407	0.000325	1.000101	0.098612	
483	1.000144	-0.000356	-0.445191	0.000356	1.000144	0.108629	
484	1.000243	-0.000351	-0.259408	0.000351	1.000243	0.146463	
485	1.000254	-0.000417	-0.215675	0.000417	1.000254	0.126594	
486	1.000197	-0.000266	-0.082679	0.000266	1.000197	-0.012290	
487	1.000097	-0.000366	-0.077630	0.000366	1.000097	-0.090760	
488	1.000117	-0.000399	-0.068614	0.000399	1.000117	-0.147386	
489	1.000211	-0.000428	-0.007081	0.000428	1.000211	-0.161300	
490	1.000165	-0.000465	0.024028	0.000465	1.000165	-0.054547	
491	1.000208	-0.000364	0.107621	0.000364	1.000208	-0.026310	
492	1.000293	-0.000251	0.207458	0.000251	1.000293	0.072698	
493	1.000312	-0.000245	0.280633	0.000245	1.000312	0.044810	
494	1.000350	-0.000232	0.358495	0.000232	1.000350	-0.006878	
495	1.000336	-0.000270	0.475496	0.000270	1.000336	-0.017202	
496	1.000470	-0.000344	0.656504	0.000344	1.000470	-0.055640	
497	1.000457	-0.000349	0.695902	0.000349	1.000457	-0.053037	
498	1.000500	-0.000337	0.756158	0.000337	1.000500	-0.175205	
499	1.000586	-0.000324	0.896401	0.000324	1.000586	-0.191426	
500	1.000609	-0.000297	0.848198	0.000297	1.000609	-0.048556	
501	1.000623	-0.000241	0.838933	0.000241	1.000623	-0.126968	
502	1.000746	-0.000221	0.874157	0.000221	1.000746	-0.005759	
503	1.000754	-0.000194	1.069714	0.000194	1.000754	-0.018174	
504	1.000883	-0.000149	1.049157	0.000149	1.000883	-0.089371	
505	1.000688	-0.000214	1.129590	0.000214	1.000688	-0.204146	
506	1.000669	-0.000246	1.143197	0.000246	1.000669	-0.237809	
507	1.000724	-0.000336	1.117635	0.000336	1.000724	-0.280712	
508	1.000831	-0.000357	1.106515	0.000357	1.000831	-0.265769	
509	1.000886	-0.000285	1.095583	0.000285	1.000886	-0.194983	
510	1.000929	-0.000154	1.264840	0.000154	1.000929	-0.060193	
511	1.001000	-0.000183	1.432019	0.000183	1.001000	-0.113262	
512	1.000985	-0.000186	1.410519	0.000186	1.000985	-0.130666	
513	1.000993	-0.000138	1.492576	0.000138	1.000993	-0.137728	
514	1.000973	-0.000267	1.510561	0.000267	1.000973	-0.253358	
515	1.000991	-0.000262	1.476259	0.000262	1.000991	-0.264371	
516	1.000923	-0.000217	1.405587	0.000217	1.000923	-0.207366	
517	1.000848	-0.000212	1.479266	0.000212	1.000848	-0.194573	
518	1.000845	-0.000163	1.325879	0.000163	1.000845	-0.264968	
519	1.000616	-0.000119	0.928688	0.000119	1.000616	-0.205745	
520	1.000569	-0.000229	0.776233	0.000229	1.000569	-0.212325	
521	1.000482	-0.000248	0.678470	0.000248	1.000482	-0.206595	
522	1.000444	-0.000252	0.575531	0.000252	1.000444	-0.279133	
523	1.000288	-0.000217	0.384989	0.000217	1.000288	-0.288475	
524	1.000168	-0.000294	0.129566	0.000294	1.000168	-0.182188	
525	1.000032	-0.000244	-0.236599	0.000244	1.000032	-0.120611	
526	1.000014	-0.000191	-0.275439	0.000191	1.000014	-0.099387	
527	1.000045	-0.000195	-0.465173	0.000195	1.000045	-0.125577	
528	0.999935	-0.000030	-0.618919	0.000030	0.999935	-0.162142	
529	0.999904	-0.000224	-0.758079	0.000224	0.999904	-0.215243	
530	0.999787	-0.000247	-0.968046	0.000247	0.999787	-0.146258	
531	0.999695	-0.000279	-1.024163	0.000279	0.999695	-0.153978	
532	0.999756	-0.000201	-0.981085	0.000201	0.999756	-0.186831	
533	0.999732	-0.000235	-0.961022	0.000235	0.999732	-0.164476	
534	0.999811	-0.000211	-0.796323	0.000211	0.999811	-0.154254	
535	0.999750	-0.000183	-0.665012	0.000183	0.999750	-0.136019	
536	0.999890	-0.000184	-0.616694	0.000184	0.999890	-0.098128	
537	0.999924	-0.000136	-0.527567	0.000136	0.999924	-0.117058	
538	0.999900	-0.000124	-0.536734	0.000124	0.999900	-0.176197	
539	0.999801	-0.000228	-0.569406	0.000228	0.999801	-0.152850	
540	0.999710	-0.000254	-0.605054	0.000254	0.999710	-0.210503	
541	0.999533	-0.000281	-0.902447	0.000281	0.999533	-0.284120	
542	0.999244	-0.000228	-1.416157	0.000228	0.999244	-0.269321	
543	0.999079	-0.000218	-1.926355	0.000218	0.999079	-0.198520	
544	0.999028	-0.000227	-2.240771	0.000227	0.999028	-0.317258	
545	0.999011	-0.000281	-2.501543	0.000281	0.999011	-0.218205	
546	0.998929	-0.000210	-2.752208	0.000210	0.998929	-0.118895	
547	0.998750	-0.000016	-2.920261	0.000016	0.998750	-0.009767	
548	0.998604	-0.000108	-3.292395	0.000108	0.998604	-0.270725	
549	0.998590	0.000028	-3.671418	-0.000028	0.998590	-0.249186	
550	0.998595	0.000016	-3.801776	-0.000016	0.998595	-0.211167	
551	0.998698	0.000030	-4.049389	-0.000030	0.998698	-0.319342	
552	0.997887	0.000027	-3.324522	-0.000027	0.997887	-0.160140	
553	0.998930	-0.000038	-4.291454	0.000038	0.998930	-0.277386	
554	0.998817	-0.000097	-4.250557	0.000097	0.998817	-0.214346	
555	0.998807	-0.000166	-4.261544	0.000166	0.998807	-0.256949	
556	0.998761	0.000014	-4.261389	-0.000014	0.998761	-0.306647	
557	1.000594	0.000126	-6.099104	-0.000126	1.000594	-0.488339	
558	1.000306	0.000294	-6.082780	-0.000294	1.000306	-0.346352	
559	0.998657	0.000059	-4.486798	-0.000059	0.998657	-0.315871	
560	0.999699	0.000148	-5.993350	-0.000148	0.999699	-0.272412	
561	1.000605	0.000220	-7.075218	-0.000220	1.000605	-0.355227	
562	1.000518	0.000154	-6.960422	-0.000154	1.000518	-0.418120	
563	0.998625	0.000082	-5.010427	-0.000082	0.998625	-0.200026	
564	1.000523	0.000320	-6.874898	-0.000320	1.000523	-0.170356	
565	0.999121	0.000165	-5.448536	-0.000165	0.999121	-0.079216	
566	1.000531	0.000177	-6.852775	-0.000177	1.000531	-0.190705	
567	1.000510	0.000113	-6.862133	-0.000113	1.000510	-0.228339	
568	1.000196	0.000181	-6.532033	-0.000181	1.000196	0.004649	
569	0.998551	-0.000246	-4.693571	0.000246	0.998551	0.025086	
570	1.000190	0.000024	-6.147997	-0.000024	1.000190	-0.026790	
571	0.998814	-0.000006	-4.286954	0.000006	0.998814	-0.009751	
572	0.998852	-0.000053	-4.102734	0.000053	0.998852	0.021048	
573	0.998772	0.000011	-4.021893	-0.000011	0.998772	0.193283	
574	0.998778	0.000125	-3.984224	-0.000125	0.998778	0.235878	
575	0.998827	0.000027	-3.963727	-0.000027	0.998827	0.215474	
576	0.998922	-0.000032	-3.958696	0.000032	0.998922	0.066109	
577	0.998906	-0.000116	-3.749404	0.000116	0.998906	0.047799	
578	0.998955	-0.000092	-3.607462	0.000092	0.998955	0.010340	
579	0.998967	-0.000115	-3.623898	0.000115	0.998967	0.067286	
580	0.998994	-0.000072	-3.690519	0.000072	0.998994	-0.043088	
581	0.998867	-0.000009	-3.747570	0.000009	0.998867	-0.017707	
582	0.998839	-0.000068	-4.065092	0.000068	0.998839	-0.177493	
583	0.998735	-0.000103	-4.225277	0.000103	0.998735	-0.087678	
584	0.999227	0.000201	-4.826234	-0.000201	0.999227	0.221104	
585	0.998689	0.000001	-4.437577	-0.000001	0.998689	0.126994	
586	0.998766	-0.000091	-4.387990	0.000091	0.998766	0.079534	
587	0.999945	0.000173	-5.631272	-0.000173	0.999945	0.140688	
588	0.998718	0.000057	-4.503813	-0.000057	0.998718	0.094861	
589	1.000228	0.000250	-6.295742	-0.000250	1.000228	0.196635	
590	1.000290	0.000200	-6.356309	-0.000200	1.000290	0.195817	
591	1.000177	0.000233	-6.052780	-0.000233	1.000177	0.234968	
592	0.999160	0.000042	-4.879522	-0.000042	0.999160	0.168231	
593	0.998488	-0.000021	-4.246700	0.000021	0.998488	0.213744	
594	0.998395	0.000036	-4.067271	-0.000036	0.998395	0.304274	
595	0.998355	0.000009	-3.931737	-0.000009	0.998355	0.252614	
596	0.998366	0.000011	-3.741276	-0.000011	0.998366	0.134959	
597	0.998393	-0.000010	-3.608347	0.000010	0.998393	0.160973	
598	0.998586	-0.000005	-3.666090	0.000005	0.998586	0.275738	
599	0.998708	-0.000041	-3.665055	0.000041	0.998708	0.253407	
600	0.998868	0.000091	-3.492197	-0.000091	0.998868	0.360221	
601	0.998955	0.000153	-3.346947	-0.000153	0.998955	0.325797	
602	0.999062	0.000202	-3.278587	-0.000202	0.999062	0.314731	
603	0.999132	0.000102	-2.992066	-0.000102	0.999132	0.207473	
604	0.999225	0.000177	-2.722708	-0.000177	0.999225	0.353225	
605	0.999315	0.000097	-2.475551	-0.000097	0.999315	0.304289	
606	0.999323	0.000021	-2.302694	-0.000021	0.999323	0.344215	
607	0.999434	0.000080	-2.201572	-0.000080	0.999434	0.175973	
608	0.999451	0.000108	-2.053441	-0.000108	0.999451	0.119200	
609	0.999502	0.000004	-1.810996	-0.000004	0.999502	0.093848	
610	0.999562	-0.000015	-1.545599	0.000015	0.999562	0.209614	
611	0.999865	0.000080	-1.199818	-0.000080	0.999865	0.109408	
612	0.999846	0.000051	-0.920777	-0.000051	0.999846	0.036209	
613	0.999884	0.000107	-0.708416	-0.000107	0.999884	0.064997	
614	1.000111	0.000151	-0.551311	-0.000151	1.000111	-0.005455	
615	1.000002	0.000177	-0.284298	-0.000177	1.000002	0.075569	
616	1.000066	0.000195	-0.122913	-0.000195	1.000066	0.025233	
617	1.000025	0.000142	-0.158376	-0.000142	1.000025	0.019618	
618	1.000106	0.000240	-0.258895	-0.000240	1.000106	0.086254	
619	1.000072	0.000127	-0.356617	-0.000127	1.000072	0.024585	
620	1.000042	0.000186	-0.450794	-0.000186	1.000042	-0.048208	
621	0.999885	0.000126	-0.648766	-0.000126	0.999885	0.109893	
622	0.999860	0.000207	-0.784174	-0.000207	0.999860	0.117049	
623	0.999833	-0.000068	-0.910042	0.000068	0.999833	0.049214	
624	0.999892	0.000027	-1.025551	-0.000027	0.999892	0.159902	
625	0.999755	-0.000001	-1.087893	0.000001	0.999755	-0.010548	
626	0.999904	0.000047	-1.117237	-0.000047	0.999904	0.081418	
627	1.000057	-0.000023	-1.285395	0.000023	1.000057	0.110064	
628	0.999897	0.000072	-1.433525	-0.000072	0.999897	0.060990	
629	0.999739	0.000067	-1.476483	-0.000067	0.999739	0.063617	
630	0.999849	0.000067	-1.487798	-0.000067	0.999849	0.067590	
631	0.999786	0.000091	-1.558685	-0.000091	0.999786	0.077011	
632	0.999787	0.000112	-1.708459	-0.000112	0.999787	0.027274	
633	0.999722	-0.000015	-1.689039	0.000015	0.999722	0.056602	
634	0.999457	-0.000057	-1.835110	0.000057	0.999457	0.070265	
635	0.999333	-0.000009	-2.045379	0.000009	0.999333	-0.076083	
636	0.999429	0.000093	-2.338379	-0.000093	0.999429	0.007696	
637	0.999404	-0.000083	-2.438391	0.000083	0.999404	0.096086	
638	0.999388	0.000050	-2.567665	-0.000050	0.999388	0.056531	
639	0.999371	0.000041	-2.713607	-0.000041	0.999371	0.035863	
640	0.999524	0.000067	-2.771380	-0.000067	0.999524	0.163380	
641	0.999412	0.000022	-2.761046	-0.000022	0.999412	0.137171	
642	0.999325	0.000080	-2.838612	-0.000080	0.999325	0.056530	
643	0.999225	0.000047	-2.858974	-0.000047	0.999225	0.034480	
644	0.999161	0.000091	-2.934472	-0.000091	0.999161	0.178527	
645	0.998720	0.000087	-2.984644	-0.000087	0.998720	0.192101	
646	0.998873	0.000148	-3.233466	-0.000148	0.998873	0.106016	
647	0.998670	0.000076	-3.134012	-0.000076	0.998670	0.100928	
648	0.998677	0.000031	-3.325595	-0.000031	0.998677	0.143747	
649	0.998701	0.000048	-3.440399	-0.000048	0.998701	0.174075	
650	0.998577	0.000054	-3.509647	-0.000054	0.998577	0.048627	
651	0.998504	0.000033	-3.586118	-0.000033	0.998504	0.011170	
652	0.998526	0.000017	-3.656927	-0.000017	0.998526	0.177673	
653	0.998705	0.000409	-3.643900	-0.000409	0.998705	0.393229	
654	0.998446	0.000208	-3.900698	-0.000208	0.998446	0.120554	
655	0.998628	0.000377	-4.118813	-0.000377	0.998628	0.199809	
656	0.998242	0.000348	-4.000423	-0.000348	0.998242	0.269074	
657	0.998117	0.000097	-4.238244	-0.000097	0.998117	0.205129	
658	0.999786	0.000293	-6.091363	-0.000293	0.999786	0.048051	
659	0.999931	0.000335	-6.343395	-0.000335	0.999931	0.029002	
660	0.999789	0.000349	-6.404665	-0.000349	0.999789	0.003478	
661	0.999910	0.000405	-6.564077	-0.000405	0.999910	0.004365	
662	0.997901	0.000230	-4.514691	-0.000230	0.997901	0.255447	
663	0.999928	0.000563	-6.601263	-0.000563	0.999928	0.321118	
664	0.999795	0.000719	-6.506191	-0.000719	0.999795	0.509734	
665	0.998443	0.000526	-5.271052	-0.000526	0.998443	0.512034	
666	0.999809	0.000817	-6.734925	-0.000817	0.999809	0.418020	
667	0.995314	0.000424	-2.404857	-0.000424	0.995314	0.584813	
668	0.997482	0.000232	-4.432756	-0.000232	0.997482	0.345272	
669	0.999498	0.000332	-6.705371	-0.000332	0.999498	0.261871	
670	0.999699	0.000262	-6.897074	-0.000262	0.999699	0.103591	
671	0.999548	0.000224	-6.689295	-0.000224	0.999548	0.080616	
672	0.999375	0.000427	-6.469729	-0.000427	0.999375	0.182087	
673	0.999562	0.000393	-6.485079	-0.000393	0.999562	0.265540	
674	0.999507	0.000620	-6.425358	-0.000620	0.999507	0.455984	
675	0.999595	0.000700	-6.551035	-0.000700	0.999595	0.468464	
676	0.999561	0.000546	-6.401411	-0.000546	0.999561	0.194272	
677	0.999681	0.000392	-6.489437	-0.000392	0.999681	0.161491	
678	0.998603	0.000284	-5.497348	-0.000284	0.998603	0.243546	
679	0.999655	0.000416	-6.423516	-0.000416	0.999655	0.306325	
680	0.999485	0.000436	-6.219183	-0.000436	0.999485	0.299840	
681	0.997945	0.000172	-4.506510	-0.000172	0.997945	0.339044	
682	0.999959	0.000447	-6.435612	-0.000447	0.999959	0.220612	
683	0.999166	0.000297	-5.346099	-0.000297	0.999166	0.261739	
684	0.998139	0.000184	-3.914150	-0.000184	0.998139	0.201564	
685	0.998453	0.000026	-3.273229	-0.000026	0.998453	0.119671	
686	0.999194	0.000356	-2.446876	-0.000356	0.999194	0.184104	
687	0.998896	0.000143	-1.761242	-0.000143	0.998896	0.048757	
688	0.999044	0.000331	-1.306671	-0.000331	0.999044	0.058845	
689	0.999255	0.000432	-1.223861	-0.000432	0.999255	0.114553	
690	0.999207	0.000402	-1.453921	-0.000402	0.999207	0.013177	
691	0.999014	0.000411	-1.574629	-0.000411	0.999014	0.056818	
692	0.998938	0.000462	-1.646777	-0.000462	0.998938	0.006373	
693	0.999099	0.000222	-1.880138	-0.000222	0.999099	-0.239090	
694	0.999182	0.000107	-1.886113	-0.000107	0.999182	-0.361405	
695	0.999145	0.000354	-1.715879	-0.000354	0.999145	-0.379313	
696	0.999327	0.000316	-1.635533	-0.000316	0.999327	-0.365613	
697	0.999285	0.000518	-1.140691	-0.000518	0.999285	-0.255298	
698	0.999543	0.000468	-0.746641	-0.000468	0.999543	-0.163443	
699	0.999640	0.000801	-0.511616	-0.000801	0.999640	-0.031584	
700	0.999642	0.000575	-0.298157	-0.000575	0.999642	-0.133079	
701	0.999856	0.000684	-0.253832	-0.000684	0.999856	-0.325937	
702	1.000061	0.000616	-0.004034	-0.000616	1.000061	-0.418036	
703	1.000116	0.000470	0.045690	-0.000470	1.000116	-0.451880	
704	1.000060	0.000426	0.169897	-0.000426	1.000060	-0.584783	
705	1.000249	0.000473	0.100277	-0.000473	1.000249	-0.528292	
706	1.000124	0.000545	0.138113	-0.000545	1.000124	-0.469415	
707	1.000117	0.000470	0.253244	-0.000470	1.000117	-0.513515	
708	0.999991	0.000612	0.425924	-0.000612	0.999991	-0.443390	
709	1.000247	0.000534	0.281106	-0.000534	1.000247	-0.588095	
710	1.000207	0.000736	0.531590	-0.000736	1.000207	-0.652744	
711	1.000389	0.000744	0.432266	-0.000744	1.000389	-0.709950	
712	1.000273	0.000630	0.589367	-0.000630	1.000273	-0.835582	
713	1.000151	0.000647	0.809359	-0.000647	1.000151	-0.907021	
714	1.000591	0.000719	0.655527	-0.000719	1.000591	-1.004827	
715	0.999968	0.000768	1.303106	-0.000768	0.999968	-0.843512	
716	1.000005	0.000840	1.208616	-0.000840	1.000005	-0.767863	
717	1.000306	0.000785	1.121985	-0.000785	1.000306	-0.782847	
718	1.000539	0.000763	1.048411	-0.000763	1.000539	-0.942623	
719	1.001091	0.000625	0.732364	-0.000625	1.001091	-1.090920	
720	1.001044	0.000582	0.924547	-0.000582	1.001044	-0.974010	
721	1.001007	0.000547	0.943888	-0.000547	1.001007	-0.948794	
722	1.001023	0.000457	0.996072	-0.000457	1.001023	-0.826777	
723	1.000464	0.000532	1.562373	-0.000532	1.000464	-0.701393	
724	1.000754	0.000501	1.291734	-0.000501	1.000754	-0.621802	
725	1.000971	0.000354	1.162726	-0.000354	1.000971	-0.675976	
726	1.000958	0.000255	1.419692	-0.000255	1.000958	-0.628831	
727	1.001037	0.000215	1.563425	-0.000215	1.001037	-0.564631	
728	1.001068	0.000132	1.733392	-0.000132	1.001068	-0.595658	
729	1.000740	0.000142	2.089873	-0.000142	1.000740	-0.571719	
730	0.999508	0.000132	2.989230	-0.000132	0.999508	-0.180938	
731	0.999066	0.000088	3.367854	-0.000088	0.999066	0.021533	
732	0.999561	-0.000060	3.172364	0.000060	0.999561	-0.086579	
733	0.999550	-0.000000	3.447577	0.000000	0.999550	-0.004385	
734	0.998936	0.000009	3.778729	-0.000009	0.998936	0.207933	
735	0.998830	-0.000020	3.785545	0.000020	0.998830	0.204118	
736	0.998539	-0.000167	3.961597	0.000167	0.998539	0.191310	
737	0.999002	-0.000428	3.459884	0.000428	0.999002	0.047013	
738	0.998551	-0.000346	3.883727	0.000346	0.998551	0.211276	
739	0.998295	-0.000454	4.290734	0.000454	0.998295	0.209496	
740	0.997793	-0.000389	4.804547	0.000389	0.997793	0.146178	
741	0.997668	-0.000652	5.068368	0.000652	0.997668	-0.031091	
742	1.001391	-0.000378	2.029933	0.000378	1.001391	-0.104075	
743	0.999054	-0.000555	4.454340	0.000555	0.999054	-0.142230	
744	0.997089	-0.000638	6.758736	0.000638	0.997089	-0.008916	
745	0.997571	-0.000555	6.799841	0.000555	0.997571	0.165152	
746	1.000599	-0.000225	4.219932	0.000225	1.000599	-0.060098	
747	0.997776	-0.000333	7.480188	0.000333	0.997776	0.005693	
748	1.002438	-0.000035	3.328831	0.000035	1.002438	-0.154147	
749	1.004602	-0.000311	1.903130	0.000311	1.004602	-0.416218	
