0	1.000000	0.000000	0.000000	0.000000	1.000000	0.000000	
1	0.999164	-0.000423	8.892358	0.000423	0.999164	-0.208089	
2	0.999449	-0.000401	8.312925	0.000401	0.999449	-0.305182	
3	0.999383	-0.000441	8.284355	0.000441	0.999383	-0.108737	
4	0.999498	-0.000281	7.989909	0.000281	0.999498	0.010629	
5	0.999589	-0.000345	7.685816	0.000345	0.999589	-0.068992	
6	0.999481	-0.000389	7.675414	0.000389	0.999481	-0.079235	
7	0.999412	-0.000441	7.733262	0.000441	0.999412	-0.068790	
8	0.999778	-0.000324	7.626552	0.000324	0.999778	-0.136195	
9	0.999607	-0.000406	8.501157	0.000406	0.999607	-0.122219	
10	0.999732	-0.000666	9.672910	0.000666	0.999732	-0.440237	
11	0.999777	-0.000679	10.511362	0.000679	0.999777	-0.540305	
12	0.999753	-0.000796	12.785028	0.000796	0.999753	-0.476920	
13	0.999743	-0.000899	14.870649	0.000899	0.999743	-0.546257	
14	0.999844	-0.000849	16.684894	0.000849	0.999844	-0.567277	
15	0.999702	-0.001006	19.479605	0.001006	0.999702	-0.634536	
16	0.999918	-0.001074	20.592510	0.001074	0.999918	-0.758255	
17	0.999875	-0.001270	21.979286	0.001270	0.999875	-1.052150	
18	1.000165	-0.001216	22.404525	0.001216	1.000165	-1.312371	
19	1.000157	-0.001105	22.061296	0.001105	1.000157	-1.143665	
20	0.999760	-0.001243	22.563325	0.001243	0.999760	-1.018883	
21	0.999993	-0.001260	22.360993	0.001260	0.999993	-0.952049	
22	1.000288	-0.001282	22.014905	0.001282	1.000288	-1.225324	
23	1.000525	-0.001404	22.564706	0.001404	1.000525	-1.438482	
24	1.000026	-0.001454	23.029642	0.001454	1.000026	-1.197081	
25	1.000239	-0.001529	22.191240	0.001529	1.000239	-1.483984	
26	1.000268	-0.001279	21.251473	0.001279	1.000268	-1.339105	
27	0.999961	-0.001155	18.646496	0.001155	0.999961	-1.100189	
28	0.999788	-0.000943	16.294579	0.000943	0.999788	-0.623423	
29	0.999640	-0.000794	14.019879	0.000794	0.999640	-0.370066	
30	0.999799	-0.000651	11.486584	0.000651	0.999799	-0.384185	
31	0.999929	-0.000445	9.346533	0.000445	0.999929	-0.277334	
32	1.002278	0.000651	5.148135	-0.000651	1.002278	-0.383869	
33	1.000026	-0.000408	5.980369	0.000408	1.000026	-0.373044	
34	1.000973	0.000322	3.627648	-0.000322	1.000973	-0.165970	
35	1.000765	0.000023	3.019480	-0.000023	1.000765	-0.297722	
36	1.000559	0.000066	2.039476	-0.000066	1.000559	-0.147563	
37	1.000345	0.000057	1.380662	-0.000057	1.000345	-0.162116	
38	1.000198	-0.000073	0.807377	0.000073	1.000198	-0.184479	
39	1.000129	-0.000057	0.446286	0.000057	1.000129	-0.113539	
40	1.000088	-0.000062	-0.020950	0.000062	1.000088	-0.080125	
41	1.000034	-0.000069	-0.206306	0.000069	1.000034	-0.035076	
42	0.999933	-0.000038	-0.518656	0.000038	0.999933	0.011909	
43	0.999970	0.000031	-0.441641	-0.000031	0.999970	0.052306	
44	0.999980	-0.000012	-0.517003	0.000012	0.999980	0.026114	
45	0.999949	0.000027	-0.765836	-0.000027	0.999949	0.087071	
46	0.999804	-0.000002	-1.211088	0.000002	0.999804	0.107996	
47	0.999713	-0.000040	-1.479792	0.000040	0.999713	0.107200	
48	0.999369	-0.000108	-1.961816	0.000108	0.999369	0.148787	
49	0.999350	-0.000092	-2.213855	0.000092	0.999350	0.091993	
50	0.999314	-0.000137	-2.801468	0.000137	0.999314	0.113479	
51	0.999255	-0.000109	-3.168921	0.000109	0.999255	0.247911	
52	0.999258	-0.000150	-3.155200	0.000150	0.999258	0.289328	
53	0.999146	-0.000170	-3.316972	0.000170	0.999146	0.321636	
54	0.998526	-0.000326	-3.023379	0.000326	0.998526	0.347304	
55	0.999037	-0.000271	-3.473137	0.000271	0.999037	0.222758	
56	0.998812	-0.000250	-3.797532	0.000250	0.998812	0.289808	
57	0.998809	-0.000284	-4.050620	0.000284	0.998809	0.242367	
58	1.000018	0.000443	-5.514656	-0.000443	1.000018	0.346027	
59	0.998805	-0.000173	-4.566004	0.000173	0.998805	0.439680	
60	0.998854	-0.000129	-4.666266	0.000129	0.998854	0.493259	
61	0.998722	-0.000318	-4.507248	0.000318	0.998722	0.295305	
62	0.998596	-0.000352	-4.166768	0.000352	0.998596	0.367645	
63	0.999196	-0.000213	-4.019853	0.000213	0.999196	0.278964	
64	0.999045	-0.000152	-3.525302	0.000152	0.999045	0.392028	
65	0.998791	-0.000109	-3.098135	0.000109	0.998791	0.518433	
66	0.999101	-0.000080	-2.593974	0.000080	0.999101	0.343041	
67	0.998898	-0.000122	-2.373180	0.000122	0.998898	0.326311	
68	0.998926	-0.000141	-1.994020	0.000141	0.998926	0.224415	
69	0.998965	-0.000054	-2.008382	0.000054	0.998965	0.292964	
70	0.999005	-0.000097	-2.276964	0.000097	0.999005	0.316161	
71	0.999015	-0.000052	-2.255958	0.000052	0.999015	0.451949	
72	0.998712	-0.000057	-2.702239	0.000057	0.998712	0.558812	
73	0.998669	-0.000281	-3.501145	0.000281	0.998669	0.397189	
74	0.998531	-0.000242	-4.520109	0.000242	0.998531	0.386058	
75	0.999991	0.000552	-7.246734	-0.000552	0.999991	0.406301	
76	0.999570	0.000747	-8.239290	-0.000747	0.999570	0.801430	
77	0.999682	0.000924	-9.023036	-0.000924	0.999682	0.972530	
78	0.998538	0.001008	-8.697332	-0.001008	0.998538	1.407985	
79	0.999264	0.000984	-9.493155	-0.000984	0.999264	1.137179	
80	0.999143	0.000985	-9.779311	-0.000985	0.999143	1.003759	
81	0.993644	-0.000901	-3.899887	0.000901	0.993644	1.619492	
82	0.999638	0.000951	-10.030508	-0.000951	0.999638	0.882838	
83	0.998904	0.000775	-8.428550	-0.000775	0.998904	1.169088	
84	0.999536	0.000622	-7.757958	-0.000622	0.999536	0.774882	
85	0.998497	-0.000436	-4.219504	0.000436	0.998497	0.401293	
86	0.998763	-0.000310	-2.982904	0.000310	0.998763	0.280832	
87	0.999053	-0.000298	-2.001844	0.000298	0.999053	0.121731	
88	0.999096	-0.000159	-0.885718	0.000159	0.999096	0.069181	
89	0.999394	-0.000069	-0.596275	0.000069	0.999394	0.100654	
90	0.999404	-0.000056	-0.036287	0.000056	0.999404	0.210742	
91	0.999640	0.000040	0.316472	-0.000040	0.999640	0.082844	
92	0.999725	0.000046	0.336936	-0.000046	0.999725	0.164023	
93	0.999658	0.000089	0.331689	-0.000089	0.999658	0.128315	
94	0.999643	0.000088	0.315555	-0.000088	0.999643	0.072075	
95	0.999657	0.000103	0.310123	-0.000103	0.999657	0.104213	
96	0.999634	0.000084	0.392261	-0.000084	0.999634	0.126995	
97	0.999672	0.000132	0.455308	-0.000132	0.999672	0.235972	
98	0.999809	0.000095	0.416629	-0.000095	0.999809	0.287330	
99	0.999797	0.000116	0.397295	-0.000116	0.999797	0.354090	
100	0.999803	0.000208	0.201949	-0.000208	0.999803	0.312620	
101	0.999806	0.000167	0.171872	-0.000167	0.999806	0.247614	
102	0.999887	0.000203	0.109164	-0.000203	0.999887	0.193468	
103	0.999910	0.000150	0.056510	-0.000150	0.999910	0.120758	
104	0.999933	0.000132	0.020127	-0.000132	0.999933	0.062008	
105	0.999961	0.000104	0.029365	-0.000104	0.999961	-0.010986	
106	0.999978	0.000100	0.006368	-0.000100	0.999978	-0.051238	
107	1.000018	0.000009	-0.008161	-0.000009	1.000018	-0.116164	
108	1.000028	-0.000040	-0.155329	0.000040	1.000028	-0.129856	
109	1.000133	-0.000033	-0.161888	0.000033	1.000133	-0.106286	
110	1.000176	0.000010	-0.184802	-0.000010	1.000176	-0.089739	
111	1.000202	0.000037	-0.064823	-0.000037	1.000202	-0.080989	
112	1.000263	0.000188	-0.145907	-0.000188	1.000263	-0.016898	
113	1.000196	0.000092	-0.273980	-0.000092	1.000196	-0.002308	
114	1.000172	0.000139	-0.420003	-0.000139	1.000172	0.021851	
115	1.000157	0.000084	-0.648212	-0.000084	1.000157	0.026101	
116	1.000152	0.000074	-1.056786	-0.000074	1.000152	0.021138	
117	1.000106	0.000061	-1.453292	-0.000061	1.000106	-0.004318	
118	1.000006	-0.000022	-2.171375	0.000022	1.000006	-0.047324	
119	0.999832	-0.000022	-2.588019	0.000022	0.999832	0.018758	
120	0.999620	-0.000143	-2.681292	0.000143	0.999620	0.051064	
121	0.999692	-0.000162	-2.617714	0.000162	0.999692	0.004640	
122	0.999852	-0.000026	-1.906872	0.000026	0.999852	0.055336	
123	0.999933	-0.000068	-1.414353	0.000068	0.999933	0.063478	
124	1.000079	-0.000023	-1.028931	0.000023	1.000079	-0.000619	
125	1.000342	-0.000083	-0.476678	0.000083	1.000342	-0.106649	
126	1.000437	-0.000031	-0.219698	0.000031	1.000437	-0.135355	
127	1.000552	-0.000035	0.046166	0.000035	1.000552	-0.149097	
128	1.000519	0.000044	0.063492	-0.000044	1.000519	-0.113413	
129	1.000510	0.000047	0.055122	-0.000047	1.000510	-0.090631	
130	1.000549	0.000056	-0.007303	-0.000056	1.000549	-0.114893	
131	1.000458	0.000042	0.008187	-0.000042	1.000458	-0.106050	
132	1.000502	0.000053	-0.116600	-0.000053	1.000502	-0.089124	
133	1.000586	0.000039	-0.197003	-0.000039	1.000586	-0.122042	
134	1.000538	0.000026	-0.001412	-0.000026	1.000538	-0.137179	
135	1.000604	-0.000015	0.081177	0.000015	1.000604	-0.196414	
136	1.000373	-0.000030	0.234165	0.000030	1.000373	-0.139695	
137	1.000606	0.000017	0.051383	-0.000017	1.000606	-0.168218	
138	1.000685	0.000017	-0.011802	-0.000017	1.000685	-0.180438	
139	1.000707	-0.000046	0.062483	0.000046	1.000707	-0.219414	
140	1.000666	-0.000054	0.077903	0.000054	1.000666	-0.184753	
141	1.000648	-0.000052	0.154286	0.000052	1.000648	-0.194197	
142	1.000609	-0.000070	0.061757	0.000070	1.000609	-0.189571	
143	1.000622	-0.000062	0.256961	0.000062	1.000622	-0.153996	
144	1.000530	-0.000018	0.150826	0.000018	1.000530	-0.124598	
145	1.000623	0.000016	0.384590	-0.000016	1.000623	-0.134225	
146	1.000556	0.000031	0.278059	-0.000031	1.000556	-0.110560	
147	1.000564	0.000070	0.287801	-0.000070	1.000564	-0.092076	
148	1.000724	0.000037	0.335412	-0.000037	1.000724	-0.142790	
149	1.000583	0.000021	0.385502	-0.000021	1.000583	-0.112264	
150	1.000619	0.000006	0.544604	-0.000006	1.000619	-0.150827	
151	1.000372	-0.000097	0.542876	0.000097	1.000372	-0.143673	
152	1.000366	-0.000156	0.634555	0.000156	1.000366	-0.191981	
153	1.000339	-0.000169	0.730066	0.000169	1.000339	-0.216028	
154	1.000226	-0.000283	0.632248	0.000283	1.000226	-0.274735	
155	1.000366	-0.000159	0.808326	0.000159	1.000366	-0.232968	
156	1.000218	-0.000162	0.541180	0.000162	1.000218	-0.189723	
157	1.000214	-0.000020	0.554772	0.000020	1.000214	-0.124031	
158	1.000099	0.000092	0.526149	-0.000092	1.000099	-0.006624	
159	1.000084	0.000142	0.421959	-0.000142	1.000084	0.043791	
160	1.000156	0.000160	0.524312	-0.000160	1.000156	0.039738	
161	0.999969	0.000109	0.385364	-0.000109	0.999969	0.071700	
162	0.999937	0.000057	0.486786	-0.000057	0.999937	0.068508	
163	0.999992	0.000018	0.558185	-0.000018	0.999992	0.048073	
164	1.000015	-0.000085	0.522910	0.000085	1.000015	-0.010357	
165	1.000083	-0.000198	0.699826	0.000198	1.000083	-0.068809	
166	1.000159	-0.000127	0.623913	0.000127	1.000159	-0.089868	
167	1.000176	-0.000055	0.845938	0.000055	1.000176	-0.062515	
168	1.000225	0.000057	0.912920	-0.000057	1.000225	-0.030713	
169	1.000266	0.000082	1.484714	-0.000082	1.000266	-0.054903	
170	1.000428	0.000044	2.328056	-0.000044	1.000428	-0.091054	
171	1.000623	0.000151	2.765127	-0.000151	1.000623	-0.084999	
172	1.000950	0.000070	3.341372	-0.000070	1.000950	-0.281420	
173	1.000769	0.000158	3.593560	-0.000158	1.000769	-0.231610	
174	1.000782	0.000090	3.822054	-0.000090	1.000782	-0.365044	
175	1.000847	0.000246	3.604516	-0.000246	1.000847	-0.242161	
176	1.000893	0.000302	3.614212	-0.000302	1.000893	-0.245122	
177	0.999785	-0.000169	5.255272	0.000169	0.999785	-0.039371	
178	1.001032	0.000448	3.930633	-0.000448	1.001032	-0.125348	
179	1.001032	0.000293	4.079672	-0.000293	1.001032	-0.307255	
180	1.001156	0.000302	4.013444	-0.000302	1.001156	-0.333665	
181	1.000986	0.000303	4.071159	-0.000303	1.000986	-0.246747	
182	1.000785	0.000088	3.882104	-0.000088	1.000785	-0.211317	
183	1.000517	0.000017	3.505814	-0.000017	1.000517	-0.149581	
184	1.000712	-0.000018	3.277860	0.000018	1.000712	-0.273178	
185	1.000655	0.000251	2.896557	-0.000251	1.000655	-0.151927	
186	1.000745	0.000115	3.044070	-0.000115	1.000745	-0.245860	
187	1.000308	0.000092	3.141093	-0.000092	1.000308	-0.089977	
188	1.000629	-0.000017	2.627861	0.000017	1.000629	-0.261470	
189	1.000241	-0.000112	2.539089	0.000112	1.000241	-0.152654	
190	1.000562	0.000050	1.808400	-0.000050	1.000562	-0.125816	
191	1.000080	-0.000093	1.514073	0.000093	1.000080	0.004859	
192	1.000221	0.000130	0.798863	-0.000130	1.000221	0.105107	
193	1.000061	0.000086	0.524129	-0.000086	1.000061	0.137070	
194	1.000202	0.000021	0.309595	-0.000021	1.000202	0.039797	
195	1.000120	0.000054	0.165434	-0.000054	1.000120	0.062702	
196	1.000128	-0.000007	0.196091	0.000007	1.000128	-0.004105	
197	1.000131	-0.000002	0.237865	0.000002	1.000131	0.002672	
198	1.000277	-0.000048	0.251295	0.000048	1.000277	-0.088082	
199	1.000314	-0.000212	0.287349	0.000212	1.000314	-0.107182	
200	1.000409	-0.000121	0.766473	0.000121	1.000409	-0.203970	
201	1.000484	-0.000253	1.219012	0.000253	1.000484	0.059116	
202	1.000804	-0.000246	1.680654	0.000246	1.000804	-0.234220	
203	1.001265	-0.000009	2.935350	0.000009	1.001265	-0.323392	
204	1.001397	0.000140	3.618967	-0.000140	1.001397	-0.385407	
205	1.000536	-0.000594	6.242617	0.000594	1.000536	-0.513789	
206	1.001199	-0.000587	7.292858	0.000587	1.001199	-0.654889	
207	1.000684	-0.000474	7.886728	0.000474	1.000684	-0.350397	
208	1.001557	-0.000594	7.243240	0.000594	1.001557	-0.679978	
209	1.000943	-0.000772	6.855354	0.000772	1.000943	-0.447203	
210	1.000776	-0.000772	6.404295	0.000772	1.000776	-0.435813	
211	1.000682	-0.000654	6.302292	0.000654	1.000682	-0.557950	
212	1.002626	0.000383	3.883751	-0.000383	1.002626	-0.639311	
213	1.000907	-0.000740	5.855144	0.000740	1.000907	-0.814788	
214	1.000800	-0.000691	5.698539	0.000691	1.000800	-0.708006	
215	1.001917	0.000232	3.630761	-0.000232	1.001917	-0.563946	
216	1.001399	0.000009	3.299611	-0.000009	1.001399	-0.537048	
217	1.001086	-0.000032	2.954276	0.000032	1.001086	-0.474995	
218	1.001010	-0.000200	2.867413	0.000200	1.001010	-0.409963	
219	1.000922	-0.000234	2.658837	0.000234	1.000922	-0.415958	
220	1.000819	-0.000011	2.502231	0.000011	1.000819	-0.285317	
221	1.000709	-0.000000	2.392128	0.000000	1.000709	-0.240826	
222	1.000492	-0.000037	2.255184	0.000037	1.000492	-0.211875	
223	1.000670	-0.000002	1.869674	0.000002	1.000670	-0.262248	
224	1.000405	0.000050	1.360372	-0.000050	1.000405	-0.256537	
225	1.000243	0.000067	0.727190	-0.000067	1.000243	-0.163414	
226	1.000180	0.000146	-0.098769	-0.000146	1.000180	-0.019032	
227	0.999946	0.000072	-0.677514	-0.000072	0.999946	0.048462	
228	0.999812	0.000087	-1.068473	-0.000087	0.999812	0.117183	
229	0.999765	-0.000062	-1.190195	0.000062	0.999765	0.037583	
230	0.999697	-0.000033	-1.050373	0.000033	0.999697	0.095643	
231	0.999777	-0.000058	-0.847968	0.000058	0.999777	0.005430	
232	0.999782	-0.000140	-0.667630	0.000140	0.999782	-0.057354	
233	0.999915	-0.000115	-0.223664	0.000115	0.999915	-0.066213	
234	0.999979	-0.000151	0.076351	0.000151	0.999979	-0.073048	
235	0.999976	-0.000105	0.090853	0.000105	0.999976	-0.030432	
236	0.999939	-0.000026	0.011906	0.000026	0.999939	0.002398	
237	0.999977	0.000051	-0.002153	-0.000051	0.999977	0.023912	
238	0.999994	0.000058	-0.027320	-0.000058	0.999994	0.014314	
239	1.000021	0.000006	-0.139580	-0.000006	1.000021	-0.052245	
240	0.999907	0.000001	-0.118142	-0.000001	0.999907	-0.003208	
241	0.999851	-0.000004	0.025843	0.000004	0.999851	0.045998	
242	0.999807	-0.000028	-0.069141	0.000028	0.999807	0.022754	
243	0.999824	-0.000013	-0.285570	0.000013	0.999824	0.041704	
244	0.999785	0.000022	-0.414368	-0.000022	0.999785	0.064879	
245	0.999744	0.000089	-0.594510	-0.000089	0.999744	0.147206	
246	0.999614	0.000082	-0.576279	-0.000082	0.999614	0.208332	
247	0.999641	0.000121	-0.914053	-0.000121	0.999641	0.266461	
248	0.999464	0.000008	-1.122624	-0.000008	0.999464	0.224822	
249	0.999313	0.000030	-1.659003	-0.000030	0.999313	0.293155	
250	0.999111	-0.000118	-1.992926	0.000118	0.999111	0.233015	
251	0.999174	-0.000160	-2.624347	0.000160	0.999174	0.228991	
252	0.998897	-0.000339	-2.976717	0.000339	0.998897	0.149919	
253	0.998287	-0.000396	-3.114645	0.000396	0.998287	0.264660	
254	0.998397	-0.000447	-3.692787	0.000447	0.998397	0.241929	
255	0.996680	-0.000347	-2.931904	0.000347	0.996680	0.884280	
256	0.997586	-0.000041	-4.334248	0.000041	0.997586	0.901340	
257	0.998275	-0.000423	-5.023757	0.000423	0.998275	0.318528	
258	0.999935	0.000580	-7.383650	-0.000580	0.999935	0.436366	
259	0.998067	-0.000401	-5.431929	0.000401	0.998067	0.579496	
260	1.000197	0.000581	-7.744095	-0.000581	1.000197	0.570187	
261	1.000334	0.000392	-8.237550	-0.000392	1.000334	0.235202	
262	1.000301	0.000468	-7.669564	-0.000468	1.000301	0.365490	
263	1.000749	0.000508	-8.437062	-0.000508	1.000749	0.237161	
264	1.000256	0.000656	-8.003574	-0.000656	1.000256	0.613685	
265	1.000385	0.000387	-7.499141	-0.000387	1.000385	0.250949	
266	0.998543	-0.000543	-4.858415	0.000543	0.998543	0.308687	
267	0.999189	-0.000431	-4.690067	0.000431	0.999189	0.149725	
268	0.998961	-0.000371	-3.723973	0.000371	0.998961	0.201427	
269	0.998896	-0.000268	-3.752911	0.000268	0.998896	0.241233	
270	0.999375	-0.000083	-4.459070	0.000083	0.999375	0.141878	
271	0.999859	0.000612	-5.600074	-0.000612	0.999859	0.372802	
272	0.999540	0.000525	-5.934283	-0.000525	0.999540	0.368759	
273	0.997730	-0.000345	-4.487902	0.000345	0.997730	0.477681	
274	0.999390	0.000617	-6.858235	-0.000617	0.999390	0.639473	
275	0.999490	0.000766	-7.374009	-0.000766	0.999490	0.923344	
276	0.999571	0.000721	-7.380418	-0.000721	0.999571	0.957617	
277	0.999940	0.000530	-7.269146	-0.000530	0.999940	0.584802	
278	0.999913	0.000500	-6.622231	-0.000500	0.999913	0.586367	
279	1.000045	0.000428	-5.843289	-0.000428	1.000045	0.392521	
280	0.998045	0.000037	-3.083041	-0.000037	0.998045	0.805038	
281	0.998904	-0.000164	-3.062034	0.000164	0.998904	0.419894	
282	0.999056	-0.000124	-2.872933	0.000124	0.999056	0.484459	
283	0.999086	-0.000096	-2.374071	0.000096	0.999086	0.448744	
284	0.999161	0.000031	-2.286873	-0.000031	0.999161	0.353995	
285	0.999084	-0.000098	-1.933424	0.000098	0.999084	0.286340	
286	0.999167	-0.000204	-1.847278	0.000204	0.999167	0.222646	
287	0.999321	-0.000117	-1.577726	0.000117	0.999321	0.199543	
288	0.999572	-0.000171	-1.290264	0.000171	0.999572	0.118872	
289	0.999590	-0.000166	-0.954007	0.000166	0.999590	0.104095	
290	0.999694	-0.000053	-0.629187	0.000053	0.999694	0.058493	
291	0.999804	0.000047	-0.351929	-0.000047	0.999804	0.082281	
292	0.999957	-0.000012	-0.253121	0.000012	0.999957	0.005314	
293	0.999991	0.000016	0.102783	-0.000016	0.999991	-0.004621	
294	1.000086	-0.000053	0.059844	0.000053	1.000086	-0.093052	
295	1.000103	-0.000040	0.045397	0.000040	1.000103	-0.065708	
296	1.000118	0.000024	0.043736	-0.000024	1.000118	-0.056557	
297	1.000104	0.000002	0.007479	-0.000002	1.000104	-0.067614	
298	1.000159	0.000134	-0.044446	-0.000134	1.000159	-0.013325	
299	1.000221	0.000189	-0.078967	-0.000189	1.000221	0.036050	
300	1.000160	0.000219	-0.074329	-0.000219	1.000160	0.091115	
301	1.000155	0.000187	-0.061960	-0.000187	1.000155	0.059548	
302	1.000092	0.000149	0.009963	-0.000149	1.000092	0.029210	
303	1.000197	0.000075	-0.056485	-0.000075	1.000197	-0.067151	
304	1.000234	-0.000019	-0.091232	0.000019	1.000234	-0.149976	
305	1.000224	0.000002	-0.116016	-0.000002	1.000224	-0.133877	
306	1.000226	0.000019	-0.135558	-0.000019	1.000226	-0.106045	
307	1.000212	0.000077	-0.103679	-0.000077	1.000212	-0.080275	
308	1.000148	0.000064	-0.077165	-0.000064	1.000148	-0.115470	
309	1.000167	0.000023	-0.097560	-0.000023	1.000167	-0.114085	
310	1.000205	-0.000009	-0.111186	0.000009	1.000205	-0.141492	
311	1.000273	0.000009	-0.146282	-0.000009	1.000273	-0.085843	
312	1.000272	-0.000048	-0.126860	0.000048	1.000272	-0.093397	
313	1.000335	-0.000027	-0.186336	0.000027	1.000335	-0.094911	
314	1.000279	0.000043	-0.173209	-0.000043	1.000279	-0.053254	
315	1.000374	0.000079	-0.246717	-0.000079	1.000374	-0.114099	
316	1.000398	0.000091	-0.247931	-0.000091	1.000398	-0.210703	
317	1.000310	0.000105	-0.220243	-0.000105	1.000310	-0.056048	
318	1.000438	0.000013	-0.325262	-0.000013	1.000438	-0.040648	
319	1.000347	0.000001	-0.263398	-0.000001	1.000347	-0.043903	
320	1.000336	0.000007	-0.210720	-0.000007	1.000336	-0.097831	
321	1.000382	0.000017	-0.187376	-0.000017	1.000382	-0.094121	
322	1.000355	-0.000051	-0.202750	0.000051	1.000355	-0.119864	
323	1.000339	-0.000081	-0.179027	0.000081	1.000339	-0.107270	
324	1.000311	-0.000057	-0.166543	0.000057	1.000311	-0.090636	
325	1.000335	-0.000047	-0.001065	0.000047	1.000335	-0.111806	
326	1.000395	0.000087	0.124999	-0.000087	1.000395	-0.099047	
327	1.000318	0.000083	0.322895	-0.000083	1.000318	-0.112233	
328	1.000365	0.000006	0.458656	-0.000006	1.000365	-0.156362	
329	1.000346	0.000024	0.627784	-0.000024	1.000346	-0.146767	
330	1.000440	-0.000021	0.700962	0.000021	1.000440	-0.190195	
331	1.000500	-0.000015	0.795011	0.000015	1.000500	-0.191016	
332	1.000751	-0.000070	1.027842	0.000070	1.000751	-0.288872	
333	1.000650	0.000054	1.294566	-0.000054	1.000650	-0.202077	
334	1.000819	0.000039	1.400135	-0.000039	1.000819	-0.267041	
335	1.000795	0.000018	1.684054	-0.000018	1.000795	-0.298237	
336	1.000913	0.000045	1.771724	-0.000045	1.000913	-0.264034	
337	1.000759	0.000094	1.901974	-0.000094	1.000759	-0.189033	
338	1.000730	0.000034	2.085980	-0.000034	1.000730	-0.221430	
339	1.000556	-0.000020	2.188603	0.000020	1.000556	-0.160148	
340	1.000618	0.000014	2.544017	-0.000014	1.000618	-0.203418	
341	1.000587	-0.000103	3.189351	0.000103	1.000587	-0.107261	
342	1.000896	-0.000083	3.819740	0.000083	1.000896	-0.217183	
343	1.001329	0.000111	4.405256	-0.000111	1.001329	-0.419884	
344	1.000297	-0.000548	6.745086	0.000548	1.000297	-0.431991	
345	0.999919	-0.000550	7.736361	0.000550	0.999919	-0.201528	
346	1.000258	-0.000565	8.613788	0.000565	1.000258	-0.296407	
347	1.000470	-0.000332	9.373508	0.000332	1.000470	-0.314011	
348	1.000311	-0.000259	9.323815	0.000259	1.000311	-0.203786	
349	1.000225	-0.000288	10.255993	0.000288	1.000225	-0.154620	
350	1.000169	-0.000436	10.342618	0.000436	1.000169	-0.287051	
351	0.999937	-0.000537	10.188261	0.000537	0.999937	-0.329298	
352	0.999720	-0.000723	10.078433	0.000723	0.999720	-0.372340	
353	0.999859	-0.000416	9.017098	0.000416	0.999859	-0.258637	
354	0.999667	-0.000569	8.453528	0.000569	0.999667	-0.284817	
355	0.999827	-0.000730	8.089408	0.000730	0.999827	-0.213753	
356	0.999683	-0.000299	7.609283	0.000299	0.999683	-0.090008	
357	0.999494	-0.000456	7.682381	0.000456	0.999494	0.164429	
358	0.999918	-0.000453	7.411864	0.000453	0.999918	-0.070967	
359	0.999598	-0.000303	6.694862	0.000303	0.999598	0.192994	
360	1.000893	0.000319	4.661144	-0.000319	1.000893	-0.037265	
361	1.000782	0.000266	3.467725	-0.000266	1.000782	-0.162802	
362	1.000429	0.000224	2.541071	-0.000224	1.000429	-0.093260	
363	1.000160	0.000136	1.809626	-0.000136	1.000160	0.047631	
364	1.000101	0.000058	1.342285	-0.000058	1.000101	0.056374	
365	1.000142	0.000125	0.886881	-0.000125	1.000142	0.093132	
366	1.000076	0.000086	0.816596	-0.000086	1.000076	0.119803	
367	1.000037	-0.000073	0.633013	0.000073	1.000037	0.024016	
368	0.999859	-0.000069	0.602931	0.000069	0.999859	0.032239	
369	0.999954	-0.000103	0.685149	0.000103	0.999954	-0.062537	
370	0.999947	-0.000134	0.647692	0.000134	0.999947	-0.128719	
371	1.000225	-0.000081	0.940353	0.000081	1.000225	-0.225857	
372	1.000100	-0.000020	1.073935	0.000020	1.000100	-0.172092	
373	1.000223	0.000064	1.072110	-0.000064	1.000223	-0.181635	
374	1.000307	0.000026	1.306928	-0.000026	1.000307	-0.296938	
375	1.000252	0.000137	1.259531	-0.000137	1.000252	-0.158725	
376	1.000216	0.000115	1.236392	-0.000115	1.000216	-0.126818	
377	1.000216	0.000213	0.928397	-0.000213	1.000216	-0.079503	
378	1.000222	0.000179	0.908433	-0.000179	1.000222	-0.057422	
379	1.000174	0.000198	0.747229	-0.000198	1.000174	-0.011454	
380	1.000094	0.000057	0.813493	-0.000057	1.000094	-0.084525	
381	1.000241	0.000078	0.980896	-0.000078	1.000241	-0.056833	
