0	1.000000	0.000000	0.000000	0.000000	1.000000	0.000000	
1	0.999880	-0.000027	0.374327	0.000027	0.999880	0.047477	
2	0.999894	-0.000008	0.417283	0.000008	0.999894	0.054974	
3	1.000010	0.000035	0.801028	-0.000035	1.000010	0.035031	
4	0.999980	0.000032	0.883666	-0.000032	0.999980	0.044786	
5	1.000001	0.000007	1.056632	-0.000007	1.000001	-0.014738	
6	1.000003	0.000026	1.087221	-0.000026	1.000003	-0.025253	
7	0.999992	0.000023	1.359802	-0.000023	0.999992	-0.012758	
8	1.000106	0.000088	1.565672	-0.000088	1.000106	0.027590	
9	1.000047	0.000055	1.680476	-0.000055	1.000047	0.022929	
10	1.000183	0.000045	1.942921	-0.000045	1.000183	-0.058768	
11	1.000117	0.000158	2.090671	-0.000158	1.000117	0.043351	
12	1.000094	0.000041	2.167851	-0.000041	1.000094	-0.055011	
13	1.000122	0.000050	2.298184	-0.000050	1.000122	-0.050069	
14	1.000242	0.000155	2.259135	-0.000155	1.000242	0.018273	
15	1.000224	0.000142	2.256914	-0.000142	1.000224	0.002689	
16	1.000272	0.000149	2.278699	-0.000149	1.000272	-0.022382	
17	1.000304	0.000100	2.165779	-0.000100	1.000304	-0.119086	
18	0.999841	-0.000087	2.785221	0.000087	0.999841	-0.059981	
19	1.000272	0.000121	2.207816	-0.000121	1.000272	-0.100624	
20	1.000286	0.000185	2.241911	-0.000185	1.000286	-0.032502	
21	1.000262	0.000127	2.296801	-0.000127	1.000262	-0.046417	
22	1.000288	0.000180	2.197794	-0.000180	1.000288	-0.011606	
23	1.000274	0.000201	2.253229	-0.000201	1.000274	0.008004	
24	1.000372	0.000143	2.191597	-0.000143	1.000372	-0.097388	
25	1.000254	0.000121	2.206937	-0.000121	1.000254	-0.063451	
26	1.000374	0.000197	2.037881	-0.000197	1.000374	-0.038341	
27	1.000366	0.000196	2.090958	-0.000196	1.000366	-0.034576	
28	1.000279	0.000137	2.139101	-0.000137	1.000279	-0.060464	
29	1.000314	0.000136	2.111021	-0.000136	1.000314	-0.092986	
30	1.000291	0.000131	2.105653	-0.000131	1.000291	-0.050142	
31	1.000290	0.000184	2.049685	-0.000184	1.000290	-0.029661	
32	1.000409	0.000147	2.195164	-0.000147	1.000409	-0.124676	
33	1.000451	0.000255	2.321058	-0.000255	1.000451	-0.041036	
34	1.000414	0.000221	2.349067	-0.000221	1.000414	-0.066658	
35	1.000443	0.000296	2.545844	-0.000296	1.000443	-0.003114	
36	1.000477	0.000229	2.642213	-0.000229	1.000477	-0.102747	
37	1.000410	0.000277	2.750215	-0.000277	1.000410	-0.058737	
38	1.000627	0.000368	2.885186	-0.000368	1.000627	-0.026806	
39	1.000459	0.000355	2.962939	-0.000355	1.000459	0.019307	
40	1.000607	0.000375	3.347679	-0.000375	1.000607	-0.000285	
41	1.000738	0.000385	3.584053	-0.000385	1.000738	-0.014938	
42	1.000826	0.000562	3.943750	-0.000562	1.000826	0.000534	
43	1.000965	0.000490	4.713519	-0.000490	1.000965	-0.165443	
44	1.001103	0.000564	5.019609	-0.000564	1.001103	-0.155503	
45	0.999734	-0.000314	7.087474	0.000314	0.999734	-0.151332	
46	1.000430	-0.000060	7.201240	0.000060	1.000430	-0.279327	
47	1.000102	-0.000470	8.690926	0.000470	1.000102	-0.654387	
48	0.999814	-0.000489	10.134624	0.000489	0.999814	-0.457217	
49	0.999555	-0.000717	13.344114	0.000717	0.999555	-0.442036	
50	0.999876	-0.000803	15.701959	0.000803	0.999876	-0.723719	
51	0.999802	-0.000878	18.865359	0.000878	0.999802	-0.653718	
52	1.000172	-0.001266	23.053064	0.001266	1.000172	-1.013317	
53	1.000325	-0.001304	25.341761	0.001304	1.000325	-1.069869	
54	0.999130	-0.001595	29.312252	0.001595	0.999130	-0.886013	
55	0.999767	-0.001708	31.838719	0.001708	0.999767	-1.353402	
56	0.999452	-0.001789	34.085281	0.001789	0.999452	-1.344648	
57	1.000039	-0.002077	35.951021	0.002077	1.000039	-1.787454	
58	0.999865	-0.002145	36.493451	0.002145	0.999865	-1.770309	
59	1.000352	-0.002184	35.613937	0.002184	1.000352	-1.875897	
60	0.999939	-0.002315	35.271951	0.002315	0.999939	-1.725877	
61	0.999820	-0.002143	32.903522	0.002143	0.999820	-1.498788	
62	1.000022	-0.002028	30.454751	0.002028	1.000022	-1.959250	
63	0.999716	-0.001924	29.851567	0.001924	0.999716	-2.019764	
64	1.000098	-0.001651	27.073052	0.001651	1.000098	-1.671852	
65	1.000203	-0.001566	25.795421	0.001566	1.000203	-1.008350	
66	0.999283	-0.001371	24.128943	0.001371	0.999283	-0.222404	
67	1.000582	-0.001472	20.421005	0.001472	1.000582	-1.012520	
68	0.999897	-0.001329	18.381411	0.001329	0.999897	-1.171839	
69	1.000062	-0.001143	15.137758	0.001143	1.000062	-1.475023	
70	1.000523	-0.001077	11.437754	0.001077	1.000523	-1.627130	
71	1.000573	-0.001070	8.830565	0.001070	1.000573	-1.312169	
72	1.002480	-0.000311	3.784228	0.000311	1.002480	-1.097758	
73	1.001503	-0.000112	2.885263	0.000112	1.001503	-0.516837	
74	1.001087	-0.000001	1.818991	0.000001	1.001087	-0.369235	
75	1.000633	-0.000061	1.044692	0.000061	1.000633	-0.351057	
76	1.000274	0.000046	0.491550	-0.000046	1.000274	-0.455536	
77	1.000165	0.000154	-0.146567	-0.000154	1.000165	-0.240471	
78	1.000069	0.000097	-0.344034	-0.000097	1.000069	-0.040585	
79	0.999973	-0.000005	-0.462673	0.000005	0.999973	0.215020	
80	1.000123	0.000012	-0.326929	-0.000012	1.000123	0.090672	
81	1.000120	0.000066	-0.246341	-0.000066	1.000120	0.156784	
82	1.000150	0.000032	-0.241008	-0.000032	1.000150	-0.076711	
83	1.000256	-0.000077	-0.278480	0.000077	1.000256	-0.156291	
84	1.000245	-0.000103	-0.282000	0.000103	1.000245	-0.227028	
85	1.000309	-0.000178	-0.315380	0.000178	1.000309	-0.251110	
86	1.000310	-0.000265	-0.222910	0.000265	1.000310	-0.154991	
87	1.000298	-0.000193	-0.224967	0.000193	1.000298	-0.120761	
88	1.000274	-0.000146	-0.191980	0.000146	1.000274	-0.145095	
89	1.000217	-0.000204	-0.144729	0.000204	1.000217	-0.319336	
90	1.000215	-0.000136	-0.188916	0.000136	1.000215	-0.381320	
91	1.000379	-0.000123	0.066344	0.000123	1.000379	-0.494397	
92	1.000562	-0.000149	0.140826	0.000149	1.000562	-0.349331	
93	1.000641	-0.000217	0.321172	0.000217	1.000641	-0.153269	
94	1.000721	-0.000073	0.474269	0.000073	1.000721	-0.114342	
95	1.000943	0.000003	0.955557	-0.000003	1.000943	-0.287114	
96	1.001122	0.000119	1.121763	-0.000119	1.001122	-0.455215	
97	1.001174	0.000304	1.423148	-0.000304	1.001174	-0.502246	
98	1.001290	0.000021	1.685256	-0.000021	1.001290	-0.406804	
99	1.001380	0.000010	2.045020	-0.000010	1.001380	-0.440322	
100	1.001431	0.000038	2.083998	-0.000038	1.001431	-0.450179	
101	1.001587	0.000019	2.286938	-0.000019	1.001587	-0.638406	
102	1.002171	0.000054	1.891423	-0.000054	1.002171	-0.871281	
103	1.001756	0.000135	2.422952	-0.000135	1.001756	-0.607124	
104	1.001853	0.000086	2.419546	-0.000086	1.001853	-0.608023	
105	1.001907	0.000161	2.488614	-0.000161	1.001907	-0.545549	
106	1.001792	0.000215	2.533517	-0.000215	1.001792	-0.451648	
107	1.002021	0.000354	2.696849	-0.000354	1.002021	-0.501911	
108	1.001919	0.000337	2.513489	-0.000337	1.001919	-0.523201	
109	1.001695	0.000370	2.556294	-0.000370	1.001695	-0.380785	
110	1.001921	0.000269	2.488885	-0.000269	1.001921	-0.493117	
111	1.001862	0.000292	2.170633	-0.000292	1.001862	-0.425324	
112	1.001668	0.000181	1.997723	-0.000181	1.001668	-0.429458	
113	1.001273	0.000208	2.047240	-0.000208	1.001273	-0.304890	
114	1.001247	0.000129	1.601561	-0.000129	1.001247	-0.369411	
115	1.001013	0.000170	1.176104	-0.000170	1.001013	-0.262782	
116	1.000915	0.000106	0.858819	-0.000106	1.000915	-0.267546	
117	1.000608	0.000060	0.503938	-0.000060	1.000608	-0.184508	
118	1.000677	0.000003	0.081652	-0.000003	1.000677	-0.259210	
119	1.000411	0.000006	-0.186989	-0.000006	1.000411	-0.149543	
120	1.000352	-0.000041	-0.344126	0.000041	1.000352	-0.195232	
121	1.000313	-0.000030	-0.335201	0.000030	1.000313	-0.170416	
122	1.000301	0.000036	-0.202433	-0.000036	1.000301	-0.091912	
123	1.000368	0.000031	-0.163454	-0.000031	1.000368	-0.099687	
124	1.000304	0.000045	-0.108742	-0.000045	1.000304	-0.062157	
125	1.000300	0.000011	-0.094211	-0.000011	1.000300	-0.088431	
126	1.000355	0.000020	-0.137758	-0.000020	1.000355	-0.098597	
127	1.000326	0.000035	-0.092786	-0.000035	1.000326	-0.077798	
128	1.000284	0.000066	-0.059787	-0.000066	1.000284	-0.054533	
129	1.000299	0.000122	-0.065017	-0.000122	1.000299	-0.003435	
130	1.000246	0.000115	-0.067829	-0.000115	1.000246	0.012891	
131	1.000240	0.000133	-0.070977	-0.000133	1.000240	0.032802	
132	1.000338	0.000164	-0.134908	-0.000164	1.000338	0.016518	
133	1.000364	0.000163	-0.180071	-0.000163	1.000364	-0.005438	
134	1.000307	0.000214	-0.128410	-0.000214	1.000307	0.066936	
135	1.000268	0.000213	-0.105120	-0.000213	1.000268	0.086088	
136	1.000324	0.000216	-0.161422	-0.000216	1.000324	0.105953	
137	1.000075	0.000243	0.081739	-0.000243	1.000075	0.206973	
138	1.000203	0.000162	-0.042003	-0.000162	1.000203	0.081864	
139	1.000196	0.000098	-0.007017	-0.000098	1.000196	0.012281	
140	1.000185	0.000068	-0.002304	-0.000068	1.000185	-0.012817	
141	1.000070	0.000066	0.097093	-0.000066	1.000070	0.023782	
142	1.000221	0.000089	-0.035561	-0.000089	1.000221	0.013132	
143	1.000216	0.000125	-0.059908	-0.000125	1.000216	0.054730	
144	1.000204	0.000167	-0.055129	-0.000167	1.000204	0.082652	
145	1.000193	0.000171	-0.056888	-0.000171	1.000193	0.096548	
146	1.000146	0.000188	-0.004106	-0.000188	1.000146	0.113412	
147	1.000157	0.000191	-0.012094	-0.000191	1.000157	0.115646	
148	1.000153	0.000176	-0.044823	-0.000176	1.000153	0.105677	
149	1.000217	0.000164	-0.072431	-0.000164	1.000217	0.078008	
150	1.000251	0.000127	-0.068407	-0.000127	1.000251	0.033892	
151	1.000231	0.000121	-0.046630	-0.000121	1.000231	0.049774	
152	1.000300	0.000144	-0.114397	-0.000144	1.000300	0.054694	
153	1.000237	0.000157	-0.063647	-0.000157	1.000237	0.096982	
154	1.000322	0.000211	-0.130590	-0.000211	1.000322	0.127711	
155	1.000357	0.000210	-0.129450	-0.000210	1.000357	0.114562	
156	1.000298	0.000150	-0.106172	-0.000150	1.000298	0.070234	
157	1.000295	0.000110	-0.093695	-0.000110	1.000295	0.026169	
158	1.000219	0.000107	-0.047954	-0.000107	1.000219	0.028136	
159	1.000228	0.000152	-0.052971	-0.000152	1.000228	0.049177	
160	1.000233	0.000182	-0.072124	-0.000182	1.000233	0.077100	
161	1.000202	0.000190	-0.064972	-0.000190	1.000202	0.114600	
162	1.000212	0.000200	-0.079458	-0.000200	1.000212	0.126453	
163	1.000202	0.000155	-0.055157	-0.000155	1.000202	0.085921	
164	1.000230	0.000093	-0.058945	-0.000093	1.000230	0.024173	
165	1.000265	0.000071	-0.092632	-0.000071	1.000265	0.011723	
166	1.000193	0.000083	-0.034176	-0.000083	1.000193	0.033434	
167	1.000231	0.000113	-0.045144	-0.000113	1.000231	0.051227	
168	1.000233	0.000139	-0.085925	-0.000139	1.000233	0.083981	
169	1.000271	0.000167	-0.124541	-0.000167	1.000271	0.115439	
170	1.000279	0.000197	-0.139127	-0.000197	1.000279	0.133157	
171	1.000241	0.000180	-0.096006	-0.000180	1.000241	0.094691	
172	1.000127	0.000075	0.013497	-0.000075	1.000127	0.019827	
173	1.000015	0.000008	0.101635	-0.000008	1.000015	-0.009446	
174	1.000017	0.000006	0.096505	-0.000006	1.000017	-0.019287	
175	1.000003	0.000027	0.105811	-0.000027	1.000003	0.007474	
176	1.000030	0.000049	0.065947	-0.000049	1.000030	0.017243	
177	1.000067	0.000089	0.040881	-0.000089	1.000067	0.019285	
178	1.000071	0.000137	0.002047	-0.000137	1.000071	0.062261	
179	1.000040	0.000207	0.017201	-0.000207	1.000040	0.138414	
180	1.000140	0.000215	-0.090370	-0.000215	1.000140	0.159903	
181	1.000103	0.000188	-0.122108	-0.000188	1.000103	0.172236	
182	1.000206	0.000187	-0.222650	-0.000187	1.000206	0.146824	
183	1.000203	0.000153	-0.247391	-0.000153	1.000203	0.120202	
184	0.999998	0.000197	-0.323547	-0.000197	0.999998	0.200235	
185	0.999951	0.000110	-0.888255	-0.000110	0.999951	0.078380	
186	0.999582	0.000126	-1.538873	-0.000126	0.999582	0.101303	
187	0.999261	-0.000039	-2.212546	0.000039	0.999261	-0.020817	
188	0.998890	-0.000038	-3.035778	0.000038	0.998890	0.314730	
189	0.998487	-0.000240	-3.734564	0.000240	0.998487	0.402317	
190	0.998412	-0.000058	-4.934242	0.000058	0.998412	0.723426	
191	0.999514	0.000743	-7.028563	-0.000743	0.999514	0.890647	
192	0.996590	-0.000799	-4.670459	0.000799	0.996590	0.716055	
193	0.999333	0.000994	-8.802609	-0.000994	0.999333	0.978935	
194	0.999139	0.001016	-8.964080	-0.001016	0.999139	1.057011	
195	0.999070	0.000850	-9.583933	-0.000850	0.999070	1.045663	
196	0.999298	0.000798	-9.863442	-0.000798	0.999298	0.939433	
197	0.999432	0.000850	-10.149068	-0.000850	0.999432	1.123638	
198	0.999316	0.000804	-10.080235	-0.000804	0.999316	1.018149	
199	0.999368	0.000693	-9.536754	-0.000693	0.999368	0.757440	
200	0.999890	0.000811	-9.647890	-0.000811	0.999890	0.678293	
201	0.999441	0.000939	-8.816479	-0.000939	0.999441	1.032963	
202	0.999137	0.001080	-8.263799	-0.001080	0.999137	1.354471	
203	0.999558	0.000839	-7.892319	-0.000839	0.999558	0.888120	
204	0.996999	-0.000595	-4.819302	0.000595	0.996999	0.776595	
205	0.999854	0.000764	-7.449868	-0.000764	0.999854	0.665900	
206	0.999436	0.000665	-6.969550	-0.000665	0.999436	0.699659	
207	0.999643	0.000480	-7.063918	-0.000480	0.999643	0.455863	
208	0.999833	0.000565	-7.283959	-0.000565	0.999833	0.510006	
209	0.999750	0.000575	-7.500582	-0.000575	0.999750	0.502213	
210	0.996202	-0.000681	-4.214639	0.000681	0.996202	0.971397	
211	0.999867	0.000559	-8.072564	-0.000559	0.999867	0.399805	
212	0.999819	0.000740	-8.881017	-0.000740	0.999819	0.604675	
213	0.999937	0.000799	-8.868057	-0.000799	0.999937	0.777410	
214	0.999751	0.000705	-8.666367	-0.000705	0.999751	0.797054	
215	0.999717	0.000765	-8.948840	-0.000765	0.999717	0.803694	
216	0.999600	0.000677	-8.222074	-0.000677	0.999600	0.685618	
217	0.999202	0.000619	-7.788464	-0.000619	0.999202	0.784869	
218	0.999321	0.000590	-7.333060	-0.000590	0.999321	0.716905	
219	0.997348	-0.000504	-4.298702	0.000504	0.997348	0.680502	
220	0.999537	0.000351	-5.836985	-0.000351	0.999537	0.555730	
221	0.998376	-0.000607	-3.582750	0.000607	0.998376	0.252948	
222	0.998231	-0.000282	-2.751755	0.000282	0.998231	0.527032	
223	0.998673	-0.000283	-2.424040	0.000283	0.998673	0.271812	
224	0.998963	-0.000310	-2.164313	0.000310	0.998963	0.157709	
225	0.999278	-0.000217	-1.754455	0.000217	0.999278	0.110787	
226	0.999334	-0.000156	-1.464531	0.000156	0.999334	0.141311	
227	0.999428	-0.000090	-1.054390	0.000090	0.999428	0.140758	
228	0.999638	-0.000148	-0.920359	0.000148	0.999638	0.041934	
229	0.999744	-0.000130	-0.775735	0.000130	0.999744	0.024143	
230	0.999739	-0.000150	-0.436230	0.000150	0.999739	0.002265	
231	0.999849	-0.000167	-0.333813	0.000167	0.999849	-0.034961	
232	0.999923	-0.000210	-0.059163	0.000210	0.999923	-0.074915	
233	0.999905	-0.000196	-0.013311	0.000196	0.999905	-0.061234	
234	0.999904	-0.000175	-0.027674	0.000175	0.999904	-0.053933	
235	0.999821	-0.000139	-0.018889	0.000139	0.999821	-0.024691	
236	0.999755	-0.000077	0.004040	0.000077	0.999755	-0.003067	
237	0.999783	-0.000037	-0.003990	0.000037	0.999783	-0.002806	
238	0.999851	-0.000060	-0.038744	0.000060	0.999851	-0.023219	
239	0.999861	-0.000096	-0.051132	0.000096	0.999861	-0.040606	
240	0.999849	-0.000125	-0.035456	0.000125	0.999849	-0.043953	
241	0.999854	-0.000107	-0.047866	0.000107	0.999854	-0.058788	
242	0.999864	-0.000185	0.006759	0.000185	0.999864	-0.043038	
243	0.999817	-0.000170	0.025346	0.000170	0.999817	-0.011237	
244	0.999883	-0.000114	0.011334	0.000114	0.999883	-0.006964	
245	0.999806	-0.000102	0.056569	0.000102	0.999806	0.011631	
246	0.999791	-0.000114	0.034263	0.000114	0.999791	-0.015640	
247	0.999866	-0.000049	-0.009286	0.000049	0.999866	-0.003466	
248	0.999850	-0.000052	0.002169	0.000052	0.999850	0.012317	
249	0.999858	-0.000007	-0.006433	0.000007	0.999858	0.031546	
