0	1.000000	0.000000	0.000000	0.000000	1.000000	0.000000	
1	1.000882	0.000281	-8.930952	-0.000281	1.000882	-0.196912	
2	1.000966	0.000262	-8.393892	-0.000262	1.000966	-0.339403	
3	1.003073	0.000589	-7.998729	-0.000589	1.003073	-0.558804	
4	1.000655	-0.000216	-5.186049	0.000216	1.000655	-0.636161	
5	1.000336	-0.000106	-3.653738	0.000106	1.000336	-0.454471	
6	1.000271	-0.000148	-2.699628	0.000148	1.000271	-0.442697	
7	1.000535	-0.000044	-1.770037	0.000044	1.000535	-0.369257	
8	1.000713	0.000149	-0.497714	-0.000149	1.000713	-0.057789	
9	1.000631	0.000151	0.114174	-0.000151	1.000631	-0.004412	
10	1.000663	0.000208	0.512306	-0.000208	1.000663	-0.000058	
11	1.000654	0.000224	1.508427	-0.000224	1.000654	0.015008	
12	1.000660	0.000291	2.255129	-0.000291	1.000660	0.024773	
13	1.000596	0.000287	2.675196	-0.000287	1.000596	-0.147724	
14	1.000688	0.000327	2.653498	-0.000327	1.000688	-0.162209	
15	1.000486	0.000347	2.761753	-0.000347	1.000486	-0.154052	
16	1.000585	0.000362	2.752457	-0.000362	1.000585	-0.438670	
17	1.000551	0.000420	3.106761	-0.000420	1.000551	-0.535762	
18	1.000664	0.000502	3.344415	-0.000502	1.000664	-0.486406	
19	1.000691	0.000535	3.537441	-0.000535	1.000691	-0.380112	
20	1.000795	0.000473	3.870823	-0.000473	1.000795	-0.315995	
21	1.001018	0.000553	3.983996	-0.000553	1.001018	-0.242917	
22	1.000132	0.000348	5.238652	-0.000348	1.000132	-0.288603	
23	1.000340	0.000138	6.283068	-0.000138	1.000340	-0.703062	
24	0.999781	0.000035	6.934359	-0.000035	0.999781	-0.668505	
25	1.002918	0.000805	4.362419	-0.000805	1.002918	-0.560802	
26	1.000532	0.000163	7.001435	-0.000163	1.000532	-0.755992	
27	1.000223	0.000157	7.211071	-0.000157	1.000223	-0.665476	
28	0.997316	0.000171	8.565806	-0.000171	0.997316	0.109702	
29	0.998398	0.000167	7.923713	-0.000167	0.998398	-0.034765	
30	0.997319	0.000248	8.119844	-0.000248	0.997319	0.253418	
31	0.997395	0.000233	7.966459	-0.000233	0.997395	0.443813	
32	0.997172	0.000237	8.097302	-0.000237	0.997172	0.609737	
33	0.997380	0.000165	8.079513	-0.000165	0.997380	0.433511	
34	0.997090	0.000198	7.955257	-0.000198	0.997090	0.532316	
35	0.997087	0.000186	7.742712	-0.000186	0.997087	0.556958	
36	0.997393	0.000231	7.354142	-0.000231	0.997393	0.626013	
37	0.997238	0.000306	7.570360	-0.000306	0.997238	0.808904	
38	0.999610	0.000356	5.343303	-0.000356	0.999610	0.324185	
39	0.997394	0.000208	7.268931	-0.000208	0.997394	0.545046	
40	0.997845	0.000255	6.630010	-0.000255	0.997845	0.441421	
41	0.997578	0.000263	6.888154	-0.000263	0.997578	0.471537	
42	0.997097	0.000270	7.494390	-0.000270	0.997097	0.641894	
43	0.996968	0.000282	7.487974	-0.000282	0.996968	0.651868	
44	0.997149	0.000326	7.457009	-0.000326	0.997149	0.694067	
45	0.997334	0.000407	7.200045	-0.000407	0.997334	0.837536	
46	0.997047	0.000323	7.452755	-0.000323	0.997047	0.938873	
47	0.997046	0.000318	7.717915	-0.000318	0.997046	0.868292	
48	0.997877	0.000348	7.493811	-0.000348	0.997877	0.653415	
49	0.998872	0.000139	7.937534	-0.000139	0.998872	0.474604	
50	0.999321	-0.000031	8.030460	0.000031	0.999321	0.131614	
51	0.999866	0.000072	7.865747	-0.000072	0.999866	-0.296553	
52	0.998544	0.000234	8.710542	-0.000234	0.998544	-0.056284	
53	0.999898	0.000046	8.283360	-0.000046	0.999898	-0.367503	
54	0.999802	0.000017	8.299461	-0.000017	0.999802	-0.494020	
55	0.999851	0.000181	8.336555	-0.000181	0.999851	-0.570950	
56	0.997261	0.000178	9.276835	-0.000178	0.997261	-0.073279	
57	0.997569	0.000122	9.190651	-0.000122	0.997569	0.323121	
58	0.996373	0.000327	9.317846	-0.000327	0.996373	0.750780	
59	0.996933	0.000168	8.745347	-0.000168	0.996933	0.679849	
60	0.996548	0.000251	8.593920	-0.000251	0.996548	0.826094	
61	1.000210	0.000295	5.634017	-0.000295	1.000210	0.295184	
62	0.996835	0.000308	8.098115	-0.000308	0.996835	0.837188	
63	0.996932	0.000308	7.630681	-0.000308	0.996932	0.657954	
64	0.997481	0.000317	7.066346	-0.000317	0.997481	0.580471	
65	0.997766	0.000328	6.309610	-0.000328	0.997766	0.696289	
66	0.998471	0.000336	5.539068	-0.000336	0.998471	0.702662	
67	0.998874	0.000354	5.198711	-0.000354	0.998874	0.575541	
68	1.000044	0.000359	3.880611	-0.000359	1.000044	0.329982	
69	0.999777	0.000258	4.085163	-0.000258	0.999777	0.296754	
70	0.999556	0.000316	4.055670	-0.000316	0.999556	0.217680	
71	0.999225	0.000291	4.075153	-0.000291	0.999225	0.097244	
72	0.999429	0.000354	3.385946	-0.000354	0.999429	0.070260	
73	0.999040	0.000242	2.213120	-0.000242	0.999040	0.309111	
74	0.998841	0.000085	0.827157	-0.000085	0.998841	0.552590	
75	0.999020	-0.000051	-0.146028	0.000051	0.999020	0.281830	
76	0.998789	-0.000064	-0.802376	0.000064	0.998789	0.189026	
77	0.998638	-0.000199	-1.926205	0.000199	0.998638	0.308048	
78	0.998767	-0.000201	-3.139192	0.000201	0.998767	0.188925	
79	0.997763	-0.000183	-3.541055	0.000183	0.997763	0.105195	
80	1.000196	-0.000294	-6.628159	0.000294	1.000196	-0.513741	
81	0.997986	0.000127	-6.663353	-0.000127	0.997986	-0.141168	
82	1.000537	-0.000157	-7.921344	0.000157	1.000537	-0.618226	
83	0.997546	-0.000042	-6.821992	0.000042	0.997546	-0.069025	
84	0.998240	0.000152	-7.312593	-0.000152	0.998240	-0.227112	
85	0.996082	0.000004	-4.964221	-0.000004	0.996082	-0.188586	
86	0.998242	0.000161	-6.804144	-0.000161	0.998242	-0.698734	
87	0.996408	0.000150	-5.095114	-0.000150	0.996408	-0.427141	
88	0.996793	0.000176	-5.322140	-0.000176	0.996793	-0.485849	
89	0.998393	0.000204	-6.465527	-0.000204	0.998393	-0.817618	
90	0.998766	0.000163	-6.707722	-0.000163	0.998766	-0.926065	
91	1.000144	-0.000160	-7.035063	0.000160	1.000144	-1.274768	
92	0.998753	0.000226	-6.534437	-0.000226	0.998753	-0.824473	
93	0.994248	0.000390	-2.545009	-0.000390	0.994248	0.100950	
94	0.997116	0.000351	-5.281591	-0.000351	0.997116	-0.372027	
95	0.999530	0.000155	-7.975393	-0.000155	0.999530	-0.831667	
96	0.999510	0.000223	-8.172859	-0.000223	0.999510	-0.803799	
97	0.999751	0.000166	-8.350859	-0.000166	0.999751	-1.051186	
98	0.999744	0.000320	-7.986178	-0.000320	0.999744	-1.078573	
99	1.000114	0.000070	-8.064689	-0.000070	1.000114	-1.372512	
100	1.001735	-0.000327	-7.880037	0.000327	1.001735	-1.714545	
101	1.000348	0.000081	-6.922633	-0.000081	1.000348	-1.431800	
102	1.000770	-0.000046	-6.844521	0.000046	1.000770	-1.612530	
103	0.998383	0.000532	-5.122850	-0.000532	0.998383	-0.912958	
104	0.999968	0.000241	-6.690877	-0.000241	0.999968	-1.349286	
105	1.000182	0.000298	-6.954136	-0.000298	1.000182	-1.489071	
106	1.001704	-0.000213	-7.646237	0.000213	1.001704	-2.005234	
107	1.000055	0.000276	-6.985032	-0.000276	1.000055	-1.378149	
108	0.997509	0.000642	-4.354623	-0.000642	0.997509	-0.638355	
109	0.997527	0.000542	-3.868815	-0.000542	0.997527	-0.385624	
110	0.999086	0.000126	-4.097798	-0.000126	0.999086	-0.488721	
111	0.998889	0.000028	-3.397702	-0.000028	0.998889	-0.324216	
112	0.998501	0.000135	-2.592391	-0.000135	0.998501	-0.076241	
113	0.999653	0.000042	-2.973325	-0.000042	0.999653	-0.162194	
114	1.001221	0.000178	-3.596941	-0.000178	1.001221	-0.602038	
115	1.001506	0.000256	-3.658140	-0.000256	1.001506	-0.709871	
116	1.001295	0.000457	-3.331992	-0.000457	1.001295	-0.583042	
117	1.001458	0.000439	-3.500152	-0.000439	1.001458	-0.552744	
118	1.001109	0.000247	-3.406336	-0.000247	1.001109	-0.519774	
119	1.000847	0.000341	-3.407846	-0.000341	1.000847	-0.516481	
120	1.000709	0.000227	-3.819376	-0.000227	1.000709	-0.758594	
121	1.000552	0.000066	-4.196801	-0.000066	1.000552	-0.897060	
122	0.999998	-0.000004	-4.238018	0.000004	0.999998	-0.859840	
123	0.999548	0.000050	-4.278356	-0.000050	0.999548	-0.634606	
124	0.998801	0.000282	-4.021592	-0.000282	0.998801	-0.273480	
125	0.998401	0.000247	-3.872143	-0.000247	0.998401	-0.304222	
126	0.998195	0.000287	-3.726146	-0.000287	0.998195	-0.204937	
127	0.997635	0.000383	-3.767318	-0.000383	0.997635	-0.052136	
128	1.000230	-0.000040	-5.644742	0.000040	1.000230	-0.507674	
129	0.997943	0.000099	-3.899814	-0.000099	0.997943	-0.067368	
130	0.998381	0.000130	-4.023660	-0.000130	0.998381	-0.253146	
131	0.999406	0.000076	-4.609552	-0.000076	0.999406	-0.435772	
132	0.996265	0.000791	-2.280097	-0.000791	0.996265	0.440430	
133	0.997818	0.000269	-3.380817	-0.000269	0.997818	0.016435	
134	0.999113	0.000014	-3.893404	-0.000014	0.999113	-0.347448	
135	0.999103	0.000072	-3.781234	-0.000072	0.999103	-0.413986	
136	0.998074	0.000341	-3.351530	-0.000341	0.998074	-0.156213	
137	0.998927	0.000074	-3.704517	-0.000074	0.998927	-0.388924	
138	0.998251	0.000888	-2.979044	-0.000888	0.998251	0.231900	
139	0.998884	0.000657	-3.430083	-0.000657	0.998884	-0.039745	
140	0.998683	0.000418	-3.287060	-0.000418	0.998683	-0.165213	
141	0.997227	0.000512	-2.843183	-0.000512	0.997227	0.067062	
142	0.998657	0.000189	-3.834930	-0.000189	0.998657	-0.363400	
143	0.998935	0.000302	-4.170086	-0.000302	0.998935	-0.300312	
144	0.997541	0.000836	-3.652450	-0.000836	0.997541	0.272304	
145	0.999443	-0.000058	-5.218332	0.000058	0.999443	-0.321577	
146	0.998557	0.000129	-5.644650	-0.000129	0.998557	0.122089	
147	0.996134	0.000096	-3.823458	-0.000096	0.996134	0.429943	
148	0.994187	-0.000226	-2.705570	0.000226	0.994187	0.354511	
149	0.997419	0.000428	-5.807095	-0.000428	0.997419	0.586586	
150	0.996583	0.000200	-5.216916	-0.000200	0.996583	0.296782	
151	0.996750	0.000551	-5.650228	-0.000551	0.996750	0.426299	
152	0.997182	0.001078	-6.226975	-0.001078	0.997182	0.496172	
153	0.997144	0.000803	-6.313142	-0.000803	0.997144	0.312817	
154	0.997395	0.000289	-6.438362	-0.000289	0.997395	-0.033528	
155	0.996651	0.000008	-5.535055	-0.000008	0.996651	-0.164098	
156	0.994118	-0.000059	-2.921380	0.000059	0.994118	0.123285	
157	0.995649	0.000092	-3.766332	-0.000092	0.995649	0.014483	
158	0.995965	0.000115	-3.428638	-0.000115	0.995965	0.088730	
159	0.996282	0.000127	-3.137236	-0.000127	0.996282	0.160749	
160	0.996378	-0.000043	-2.838353	0.000043	0.996378	-0.163651	
161	0.996871	0.000048	-2.686142	-0.000048	0.996871	-0.287634	
162	0.997906	-0.000106	-2.797693	0.000106	0.997906	-0.509949	
163	0.997785	-0.000140	-2.480409	0.000140	0.997785	-0.444405	
164	0.997712	-0.000040	-2.142688	0.000040	0.997712	-0.310183	
165	0.997640	0.000015	-1.843124	-0.000015	0.997640	-0.319749	
166	0.997914	0.000044	-1.547327	-0.000044	0.997914	-0.311081	
167	0.998326	0.000046	-1.304724	-0.000046	0.998326	-0.463102	
168	0.998476	0.000038	-1.025753	-0.000038	0.998476	-0.479621	
169	0.998577	0.000031	-0.576476	-0.000031	0.998577	-0.390071	
170	0.998861	-0.000063	-0.139810	0.000063	0.998861	-0.407410	
171	0.998994	0.000035	0.614366	-0.000035	0.998994	-0.382290	
172	0.999100	-0.000128	0.909734	0.000128	0.999100	-0.613769	
173	0.999325	0.000115	0.872572	-0.000115	0.999325	-0.703379	
174	0.999325	0.000208	0.814531	-0.000208	0.999325	-0.964499	
175	0.999140	0.000517	0.694615	-0.000517	0.999140	-0.964075	
176	0.998975	0.000482	0.593229	-0.000482	0.998975	-0.921461	
177	0.998647	0.000418	0.798143	-0.000418	0.998647	-0.799339	
178	0.998406	0.000287	0.888697	-0.000287	0.998406	-1.143322	
179	0.998178	0.000513	1.013092	-0.000513	0.998178	-1.351106	
180	0.997403	0.000578	1.360811	-0.000578	0.997403	-1.307885	
181	0.997329	0.000642	0.832642	-0.000642	0.997329	-1.308632	
182	0.996932	0.000956	0.252657	-0.000956	0.996932	-0.951421	
183	0.996946	0.001365	-0.604908	-0.001365	0.996946	-0.331826	
184	0.997398	0.001232	-1.654557	-0.001232	0.997398	-0.265466	
185	0.997202	0.000627	-2.101907	-0.000627	0.997202	-0.537820	
186	0.995681	0.000849	-2.149028	-0.000849	0.995681	-0.304404	
187	0.995321	0.000581	-2.334565	-0.000581	0.995321	-0.393586	
188	0.997516	0.000355	-3.081019	-0.000355	0.997516	-0.712121	
189	0.995423	0.001027	-2.017786	-0.001027	0.995423	0.135859	
190	0.998105	0.000537	-2.838112	-0.000537	0.998105	0.004067	
191	0.996117	0.001337	-1.559346	-0.001337	0.996117	1.008745	
192	0.997758	0.000916	-1.892426	-0.000916	0.997758	0.888413	
193	0.998013	0.001049	-1.704729	-0.001049	0.998013	1.060268	
194	0.997774	0.000305	-1.081260	-0.000305	0.997774	0.629947	
195	0.997712	0.000082	-0.246854	-0.000082	0.997712	0.719247	
196	0.997976	0.000005	0.159202	-0.000005	0.997976	0.937999	
197	0.997793	0.000110	0.702484	-0.000110	0.997793	1.288673	
198	0.997979	0.000165	0.675837	-0.000165	0.997979	1.232255	
199	0.998482	-0.000179	0.303921	0.000179	0.998482	0.665525	
200	0.998122	0.000164	0.122421	-0.000164	0.998122	0.794126	
201	0.998003	0.000225	-0.840583	-0.000225	0.998003	0.698122	
202	0.997934	0.000220	-2.282512	-0.000220	0.997934	0.599514	
203	0.995885	0.000066	-2.577807	-0.000066	0.995885	0.565233	
204	0.996462	0.000015	-3.289264	-0.000015	0.996462	0.651624	
205	0.996029	-0.000323	-3.504391	0.000323	0.996029	0.773725	
206	0.995685	0.000116	-3.900400	-0.000116	0.995685	0.739909	
207	0.996282	0.000837	-3.846358	-0.000837	0.996282	0.116118	
208	0.996409	0.001009	-2.720857	-0.001009	0.996409	0.138369	
209	0.998882	0.000634	-2.492223	-0.000634	0.998882	-0.391362	
210	0.999529	0.000748	-1.905119	-0.000748	0.999529	-0.820251	
211	0.999138	0.000861	-1.434028	-0.000861	0.999138	-0.698136	
212	0.997421	0.000440	-0.898016	-0.000440	0.997421	-0.229931	
213	0.998837	0.000197	-1.759353	-0.000197	0.998837	0.124491	
214	0.999759	0.000393	-2.252683	-0.000393	0.999759	-0.366893	
215	0.999952	0.000718	-2.229137	-0.000718	0.999952	-0.026271	
216	0.999808	0.000374	-2.090490	-0.000374	0.999808	0.395204	
217	0.998652	0.000758	-1.428874	-0.000758	0.998652	0.801793	
218	0.999898	0.000869	-2.290063	-0.000869	0.999898	0.405333	
219	1.000195	0.000864	-2.787892	-0.000864	1.000195	0.002965	
220	1.000027	0.000957	-2.565507	-0.000957	1.000027	0.164132	
221	1.000018	0.000792	-2.178579	-0.000792	1.000018	0.058475	
222	1.000039	0.000683	-1.797000	-0.000683	1.000039	-0.256656	
223	1.000049	0.000576	-0.974244	-0.000576	1.000049	-0.633648	
224	1.000146	0.000620	-0.946530	-0.000620	1.000146	-0.780050	
225	1.000239	0.000991	-1.178664	-0.000991	1.000239	-0.586869	
226	1.002355	0.001126	-2.311736	-0.001126	1.002355	-1.606084	
227	1.002294	0.000793	-1.729544	-0.000793	1.002294	-1.785373	
228	1.002559	0.000586	-1.617281	-0.000586	1.002559	-1.709696	
229	1.002716	0.000565	-1.270343	-0.000565	1.002716	-1.216175	
230	1.002978	0.000397	-1.103763	-0.000397	1.002978	-0.989736	
231	1.002722	0.000217	-1.053979	-0.000217	1.002722	-0.846246	
232	1.002973	0.000636	-1.112489	-0.000636	1.002973	-0.504915	
233	1.002641	0.000566	-0.908464	-0.000566	1.002641	-0.258965	
234	1.002465	0.000647	-0.781120	-0.000647	1.002465	-0.216930	
235	1.002028	0.000685	-0.450914	-0.000685	1.002028	-0.029471	
236	1.001776	0.000877	-0.280527	-0.000877	1.001776	0.233268	
237	1.000694	0.000288	0.223954	-0.000288	1.000694	0.308940	
238	1.000177	0.000577	0.741820	-0.000577	1.000177	0.756832	
239	1.000361	0.000410	0.390427	-0.000410	1.000361	0.780627	
240	1.000314	0.000347	0.445822	-0.000347	1.000314	0.758906	
241	1.000289	0.000359	0.404740	-0.000359	1.000289	0.866962	
242	1.000120	0.000620	0.344746	-0.000620	1.000120	1.385755	
243	1.000232	0.000608	0.002465	-0.000608	1.000232	1.634701	
244	1.000419	0.000392	-0.597971	-0.000392	1.000419	1.601272	
245	1.000157	0.000521	-1.141030	-0.000521	1.000157	1.653837	
246	1.000286	0.000548	-1.733059	-0.000548	1.000286	1.444344	
247	1.001234	0.000485	-2.639319	-0.000485	1.001234	1.278188	
248	1.001610	0.000312	-3.144910	-0.000312	1.001610	1.102902	
249	1.001901	0.000513	-3.640716	-0.000513	1.001901	1.197527	
250	1.001490	0.000555	-3.870259	-0.000555	1.001490	0.970845	
251	1.001490	0.000831	-3.811614	-0.000831	1.001490	1.011439	
252	1.000664	0.000956	-3.361909	-0.000956	1.000664	1.248959	
253	1.001024	0.000445	-4.193267	-0.000445	1.001024	1.070921	
254	1.002550	0.001317	-5.667637	-0.001317	1.002550	1.867785	
255	1.002882	0.001864	-6.188520	-0.001864	1.002882	2.598673	
256	0.996914	-0.000781	-2.913238	0.000781	0.996914	1.427733	
257	0.999504	0.000600	-3.988591	-0.000600	0.999504	2.274030	
258	0.999899	0.000356	-6.117785	-0.000356	0.999899	2.694613	
259	0.997482	-0.000275	-3.646479	0.000275	0.997482	2.132042	
260	1.000889	0.000718	-6.857763	-0.000718	1.000889	2.400705	
261	1.003743	0.001444	-8.047037	-0.001444	1.003743	2.321986	
262	1.001624	0.000778	-7.285017	-0.000778	1.001624	2.177616	
263	1.000942	0.000418	-7.373466	-0.000418	1.000942	1.904589	
264	1.003055	0.001505	-7.080986	-0.001505	1.003055	1.817091	
265	1.002196	0.000534	-7.691656	-0.000534	1.002196	1.348429	
266	1.000882	0.000818	-6.554934	-0.000818	1.000882	1.674032	
267	0.996116	0.000255	-2.325937	-0.000255	0.996116	1.839048	
268	1.004070	0.001684	-8.078138	-0.001684	1.004070	1.998206	
269	1.003928	0.001831	-8.038694	-0.001831	1.003928	2.162790	
270	1.003129	0.001057	-7.871870	-0.001057	1.003129	1.754470	
271	1.000043	0.001084	-4.590939	-0.001084	1.000043	1.964391	
272	1.000945	0.000928	-6.794530	-0.000928	1.000945	1.927957	
273	1.003677	0.000746	-8.784999	-0.000746	1.003677	1.544179	
274	0.999085	0.000173	-5.638638	-0.000173	0.999085	1.792812	
275	0.998193	0.000130	-5.234806	-0.000130	0.998193	1.614503	
276	1.006459	0.001733	-10.822525	-0.001733	1.006459	1.587856	
277	1.000640	0.001142	-8.504049	-0.001142	1.000640	1.991082	
278	1.007784	0.002194	-11.979752	-0.002194	1.007784	1.515183	
279	1.007231	0.003114	-11.055170	-0.003114	1.007231	1.554499	
280	1.001668	0.001606	-10.110544	-0.001606	1.001668	1.790418	
281	1.000365	0.001065	-9.449838	-0.001065	1.000365	1.779879	
282	0.995811	0.000507	-5.877426	-0.000507	0.995811	1.885852	
283	1.000124	0.001231	-9.855840	-0.001231	1.000124	1.886594	
284	1.001069	0.002421	-10.381656	-0.002421	1.001069	2.588539	
285	1.000471	0.001023	-10.500526	-0.001023	1.000471	2.040511	
286	1.010489	0.001820	-14.952181	-0.001820	1.010489	1.135568	
287	1.001166	0.000749	-11.059663	-0.000749	1.001166	1.889650	
288	1.009596	0.001292	-14.504206	-0.001292	1.009596	0.607451	
289	1.001273	0.000824	-11.141967	-0.000824	1.001273	1.309203	
290	1.002042	0.001610	-11.454463	-0.001610	1.002042	1.489476	
291	1.001205	0.001013	-11.653164	-0.001013	1.001205	1.438008	
292	1.011288	0.001671	-15.694176	-0.001671	1.011288	0.352017	
293	1.000751	0.000555	-12.355125	-0.000555	1.000751	1.591221	
294	1.000763	0.000512	-12.640142	-0.000512	1.000763	1.625850	
295	1.001142	0.000525	-13.184937	-0.000525	1.001142	1.722506	
296	1.004289	0.001899	-15.215476	-0.001899	1.004289	2.191927	
297	1.003924	0.004378	-14.730839	-0.004378	1.003924	3.219616	
298	1.000513	0.001592	-13.361053	-0.001592	1.000513	2.180987	
299	1.001310	0.000517	-14.297075	-0.000517	1.001310	1.658863	
300	1.001644	0.000386	-14.726267	-0.000386	1.001644	1.546406	
301	1.001316	0.000282	-14.712518	-0.000282	1.001316	1.287802	
302	1.001137	0.000319	-14.734464	-0.000319	1.001137	1.242822	
303	1.001707	0.000476	-15.072905	-0.000476	1.001707	1.048511	
304	1.001029	0.000167	-15.060536	-0.000167	1.001029	0.883633	
305	1.000416	0.000300	-14.354323	-0.000300	1.000416	0.841278	
306	1.000198	0.000378	-13.168296	-0.000378	1.000198	0.440675	
307	1.000670	0.000158	-12.762322	-0.000158	1.000670	-0.215177	
308	1.000165	0.000114	-11.761130	-0.000114	1.000165	-0.141696	
309	1.000288	0.000306	-11.445726	-0.000306	1.000288	0.445781	
310	0.999607	0.000427	-11.481442	-0.000427	0.999607	0.824436	
311	1.000707	0.000299	-13.441040	-0.000299	1.000707	0.291828	
312	1.000222	0.000345	-14.669376	-0.000345	1.000222	0.158036	
313	1.000917	0.000070	-17.035882	-0.000070	1.000917	0.307848	
314	1.000021	0.000525	-17.467557	-0.000525	1.000021	1.460104	
315	1.000684	0.000174	-18.171623	-0.000174	1.000684	1.252539	
316	1.000831	0.000210	-17.457419	-0.000210	1.000831	0.866995	
317	1.000872	-0.000220	-16.474195	0.000220	1.000872	0.005778	
318	1.000522	0.000007	-15.820886	-0.000007	1.000522	0.401503	
319	1.000616	0.000546	-15.508203	-0.000546	1.000616	0.896716	
320	0.999770	0.000126	-13.457960	-0.000126	0.999770	-0.231584	
321	0.990059	0.000682	-3.914920	-0.000682	0.990059	1.233402	
322	0.999490	0.000380	-11.803341	-0.000380	0.999490	0.822858	
323	0.999377	0.000224	-11.642217	-0.000224	0.999377	1.303357	
324	0.999960	0.000045	-11.896281	-0.000045	0.999960	0.490660	
325	1.001030	0.000223	-11.699439	-0.000223	1.001030	-0.321258	
326	1.001433	0.000360	-12.175671	-0.000360	1.001433	0.127980	
327	1.000578	0.000172	-12.514218	-0.000172	1.000578	0.567339	
328	1.000729	0.000304	-11.767465	-0.000304	1.000729	0.669732	
329	0.990065	0.000624	-1.834156	-0.000624	0.990065	1.745965	
330	1.000181	0.000028	-10.494482	-0.000028	1.000181	-0.241275	
331	1.000157	0.000188	-10.003368	-0.000188	1.000157	-0.011523	
332	0.999116	0.000545	-9.036314	-0.000545	0.999116	0.582617	
333	0.999793	-0.000027	-10.166530	0.000027	0.999793	0.344491	
334	1.002200	0.000251	-11.561354	-0.000251	1.002200	0.173511	
335	1.000433	0.000121	-10.863854	-0.000121	1.000433	0.306850	
336	0.998816	0.000597	-9.326136	-0.000597	0.998816	0.650802	
337	0.999337	0.000488	-9.515217	-0.000488	0.999337	0.584379	
338	0.991748	0.000210	-3.314994	-0.000210	0.991748	1.355679	
339	0.999204	0.000573	-10.026794	-0.000573	0.999204	0.753104	
340	0.999852	0.000051	-10.618051	-0.000051	0.999852	0.518527	
341	0.999580	0.000192	-10.292457	-0.000192	0.999580	0.687880	
342	0.997204	0.000430	-7.933978	-0.000430	0.997204	0.961786	
343	0.999396	0.000562	-9.100708	-0.000562	0.999396	0.918194	
344	0.999435	0.000487	-8.647024	-0.000487	0.999435	0.860173	
345	0.999870	0.000128	-8.662075	-0.000128	0.999870	0.475841	
346	0.999854	0.000374	-8.261178	-0.000374	0.999854	0.373117	
347	0.999792	0.000213	-7.695704	-0.000213	0.999792	0.215545	
348	0.999717	0.000075	-7.402640	-0.000075	0.999717	0.003739	
349	1.002068	-0.000102	-7.754892	0.000102	1.002068	-0.402045	
350	1.000864	0.000550	-5.185059	-0.000550	1.000864	0.112779	
351	0.999506	0.000124	-3.933188	-0.000124	0.999506	-0.081597	
352	0.999299	0.000066	-2.861392	-0.000066	0.999299	-0.108970	
353	0.999084	0.000346	-1.236652	-0.000346	0.999084	0.031215	
354	0.999805	0.000283	0.334061	-0.000283	0.999805	-0.024950	
355	0.999899	0.000161	0.851566	-0.000161	0.999899	-0.118002	
356	1.000001	0.000916	0.849826	-0.000916	1.000001	0.254328	
357	1.000106	0.000307	1.242240	-0.000307	1.000106	-0.386260	
358	1.000145	0.000206	1.676994	-0.000206	1.000145	-0.442772	
359	1.000382	0.000446	1.716892	-0.000446	1.000382	-0.444043	
360	1.000198	0.000545	1.992331	-0.000545	1.000198	-0.713141	
361	1.000174	0.000593	2.179842	-0.000593	1.000174	-0.830131	
362	1.001376	0.001663	1.882302	-0.001663	1.001376	-0.395279	
363	1.000179	0.000595	2.216465	-0.000595	1.000179	-0.712677	
364	0.999955	0.000471	2.118520	-0.000471	0.999955	-0.759878	
365	0.999963	0.000393	1.836303	-0.000393	0.999963	-0.825391	
366	0.999983	0.000504	1.550427	-0.000504	0.999983	-0.701466	
367	1.000051	0.000567	1.114434	-0.000567	1.000051	-0.605528	
368	1.000212	0.000523	0.419798	-0.000523	1.000212	-0.704848	
369	1.000176	0.000369	-0.289408	-0.000369	1.000176	-0.612602	
370	0.999828	0.000370	-0.460956	-0.000370	0.999828	-0.216847	
371	0.999331	0.000259	-1.113573	-0.000259	0.999331	0.054377	
372	0.999208	0.000225	-2.116508	-0.000225	0.999208	0.236192	
373	0.999302	0.000375	-3.586454	-0.000375	0.999302	0.254341	
374	1.004189	0.001050	-8.101566	-0.001050	1.004189	0.087981	
375	1.001451	0.000578	-7.317066	-0.000578	1.001451	0.374412	
376	1.000509	0.000328	-7.277992	-0.000328	1.000509	0.556800	
377	0.997882	0.001657	-3.418763	-0.001657	0.997882	1.679768	
378	1.000551	0.001187	-7.902724	-0.001187	1.000551	0.721811	
379	1.000776	0.000278	-8.125041	-0.000278	1.000776	0.278901	
380	1.000039	0.000249	-7.279633	-0.000249	1.000039	0.496791	
381	0.997260	0.000074	-4.735621	-0.000074	0.997260	0.508284	
382	0.995216	0.000281	-3.635536	-0.000281	0.995216	0.680315	
383	1.001507	0.000739	-8.579640	-0.000739	1.001507	0.381192	
384	0.999856	0.000286	-8.267053	-0.000286	0.999856	0.336122	
385	1.000154	0.000539	-8.717407	-0.000539	1.000154	0.383621	
386	1.001510	0.000992	-9.662965	-0.000992	1.001510	0.611010	
387	1.000653	0.000416	-9.486253	-0.000416	1.000653	0.548699	
388	1.005629	0.000925	-11.347827	-0.000925	1.005629	0.138050	
389	1.000982	0.000892	-9.374957	-0.000892	1.000982	0.895091	
390	1.000801	0.000683	-9.231863	-0.000683	1.000801	0.887566	
391	1.001217	0.000426	-9.513179	-0.000426	1.001217	0.863309	
392	0.996990	-0.000040	-5.976561	0.000040	0.996990	1.032950	
393	1.000963	0.000749	-9.104530	-0.000749	1.000963	1.045567	
394	1.000757	0.000327	-8.924441	-0.000327	1.000757	0.718243	
395	1.000910	0.000161	-9.088980	-0.000161	1.000910	0.561416	
396	1.001302	0.000291	-9.524858	-0.000291	1.001302	0.628965	
397	1.001112	0.000308	-9.455237	-0.000308	1.001112	0.521687	
398	1.001272	0.000125	-9.542065	-0.000125	1.001272	0.491126	
399	0.995180	0.000228	-3.922631	-0.000228	0.995180	1.250537	
400	1.005958	0.001259	-11.547018	-0.001259	1.005958	0.276146	
401	1.001344	0.000517	-9.730406	-0.000517	1.001344	0.399963	
402	1.001845	0.000305	-10.044237	-0.000305	1.001845	0.340326	
403	1.002136	0.000893	-9.918910	-0.000893	1.002136	0.666425	
404	1.001105	0.000541	-9.318809	-0.000541	1.001105	0.534617	
405	1.001106	0.000284	-9.106071	-0.000284	1.001106	0.398443	
406	1.001504	0.000087	-9.474490	-0.000087	1.001504	0.241971	
407	0.995148	-0.000083	-3.777893	0.000083	0.995148	0.649375	
408	1.000990	0.000377	-8.900655	-0.000377	1.000990	0.347120	
409	1.001111	0.000278	-8.998940	-0.000278	1.001111	0.459166	
410	1.001922	0.000481	-9.161408	-0.000481	1.001922	0.403633	
411	1.000356	0.000256	-8.344951	-0.000256	1.000356	0.479240	
412	0.996783	-0.000321	-5.084623	0.000321	0.996783	0.649241	
413	0.996568	0.000015	-4.462910	-0.000015	0.996568	1.097464	
414	1.000583	0.000286	-8.324931	-0.000286	1.000583	0.748122	
415	1.000447	0.000297	-8.283514	-0.000297	1.000447	0.741437	
416	1.000929	0.000637	-8.825757	-0.000637	1.000929	1.161588	
417	1.000336	0.000160	-9.260301	-0.000160	1.000336	1.184841	
418	1.000139	0.000318	-10.148909	-0.000318	1.000139	1.372018	
419	0.999984	0.000875	-10.626072	-0.000875	0.999984	1.724098	
420	1.000658	0.000739	-11.710374	-0.000739	1.000658	1.490539	
421	1.000591	0.000565	-12.287243	-0.000565	1.000591	1.392277	
422	1.001063	0.000685	-13.046750	-0.000685	1.001063	1.448928	
423	1.000914	0.000416	-13.604984	-0.000416	1.000914	1.285181	
424	0.999894	0.000615	-13.420193	-0.000615	0.999894	1.663962	
425	1.001292	0.000474	-15.447773	-0.000474	1.001292	1.145125	
426	1.002441	0.000750	-17.147191	-0.000750	1.002441	1.089851	
427	1.001117	0.000723	-16.867289	-0.000723	1.001117	1.218047	
428	1.001973	0.000711	-18.403417	-0.000711	1.001973	1.005998	
429	1.002033	0.000840	-19.227061	-0.000840	1.002033	1.244035	
430	1.002718	0.000782	-20.535378	-0.000782	1.002718	0.636727	
431	1.003110	0.000435	-21.456797	-0.000435	1.003110	0.174016	
432	1.003415	0.000674	-21.860901	-0.000674	1.003415	0.304900	
433	1.003882	0.000401	-22.424152	-0.000401	1.003882	-0.183308	
434	1.003119	0.001280	-21.861454	-0.001280	1.003119	0.635512	
435	1.003064	0.000599	-22.110930	-0.000599	1.003064	0.584811	
436	1.002137	0.001151	-21.263971	-0.001151	1.002137	1.481306	
437	1.002283	0.000474	-21.915897	-0.000474	1.002283	1.421024	
438	1.003121	0.001020	-23.344014	-0.001020	1.003121	2.119506	
439	1.002479	0.000557	-24.454852	-0.000557	1.002479	2.069261	
440	1.001786	0.001196	-25.372477	-0.001196	1.001786	3.374547	
441	1.002658	0.001567	-26.409476	-0.001567	1.002658	4.084724	
442	0.999910	0.002589	-24.355944	-0.002589	0.999910	6.014107	
443	1.001558	0.000802	-26.403898	-0.000802	1.001558	3.740538	
444	1.001061	0.000876	-26.370129	-0.000876	1.001061	3.351509	
445	1.000888	0.000752	-26.510616	-0.000752	1.000888	2.425163	
446	1.000065	0.000705	-26.493714	-0.000705	1.000065	2.001544	
447	0.999020	0.000911	-26.102782	-0.000911	0.999020	2.374082	
448	0.998664	0.000848	-25.883461	-0.000848	0.998664	2.079177	
449	0.999007	0.000604	-26.385547	-0.000604	0.999007	1.313987	
450	0.998830	0.000706	-25.875378	-0.000706	0.998830	0.878672	
451	0.998486	0.000848	-24.475928	-0.000848	0.998486	0.406222	
452	0.998353	0.000770	-22.425935	-0.000770	0.998353	-0.065156	
453	0.998651	0.000844	-20.028161	-0.000844	0.998651	-0.091900	
454	0.998455	0.000709	-16.495536	-0.000709	0.998455	-0.288441	
455	0.999014	0.000538	-13.848454	-0.000538	0.999014	-0.698417	
456	0.999291	0.000288	-11.644623	-0.000288	0.999291	-0.996535	
457	0.999442	0.000118	-9.328365	-0.000118	0.999442	-1.275027	
458	0.999419	0.000224	-7.289595	-0.000224	0.999419	-1.149872	
459	0.997871	0.000114	-4.643676	-0.000114	0.997871	-0.564841	
460	0.997461	-0.000010	-3.825099	0.000010	0.997461	-0.149177	
461	0.998939	-0.000213	-4.182058	0.000213	0.998939	-0.392835	
462	0.999288	-0.000063	-3.381575	0.000063	0.999288	-0.364697	
463	0.999419	-0.000029	-2.540895	0.000029	0.999419	-0.018144	
464	0.999571	-0.000024	-2.072368	0.000024	0.999571	0.160685	
465	0.999547	-0.000015	-1.755981	0.000015	0.999547	0.042271	
