0	1.000000	0.000000	0.000000	0.000000	1.000000	0.000000	
1	0.999207	-0.001809	16.509117	0.001809	0.999207	-0.399268	
2	0.999164	-0.001598	16.492758	0.001598	0.999164	0.165407	
3	0.999119	-0.001686	16.604613	0.001686	0.999119	0.782938	
4	0.999107	-0.001487	16.738172	0.001487	0.999107	0.755820	
5	1.000005	-0.001633	15.942238	0.001633	1.000005	-0.154634	
6	1.000231	-0.001934	15.701908	0.001934	1.000231	0.590151	
7	1.017960	0.013873	-6.263678	-0.013873	1.017960	4.505536	
8	0.998803	-0.001392	16.836464	0.001392	0.998803	1.560897	
9	1.018363	0.000410	-6.151839	-0.000410	1.018363	-0.737198	
10	0.998765	-0.001258	17.905942	0.001258	0.998765	1.749185	
11	0.998373	-0.001212	18.436773	0.001212	0.998373	3.167540	
12	0.998449	-0.001755	18.875577	0.001755	0.998449	2.628930	
13	0.999065	-0.002587	19.617169	0.002587	0.999065	1.856082	
14	1.020489	0.014972	-7.864834	-0.014972	1.020489	4.721243	
15	1.020705	0.014641	-7.688107	-0.014641	1.020705	4.523130	
16	0.998247	-0.002428	19.555015	0.002428	0.998247	1.102275	
17	0.998387	-0.002631	18.732397	0.002631	0.998387	1.072510	
18	1.018922	0.010588	-6.956806	-0.010588	1.018922	3.201081	
19	1.018446	0.008267	-6.422959	-0.008267	1.018446	2.327302	
20	0.996921	-0.001963	18.865012	0.001963	0.996921	1.989908	
21	0.997577	-0.002509	18.339874	0.002509	0.997577	1.092819	
22	1.015883	0.006519	-5.273987	-0.006519	1.015883	1.763944	
23	1.017728	0.008052	-6.248743	-0.008052	1.017728	2.076094	
24	1.015773	0.007306	-5.454548	-0.007306	1.015773	1.888596	
25	0.997864	-0.001333	16.986910	0.001333	0.997864	1.400620	
26	1.014101	0.006627	-4.848921	-0.006627	1.014101	1.802277	
27	1.011556	0.005139	-3.855131	-0.005139	1.011556	1.438269	
28	1.009794	0.003996	-3.275104	-0.003996	1.009794	1.145232	
29	1.009424	0.002738	-2.996377	-0.002738	1.009424	0.840706	
30	1.009125	0.001839	-3.030817	-0.001839	1.009125	0.652812	
31	1.008022	0.000570	-2.656631	-0.000570	1.008022	0.225406	
32	1.006854	-0.000309	-1.845264	0.000309	1.006854	0.161018	
33	1.002641	-0.000492	2.012654	0.000492	1.002641	0.976849	
34	1.003059	-0.000202	1.228365	0.000202	1.003059	1.088377	
35	1.004010	-0.000587	-0.477474	0.000587	1.004010	0.213666	
36	1.002514	-0.000017	0.663438	0.000017	1.002514	1.246446	
37	1.003008	-0.000042	-0.323313	0.000042	1.003008	0.798350	
38	1.003053	0.000248	-0.494703	-0.000248	1.003053	0.804736	
39	1.001821	0.000023	0.807982	-0.000023	1.001821	0.759716	
40	1.000282	-0.001152	1.600623	0.001152	1.000282	0.045859	
41	1.000383	-0.001084	1.336011	0.001084	1.000383	-0.036125	
42	1.000059	-0.001066	1.770570	0.001066	1.000059	0.189672	
43	1.000523	-0.000751	1.220010	0.000751	1.000523	0.393637	
44	1.001176	-0.000292	0.822446	0.000292	1.001176	0.624063	
45	1.001099	-0.000421	0.793626	0.000421	1.001099	0.590684	
46	1.001156	-0.000804	0.732663	0.000804	1.001156	0.371901	
47	1.001660	-0.000932	0.317735	0.000932	1.001660	0.186787	
48	1.001704	-0.001142	0.485406	0.001142	1.001704	-0.043228	
49	1.002114	-0.001155	0.070788	0.001155	1.002114	0.036319	
50	1.001381	-0.001231	0.302398	0.001231	1.001381	0.127909	
51	1.001264	-0.001167	0.205478	0.001167	1.001264	0.324683	
52	1.000437	-0.001278	0.600007	0.001278	1.000437	0.498700	
53	1.000677	-0.000781	0.511493	0.000781	1.000677	0.923268	
54	0.999836	-0.001353	0.923921	0.001353	0.999836	0.506776	
55	0.999968	-0.001612	0.671654	0.001612	0.999968	0.167720	
56	0.999737	-0.001910	0.754607	0.001910	0.999737	-0.074504	
57	0.999576	-0.001922	0.809103	0.001922	0.999576	0.111424	
58	0.999849	-0.001832	0.572514	0.001832	0.999849	0.379457	
59	1.000103	-0.001938	0.181740	0.001938	1.000103	0.465688	
60	0.999557	-0.001634	0.370559	0.001634	0.999557	0.921176	
61	0.999709	-0.001085	0.232206	0.001085	0.999709	1.313823	
62	0.999653	-0.001093	0.392023	0.001093	0.999653	1.382893	
63	0.999600	-0.001225	0.283358	0.001225	0.999600	1.396460	
64	0.999421	-0.001369	0.365123	0.001369	0.999421	1.275697	
65	0.999549	-0.001326	0.192760	0.001326	0.999549	1.417355	
66	0.999467	-0.001292	0.167794	0.001292	0.999467	1.501263	
67	0.999295	-0.001385	0.157179	0.001385	0.999295	1.482330	
68	0.999698	-0.000904	-0.336929	0.000904	0.999698	1.648491	
69	0.999526	-0.000810	-0.234386	0.000810	0.999526	1.626284	
70	0.999547	-0.000582	-0.491930	0.000582	0.999547	1.799385	
71	0.999529	-0.000453	-0.545979	0.000453	0.999529	1.722790	
72	0.999589	-0.000272	-0.742348	0.000272	0.999589	1.774475	
73	0.999427	-0.000276	-0.644268	0.000276	0.999427	1.748805	
74	0.999817	-0.000318	-1.101435	0.000318	0.999817	1.676940	
75	0.999990	-0.000406	-1.386451	0.000406	0.999990	1.548694	
76	0.999998	-0.000562	-1.439101	0.000562	0.999998	1.513386	
77	1.000155	-0.000511	-1.514753	0.000511	1.000155	1.508251	
78	1.000419	-0.000439	-1.833318	0.000439	1.000419	1.636634	
79	1.000646	-0.000419	-2.030518	0.000419	1.000646	1.557257	
80	1.000779	-0.000072	-2.148888	0.000072	1.000779	1.700291	
81	1.000581	-0.000021	-2.063290	0.000021	1.000581	1.720156	
82	1.000056	-0.000010	-1.685660	0.000010	1.000056	1.704956	
83	1.000492	0.000066	-2.151331	-0.000066	1.000492	1.507280	
84	1.000111	-0.000045	-2.000867	0.000045	1.000111	1.587286	
85	1.000107	-0.000141	-2.237563	0.000141	1.000107	1.551642	
86	1.000062	-0.000117	-2.438096	0.000117	1.000062	1.533831	
87	1.000214	-0.000274	-2.791243	0.000274	1.000214	1.332447	
88	0.999408	-0.000392	-2.135714	0.000392	0.999408	1.262802	
89	0.999517	-0.000319	-2.625917	0.000319	0.999517	1.122826	
90	1.000919	0.000409	-5.166044	-0.000409	1.000919	1.523952	
91	0.997047	-0.000559	-1.756684	0.000559	0.997047	1.302913	
92	0.999128	0.000003	-4.310284	-0.000003	0.999128	1.252159	
93	1.001470	0.001190	-7.718393	-0.001190	1.001470	1.895136	
94	0.995028	-0.000410	-0.831694	0.000410	0.995028	1.295967	
95	0.996785	-0.000686	-3.416985	0.000686	0.996785	0.751577	
96	1.001358	0.000923	-9.208816	-0.000923	1.001358	1.703587	
97	1.000838	0.000816	-9.066737	-0.000816	1.000838	1.668152	
98	1.001608	0.001061	-10.295563	-0.001061	1.001608	1.734946	
99	0.991363	-0.001121	-0.002200	0.001121	0.991363	0.808610	
100	1.001583	0.001227	-10.986623	-0.001227	1.001583	1.728304	
101	1.001395	0.001420	-11.116312	-0.001420	1.001395	1.941863	
102	1.001167	0.001263	-11.123449	-0.001263	1.001167	1.631012	
103	1.001490	0.001030	-11.695696	-0.001030	1.001490	1.164220	
104	1.001357	0.000862	-11.910757	-0.000862	1.001357	0.830620	
105	1.001705	0.000839	-12.377510	-0.000839	1.001705	0.634050	
106	0.991299	-0.000429	-1.072016	0.000429	0.991299	0.975915	
107	1.001063	0.001169	-12.148313	-0.001169	1.001063	0.972579	
108	1.001730	0.001276	-13.120249	-0.001276	1.001730	1.046355	
109	1.000861	0.001610	-12.518525	-0.001610	1.000861	1.507614	
110	1.002128	0.001605	-13.827500	-0.001605	1.002128	1.211752	
111	1.001469	0.001506	-13.515793	-0.001506	1.001469	1.333943	
112	1.002106	0.001130	-14.317125	-0.001130	1.002106	0.852502	
113	1.001805	0.000918	-14.296275	-0.000918	1.001805	0.760363	
114	1.001809	0.000786	-14.264941	-0.000786	1.001809	0.802468	
115	1.001210	0.001081	-13.519703	-0.001081	1.001210	1.357481	
116	1.001476	0.001056	-13.686848	-0.001056	1.001476	1.483846	
117	1.002072	0.000843	-13.995449	-0.000843	1.002072	1.211736	
118	1.001811	0.001175	-13.280655	-0.001175	1.001811	1.622756	
119	1.001697	0.001132	-12.714999	-0.001132	1.001697	1.729485	
120	1.001561	0.001618	-12.217273	-0.001618	1.001561	2.088452	
121	1.000871	0.001904	-11.368150	-0.001904	1.000871	2.146711	
122	1.001313	0.001977	-11.651718	-0.001977	1.001313	1.943002	
123	1.001530	0.000776	-11.799751	-0.000776	1.001530	1.027876	
124	1.001918	0.001693	-12.248100	-0.001693	1.001918	1.590226	
125	1.001010	0.001405	-11.772277	-0.001405	1.001010	1.604931	
126	1.000960	0.001390	-11.946968	-0.001390	1.000960	1.658101	
127	1.001154	0.001331	-12.257465	-0.001331	1.001154	1.739426	
128	1.001218	0.001152	-12.467046	-0.001152	1.001218	1.626340	
129	1.000913	0.001071	-12.226477	-0.001071	1.000913	1.531042	
130	1.001078	0.000709	-12.176913	-0.000709	1.001078	1.225832	
131	1.000955	0.001233	-11.979331	-0.001233	1.000955	1.532628	
132	1.001140	0.001340	-12.160561	-0.001340	1.001140	1.544072	
133	1.001284	0.001364	-12.188123	-0.001364	1.001284	1.277109	
134	1.001245	0.001118	-12.340943	-0.001118	1.001245	1.098868	
135	1.001003	0.001050	-12.368129	-0.001050	1.001003	1.130087	
136	1.001053	0.001009	-12.647574	-0.001009	1.001053	1.020392	
137	1.001249	0.000938	-13.008140	-0.000938	1.001249	0.780156	
138	1.001058	0.000847	-13.251840	-0.000847	1.001058	0.747032	
139	1.001002	0.000534	-13.790453	-0.000534	1.001002	0.423262	
140	1.001113	0.000896	-14.302089	-0.000896	1.001113	0.361674	
141	1.000836	0.001760	-14.411190	-0.001760	1.000836	0.869077	
142	1.000830	0.001435	-14.592791	-0.001435	1.000830	0.829616	
143	1.000964	0.001447	-14.514982	-0.001447	1.000964	0.633692	
144	1.001233	0.001377	-14.389160	-0.001377	1.001233	0.396787	
145	1.000955	0.000712	-14.041388	-0.000712	1.000955	0.087728	
146	1.001353	0.000646	-13.833218	-0.000646	1.001353	-0.163488	
147	1.001102	0.000695	-12.931571	-0.000695	1.001102	-0.042277	
148	1.001141	0.001045	-12.166749	-0.001045	1.001141	0.427473	
149	1.000924	0.001367	-11.060900	-0.001367	1.000924	1.120930	
150	1.000632	0.001509	-10.005794	-0.001509	1.000632	1.534576	
151	1.000682	0.001697	-9.250290	-0.001697	1.000682	1.446780	
152	1.000554	0.001171	-8.800522	-0.001171	1.000554	0.845452	
153	1.000368	0.001262	-7.965208	-0.001262	1.000368	0.824242	
154	1.000694	0.000746	-7.948407	-0.000746	1.000694	0.889578	
155	1.000707	0.000725	-8.267873	-0.000725	1.000707	1.457607	
156	1.000668	0.001151	-8.595672	-0.001151	1.000668	1.477146	
157	1.000641	0.001262	-8.684971	-0.001262	1.000641	1.086113	
158	1.000585	0.002156	-8.088610	-0.002156	1.000585	1.538989	
159	1.000350	0.001725	-7.430738	-0.001725	1.000350	1.338949	
160	1.000815	0.001432	-7.462847	-0.001432	1.000815	1.270422	
161	1.000790	0.001462	-7.867508	-0.001462	1.000790	1.883919	
162	0.998711	0.000768	-5.493725	-0.000768	0.998711	0.819847	
163	1.000619	0.001031	-7.387661	-0.001031	1.000619	-0.408797	
164	1.000586	0.000548	-6.808838	-0.000548	1.000586	-0.248137	
165	1.000629	0.001556	-6.677056	-0.001556	1.000629	0.723669	
166	1.000644	0.000777	-7.208540	-0.000777	1.000644	0.672764	
167	1.000687	0.000803	-7.545845	-0.000803	1.000687	0.977979	
168	0.999290	0.000951	-5.632507	-0.000951	0.999290	0.625306	
169	1.000835	0.001375	-7.165116	-0.001375	1.000835	-0.210645	
170	1.000416	0.001013	-6.368871	-0.001013	1.000416	-0.771792	
171	0.999151	0.000734	-4.797860	-0.000734	0.999151	-0.551079	
172	0.999197	0.000791	-4.600784	-0.000791	0.999197	-0.213231	
173	0.999387	0.000627	-4.271049	-0.000627	0.999387	0.091744	
174	0.999670	0.000881	-3.934187	-0.000881	0.999670	0.348292	
175	0.999716	0.000590	-3.719701	-0.000590	0.999716	0.360330	
176	0.999728	0.000531	-3.870498	-0.000531	0.999728	0.869760	
177	0.999459	0.000569	-4.131804	-0.000569	0.999459	0.510352	
178	0.999481	0.000684	-4.103558	-0.000684	0.999481	-0.396222	
179	0.999651	0.000670	-3.607659	-0.000670	0.999651	-0.644394	
180	0.999902	0.000568	-3.001602	-0.000568	0.999902	-0.828137	
181	1.000108	0.000416	-3.049188	-0.000416	1.000108	-0.808876	
182	1.000041	0.000070	-3.567090	-0.000070	1.000041	-0.281066	
183	0.999869	0.000222	-3.503266	-0.000222	0.999869	-0.047046	
184	0.999994	0.000602	-3.013139	-0.000602	0.999994	-0.210189	
185	0.999662	0.000749	-2.708064	-0.000749	0.999662	0.104090	
186	0.999632	0.000709	-2.982873	-0.000709	0.999632	0.163754	
187	0.999761	0.000817	-3.265883	-0.000817	0.999761	-0.180759	
188	1.000024	0.000535	-3.482534	-0.000535	1.000024	-0.416375	
189	0.999865	0.000725	-3.230111	-0.000725	0.999865	-0.088953	
190	0.999717	0.000725	-3.205350	-0.000725	0.999717	-0.318146	
191	1.000006	0.001525	-3.276323	-0.001525	1.000006	0.093127	
192	0.999398	0.000536	-3.351954	-0.000536	0.999398	-0.017892	
193	0.999593	0.001037	-3.622846	-0.001037	0.999593	0.436075	
194	0.999923	0.000899	-3.680653	-0.000899	0.999923	0.423147	
195	0.999431	0.000320	-3.610274	-0.000320	0.999431	0.065488	
196	0.999466	0.000208	-3.621367	-0.000208	0.999466	0.050144	
197	0.999373	0.000284	-3.408410	-0.000284	0.999373	-0.021164	
198	0.999471	0.000373	-3.342132	-0.000373	0.999471	-0.172248	
199	0.999798	0.000298	-3.415693	-0.000298	0.999798	-0.144657	
200	1.000832	0.000680	-3.669441	-0.000680	1.000832	0.132014	
201	1.000004	0.000132	-3.303040	-0.000132	1.000004	-0.135643	
202	0.999972	0.000232	-3.285033	-0.000232	0.999972	-0.110783	
203	0.999894	0.000307	-3.434592	-0.000307	0.999894	-0.073645	
204	0.999705	0.000311	-3.450826	-0.000311	0.999705	0.091167	
205	0.999877	0.000962	-3.324848	-0.000962	0.999877	0.401326	
206	0.999867	0.000726	-3.184449	-0.000726	0.999867	0.277645	
207	1.000005	0.000538	-3.160370	-0.000538	1.000005	0.318829	
208	1.000830	0.000527	-3.378014	-0.000527	1.000830	0.261504	
209	1.000442	0.000348	-3.029095	-0.000348	1.000442	0.081357	
210	1.000265	0.000237	-2.608892	-0.000237	1.000265	0.054583	
211	1.000315	0.000151	-2.050728	-0.000151	1.000315	0.025083	
212	1.000459	0.000101	-1.515791	-0.000101	1.000459	-0.140199	
213	1.000582	0.000092	-1.271297	-0.000092	1.000582	-0.311622	
214	1.001114	0.000306	-0.957731	-0.000306	1.001114	-0.491197	
215	1.001255	0.000183	-0.326600	-0.000183	1.001255	-0.879855	
216	1.001116	0.000356	0.144445	-0.000356	1.001116	-0.921699	
217	1.000842	0.000374	0.308897	-0.000374	1.000842	-0.841422	
218	1.000686	0.000266	0.408930	-0.000266	1.000686	-0.870183	
219	1.000748	0.000338	0.513785	-0.000338	1.000748	-0.650933	
220	1.000829	0.000398	0.899536	-0.000398	1.000829	-0.664794	
221	1.001037	0.000311	1.446392	-0.000311	1.001037	-0.734477	
222	1.000964	0.000084	1.444772	-0.000084	1.000964	-0.893742	
223	1.000899	0.000024	1.067381	-0.000024	1.000899	-1.058997	
224	1.000881	-0.000164	0.502997	0.000164	1.000881	-1.365491	
225	1.000694	-0.000141	0.319565	0.000141	1.000694	-1.266954	
226	1.000547	-0.000158	0.607458	0.000158	1.000547	-1.037097	
227	1.000931	-0.000044	0.750543	0.000044	1.000931	-0.929944	
228	1.000738	0.000167	1.283937	-0.000167	1.000738	-0.735134	
229	1.001051	-0.000017	1.746541	0.000017	1.001051	-1.021839	
230	1.001243	0.000389	2.850835	-0.000389	1.001243	-1.010750	
231	1.001565	0.000677	3.666762	-0.000677	1.001565	-1.066341	
232	1.001097	0.000249	4.964143	-0.000249	1.001097	-1.643707	
233	1.001299	0.000263	5.366014	-0.000263	1.001299	-1.819473	
234	1.002078	0.000396	4.768832	-0.000396	1.002078	-1.674473	
235	1.000030	-0.000635	7.526072	0.000635	1.000030	-2.113595	
236	0.999698	-0.000787	8.278635	0.000787	0.999698	-1.925359	
237	1.000025	-0.000324	8.699939	0.000324	1.000025	-1.498084	
238	1.000054	-0.000466	8.856217	0.000466	1.000054	-1.518015	
239	0.999537	-0.000676	9.210593	0.000676	0.999537	-1.522376	
240	0.999147	-0.000826	9.700721	0.000826	0.999147	-1.533753	
241	0.999454	-0.000433	9.815576	0.000433	0.999454	-1.271262	
242	0.999625	-0.000539	9.531031	0.000539	0.999625	-1.058616	
243	0.999944	-0.000578	8.914284	0.000578	0.999944	-1.009107	
244	0.999446	-0.000471	8.996972	0.000471	0.999446	-0.884648	
245	0.999512	-0.000483	8.997290	0.000483	0.999512	-0.895069	
246	0.999140	-0.001536	8.867289	0.001536	0.999140	-1.416597	
247	0.999478	-0.000483	8.528111	0.000483	0.999478	-0.718744	
248	0.999260	-0.000307	8.230606	0.000307	0.999260	-0.356865	
249	0.999209	-0.000633	7.788862	0.000633	0.999209	-0.004688	
250	0.999529	-0.000529	7.412667	0.000529	0.999529	0.377733	
251	0.999426	-0.001032	7.166914	0.001032	0.999426	0.103634	
252	0.999331	-0.000723	6.954581	0.000723	0.999331	0.281609	
253	0.999316	-0.000717	6.575902	0.000717	0.999316	0.116254	
254	1.000550	-0.000336	4.834768	0.000336	1.000550	-0.253541	
255	1.000373	-0.000255	4.917057	0.000255	1.000373	-0.345444	
256	0.999287	-0.000238	5.665438	0.000238	0.999287	-0.276292	
257	1.000097	0.000006	4.067258	-0.000006	1.000097	-0.034835	
258	0.999986	-0.000252	3.588158	0.000252	0.999986	0.138609	
259	0.999894	-0.000398	2.913948	0.000398	0.999894	0.320934	
260	0.999743	-0.000721	1.844304	0.000721	0.999743	0.404778	
261	0.999627	-0.001014	0.521780	0.001014	0.999627	0.508285	
262	0.999640	-0.001080	-0.487259	0.001080	0.999640	0.507245	
263	0.999916	-0.001572	-1.305155	0.001572	0.999916	-0.201624	
264	0.998896	-0.000925	-0.825002	0.000925	0.998896	-0.047877	
265	0.999108	-0.000730	-1.268877	0.000730	0.999108	-0.357793	
266	0.998849	-0.000567	-1.242321	0.000567	0.998849	-0.574266	
267	0.998571	-0.000424	-0.867752	0.000424	0.998571	-0.443000	
268	0.998725	-0.000557	-0.929078	0.000557	0.998725	-0.066774	
269	0.998962	-0.000888	-1.153967	0.000888	0.998962	0.236378	
270	0.998617	-0.001124	-1.357278	0.001124	0.998617	0.369037	
271	0.998560	-0.001095	-1.376397	0.001095	0.998560	0.511633	
272	0.999436	-0.001478	-2.301967	0.001478	0.999436	0.150482	
273	0.998836	-0.000651	-1.385716	0.000651	0.998836	0.091925	
274	0.999422	-0.000638	-1.558675	0.000638	0.999422	-0.359978	
275	0.999338	-0.000443	-1.021075	0.000443	0.999338	-0.498548	
276	0.999351	-0.000933	-1.041737	0.000933	0.999351	-0.771941	
277	0.999012	-0.000462	-0.557150	0.000462	0.999012	-0.227610	
278	0.999306	-0.000498	-0.484525	0.000498	0.999306	0.002140	
279	0.999185	-0.000675	-0.122026	0.000675	0.999185	0.198898	
280	0.999656	-0.000654	-0.205585	0.000654	0.999656	0.236829	
281	0.999739	-0.000746	-0.087534	0.000746	0.999739	0.192275	
282	0.999730	-0.000810	-0.018725	0.000810	0.999730	0.014086	
283	0.999767	-0.000762	-0.035228	0.000762	0.999767	-0.001268	
284	0.999749	-0.000546	0.052720	0.000546	0.999749	0.106970	
285	0.999858	-0.000395	0.025215	0.000395	0.999858	0.096094	
286	1.000253	-0.000305	-0.400722	0.000305	1.000253	-0.179588	
287	0.999862	-0.000071	-0.169651	0.000071	0.999862	-0.254894	
288	0.999929	-0.000123	-0.124321	0.000123	0.999929	-0.432494	
289	1.000162	-0.000220	-0.087760	0.000220	1.000162	-0.492697	
290	1.000512	-0.000511	-0.218388	0.000511	1.000512	-0.482539	
291	1.000689	-0.000566	-0.284187	0.000566	1.000689	-0.323892	
292	1.000595	-0.000617	-0.215339	0.000617	1.000595	-0.281547	
293	1.000641	-0.000382	-0.139460	0.000382	1.000641	-0.286668	
294	1.000665	-0.000085	-0.010591	0.000085	1.000665	-0.268974	
295	1.000645	0.000162	0.045679	-0.000162	1.000645	-0.321307	
296	1.000575	0.000391	0.252373	-0.000391	1.000575	-0.498083	
297	1.000471	0.000286	0.321203	-0.000286	1.000471	-0.584095	
298	1.000643	0.000259	0.231794	-0.000259	1.000643	-0.603185	
299	1.000959	0.000057	0.048643	-0.000057	1.000959	-0.699430	
300	1.000958	-0.000126	-0.075388	0.000126	1.000958	-0.395600	
301	1.000947	-0.000158	-0.413682	0.000158	1.000947	-0.127320	
302	1.000779	0.000001	-0.702520	-0.000001	1.000779	0.187134	
303	1.000667	0.000173	-0.792720	-0.000173	1.000667	0.426206	
304	1.000690	0.000334	-0.902541	-0.000334	1.000690	0.431826	
305	1.000835	0.000390	-1.269032	-0.000390	1.000835	0.287535	
306	1.000850	0.000268	-1.640498	-0.000268	1.000850	0.066741	
307	1.001004	-0.000054	-2.010142	0.000054	1.001004	-0.056856	
308	1.001277	-0.000135	-2.480069	0.000135	1.001277	-0.012204	
309	1.001335	-0.000116	-2.871516	0.000116	1.001335	0.044125	
310	1.000984	0.000092	-3.179774	-0.000092	1.000984	0.119201	
311	1.000762	0.000192	-3.620098	-0.000192	1.000762	0.151430	
312	1.000584	0.000204	-3.884617	-0.000204	1.000584	0.238306	
313	1.000678	0.000228	-4.228242	-0.000228	1.000678	0.261376	
314	1.001155	0.000142	-4.845284	-0.000142	1.001155	0.165998	
315	1.001046	-0.000071	-4.995518	0.000071	1.001046	0.348350	
316	1.001162	0.000033	-5.254782	-0.000033	1.001162	0.516153	
317	1.001335	0.000308	-5.463468	-0.000308	1.001335	0.373999	
318	1.001134	0.000409	-5.111565	-0.000409	1.001134	0.194393	
319	1.000964	0.000392	-5.056462	-0.000392	1.000964	0.064379	
320	1.001136	0.000591	-5.121001	-0.000591	1.001136	-0.044471	
321	1.000757	0.000312	-4.880243	-0.000312	1.000757	-0.287991	
322	1.001173	0.000565	-4.904020	-0.000565	1.001173	-0.120349	
323	1.001144	0.000542	-4.872509	-0.000542	1.001144	-0.098296	
324	1.001626	0.000626	-5.216427	-0.000626	1.001626	-0.166140	
325	1.002276	0.000596	-6.203124	-0.000596	1.002276	-0.129633	
326	1.001261	0.000163	-4.362551	-0.000163	1.001261	-0.202537	
327	1.001545	0.000152	-4.634567	-0.000152	1.001545	-0.250804	
328	1.001240	0.000186	-4.473302	-0.000186	1.001240	-0.224899	
329	1.001128	0.000356	-4.254056	-0.000356	1.001128	-0.007613	
330	1.001236	0.000524	-4.047869	-0.000524	1.001236	0.055194	
331	1.001436	0.001133	-3.593832	-0.001133	1.001436	0.269348	
332	1.001373	0.001123	-3.179017	-0.001123	1.001373	0.411286	
333	1.001583	0.000991	-2.812660	-0.000991	1.001583	0.177625	
334	1.001319	0.000747	-2.137415	-0.000747	1.001319	-0.141937	
335	1.001546	0.000700	-2.166593	-0.000700	1.001546	-0.267606	
336	1.001030	0.000278	-2.266507	-0.000278	1.001030	-0.297593	
337	1.000242	0.000154	-2.353208	-0.000154	1.000242	-0.206202	
338	1.000104	0.000643	-2.626220	-0.000643	1.000104	0.152394	
339	1.000012	0.000734	-2.994471	-0.000734	1.000012	0.464659	
340	0.999680	0.000793	-3.559828	-0.000793	0.999680	0.741264	
341	0.999444	0.000595	-3.947074	-0.000595	0.999444	0.661724	
342	1.000538	0.001042	-5.933631	-0.001042	1.000538	0.807090	
343	1.000660	0.000994	-6.904554	-0.000994	1.000660	0.657587	
344	1.000300	0.000745	-7.592262	-0.000745	1.000300	0.264152	
345	1.000515	0.000757	-8.381241	-0.000757	1.000515	-0.203499	
346	1.000581	0.000592	-8.626441	-0.000592	1.000581	-0.566386	
347	1.000784	0.000621	-8.906514	-0.000621	1.000784	-1.024439	
348	0.999837	0.000046	-7.153446	-0.000046	0.999837	-1.094468	
349	1.000431	0.000802	-8.872886	-0.000802	1.000431	-0.814520	
350	1.000810	0.001212	-9.214676	-0.001212	1.000810	-0.198386	
351	1.001015	0.001338	-9.577279	-0.001338	1.001015	0.246764	
352	1.000767	0.001196	-9.432942	-0.001196	1.000767	0.517007	
353	1.000662	0.000976	-8.844134	-0.000976	1.000662	0.773220	
354	1.001259	0.001038	-8.000579	-0.001038	1.001259	0.674266	
355	0.999451	0.000232	-4.923472	-0.000232	0.999451	0.181814	
356	1.000096	0.000355	-3.963725	-0.000355	1.000096	0.112368	
357	1.000277	0.000247	-3.089919	-0.000247	1.000277	-0.056515	
358	1.000187	0.000440	-2.417538	-0.000440	1.000187	-0.347970	
359	1.000570	0.000722	-1.833512	-0.000722	1.000570	-0.164501	
360	1.000399	0.000601	-0.537753	-0.000601	1.000399	0.113920	
361	1.001120	0.000826	0.493311	-0.000826	1.001120	0.117838	
362	1.001048	0.000556	1.678849	-0.000556	1.001048	0.004875	
363	1.001732	0.000431	2.217478	-0.000431	1.001732	0.137973	
364	1.000670	0.000510	3.508513	-0.000510	1.000670	0.262352	
365	1.000589	0.000591	4.251576	-0.000591	1.000589	0.177853	
366	1.000384	0.000659	4.968395	-0.000659	1.000384	0.455756	
367	0.999196	0.000656	5.956640	-0.000656	0.999196	0.597061	
368	0.999688	0.000303	6.817567	-0.000303	0.999688	0.264716	
369	0.999402	0.000246	7.070081	-0.000246	0.999402	0.520937	
370	0.999338	0.000319	7.324094	-0.000319	0.999338	0.630887	
371	0.998662	0.000214	7.473717	-0.000214	0.998662	0.587488	
372	0.998833	0.000005	7.327623	-0.000005	0.998833	0.609863	
373	0.999560	0.000212	5.715992	-0.000212	0.999560	0.712554	
374	0.999251	0.000279	5.679244	-0.000279	0.999251	0.803119	
375	0.999718	0.000276	5.195455	-0.000276	0.999718	0.750164	
376	0.999634	0.000286	4.931009	-0.000286	0.999634	0.875603	
377	0.999631	0.000392	4.803693	-0.000392	0.999631	0.683965	
378	0.999771	0.000495	4.616134	-0.000495	0.999771	0.668116	
379	0.999593	0.000504	4.593905	-0.000504	0.999593	0.534933	
380	0.999684	0.000512	3.950104	-0.000512	0.999684	0.503316	
381	0.999436	0.000450	3.865900	-0.000450	0.999436	0.543035	
382	0.999372	0.000446	3.800296	-0.000446	0.999372	0.734991	
383	0.998987	0.000505	3.566478	-0.000505	0.998987	1.036642	
384	0.999032	0.000483	2.954040	-0.000483	0.999032	1.143482	
385	0.998955	0.000353	2.833190	-0.000353	0.998955	1.205353	
386	0.998990	0.000224	2.625479	-0.000224	0.998990	1.245783	
387	0.998860	0.000227	2.371162	-0.000227	0.998860	1.131274	
388	0.998893	0.000231	1.879477	-0.000231	0.998893	1.171293	
389	0.998564	0.000139	1.577808	-0.000139	0.998564	1.268446	
390	0.998606	0.000110	1.035924	-0.000110	0.998606	1.295012	
391	0.998552	0.000130	0.589208	-0.000130	0.998552	1.327132	
392	0.998264	0.000225	0.537868	-0.000225	0.998264	1.549942	
393	0.998139	0.000304	0.403282	-0.000304	0.998139	1.431385	
394	0.998087	0.000220	0.113708	-0.000220	0.998087	1.262585	
395	0.998357	0.000105	-0.392905	-0.000105	0.998357	1.036543	
396	0.998016	0.000302	-0.438817	-0.000302	0.998016	1.191101	
397	0.998078	0.000235	-0.746571	-0.000235	0.998078	1.147761	
398	0.997966	0.000438	-0.984997	-0.000438	0.997966	1.403208	
399	0.997606	0.000319	-1.030566	-0.000319	0.997606	1.522419	
400	0.997700	0.000274	-1.151272	-0.000274	0.997700	1.552556	
401	0.997853	0.000094	-1.395807	-0.000094	0.997853	1.379453	
402	0.997658	0.000025	-1.525992	-0.000025	0.997658	1.444848	
403	0.997484	-0.000087	-1.713076	0.000087	0.997484	1.427525	
404	0.997870	0.000122	-1.799807	-0.000122	0.997870	1.241119	
405	0.997843	0.000421	-0.882539	-0.000421	0.997843	0.990565	
406	0.998205	0.000589	0.069953	-0.000589	0.998205	0.381424	
407	0.998240	0.000559	0.721455	-0.000559	0.998240	-0.006095	
408	0.998336	0.000541	1.179085	-0.000541	0.998336	0.119310	
409	0.998607	0.000593	1.731853	-0.000593	0.998607	0.331687	
410	0.998520	0.000677	2.238321	-0.000677	0.998520	0.819457	
411	0.998755	0.000537	2.302144	-0.000537	0.998755	1.010803	
412	0.998546	0.000427	2.409141	-0.000427	0.998546	1.077237	
413	0.998423	0.000524	2.570020	-0.000524	0.998423	0.903593	
414	0.998611	0.000511	2.949127	-0.000511	0.998611	0.634497	
415	0.998719	0.000670	3.277475	-0.000670	0.998719	0.517442	
416	0.998725	0.000659	3.365536	-0.000659	0.998725	0.461651	
417	0.998987	0.000651	3.316728	-0.000651	0.998987	0.441821	
418	0.998947	0.000521	3.406988	-0.000521	0.998947	0.571545	
419	0.999179	0.000359	3.438286	-0.000359	0.999179	0.679631	
420	0.998939	0.000288	3.449076	-0.000288	0.998939	0.942474	
421	0.998820	0.000227	3.384697	-0.000227	0.998820	0.924436	
422	0.998909	0.000254	3.357999	-0.000254	0.998909	0.830025	
423	0.998741	0.000222	3.282149	-0.000222	0.998741	0.790594	
424	0.998641	0.000205	3.183332	-0.000205	0.998641	0.531154	
425	0.998622	0.000271	3.083287	-0.000271	0.998622	0.513397	
426	0.998496	0.000288	3.061717	-0.000288	0.998496	0.702104	
427	0.998507	0.000353	3.038130	-0.000353	0.998507	0.710532	
428	0.998522	0.000250	2.907560	-0.000250	0.998522	0.760839	
429	0.998588	0.000152	2.855823	-0.000152	0.998588	0.755752	
430	0.998677	0.000134	2.889797	-0.000134	0.998677	0.617229	
431	0.998318	0.000082	3.180739	-0.000082	0.998318	0.563460	
432	0.998291	-0.000007	3.129199	0.000007	0.998291	0.504397	
433	0.998485	0.000178	2.997769	-0.000178	0.998485	0.473113	
434	0.998027	0.000187	3.144821	-0.000187	0.998027	0.529882	
435	0.998218	-0.000003	2.845775	0.000003	0.998218	0.570426	
436	0.997912	-0.000057	2.553045	0.000057	0.997912	0.688036	
437	0.997884	-0.000004	2.388911	0.000004	0.997884	0.741437	
438	0.998172	-0.000014	1.997883	0.000014	0.998172	0.729994	
439	0.998193	0.000073	1.752391	-0.000073	0.998193	0.876222	
440	0.997950	0.000096	1.571943	-0.000096	0.997950	0.855454	
441	0.997910	0.000034	1.175392	-0.000034	0.997910	0.755022	
442	0.997721	-0.000092	0.766546	0.000092	0.997721	0.842878	
443	0.997715	-0.000071	0.454650	0.000071	0.997715	0.950309	
444	0.997762	-0.000058	0.120965	0.000058	0.997762	0.877407	
445	0.997472	-0.000147	-0.196728	0.000147	0.997472	1.000843	
446	0.997464	-0.000190	-0.640896	0.000190	0.997464	0.877006	
447	0.997392	-0.000302	-0.802790	0.000302	0.997392	0.758889	
448	0.997269	-0.000263	-0.849267	0.000263	0.997269	0.705724	
449	0.997352	-0.000248	-1.085604	0.000248	0.997352	0.650097	
450	0.997264	-0.000237	-1.230382	0.000237	0.997264	0.575010	
451	0.997278	-0.000261	-1.601066	0.000261	0.997278	0.635599	
452	0.997146	-0.000286	-1.852087	0.000286	0.997146	0.732439	
453	0.997559	-0.000158	-2.324605	0.000158	0.997559	0.666613	
454	0.997896	-0.000017	-2.553082	0.000017	0.997896	0.728423	
455	0.997926	-0.000040	-2.615318	0.000040	0.997926	0.702102	
456	0.997992	-0.000137	-2.836305	0.000137	0.997992	0.349719	
457	0.997775	-0.000200	-2.985697	0.000200	0.997775	0.201422	
458	0.997405	-0.000297	-3.362139	0.000297	0.997405	0.215086	
459	0.998272	0.000231	-5.024875	-0.000231	0.998272	0.455600	
460	0.997627	0.000059	-4.286661	-0.000059	0.997627	0.519565	
461	0.998009	0.000124	-4.990126	-0.000124	0.998009	0.653582	
462	0.998402	0.000396	-6.365529	-0.000396	0.998402	0.915247	
463	0.998452	0.000202	-6.895744	-0.000202	0.998452	0.803257	
464	0.998461	0.000230	-7.048335	-0.000230	0.998461	0.923451	
465	0.998668	0.000345	-7.096067	-0.000345	0.998668	1.019908	
466	0.998740	0.000300	-7.138130	-0.000300	0.998740	0.974219	
467	0.998709	0.000333	-7.388688	-0.000333	0.998709	0.898889	
468	0.998129	0.000066	-6.920590	-0.000066	0.998129	0.734518	
469	0.998481	0.000228	-7.133470	-0.000228	0.998481	0.764297	
470	0.997618	0.000039	-5.567428	-0.000039	0.997618	0.712666	
471	0.998520	0.000363	-5.537611	-0.000363	0.998520	0.633351	
472	0.997463	-0.000044	-3.438999	0.000044	0.997463	0.254721	
473	0.997722	-0.000081	-3.004118	0.000081	0.997722	0.076442	
474	0.997782	-0.000064	-2.479044	0.000064	0.997782	-0.142403	
475	0.997898	0.000001	-2.204373	-0.000001	0.997898	-0.027689	
476	0.998151	-0.000017	-2.147521	0.000017	0.998151	0.206617	
477	0.998307	0.000007	-2.057451	-0.000007	0.998307	0.467295	
478	0.998398	-0.000031	-1.824353	0.000031	0.998398	0.475266	
479	0.998501	-0.000101	-1.560754	0.000101	0.998501	0.514095	
480	0.998674	0.000006	-1.272710	-0.000006	0.998674	0.304873	
481	0.998904	0.000177	-0.684940	-0.000177	0.998904	0.063147	
482	0.999051	0.000324	-0.019560	-0.000324	0.999051	-0.074611	
483	0.999036	0.000304	0.716623	-0.000304	0.999036	-0.134992	
484	0.999304	0.000209	1.116271	-0.000209	0.999304	-0.252940	
485	0.999535	0.000085	1.265400	-0.000085	0.999535	-0.347878	
486	0.999631	-0.000050	1.412107	0.000050	0.999631	-0.095609	
487	0.999664	-0.000075	1.584691	0.000075	0.999664	0.205511	
488	0.999658	-0.000052	1.670441	0.000052	0.999658	0.371094	
489	0.999857	0.000120	1.668259	-0.000120	0.999857	0.454913	
490	0.999827	0.000044	1.714262	-0.000044	0.999827	0.279415	
491	0.999753	0.000097	1.852613	-0.000097	0.999753	0.253013	
492	0.999610	0.000166	2.030642	-0.000166	0.999610	0.131703	
493	0.999750	0.000211	2.050686	-0.000211	0.999750	0.194589	
494	0.999840	0.000146	2.077088	-0.000146	0.999840	0.253077	
495	0.999973	0.000116	1.938893	-0.000116	0.999973	0.387295	
496	0.999908	0.000084	1.855489	-0.000084	0.999908	0.463196	
497	1.000035	0.000051	1.750396	-0.000051	1.000035	0.330572	
498	0.999955	-0.000015	1.674753	0.000015	0.999955	0.197887	
499	0.999878	-0.000079	1.686434	0.000079	0.999878	0.228869	
500	0.999715	-0.000136	1.649305	0.000136	0.999715	0.219982	
501	0.999735	0.000025	1.780520	-0.000025	0.999735	0.241195	
502	1.000067	0.000077	2.044043	-0.000077	1.000067	0.121778	
503	0.999973	0.000072	2.094444	-0.000072	0.999973	0.304677	
504	0.999938	-0.000097	1.807423	0.000097	0.999938	0.212082	
505	1.000114	0.000225	1.591358	-0.000225	1.000114	0.224505	
506	1.000137	0.000188	1.653412	-0.000188	1.000137	0.365784	
507	0.999748	0.000055	1.837285	-0.000055	0.999748	0.506583	
508	0.999746	-0.000062	1.777397	0.000062	0.999746	0.332475	
509	0.999825	-0.000136	1.673740	0.000136	0.999825	0.156515	
510	1.000050	-0.000103	1.755486	0.000103	1.000050	0.033976	
511	1.000399	-0.000053	1.842729	0.000053	1.000399	-0.084952	
512	1.000545	0.000106	1.943756	-0.000106	1.000545	-0.155390	
513	1.000701	0.000161	2.018245	-0.000161	1.000701	-0.286661	
514	1.000781	0.000078	2.013602	-0.000078	1.000781	-0.394110	
515	1.000829	0.000121	2.155430	-0.000121	1.000829	-0.509364	
516	1.001020	0.000116	2.388195	-0.000116	1.001020	-0.615796	
517	1.001079	0.000113	2.748365	-0.000113	1.001079	-0.473740	
518	1.001197	0.000049	2.907394	-0.000049	1.001197	-0.433258	
519	1.001304	0.000094	3.040532	-0.000094	1.001304	-0.362524	
520	1.001889	-0.000201	2.779436	0.000201	1.001889	-0.440541	
521	1.001304	-0.000006	3.476154	0.000006	1.001304	-0.149622	
522	1.001276	0.000065	3.721421	-0.000065	1.001276	-0.138535	
523	1.001529	0.000183	3.906226	-0.000183	1.001529	-0.156380	
524	1.001628	0.000267	3.889616	-0.000267	1.001628	-0.179088	
525	1.001630	0.000183	3.981667	-0.000183	1.001630	-0.351250	
526	1.001265	0.000030	4.606947	-0.000030	1.001265	-0.513794	
527	1.001419	-0.000155	4.937233	0.000155	1.001419	-0.706585	
528	1.000507	-0.000399	6.141904	0.000399	1.000507	-1.003536	
529	1.000569	-0.000277	6.200505	0.000277	1.000569	-0.977967	
530	1.002854	0.000303	3.568151	-0.000303	1.002854	-0.782926	
531	1.001884	0.000144	4.024662	-0.000144	1.001884	-0.747065	
532	1.001667	0.000067	3.817215	-0.000067	1.001667	-0.741977	
533	1.001816	0.000110	3.638298	-0.000110	1.001816	-0.609496	
534	1.001799	0.000124	3.767921	-0.000124	1.001799	-0.507876	
535	1.001655	0.000150	4.013839	-0.000150	1.001655	-0.428097	
536	1.001601	-0.000075	3.950622	0.000075	1.001601	-0.733640	
537	1.001379	0.000072	4.209378	-0.000072	1.001379	-0.751221	
538	1.001297	0.000132	3.881637	-0.000132	1.001297	-0.664720	
539	1.001281	0.000287	3.871197	-0.000287	1.001281	-0.649238	
540	1.002356	0.000545	2.771400	-0.000545	1.002356	-0.573966	
541	1.001101	0.000124	3.635820	-0.000124	1.001101	-0.729325	
542	1.001057	0.000096	3.466545	-0.000096	1.001057	-0.905543	
543	1.000960	-0.000017	3.556258	0.000017	1.000960	-0.947963	
544	1.001011	-0.000154	3.523820	0.000154	1.001011	-0.681393	
545	1.001017	-0.000285	3.533961	0.000285	1.001017	-0.409793	
546	1.001184	-0.000190	3.465670	0.000190	1.001184	-0.247578	
547	1.001410	-0.000036	3.328282	0.000036	1.001410	-0.042671	
548	1.001379	0.000192	3.402603	-0.000192	1.001379	0.069304	
549	1.001361	0.000389	3.498120	-0.000389	1.001361	-0.055783	
550	1.001151	0.000455	3.737176	-0.000455	1.001151	-0.280456	
551	1.001146	0.000415	3.588381	-0.000415	1.001146	-0.487352	
