0	1.000000	0.000000	0.000000	0.000000	1.000000	0.000000	
1	1.000234	0.000577	-0.522325	-0.000577	1.000234	-0.173895	
2	1.000349	0.000530	-0.482691	-0.000530	1.000349	-0.449187	
3	1.000365	0.000569	-0.468599	-0.000569	1.000365	-0.503808	
4	1.000335	0.000707	-0.398202	-0.000707	1.000335	-0.406854	
5	0.999698	0.000724	0.008951	-0.000724	0.999698	-0.166668	
6	0.999029	0.000728	0.487383	-0.000728	0.999029	0.088463	
7	0.999300	0.000686	0.445360	-0.000686	0.999300	-0.277811	
8	0.999124	0.000499	0.454136	-0.000499	0.999124	-0.383982	
9	0.999134	0.000514	0.426597	-0.000514	0.999134	-0.417271	
10	0.999022	0.000547	0.530786	-0.000547	0.999022	-0.374163	
11	0.999002	0.000380	0.474262	-0.000380	0.999002	-0.489264	
12	0.999330	0.000438	0.391936	-0.000438	0.999330	-0.382805	
13	0.999325	0.000253	0.580239	-0.000253	0.999325	-0.617180	
14	0.999280	0.000323	0.661264	-0.000323	0.999280	-0.617099	
15	0.999158	0.000303	0.741714	-0.000303	0.999158	-0.637154	
16	0.999097	0.000247	0.786649	-0.000247	0.999097	-0.661380	
17	0.999161	0.000209	0.782723	-0.000209	0.999161	-0.771146	
18	0.999213	-0.000021	0.623998	0.000021	0.999213	-1.040581	
19	0.999072	0.000339	0.786794	-0.000339	0.999072	-0.784872	
20	0.999104	0.000367	0.700057	-0.000367	0.999104	-0.786920	
21	0.999261	0.000147	0.604913	-0.000147	0.999261	-0.958629	
22	0.999495	-0.000041	0.446976	0.000041	0.999495	-1.059060	
23	0.999599	0.000107	0.397260	-0.000107	0.999599	-0.929505	
24	0.999527	0.000108	0.515954	-0.000108	0.999527	-0.829301	
25	0.999814	-0.000065	0.312589	0.000065	0.999814	-0.941506	
26	0.999821	-0.000014	0.333036	0.000014	0.999821	-0.725283	
27	1.000022	-0.000034	0.162802	0.000034	1.000022	-0.484073	
28	1.000182	-0.000016	0.044124	0.000016	1.000182	-0.375842	
29	1.000341	-0.000109	-0.073777	0.000109	1.000341	-0.456837	
30	1.000570	-0.000154	-0.217937	0.000154	1.000570	-0.567150	
31	1.000823	-0.000130	-0.406891	0.000130	1.000823	-0.309199	
32	1.000887	-0.000027	-0.433235	0.000027	1.000887	-0.194272	
33	1.000808	-0.000062	-0.420930	0.000062	1.000808	-0.217562	
34	1.000772	-0.000016	-0.392965	0.000016	1.000772	-0.079773	
35	1.000503	-0.000093	-0.223101	0.000093	1.000503	-0.103719	
36	1.000495	-0.000133	-0.193333	0.000133	1.000495	-0.125496	
37	1.000502	-0.000110	-0.161837	0.000110	1.000502	-0.071221	
38	1.000488	-0.000147	-0.151303	0.000147	1.000488	-0.107806	
39	1.000505	-0.000101	-0.158687	0.000101	1.000505	-0.186953	
40	1.000498	-0.000152	-0.176643	0.000152	1.000498	-0.182875	
41	1.000472	-0.000055	-0.166957	0.000055	1.000472	-0.213627	
42	1.000466	-0.000075	-0.187568	0.000075	1.000466	-0.181334	
43	1.000437	-0.000106	-0.197631	0.000106	1.000437	-0.147017	
44	1.000493	-0.000042	-0.284136	0.000042	1.000493	-0.037158	
45	1.000662	-0.000173	-0.382127	0.000173	1.000662	-0.108466	
46	1.000757	-0.000369	-0.535790	0.000369	1.000757	-0.165602	
47	1.000811	-0.000315	-0.786256	0.000315	1.000811	-0.106293	
48	1.000146	-0.000475	-0.778532	0.000475	1.000146	-0.146008	
49	1.000556	-0.000097	-1.133921	0.000097	1.000556	-0.063878	
50	1.000690	0.000075	-1.754925	-0.000075	1.000690	-0.006174	
51	1.000699	0.000137	-2.255910	-0.000137	1.000699	0.116622	
52	1.000672	-0.000111	-2.636536	0.000111	1.000672	0.066371	
53	1.000827	0.000181	-3.096711	-0.000181	1.000827	0.269184	
54	1.000635	0.000004	-3.293320	-0.000004	1.000635	0.252006	
55	1.000521	0.000108	-3.220594	-0.000108	1.000521	0.222121	
56	1.001370	0.000502	-3.827630	-0.000502	1.001370	0.237470	
57	1.000984	0.000014	-3.761815	-0.000014	1.000984	0.116755	
58	1.001088	-0.000257	-3.765225	0.000257	1.001088	-0.061571	
59	1.001115	-0.000183	-3.668714	0.000183	1.001115	-0.025661	
60	1.000945	-0.000091	-3.523702	0.000091	1.000945	0.002104	
61	1.001262	0.000169	-3.566291	-0.000169	1.001262	-0.018913	
62	1.001086	0.000415	-3.646899	-0.000415	1.001086	0.193115	
63	1.001114	0.000673	-3.793307	-0.000673	1.001114	0.345178	
64	0.999170	-0.000651	-3.418085	0.000651	0.999170	-0.124304	
65	1.000705	-0.000309	-3.946288	0.000309	1.000705	-0.093393	
66	1.000738	0.000237	-4.001661	-0.000237	1.000738	0.352960	
67	1.000796	-0.000036	-4.347952	0.000036	1.000796	0.252816	
68	1.001990	0.000433	-5.750208	-0.000433	1.001990	0.703414	
69	1.000843	0.000590	-4.476963	-0.000590	1.000843	0.884867	
70	1.001059	0.000429	-4.782921	-0.000429	1.001059	1.055944	
71	1.001044	0.000195	-4.999240	-0.000195	1.001044	1.115078	
72	1.003026	0.001017	-6.598856	-0.001017	1.003026	1.309905	
73	1.002142	0.000457	-6.406616	-0.000457	1.002142	1.136587	
74	0.999835	0.000031	-5.007578	-0.000031	0.999835	1.342446	
75	0.999919	0.000209	-5.283534	-0.000209	0.999919	1.519385	
76	1.002571	0.001245	-7.273987	-0.001245	1.002571	1.721059	
77	1.002539	0.001532	-7.517852	-0.001532	1.002539	2.077492	
78	1.002495	0.001294	-7.832533	-0.001294	1.002495	2.085821	
79	1.002572	0.001360	-8.018052	-0.001360	1.002572	2.371895	
80	1.001387	0.001492	-7.727963	-0.001492	1.001387	2.653733	
81	1.002157	0.000885	-8.242052	-0.000885	1.002157	2.171737	
82	1.001999	0.001300	-8.551706	-0.001300	1.001999	2.067616	
83	1.003939	0.001627	-9.751880	-0.001627	1.003939	1.609351	
84	1.004960	0.001476	-11.403742	-0.001476	1.004960	1.067816	
85	1.004894	0.001231	-12.767139	-0.001231	1.004894	0.873161	
86	1.003475	0.001624	-13.789252	-0.001624	1.003475	1.375808	
87	1.003246	0.002214	-14.405430	-0.002214	1.003246	1.592906	
88	1.003457	0.002731	-15.197962	-0.002731	1.003457	1.649558	
89	1.003175	0.002838	-16.283515	-0.002838	1.003175	1.245502	
90	1.002503	0.002252	-16.809545	-0.002252	1.002503	0.363398	
91	1.002151	0.002599	-16.938920	-0.002599	1.002151	0.557875	
92	1.002222	0.001869	-17.630023	-0.001869	1.002222	-0.333180	
93	1.001532	0.002519	-16.445546	-0.002519	1.001532	-0.629829	
94	1.002368	0.001651	-16.541111	-0.001651	1.002368	-1.908573	
95	1.002233	0.002576	-15.812867	-0.002576	1.002233	-2.095840	
96	1.002599	0.001291	-14.967247	-0.001291	1.002599	-4.119472	
97	1.003132	0.002058	-14.297599	-0.002058	1.003132	-5.354194	
98	1.002642	0.001667	-15.089474	-0.001667	1.002642	-6.662930	
99	1.001585	0.002485	-15.137384	-0.002485	1.001585	-6.968769	
100	1.001863	0.001922	-15.452963	-0.001922	1.001863	-7.025387	
101	1.002095	0.004025	-15.121905	-0.004025	1.002095	-5.444943	
102	1.000686	0.003402	-14.391532	-0.003402	1.000686	-4.859726	
103	1.001176	0.003261	-14.881005	-0.003261	1.001176	-4.557985	
104	1.001399	0.002689	-14.895980	-0.002689	1.001399	-4.693634	
105	1.004184	0.004253	-15.037540	-0.004253	1.004184	-3.840411	
106	1.002176	0.001541	-14.372796	-0.001541	1.002176	-4.016160	
107	1.003174	0.002561	-14.586782	-0.002561	1.003174	-2.515639	
108	1.003822	0.002971	-15.426820	-0.002971	1.003822	-1.663213	
109	1.003460	0.002336	-16.142749	-0.002336	1.003460	-1.424045	
110	1.003524	0.002997	-16.599355	-0.002997	1.003524	-0.558917	
111	1.003246	0.002763	-17.325829	-0.002763	1.003246	-0.384175	
112	1.003731	0.003223	-17.491146	-0.003223	1.003731	-0.022656	
113	1.003504	0.002959	-16.975513	-0.002959	1.003504	0.503069	
114	1.005662	0.005607	-17.051967	-0.005607	1.005662	1.356130	
115	1.001409	0.004062	-14.552927	-0.004062	1.001409	1.575277	
116	1.004310	0.004005	-16.054769	-0.004005	1.004310	1.139694	
117	1.004841	0.003780	-15.656147	-0.003780	1.004841	1.332745	
118	1.004153	0.002058	-15.652816	-0.002058	1.004153	0.638893	
119	1.005028	0.002729	-15.278255	-0.002729	1.005028	0.534642	
120	1.003682	0.001936	-14.404965	-0.001936	1.003682	0.994143	
121	1.005777	0.004596	-14.309630	-0.004596	1.005777	1.394395	
122	1.004348	0.003488	-13.250576	-0.003488	1.004348	0.670966	
123	1.004923	0.004832	-13.042803	-0.004832	1.004923	0.668036	
124	1.004347	0.003596	-12.194737	-0.003596	1.004347	0.901275	
125	1.004477	0.004457	-12.158406	-0.004457	1.004477	1.271193	
126	1.004762	0.004788	-12.477104	-0.004788	1.004762	0.918870	
127	1.003043	0.003898	-11.238435	-0.003898	1.003043	1.077343	
128	1.005207	0.005414	-11.383203	-0.005414	1.005207	1.139360	
129	1.005796	0.003691	-10.349798	-0.003691	1.005796	0.649679	
130	0.997624	0.000537	-1.649160	-0.000537	0.997624	0.955716	
131	1.005939	0.002032	-8.850746	-0.002032	1.005939	0.135706	
132	1.004592	0.001625	-7.845999	-0.001625	1.004592	0.683937	
133	1.003568	0.001507	-6.351608	-0.001507	1.003568	0.830499	
134	1.002406	0.001646	-4.802004	-0.001646	1.002406	0.915678	
135	1.003283	0.001899	-6.306165	-0.001899	1.003283	0.979070	
136	1.004377	0.002774	-5.623868	-0.002774	1.004377	0.515799	
137	1.001022	0.002223	-4.697181	-0.002223	1.001022	0.534102	
138	1.003956	0.002793	-5.122077	-0.002793	1.003956	0.237141	
139	1.004884	0.004630	-6.358534	-0.004630	1.004884	0.585399	
140	1.002781	0.001104	-6.463786	-0.001104	1.002781	0.155136	
141	0.999979	0.002944	-3.790091	-0.002944	0.999979	1.294325	
142	0.997554	0.001737	-1.061316	-0.001737	0.997554	1.772371	
143	1.004311	0.003427	-8.005267	-0.003427	1.004311	1.120029	
144	1.004133	0.002611	-6.621900	-0.002611	1.004133	0.453246	
145	1.005634	0.003001	-8.423904	-0.003001	1.005634	0.425876	
146	1.005378	0.002634	-7.974334	-0.002634	1.005378	0.149047	
147	1.005532	0.001467	-7.925033	-0.001467	1.005532	-0.223030	
148	1.005089	0.001785	-6.681960	-0.001785	1.005089	-0.503180	
149	1.002075	0.001547	-4.226146	-0.001547	1.002075	0.065273	
150	1.001282	0.001787	-3.051251	-0.001787	1.001282	0.425726	
151	1.000537	0.001500	-2.032311	-0.001500	1.000537	0.136979	
152	1.000931	0.002252	-1.166507	-0.002252	1.000931	0.343190	
153	1.001023	0.002053	-0.262278	-0.002053	1.001023	0.370572	
154	1.000201	0.001719	1.127552	-0.001719	1.000201	0.582872	
155	1.000455	0.001510	1.513388	-0.001510	1.000455	0.222893	
156	1.002878	0.001811	2.327122	-0.001811	1.002878	-0.340683	
157	0.999907	0.001314	3.704168	-0.001314	0.999907	-0.178172	
158	1.002967	0.001902	3.742242	-0.001902	1.002967	-0.461235	
159	1.003276	0.002178	5.164213	-0.002178	1.003276	-1.499960	
160	1.000742	0.001581	7.359033	-0.001581	1.000742	-1.741629	
161	1.001606	0.001292	8.019253	-0.001292	1.001606	-2.808103	
162	1.002007	0.001162	8.280430	-0.001162	1.002007	-3.214591	
163	1.001700	0.000929	8.712622	-0.000929	1.001700	-3.418368	
164	1.001755	0.000653	8.739146	-0.000653	1.001755	-3.756714	
165	1.001022	0.001281	8.513046	-0.001281	1.001022	-3.411559	
166	1.001528	0.001619	8.089344	-0.001619	1.001528	-3.115539	
167	1.001641	0.001482	7.139578	-0.001482	1.001641	-2.717289	
168	1.004533	0.003777	4.120391	-0.003777	1.004533	-1.279406	
169	1.004910	0.003078	4.649811	-0.003078	1.004910	-1.237282	
170	1.003876	0.001684	6.252695	-0.001684	1.003876	-1.401744	
171	1.003274	0.000919	6.906040	-0.000919	1.003274	-1.605910	
172	1.004901	0.001816	4.933343	-0.001816	1.004901	-1.015488	
173	1.008611	0.002825	0.639930	-0.002825	1.008611	-0.907370	
174	1.002454	0.000671	7.688594	-0.000671	1.002454	-1.555647	
175	1.004096	0.001857	5.339875	-0.001857	1.004096	-1.516921	
176	1.001329	0.000410	8.121837	-0.000410	1.001329	-1.940880	
177	1.001174	0.000245	8.068254	-0.000245	1.001174	-1.916694	
178	1.000358	0.000241	8.267868	-0.000241	1.000358	-1.616528	
179	1.005446	0.002838	2.431663	-0.002838	1.005446	-0.920880	
180	0.999682	0.001004	8.292626	-0.001004	0.999682	-0.633999	
181	1.000084	0.001205	7.604371	-0.001205	1.000084	-0.477628	
182	1.000302	0.001662	7.194279	-0.001662	1.000302	-0.447490	
183	1.005059	0.002801	2.142519	-0.002801	1.005059	-0.664729	
184	1.001730	0.002996	3.546062	-0.002996	1.001730	-0.555422	
185	1.002649	0.001813	3.026175	-0.001813	1.002649	-0.862353	
186	1.000792	0.001355	3.348716	-0.001355	1.000792	-0.714052	
187	0.999924	0.001485	3.581704	-0.001485	0.999924	-0.561258	
188	1.000339	0.001829	3.354613	-0.001829	1.000339	-0.322488	
189	1.002555	0.002234	2.801839	-0.002234	1.002555	-0.655466	
190	0.999058	0.002925	4.499942	-0.002925	0.999058	0.712217	
191	1.000960	0.001736	3.023859	-0.001736	1.000960	-0.129369	
192	1.002444	0.001433	2.894576	-0.001433	1.002444	-0.660560	
193	1.002023	0.001153	2.331579	-0.001153	1.002023	-0.505455	
194	1.000629	0.000676	2.962198	-0.000676	1.000629	-0.754692	
195	0.999887	0.000927	3.313959	-0.000927	0.999887	-0.602702	
196	1.001622	0.001906	2.005834	-0.001906	1.001622	0.355557	
197	1.001044	0.001181	1.718655	-0.001181	1.001044	0.027508	
198	1.000467	0.000312	1.713603	-0.000312	1.000467	-0.141488	
199	0.999696	-0.000129	2.006796	0.000129	0.999696	0.046656	
200	1.000009	-0.000411	1.852861	0.000411	1.000009	0.054940	
201	0.999372	-0.000075	1.958497	0.000075	0.999372	0.256728	
202	0.999202	0.000706	1.962992	-0.000706	0.999202	0.568597	
203	0.999545	0.000457	1.581676	-0.000457	0.999545	0.329802	
204	0.999632	0.000421	1.502845	-0.000421	0.999632	0.548855	
205	1.000001	0.000087	1.169402	-0.000087	1.000001	0.588022	
206	1.000408	-0.000246	0.780997	0.000246	1.000408	0.327429	
207	0.999615	-0.000084	0.856977	0.000084	0.999615	0.456211	
208	0.999267	0.000046	0.433928	-0.000046	0.999267	0.347720	
209	1.000167	0.000689	0.026767	-0.000689	1.000167	0.419979	
210	0.999394	-0.000227	-0.067723	0.000227	0.999394	0.176511	
211	1.000156	0.000056	-0.329996	-0.000056	1.000156	-0.050942	
212	0.999462	0.000599	-0.244943	-0.000599	0.999462	0.143340	
213	0.999347	0.001019	-0.332558	-0.001019	0.999347	0.295900	
214	0.998527	0.000220	-0.692898	-0.000220	0.998527	-0.159835	
215	1.000501	0.000480	-1.419624	-0.000480	1.000501	-0.109674	
216	0.999251	0.000540	-1.506546	-0.000540	0.999251	0.103833	
217	0.998498	0.000415	-1.147420	-0.000415	0.998498	0.269892	
218	0.998365	0.000119	-1.052031	-0.000119	0.998365	0.175450	
219	0.998114	-0.000232	-1.019169	0.000232	0.998114	-0.067650	
220	0.999908	-0.000003	-1.064954	0.000003	0.999908	-0.320695	
221	0.998169	0.000295	-0.623802	-0.000295	0.998169	-0.069612	
222	0.997809	0.000728	-0.444076	-0.000728	0.997809	0.309447	
223	0.997949	0.000629	-0.954744	-0.000629	0.997949	0.178369	
224	0.998129	0.000989	-1.022166	-0.000989	0.998129	0.376964	
225	0.999259	0.001458	-1.154495	-0.001458	0.999259	0.568850	
226	0.998175	0.000480	-1.270682	-0.000480	0.998175	0.550024	
227	0.998090	0.000220	-1.515774	-0.000220	0.998090	0.705887	
228	0.999124	0.000076	-1.978021	-0.000076	0.999124	0.777886	
229	0.996877	0.000051	-1.758638	-0.000051	0.996877	1.426717	
230	1.000350	0.001283	-2.834724	-0.001283	1.000350	1.546132	
231	0.996890	0.001038	-2.654364	-0.001038	0.996890	2.170448	
232	0.996775	0.000920	-2.855984	-0.000920	0.996775	2.211365	
233	0.996656	0.000971	-3.404230	-0.000971	0.996656	2.576980	
234	0.995406	-0.000160	-3.263319	0.000160	0.995406	2.332394	
235	0.998310	0.001121	-6.353499	-0.001121	0.998310	2.936058	
236	1.002866	0.001616	-8.735632	-0.001616	1.002866	2.083893	
237	1.000787	0.001716	-10.023445	-0.001716	1.000787	2.721040	
238	1.001570	0.002200	-11.789973	-0.002200	1.001570	2.833841	
239	1.002505	0.002700	-13.688304	-0.002700	1.002505	3.298063	
240	1.003233	0.003732	-15.530883	-0.003732	1.003233	4.129679	
241	1.005605	0.003472	-18.460284	-0.003472	1.005605	3.682168	
242	1.005839	0.003824	-20.278723	-0.003824	1.005839	4.824913	
243	1.005810	0.004238	-22.217391	-0.004238	1.005810	5.694647	
244	1.007816	0.005176	-24.506993	-0.005176	1.007816	6.057671	
245	1.001787	0.004919	-24.469609	-0.004919	1.001787	8.195779	
246	1.004661	0.005576	-27.467798	-0.005576	1.004661	8.069229	
247	0.995488	0.009849	-23.503411	-0.009849	0.995488	14.755626	
248	0.994394	0.006722	-23.990250	-0.006722	0.994394	11.581252	
249	0.999755	0.012821	-28.456158	-0.012821	0.999755	15.861707	
250	1.005437	0.008077	-31.801180	-0.008077	1.005437	9.284368	
251	0.995817	0.003852	-26.028086	-0.003852	0.995817	7.521881	
252	1.000603	0.003770	-29.256512	-0.003770	1.000603	6.425804	
253	0.995314	0.005646	-24.261897	-0.005646	0.995314	8.088053	
254	0.998663	0.002758	-26.795572	-0.002758	0.998663	5.135968	
255	0.996916	0.004871	-24.510806	-0.004871	0.996916	6.672775	
256	0.999901	0.007822	-25.611616	-0.007822	0.999901	8.174770	
257	1.000276	0.003108	-25.293156	-0.003108	1.000276	5.215112	
258	0.998897	0.004955	-23.127962	-0.004955	0.998897	6.933307	
259	0.998996	0.001683	-22.657153	-0.001683	0.998996	4.264501	
260	0.998434	0.002511	-20.532436	-0.002511	0.998434	5.194433	
261	0.998100	0.002088	-19.167722	-0.002088	0.998100	4.950896	
262	0.999378	0.003477	-18.495364	-0.003477	0.999378	5.231536	
263	0.998594	0.003177	-16.780406	-0.003177	0.998594	4.921288	
264	0.998577	0.002072	-15.256084	-0.002072	0.998577	4.162343	
265	0.999120	0.002256	-13.145822	-0.002256	0.999120	3.418205	
266	1.000377	0.002506	-11.302325	-0.002506	1.000377	2.441259	
267	1.000864	0.001616	-9.402501	-0.001616	1.000864	1.554653	
268	0.997617	0.000969	-4.704505	-0.000969	0.997617	0.930455	
269	1.002268	0.000946	-7.832209	-0.000946	1.002268	0.624402	
270	1.002168	0.001150	-7.558705	-0.001150	1.002168	1.169679	
271	1.001899	0.001795	-7.310226	-0.001795	1.001899	2.029438	
272	1.002153	0.000901	-7.472820	-0.000901	1.002153	1.413104	
273	1.001107	0.000627	-5.734897	-0.000627	1.001107	1.461952	
274	0.998797	0.000651	-2.861188	-0.000651	0.998797	1.722164	
275	0.999869	0.000233	-2.814407	-0.000233	0.999869	1.379407	
276	1.000220	0.000245	-2.477117	-0.000245	1.000220	1.458024	
277	1.000507	0.000875	-2.222130	-0.000875	1.000507	1.683806	
278	1.000248	0.000302	-1.897086	-0.000302	1.000248	1.238844	
279	1.000511	0.000120	-2.050095	-0.000120	1.000511	1.038652	
280	1.000699	0.000264	-2.324431	-0.000264	1.000699	0.848239	
281	1.000854	0.000465	-2.567707	-0.000465	1.000854	0.792615	
282	1.000868	0.000769	-2.186389	-0.000769	1.000868	0.490380	
283	1.001002	0.000785	-1.998550	-0.000785	1.001002	0.456348	
284	1.001166	0.000579	-2.023271	-0.000579	1.001166	0.503986	
285	1.001420	0.000774	-1.838028	-0.000774	1.001420	0.217894	
286	1.001398	0.000719	-1.494770	-0.000719	1.001398	0.161662	
287	1.002039	0.000612	-1.522967	-0.000612	1.002039	0.160246	
288	1.002596	0.000834	-1.679249	-0.000834	1.002596	-0.099657	
289	1.002416	0.000711	-1.428675	-0.000711	1.002416	-0.114735	
290	1.002298	0.000491	-1.267654	-0.000491	1.002298	0.132547	
291	1.002052	0.000615	-1.145955	-0.000615	1.002052	0.427616	
292	1.002102	0.000258	-1.213883	-0.000258	1.002102	0.465546	
293	1.001831	0.000238	-0.975057	-0.000238	1.001831	0.289161	
294	1.002479	0.000497	-1.397403	-0.000497	1.002479	0.245710	
295	1.002103	0.000342	-1.050242	-0.000342	1.002103	0.375995	
296	1.002196	0.000388	-1.121948	-0.000388	1.002196	0.860335	
297	1.002115	0.000342	-1.073380	-0.000342	1.002115	1.127527	
298	1.002239	0.000252	-1.122130	-0.000252	1.002239	1.233491	
299	1.002248	0.000143	-0.867120	-0.000143	1.002248	1.424382	
300	1.002173	0.000206	-0.732463	-0.000206	1.002173	1.689208	
301	1.001951	-0.000192	-0.768462	0.000192	1.001951	1.143889	
302	1.002324	0.000164	-0.724665	-0.000164	1.002324	1.294758	
303	1.002439	0.000106	-0.247671	-0.000106	1.002439	1.464959	
304	1.002690	-0.000059	0.125335	0.000059	1.002690	0.881671	
305	1.003052	0.000075	0.235781	-0.000075	1.003052	0.795792	
306	1.003068	0.000237	0.416465	-0.000237	1.003068	0.762185	
307	1.002995	0.000190	0.587273	-0.000190	1.002995	0.630903	
308	1.002874	0.000253	0.808139	-0.000253	1.002874	0.606078	
309	1.002995	0.000225	0.593055	-0.000225	1.002995	0.691316	
310	1.002554	0.000036	0.675442	-0.000036	1.002554	0.771266	
311	1.002740	-0.000028	0.620360	0.000028	1.002740	0.511871	
312	1.003070	-0.000036	0.561897	0.000036	1.003070	0.293916	
313	1.002886	0.000001	0.837140	-0.000001	1.002886	0.077208	
314	1.002909	0.000086	1.060535	-0.000086	1.002909	-0.320749	
315	1.003078	0.000149	1.067063	-0.000149	1.003078	-0.561562	
316	1.003172	0.000233	1.031852	-0.000233	1.003172	-0.750121	
317	1.002900	0.000328	1.286942	-0.000328	1.002900	-0.663564	
318	1.003055	0.000153	1.265087	-0.000153	1.003055	-0.843552	
319	1.002858	0.000194	1.574548	-0.000194	1.002858	-0.470488	
320	1.003578	0.000021	1.621296	-0.000021	1.003578	-0.397375	
321	1.003494	0.000027	1.847537	-0.000027	1.003494	-0.417642	
322	1.004192	-0.000098	1.795383	0.000098	1.004192	-0.518771	
323	1.004261	-0.000118	1.730967	0.000118	1.004261	-0.168741	
324	1.003964	-0.000230	1.843528	0.000230	1.003964	0.134485	
325	1.003976	-0.000303	2.135626	0.000303	1.003976	0.169190	
326	1.003116	-0.000202	2.735338	0.000202	1.003116	0.473944	
327	1.003860	-0.000407	2.728148	0.000407	1.003860	0.329164	
328	1.003688	-0.000382	3.079466	0.000382	1.003688	0.345488	
329	1.004252	-0.000553	3.113979	0.000553	1.004252	-0.071352	
330	1.003785	-0.000669	3.727339	0.000669	1.003785	-0.019813	
331	1.000811	-0.000700	6.586853	0.000700	1.000811	0.514716	
332	0.998226	-0.000176	8.202136	0.000176	0.998226	1.188093	
333	0.999346	-0.000564	8.100709	0.000564	0.999346	0.515815	
334	0.999586	-0.000718	8.379569	0.000718	0.999586	0.472582	
335	1.002700	-0.000566	5.976379	0.000566	1.002700	0.049799	
336	1.000041	-0.000925	8.821953	0.000925	1.000041	-0.062923	
337	0.999510	-0.001118	9.717668	0.001118	0.999510	0.004483	
338	0.999729	-0.001123	10.130683	0.001123	0.999729	-0.071494	
339	0.999513	-0.000975	10.778611	0.000975	0.999513	-0.024907	
340	0.999649	-0.001248	10.942045	0.001248	0.999649	-0.102540	
341	0.999573	-0.001180	11.131766	0.001180	0.999573	0.063897	
342	0.999778	-0.001104	11.139554	0.001104	0.999778	0.176716	
343	0.999759	-0.001154	11.280543	0.001154	0.999759	0.232476	
344	0.999722	-0.001192	11.463510	0.001192	0.999722	0.223677	
345	0.999691	-0.001276	11.623892	0.001276	0.999691	0.225693	
346	0.999384	-0.001315	12.043850	0.001315	0.999384	0.217948	
347	0.999434	-0.001345	12.130507	0.001345	0.999434	0.131232	
348	1.000182	-0.001505	11.629833	0.001505	1.000182	-0.168990	
349	0.999623	-0.001176	11.956537	0.001176	0.999623	0.132049	
350	1.000361	-0.000925	11.471300	0.000925	1.000361	0.196992	
351	0.999965	-0.001166	11.671263	0.001166	0.999965	-0.029579	
352	1.000657	-0.001218	11.058353	0.001218	1.000657	0.048326	
353	0.999384	-0.001727	11.724583	0.001727	0.999384	-0.195019	
354	0.999177	-0.001786	11.472363	0.001786	0.999177	-0.157719	
355	0.999329	-0.001637	11.124171	0.001637	0.999329	-0.067682	
356	0.999631	-0.001301	10.842807	0.001301	0.999631	0.036086	
357	0.999765	-0.000934	10.848614	0.000934	0.999765	0.376074	
358	0.999696	-0.001214	10.533158	0.001214	0.999696	0.314511	
359	1.000647	-0.000736	9.961927	0.000736	1.000647	0.152456	
360	1.000954	-0.001310	9.546137	0.001310	1.000954	-0.449147	
361	1.000937	-0.001788	9.348058	0.001788	1.000937	-0.857031	
362	1.001707	-0.001715	8.521464	0.001715	1.001707	-1.348484	
363	1.004428	-0.001010	5.729519	0.001010	1.004428	-1.379224	
364	1.002672	-0.001426	7.519530	0.001426	1.002672	-1.647218	
365	1.003018	-0.001082	7.277724	0.001082	1.003018	-1.476775	
366	1.002632	-0.001128	7.298975	0.001128	1.002632	-1.573650	
367	1.002527	-0.001043	6.974799	0.001043	1.002527	-1.623939	
368	1.004762	-0.000549	4.442088	0.000549	1.004762	-1.525889	
369	1.003524	-0.000984	4.948949	0.000984	1.003524	-1.957511	
370	1.004467	-0.000942	3.660600	0.000942	1.004467	-2.046523	
371	1.004859	-0.000337	3.395066	0.000337	1.004859	-1.769859	
372	1.004411	-0.000603	3.534765	0.000603	1.004411	-2.004040	
373	1.004647	-0.000533	3.130109	0.000533	1.004647	-1.606940	
374	1.002246	-0.000409	4.360767	0.000409	1.002246	-0.913893	
375	1.005327	-0.000132	3.275826	0.000132	1.005327	-1.589717	
376	1.005411	-0.000402	2.980946	0.000402	1.005411	-1.894550	
377	1.004619	-0.000856	3.351376	0.000856	1.004619	-1.767956	
378	1.004894	-0.000710	3.341159	0.000710	1.004894	-1.801706	
379	1.005458	-0.001087	3.136097	0.001087	1.005458	-2.299791	
380	1.005198	-0.001157	3.946373	0.001157	1.005198	-2.410348	
381	1.005075	-0.001035	4.690299	0.001035	1.005075	-2.371664	
382	1.007056	-0.000280	2.671735	0.000280	1.007056	-2.217683	
383	1.006766	-0.000602	2.875092	0.000602	1.006766	-2.208050	
384	1.006742	-0.000651	3.449492	0.000651	1.006742	-2.029537	
385	1.008024	-0.000323	2.417932	0.000323	1.008024	-2.081251	
386	1.004371	-0.002470	5.253200	0.002470	1.004371	-3.114311	
387	1.007183	-0.000759	2.890679	0.000759	1.007183	-2.172751	
388	1.005563	-0.001578	3.948130	0.001578	1.005563	-2.652546	
389	1.005542	-0.001523	3.705331	0.001523	1.005542	-2.669335	
390	1.005848	-0.000953	3.236025	0.000953	1.005848	-2.296685	
391	1.006462	-0.000814	2.793236	0.000814	1.006462	-1.959127	
392	1.006412	-0.001044	2.734692	0.001044	1.006412	-2.094928	
393	1.006284	-0.001099	2.427366	0.001099	1.006284	-2.164761	
394	1.007074	-0.001171	1.602345	0.001171	1.007074	-2.018231	
395	1.002491	-0.001193	3.273119	0.001193	1.002491	-1.419794	
396	1.006516	-0.001017	1.711942	0.001017	1.006516	-1.976872	
397	1.006045	-0.000979	1.839645	0.000979	1.006045	-1.624144	
398	1.006263	-0.000790	1.645631	0.000790	1.006263	-1.395537	
399	1.005744	-0.000838	1.952547	0.000838	1.005744	-1.433026	
400	1.006314	-0.000742	1.606376	0.000742	1.006314	-1.555954	
401	1.006161	-0.000694	1.463297	0.000694	1.006161	-1.492129	
402	1.005943	-0.000693	1.258756	0.000693	1.005943	-1.314430	
403	1.006035	-0.000500	0.895192	0.000500	1.006035	-1.450823	
404	1.005216	-0.000573	0.861676	0.000573	1.005216	-1.616936	
405	1.005117	-0.000561	0.488488	0.000561	1.005117	-1.614184	
406	1.003011	-0.000607	1.438534	0.000607	1.003011	-1.281086	
407	1.003342	-0.000849	0.558421	0.000849	1.003342	-1.449382	
408	1.003863	-0.000757	0.079450	0.000757	1.003863	-1.606409	
409	1.003759	-0.000713	0.029451	0.000713	1.003759	-1.380432	
410	1.003566	-0.000824	-0.242070	0.000824	1.003566	-1.505450	
411	1.003484	-0.000551	-0.477507	0.000551	1.003484	-1.538104	
412	1.003031	-0.000598	-0.292233	0.000598	1.003031	-1.597983	
413	1.002748	-0.000699	-0.158844	0.000699	1.002748	-1.641453	
414	1.003087	-0.000534	-0.406977	0.000534	1.003087	-1.638594	
415	1.002625	-0.000879	-0.141502	0.000879	1.002625	-1.759978	
416	1.002481	-0.000893	0.257590	0.000893	1.002481	-1.490653	
417	1.002753	-0.000607	0.186267	0.000607	1.002753	-1.364703	
418	1.002134	-0.000776	0.535849	0.000776	1.002134	-1.611725	
419	1.002004	-0.000524	0.616673	0.000524	1.002004	-1.322164	
420	1.001538	-0.000866	0.583679	0.000866	1.001538	-1.317610	
421	1.001594	-0.000552	0.326517	0.000552	1.001594	-0.927859	
422	1.001625	-0.000462	0.221107	0.000462	1.001625	-0.958605	
423	1.001326	-0.000478	0.073411	0.000478	1.001326	-1.285211	
424	1.000850	-0.000643	0.142723	0.000643	1.000850	-0.999048	
425	1.001102	-0.000698	-0.225803	0.000698	1.001102	-1.022493	
426	1.001300	-0.000569	-0.454992	0.000569	1.001300	-1.052833	
427	1.000593	-0.000767	-0.187997	0.000767	1.000593	-1.174415	
428	1.001110	-0.000643	-0.927216	0.000643	1.001110	-1.174504	
429	1.000880	-0.000784	-0.802091	0.000784	1.000880	-1.290134	
430	1.000777	-0.000636	-0.745027	0.000636	1.000777	-0.970016	
431	1.000542	-0.000445	-0.719167	0.000445	1.000542	-0.892162	
432	1.000845	-0.000346	-0.873179	0.000346	1.000845	-1.010854	
433	1.000255	-0.000427	-0.565640	0.000427	1.000255	-0.759403	
434	1.000272	-0.000429	-0.692230	0.000429	1.000272	-0.764753	
435	1.000263	-0.000373	-0.977793	0.000373	1.000263	-0.686825	
436	0.999959	-0.000314	-1.130701	0.000314	0.999959	-0.621034	
437	0.999932	-0.000239	-1.412341	0.000239	0.999932	-0.481551	
438	0.999995	-0.000022	-1.768015	0.000022	0.999995	-0.262071	
439	0.999808	0.000023	-1.677990	-0.000023	0.999808	-0.312879	
440	1.000047	0.000034	-2.009722	-0.000034	1.000047	-0.408026	
441	1.000265	0.000084	-2.534394	-0.000084	1.000265	-0.445801	
442	1.000356	0.000197	-2.821584	-0.000197	1.000356	-0.330464	
443	1.000463	0.000116	-3.251571	-0.000116	1.000463	-0.479912	
444	1.000658	0.000220	-3.802171	-0.000220	1.000658	-0.625839	
445	1.000577	0.000332	-4.120161	-0.000332	1.000577	-0.479339	
446	1.001394	0.000326	-5.522628	-0.000326	1.001394	-0.736297	
447	1.002316	0.000367	-6.856551	-0.000367	1.002316	-0.871022	
448	1.002628	0.000554	-7.533442	-0.000554	1.002628	-0.714962	
449	1.002905	0.000634	-8.039587	-0.000634	1.002905	-0.698607	
450	1.003431	0.000637	-8.718439	-0.000637	1.003431	-0.719522	
451	1.001546	0.001214	-7.827307	-0.001214	1.001546	0.083769	
452	1.001822	0.001225	-7.681691	-0.001225	1.001822	0.123845	
453	1.002562	0.001039	-7.870941	-0.001039	1.002562	-0.218061	
454	1.002736	0.000896	-7.915125	-0.000896	1.002736	-0.231103	
455	0.998528	0.000822	-3.969358	-0.000822	0.998528	0.288295	
456	1.002620	0.001119	-8.013343	-0.001119	1.002620	-0.074664	
457	1.002863	0.000646	-8.144650	-0.000646	1.002863	-0.422974	
458	1.002678	0.000843	-8.101113	-0.000843	1.002678	-0.200522	
459	1.002965	0.000876	-8.452784	-0.000876	1.002965	-0.141849	
460	1.003150	0.001276	-8.679777	-0.001276	1.003150	0.180090	
461	1.002547	0.001473	-8.742122	-0.001473	1.002547	0.273765	
462	1.003286	0.001291	-9.002222	-0.001291	1.003286	0.184837	
463	1.000268	0.000935	-6.119228	-0.000935	1.000268	0.363592	
464	1.002259	0.001059	-8.531612	-0.001059	1.002259	0.302851	
465	1.002148	0.001181	-8.511476	-0.001181	1.002148	0.331980	
466	1.002006	0.001286	-8.263360	-0.001286	1.002006	0.500665	
467	1.002537	0.000806	-8.320103	-0.000806	1.002537	-0.014236	
468	1.001882	0.000971	-8.094530	-0.000971	1.001882	-0.002734	
469	1.002773	0.000891	-8.379263	-0.000891	1.002773	-0.083620	
470	1.001428	0.001019	-7.533932	-0.001019	1.001428	0.313622	
471	1.003102	0.000942	-8.287417	-0.000942	1.003102	-0.008210	
472	1.003386	0.001149	-8.288471	-0.001149	1.003386	0.326565	
473	1.003651	0.001089	-8.364304	-0.001089	1.003651	0.321457	
474	1.003218	0.001037	-8.028900	-0.001037	1.003218	0.331020	
475	0.998844	0.000887	-4.990802	-0.000887	0.998844	0.377934	
476	0.999403	0.000945	-5.158885	-0.000945	0.999403	0.162304	
477	1.000577	0.001233	-5.409723	-0.001233	1.000577	0.147902	
478	1.002523	0.000878	-7.347791	-0.000878	1.002523	0.055611	
479	1.003028	0.000835	-7.435957	-0.000835	1.003028	0.114481	
480	1.002758	0.000707	-7.118334	-0.000707	1.002758	0.218044	
481	1.002776	0.000680	-7.041638	-0.000680	1.002776	0.200702	
482	1.001891	0.000715	-5.968306	-0.000715	1.001891	0.396545	
483	1.001253	0.000932	-4.922657	-0.000932	1.001253	0.848679	
484	1.000643	0.000798	-3.702142	-0.000798	1.000643	0.935627	
485	1.000614	0.000728	-3.085707	-0.000728	1.000614	1.038175	
486	1.000504	0.000315	-2.581965	-0.000315	1.000504	0.820489	
487	1.001177	0.000275	-2.480528	-0.000275	1.001177	0.625013	
488	1.001311	0.000134	-2.304595	-0.000134	1.001311	0.653030	
489	1.001348	0.000111	-2.018182	-0.000111	1.001348	0.541775	
490	1.001360	0.000102	-1.911394	-0.000102	1.001360	0.551542	
491	1.001147	0.000214	-1.672831	-0.000214	1.001147	0.723262	
492	1.001338	0.000438	-1.600151	-0.000438	1.001338	1.090445	
493	1.001518	0.000484	-1.430465	-0.000484	1.001518	1.230503	
494	1.001433	0.000281	-1.139055	-0.000281	1.001433	1.225875	
495	1.001515	0.000180	-0.933662	-0.000180	1.001515	1.211255	
496	1.001324	-0.000017	-0.679092	0.000017	1.001324	1.461945	
497	1.001535	0.000069	-0.781904	-0.000069	1.001535	1.421511	
498	1.001281	-0.000022	-0.685823	0.000022	1.001281	1.290457	
499	1.001380	0.000168	-0.800224	-0.000168	1.001380	1.239194	
500	1.001303	0.000306	-0.758929	-0.000306	1.001303	1.356425	
501	1.001351	0.000389	-0.792685	-0.000389	1.001351	1.080896	
502	1.001356	0.000259	-0.911287	-0.000259	1.001356	0.926841	
503	1.001319	0.000040	-0.919490	-0.000040	1.001319	0.718031	
504	1.001617	0.000096	-1.003795	-0.000096	1.001617	0.541850	
505	1.001572	0.000102	-1.133822	-0.000102	1.001572	0.554712	
506	1.001397	0.000171	-1.145431	-0.000171	1.001397	0.529436	
507	1.001447	0.000369	-1.153603	-0.000369	1.001447	0.571338	
508	1.001009	0.000217	-1.097038	-0.000217	1.001009	0.647235	
509	1.001205	0.000180	-1.247391	-0.000180	1.001205	0.385785	
510	1.001068	0.000279	-1.364712	-0.000279	1.001068	0.497417	
511	1.000712	0.000114	-1.685034	-0.000114	1.000712	0.545156	
512	1.000536	0.000178	-2.000685	-0.000178	1.000536	0.694820	
513	1.000291	0.000273	-2.421087	-0.000273	1.000291	0.661044	
514	1.000438	0.000204	-3.108666	-0.000204	1.000438	0.849305	
515	1.000107	0.000127	-3.324775	-0.000127	1.000107	0.818838	
516	1.000199	0.000184	-3.768662	-0.000184	1.000199	0.571472	
517	0.999828	0.000116	-4.001737	-0.000116	0.999828	0.480684	
518	1.000701	0.000342	-5.262696	-0.000342	1.000701	0.623783	
519	1.001402	0.000661	-6.627040	-0.000661	1.001402	0.780093	
520	1.003267	0.000807	-8.248056	-0.000807	1.003267	0.646522	
521	1.000766	0.000900	-7.319926	-0.000900	1.000766	1.158260	
522	1.000849	0.000835	-7.704572	-0.000835	1.000849	1.141225	
523	1.000966	0.000808	-7.902855	-0.000808	1.000966	0.955808	
524	1.001667	0.000862	-8.482119	-0.000862	1.001667	0.450737	
525	1.001551	0.001036	-8.647396	-0.001036	1.001551	0.534567	
526	1.002888	0.000822	-9.187403	-0.000822	1.002888	0.093406	
527	1.002527	0.000797	-9.184097	-0.000797	1.002527	-0.127759	
528	1.001604	0.001034	-9.312614	-0.001034	1.001604	0.007805	
529	1.001898	0.000710	-9.999763	-0.000710	1.001898	-0.049750	
530	1.002098	0.000997	-10.319965	-0.000997	1.002098	-0.073658	
531	1.002159	0.001019	-11.009429	-0.001019	1.002159	0.041068	
532	1.002365	0.001126	-11.520952	-0.001126	1.002365	0.351386	
533	1.002087	0.001202	-11.424793	-0.001202	1.002087	0.419350	
534	1.002157	0.001222	-11.642495	-0.001222	1.002157	0.335463	
535	1.001595	0.001164	-11.352185	-0.001164	1.001595	0.455277	
536	1.002238	0.001834	-11.781339	-0.001834	1.002238	0.789979	
537	1.001416	0.000984	-11.481780	-0.000984	1.001416	0.466771	
538	1.001635	0.000954	-11.629990	-0.000954	1.001635	0.419527	
539	1.002075	0.001581	-11.648558	-0.001581	1.002075	0.648880	
540	1.001296	0.001026	-11.257893	-0.001026	1.001296	0.437992	
541	1.001583	0.000851	-11.672710	-0.000851	1.001583	0.073125	
542	1.002504	0.000550	-12.984575	-0.000550	1.002504	-0.096362	
543	1.001920	0.000806	-12.377067	-0.000806	1.001920	-0.039685	
544	1.001504	0.001062	-11.982755	-0.001062	1.001504	0.039362	
545	1.001826	0.001127	-12.314637	-0.001127	1.001826	0.142791	
546	1.001985	0.001265	-12.351099	-0.001265	1.001985	0.271512	
547	1.000974	0.001635	-11.386014	-0.001635	1.000974	0.575986	
548	1.002031	0.001201	-12.559808	-0.001201	1.002031	-0.032225	
549	1.002024	0.000915	-12.546095	-0.000915	1.002024	-0.151129	
550	1.002789	0.001015	-12.923251	-0.001015	1.002789	0.148334	
551	1.001311	0.000915	-11.716196	-0.000915	1.001311	0.021222	
552	1.002074	0.000646	-12.482910	-0.000646	1.002074	-0.211575	
553	1.001285	0.001217	-11.051550	-0.001217	1.001285	0.461182	
554	1.002220	0.000457	-11.759824	-0.000457	1.002220	-0.274941	
555	1.002329	0.000345	-11.358392	-0.000345	1.002329	-0.350268	
556	1.002214	0.000418	-10.786848	-0.000418	1.002214	-0.188766	
557	1.001767	0.000414	-10.108168	-0.000414	1.001767	-0.244588	
558	1.002368	0.000291	-10.312723	-0.000291	1.002368	-0.491809	
559	1.002041	0.000639	-9.944938	-0.000639	1.002041	-0.033245	
560	1.001540	0.000717	-9.276592	-0.000717	1.001540	-0.016052	
561	1.002278	0.000589	-9.803290	-0.000589	1.002278	-0.471118	
562	1.002370	0.000429	-9.512558	-0.000429	1.002370	-0.233058	
563	1.002336	0.000301	-9.524862	-0.000301	1.002336	-0.290262	
564	1.003434	-0.000021	-9.762943	0.000021	1.003434	-0.647345	
565	1.002571	0.000017	-8.951826	-0.000017	1.002571	-0.565097	
566	1.003198	-0.000053	-8.763158	0.000053	1.003198	-0.700359	
567	1.002647	0.000029	-8.175900	-0.000029	1.002647	-0.609496	
568	1.002977	-0.000022	-8.152259	0.000022	1.002977	-0.715429	
569	1.001609	-0.000025	-6.132249	0.000025	1.001609	-0.162178	
570	1.001019	-0.000032	-5.063585	0.000032	1.001019	-0.021686	
571	1.001695	0.000007	-5.670311	-0.000007	1.001695	-0.350955	
572	1.000865	-0.000078	-4.533984	0.000078	1.000865	0.105931	
573	1.000820	-0.000031	-3.856703	0.000031	1.000820	0.458881	
574	1.000360	-0.000060	-3.002624	0.000060	1.000360	0.155230	
575	1.001094	0.000133	-2.305216	-0.000133	1.001094	0.309586	
576	1.001018	0.000105	-1.731652	-0.000105	1.001018	0.477151	
577	1.000996	0.000114	-1.442362	-0.000114	1.000996	0.375242	
578	1.000970	0.000055	-1.348660	-0.000055	1.000970	0.376047	
579	1.000933	0.000167	-1.414095	-0.000167	1.000933	0.410318	
580	1.000763	0.000138	-1.204962	-0.000138	1.000763	0.019681	
581	1.001127	0.000078	-1.076470	-0.000078	1.001127	-0.071461	
582	1.001083	0.000090	-1.110076	-0.000090	1.001083	-0.049858	
583	1.001076	0.000249	-1.228410	-0.000249	1.001076	-0.315514	
584	1.001224	0.000154	-1.015255	-0.000154	1.001224	-0.215965	
585	1.001205	0.000146	-0.777438	-0.000146	1.001205	0.235603	
586	1.001295	0.000245	-1.008211	-0.000245	1.001295	0.187063	
587	1.001155	0.000144	-0.830530	-0.000144	1.001155	-0.137657	
588	1.001127	0.000046	-0.534141	-0.000046	1.001127	-0.155064	
589	1.001089	0.000120	-0.709219	-0.000120	1.001089	0.376140	
590	1.000669	0.000296	-0.312562	-0.000296	1.000669	0.565466	
591	1.000969	-0.000054	-0.653268	0.000054	1.000969	0.388203	
592	1.000588	0.000372	-0.254438	-0.000372	1.000588	0.843899	
593	1.000525	0.000374	-0.311606	-0.000374	1.000525	0.814465	
594	1.000488	-0.000056	-0.342096	0.000056	1.000488	0.056485	
595	1.000188	0.000178	-0.120642	-0.000178	1.000188	0.077542	
596	0.999994	0.000124	0.047057	-0.000124	0.999994	0.209584	
597	1.000043	0.000044	-0.053670	-0.000044	1.000043	0.190914	
598	0.999917	0.000022	0.298885	-0.000022	0.999917	0.227073	
599	0.999998	0.000030	0.266153	-0.000030	0.999998	0.407572	
600	1.000063	-0.000081	0.279113	0.000081	1.000063	0.545075	
601	1.000099	-0.000043	0.653729	0.000043	1.000099	0.359271	
602	1.000051	0.000264	1.261936	-0.000264	1.000051	0.644866	
603	1.000077	0.000198	1.763795	-0.000198	1.000077	0.555937	
604	1.000128	0.000141	1.665584	-0.000141	1.000128	0.304603	
605	0.999947	0.000191	1.928553	-0.000191	0.999947	0.479765	
606	0.999715	0.000173	2.443248	-0.000173	0.999715	0.676942	
607	0.999770	0.000181	2.669372	-0.000181	0.999770	0.508611	
608	0.999939	0.000166	2.621065	-0.000166	0.999939	0.366787	
609	0.999972	0.000176	2.651680	-0.000176	0.999972	0.598405	
610	1.000046	0.000269	2.856469	-0.000269	1.000046	0.608368	
611	1.000082	0.000348	3.380490	-0.000348	1.000082	0.525271	
612	1.000292	0.000208	3.783439	-0.000208	1.000292	0.659912	
613	1.000490	0.000114	4.134207	-0.000114	1.000490	0.232900	
614	1.001060	0.000230	4.762883	-0.000230	1.001060	0.138292	
615	1.000902	0.000142	5.348351	-0.000142	1.000902	0.320010	
616	0.998623	0.000130	7.182883	-0.000130	0.998623	0.464623	
617	1.000678	0.000019	6.476626	-0.000019	1.000678	0.151447	
618	0.999783	0.000007	7.724785	-0.000007	0.999783	0.738226	
619	0.998481	0.000180	8.395408	-0.000180	0.998481	0.678786	
620	1.001605	0.000175	6.017248	-0.000175	1.001605	0.009964	
621	1.000536	0.000038	6.489054	-0.000038	1.000536	0.315035	
622	0.998769	0.000198	7.161157	-0.000198	0.998769	0.556303	
623	1.000817	0.000131	4.876379	-0.000131	1.000817	0.077212	
624	1.000303	0.000184	4.535320	-0.000184	1.000303	0.271500	
625	1.000244	0.000231	4.361242	-0.000231	1.000244	0.622649	
626	1.000357	0.000184	3.951612	-0.000184	1.000357	0.567871	
627	1.000282	0.000175	3.978462	-0.000175	1.000282	0.301396	
628	1.000535	0.000106	3.811997	-0.000106	1.000535	0.157135	
629	1.000236	0.000193	4.153236	-0.000193	1.000236	0.218194	
630	1.000127	0.000272	4.294318	-0.000272	1.000127	0.050044	
631	1.000272	0.000198	4.079207	-0.000198	1.000272	0.026423	
632	0.999989	0.000248	4.154070	-0.000248	0.999989	0.109919	
633	1.000240	0.000187	3.621602	-0.000187	1.000240	0.037084	
634	1.000520	0.000242	3.307459	-0.000242	1.000520	0.036524	
635	1.000090	0.000169	3.134644	-0.000169	1.000090	0.319291	
636	1.000016	0.000154	2.663665	-0.000154	1.000016	0.399101	
637	1.000052	0.000105	2.219175	-0.000105	1.000052	0.105886	
638	0.999986	0.000099	1.666375	-0.000099	0.999986	0.104019	
639	0.999951	0.000063	1.077768	-0.000063	0.999951	0.026775	
640	0.999975	0.000034	0.627564	-0.000034	0.999975	0.011912	
641	0.999968	-0.000042	0.419560	0.000042	0.999968	0.171395	
642	0.999874	-0.000007	0.337143	0.000007	0.999874	0.357403	
643	0.999913	0.000043	0.107177	-0.000043	0.999913	0.256279	
644	0.999869	-0.000006	0.134655	0.000006	0.999869	0.291886	
645	0.999835	0.000040	0.134993	-0.000040	0.999835	0.329520	
646	0.999850	0.000027	0.097730	-0.000027	0.999850	0.333786	
647	0.999844	0.000033	0.179004	-0.000033	0.999844	0.289578	
648	0.999853	0.000040	0.173500	-0.000040	0.999853	0.283363	
649	0.999879	0.000028	0.172135	-0.000028	0.999879	0.280767	
650	0.999893	0.000063	0.141941	-0.000063	0.999893	0.002969	
651	0.999847	0.000053	0.140153	-0.000053	0.999847	-0.176307	
652	0.999860	0.000074	0.129620	-0.000074	0.999860	-0.139934	
653	0.999915	0.000010	0.127208	-0.000010	0.999915	0.131129	
654	0.999910	-0.000007	0.158403	0.000007	0.999910	0.174053	
655	0.999906	0.000043	0.168216	-0.000043	0.999906	0.004995	
656	0.999906	0.000087	0.127192	-0.000087	0.999906	-0.301503	
657	0.999928	0.000054	0.121545	-0.000054	0.999928	-0.328080	
658	0.999944	0.000076	0.094020	-0.000076	0.999944	-0.207542	
659	0.999932	0.000061	0.069326	-0.000061	0.999932	-0.198140	
660	0.999935	0.000043	0.089008	-0.000043	0.999935	-0.127672	
661	0.999949	0.000040	0.124630	-0.000040	0.999949	0.002339	
662	0.999949	0.000071	0.096205	-0.000071	0.999949	-0.002206	
663	0.999992	0.000072	0.078460	-0.000072	0.999992	0.003718	
664	1.000020	0.000061	0.037603	-0.000061	1.000020	0.027929	
665	1.000058	0.000070	0.012188	-0.000070	1.000058	0.034275	
666	1.000086	0.000100	0.032552	-0.000100	1.000086	0.062032	
667	1.000083	0.000065	0.003171	-0.000065	1.000083	-0.182298	
668	1.000095	0.000053	0.005901	-0.000053	1.000095	-0.179817	
669	1.000018	0.000059	0.057952	-0.000059	1.000018	-0.009772	
670	1.000019	0.000004	0.082768	-0.000004	1.000019	0.040017	
671	1.000026	0.000080	0.076867	-0.000080	1.000026	0.035624	
672	1.000003	0.000071	0.097034	-0.000071	1.000003	-0.020812	
673	1.000020	0.000082	0.046510	-0.000082	1.000020	-0.189483	
674	1.000040	0.000124	-0.063217	-0.000124	1.000040	-0.325419	
