0	1.000000	0.000000	0.000000	0.000000	1.000000	0.000000	
1	1.000105	-0.000266	-0.077957	0.000266	1.000105	-0.173361	
2	1.000177	-0.000253	-0.086480	0.000253	1.000177	-0.200300	
3	1.000141	-0.000242	-0.063072	0.000242	1.000141	-0.210962	
4	1.000106	-0.000233	-0.056527	0.000233	1.000106	-0.173500	
5	1.000442	-0.000348	-0.277861	0.000348	1.000442	-0.263554	
6	1.000161	-0.000210	-0.106073	0.000210	1.000161	-0.206500	
7	1.000161	-0.000202	-0.113394	0.000202	1.000161	-0.201369	
8	1.000194	-0.000215	-0.095233	0.000215	1.000194	-0.159690	
9	1.000273	-0.000182	-0.150888	0.000182	1.000273	-0.115736	
10	1.000374	-0.000339	-0.251211	0.000339	1.000374	-0.230252	
11	1.000139	-0.000219	-0.127514	0.000219	1.000139	-0.202998	
12	1.000197	-0.000180	-0.163138	0.000180	1.000197	-0.196491	
13	1.000219	-0.000170	-0.190381	0.000170	1.000219	-0.155091	
14	1.000196	-0.000159	-0.182639	0.000159	1.000196	-0.129615	
15	1.000293	-0.000446	-0.295479	0.000446	1.000293	-0.512137	
16	1.000097	-0.000238	-0.105627	0.000238	1.000097	-0.228343	
17	1.000109	-0.000172	-0.123419	0.000172	1.000109	-0.139402	
18	1.000125	-0.000230	-0.135151	0.000230	1.000125	-0.149030	
19	1.000242	-0.000160	-0.180886	0.000160	1.000242	-0.181652	
20	1.000330	-0.000349	-0.262483	0.000349	1.000330	-0.376984	
21	1.000157	-0.000188	-0.133582	0.000188	1.000157	-0.152245	
22	1.000139	-0.000170	-0.118806	0.000170	1.000139	-0.140743	
23	1.000179	-0.000179	-0.141168	0.000179	1.000179	-0.149103	
24	1.000201	-0.000125	-0.140375	0.000125	1.000201	-0.142915	
25	1.000390	-0.000257	-0.278166	0.000257	1.000390	-0.257281	
26	1.000152	-0.000149	-0.113666	0.000149	1.000152	-0.139372	
27	1.000212	-0.000138	-0.143617	0.000138	1.000212	-0.176200	
28	1.000162	-0.000150	-0.126731	0.000150	1.000162	-0.171840	
29	1.000141	-0.000132	-0.092389	0.000132	1.000141	-0.137633	
30	1.000325	-0.000326	-0.074089	0.000326	1.000325	-0.274982	
31	1.000128	-0.000138	-0.006635	0.000138	1.000128	-0.198653	
32	1.000158	-0.000138	-0.021066	0.000138	1.000158	-0.217290	
33	1.000103	-0.000212	0.040221	0.000212	1.000103	-0.162048	
34	1.000179	-0.000110	-0.001508	0.000110	1.000179	-0.095711	
35	1.000287	-0.000237	0.150904	0.000237	1.000287	-0.202931	
36	1.000130	-0.000219	0.210299	0.000219	1.000130	-0.219349	
37	1.000154	-0.000193	0.295883	0.000193	1.000154	-0.155606	
38	1.000149	-0.000110	0.211270	0.000110	1.000149	-0.101741	
39	1.000176	-0.000152	0.294464	0.000152	1.000176	-0.123004	
40	1.000173	-0.000428	0.888874	0.000428	1.000173	-0.408523	
41	1.000122	-0.000197	0.674475	0.000197	1.000122	-0.134085	
42	1.000137	-0.000164	0.738667	0.000164	1.000137	-0.106038	
43	1.000063	-0.000260	0.773459	0.000260	1.000063	-0.181757	
44	1.000195	-0.000247	0.609058	0.000247	1.000195	-0.241792	
45	0.997798	-0.000180	29.739082	0.000180	0.997798	-0.176135	
46	1.001043	0.001950	30.082544	-0.001950	1.001043	0.668825	
47	0.999974	-0.000345	1.810901	0.000345	0.999974	-0.190013	
48	0.999807	-0.000315	2.033447	0.000315	0.999807	-0.121988	
49	0.999774	-0.000412	2.428577	0.000412	0.999774	-0.199699	
50	0.999256	-0.000776	5.762852	0.000776	0.999256	-0.374486	
51	0.999592	-0.000246	3.095827	0.000246	0.999592	-0.117188	
52	0.999604	-0.000338	3.331967	0.000338	0.999604	-0.168123	
53	0.999636	-0.000348	3.586588	0.000348	0.999636	-0.273743	
54	0.999492	-0.000447	4.229030	0.000447	0.999492	-0.299548	
55	0.998830	-0.000708	10.416484	0.000708	0.998830	-0.452602	
56	0.999316	-0.000549	6.217708	0.000549	0.999316	-0.312932	
57	0.999177	-0.000630	7.244328	0.000630	0.999177	-0.331662	
58	0.999144	-0.000601	8.248786	0.000601	0.999144	-0.333292	
59	0.999224	-0.000669	9.208170	0.000669	0.999224	-0.334821	
60	0.996420	-0.001902	22.154043	0.001902	0.996420	-0.440214	
61	0.997916	-0.001043	13.028074	0.001043	0.997916	-0.179624	
62	0.998627	-0.001039	14.204030	0.001039	0.998627	-0.278200	
63	0.998539	-0.001333	15.476775	0.001333	0.998539	-0.452476	
64	0.998767	-0.001561	16.391288	0.001561	0.998767	-0.706744	
65	0.997454	-0.003052	35.003535	0.003052	0.997454	-1.110900	
66	0.999665	-0.001592	18.058524	0.001592	0.999665	-0.811464	
67	0.999549	-0.001757	18.854781	0.001757	0.999549	-1.027063	
68	0.999328	-0.001764	19.516733	0.001764	0.999328	-0.991423	
69	0.998782	-0.001908	20.287416	0.001908	0.998782	-0.931669	
70	0.997757	-0.004253	41.017082	0.004253	0.997757	-2.146128	
71	0.999647	-0.002054	20.546546	0.002054	0.999647	-1.276616	
72	1.000151	-0.002069	20.432590	0.002069	1.000151	-1.387512	
73	0.999996	-0.002222	20.693854	0.002222	0.999996	-1.297325	
74	0.999980	-0.002255	20.738432	0.002255	0.999980	-1.247959	
75	1.003292	-0.005760	39.853704	0.005760	1.003292	-4.122751	
76	0.999735	-0.002889	21.683113	0.002889	0.999735	-1.482721	
77	0.998651	-0.003085	22.616580	0.003085	0.998651	-1.255939	
78	0.999337	-0.002925	22.661268	0.002925	0.999337	-1.304726	
79	0.999668	-0.002933	22.530820	0.002933	0.999668	-1.369901	
80	1.001536	-0.007076	43.657340	0.007076	1.001536	-4.122461	
81	0.999525	-0.002822	22.524380	0.002822	0.999525	-1.134279	
82	1.000719	-0.002830	21.423728	0.002830	1.000719	-1.391960	
83	1.000244	-0.002944	21.447623	0.002944	1.000244	-1.445459	
84	1.000299	-0.002766	20.864991	0.002766	1.000299	-1.340694	
85	1.002414	-0.006228	39.223677	0.006228	1.002414	-3.572042	
86	1.001222	-0.002684	19.218400	0.002684	1.001222	-1.242300	
87	1.001148	-0.002710	18.953134	0.002710	1.001148	-1.354280	
88	1.000557	-0.002442	18.824724	0.002442	1.000557	-1.084306	
89	1.001250	-0.002619	17.880115	0.002619	1.001250	-1.349200	
90	1.005448	-0.005471	31.449693	0.005471	1.005448	-3.469572	
91	1.001743	-0.002137	15.424177	0.002137	1.001743	-1.078603	
92	1.001617	-0.002071	14.814794	0.002071	1.001617	-1.066592	
93	1.001119	-0.001980	14.566386	0.001980	1.001119	-0.811768	
94	1.018597	-0.000286	-2.109598	0.000286	1.018597	-1.096881	
95	1.005113	-0.004443	24.267084	0.004443	1.005113	-2.512967	
96	1.002156	-0.001793	11.603299	0.001793	1.002156	-0.813609	
97	1.015511	-0.000016	-1.863337	0.000016	1.015511	-0.943916	
98	1.015024	0.000555	-2.920730	-0.000555	1.015024	-0.788226	
99	1.015164	-0.000083	-2.872418	0.000083	1.015164	-0.949937	
100	1.030177	-0.001461	-5.321627	0.001461	1.030177	-2.169368	
101	1.013194	-0.000286	-1.675422	0.000286	1.013194	-0.820213	
102	1.014079	-0.000503	-2.715428	0.000503	1.014079	-0.908242	
103	1.011221	-0.000521	0.407505	0.000521	1.011221	-0.868276	
104	1.014236	-0.000342	-3.200256	0.000342	1.014236	-0.946172	
105	1.026902	-0.001028	-4.813464	0.001028	1.026902	-1.873045	
106	1.011444	-0.000218	-1.262920	0.000218	1.011444	-0.815687	
107	1.011634	-0.000514	-1.331478	0.000514	1.011634	-0.850514	
108	1.012350	-0.000392	-2.710083	0.000392	1.012350	-0.792880	
109	1.010702	-0.000375	-1.154346	0.000375	1.010702	-0.677173	
110	1.027897	-0.001376	-8.563513	0.001376	1.027897	-2.288186	
111	1.010619	-0.000282	-1.425703	0.000282	1.010619	-0.698372	
112	1.011204	-0.000275	-2.408151	0.000275	1.011204	-0.738463	
113	1.010142	-0.000487	-1.464310	0.000487	1.010142	-0.809358	
114	1.011261	-0.000243	-2.429574	0.000243	1.011261	-0.830875	
115	1.020428	-0.000584	-2.151780	0.000584	1.020428	-1.747825	
116	1.010247	-0.000398	-1.586340	0.000398	1.010247	-0.774097	
117	1.009777	-0.000431	-1.181047	0.000431	1.009777	-0.705414	
118	1.007961	-0.000278	0.345272	0.000278	1.007961	-0.530458	
119	1.006178	-0.000330	1.919534	0.000330	1.006178	-0.352879	
120	1.018730	-0.000637	-2.613406	0.000637	1.018730	-1.453039	
121	1.005422	-0.000352	2.074768	0.000352	1.005422	-0.276854	
122	1.005354	-0.000356	2.102383	0.000356	1.005354	-0.333193	
123	1.005697	-0.000367	1.706927	0.000367	1.005697	-0.416572	
124	1.007972	-0.000261	-0.475918	0.000261	1.007972	-0.599498	
125	1.016631	-0.000303	-2.432286	0.000303	1.016631	-1.202394	
126	1.005445	-0.000273	1.473806	0.000273	1.005445	-0.504653	
127	1.005377	-0.000280	1.448092	0.000280	1.005377	-0.487190	
128	1.005478	-0.000301	1.307355	0.000301	1.005478	-0.520642	
129	1.005141	-0.000290	1.438784	0.000290	1.005141	-0.337824	
130	1.016350	-0.000226	-3.008136	0.000226	1.016350	-1.198444	
131	1.005100	-0.000050	1.188415	0.000050	1.005100	-0.486642	
132	1.004979	-0.000086	1.221114	0.000086	1.004979	-0.462112	
133	1.004665	-0.000063	1.240636	0.000063	1.004665	-0.377228	
134	1.004805	-0.000044	1.012144	0.000044	1.004805	-0.387689	
135	1.010367	0.000176	0.608105	-0.000176	1.010367	-0.756290	
136	1.004255	0.000048	0.831562	-0.000048	1.004255	-0.367902	
137	1.004260	0.000008	0.731320	-0.000008	1.004260	-0.361756	
138	1.005201	0.000096	-0.101773	-0.000096	1.005201	-0.409378	
139	1.004683	-0.000051	0.286377	0.000051	1.004683	-0.466403	
140	1.009399	0.000089	0.509887	-0.000089	1.009399	-0.736533	
141	1.004088	-0.000017	0.334713	0.000017	1.004088	-0.441892	
142	1.004201	0.000016	0.227260	-0.000016	1.004201	-0.467420	
143	1.004308	-0.000148	0.082628	0.000148	1.004308	-0.553238	
144	1.004390	-0.000052	-0.161308	0.000052	1.004390	-0.510381	
145	1.009571	0.000202	-1.429836	-0.000202	1.009571	-0.768558	
146	1.004291	0.000165	-0.234262	-0.000165	1.004291	-0.460397	
147	1.004541	0.000230	-0.318005	-0.000230	1.004541	-0.513084	
148	1.004508	0.000267	-0.301042	-0.000267	1.004508	-0.519547	
149	1.004301	0.000185	-0.158805	-0.000185	1.004301	-0.517342	
150	1.009694	0.000718	-1.014531	-0.000718	1.009694	-0.873167	
151	1.004520	0.000240	-0.210148	-0.000240	1.004520	-0.673110	
152	1.004346	0.000218	-0.116481	-0.000218	1.004346	-0.646226	
153	1.004417	0.000271	-0.162697	-0.000271	1.004417	-0.554296	
154	1.004130	0.000127	0.101405	-0.000127	1.004130	-0.487588	
155	1.009818	0.000595	-0.179767	-0.000595	1.009818	-1.070500	
156	1.004914	0.000315	0.019140	-0.000315	1.004914	-0.592171	
157	1.004991	0.000333	0.055826	-0.000333	1.004991	-0.620842	
158	1.005036	0.000363	0.210148	-0.000363	1.005036	-0.600790	
159	1.005956	0.000511	-0.457946	-0.000511	1.005956	-0.573495	
160	1.005380	0.000271	0.246338	-0.000271	1.005380	-0.695632	
161	1.010139	0.000625	1.995868	-0.000625	1.010139	-1.064716	
162	1.006169	0.000432	0.154032	-0.000432	1.006169	-0.630230	
163	1.005975	0.000231	0.493110	-0.000231	1.005975	-0.732235	
164	1.005792	0.000199	0.623154	-0.000199	1.005792	-0.624785	
165	1.006013	0.000271	0.566040	-0.000271	1.006013	-0.643283	
166	1.016818	0.001522	-3.958843	-0.001522	1.016818	-1.065138	
167	1.007076	0.000493	-0.460674	-0.000493	1.007076	-0.705787	
168	1.007608	0.000603	-0.924844	-0.000603	1.007608	-0.502928	
169	1.006973	0.000295	-0.498917	-0.000295	1.006973	-0.707580	
170	1.005338	0.000150	1.071720	-0.000150	1.005338	-0.699156	
171	1.016142	0.001195	-3.675166	-0.001195	1.016142	-0.986274	
172	1.005580	0.000187	0.687753	-0.000187	1.005580	-0.710585	
173	1.005210	0.000141	0.891815	-0.000141	1.005210	-0.608624	
174	1.006516	0.000250	-0.240295	-0.000250	1.006516	-0.558116	
175	1.005285	0.000083	0.780017	-0.000083	1.005285	-0.595641	
176	1.014968	0.000542	-3.352782	-0.000542	1.014968	-1.102176	
177	1.005075	0.000119	0.809633	-0.000119	1.005075	-0.507508	
178	1.005067	0.000113	0.862344	-0.000113	1.005067	-0.540772	
179	1.004918	0.000115	0.955499	-0.000115	1.004918	-0.499897	
180	1.004901	0.000004	0.995893	-0.000004	1.004901	-0.479564	
181	1.014987	0.000705	-3.399322	-0.000705	1.014987	-1.106051	
182	1.006248	0.000283	-0.288837	-0.000283	1.006248	-0.574781	
183	1.004775	0.000130	1.061053	-0.000130	1.004775	-0.527173	
184	1.004562	0.000158	1.036053	-0.000158	1.004562	-0.447810	
185	1.004312	0.000146	1.167160	-0.000146	1.004312	-0.417969	
186	1.013500	0.000705	-3.349261	-0.000705	1.013500	-0.846466	
187	1.004314	-0.000055	0.853077	0.000055	1.004314	-0.419665	
188	1.003881	-0.000032	1.102553	0.000032	1.003881	-0.347949	
189	1.003520	-0.000046	1.249207	0.000046	1.003520	-0.335615	
190	1.003463	-0.000045	1.139145	0.000045	1.003463	-0.341751	
191	1.009833	0.000141	-1.026941	-0.000141	1.009833	-0.719500	
192	1.002986	-0.000064	1.139158	0.000064	1.002986	-0.288433	
193	1.002770	-0.000057	1.105239	0.000057	1.002770	-0.248446	
194	1.002613	-0.000045	1.071828	0.000045	1.002613	-0.263950	
195	1.002740	-0.000008	0.970768	0.000008	1.002740	-0.259121	
196	1.008046	0.000207	-0.620147	-0.000207	1.008046	-0.575762	
197	1.002794	-0.000043	1.056670	0.000043	1.002794	-0.290099	
198	1.002962	0.000023	1.061203	-0.000023	1.002962	-0.321643	
199	1.002895	0.000012	1.028709	-0.000012	1.002895	-0.315741	
200	1.002984	0.000071	1.100212	-0.000071	1.002984	-0.298032	
201	1.010026	0.000680	-1.933307	-0.000680	1.010026	-0.602472	
202	1.003043	-0.000034	0.988522	0.000034	1.003043	-0.339302	
203	1.003021	0.000041	0.963622	-0.000041	1.003021	-0.339038	
204	1.002741	0.000139	1.037629	-0.000139	1.002741	-0.311006	
205	1.002554	0.000207	1.069637	-0.000207	1.002554	-0.293883	
206	1.004464	0.000361	2.148460	-0.000361	1.004464	-0.484482	
207	1.002218	0.000129	0.868613	-0.000129	1.002218	-0.309326	
208	1.002087	0.000095	0.838087	-0.000095	1.002087	-0.332563	
209	1.001788	0.000123	0.795091	-0.000123	1.001788	-0.295855	
210	1.001726	0.000060	0.737402	-0.000060	1.001726	-0.359406	
211	1.003025	0.000451	1.571639	-0.000451	1.003025	-0.522172	
212	1.001451	0.000248	0.654739	-0.000248	1.001451	-0.330810	
213	1.001414	0.000196	0.651998	-0.000196	1.001414	-0.365667	
214	1.001150	0.000215	0.629960	-0.000215	1.001150	-0.276661	
215	1.001211	0.000261	0.605078	-0.000261	1.001211	-0.316166	
216	1.002216	0.000481	1.040308	-0.000481	1.002216	-0.574025	
217	1.001100	0.000155	0.464809	-0.000155	1.001100	-0.279751	
218	1.001047	0.000145	0.508617	-0.000145	1.001047	-0.272343	
219	1.001006	0.000222	0.486511	-0.000222	1.001006	-0.313939	
220	1.001241	0.000278	0.350955	-0.000278	1.001241	-0.338617	
221	1.002052	0.000612	1.177127	-0.000612	1.002052	-0.476722	
222	1.001334	0.000258	0.672893	-0.000258	1.001334	-0.339710	
223	1.001438	0.000243	0.716820	-0.000243	1.001438	-0.321299	
224	1.001298	0.000288	0.900742	-0.000288	1.001298	-0.291103	
225	1.001457	0.000372	0.890496	-0.000372	1.001457	-0.356142	
226	1.002801	0.000632	1.976197	-0.000632	1.002801	-0.502088	
227	1.001439	0.000335	1.000203	-0.000335	1.001439	-0.349637	
228	1.001496	0.000283	0.948546	-0.000283	1.001496	-0.339819	
229	1.001528	0.000385	0.997502	-0.000385	1.001528	-0.331861	
230	1.001577	0.000410	1.040750	-0.000410	1.001577	-0.355090	
231	1.002749	0.000916	2.156914	-0.000916	1.002749	-0.557999	
232	1.001660	0.000401	0.863777	-0.000401	1.001660	-0.357093	
233	1.002088	0.000351	0.283901	-0.000351	1.002088	-0.305465	
234	1.001350	0.000341	0.800407	-0.000341	1.001350	-0.378375	
235	1.001294	0.000416	0.696398	-0.000416	1.001294	-0.318782	
236	1.001812	0.000870	1.555293	-0.000870	1.001812	-0.392705	
237	1.000696	0.000109	0.696509	-0.000109	1.000696	-0.199606	
238	1.000515	0.000142	0.678561	-0.000142	1.000515	-0.211050	
239	1.000311	0.000347	0.678642	-0.000347	1.000311	-0.242285	
240	1.000164	0.000239	0.562284	-0.000239	1.000164	-0.287271	
241	0.999749	0.000097	1.007785	-0.000097	0.999749	-0.264937	
242	0.999777	-0.000090	0.390524	0.000090	0.999777	-0.050550	
243	0.999630	0.000100	0.294558	-0.000100	0.999630	0.000569	
244	0.999565	0.000108	0.215906	-0.000108	0.999565	-0.027518	
245	0.999686	0.000068	0.118035	-0.000068	0.999686	-0.056625	
246	0.998962	-0.000280	0.511012	0.000280	0.998962	0.164642	
247	0.999683	-0.000313	0.042537	0.000313	0.999683	0.137063	
248	0.999441	-0.000192	0.102786	0.000192	0.999441	0.078818	
249	0.999403	-0.000137	0.058166	0.000137	0.999403	0.094084	
250	0.999296	-0.000152	0.054183	0.000152	0.999296	0.140729	
251	0.998892	-0.000173	-0.016302	0.000173	0.998892	0.282835	
252	0.999401	-0.000280	-0.060379	0.000280	0.999401	0.182182	
253	0.999586	-0.000289	-0.123383	0.000289	0.999586	0.253158	
254	0.999555	-0.000217	-0.096804	0.000217	0.999555	0.197781	
255	0.999568	0.000003	-0.105987	-0.000003	0.999568	0.188679	
256	0.999113	-0.000196	-0.219444	0.000196	0.999113	0.334380	
257	0.999945	-0.000474	-0.315058	0.000474	0.999945	0.248211	
258	0.999859	-0.000329	-0.231580	0.000329	0.999859	0.234086	
259	0.999807	-0.000044	-0.244864	0.000044	0.999807	0.244928	
260	0.999849	-0.000010	-0.260692	0.000010	0.999849	0.153851	
261	0.999417	-0.000336	-0.499373	0.000336	0.999417	0.339106	
262	0.999621	-0.000209	-0.259197	0.000209	0.999621	0.420668	
263	0.999743	-0.000204	-0.301183	0.000204	0.999743	0.333347	
264	0.999629	-0.000125	-0.392675	0.000125	0.999629	0.256438	
265	0.999634	-0.000148	-0.437775	0.000148	0.999634	0.271628	
266	0.999237	-0.000508	-0.699680	0.000508	0.999237	0.531697	
267	0.999583	-0.000139	-0.452751	0.000139	0.999583	0.256496	
268	0.999586	-0.000054	-0.431452	0.000054	0.999586	0.249226	
269	0.999579	-0.000127	-0.405752	0.000127	0.999579	0.194030	
270	0.999633	-0.000205	-0.407508	0.000205	0.999633	0.175794	
271	0.999420	-0.000164	-0.638769	0.000164	0.999420	0.433417	
272	0.999734	0.000135	-0.373207	-0.000135	0.999734	0.124421	
273	0.999745	0.000065	-0.362451	-0.000065	0.999745	0.133376	
274	0.999799	-0.000018	-0.251553	0.000018	0.999799	0.212835	
275	0.999849	-0.000062	-0.219533	0.000062	0.999849	0.178113	
276	0.999885	-0.000012	-0.326756	0.000012	0.999885	0.223690	
277	1.000023	0.000038	-0.151579	-0.000038	1.000023	0.059949	
278	1.000088	-0.000028	-0.062822	0.000028	1.000088	0.087876	
279	1.000096	-0.000045	-0.041860	0.000045	1.000096	0.024009	
280	1.000097	0.000041	-0.034580	-0.000041	1.000097	0.040602	
281	1.000316	0.000096	-0.010250	-0.000096	1.000316	0.048176	
282	1.000096	0.000110	0.002511	-0.000110	1.000096	0.021389	
283	1.000095	0.000086	0.006451	-0.000086	1.000095	0.023335	
284	1.000142	0.000084	0.047606	-0.000084	1.000142	-0.011357	
285	1.000210	0.000064	0.084914	-0.000064	1.000210	-0.014536	
286	1.000652	0.000306	0.268536	-0.000306	1.000652	-0.118251	
287	1.000422	0.000211	0.208322	-0.000211	1.000422	-0.132895	
288	1.000535	0.000198	0.275707	-0.000198	1.000535	-0.135428	
289	1.000573	0.000229	0.338532	-0.000229	1.000573	-0.144920	
290	1.000632	0.000350	0.345459	-0.000350	1.000632	-0.183611	
291	1.001290	0.000429	0.738145	-0.000429	1.001290	-0.406594	
292	1.000659	0.000362	0.444701	-0.000362	1.000659	-0.221496	
293	1.000682	0.000342	0.454967	-0.000342	1.000682	-0.263804	
294	1.000683	0.000286	0.508141	-0.000286	1.000683	-0.291262	
295	1.000823	0.000442	0.495877	-0.000442	1.000823	-0.349458	
296	1.001803	0.000591	1.171166	-0.000591	1.001803	-0.471377	
297	1.000687	0.000396	0.750901	-0.000396	1.000687	-0.201602	
298	1.000674	0.000398	0.828383	-0.000398	1.000674	-0.182519	
299	1.000874	0.000388	0.865327	-0.000388	1.000874	-0.310589	
300	1.000732	0.000372	0.972880	-0.000372	1.000732	-0.265881	
301	1.001580	0.000693	1.954268	-0.000693	1.001580	-0.478954	
302	1.000625	0.000295	1.139492	-0.000295	1.000625	-0.311930	
303	1.000827	0.000443	1.044309	-0.000443	1.000827	-0.326588	
304	1.000651	0.000509	1.084542	-0.000509	1.000651	-0.269284	
305	1.000479	0.000296	1.061294	-0.000296	1.000479	-0.276865	
306	1.001211	0.000468	1.899687	-0.000468	1.001211	-0.495867	
307	1.000459	0.000454	0.947650	-0.000454	1.000459	-0.227195	
308	1.000414	0.000303	0.878697	-0.000303	1.000414	-0.328595	
309	1.000327	0.000275	0.906692	-0.000275	1.000327	-0.307542	
310	1.000406	0.000325	0.942264	-0.000325	1.000406	-0.217252	
311	1.002394	0.000717	0.474826	-0.000717	1.002394	-0.307867	
312	1.000485	0.000523	0.807857	-0.000523	1.000485	-0.263185	
313	1.000520	0.000331	0.792140	-0.000331	1.000520	-0.199780	
314	1.000436	0.000283	0.863773	-0.000283	1.000436	-0.158490	
315	1.000491	0.000390	0.803457	-0.000390	1.000491	-0.209350	
316	1.001163	0.000329	1.365964	-0.000329	1.001163	-0.453519	
317	1.000468	0.000422	0.752097	-0.000422	1.000468	-0.136935	
318	1.000353	0.000371	0.819449	-0.000371	1.000353	-0.164974	
319	1.000458	0.000398	0.729140	-0.000398	1.000458	-0.152949	
320	1.000218	0.000138	0.826037	-0.000138	1.000218	-0.187340	
321	1.000848	0.000447	1.500142	-0.000447	1.000848	-0.313398	
322	1.000227	0.000371	0.733470	-0.000371	1.000227	-0.127745	
323	1.000118	0.000167	0.789458	-0.000167	1.000118	-0.124962	
324	1.000181	0.000118	0.747183	-0.000118	1.000181	-0.114138	
325	1.000232	0.000237	0.618019	-0.000237	1.000232	-0.041945	
326	1.000256	0.000213	0.539504	-0.000213	1.000256	-0.038442	
327	0.999869	0.000209	1.149628	-0.000209	0.999869	-0.224286	
328	1.000108	0.000241	0.382532	-0.000241	1.000108	-0.044985	
329	0.999862	0.000247	0.312188	-0.000247	0.999862	-0.014666	
330	0.999657	0.000246	0.199107	-0.000246	0.999657	0.054069	
331	0.999570	0.000217	0.133487	-0.000217	0.999570	0.041241	
332	0.998724	0.000343	0.356336	-0.000343	0.998724	-0.123660	
333	0.999374	0.000389	-0.013912	-0.000389	0.999374	0.065615	
334	0.999175	0.000301	-0.103300	-0.000301	0.999175	0.052609	
335	0.998804	0.000325	-0.136735	-0.000325	0.998804	0.100180	
336	0.998695	0.000248	-0.168618	-0.000248	0.998695	0.126430	
337	0.996885	0.000478	-0.609533	-0.000478	0.996885	0.048559	
338	0.998042	0.000455	-0.403628	-0.000455	0.998042	0.085053	
339	0.998024	0.000413	-0.674408	-0.000413	0.998024	0.131606	
340	0.997828	0.000270	-0.785910	-0.000270	0.997828	0.102840	
341	0.997924	0.000339	-0.895644	-0.000339	0.997924	0.150621	
342	0.995017	0.000440	-1.716252	-0.000440	0.995017	0.077713	
343	0.997289	0.000354	-1.178192	-0.000354	0.997289	0.133652	
344	0.996802	0.000332	-1.156955	-0.000332	0.996802	0.239903	
345	0.996798	0.000324	-1.605451	-0.000324	0.996798	0.236700	
346	0.996139	0.000434	-1.715169	-0.000434	0.996139	0.288334	
347	0.997699	0.000215	-12.149061	-0.000215	0.997699	-0.519339	
348	0.994942	0.000390	-3.218005	-0.000390	0.994942	0.240658	
349	0.993990	0.000465	-2.797381	-0.000465	0.993990	0.397897	
350	0.989211	0.000744	1.582757	-0.000744	0.989211	0.749926	
351	0.989051	0.000908	1.393369	-0.000908	0.989051	0.838858	
352	0.976254	0.001839	2.820679	-0.001839	0.976254	1.540612	
353	0.986917	0.001045	1.753910	-0.001045	0.986917	0.912828	
354	0.987120	0.000942	1.762991	-0.000942	0.987120	0.943805	
355	0.986309	0.001095	2.071856	-0.001095	0.986309	1.071971	
356	0.985690	0.001251	1.813421	-0.001251	0.985690	1.193464	
357	0.966350	0.003103	5.241581	-0.003103	0.966350	2.841215	
358	0.981956	0.001404	3.250394	-0.001404	0.981956	1.452933	
359	0.981385	0.001564	2.591994	-0.001564	0.981385	1.488368	
360	0.979911	0.001447	3.183839	-0.001447	0.979911	1.497303	
361	0.979113	0.001493	3.009992	-0.001493	0.979113	1.521984	
362	0.986498	0.011634	-26.063549	-0.011634	0.986498	9.682681	
363	0.975486	0.001633	3.490212	-0.001633	0.975486	1.914792	
364	0.974595	0.001797	3.613825	-0.001797	0.974595	1.875595	
365	0.974084	0.002000	3.285090	-0.002000	0.974084	1.894277	
366	0.970494	0.002629	5.548254	-0.002629	0.970494	2.561192	
367	0.999920	0.000309	-0.045207	-0.000309	0.999920	0.075235	
368	0.995549	0.005323	-19.860955	-0.005323	0.995549	3.818905	
369	0.994539	0.005143	-19.152778	-0.005143	0.994539	3.705537	
370	0.967395	0.002556	7.739901	-0.002556	0.967395	2.705919	
371	0.970718	0.001968	4.624818	-0.001968	0.970718	2.116483	
372	1.000519	-0.000126	-0.099716	0.000126	1.000519	-0.016805	
373	0.992637	0.002222	-19.891718	-0.002222	0.992637	1.273065	
374	0.970693	0.000957	4.849497	-0.000957	0.970693	1.975325	
375	0.993533	0.002769	-21.309971	-0.002769	0.993533	1.831697	
376	0.993269	0.004934	-21.499440	-0.004934	0.993269	4.065602	
377	0.999626	0.000245	0.110178	-0.000245	0.999626	0.211518	
378	0.966946	0.002062	6.088128	-0.002062	0.966946	2.521890	
379	0.965065	0.002210	8.026291	-0.002210	0.965065	2.748480	
380	0.994862	0.003916	-24.048492	-0.003916	0.994862	2.755527	
381	0.993231	0.004729	-22.714207	-0.004729	0.993231	3.744641	
382	1.000480	0.000900	-0.093357	-0.000900	1.000480	0.221792	
383	0.964143	0.002327	5.688596	-0.002327	0.964143	2.685900	
384	1.001763	0.000545	-0.329691	-0.000545	1.001763	0.013777	
385	0.994121	0.007431	-24.595015	-0.007431	0.994121	5.904221	
386	0.995829	0.005652	-25.794172	-0.005652	0.995829	3.799259	
387	0.999871	0.001493	0.023717	-0.001493	0.999871	0.332042	
388	1.000519	0.000317	-0.007737	-0.000317	1.000519	0.022216	
389	1.000839	0.000165	-0.002800	-0.000165	1.000839	-0.028746	
390	1.000372	0.000147	0.062478	-0.000147	1.000372	-0.035238	
391	1.000306	0.000639	0.005525	-0.000639	1.000306	0.088639	
392	0.999669	0.000835	-0.048508	-0.000835	0.999669	0.208901	
393	0.994157	-0.001254	1.536109	0.001254	0.994157	0.004950	
394	0.998811	0.000341	0.399819	-0.000341	0.998811	0.154301	
395	0.984582	-0.003872	3.612523	0.003872	0.984582	-0.009865	
396	0.982693	-0.005499	3.694864	0.005499	0.982693	-0.121608	
397	0.998273	0.000135	0.332141	-0.000135	0.998273	0.209965	
398	0.984487	-0.004133	4.289440	0.004133	0.984487	-0.306226	
399	0.986159	-0.003480	3.549904	0.003480	0.986159	-0.132979	
400	0.987040	-0.003372	3.344347	0.003372	0.987040	-0.165889	
401	0.987469	-0.003739	2.867466	0.003739	0.987469	-0.153708	
402	0.986768	-0.003604	3.308397	0.003604	0.986768	-0.255160	
403	0.994995	-0.001503	1.115585	0.001503	0.994995	-0.202761	
404	0.990413	-0.002116	2.209030	0.002116	0.990413	-0.037830	
405	0.992667	-0.002306	1.869486	0.002306	0.992667	-0.244890	
406	0.990984	-0.003258	1.946108	0.003258	0.990984	-0.304606	
407	1.000985	0.001997	-0.168090	-0.001997	1.000985	0.250631	
408	0.984473	0.000507	2.965494	-0.000507	0.984473	1.288430	
409	0.992186	-0.002496	1.415657	0.002496	0.992186	-0.158195	
410	0.988205	-0.000428	1.795606	0.000428	0.988205	0.894901	
411	0.985932	0.000257	1.876376	-0.000257	0.985932	1.198857	
412	1.000691	0.001183	-0.089727	-0.001183	1.000691	0.038343	
413	0.994332	-0.002038	0.871214	0.002038	0.994332	-0.127601	
414	0.988284	0.000025	1.927250	-0.000025	0.988284	0.939782	
415	0.989872	0.000134	0.855022	-0.000134	0.989872	1.062941	
416	0.994633	-0.001939	1.033839	0.001939	0.994633	-0.212657	
417	0.994524	-0.000864	0.848531	0.000864	0.994524	-0.002257	
418	0.989830	0.000220	1.393259	-0.000220	0.989830	1.094652	
419	0.993316	-0.000672	1.243266	0.000672	0.993316	0.533586	
420	0.997560	-0.001194	0.435437	0.001194	0.997560	-0.066095	
421	0.996928	-0.001355	0.569941	0.001355	0.996928	-0.078035	
422	0.997725	-0.000239	0.943946	0.000239	0.997725	-0.305923	
423	0.989398	0.000998	0.782693	-0.000998	0.989398	1.128493	
424	0.991155	0.000530	1.669180	-0.000530	0.991155	0.985338	
425	0.988899	0.001143	2.286882	-0.001143	0.988899	1.165761	
426	0.991784	0.001315	0.796059	-0.001315	0.991784	1.381939	
427	0.979735	0.000394	4.239394	-0.000394	0.979735	1.498112	
428	0.992325	0.000836	0.302096	-0.000836	0.992325	1.105855	
429	0.995473	0.001091	-1.974734	-0.001091	0.995473	1.026596	
430	0.991418	0.000578	1.522991	-0.000578	0.991418	0.973130	
431	0.992990	0.000674	0.198713	-0.000674	0.992990	0.938400	
432	0.986555	0.000245	2.319007	-0.000245	0.986555	1.426321	
433	0.994849	0.001078	-0.490503	-0.001078	0.994849	1.063240	
434	0.996777	0.001975	-0.914572	-0.001975	0.996777	1.381407	
435	0.995734	0.000901	-0.429524	-0.000901	0.995734	1.092952	
436	0.997387	0.001513	-0.990017	-0.001513	0.997387	1.311378	
437	0.989409	-0.000100	1.417202	0.000100	0.989409	0.811678	
438	0.997077	0.000793	-0.952937	-0.000793	0.997077	1.014547	
439	0.997889	0.000351	-1.060783	-0.000351	0.997889	0.767547	
440	0.998947	0.000808	-1.054453	-0.000808	0.998947	0.912999	
441	0.999600	0.001121	-0.872301	-0.001121	0.999600	0.924340	
442	0.998001	0.000413	-0.572486	-0.000413	0.998001	0.927304	
443	0.999338	0.001649	0.247674	-0.001649	0.999338	1.116296	
444	1.000135	0.000875	-0.137667	-0.000875	1.000135	0.623356	
445	1.000251	0.000796	0.038585	-0.000796	1.000251	0.554507	
446	1.000363	0.000787	0.119729	-0.000787	1.000363	0.546578	
447	0.999944	-0.000142	0.064077	0.000142	0.999944	0.309238	
448	1.000433	0.000701	0.183366	-0.000701	1.000433	0.586223	
449	1.000439	0.000811	0.185079	-0.000811	1.000439	0.595919	
450	1.000388	0.000768	0.187978	-0.000768	1.000388	0.464323	
451	1.000437	0.000780	0.237069	-0.000780	1.000437	0.413602	
452	1.000686	0.000811	0.299846	-0.000811	1.000686	0.456188	
453	1.000397	0.000629	0.328122	-0.000629	1.000397	0.375044	
454	1.000528	0.000591	0.486380	-0.000591	1.000528	0.296111	
455	1.000651	0.000582	0.480329	-0.000582	1.000651	0.205995	
456	1.000597	0.000565	0.507368	-0.000565	1.000597	0.083357	
457	1.002019	0.000755	0.741847	-0.000755	1.002019	-0.104918	
458	1.000992	0.000365	0.485228	-0.000365	1.000992	-0.019692	
459	1.001055	0.000333	0.578406	-0.000333	1.001055	-0.063265	
460	1.000791	0.000945	0.997711	-0.000945	1.000791	0.233245	
461	1.001172	0.000337	0.766454	-0.000337	1.001172	-0.195659	
462	1.004202	0.000767	0.144338	-0.000767	1.004202	-0.589983	
463	1.001460	0.000271	0.826542	-0.000271	1.001460	-0.370421	
464	1.001397	0.000270	0.904098	-0.000270	1.001397	-0.365823	
465	1.001494	0.000233	0.850270	-0.000233	1.001494	-0.444973	
466	1.001437	0.000266	1.007625	-0.000266	1.001437	-0.488747	
467	1.006187	0.001105	-0.304403	-0.001105	1.006187	-0.734291	
468	1.001502	0.000830	1.303063	-0.000830	1.001502	-0.364950	
469	1.001479	0.000729	1.514466	-0.000729	1.001479	-0.415059	
470	1.001496	0.000681	1.679619	-0.000681	1.001496	-0.393235	
471	1.001137	0.000772	2.104927	-0.000772	1.001137	-0.332024	
472	1.009063	0.001631	-1.866899	-0.001631	1.009063	-0.767865	
473	1.001835	0.000565	1.858440	-0.000565	1.001835	-0.526464	
474	1.002957	0.000307	1.273585	-0.000307	1.002957	-0.642174	
475	1.002926	0.000858	1.382081	-0.000858	1.002926	-0.294068	
476	1.002671	0.000027	1.444641	-0.000027	1.002671	-0.667305	
477	1.009250	0.001662	-2.074908	-0.001662	1.009250	-0.495313	
478	1.000660	0.000559	2.821378	-0.000559	1.000660	-0.164122	
479	1.000918	0.000484	2.481796	-0.000484	1.000918	-0.258589	
480	1.001558	0.000185	1.951452	-0.000185	1.001558	-0.472638	
481	1.001287	0.000259	2.099932	-0.000259	1.001287	-0.401647	
482	1.008945	0.000876	-1.195689	-0.000876	1.008945	-0.622556	
483	1.000234	-0.000384	2.155148	0.000384	1.000234	-0.451344	
484	1.000762	-0.000238	1.951711	0.000238	1.000762	-0.436872	
485	1.000089	-0.000475	2.180059	0.000475	1.000089	-0.499149	
486	1.000377	-0.000690	2.048589	0.000690	1.000377	-0.565123	
487	1.006118	0.000359	-1.277802	-0.000359	1.006118	-0.737044	
488	1.000098	-0.000235	2.604505	0.000235	1.000098	-0.425355	
489	1.000138	-0.000148	2.709332	0.000148	1.000138	-0.443435	
490	1.002227	-0.000266	1.399166	0.000266	1.002227	-0.543237	
491	0.999486	-0.000234	3.653850	0.000234	0.999486	-0.400689	
492	1.002266	0.000270	1.543348	-0.000270	1.002266	-0.508198	
493	1.004825	0.002843	-0.070822	-0.002843	1.004825	0.201071	
494	1.005845	-0.000355	-0.560227	0.000355	1.005845	-0.778367	
495	1.006118	0.000103	-0.408573	-0.000103	1.006118	-0.487069	
496	1.006363	0.000381	-0.384876	-0.000381	1.006363	-0.323446	
497	1.013311	-0.000969	-2.061916	0.000969	1.013311	-1.007763	
498	1.011234	0.003087	-2.859259	-0.003087	1.011234	0.347379	
499	1.008450	0.000388	-1.344232	-0.000388	1.008450	-0.507359	
500	1.006949	0.000505	-0.660870	-0.000505	1.006949	-0.526118	
501	1.005862	0.000562	-0.295394	-0.000562	1.005862	-0.468628	
502	1.006436	0.000056	-0.696785	-0.000056	1.006436	-0.759779	
503	1.012381	0.001178	-3.166431	-0.001178	1.012381	-0.534955	
504	1.006362	0.001474	-0.555315	-0.001474	1.006362	-0.225649	
505	1.009327	0.000164	-1.821194	-0.000164	1.009327	-0.669000	
506	1.007569	0.000611	-0.645917	-0.000611	1.007569	-0.600864	
507	1.009089	0.000386	-0.865829	-0.000386	1.009089	-0.686081	
508	1.009961	0.002087	-2.783820	-0.002087	1.009961	-0.064120	
509	1.006788	0.000115	-0.924951	-0.000115	1.006788	-0.742878	
510	1.006211	0.000013	-0.909520	-0.000013	1.006211	-0.748772	
511	1.006471	0.000167	-0.068806	-0.000167	1.006471	-0.634751	
512	1.005628	0.000242	-0.283790	-0.000242	1.005628	-0.610058	
513	1.011270	0.000722	-1.065525	-0.000722	1.011270	-0.945432	
514	1.000035	-0.000848	4.091201	0.000848	1.000035	-0.918784	
515	1.004014	-0.000055	1.089849	0.000055	1.004014	-0.887814	
516	1.001790	0.000346	3.022204	-0.000346	1.001790	-0.512427	
517	1.005246	0.000527	0.500509	-0.000527	1.005246	-0.567836	
518	1.018350	0.000416	-2.716199	-0.000416	1.018350	-1.402431	
519	1.001352	0.000369	3.670174	-0.000369	1.001352	-0.510799	
520	1.004261	0.000696	0.319780	-0.000696	1.004261	-0.484563	
521	1.005658	0.001032	0.259964	-0.001032	1.005658	-0.366929	
522	1.002902	0.001586	1.772749	-0.001586	1.002902	-0.164534	
523	1.004669	0.002841	-1.072628	-0.002841	1.004669	0.242216	
524	1.003248	0.000977	2.592828	-0.000977	1.003248	-0.693246	
525	1.006644	0.001484	-0.737072	-0.001484	1.006644	-0.418752	
526	1.006990	0.001601	-0.755614	-0.001601	1.006990	-0.361948	
527	1.003682	0.003097	-0.286596	-0.003097	1.003682	0.247521	
528	1.017600	0.003266	-3.562289	-0.003266	1.017600	-0.511281	
529	1.011260	0.001892	-1.075311	-0.001892	1.011260	-0.560639	
530	1.013969	0.001385	-1.920363	-0.001385	1.013969	-0.811144	
531	1.010993	0.002348	-1.901244	-0.002348	1.010993	-0.443388	
532	0.994403	-0.003103	16.122546	0.003103	0.994403	-1.281796	
533	0.999309	-0.000534	0.367238	0.000534	0.999309	-0.212301	
534	1.013935	0.001552	-2.776244	-0.001552	1.013935	-0.774653	
535	0.995647	-0.003472	17.650463	0.003472	0.995647	-1.777146	
536	0.996250	-0.003761	17.737633	0.003761	0.996250	-2.143663	
537	0.996348	-0.003732	18.125477	0.003732	0.996348	-2.142560	
538	0.993737	0.003332	1.721408	-0.003332	0.993737	1.064730	
539	0.998738	-0.004129	16.474612	0.004129	0.998738	-2.586029	
540	1.011466	0.005069	-2.551806	-0.005069	1.011466	0.292143	
541	1.013587	0.013500	-3.428953	-0.013500	1.013587	2.139763	
542	1.019341	-0.000040	-3.014683	0.000040	1.019341	-1.554123	
543	0.998051	0.000488	0.674791	-0.000488	0.998051	0.065323	
544	1.015422	0.004596	-3.123414	-0.004596	1.015422	-0.125921	
545	1.018150	0.001985	-2.610449	-0.001985	1.018150	-1.209272	
546	1.012648	0.008939	-2.905622	-0.008939	1.012648	1.207052	
547	1.002076	-0.004039	13.632616	0.004039	1.002076	-3.198227	
548	0.999011	-0.000527	0.317061	0.000527	0.999011	-0.200320	
549	1.018419	0.000281	-2.941752	-0.000281	1.018419	-1.673157	
550	1.011974	0.009465	-3.288810	-0.009465	1.011974	1.689666	
551	1.002959	-0.004767	12.796946	0.004767	1.002959	-3.788365	
552	1.014362	0.002890	-3.100266	-0.002890	1.014362	-0.519214	
553	1.003932	0.008203	-1.215880	-0.008203	1.003932	1.762542	
554	1.013590	0.000345	0.067456	-0.000345	1.013590	-1.492058	
555	1.010467	0.004106	-2.199374	-0.004106	1.010467	0.273431	
556	1.009926	0.005433	-2.437670	-0.005433	1.009926	0.679455	
557	1.009770	0.002913	-2.097306	-0.002913	1.009770	-0.088688	
558	1.001413	0.002024	-0.327574	-0.002024	1.001413	0.453731	
559	1.011727	-0.000052	-1.564956	0.000052	1.011727	-1.298130	
560	1.011095	-0.000769	-0.061388	0.000769	1.011095	-1.428348	
561	1.009124	0.000800	-1.710383	-0.000800	1.009124	-0.854845	
562	1.012620	-0.001087	-2.364174	0.001087	1.012620	-1.483154	
563	1.027273	-0.002611	-3.952466	0.002611	1.027273	-2.389551	
564	1.009580	-0.001023	-0.744752	0.001023	1.009580	-1.751237	
565	1.011855	-0.001120	-1.579359	0.001120	1.011855	-1.501979	
566	1.012541	-0.001144	-1.759895	0.001144	1.012541	-1.456533	
567	1.009939	-0.001878	-0.424797	0.001878	1.009939	-2.079404	
568	1.024956	-0.003776	-3.260875	0.003776	1.024956	-2.613780	
569	1.007548	-0.000621	-1.197391	0.000621	1.007548	-1.178327	
570	1.010266	-0.001520	-0.529281	0.001520	1.010266	-1.665678	
571	1.009591	-0.002390	-0.531765	0.002390	1.009591	-2.076790	
572	1.010864	-0.001221	-1.185627	0.001221	1.010864	-1.367504	
573	1.024224	-0.004137	-4.571868	0.004137	1.024224	-2.683705	
574	1.011031	-0.002093	-1.583398	0.002093	1.011031	-1.296095	
575	1.010120	-0.002037	-1.237084	0.002037	1.010120	-1.044625	
576	1.010543	-0.003257	-2.430882	0.003257	1.010543	-2.027081	
577	1.008639	-0.002651	-1.265754	0.002651	1.008639	-1.398255	
578	1.015713	-0.003403	0.592271	0.003403	1.015713	-1.127427	
579	1.006035	-0.001549	1.328216	0.001549	1.006035	-0.543770	
580	1.005301	-0.001665	1.262617	0.001665	1.005301	-0.642077	
581	1.005525	-0.001200	1.532887	0.001200	1.005525	-0.236317	
582	1.006799	-0.002054	-0.268153	0.002054	1.006799	-1.018979	
583	1.017497	-0.004769	-2.464128	0.004769	1.017497	-1.662247	
584	1.005557	-0.001477	1.745552	0.001477	1.005557	-0.191696	
585	1.007016	-0.001899	0.143907	0.001899	1.007016	-0.588201	
586	1.005364	-0.001685	1.576971	0.001685	1.005364	-0.307958	
587	1.006940	-0.002178	0.083072	0.002178	1.006940	-0.734975	
588	1.017121	-0.004019	-1.890888	0.004019	1.017121	-1.437806	
589	1.005117	-0.001408	1.916346	0.001408	1.005117	-0.292323	
590	1.005242	-0.001492	1.735346	0.001492	1.005242	-0.380894	
591	1.004950	-0.001385	1.907580	0.001385	1.004950	-0.250094	
592	1.006825	-0.001883	0.205490	0.001883	1.006825	-0.653874	
593	1.016385	-0.004428	-2.707481	0.004428	1.016385	-1.829537	
594	1.005312	-0.001456	1.234859	0.001456	1.005312	-0.191151	
595	1.005985	-0.001849	0.532428	0.001849	1.005985	-0.486674	
596	1.004465	-0.002429	1.228741	0.002429	1.004465	-0.791712	
597	1.005011	-0.001630	1.100523	0.001630	1.005011	-0.216859	
598	1.014713	-0.004020	-2.478587	0.004020	1.014713	-1.353134	
599	1.004810	-0.001405	0.849682	0.001405	1.004810	-0.238879	
600	1.004612	-0.001381	0.945073	0.001381	1.004612	-0.189471	
601	1.004457	-0.001394	0.963128	0.001394	1.004457	-0.233390	
602	1.004838	-0.001323	0.715723	0.001323	1.004838	-0.242084	
603	1.008623	-0.001998	3.128110	0.001998	1.008623	0.632958	
604	1.004844	-0.001644	0.718532	0.001644	1.004844	-0.239037	
605	1.004805	-0.001667	0.951117	0.001667	1.004805	-0.168598	
606	1.005414	-0.001405	0.775356	0.001405	1.005414	-0.192502	
607	1.005720	-0.001420	0.708041	0.001420	1.005720	-0.330737	
608	1.015835	-0.004387	-1.869191	0.004387	1.015835	-1.436339	
609	1.006885	-0.001697	0.215688	0.001697	1.006885	-0.407343	
610	1.006629	-0.002587	0.112221	0.002587	1.006629	-1.277840	
611	1.007940	-0.001881	-0.714497	0.001881	1.007940	-0.740565	
612	1.005672	-0.001508	0.904120	0.001508	1.005672	-0.326824	
613	1.015687	-0.003231	-1.911236	0.003231	1.015687	-1.384660	
614	1.007005	-0.001485	-0.300582	0.001485	1.007005	-0.623917	
615	1.005056	-0.001186	1.108886	0.001186	1.005056	-0.246419	
616	1.005610	-0.001099	0.809214	0.001099	1.005610	-0.248014	
617	1.005276	-0.001257	0.965072	0.001257	1.005276	-0.352385	
618	1.011352	-0.002240	2.438040	0.002240	1.011352	0.111211	
619	1.005596	-0.001198	0.679367	0.001198	1.005596	-0.197777	
620	1.005336	-0.001158	0.836267	0.001158	1.005336	-0.030551	
621	1.005076	-0.001335	0.904752	0.001335	1.005076	0.019412	
622	1.004711	-0.001286	0.998549	0.001286	1.004711	0.029497	
623	1.012161	-0.003003	0.357793	0.003003	1.012161	-0.395344	
624	1.005043	-0.001070	0.667918	0.001070	1.005043	-0.094269	
625	1.005487	-0.001327	0.129607	0.001327	1.005487	-0.348807	
626	1.004605	-0.000956	0.910322	0.000956	1.004605	-0.017474	
627	1.004872	-0.000975	0.704147	0.000975	1.004872	-0.101314	
628	1.011944	-0.002607	-0.665534	0.002607	1.011944	-0.799380	
629	1.003672	-0.000889	1.195418	0.000889	1.003672	0.056791	
630	1.003941	-0.000822	1.042464	0.000822	1.003941	-0.040849	
631	1.003962	-0.000813	1.045874	0.000813	1.003962	-0.158603	
632	1.004052	-0.000801	0.993884	0.000801	1.004052	-0.190218	
633	1.006045	-0.000970	4.377762	0.000970	1.006045	0.517631	
634	1.003492	-0.000724	1.178868	0.000724	1.003492	-0.068878	
635	1.003730	-0.000613	1.070433	0.000613	1.003730	-0.086396	
636	1.003737	-0.000568	0.958420	0.000568	1.003737	-0.124500	
637	1.003385	-0.000597	1.161647	0.000597	1.003385	-0.095835	
638	1.009263	-0.001448	0.440835	0.001448	1.009263	-0.533117	
639	1.003216	-0.000586	1.178849	0.000586	1.003216	-0.025514	
640	1.003436	-0.000494	0.944398	0.000494	1.003436	-0.172657	
641	1.003407	-0.000444	0.944300	0.000444	1.003407	-0.147838	
642	1.003361	-0.000512	0.938556	0.000512	1.003361	-0.178447	
643	1.006632	-0.000736	2.241277	0.000736	1.006632	-0.114188	
644	1.002921	-0.000311	0.986597	0.000311	1.002921	-0.076982	
645	1.002479	-0.000434	1.145081	0.000434	1.002479	-0.050279	
646	1.002699	-0.000379	0.839373	0.000379	1.002699	-0.116449	
647	1.002476	-0.000412	0.856456	0.000412	1.002476	-0.029282	
648	1.005138	-0.000375	1.264238	0.000375	1.005138	-0.034434	
649	1.002268	-0.000243	0.407666	0.000243	1.002268	-0.185619	
650	1.002282	-0.000127	0.368449	0.000127	1.002282	-0.119102	
651	1.002152	-0.000153	0.416760	0.000153	1.002152	-0.040348	
652	1.002024	-0.000114	0.460549	0.000114	1.002024	-0.026869	
653	1.004356	0.000037	0.608469	-0.000037	1.004356	-0.195051	
654	1.002308	0.000001	0.153229	-0.000001	1.002308	-0.220968	
655	1.002426	-0.000024	0.101720	0.000024	1.002426	-0.208357	
656	1.002249	0.000017	0.258744	-0.000017	1.002249	-0.165559	
657	1.002072	0.000037	0.282889	-0.000037	1.002072	-0.139988	
658	1.004166	0.000013	0.530582	-0.000013	1.004166	-0.275365	
659	1.002216	-0.000028	0.204299	0.000028	1.002216	-0.202861	
660	1.002246	0.000064	0.221887	-0.000064	1.002246	-0.252158	
661	1.002291	0.000091	0.231565	-0.000091	1.002291	-0.259434	
662	1.002468	0.000154	0.177689	-0.000154	1.002468	-0.299199	
663	1.002494	0.000223	0.259365	-0.000223	1.002494	-0.303186	
664	1.004520	0.000470	0.882538	-0.000470	1.004520	-0.467924	
665	1.002145	0.000117	0.539090	-0.000117	1.002145	-0.199846	
666	1.002134	0.000110	0.522662	-0.000110	1.002134	-0.282828	
667	1.002387	0.000238	0.306544	-0.000238	1.002387	-0.325849	
668	1.002411	0.000218	0.222568	-0.000218	1.002411	-0.341317	
669	1.004450	0.000159	0.517894	-0.000159	1.004450	-0.504429	
670	1.001981	0.000145	0.220164	-0.000145	1.001981	-0.247851	
671	1.001828	0.000137	0.101689	-0.000137	1.001828	-0.251094	
672	1.001486	0.000077	0.136670	-0.000077	1.001486	-0.166225	
673	1.001566	0.000020	-0.003937	-0.000020	1.001566	-0.165819	
674	1.002955	0.000005	-0.098922	-0.000005	1.002955	-0.351116	
675	1.001513	0.000136	-0.263480	-0.000136	1.001513	-0.165799	
676	1.001337	0.000017	-0.272100	-0.000017	1.001337	-0.133784	
677	1.001355	-0.000031	-0.356546	0.000031	1.001355	-0.092305	
678	1.001360	-0.000023	-0.450383	0.000023	1.001360	-0.054541	
679	1.002219	-0.000094	-1.021966	0.000094	1.002219	-0.025806	
680	1.000858	-0.000067	-0.475996	0.000067	1.000858	0.089167	
681	1.000745	-0.000076	-0.402794	0.000076	1.000745	0.059729	
682	1.001355	-0.000053	-0.852345	0.000053	1.001355	0.002631	
683	1.000989	-0.000046	-0.687691	0.000046	1.000989	0.087580	
684	1.001428	-0.000003	-1.406638	0.000003	1.001428	0.049215	
685	1.000699	0.000097	-1.008233	-0.000097	1.000699	0.016881	
686	1.000533	0.000082	-1.091896	-0.000082	1.000533	0.056444	
687	1.000519	0.000064	-1.072861	-0.000064	1.000519	0.067115	
688	1.000386	-0.000032	-0.926907	0.000032	1.000386	0.091141	
689	1.000382	-0.000025	-2.440200	0.000025	1.000382	0.079828	
690	0.999702	0.000163	-1.611534	-0.000163	0.999702	0.175269	
691	0.999093	-0.000051	-1.858573	0.000051	0.999093	0.194212	
692	0.998996	-0.000130	-2.601363	0.000130	0.998996	0.207158	
693	0.998630	-0.000090	-3.123674	0.000090	0.998630	0.305638	
694	1.002202	0.000267	-14.158357	-0.000267	1.002202	0.227380	
695	0.998700	-0.000030	-5.391039	0.000030	0.998700	0.206908	
696	0.993918	-0.000179	-0.996326	0.000179	0.993918	0.481127	
697	0.992682	-0.000165	-0.124798	0.000165	0.992682	0.586496	
698	0.991626	-0.000224	0.529220	0.000224	0.991626	0.633954	
699	1.001414	0.000353	-18.183546	-0.000353	1.001414	0.619707	
700	1.000646	0.000654	-9.392179	-0.000654	1.000646	0.628840	
701	1.000692	0.000482	-9.513022	-0.000482	1.000692	0.421207	
702	1.000962	0.000526	-10.043780	-0.000526	1.000962	0.463549	
703	0.990393	-0.000382	0.571504	0.000382	0.990393	0.689738	
704	0.979776	-0.000911	2.041571	0.000911	0.979776	1.258050	
705	0.990550	-0.000342	0.646527	0.000342	0.990550	0.712686	
706	0.993337	-0.000077	-2.373377	0.000077	0.993337	0.612621	
707	1.000454	0.000508	-9.494259	-0.000508	1.000454	0.388747	
708	0.990619	-0.000167	0.684584	0.000167	0.990619	0.778774	
709	1.001933	0.000219	-19.297945	-0.000219	1.001933	0.093497	
710	0.990252	-0.000238	1.455234	0.000238	0.990252	0.674101	
711	0.991365	-0.000252	0.381585	0.000252	0.991365	0.660592	
712	0.993099	-0.000128	-1.069340	0.000128	0.993099	0.648332	
713	0.991194	-0.000076	0.271649	0.000076	0.991194	0.717388	
714	1.001024	0.000638	-16.559802	-0.000638	1.001024	0.820474	
715	0.992285	-0.000124	0.543843	0.000124	0.992285	0.758484	
716	0.995851	0.000136	-2.949143	-0.000136	0.995851	0.637626	
717	0.995813	-0.000013	-2.799671	0.000013	0.995813	0.502561	
718	0.992216	0.000032	0.914021	-0.000032	0.992216	0.862857	
719	0.982244	-0.000656	3.625122	0.000656	0.982244	1.214077	
720	0.991297	-0.000365	1.556149	0.000365	0.991297	0.693523	
721	0.991601	-0.000426	1.216664	0.000426	0.991601	0.646333	
722	0.991889	-0.000384	0.640851	0.000384	0.991889	0.645112	
723	0.996026	0.000044	-3.588716	-0.000044	0.996026	0.631555	
724	0.981925	-0.000861	4.391532	0.000861	0.981925	1.355674	
725	0.989876	-0.000362	2.496160	0.000362	0.989876	0.806142	
726	0.991795	-0.000237	0.361448	0.000237	0.991795	0.779368	
727	0.990375	-0.000439	1.878922	0.000439	0.990375	0.677021	
728	0.991027	-0.000374	1.328363	0.000374	0.991027	0.756390	
729	0.981096	-0.000963	3.269703	0.000963	0.981096	1.292293	
730	0.991299	-0.000348	0.901665	0.000348	0.991299	0.691685	
731	0.991063	-0.000413	1.116677	0.000413	0.991063	0.725504	
732	0.999558	0.000764	-7.796880	-0.000764	0.999558	0.950565	
733	0.989581	-0.000534	2.531980	0.000534	0.989581	0.779010	
734	0.980772	-0.001069	3.195034	0.001069	0.980772	1.295745	
735	0.991614	-0.000086	0.788435	0.000086	0.991614	1.086597	
736	0.989762	-0.000531	2.297126	0.000531	0.989762	0.762181	
737	1.000284	0.000831	-8.901243	-0.000831	1.000284	0.883810	
738	0.990466	-0.000431	1.117069	0.000431	0.990466	0.791318	
739	0.977841	-0.001186	3.271130	0.001186	0.977841	1.513489	
740	0.990310	-0.000487	1.220016	0.000487	0.990310	0.844565	
741	0.990400	-0.000317	1.149649	0.000317	0.990400	0.957532	
742	0.990401	-0.000169	1.080325	0.000169	0.990401	0.963553	
743	0.990015	-0.000367	1.118344	0.000367	0.990015	0.754667	
744	0.979666	-0.000874	3.586050	0.000874	0.979666	1.560638	
745	0.991231	-0.000371	0.277098	0.000371	0.991231	0.882975	
746	0.990690	-0.000492	0.723600	0.000492	0.990690	0.739329	
747	0.990774	-0.000410	0.777023	0.000410	0.990774	0.748359	
748	0.999822	0.001218	-8.480795	-0.001218	0.999822	1.162333	
749	0.980879	-0.000825	3.650998	0.000825	0.980879	1.849843	
750	0.991574	-0.000162	0.175382	0.000162	0.991574	0.967448	
751	0.990916	-0.000473	0.756465	0.000473	0.990916	0.678120	
752	0.991453	-0.000401	0.398246	0.000401	0.991453	0.752595	
753	0.993679	-0.000304	-1.527437	0.000304	0.993679	0.661133	
754	0.980860	-0.001102	3.545459	0.001102	0.980860	1.403982	
755	0.995552	0.000417	-3.149112	-0.000417	0.995552	0.937148	
756	0.994181	0.000040	-1.706214	-0.000040	0.994181	0.884604	
757	0.992314	-0.000334	0.376422	0.000334	0.992314	0.782267	
