0	1.000000	0.000000	0.000000	0.000000	1.000000	0.000000	
1	1.000114	0.000025	-0.071427	-0.000025	1.000114	-0.013023	
2	1.000157	0.000019	-0.083916	-0.000019	1.000157	-0.004060	
3	1.000285	0.000026	-0.135047	-0.000026	1.000285	-0.007959	
4	1.000163	0.000007	-0.087292	-0.000007	1.000163	-0.007738	
5	1.000144	-0.000009	-0.067229	0.000009	1.000144	-0.019299	
6	1.000170	-0.000037	-0.066813	0.000037	1.000170	-0.063733	
7	1.000193	-0.000057	-0.064759	0.000057	1.000193	-0.122786	
8	1.000435	-0.000054	-0.204543	0.000054	1.000435	-0.178580	
9	1.000219	-0.000073	-0.078125	0.000073	1.000219	-0.113777	
10	1.000201	-0.000087	-0.052739	0.000087	1.000201	-0.095766	
11	1.000246	-0.000063	-0.098958	0.000063	1.000246	-0.082750	
12	1.000202	-0.000080	-0.066417	0.000080	1.000202	-0.070493	
13	1.000378	-0.000037	-0.151132	0.000037	1.000378	-0.009035	
14	1.000179	-0.000036	-0.042471	0.000036	1.000179	-0.014412	
15	1.000144	-0.000039	-0.016881	0.000039	1.000144	0.016228	
16	1.000196	-0.000076	-0.051286	0.000076	1.000196	-0.047660	
17	1.000129	-0.000032	-0.023086	0.000032	1.000129	0.007928	
18	1.000258	-0.000057	-0.023808	0.000057	1.000258	-0.060049	
19	1.000179	-0.000007	-0.019266	0.000007	1.000179	-0.041442	
20	1.000162	0.000013	-0.022707	-0.000013	1.000162	-0.023520	
21	1.000189	0.000029	-0.057608	-0.000029	1.000189	-0.025414	
22	1.000210	0.000043	-0.067060	-0.000043	1.000210	-0.039424	
23	1.000443	0.000073	-0.124256	-0.000073	1.000443	-0.066918	
24	1.000159	0.000057	-0.027033	-0.000057	1.000159	0.000247	
25	1.000150	0.000043	-0.032870	-0.000043	1.000150	-0.020431	
26	1.000163	0.000063	-0.045196	-0.000063	1.000163	-0.014597	
27	1.000174	0.000041	-0.058416	-0.000041	1.000174	-0.046690	
28	1.000433	-0.000017	-0.179519	0.000017	1.000433	-0.134648	
29	1.000129	0.000058	-0.018922	-0.000058	1.000129	-0.021252	
30	1.000122	0.000036	-0.028561	-0.000036	1.000122	-0.053088	
31	1.000244	-0.000037	-0.147632	0.000037	1.000244	-0.181239	
32	1.000211	0.000025	-0.112377	-0.000025	1.000211	-0.168596	
33	1.000602	-0.000156	-0.415373	0.000156	1.000602	-0.456865	
34	1.000242	0.000015	-0.149717	-0.000015	1.000242	-0.149897	
35	1.000219	0.000066	-0.109942	-0.000066	1.000219	-0.070377	
36	1.000261	0.000093	-0.158438	-0.000093	1.000261	-0.025553	
37	1.000232	0.000118	-0.135933	-0.000118	1.000232	0.010195	
38	1.000523	-0.000061	-0.403024	0.000061	1.000523	-0.235045	
39	1.000168	0.000100	-0.117545	-0.000100	1.000168	0.034350	
40	1.000215	0.000098	-0.152839	-0.000098	1.000215	0.016944	
41	1.000373	-0.000058	-0.311239	0.000058	1.000373	-0.202343	
42	1.000303	0.000052	-0.205086	-0.000052	1.000303	-0.118935	
43	1.000681	-0.000143	-0.574751	0.000143	1.000681	-0.546777	
44	1.000175	0.000059	-0.158397	-0.000059	1.000175	-0.075016	
45	1.000171	0.000063	-0.165808	-0.000063	1.000171	0.008136	
46	1.000335	0.000058	-0.308087	-0.000058	1.000335	-0.070130	
47	1.000558	0.000087	-0.456208	-0.000087	1.000558	-0.167874	
48	1.000728	0.000060	-0.557341	-0.000060	1.000728	-0.386319	
49	1.000458	0.000093	-0.391642	-0.000093	1.000458	-0.128537	
50	1.000507	0.000090	-0.386911	-0.000090	1.000507	-0.150734	
51	1.000494	0.000120	-0.383389	-0.000120	1.000494	-0.125997	
52	1.000531	0.000074	-0.430256	-0.000074	1.000531	-0.155568	
53	1.000970	-0.000026	-0.762131	0.000026	1.000970	-0.517651	
54	1.000439	0.000120	-0.366218	-0.000120	1.000439	-0.101069	
55	1.000436	0.000100	-0.394166	-0.000100	1.000436	-0.106649	
56	1.000516	0.000122	-0.465302	-0.000122	1.000516	-0.151473	
57	1.000541	0.000112	-0.485146	-0.000112	1.000541	-0.184448	
58	1.000662	-0.000020	-0.327405	0.000020	1.000662	-0.514452	
59	1.000535	0.000118	-0.398670	-0.000118	1.000535	-0.209817	
60	1.000597	0.000157	-0.422849	-0.000157	1.000597	-0.166580	
61	1.000644	0.000165	-0.462696	-0.000165	1.000644	-0.160635	
62	1.000627	0.000221	-0.430609	-0.000221	1.000627	-0.045205	
63	1.000740	0.000051	-0.314457	-0.000051	1.000740	-0.419850	
64	1.000711	0.000252	-0.470966	-0.000252	1.000711	-0.071514	
65	1.000699	0.000250	-0.480897	-0.000250	1.000699	-0.039711	
66	1.000689	0.000193	-0.498800	-0.000193	1.000689	-0.039617	
67	1.000688	0.000205	-0.556384	-0.000205	1.000688	-0.020504	
68	1.001002	0.000120	-0.650316	-0.000120	1.001002	-0.203081	
69	1.000717	0.000203	-0.621128	-0.000203	1.000717	-0.076074	
70	1.000690	0.000136	-0.606252	-0.000136	1.000690	-0.163298	
71	1.000643	0.000126	-0.660215	-0.000126	1.000643	-0.142249	
72	1.000555	0.000112	-0.586295	-0.000112	1.000555	-0.104296	
73	1.000799	0.000031	-0.431981	-0.000031	1.000799	-0.344633	
74	1.000551	0.000034	-0.477118	-0.000034	1.000551	-0.217662	
75	1.000593	-0.000007	-0.480492	0.000007	1.000593	-0.344824	
76	1.000708	-0.000023	-0.574488	0.000023	1.000708	-0.413925	
77	1.000683	-0.000158	-0.492587	0.000158	1.000683	-0.506080	
78	1.000788	-0.000308	-0.257766	0.000308	1.000788	-0.750381	
79	1.000752	-0.000187	-0.505333	0.000187	1.000752	-0.571353	
80	1.000789	-0.000107	-0.518848	0.000107	1.000789	-0.493794	
81	1.000734	-0.000017	-0.489079	0.000017	1.000734	-0.299657	
82	1.000551	-0.000141	-0.191303	0.000141	1.000551	-0.369010	
83	1.001170	-0.000212	-0.471485	0.000212	1.001170	-0.661399	
84	1.000661	-0.000080	-0.392029	0.000080	1.000661	-0.294000	
85	1.000860	-0.000017	-0.730208	0.000017	1.000860	-0.272641	
86	1.000883	0.000005	-0.680759	-0.000005	1.000883	-0.315266	
87	1.000951	-0.000065	-0.765433	0.000065	1.000951	-0.436989	
88	1.001148	-0.000134	-0.807654	0.000134	1.001148	-0.578557	
89	1.000917	0.000014	-0.761220	-0.000014	1.000917	-0.290726	
90	1.000875	-0.000009	-0.665056	0.000009	1.000875	-0.289915	
91	1.000826	-0.000032	-0.555675	0.000032	1.000826	-0.316337	
92	1.000724	-0.000100	-0.459311	0.000100	1.000724	-0.417871	
93	1.001281	-0.000113	-0.952668	0.000113	1.001281	-0.632486	
94	1.000977	-0.000029	-0.692489	0.000029	1.000977	-0.425625	
95	1.001040	0.000086	-0.781460	-0.000086	1.001040	-0.296869	
96	1.000942	0.000156	-0.709162	-0.000156	1.000942	-0.195430	
97	1.000947	0.000239	-0.829868	-0.000239	1.000947	-0.107641	
98	1.001041	0.000399	-1.007911	-0.000399	1.001041	0.035478	
99	1.000976	-0.000071	-0.573504	0.000071	1.000976	-0.613253	
100	1.000703	0.000009	-0.449248	-0.000009	1.000703	-0.334197	
101	1.000723	-0.000122	-0.377599	0.000122	1.000723	-0.520042	
102	1.000886	-0.000110	-0.452644	0.000110	1.000886	-0.609227	
103	1.000810	0.000058	-0.515085	-0.000058	1.000810	-0.319180	
104	1.000590	-0.000314	0.334738	0.000314	1.000590	-0.844676	
105	1.000757	-0.000249	-0.184031	0.000249	1.000757	-0.793205	
106	1.000846	-0.000344	-0.189039	0.000344	1.000846	-0.927459	
107	1.000807	-0.000390	-0.126405	0.000390	1.000807	-0.971623	
108	1.001290	-0.000596	-0.660281	0.000596	1.001290	-1.246019	
109	1.000838	-0.000506	0.205607	0.000506	1.000838	-1.137576	
110	1.000598	-0.000006	-0.003899	0.000006	1.000598	-0.406079	
111	1.000563	0.000109	0.160443	-0.000109	1.000563	-0.319373	
112	1.000161	-0.000109	0.680203	0.000109	1.000161	-0.491142	
113	1.000545	-0.000180	0.373284	0.000180	1.000545	-0.691541	
114	1.001273	-0.000664	0.284419	0.000664	1.001273	-1.528207	
115	1.000646	-0.000319	0.319549	0.000319	1.000646	-0.838675	
116	1.000719	-0.000326	0.407259	0.000326	1.000719	-0.909272	
117	1.000562	-0.000417	0.534806	0.000417	1.000562	-0.866970	
118	1.000660	-0.000568	0.508065	0.000568	1.000660	-1.107031	
119	1.000809	-0.000833	1.168298	0.000833	1.000809	-1.568089	
120	1.000767	-0.000456	0.401064	0.000456	1.000767	-1.008735	
121	1.000855	-0.000343	0.216628	0.000343	1.000855	-0.995476	
122	1.000687	-0.000344	0.367660	0.000344	1.000687	-0.918315	
123	1.000745	-0.000297	0.418105	0.000297	1.000745	-1.045628	
124	1.000878	-0.001023	1.400799	0.001023	1.000878	-2.067174	
125	1.000878	-0.000074	0.276840	0.000074	1.000878	-0.844945	
126	1.000794	-0.000438	0.437083	0.000438	1.000794	-0.912058	
127	1.000706	-0.000378	0.415499	0.000378	1.000706	-0.610967	
128	0.999837	-0.000421	1.248402	0.000421	0.999837	-0.306281	
129	0.999305	-0.001040	2.788022	0.001040	0.999305	-0.490298	
130	0.999937	-0.000354	1.136630	0.000354	0.999937	-0.146705	
131	1.000102	-0.000272	1.005687	0.000272	1.000102	-0.113620	
132	1.000132	-0.000446	1.105311	0.000446	1.000132	-0.348345	
133	1.000297	-0.000650	1.041132	0.000650	1.000297	-0.657526	
134	0.999415	-0.001541	3.252672	0.001541	0.999415	-0.963141	
135	0.999784	-0.000775	1.599803	0.000775	0.999784	-0.547849	
136	0.999984	-0.000682	1.359365	0.000682	0.999984	-0.512132	
137	0.999999	-0.000534	1.211709	0.000534	0.999999	-0.330257	
138	0.999831	-0.000436	1.226087	0.000436	0.999831	-0.135670	
139	0.999378	-0.001179	2.434630	0.001179	0.999378	-0.608094	
140	0.999807	-0.000290	0.974046	0.000290	0.999807	-0.112186	
141	0.999620	-0.000290	1.137285	0.000290	0.999620	0.001959	
142	0.999633	-0.000300	1.020144	0.000300	0.999633	-0.063561	
143	0.999768	-0.000141	0.765036	0.000141	0.999768	0.018750	
144	0.999510	-0.000498	1.497024	0.000498	0.999510	-0.254295	
145	1.000012	-0.000129	0.606377	0.000129	1.000012	-0.198609	
146	1.000003	-0.000067	0.644832	0.000067	1.000003	-0.224136	
147	1.000119	0.000011	0.449649	-0.000011	1.000119	-0.160753	
148	1.000171	-0.000165	0.538958	0.000165	1.000171	-0.381212	
149	1.000071	-0.001133	1.688481	0.001133	1.000071	-1.439410	
150	0.999897	-0.000865	1.204948	0.000865	0.999897	-0.880596	
151	0.999818	-0.000996	1.359154	0.000996	0.999818	-1.038475	
152	0.999941	-0.000867	1.370090	0.000867	0.999941	-0.894670	
153	0.999829	-0.000838	1.576658	0.000838	0.999829	-0.811413	
154	0.999347	-0.001665	3.404286	0.001665	0.999347	-1.199344	
155	0.999408	-0.000794	2.174575	0.000794	0.999408	-0.613992	
156	0.999478	-0.000952	2.255754	0.000952	0.999478	-0.817862	
157	0.999656	-0.000708	2.038420	0.000708	0.999656	-0.628977	
158	0.999423	-0.001066	2.496296	0.001066	0.999423	-1.050202	
159	0.999374	-0.002280	4.130205	0.002280	0.999374	-1.858477	
160	0.999130	-0.001061	2.568786	0.001061	0.999130	-0.642216	
161	0.999127	-0.001137	2.650676	0.001137	0.999127	-0.593570	
162	0.999047	-0.001295	2.821279	0.001295	0.999047	-0.682643	
163	0.999134	-0.001329	2.892644	0.001329	0.999134	-0.526829	
164	0.995758	-0.001586	8.528226	0.001586	0.995758	0.819314	
165	0.999488	-0.001927	3.254889	0.001927	0.999488	-1.106057	
166	0.999530	-0.002220	3.507585	0.002220	0.999530	-1.422671	
167	0.999523	-0.002048	3.626926	0.002048	0.999523	-1.242990	
168	0.999680	-0.002197	3.614329	0.002197	0.999680	-1.543624	
169	1.005404	-0.006151	4.215020	0.006151	1.005404	-6.393225	
170	0.999917	-0.002273	3.755816	0.002273	0.999917	-1.745970	
171	0.999431	-0.002144	4.077918	0.002144	0.999431	-1.132831	
172	0.999958	-0.001863	3.782586	0.001863	0.999958	-1.227694	
173	0.999678	-0.002333	4.403916	0.002333	0.999678	-1.586712	
174	0.998158	-0.000588	13.283454	0.000588	0.998158	-0.038776	
175	0.998554	-0.002659	5.656531	0.002659	0.998554	-1.721875	
176	0.999106	-0.002703	5.132320	0.002703	0.999106	-1.837508	
177	0.999858	-0.002694	4.669061	0.002694	0.999858	-1.877835	
178	0.998502	-0.002652	6.059321	0.002652	0.998502	-1.508126	
179	0.998226	-0.000732	14.426977	0.000732	0.998226	-0.112065	
180	1.000667	-0.003677	5.075706	0.003677	1.000667	-2.847757	
181	0.998681	-0.003346	6.098668	0.003346	0.998681	-2.176268	
182	1.001528	-0.003753	3.600258	0.003753	1.001528	-3.525411	
183	1.001398	-0.004156	4.693142	0.004156	1.001398	-3.357251	
184	0.998280	-0.000985	15.140342	0.000985	0.998280	-0.032838	
185	1.002778	-0.004475	3.545089	0.004475	1.002778	-4.331924	
186	1.002668	-0.004377	3.597485	0.004377	1.002668	-4.302872	
187	1.003332	-0.004354	3.100138	0.004354	1.003332	-4.634194	
188	0.995868	-0.002888	7.994249	0.002888	0.995868	-1.329867	
189	0.999383	-0.001247	15.059130	0.001247	0.999383	-0.910963	
190	0.997363	-0.004862	7.007798	0.004862	0.997363	-1.632969	
191	1.001065	-0.003843	5.860171	0.003843	1.001065	-2.926466	
192	0.997120	-0.001525	8.545625	0.001525	0.997120	-0.732398	
193	1.000148	-0.004335	5.567899	0.004335	1.000148	-3.622641	
194	0.998462	-0.001343	17.650314	0.001343	0.998462	-1.639035	
195	0.999814	-0.001463	8.643979	0.001463	0.999814	-1.660546	
196	1.002186	-0.003864	6.218433	0.003864	1.002186	-3.416997	
197	1.004426	-0.005524	3.264859	0.005524	1.004426	-5.964084	
198	0.999901	-0.000714	9.015413	0.000714	0.999901	-0.285831	
199	0.998560	-0.001253	20.255810	0.001253	0.998560	0.052472	
200	1.002043	-0.006283	6.206918	0.006283	1.002043	-4.952097	
201	0.992749	-0.002408	11.129680	0.002408	0.992749	0.750806	
202	0.999182	-0.000882	10.037512	0.000882	0.999182	-0.249161	
203	0.998387	-0.000833	10.540938	0.000833	0.998387	-0.124638	
204	0.997746	-0.001433	20.536376	0.001433	0.997746	0.070339	
205	0.994162	-0.006085	10.046551	0.006085	0.994162	-0.443421	
206	0.993788	-0.002258	9.527462	0.002258	0.993788	0.882655	
207	0.994482	-0.002936	8.848635	0.002936	0.994482	0.375832	
208	0.997623	-0.003395	8.122662	0.003395	0.997623	-1.273580	
209	0.998445	-0.001139	13.832169	0.001139	0.998445	-0.831938	
210	0.998442	-0.002029	4.947709	0.002029	0.998442	-0.512325	
211	0.998530	-0.001699	4.438709	0.001699	0.998530	-0.236799	
212	0.998911	-0.001720	4.046521	0.001720	0.998911	0.009003	
213	0.999097	-0.002019	3.795280	0.002019	0.999097	-0.463819	
214	0.996501	-0.001880	7.959518	0.001880	0.996501	-0.290007	
215	0.999456	-0.001482	2.771768	0.001482	0.999456	-0.849966	
216	0.999296	-0.001318	2.672773	0.001318	0.999296	-0.653108	
217	0.999654	-0.001286	2.058627	0.001286	0.999654	-0.584179	
218	0.999263	-0.001091	2.244152	0.001091	0.999263	-0.272394	
219	0.998696	-0.001710	4.398706	0.001710	0.998696	-0.502264	
220	0.999277	-0.000991	2.241363	0.000991	0.999277	-0.247128	
221	0.999496	-0.001103	2.135811	0.001103	0.999496	-0.489638	
222	0.999295	-0.001096	2.267711	0.001096	0.999295	-0.526242	
223	0.999592	-0.001084	2.144635	0.001084	0.999592	-0.773593	
224	0.998841	-0.002243	4.892304	0.002243	0.998841	-1.638405	
225	0.999464	-0.001074	2.241168	0.001074	0.999464	-0.869977	
226	0.999455	-0.001054	2.201056	0.001054	0.999455	-0.818735	
227	0.999494	-0.001104	2.151189	0.001104	0.999494	-0.738619	
228	0.999435	-0.001061	2.168397	0.001061	0.999435	-0.723803	
229	0.998476	-0.002018	4.496477	0.002018	0.998476	-1.189085	
230	0.999406	-0.000945	1.834449	0.000945	0.999406	-0.545987	
231	0.999522	-0.000921	1.789061	0.000921	0.999522	-0.720215	
232	0.999659	-0.000881	1.693405	0.000881	0.999659	-0.671520	
233	0.999639	-0.001013	1.824069	0.001013	0.999639	-0.821444	
234	0.999014	-0.002173	4.285239	0.002173	0.999014	-1.799490	
235	0.999190	-0.001215	2.366518	0.001215	0.999190	-0.716283	
236	0.999124	-0.001334	2.580048	0.001334	0.999124	-0.876512	
237	0.999009	-0.001346	2.748926	0.001346	0.999009	-0.785751	
238	0.998963	-0.001333	2.850397	0.001333	0.998963	-0.869878	
239	0.996355	-0.005518	7.723440	0.005518	0.996355	-2.606472	
240	0.999138	-0.001366	2.815684	0.001366	0.999138	-1.197342	
241	0.999136	-0.001275	2.818956	0.001275	0.999136	-1.134774	
242	0.999041	-0.001378	2.916042	0.001378	0.999041	-1.121208	
243	0.998915	-0.001341	3.041330	0.001341	0.998915	-0.980067	
244	0.996148	-0.006394	8.747444	0.006394	0.996148	-2.074815	
245	0.998630	-0.001649	3.692496	0.001649	0.998630	-1.066641	
246	0.998600	-0.001753	3.958521	0.001753	0.998600	-1.031861	
247	0.998637	-0.001736	4.145528	0.001736	0.998637	-1.069313	
248	0.998477	-0.001788	4.226248	0.001788	0.998477	-0.985485	
249	0.993401	-0.002431	10.730299	0.002431	0.993401	-0.661622	
250	0.998437	-0.001809	4.301158	0.001809	0.998437	-0.882642	
251	0.998342	-0.001697	4.086445	0.001697	0.998342	-0.909164	
252	0.998534	-0.001685	4.118846	0.001685	0.998534	-0.907125	
253	0.998339	-0.001691	4.216968	0.001691	0.998339	-0.819204	
254	0.995032	-0.007391	10.743417	0.007391	0.995032	-2.300279	
255	0.998374	-0.001561	3.794789	0.001561	0.998374	-0.939488	
256	0.998190	-0.001797	3.991266	0.001797	0.998190	-0.998513	
257	0.998209	-0.001931	4.200519	0.001931	0.998209	-1.256156	
258	0.997879	-0.002175	4.279013	0.002175	0.997879	-1.342814	
259	0.992504	-0.002658	10.904699	0.002658	0.992504	-1.456917	
260	0.998350	-0.002353	4.086861	0.002353	0.998350	-1.405776	
261	0.998005	-0.002460	4.359771	0.002460	0.998005	-1.022069	
262	0.997736	-0.002257	4.639184	0.002257	0.997736	-0.722160	
263	0.997634	-0.002205	4.768142	0.002205	0.997634	-0.444995	
264	0.997363	-0.002268	5.008644	0.002268	0.997363	-0.251316	
265	0.991351	-0.008228	13.262709	0.008228	0.991351	-0.354982	
266	0.996073	-0.002495	6.874711	0.002495	0.996073	-0.419286	
267	0.996628	-0.005117	6.946848	0.005117	0.996628	-1.133383	
268	0.999170	-0.004838	6.043438	0.004838	0.999170	-2.027449	
269	0.996028	-0.004650	6.988391	0.004650	0.996028	-0.476904	
270	0.999619	-0.001269	13.732773	0.001269	0.999619	-1.381609	
271	0.995084	-0.005011	8.545097	0.005011	0.995084	-0.674998	
272	0.995530	-0.003499	7.474340	0.003499	0.995530	-0.419864	
273	0.995736	-0.003627	7.236261	0.003627	0.995736	-0.310353	
274	0.995853	-0.005485	8.155041	0.005485	0.995853	-0.864804	
275	0.986241	-0.011391	19.605302	0.011391	0.986241	0.125127	
276	0.995822	-0.003168	6.668034	0.003168	0.995822	0.128649	
277	0.994797	-0.003026	8.078764	0.003026	0.994797	0.073773	
278	0.997550	-0.005764	6.970176	0.005764	0.997550	-1.970195	
279	0.995176	-0.002688	7.624342	0.002688	0.995176	-0.185918	
280	0.989678	-0.009493	16.372794	0.009493	0.989678	-1.004611	
281	0.996385	-0.003167	6.829195	0.003167	0.996385	-0.600930	
282	0.996424	-0.003472	6.748107	0.003472	0.996424	-0.682287	
283	0.996196	-0.005611	8.256129	0.005611	0.996196	-1.592278	
284	0.995295	-0.005875	9.221597	0.005875	0.995295	-1.597341	
285	0.997104	-0.001353	17.620161	0.001353	0.997104	-2.464091	
286	0.994965	-0.006620	10.495110	0.006620	0.994965	-2.680763	
287	0.993404	-0.007069	11.361171	0.007069	0.993404	-1.605774	
288	0.995798	-0.007625	9.759779	0.007625	0.995798	-2.479110	
289	0.993474	-0.008033	11.882471	0.008033	0.993474	-2.043585	
290	0.999912	-0.000106	0.140895	0.000106	0.999912	-0.037551	
291	0.991991	-0.008122	13.761124	0.008122	0.991991	-1.682428	
292	0.990747	-0.007645	15.270799	0.007645	0.990747	-1.173703	
293	0.991422	-0.008054	14.986396	0.008054	0.991422	-1.795292	
294	0.990982	-0.009007	16.190115	0.009007	0.990982	-2.505510	
295	1.000254	-0.000038	-0.131635	0.000038	1.000254	-0.280442	
296	1.000107	-0.001613	1.244372	0.001613	1.000107	-1.436614	
297	0.999883	-0.001429	1.235252	0.001429	0.999883	-1.144584	
298	0.999458	-0.001604	1.770135	0.001604	0.999458	-0.978741	
299	0.999474	-0.000844	1.217824	0.000844	0.999474	-0.383677	
300	0.999858	-0.000077	0.185490	0.000077	0.999858	0.023834	
301	1.000054	-0.000471	0.351632	0.000471	1.000054	-0.442151	
302	0.999992	-0.000272	0.295330	0.000272	0.999992	-0.257192	
303	1.000008	-0.000454	0.394402	0.000454	1.000008	-0.395331	
304	0.999918	-0.000539	0.518384	0.000539	0.999918	-0.385602	
305	0.999800	-0.000379	0.473197	0.000379	0.999800	-0.143277	
306	0.999977	-0.000377	0.434436	0.000377	0.999977	-0.316317	
307	1.000275	-0.000439	0.263029	0.000439	1.000275	-0.606436	
308	1.000372	-0.000512	0.158187	0.000512	1.000372	-0.684005	
309	1.000183	-0.000446	0.241309	0.000446	1.000183	-0.475848	
310	0.999852	-0.000063	0.120602	0.000063	0.999852	0.072475	
311	1.000135	-0.000550	0.448549	0.000550	1.000135	-0.446224	
312	0.999902	-0.000350	0.374362	0.000350	0.999902	-0.104889	
313	0.999640	-0.000318	0.458387	0.000318	0.999640	0.150381	
314	1.000064	-0.000307	0.249939	0.000307	1.000064	-0.190041	
315	0.999982	0.000003	0.004828	-0.000003	0.999982	0.012985	
316	0.999886	-0.000356	0.396049	0.000356	0.999886	-0.127239	
317	0.999479	-0.001021	1.463250	0.001021	0.999479	-0.304800	
318	0.999821	-0.000667	0.811728	0.000667	0.999821	-0.267196	
319	0.999256	-0.001455	2.001840	0.001455	0.999256	-0.441067	
320	0.999886	-0.000056	0.120275	0.000056	0.999886	0.056738	
321	0.999679	-0.000488	0.736130	0.000488	0.999679	-0.087205	
322	0.999499	-0.000479	0.891959	0.000479	0.999499	0.046557	
323	0.999638	-0.000569	0.931374	0.000569	0.999638	-0.066151	
324	0.999782	-0.000343	0.483012	0.000343	0.999782	-0.013146	
325	0.999886	-0.000129	0.178459	0.000129	0.999886	0.060177	
326	0.999864	-0.000038	0.215206	0.000038	0.999864	0.137806	
327	1.000051	-0.000084	0.064328	0.000084	1.000051	-0.086575	
328	1.000133	-0.000017	-0.046136	0.000017	1.000133	-0.147305	
329	1.013633	-0.009097	1.586619	0.009097	1.013633	-12.171025	
330	0.999554	0.000402	-0.064097	-0.000402	0.999554	0.674241	
331	0.999701	0.000203	-0.010144	-0.000203	0.999701	0.266885	
332	0.999536	0.000305	0.013635	-0.000305	0.999536	0.490678	
333	1.009638	-0.007873	1.695936	0.007873	1.009638	-9.779648	
334	1.010176	-0.006011	0.707181	0.006011	1.010176	-8.856837	
335	0.999943	0.000004	-0.007621	-0.000004	0.999943	0.045099	
336	1.000006	0.000235	-0.198656	-0.000235	1.000006	0.203635	
337	1.006478	-0.005037	3.001913	0.005037	1.006478	-5.343389	
338	1.006267	-0.005988	2.745383	0.005988	1.006267	-6.143169	
339	1.005430	-0.006513	3.136423	0.006513	1.005430	-6.216679	
340	0.999686	-0.000172	0.376799	0.000172	0.999686	0.067897	
341	1.002075	-0.004723	5.586309	0.004723	1.002075	-2.764398	
342	1.003950	-0.005722	2.975473	0.005722	1.003950	-4.992160	
343	1.003177	-0.005433	2.827086	0.005433	1.003177	-4.866265	
344	1.001973	-0.005119	3.300535	0.005119	1.001973	-3.847653	
345	0.999951	-0.000385	0.348857	0.000385	0.999951	-0.259063	
346	0.998602	-0.002714	4.427118	0.002714	0.998602	-0.451349	
347	0.999702	-0.002711	3.036399	0.002711	0.999702	-1.193524	
348	0.999557	-0.002306	2.770305	0.002306	0.999557	-0.874403	
349	0.998464	-0.001933	3.455575	0.001933	0.998464	-0.004519	
350	1.000382	-0.004842	4.162968	0.004842	1.000382	-2.662270	
351	0.998512	-0.001549	3.208685	0.001549	0.998512	-0.034008	
352	0.998369	-0.001520	3.119102	0.001520	0.998369	0.005598	
353	0.998284	-0.001371	2.944932	0.001371	0.998284	0.155665	
354	0.998351	-0.001244	2.729499	0.001244	0.998351	0.180270	
355	0.998143	-0.002534	4.143665	0.002534	0.998143	-0.406791	
356	0.998366	-0.001093	2.507735	0.001093	0.998366	0.237520	
357	0.998266	-0.000997	2.426315	0.000997	0.998266	0.343098	
358	0.998348	-0.001010	2.388531	0.001010	0.998348	0.298933	
359	0.998303	-0.001010	2.407856	0.001010	0.998303	0.324286	
360	0.996951	-0.001302	3.854423	0.001302	0.996951	0.909366	
361	0.998308	-0.000428	1.747428	0.000428	0.998308	0.719972	
362	0.998414	-0.000334	1.582037	0.000334	0.998414	0.701284	
363	0.998795	-0.000396	1.366788	0.000396	0.998795	0.428470	
364	0.998340	-0.000384	1.692846	0.000384	0.998340	0.686762	
365	0.996913	-0.000653	2.926527	0.000653	0.996913	1.229615	
366	0.998607	-0.000353	1.257741	0.000353	0.998607	0.545441	
367	0.998728	-0.000309	1.141602	0.000309	0.998728	0.469257	
368	0.999046	-0.000281	0.813473	0.000281	0.999046	0.395151	
369	0.998587	-0.000230	1.059842	0.000230	0.998587	0.722223	
370	0.997355	-0.000062	1.762514	0.000062	0.997355	1.568444	
371	0.998651	-0.000245	0.967476	0.000245	0.998651	0.756002	
372	0.998651	-0.000216	0.910714	0.000216	0.998651	0.745326	
373	0.998719	-0.000213	0.890932	0.000213	0.998719	0.654394	
374	0.998810	-0.000247	0.821322	0.000247	0.998810	0.494652	
375	0.997547	-0.000231	1.914421	0.000231	0.997547	1.149255	
376	0.998593	-0.000340	1.199830	0.000340	0.998593	0.485950	
377	0.998907	-0.000383	0.987360	0.000383	0.998907	0.297036	
378	0.998670	-0.000344	1.143235	0.000344	0.998670	0.481418	
379	0.998767	-0.000296	1.139550	0.000296	0.998767	0.487804	
380	0.997213	-0.000616	2.562739	0.000616	0.997213	1.168953	
381	0.998955	-0.000269	0.926622	0.000269	0.998955	0.367909	
382	0.998856	-0.000222	0.982171	0.000222	0.998856	0.469204	
383	0.999303	-0.000308	0.720272	0.000308	0.999303	0.119769	
384	0.999265	-0.000392	0.776043	0.000392	0.999265	-0.050476	
385	0.999245	-0.000281	0.928975	0.000281	0.999245	-0.358734	
386	0.999880	-0.000280	0.152483	0.000280	0.999880	-0.482929	
387	1.000008	-0.000296	0.057494	0.000296	1.000008	-0.576322	
388	1.000297	-0.000296	-0.140739	0.000296	1.000297	-0.664764	
389	1.000352	-0.000193	-0.225748	0.000193	1.000352	-0.696352	
390	1.000666	-0.000229	-0.176931	0.000229	1.000666	-1.106906	
391	1.000340	-0.000180	-0.161184	0.000180	1.000340	-0.675106	
392	1.000377	-0.000200	-0.203500	0.000200	1.000377	-0.734841	
393	1.000323	-0.000182	-0.181721	0.000182	1.000323	-0.639392	
394	1.000251	-0.000230	-0.131310	0.000230	1.000251	-0.557313	
395	1.000305	-0.000355	0.302346	0.000355	1.000305	-0.701977	
396	1.000108	-0.000464	0.241893	0.000464	1.000108	-0.297853	
397	1.000111	-0.000527	0.278928	0.000527	1.000111	-0.257370	
398	1.000089	-0.000569	0.425900	0.000569	1.000089	-0.274063	
399	1.000063	-0.000574	0.543211	0.000574	1.000063	-0.319469	
400	0.999943	-0.001103	1.603324	0.001103	0.999943	-0.569307	
401	0.999994	-0.000661	0.626359	0.000661	0.999994	-0.330236	
402	1.000002	-0.000682	0.578479	0.000682	1.000002	-0.331732	
403	1.000071	-0.000594	0.505611	0.000594	1.000071	-0.373309	
404	1.000124	-0.000559	0.480186	0.000559	1.000124	-0.416779	
405	1.000115	-0.000912	1.051887	0.000912	1.000115	-0.816589	
406	1.000240	-0.000472	0.322643	0.000472	1.000240	-0.510677	
407	1.000158	-0.000450	0.388472	0.000450	1.000158	-0.417205	
408	1.000220	-0.000418	0.371795	0.000418	1.000220	-0.420703	
409	1.000282	-0.000482	0.357910	0.000482	1.000282	-0.530547	
410	1.000323	-0.000745	0.758478	0.000745	1.000323	-0.788525	
411	1.000183	-0.000427	0.286895	0.000427	1.000183	-0.382646	
412	1.000204	-0.000402	0.262235	0.000402	1.000204	-0.391783	
413	1.000026	-0.000413	0.511166	0.000413	1.000026	-0.292029	
414	1.000141	-0.000385	0.318346	0.000385	1.000141	-0.336708	
415	1.000089	-0.000753	0.870084	0.000753	1.000089	-0.606000	
416	1.000100	-0.000501	0.486418	0.000501	1.000100	-0.463544	
417	1.000063	-0.000541	0.581924	0.000541	1.000063	-0.488854	
418	1.000149	-0.000521	0.435404	0.000521	1.000149	-0.480869	
419	1.000166	-0.000435	0.414195	0.000435	1.000166	-0.460916	
420	1.000308	-0.000885	0.985555	0.000885	1.000308	-1.039431	
421	1.000253	-0.000318	0.301869	0.000318	1.000253	-0.410587	
422	1.000313	-0.000301	0.220254	0.000301	1.000313	-0.474103	
423	1.000450	-0.000364	0.114382	0.000364	1.000450	-0.683231	
424	1.000437	-0.000458	0.131537	0.000458	1.000437	-0.706534	
425	1.000757	-0.000658	0.416107	0.000658	1.000757	-1.290482	
426	1.000868	-0.000342	-0.307131	0.000342	1.000868	-0.976936	
427	1.000990	-0.000306	-0.385056	0.000306	1.000990	-1.002513	
428	1.000736	-0.000244	-0.175109	0.000244	1.000736	-0.823307	
429	1.000939	-0.000054	-0.423229	0.000054	1.000939	-0.676225	
430	1.002035	0.000178	-1.297054	-0.000178	1.002035	-0.169953	
431	1.001728	-0.000247	-0.725934	0.000247	1.001728	-1.330230	
432	1.001070	-0.000078	-0.579126	0.000078	1.001070	-0.643898	
433	1.000968	-0.000184	-0.474553	0.000184	1.000968	-0.811824	
434	1.001015	-0.000217	-0.455781	0.000217	1.001015	-0.899885	
435	1.001039	-0.000224	-0.463605	0.000224	1.001039	-0.879048	
436	1.001775	-0.000441	-0.596720	0.000441	1.001775	-1.539350	
437	1.000921	-0.000225	-0.425500	0.000225	1.000921	-0.752021	
438	1.001128	-0.000160	-0.652721	0.000160	1.001128	-0.804247	
439	1.001045	-0.000101	-0.612505	0.000101	1.001045	-0.690325	
440	1.000916	-0.000061	-0.517898	0.000061	1.000916	-0.553425	
441	1.001841	-0.000173	-1.018472	0.000173	1.001841	-1.327796	
442	1.000899	0.000075	-0.606485	-0.000075	1.000899	-0.470434	
443	1.001054	0.000012	-0.632664	-0.000012	1.001054	-0.584206	
444	1.000926	-0.000035	-0.482705	0.000035	1.000926	-0.558493	
445	1.000784	-0.000086	-0.370256	0.000086	1.000784	-0.532671	
446	1.001722	-0.000180	-0.885027	0.000180	1.001722	-1.269728	
447	1.000872	-0.000309	-0.293793	0.000309	1.000872	-0.874767	
448	1.000751	-0.000255	-0.223303	0.000255	1.000751	-0.754903	
449	1.000863	-0.000288	-0.299296	0.000288	1.000863	-0.890339	
450	1.000971	-0.000285	-0.368729	0.000285	1.000971	-0.906811	
451	1.001858	-0.000489	-0.554378	0.000489	1.001858	-1.622048	
452	1.000937	-0.000254	-0.215236	0.000254	1.000937	-0.933403	
453	1.000889	-0.000275	-0.142054	0.000275	1.000889	-0.925292	
454	1.000909	-0.000220	-0.188050	0.000220	1.000909	-0.848392	
455	1.000866	-0.000137	-0.226025	0.000137	1.000866	-0.733276	
456	1.001505	-0.000465	0.034265	0.000465	1.001505	-1.451717	
457	1.000744	-0.000289	-0.087280	0.000289	1.000744	-0.709516	
458	1.000620	-0.000293	0.005046	0.000293	1.000620	-0.700301	
459	1.000655	-0.000303	-0.082830	0.000303	1.000655	-0.686241	
460	1.000732	-0.000225	-0.157744	0.000225	1.000732	-0.660606	
461	1.001700	-0.000548	-0.116174	0.000548	1.001700	-1.820420	
462	1.001038	-0.000347	-0.359497	0.000347	1.001038	-1.066218	
463	1.000970	-0.000345	-0.293467	0.000345	1.000970	-1.028282	
464	1.001104	-0.000278	-0.422769	0.000278	1.001104	-1.037040	
465	1.000939	-0.000216	-0.289248	0.000216	1.000939	-0.814329	
466	1.001620	-0.000454	-0.071009	0.000454	1.001620	-1.644731	
467	1.000915	-0.000235	-0.168020	0.000235	1.000915	-0.825956	
468	1.000803	-0.000329	0.062990	0.000329	1.000803	-0.879528	
469	1.000833	-0.000342	0.056522	0.000342	1.000833	-0.853436	
470	1.000890	-0.000363	0.080027	0.000363	1.000890	-0.887726	
471	1.000895	-0.000994	1.035368	0.000994	1.000895	-1.773877	
472	1.000348	-0.000520	0.550524	0.000520	1.000348	-0.727358	
473	1.000110	-0.000521	0.756430	0.000521	1.000110	-0.638017	
474	1.000207	-0.000572	0.733955	0.000572	1.000207	-0.711214	
475	1.000097	-0.000683	0.906745	0.000683	1.000097	-0.714999	
476	1.000465	-0.001089	1.591634	0.001089	1.000465	-1.615358	
477	1.000135	-0.000363	0.812098	0.000363	1.000135	-0.677332	
478	1.000158	-0.000390	0.710041	0.000390	1.000158	-0.792560	
479	1.000209	-0.000451	0.640800	0.000451	1.000209	-0.891490	
480	1.000108	-0.000519	0.678073	0.000519	1.000108	-0.831518	
481	1.000402	-0.001153	1.463574	0.001153	1.000402	-1.654816	
482	1.000078	-0.000560	0.721279	0.000560	1.000078	-0.814502	
483	1.000050	-0.000488	0.699887	0.000488	1.000050	-0.739559	
484	1.000091	-0.000527	0.681957	0.000527	1.000091	-0.740912	
485	1.000039	-0.000549	0.698064	0.000549	1.000039	-0.767744	
486	1.000296	-0.001421	1.500111	0.001421	1.000296	-1.780558	
487	1.000146	-0.000534	0.487989	0.000534	1.000146	-0.702087	
488	1.000113	-0.000755	0.680478	0.000755	1.000113	-0.954936	
489	1.000123	-0.000640	0.825179	0.000640	1.000123	-1.097712	
490	1.000125	-0.000656	0.861516	0.000656	1.000125	-1.140682	
491	0.999762	-0.001938	2.831602	0.001938	0.999762	-3.079906	
492	0.999371	-0.001183	1.877226	0.001183	0.999371	-1.681299	
493	0.999498	-0.001244	1.810637	0.001244	0.999498	-1.895753	
494	0.999234	-0.001235	1.915088	0.001235	0.999234	-1.628855	
495	0.999209	-0.001351	2.105745	0.001351	0.999209	-1.641413	
496	0.997325	-0.002647	5.039974	0.002647	0.997325	-3.070533	
497	0.999195	-0.000969	1.850862	0.000969	0.999195	-1.017630	
498	0.999210	-0.000924	1.854503	0.000924	0.999210	-0.827302	
499	0.999175	-0.000792	1.881371	0.000792	0.999175	-0.709885	
500	0.999470	-0.000847	1.575569	0.000847	0.999470	-0.804693	
501	0.998200	-0.001690	3.718434	0.001690	0.998200	-1.441763	
502	0.999696	-0.000957	1.294960	0.000957	0.999696	-1.216698	
503	0.999706	-0.000868	1.189147	0.000868	0.999706	-1.025676	
504	0.999637	-0.000819	1.071638	0.000819	0.999637	-0.960399	
505	0.999621	-0.000816	1.021868	0.000816	0.999621	-0.799666	
506	0.999028	-0.001301	2.074766	0.001301	0.999028	-0.959254	
507	0.999889	-0.001004	0.642344	0.001004	0.999889	-0.671151	
508	0.999738	-0.000969	0.760454	0.000969	0.999738	-0.507590	
509	0.999429	-0.000729	1.018406	0.000729	0.999429	-0.172701	
510	0.999664	-0.000686	0.690410	0.000686	0.999664	-0.181620	
511	0.998250	-0.000886	2.438270	0.000886	0.998250	0.336935	
512	0.999724	-0.000367	0.311708	0.000367	0.999724	0.055367	
513	0.999768	-0.000239	0.280309	0.000239	0.999768	0.115838	
514	0.999439	-0.000278	0.603833	0.000278	0.999439	0.187041	
515	0.999460	-0.000298	0.716378	0.000298	0.999460	0.155924	
516	0.998310	-0.000524	2.032521	0.000524	0.998310	0.759099	
517	0.999415	-0.000140	0.705187	0.000140	0.999415	0.436002	
518	0.999297	-0.000078	0.864938	0.000078	0.999297	0.548380	
519	0.999336	-0.000270	0.962755	0.000270	0.999336	0.337397	
520	0.999383	-0.000380	1.021128	0.000380	0.999383	0.194486	
521	0.998500	-0.000749	2.279429	0.000749	0.998500	0.294262	
522	0.999418	-0.000399	1.130952	0.000399	0.999418	0.074581	
523	0.999292	-0.000444	1.242260	0.000444	0.999292	0.045974	
524	0.999195	-0.000463	1.364098	0.000463	0.999195	0.039429	
525	0.999264	-0.000402	1.259001	0.000402	0.999264	0.090826	
526	0.998246	-0.000720	2.665506	0.000720	0.998246	0.226045	
527	0.999313	-0.000317	1.205393	0.000317	0.999313	0.111697	
528	0.999039	-0.000212	1.361106	0.000212	0.999039	0.266812	
529	0.999186	-0.000227	1.330766	0.000227	0.999186	0.052240	
530	0.999077	-0.000432	1.586518	0.000432	0.999077	0.124134	
531	0.998161	-0.001021	3.076391	0.001021	0.998161	0.203438	
532	0.998985	-0.000245	1.644212	0.000245	0.998985	0.394954	
533	0.999007	-0.000189	1.544930	0.000189	0.999007	0.486422	
534	0.999041	-0.000060	1.396862	0.000060	0.999041	0.563972	
535	0.998995	0.000108	1.312974	-0.000108	0.998995	0.669809	
536	0.998404	-0.000005	2.126403	0.000005	0.998404	1.065670	
537	0.999274	0.000193	1.034751	-0.000193	0.999274	0.519491	
538	0.999418	0.000243	0.833637	-0.000243	0.999418	0.473419	
539	0.999458	0.000284	0.716605	-0.000284	0.999458	0.422347	
540	0.999525	0.000219	0.665291	-0.000219	0.999525	0.373335	
541	0.999570	-0.000122	0.769363	0.000122	0.999570	0.352305	
542	0.999497	0.000131	0.644552	-0.000131	0.999497	0.393035	
543	0.999401	0.000319	0.622524	-0.000319	0.999401	0.579388	
544	0.999443	0.000328	0.541137	-0.000328	0.999443	0.571663	
545	0.999515	0.000284	0.431221	-0.000284	0.999515	0.546788	
546	0.999451	0.000272	0.376158	-0.000272	0.999451	0.762336	
547	0.999672	0.000414	0.249564	-0.000414	0.999672	0.308423	
548	0.999643	0.000354	0.240012	-0.000354	0.999643	0.293911	
549	0.999649	0.000261	0.278261	-0.000261	0.999649	0.243866	
550	0.999747	0.000237	0.219432	-0.000237	0.999747	0.166444	
551	0.999942	0.000077	0.108357	-0.000077	0.999942	0.025605	
552	0.999726	0.000186	0.298024	-0.000186	0.999726	0.126722	
553	0.999730	0.000220	0.325703	-0.000220	0.999730	0.121755	
554	0.999762	0.000230	0.321482	-0.000230	0.999762	0.100164	
555	0.999790	0.000237	0.263031	-0.000237	0.999790	0.077891	
556	0.999973	0.000187	-0.010134	-0.000187	0.999973	0.085500	
557	0.999750	0.000348	0.221001	-0.000348	0.999750	0.222178	
558	0.999822	0.000266	0.179819	-0.000266	0.999822	0.178662	
559	0.999821	0.000219	0.166894	-0.000219	0.999821	0.178902	
560	0.999829	0.000202	0.177120	-0.000202	0.999829	0.147796	
561	0.999960	0.000116	-0.052105	-0.000116	0.999960	-0.103112	
562	0.999891	0.000215	0.115435	-0.000215	0.999891	0.037352	
563	0.999878	0.000185	0.116578	-0.000185	0.999878	0.038560	
564	0.999875	0.000140	0.082805	-0.000140	0.999875	0.038062	
565	0.999875	0.000091	0.052801	-0.000091	0.999875	0.061012	
566	0.999840	-0.000094	0.235637	0.000094	0.999840	-0.057090	
567	0.999947	-0.000021	0.050799	0.000021	0.999947	-0.028446	
568	0.999998	0.000037	-0.000091	-0.000037	0.999998	-0.001088	
569	0.999997	0.000058	-0.017877	-0.000058	0.999997	-0.006443	
570	0.999961	0.000083	-0.047927	-0.000083	0.999961	-0.016561	
571	0.999936	0.000175	-0.089554	-0.000175	0.999936	0.044055	
572	0.999912	0.000111	-0.101496	-0.000111	0.999912	-0.013694	
573	0.999928	0.000084	-0.102587	-0.000084	0.999928	-0.005689	
574	0.999932	0.000076	-0.153558	-0.000076	0.999932	-0.028079	
575	0.999980	0.000117	-0.179702	-0.000117	0.999980	-0.030255	
576	1.000053	0.000050	-0.116722	-0.000050	1.000053	-0.096872	
577	1.000119	0.000210	-0.228761	-0.000210	1.000119	0.003343	
578	1.000116	0.000197	-0.230871	-0.000197	1.000116	0.023284	
579	1.000127	0.000197	-0.245531	-0.000197	1.000127	0.053135	
580	1.000113	0.000139	-0.209330	-0.000139	1.000113	0.031069	
581	1.000037	0.000139	-0.278507	-0.000139	1.000037	0.013525	
582	1.000066	0.000091	-0.107015	-0.000091	1.000066	-0.029828	
583	1.000087	0.000086	-0.067847	-0.000086	1.000087	-0.031026	
584	1.000157	0.000046	-0.194323	-0.000046	1.000157	-0.060289	
585	1.000180	0.000051	-0.210235	-0.000051	1.000180	-0.063074	
586	1.000014	-0.000082	-0.224228	0.000082	1.000014	0.121925	
587	1.000145	0.000049	-0.204760	-0.000049	1.000145	0.022017	
588	1.000067	0.000037	-0.168010	-0.000037	1.000067	0.029816	
589	1.000069	-0.000002	-0.129459	0.000002	1.000069	-0.022547	
590	1.000145	-0.000024	-0.099192	0.000024	1.000145	-0.139028	
591	1.000099	-0.000075	-0.176323	0.000075	1.000099	-0.148532	
592	1.000127	0.000005	-0.192221	-0.000005	1.000127	-0.063052	
593	1.000116	0.000112	-0.179840	-0.000112	1.000116	0.060083	
594	1.000196	0.000138	-0.289284	-0.000138	1.000196	0.083571	
595	1.000237	0.000194	-0.267444	-0.000194	1.000237	0.075181	
596	1.000048	-0.000012	-0.119006	0.000012	1.000048	0.121040	
597	1.000274	0.000035	-0.258257	-0.000035	1.000274	-0.056779	
598	1.000219	-0.000002	-0.192218	0.000002	1.000219	-0.115109	
599	1.000244	0.000017	-0.133520	-0.000017	1.000244	-0.147750	
600	1.000239	-0.000050	-0.145702	0.000050	1.000239	-0.159159	
601	1.000203	-0.000040	-0.124320	0.000040	1.000203	-0.132071	
602	1.000040	-0.000127	-0.163227	0.000127	1.000040	-0.001065	
603	1.000164	0.000101	-0.201606	-0.000101	1.000164	0.050318	
604	1.000210	0.000237	-0.255580	-0.000237	1.000210	0.089790	
605	1.000279	0.000316	-0.278133	-0.000316	1.000279	0.050636	
606	1.000338	0.000401	-0.339158	-0.000401	1.000338	0.074139	
607	1.000019	0.000250	-0.151075	-0.000250	1.000019	0.184341	
608	1.000200	0.000361	-0.290582	-0.000361	1.000200	0.262331	
609	1.000038	0.000240	-0.165591	-0.000240	1.000038	0.209998	
610	0.999933	0.000152	-0.029520	-0.000152	0.999933	0.172666	
611	0.999913	0.000140	0.019856	-0.000140	0.999913	0.148478	
612	0.999869	0.000090	-0.026032	-0.000090	0.999869	0.271269	
613	1.000109	0.000231	-0.198452	-0.000231	1.000109	0.237165	
614	1.000046	0.000200	-0.165310	-0.000200	1.000046	0.238877	
615	1.000031	0.000217	-0.108699	-0.000217	1.000031	0.261848	
616	0.999901	0.000173	-0.041254	-0.000173	0.999901	0.324861	
617	0.999718	0.000151	0.034942	-0.000151	0.999718	0.581894	
618	0.999956	0.000307	-0.134391	-0.000307	0.999956	0.270769	
619	0.999991	0.000310	-0.142921	-0.000310	0.999991	0.145080	
620	1.000099	0.000341	-0.183875	-0.000341	1.000099	0.018843	
621	1.000118	0.000207	-0.171799	-0.000207	1.000118	-0.090260	
622	0.999994	0.000026	-0.025545	-0.000026	0.999994	-0.129877	
623	1.000282	0.000016	-0.156876	-0.000016	1.000282	-0.233646	
624	1.000272	0.000000	-0.142258	-0.000000	1.000272	-0.195378	
625	1.000166	0.000017	-0.066046	-0.000017	1.000166	-0.112772	
626	1.000150	-0.000011	-0.070731	0.000011	1.000150	-0.103884	
627	0.999885	0.000033	-0.029347	-0.000033	0.999885	0.081409	
628	1.000117	0.000173	-0.136896	-0.000173	1.000117	0.128255	
629	1.000105	0.000203	-0.111183	-0.000203	1.000105	0.199524	
630	1.000026	0.000203	-0.033455	-0.000203	1.000026	0.291566	
631	1.000081	0.000214	0.027627	-0.000214	1.000081	0.247394	
632	0.999755	0.000390	0.135820	-0.000390	0.999755	0.783447	
633	1.000097	0.000210	0.048805	-0.000210	1.000097	0.209871	
634	1.000022	0.000240	0.043303	-0.000240	1.000022	0.252174	
635	1.000035	0.000233	0.035648	-0.000233	1.000035	0.234370	
636	0.999996	0.000189	0.069056	-0.000189	0.999996	0.196560	
637	0.999976	0.000361	-0.098082	-0.000361	0.999976	0.596409	
638	0.999956	0.000292	0.016379	-0.000292	0.999956	0.304381	
639	0.999909	0.000316	0.051567	-0.000316	0.999909	0.311189	
640	0.999891	0.000330	-0.010511	-0.000330	0.999891	0.396844	
641	0.999922	0.000380	-0.121219	-0.000380	0.999922	0.442202	
642	0.999839	0.000589	-0.496047	-0.000589	0.999839	0.936989	
643	0.999849	0.000386	-0.173105	-0.000386	0.999849	0.488038	
644	0.999853	0.000338	-0.130534	-0.000338	0.999853	0.449581	
645	0.999891	0.000356	-0.203244	-0.000356	0.999891	0.436657	
646	0.999862	0.000310	-0.136676	-0.000310	0.999862	0.422314	
647	0.999980	0.000563	-0.649339	-0.000563	0.999980	0.743365	
648	0.999763	-0.000005	0.057136	0.000005	0.999763	0.264635	
649	0.999782	0.000053	0.031814	-0.000053	0.999782	0.308604	
650	0.999904	0.000189	-0.121325	-0.000189	0.999904	0.403580	
651	0.999822	0.000200	-0.049884	-0.000200	0.999822	0.516618	
652	0.999816	0.000324	-0.246878	-0.000324	0.999816	0.870772	
653	0.999839	0.000121	0.003875	-0.000121	0.999839	0.373953	
654	0.999820	0.000204	-0.013441	-0.000204	0.999820	0.432573	
655	0.999708	0.000218	0.038855	-0.000218	0.999708	0.540734	
656	0.999666	0.000163	0.121202	-0.000163	0.999666	0.565306	
657	0.999648	0.000298	0.109578	-0.000298	0.999648	0.943941	
658	0.999631	0.000037	0.207175	-0.000037	0.999631	0.529473	
659	0.999571	-0.000018	0.213276	0.000018	0.999571	0.499335	
660	0.999591	0.000020	0.157471	-0.000020	0.999591	0.506785	
661	0.999683	0.000091	-0.012618	-0.000091	0.999683	0.469981	
662	0.999600	0.000297	-0.152194	-0.000297	0.999600	0.915136	
663	0.999749	0.000073	0.002529	-0.000073	0.999749	0.303945	
664	0.999775	0.000088	-0.039576	-0.000088	0.999775	0.320940	
665	0.999727	0.000128	-0.026701	-0.000128	0.999727	0.402975	
666	0.999787	0.000138	-0.083875	-0.000138	0.999787	0.429404	
667	0.999758	0.000299	-0.118933	-0.000299	0.999758	0.658262	
668	0.999808	0.000083	-0.018703	-0.000083	0.999808	0.324141	
669	0.999807	-0.000003	-0.075804	0.000003	0.999807	0.217725	
670	0.999828	0.000033	-0.072798	-0.000033	0.999828	0.208366	
671	0.999875	0.000108	-0.074707	-0.000108	0.999875	0.270290	
672	0.999939	0.000097	-0.023949	-0.000097	0.999939	0.234607	
673	0.999907	0.000034	-0.055160	-0.000034	0.999907	0.144937	
674	0.999893	0.000012	0.006978	-0.000012	0.999893	0.147641	
675	0.999863	0.000003	0.118583	-0.000003	0.999863	0.110475	
676	0.999857	0.000078	0.138919	-0.000078	0.999857	0.165924	
677	0.999915	0.000138	0.097930	-0.000138	0.999915	0.243639	
678	0.999868	0.000070	0.023725	-0.000070	0.999868	0.127749	
679	0.999836	0.000099	0.064760	-0.000099	0.999836	0.140236	
680	0.999857	0.000066	0.087251	-0.000066	0.999857	0.062959	
681	0.999874	0.000005	0.041427	-0.000005	0.999874	0.029357	
682	0.999856	-0.000119	0.180624	0.000119	0.999856	-0.107927	
683	0.999828	-0.000052	0.072246	0.000052	0.999828	0.209661	
684	0.999843	-0.000082	0.147322	0.000082	0.999843	0.134551	
685	0.999870	-0.000103	0.003431	0.000103	0.999870	0.144182	
686	0.999911	-0.000050	0.014068	0.000050	0.999911	0.089040	
687	0.999941	-0.000006	-0.045824	0.000006	0.999941	0.048958	
688	0.999907	-0.000048	0.013644	0.000048	0.999907	0.030412	
689	0.999925	-0.000129	-0.086949	0.000129	0.999925	-0.048354	
690	0.999908	-0.000098	-0.014904	0.000098	0.999908	-0.038191	
691	0.999957	-0.000120	-0.103174	0.000120	0.999957	-0.043979	
692	0.999986	0.000011	-0.084533	-0.000011	0.999986	-0.075174	
693	1.000081	-0.000019	-0.149894	0.000019	1.000081	-0.041543	
694	1.000060	0.000049	-0.109736	-0.000049	1.000060	0.020216	
695	1.000005	0.000037	-0.009271	-0.000037	1.000005	0.042486	
696	1.000012	-0.000032	-0.080483	0.000032	1.000012	-0.010638	
697	0.999899	0.000043	0.012717	-0.000043	0.999899	0.062618	
698	0.999959	-0.000002	-0.001950	0.000002	0.999959	0.059676	
699	0.999936	-0.000030	0.053227	0.000030	0.999936	0.009511	
700	0.999920	-0.000104	0.018804	0.000104	0.999920	-0.027927	
701	0.999979	-0.000105	-0.012302	0.000105	0.999979	-0.097400	
702	0.999850	-0.000127	0.033407	0.000127	0.999850	-0.078003	
703	0.999974	-0.000175	-0.012623	0.000175	0.999974	-0.104381	
704	0.999935	-0.000190	-0.023648	0.000190	0.999935	-0.005182	
705	0.999915	-0.000235	-0.012620	0.000235	0.999915	0.007212	
706	0.999905	-0.000228	-0.020577	0.000228	0.999905	0.081006	
707	0.999676	-0.000058	0.101797	0.000058	0.999676	0.299254	
708	0.999946	0.000006	-0.101872	-0.000006	0.999946	0.250768	
709	1.000002	0.000040	-0.151350	-0.000040	1.000002	0.327544	
710	1.000084	0.000004	-0.229107	-0.000004	1.000084	0.298393	
711	1.000105	0.000021	-0.330226	-0.000021	1.000105	0.355560	
712	0.999845	0.000386	-0.244422	-0.000386	0.999845	0.743526	
713	1.000038	0.000050	-0.292837	-0.000050	1.000038	0.285902	
714	1.000133	-0.000002	-0.380464	0.000002	1.000133	0.058868	
715	1.000215	-0.000054	-0.473486	0.000054	1.000215	-0.094135	
716	1.000280	-0.000107	-0.478031	0.000107	1.000280	-0.244110	
717	1.000877	-0.000052	-0.881763	0.000052	1.000877	-0.355399	
718	1.000398	-0.000069	-0.543835	0.000069	1.000398	-0.109491	
719	1.000510	-0.000053	-0.588617	0.000053	1.000510	-0.130086	
720	1.000717	-0.000074	-0.742805	0.000074	1.000717	-0.220184	
721	1.000766	-0.000058	-0.747407	0.000058	1.000766	-0.240587	
722	1.001653	-0.000242	-1.181461	0.000242	1.001653	-1.012606	
723	1.001171	-0.000114	-1.086785	0.000114	1.001171	-0.541321	
724	1.001096	-0.000151	-1.079028	0.000151	1.001096	-0.612747	
725	1.001044	-0.000182	-1.003110	0.000182	1.001044	-0.713801	
726	1.000874	-0.000231	-0.917029	0.000231	1.000874	-0.588185	
727	1.001928	-0.000147	-1.429644	0.000147	1.001928	-1.064647	
728	1.000756	-0.000050	-0.716067	0.000050	1.000756	-0.320106	
729	1.000873	-0.000114	-0.953587	0.000114	1.000873	-0.394458	
730	1.000961	-0.000089	-0.862541	0.000089	1.000961	-0.473025	
731	1.001105	-0.000218	-0.859276	0.000218	1.001105	-0.730287	
732	1.001975	-0.000333	-0.975070	0.000333	1.001975	-1.281520	
733	1.001041	-0.000367	-0.754264	0.000367	1.001041	-0.879487	
734	1.001263	-0.000345	-0.948774	0.000345	1.001263	-0.921209	
735	1.001118	-0.000236	-0.879497	0.000236	1.001118	-0.684961	
736	1.001180	-0.000217	-0.957044	0.000217	1.001180	-0.601426	
737	1.001921	-0.000292	-1.139798	0.000292	1.001921	-1.133641	
738	1.001190	-0.000241	-0.949949	0.000241	1.001190	-0.557984	
739	1.001042	-0.000246	-0.751551	0.000246	1.001042	-0.545838	
740	1.001282	-0.000220	-0.909898	0.000220	1.001282	-0.627588	
741	1.001296	-0.000167	-0.831239	0.000167	1.001296	-0.601014	
742	1.001966	-0.000287	-0.898943	0.000287	1.001966	-0.847051	
743	1.000860	-0.000178	-0.480741	0.000178	1.000860	-0.388300	
744	1.000828	-0.000081	-0.370319	0.000081	1.000828	-0.255915	
745	1.000757	-0.000030	-0.395952	0.000030	1.000757	-0.162744	
746	1.000475	0.000066	-0.132939	-0.000066	1.000475	0.195890	
747	1.001162	0.000134	-0.164940	-0.000134	1.001162	0.693218	
748	1.000703	0.000183	-0.173616	-0.000183	1.000703	0.700684	
749	1.000576	0.000168	-0.107897	-0.000168	1.000576	0.887013	
750	1.000705	0.000050	0.061778	-0.000050	1.000705	0.785925	
751	1.000515	0.000023	0.289743	-0.000023	1.000515	0.895489	
752	1.000196	0.000079	0.933387	-0.000079	1.000196	1.778876	
753	1.000865	-0.000336	0.304278	0.000336	1.000865	0.245304	
754	1.000980	-0.000145	0.327107	0.000145	1.000980	0.210116	
755	1.000992	-0.000325	0.299141	0.000325	1.000992	-0.064462	
756	1.000890	-0.000365	0.424176	0.000365	1.000890	0.013464	
757	1.002802	-0.000631	0.659681	0.000631	1.002802	0.117540	
758	1.000472	-0.000192	0.702380	0.000192	1.000472	0.598748	
759	1.000414	0.000040	0.759130	-0.000040	1.000414	0.874752	
760	1.000844	-0.000635	0.889468	0.000635	1.000844	0.457960	
761	1.000417	-0.000155	0.948092	0.000155	1.000417	0.906178	
762	0.998656	0.000562	1.868290	-0.000562	0.998656	2.701048	
763	1.000419	-0.000189	0.833863	0.000189	1.000419	0.807252	
764	1.000446	-0.000145	0.464457	0.000145	1.000446	0.915021	
765	1.000489	-0.000068	0.702501	0.000068	1.000489	0.956207	
766	1.000593	-0.000040	0.518173	0.000040	1.000593	0.995836	
767	1.000545	-0.000042	0.582308	0.000042	1.000545	0.973810	
768	0.999071	0.000400	1.491908	-0.000400	0.999071	2.575822	
769	1.000614	-0.000189	0.543801	0.000189	1.000614	0.828121	
770	1.000332	-0.000029	0.625159	0.000029	1.000332	1.048259	
771	1.000840	-0.000062	0.381788	0.000062	1.000840	0.962195	
772	1.000424	0.000017	0.628569	-0.000017	1.000424	1.040458	
773	1.001372	-0.000269	0.584352	0.000269	1.001372	1.344416	
774	1.000844	-0.000037	0.160252	0.000037	1.000844	0.528716	
775	1.001055	-0.000021	-0.125777	0.000021	1.001055	0.173248	
776	1.001116	-0.000015	-0.313318	0.000015	1.001116	0.007925	
777	1.001468	-0.000065	-0.696475	0.000065	1.001468	-0.329592	
778	1.003090	-0.000225	-1.332862	0.000225	1.003090	-1.282204	
779	1.001823	-0.000232	-0.997403	0.000232	1.001823	-0.953615	
780	1.001894	-0.000196	-1.054623	0.000196	1.001894	-1.052931	
781	1.001835	-0.000299	-0.955382	0.000299	1.001835	-1.007678	
782	1.001919	-0.000237	-0.949636	0.000237	1.001919	-0.908760	
783	1.003608	-0.000222	-1.637536	0.000222	1.003608	-1.352540	
784	1.001935	0.000156	-0.958545	-0.000156	1.001935	-0.520693	
785	1.001947	0.000132	-0.877300	-0.000132	1.001947	-0.722518	
786	1.001845	0.000047	-0.746546	-0.000047	1.001845	-0.741010	
787	1.001987	0.000254	-0.856682	-0.000254	1.001987	-0.483526	
788	1.002691	0.000106	-1.671075	-0.000106	1.002691	-0.994530	
789	1.001968	0.000166	-0.932294	-0.000166	1.001968	-0.604287	
790	1.002087	0.000234	-0.974536	-0.000234	1.002087	-0.638237	
791	1.001841	0.000184	-0.694685	-0.000184	1.001841	-0.540125	
792	1.001896	0.000179	-0.625139	-0.000179	1.001896	-0.601680	
793	1.003238	-0.000554	-0.881796	0.000554	1.003238	-1.717102	
794	1.001616	-0.000287	-0.246714	0.000287	1.001616	-0.985573	
795	1.001700	-0.000292	-0.240210	0.000292	1.001700	-1.017402	
796	1.001840	-0.000195	-0.470195	0.000195	1.001840	-0.969139	
797	1.001803	-0.000149	-0.491614	0.000149	1.001803	-0.848757	
798	1.002973	-0.000708	-0.998176	0.000708	1.002973	-2.109483	
799	1.001604	-0.000154	-0.833368	0.000154	1.001604	-0.976065	
800	1.001342	-0.000165	-0.655786	0.000165	1.001342	-0.906241	
801	1.002025	-0.000154	-1.192936	0.000154	1.002025	-1.273533	
802	1.001504	-0.000080	-0.846373	0.000080	1.001504	-0.942586	
803	1.003087	-0.000331	-1.865677	0.000331	1.003087	-2.063491	
804	1.001622	-0.000068	-1.004268	0.000068	1.001622	-1.033046	
805	1.001663	-0.000132	-1.045618	0.000132	1.001663	-1.202401	
806	1.001889	-0.000078	-1.255392	0.000078	1.001889	-1.313991	
807	1.001904	-0.000107	-1.314198	0.000107	1.001904	-1.387280	
808	1.003668	-0.000174	-2.703763	0.000174	1.003668	-2.981278	
809	1.001452	0.000035	-1.204040	-0.000035	1.001452	-1.075220	
810	1.000954	0.000114	-0.934281	-0.000114	1.000954	-0.613620	
811	1.000794	0.000085	-0.800966	-0.000085	1.000794	-0.647580	
812	1.000626	0.000293	-0.867438	-0.000293	1.000626	-0.378570	
813	1.001260	0.000685	-2.190105	-0.000685	1.001260	-0.670886	
814	1.000712	0.000431	-1.280005	-0.000431	1.000712	-0.347140	
815	1.000904	0.000399	-1.538618	-0.000399	1.000904	-0.603287	
816	1.000991	0.000409	-1.668044	-0.000409	1.000991	-0.621956	
817	1.001101	0.000420	-1.892960	-0.000420	1.001101	-0.746167	
818	1.002401	0.000896	-4.264271	-0.000896	1.002401	-1.634313	
819	1.001463	0.000516	-2.488756	-0.000516	1.001463	-0.925967	
820	1.001424	0.000688	-2.640159	-0.000688	1.001424	-0.803342	
821	1.001504	0.000736	-2.855787	-0.000736	1.001504	-0.847890	
822	1.001522	0.000926	-2.965180	-0.000926	1.001522	-0.749936	
823	1.002819	0.003276	-7.055262	-0.003276	1.002819	-1.406862	
824	1.002209	0.001158	-4.209379	-0.001158	1.002209	-1.161779	
825	1.002193	0.001400	-4.760070	-0.001400	1.002193	-1.001664	
826	1.002507	0.001533	-5.364339	-0.001533	1.002507	-1.144118	
827	1.002916	0.001842	-6.085609	-0.001842	1.002916	-1.182388	
828	0.998468	0.000706	-12.289705	-0.000706	0.998468	-4.570920	
829	1.005616	0.004103	-8.384489	-0.004103	1.005616	-2.006235	
830	0.998570	0.000593	-7.392912	-0.000593	0.998570	-2.350007	
831	1.008049	0.004482	-10.046092	-0.004482	1.008049	-3.152617	
832	0.998173	0.000638	-8.511706	-0.000638	0.998173	-2.502515	
833	0.995638	0.000975	-19.366718	-0.000975	0.995638	-5.670418	
834	0.997660	0.000829	-10.732039	-0.000829	0.997660	-2.681746	
835	0.996781	0.001067	-11.066038	-0.001067	0.996781	-2.140247	
836	0.997998	0.000491	-12.395068	-0.000491	0.997998	-2.526392	
837	0.997133	0.000905	-12.979511	-0.000905	0.997133	-2.184526	
838	0.996611	0.001120	-30.074294	-0.001120	0.996611	-3.771845	
839	0.997298	0.001644	-15.654205	-0.001644	0.997298	-1.002026	
840	0.996584	0.002387	-15.970322	-0.002387	0.996584	-0.333259	
841	0.998271	0.000914	-17.968522	-0.000914	0.998271	-1.400189	
842	0.998258	0.001477	-19.173967	-0.001477	0.998258	-1.017676	
843	0.994572	0.001552	-40.037696	-0.001552	0.994572	-2.779342	
844	0.996978	0.001284	-21.363761	-0.001284	0.996978	-0.766660	
845	0.997205	0.001249	-22.202631	-0.001249	0.997205	-0.730921	
846	0.997670	0.000685	-23.005685	-0.000685	0.997670	-1.098947	
847	0.997577	0.000892	-23.647537	-0.000892	0.997577	-0.862769	
848	1.000884	0.000087	-1.127403	-0.000087	1.000884	-0.536381	
849	1.002601	0.000955	-3.640305	-0.000955	1.002601	-1.024394	
850	0.996441	0.001535	-24.493156	-0.001535	0.996441	-0.051981	
851	0.996004	0.001399	-24.218484	-0.001399	0.996004	0.202886	
852	0.996350	0.001598	-24.648608	-0.001598	0.996350	0.196989	
853	1.000029	-0.000135	0.116776	0.000135	1.000029	-0.250547	
854	0.996587	0.001708	-24.274968	-0.001708	0.996587	0.209177	
855	0.996840	0.001862	-24.368514	-0.001862	0.996840	0.501772	
856	0.997047	0.001927	-24.754259	-0.001927	0.997047	0.526527	
857	0.995074	0.001485	-22.544290	-0.001485	0.995074	0.668896	
858	1.000507	0.000105	-0.709924	-0.000105	1.000507	-0.196240	
859	0.997144	0.002006	-24.294932	-0.002006	0.997144	0.748769	
860	0.996488	0.002112	-23.327380	-0.002112	0.996488	1.009650	
861	0.998537	0.002724	-2.086981	-0.002724	0.998537	2.592226	
862	0.996139	0.001806	-22.170783	-0.001806	0.996139	0.830153	
863	0.989703	0.004136	-41.145657	-0.004136	0.989703	3.010371	
864	0.996287	0.002361	-20.925067	-0.002361	0.996287	1.519619	
865	0.996111	0.002237	-20.315093	-0.002237	0.996111	1.599892	
866	0.996399	0.001738	-20.165951	-0.001738	0.996399	1.128702	
867	0.996212	0.001903	-19.523406	-0.001903	0.996212	1.444988	
868	0.992990	0.003707	-38.673921	-0.003707	0.992990	2.612612	
869	0.996145	0.001829	-18.333620	-0.001829	0.996145	1.444513	
870	0.998234	0.002327	-1.282813	-0.002327	0.998234	2.352940	
871	0.997053	0.001501	-18.106309	-0.001501	0.997053	1.022952	
872	0.997447	0.001456	-17.647829	-0.001456	0.997447	0.981016	
873	0.994010	0.003558	-34.958127	-0.003558	0.994010	2.746436	
874	0.997921	0.001774	-17.468086	-0.001774	0.997921	1.370258	
875	0.997544	0.002010	-16.873610	-0.002010	0.997544	2.001263	
876	0.997720	0.001928	-16.729728	-0.001928	0.997720	1.966421	
877	0.998701	0.001800	-16.844791	-0.001800	0.998701	1.776049	
878	0.995488	0.003531	-31.960144	-0.003531	0.995488	4.368026	
879	1.005501	0.003445	-18.846147	-0.003445	1.005501	1.308243	
880	1.000517	0.001951	-16.706812	-0.001951	1.000517	1.684846	
881	1.001542	0.002114	-16.844173	-0.002114	1.001542	1.551954	
882	0.999262	0.001815	-15.985296	-0.001815	0.999262	1.916945	
883	0.996268	0.003285	-30.724304	-0.003285	0.996268	4.364165	
884	0.998669	0.002036	-15.142129	-0.002036	0.998669	2.531854	
885	1.001195	0.003734	-15.982925	-0.003734	1.001195	2.430228	
886	1.006763	0.005520	-17.718727	-0.005520	1.006763	1.754740	
887	1.007043	0.007089	-17.970889	-0.007089	1.007043	2.653342	
888	0.996552	0.003878	-27.512593	-0.003878	0.996552	4.046007	
889	1.007583	0.005025	-16.378969	-0.005025	1.007583	1.104720	
890	1.007620	0.005569	-16.305440	-0.005569	1.007620	1.912554	
891	1.005010	0.001911	-14.431148	-0.001911	1.005010	0.725217	
892	1.008744	0.007794	-15.645982	-0.007794	1.008744	1.799630	
893	0.997013	0.002992	-23.291337	-0.002992	0.997013	4.367858	
894	1.007412	0.008192	-13.863283	-0.008192	1.007412	1.947469	
895	1.000432	0.001997	-11.398803	-0.001997	1.000432	1.795046	
896	1.007264	0.007210	-13.144167	-0.007210	1.007264	1.539318	
897	1.008449	0.002711	-11.764086	-0.002711	1.008449	-0.755482	
898	0.996990	0.002351	-19.867115	-0.002351	0.996990	3.702485	
899	1.006798	0.000478	-11.225669	-0.000478	1.006798	-0.345583	
900	1.006603	0.006431	-11.989561	-0.006431	1.006603	1.089673	
901	1.005509	0.005845	-11.670227	-0.005845	1.005509	1.756114	
902	1.001899	0.005725	-9.082250	-0.005725	1.001899	2.554700	
903	0.996389	0.001925	-18.026674	-0.001925	0.996389	4.023419	
904	1.006015	0.003707	-10.003882	-0.003707	1.006015	0.212859	
905	1.004695	0.007080	-10.133172	-0.007080	1.004695	1.385131	
906	1.005923	0.005064	-10.866775	-0.005064	1.005923	0.751604	
907	1.007476	0.002884	-10.457493	-0.002884	1.007476	-0.362111	
908	1.000120	0.002217	-19.096822	-0.002217	1.000120	2.482789	
909	1.004145	0.003971	-10.433365	-0.003971	1.004145	1.380644	
910	1.003507	0.003255	-10.034528	-0.003255	1.003507	1.044253	
911	1.006230	0.003117	-9.845697	-0.003117	1.006230	-0.065688	
912	1.004978	0.004954	-10.162090	-0.004954	1.004978	1.315440	
913	1.001408	0.001493	-17.497263	-0.001493	1.001408	1.305326	
914	1.001557	0.001127	-8.239602	-0.001127	1.001557	0.431678	
915	1.002895	0.004518	-7.677618	-0.004518	1.002895	1.284508	
916	1.004253	0.003703	-7.795963	-0.003703	1.004253	0.639993	
917	1.004006	0.004835	-7.736329	-0.004835	1.004006	0.787331	
918	1.001166	0.001565	-14.584551	-0.001565	1.001166	2.346219	
919	1.001435	0.002664	-5.819781	-0.002664	1.001435	1.519380	
920	1.001568	0.002260	-5.410768	-0.002260	1.001568	0.988084	
921	1.001608	0.002062	-5.184053	-0.002062	1.001608	0.865180	
922	1.001158	0.002033	-4.623689	-0.002033	1.001158	1.072399	
923	1.001288	0.001173	-10.051511	-0.001173	1.001288	1.254465	
924	1.000896	0.001769	-3.625757	-0.001769	1.000896	1.087275	
925	1.000782	0.001682	-3.502957	-0.001682	1.000782	1.164685	
926	1.000728	0.001633	-3.233515	-0.001633	1.000728	1.276227	
927	1.000529	0.001566	-2.837298	-0.001566	1.000529	1.459987	
928	1.000733	0.000715	-6.825719	-0.000715	1.000733	3.087154	
929	1.000239	0.001363	-2.454986	-0.001363	1.000239	1.803817	
930	1.000367	0.001327	-2.532769	-0.001327	1.000367	1.710462	
931	1.000185	0.001322	-2.440758	-0.001322	1.000185	1.774508	
932	1.000140	0.001259	-2.491702	-0.001259	1.000140	1.608014	
933	1.000048	0.001427	-2.646556	-0.001427	1.000048	1.553116	
934	1.002991	0.003714	-6.546459	-0.003714	1.002991	2.082095	
935	1.000649	0.001639	-2.891541	-0.001639	1.000649	1.073557	
936	1.000129	0.001297	-2.540372	-0.001297	1.000129	1.032008	
937	1.000250	0.001330	-2.730588	-0.001330	1.000250	0.993779	
938	1.000249	0.001308	-2.756055	-0.001308	1.000249	1.043356	
939	1.002641	0.004929	-6.825218	-0.004929	1.002641	1.695803	
940	1.000188	0.001051	-2.451706	-0.001051	1.000188	0.805642	
941	1.000167	0.001162	-2.452534	-0.001162	1.000167	0.841695	
942	1.000014	0.001206	-2.312666	-0.001206	1.000014	0.963110	
943	0.999259	0.001327	-2.035270	-0.001327	0.999259	1.395238	
944	1.000044	0.002268	-4.411292	-0.002268	1.000044	2.277758	
945	0.999866	0.001081	-2.088884	-0.001081	0.999866	1.051600	
946	0.999773	0.001049	-1.929051	-0.001049	0.999773	1.026648	
947	0.999983	0.001087	-2.222301	-0.001087	0.999983	0.990211	
948	1.000031	0.001012	-2.103993	-0.001012	1.000031	0.898194	
949	1.002782	0.001808	-6.733911	-0.001808	1.002782	1.329251	
950	1.000311	0.001058	-2.501712	-0.001058	1.000311	1.065631	
951	1.000326	0.001000	-2.435265	-0.001000	1.000326	0.998328	
952	1.000527	0.001077	-2.688940	-0.001077	1.000527	1.005958	
953	1.000451	0.001058	-2.523965	-0.001058	1.000451	1.040672	
954	1.001489	0.002081	-5.287178	-0.002081	1.001489	1.645681	
955	1.000952	0.000916	-2.771766	-0.000916	1.000952	0.672490	
956	1.000863	0.000819	-2.566783	-0.000819	1.000863	0.630035	
957	1.000957	0.000808	-2.579599	-0.000808	1.000957	0.587646	
958	1.000953	0.000767	-2.502894	-0.000767	1.000953	0.631516	
959	0.999879	0.001087	-2.331310	-0.001087	0.999879	1.529057	
960	1.000965	0.000632	-2.223127	-0.000632	1.000965	0.441785	
961	1.000837	0.000565	-2.055157	-0.000565	1.000837	0.425200	
962	1.001013	0.000518	-2.098597	-0.000518	1.001013	0.227993	
963	1.000962	0.000544	-2.050377	-0.000544	1.000962	0.190346	
964	1.002299	0.001149	-4.040709	-0.001149	1.002299	0.216721	
965	1.001034	0.000481	-1.924161	-0.000481	1.001034	0.064254	
966	1.000902	0.000476	-1.770728	-0.000476	1.000902	0.158345	
967	1.001247	0.000463	-1.973907	-0.000463	1.001247	0.034574	
968	1.001009	0.000439	-1.864977	-0.000439	1.001009	0.140342	
969	1.002290	0.001048	-3.703206	-0.001048	1.002290	0.362249	
970	1.001040	0.000353	-1.828517	-0.000353	1.001040	0.145976	
971	1.000776	0.000388	-1.623479	-0.000388	1.000776	0.306029	
972	1.000859	0.000404	-1.725704	-0.000404	1.000859	0.270021	
973	1.000904	0.000381	-1.769321	-0.000381	1.000904	0.124179	
974	1.001992	0.001039	-3.336506	-0.001039	1.001992	0.090943	
975	1.000808	0.000404	-1.487791	-0.000404	1.000808	-0.000138	
976	1.001208	0.000291	-1.720186	-0.000291	1.001208	-0.425245	
977	1.001043	0.000306	-1.543708	-0.000306	1.001043	-0.344600	
978	1.000846	0.000259	-1.333391	-0.000259	1.000846	-0.275631	
979	1.001717	0.000581	-2.284857	-0.000581	1.001717	-0.365103	
980	1.000650	0.000179	-1.002025	-0.000179	1.000650	-0.136395	
981	1.000742	0.000190	-1.112578	-0.000190	1.000742	-0.170769	
982	1.000557	0.000238	-0.936425	-0.000238	1.000557	-0.064072	
983	1.000533	0.000298	-0.955111	-0.000298	1.000533	-0.073203	
984	1.001127	0.000592	-2.132367	-0.000592	1.001127	0.287208	
985	1.000379	0.000376	-0.994697	-0.000376	1.000379	0.239579	
986	1.000594	0.000429	-1.159404	-0.000429	1.000594	0.133333	
987	1.000435	0.000458	-1.101794	-0.000458	1.000435	0.215773	
988	1.000557	0.000501	-1.186499	-0.000501	1.000557	0.213940	
989	1.001335	0.000932	-2.775649	-0.000932	1.001335	0.934962	
990	1.000798	0.000406	-1.225371	-0.000406	1.000798	0.456416	
991	1.000771	0.000438	-1.152721	-0.000438	1.000771	0.617654	
992	1.000795	0.000353	-1.002814	-0.000353	1.000795	0.697072	
993	1.000840	0.000306	-0.926169	-0.000306	1.000840	0.724096	
994	1.001817	0.000518	-2.197035	-0.000518	1.001817	1.128397	
995	1.001208	0.000161	-0.930394	-0.000161	1.001208	0.316987	
996	1.000988	0.000217	-0.806077	-0.000217	1.000988	0.356535	
997	1.000878	0.000258	-0.736482	-0.000258	1.000878	0.389235	
998	1.001006	0.000362	-0.874647	-0.000362	1.001006	0.396705	
999	1.002279	0.000730	-2.485559	-0.000730	1.002279	0.629847	
1000	1.001067	0.000468	-0.944510	-0.000468	1.001067	0.203717	
1001	1.001150	0.000492	-1.083254	-0.000492	1.001150	0.094163	
1002	1.001175	0.000425	-1.018824	-0.000425	1.001175	-0.110517	
1003	1.000990	0.000378	-0.834633	-0.000378	1.000990	-0.396104	
1004	1.002259	0.000327	-2.160080	-0.000327	1.002259	-1.165740	
1005	1.000977	0.000273	-0.784601	-0.000273	1.000977	-0.585840	
1006	1.000986	0.000213	-0.673134	-0.000213	1.000986	-0.538259	
1007	1.001055	0.000075	-0.535097	-0.000075	1.001055	-0.691649	
1008	1.001206	0.000023	-0.655391	-0.000023	1.001206	-0.693183	
1009	1.002030	0.000001	-1.286311	-0.000001	1.002030	-1.238948	
1010	1.000999	0.000006	-0.529310	-0.000006	1.000999	-0.488317	
1011	1.000946	0.000064	-0.555052	-0.000064	1.000946	-0.406412	
1012	1.001020	0.000131	-0.704455	-0.000131	1.001020	-0.454102	
1013	1.000865	0.000120	-0.600597	-0.000120	1.000865	-0.343347	
1014	1.001897	0.000281	-1.463814	-0.000281	1.001897	-0.736315	
1015	1.000949	0.000236	-0.800440	-0.000236	1.000949	-0.348987	
1016	1.001056	0.000277	-0.921334	-0.000277	1.001056	-0.372482	
1017	1.001125	0.000287	-1.041687	-0.000287	1.001125	-0.307689	
1018	1.000862	0.000382	-1.011958	-0.000382	1.000862	-0.039048	
1019	1.001471	0.000634	-1.893333	-0.000634	1.001471	0.252509	
1020	1.000772	0.000426	-1.116172	-0.000426	1.000772	0.222810	
1021	1.000749	0.000446	-1.207278	-0.000446	1.000749	0.327124	
1022	1.000643	0.000474	-1.180494	-0.000474	1.000643	0.486838	
1023	1.000712	0.000462	-1.217623	-0.000462	1.000712	0.453598	
1024	1.001037	0.000760	-1.957182	-0.000760	1.001037	0.861999	
1025	1.000637	0.000501	-1.127300	-0.000501	1.000637	0.618147	
1026	1.000730	0.000429	-1.043140	-0.000429	1.000730	0.491487	
1027	1.000903	0.000212	-0.840703	-0.000212	1.000903	0.203185	
1028	1.001084	0.000023	-0.704609	-0.000023	1.001084	-0.141505	
1029	1.002622	-0.000353	-1.352344	0.000353	1.002622	-1.392258	
1030	1.001702	-0.000434	-0.492096	0.000434	1.001702	-1.238074	
1031	1.001513	-0.000588	-0.130001	0.000588	1.001513	-1.201474	
1032	1.001755	-0.000693	-0.173994	0.000693	1.001755	-1.379094	
1033	1.001581	-0.000810	0.031612	0.000810	1.001581	-1.282042	
1034	1.001865	-0.001666	0.688585	0.001666	1.001865	-1.837469	
1035	1.001353	-0.000971	0.371875	0.000971	1.001353	-1.146559	
1036	1.001650	-0.000772	0.025156	0.000772	1.001650	-1.122653	
1037	1.001466	-0.000747	0.044462	0.000747	1.001466	-1.024561	
1038	1.001605	-0.000731	-0.095682	0.000731	1.001605	-1.117108	
1039	1.002714	-0.001420	-0.097209	0.001420	1.002714	-2.202782	
1040	1.001604	-0.000618	-0.339923	0.000618	1.001604	-1.108998	
1041	1.001544	-0.000624	-0.279671	0.000624	1.001544	-1.105847	
1042	1.001480	-0.000529	-0.362949	0.000529	1.001480	-1.049445	
1043	1.001657	-0.000462	-0.645709	0.000462	1.001657	-1.182263	
1044	1.002936	-0.000650	-1.389399	0.000650	1.002936	-1.978221	
1045	1.001456	-0.000161	-0.912030	0.000161	1.001456	-0.844728	
1046	1.001378	-0.000023	-1.032005	0.000023	1.001378	-0.566082	
1047	1.001047	0.000056	-0.891324	-0.000056	1.001047	-0.264799	
1048	1.001158	0.000078	-0.973553	-0.000078	1.001158	-0.270810	
1049	1.002165	0.000367	-1.700640	-0.000367	1.002165	-0.377512	
1050	1.001036	0.000101	-0.929444	-0.000101	1.001036	-0.231140	
1051	1.000999	0.000002	-0.835196	-0.000002	1.000999	-0.300253	
1052	1.001102	-0.000026	-0.898171	0.000026	1.001102	-0.375630	
1053	1.000947	-0.000039	-0.787324	0.000039	1.000947	-0.274611	
1054	1.001784	0.000054	-1.388055	-0.000054	1.001784	-0.386174	
1055	1.000806	0.000016	-0.779617	-0.000016	1.000806	-0.151773	
1056	1.000647	0.000027	-0.627370	-0.000027	1.000647	-0.034688	
1057	1.000813	0.000025	-0.697284	-0.000025	1.000813	-0.084078	
1058	1.001030	0.000010	-0.807067	-0.000010	1.001030	-0.196903	
1059	1.000701	0.000313	-0.878271	-0.000313	1.000701	0.467107	
1060	1.000622	0.000058	-0.569990	-0.000058	1.000622	0.134489	
1061	1.000692	0.000069	-0.614038	-0.000069	1.000692	0.107662	
1062	1.000514	-0.000025	-0.452013	0.000025	1.000514	0.137666	
1063	1.000645	-0.000012	-0.508990	0.000012	1.000645	0.077994	
1064	1.001561	-0.000271	-0.896594	0.000271	1.001561	-0.195200	
1065	1.000531	-0.000158	-0.276418	0.000158	1.000531	0.113836	
1066	1.000508	-0.000219	-0.240349	0.000219	1.000508	0.092406	
1067	1.000490	-0.000291	-0.143468	0.000291	1.000490	0.119763	
1068	1.000400	-0.000277	-0.089261	0.000277	1.000400	0.202540	
1069	1.001089	-0.000798	0.074300	0.000798	1.001089	-0.164023	
1070	1.000606	-0.000413	-0.017100	0.000413	1.000606	-0.177917	
1071	1.000564	-0.000341	-0.013479	0.000341	1.000564	-0.164148	
1072	1.000877	-0.000365	-0.132057	0.000365	1.000877	-0.395435	
1073	1.001053	-0.000303	-0.405610	0.000303	1.001053	-0.394670	
1074	1.001624	-0.000793	-0.205874	0.000793	1.001624	-0.757917	
