0	1.000000	0.000000	0.000000	0.000000	1.000000	0.000000	
1	1.002021	-0.001153	8.774976	0.001153	1.002021	-1.194236	
2	1.008419	-0.005609	1.525076	0.005609	1.008419	-7.747359	
3	1.007856	-0.005562	1.403484	0.005562	1.007856	-7.660196	
4	1.001278	-0.000860	7.821728	0.000860	1.001278	-0.688393	
5	1.005206	-0.004868	2.983237	0.004868	1.005206	-5.864435	
6	1.001106	-0.000984	7.708822	0.000984	1.001106	-0.886266	
7	1.005089	-0.004830	2.894756	0.004830	1.005089	-5.737767	
8	1.005220	-0.003783	2.807309	0.003783	1.005220	-4.637912	
9	1.003494	-0.004717	4.001314	0.004717	1.003494	-4.937851	
10	1.002827	-0.002695	4.580947	0.002695	1.002827	-2.717237	
11	1.001691	-0.002206	5.683590	0.002206	1.001691	-1.872088	
12	1.001608	-0.002008	5.228722	0.002008	1.001608	-1.581042	
13	1.000277	-0.003106	5.692561	0.003106	1.000277	-2.117241	
14	1.000799	-0.002818	5.042912	0.002818	1.000799	-2.135595	
15	1.000505	-0.002494	4.625121	0.002494	1.000505	-1.855658	
16	1.000243	-0.002335	4.389867	0.002335	1.000243	-1.618666	
17	1.000255	-0.002181	3.819331	0.002181	1.000255	-1.489147	
18	1.000201	-0.002099	3.354613	0.002099	1.000201	-1.378123	
19	1.000209	-0.001891	3.129805	0.001891	1.000209	-1.176291	
20	1.000079	-0.001775	2.685325	0.001775	1.000079	-1.040447	
21	0.999995	-0.001340	1.800015	0.001340	0.999995	-0.721070	
22	1.000019	-0.000639	0.824700	0.000639	1.000019	-0.375643	
23	1.000016	-0.000301	0.187654	0.000301	1.000016	-0.232968	
24	1.000056	0.000072	-0.454902	-0.000072	1.000056	-0.000096	
25	0.999951	-0.000004	-0.421900	0.000004	0.999951	-0.062954	
26	0.999970	-0.000156	-0.048732	0.000156	0.999970	-0.162019	
27	0.999894	-0.000043	-0.179250	0.000043	0.999894	-0.110311	
28	0.999740	-0.000048	0.047027	0.000048	0.999740	0.000292	
29	0.999730	-0.000242	0.322421	0.000242	0.999730	-0.135125	
30	0.999764	0.000251	-0.149302	-0.000251	0.999764	0.157018	
31	1.000143	-0.000039	-0.244267	0.000039	1.000143	-0.132545	
32	1.000103	-0.000211	0.146044	0.000211	1.000103	-0.015096	
33	0.999917	-0.000269	0.339011	0.000269	0.999917	-0.166596	
34	0.999824	-0.000428	0.685571	0.000428	0.999824	-0.257594	
35	0.999575	-0.000457	0.956794	0.000457	0.999575	-0.243691	
36	0.999587	-0.000654	1.102066	0.000654	0.999587	-0.247536	
37	0.999379	-0.000718	1.354686	0.000718	0.999379	-0.041386	
38	0.999631	-0.000650	1.074227	0.000650	0.999631	-0.305738	
39	0.999444	-0.000548	1.350443	0.000548	0.999444	-0.245070	
40	0.999478	-0.000737	1.484388	0.000737	0.999478	-0.208083	
41	0.999222	-0.000930	1.903654	0.000930	0.999222	-0.154232	
42	0.999343	-0.000995	1.831534	0.000995	0.999343	-0.285169	
43	0.999492	-0.000838	1.586922	0.000838	0.999492	-0.383409	
44	0.999352	-0.000828	1.841284	0.000828	0.999352	-0.230137	
45	0.999350	-0.000941	1.947373	0.000941	0.999350	-0.225225	
46	0.999456	-0.001098	2.095680	0.001098	0.999456	-0.580377	
47	0.999488	-0.001171	2.096321	0.001171	0.999488	-0.895660	
48	0.999747	-0.001193	2.093344	0.001193	0.999747	-0.910336	
49	0.999563	-0.001331	2.444410	0.001331	0.999563	-0.796649	
50	0.999941	-0.001510	2.536197	0.001510	0.999941	-1.064848	
51	0.999457	-0.001542	3.169597	0.001542	0.999457	-1.050246	
52	0.999774	-0.001579	3.140971	0.001579	0.999774	-1.138105	
53	0.999416	-0.001759	3.949535	0.001759	0.999416	-1.016516	
54	0.999513	-0.002087	4.244316	0.002087	0.999513	-1.261703	
55	0.999662	-0.002239	4.443830	0.002239	0.999662	-1.442314	
56	0.999475	-0.002372	4.896295	0.002372	0.999475	-1.366783	
57	0.999428	-0.002536	5.007786	0.002536	0.999428	-1.408588	
58	0.999190	-0.002742	5.167883	0.002742	0.999190	-1.449432	
59	0.999044	-0.002605	5.568202	0.002605	0.999044	-1.296029	
60	0.999034	-0.002931	6.097542	0.002931	0.999034	-1.465615	
61	0.999471	-0.000474	6.633048	0.000474	0.999471	0.237080	
62	0.998624	-0.002191	7.221145	0.002191	0.998624	-0.739857	
63	1.000204	-0.001890	6.615535	0.001890	1.000204	-0.897806	
64	0.998562	-0.003390	7.538995	0.003390	0.998562	-1.738505	
65	0.999501	-0.000879	7.323156	0.000879	0.999501	-0.068740	
66	0.999426	-0.000741	7.515615	0.000741	0.999426	0.067910	
67	0.999251	-0.000591	7.481221	0.000591	0.999251	0.132274	
68	0.995175	-0.005212	9.175850	0.005212	0.995175	-1.068801	
69	0.999782	-0.002763	7.613037	0.002763	0.999782	-1.044022	
70	0.999698	-0.001540	7.623860	0.001540	0.999698	-0.471164	
71	0.999018	-0.003888	7.742640	0.003888	0.999018	-1.995419	
72	1.000223	-0.002180	7.277670	0.002180	1.000223	-1.057993	
73	0.999453	-0.000767	7.928014	0.000767	0.999453	-0.002886	
74	0.999465	-0.000604	8.091937	0.000604	0.999465	0.064046	
75	1.000179	-0.002158	6.966637	0.002158	1.000179	-0.994120	
76	0.998696	-0.004457	7.746981	0.004457	0.998696	-1.990725	
77	0.999268	-0.001049	8.313379	0.001049	0.999268	0.189048	
78	0.993508	-0.005568	10.199055	0.005568	0.993508	-0.720672	
79	0.999333	-0.000573	7.944212	0.000573	0.999333	0.422148	
80	0.998314	-0.004224	7.631716	0.004224	0.998314	-1.561698	
81	0.997667	-0.003432	7.632431	0.003432	0.997667	-0.854160	
82	0.998425	-0.003247	6.733735	0.003247	0.998425	-0.971915	
83	0.998483	-0.003065	6.282965	0.003065	0.998483	-0.769274	
84	0.998692	-0.003275	6.303048	0.003275	0.998692	-0.945579	
85	0.998746	-0.003174	6.419558	0.003174	0.998746	-0.963920	
86	0.999061	-0.003021	5.947467	0.003021	0.999061	-1.185818	
87	0.997185	-0.003763	6.355765	0.003763	0.997185	-0.718959	
88	0.998902	-0.002868	5.787486	0.002868	0.998902	-0.773912	
89	0.998659	-0.003086	5.925037	0.003086	0.998659	-0.738617	
90	0.998674	-0.002945	6.050027	0.002945	0.998674	-0.664588	
91	0.998729	-0.002944	6.079781	0.002944	0.998729	-0.571801	
92	0.998744	-0.003045	6.208989	0.003045	0.998744	-0.501050	
93	0.998863	-0.002991	6.207983	0.002991	0.998863	-0.434520	
94	0.998767	-0.002962	6.006441	0.002962	0.998767	-0.319700	
95	0.998635	-0.002552	5.636076	0.002552	0.998635	0.061064	
96	0.998466	-0.002453	5.394225	0.002453	0.998466	0.315277	
97	0.998126	-0.002355	5.296463	0.002355	0.998126	0.528738	
98	0.998319	-0.002170	4.963615	0.002170	0.998319	0.458899	
99	0.997746	-0.001790	5.056948	0.001790	0.997746	0.968223	
100	0.997608	-0.001788	4.981995	0.001788	0.997608	0.953469	
101	0.997754	-0.001547	4.296811	0.001547	0.997754	1.045219	
102	0.997643	-0.001435	4.049934	0.001435	0.997643	1.287756	
103	0.997705	-0.001198	3.877133	0.001198	0.997705	1.434772	
104	0.997985	-0.001393	3.757835	0.001393	0.997985	1.382093	
105	0.998004	-0.001425	4.035913	0.001425	0.998004	1.544143	
106	0.998659	-0.001358	3.674904	0.001358	0.998659	1.166184	
107	0.999362	-0.001266	3.122760	0.001266	0.999362	0.640278	
108	0.999344	-0.001292	3.004792	0.001292	0.999344	0.527293	
109	0.999299	-0.001303	3.251922	0.001303	0.999299	0.491684	
110	0.999336	-0.001358	2.773393	0.001358	0.999336	0.332307	
111	0.999354	-0.001046	2.920946	0.001046	0.999354	0.554839	
112	0.999346	-0.001115	3.109626	0.001115	0.999346	0.724218	
113	0.999085	-0.000960	3.327539	0.000960	0.999085	1.063136	
114	1.001048	-0.000775	1.128753	0.000775	1.001048	0.283756	
115	1.001092	-0.001077	1.989241	0.001077	1.001092	0.103248	
116	1.001389	-0.001077	2.088270	0.001077	1.001389	-0.067164	
117	1.001743	-0.000856	1.170359	0.000856	1.001743	0.015757	
118	1.002966	-0.000795	0.231223	0.000795	1.002966	-0.667718	
119	1.004197	-0.000686	-0.651641	0.000686	1.004197	-1.259232	
120	1.004640	-0.000691	-1.221332	0.000691	1.004640	-1.514756	
121	1.004803	-0.000704	-1.530895	0.000704	1.004803	-1.720089	
122	1.005512	-0.000435	-2.434519	0.000435	1.005512	-2.025427	
123	1.005411	-0.000250	-2.777451	0.000250	1.005411	-2.010251	
124	1.005085	-0.000198	-2.690763	0.000198	1.005085	-1.871950	
125	1.005036	-0.000188	-2.836488	0.000188	1.005036	-1.936312	
126	1.004675	-0.000111	-2.807235	0.000111	1.004675	-1.950775	
127	1.005002	0.000008	-3.204013	-0.000008	1.005002	-1.940005	
128	1.005726	0.000403	-3.211317	-0.000403	1.005726	-1.759708	
129	1.004677	0.000110	-2.552532	-0.000110	1.004677	-1.576666	
130	1.004354	-0.000087	-2.363764	0.000087	1.004354	-1.605998	
131	1.004007	-0.000030	-2.048227	0.000030	1.004007	-1.489960	
132	1.003623	-0.000090	-2.292296	0.000090	1.003623	-1.368029	
133	1.003320	0.000220	-1.951655	-0.000220	1.003320	-1.048485	
134	1.003561	0.000257	-2.409969	-0.000257	1.003561	-1.063855	
135	1.003025	0.000136	-2.254016	-0.000136	1.003025	-0.978807	
136	1.002411	0.000325	-2.013880	-0.000325	1.002411	-0.559060	
137	1.001417	0.000202	-1.393875	-0.000202	1.001417	-0.223974	
138	1.000928	0.000238	-0.984194	-0.000238	1.000928	-0.031164	
139	1.000281	0.000236	-0.620429	-0.000236	1.000281	0.292830	
140	1.000502	0.000373	-0.511356	-0.000373	1.000502	0.272447	
141	1.000294	0.000291	-0.521542	-0.000291	1.000294	0.307259	
142	1.000302	0.000184	-0.445716	-0.000184	1.000302	0.201867	
143	1.000247	0.000150	-0.387186	-0.000150	1.000247	0.297106	
144	1.000282	0.000122	-0.305627	-0.000122	1.000282	0.171295	
145	1.000169	-0.000000	-0.260188	0.000000	1.000169	0.167253	
146	1.000083	0.000047	-0.096655	-0.000047	1.000083	0.282331	
147	1.000006	0.000019	0.079106	-0.000019	1.000006	0.370627	
148	0.999825	0.000186	0.141625	-0.000186	0.999825	0.706565	
149	0.999763	0.000107	0.253810	-0.000107	0.999763	0.826879	
150	0.999499	0.000085	0.514092	-0.000085	0.999499	1.292617	
151	0.999367	-0.000007	0.795937	0.000007	0.999367	1.479104	
152	0.999268	0.000041	0.913402	-0.000041	0.999268	1.775674	
153	0.999352	-0.000045	0.867285	0.000045	0.999352	1.793207	
154	0.999556	-0.000075	0.669652	0.000075	0.999556	1.610811	
155	0.999464	0.000004	0.629959	-0.000004	0.999464	1.545715	
156	0.999733	0.000007	0.461912	-0.000007	0.999733	1.228620	
157	0.999673	-0.000005	0.686059	0.000005	0.999673	1.247079	
158	0.999686	-0.000084	0.790109	0.000084	0.999686	1.177239	
159	1.000056	-0.000001	0.452384	0.000001	1.000056	1.255735	
160	1.000463	-0.000032	0.111022	0.000032	1.000463	1.097164	
161	1.000917	0.000007	-0.388864	-0.000007	1.000917	0.954752	
162	1.001776	0.000017	-0.947974	-0.000017	1.001776	0.600786	
163	1.002302	-0.000084	-1.279822	0.000084	1.002302	0.323840	
164	1.003032	-0.000045	-1.845076	0.000045	1.003032	-0.036708	
165	1.002448	0.000037	-1.648717	-0.000037	1.002448	0.039144	
166	1.003141	-0.000106	-1.944629	0.000106	1.003141	-0.251660	
167	1.003081	0.000132	-1.965431	-0.000132	1.003081	-0.097430	
168	1.002981	0.000180	-1.898486	-0.000180	1.002981	-0.214036	
169	1.003050	0.000324	-2.180703	-0.000324	1.003050	-0.343817	
170	1.003031	0.000150	-1.761794	-0.000150	1.003031	-0.706769	
171	1.002829	-0.000064	-1.511513	0.000064	1.002829	-0.949103	
172	1.003319	0.000146	-2.273916	-0.000146	1.003319	-1.093156	
173	1.003197	0.000781	-2.699122	-0.000781	1.003197	-0.852976	
174	1.003377	0.000360	-3.151811	-0.000360	1.003377	-1.093493	
175	1.003733	0.000672	-4.051094	-0.000672	1.003733	-0.822611	
176	1.003602	0.001024	-4.341590	-0.001024	1.003602	-0.635777	
177	1.003040	0.001089	-4.147822	-0.001089	1.003040	-0.321280	
178	1.002736	0.001245	-3.862082	-0.001245	1.002736	-0.050793	
179	1.003119	0.000930	-3.878277	-0.000930	1.003119	-0.383816	
180	1.002230	0.000919	-3.930142	-0.000919	1.002230	-0.114952	
181	1.002510	0.001235	-3.892814	-0.001235	1.002510	-0.155953	
182	1.002539	0.001074	-3.819134	-0.001074	1.002539	-0.248933	
183	1.003843	0.001468	-4.002482	-0.001468	1.003843	-0.533181	
184	1.002253	0.000686	-2.984013	-0.000686	1.002253	-0.333205	
185	1.002253	0.000454	-2.501664	-0.000454	1.002253	-0.510584	
186	1.002367	0.000276	-2.075251	-0.000276	1.002367	-0.543393	
187	1.002169	0.000287	-1.931384	-0.000287	1.002169	-0.286063	
188	1.002354	0.000825	-2.221105	-0.000825	1.002354	-0.059248	
189	1.002635	0.000730	-2.337768	-0.000730	1.002635	-0.130084	
190	1.001891	0.000667	-1.826272	-0.000667	1.001891	0.170152	
191	1.001720	0.000342	-1.446297	-0.000342	1.001720	0.247799	
192	1.001657	0.000325	-1.537582	-0.000325	1.001657	0.252488	
193	1.001869	0.000763	-2.388393	-0.000763	1.001869	0.283706	
194	1.001891	0.000868	-3.009979	-0.000868	1.001891	0.272480	
195	1.002095	0.001026	-3.541273	-0.001026	1.002095	0.366764	
196	1.001651	0.001169	-3.937105	-0.001169	1.001651	0.655116	
197	1.001870	0.001328	-4.572326	-0.001328	1.001870	0.473844	
198	1.002037	0.001591	-5.250778	-0.001591	1.002037	0.624597	
199	1.001935	0.001947	-5.844323	-0.001947	1.001935	1.074725	
200	1.002300	0.001729	-7.029578	-0.001729	1.002300	1.212739	
201	1.002235	0.000286	-7.717093	-0.000286	1.002235	0.890968	
202	1.001300	0.002308	-6.991730	-0.002308	1.001300	2.459110	
203	1.001021	0.002262	-7.066694	-0.002262	1.001021	2.468747	
204	1.001892	-0.000009	-8.371665	0.000009	1.001892	1.228566	
205	1.001709	0.000208	-8.548414	-0.000208	1.001709	1.447591	
206	1.001561	0.000178	-8.612223	-0.000178	1.001561	1.390082	
207	1.001709	0.001155	-8.759104	-0.001155	1.001709	1.577384	
208	1.001328	0.000693	-8.916669	-0.000693	1.001328	1.018183	
209	1.001703	0.000141	-9.544220	-0.000141	1.001703	0.524162	
210	1.001279	0.000429	-9.651710	-0.000429	1.001279	0.420868	
211	1.001217	0.000535	-10.303920	-0.000535	1.001217	0.212184	
212	1.007055	0.005954	-12.489304	-0.005954	1.007055	1.079351	
213	1.001226	0.000728	-10.269758	-0.000728	1.001226	0.209283	
214	1.002660	0.002449	-10.179127	-0.002449	1.002660	0.948856	
215	1.002725	0.003211	-9.323960	-0.003211	1.002725	1.396317	
216	1.001076	0.003465	-6.915446	-0.003465	1.001076	2.083533	
217	1.002446	0.003301	-6.358618	-0.003301	1.002446	1.254129	
218	1.001010	0.002077	-5.206501	-0.002077	1.001010	1.089703	
219	1.000359	0.002606	-3.971116	-0.002606	1.000359	1.523444	
220	1.000841	0.002387	-4.156673	-0.002387	1.000841	1.037373	
221	1.000721	0.002581	-4.205028	-0.002581	1.000721	1.099703	
222	1.000278	0.001956	-4.154798	-0.001956	1.000278	1.042415	
223	1.000233	0.002131	-4.331388	-0.002131	1.000233	1.069488	
224	1.000789	0.002178	-5.153859	-0.002178	1.000789	0.934377	
225	1.000527	0.002389	-5.434244	-0.002389	1.000527	0.991739	
226	1.000192	0.002357	-5.545933	-0.002357	1.000192	1.252172	
227	1.000060	0.002541	-5.362086	-0.002541	1.000060	1.561128	
228	0.999668	0.002515	-4.644367	-0.002515	0.999668	1.748433	
229	1.000497	0.001820	-3.648627	-0.001820	1.000497	0.956757	
230	1.000141	0.000812	-2.620106	-0.000812	1.000141	-0.037950	
231	1.000611	0.000631	-2.216044	-0.000631	1.000611	-0.668777	
232	1.000368	0.000123	-1.282531	-0.000123	1.000368	-1.054719	
233	1.000029	-0.000057	-0.557094	0.000057	1.000029	-0.921357	
234	1.000108	-0.000347	-0.002814	0.000347	1.000108	-1.282263	
235	1.000428	-0.000588	0.145558	0.000588	1.000428	-1.562540	
236	1.000628	-0.000527	-0.224431	0.000527	1.000628	-1.943890	
237	1.000417	-0.000533	-0.259292	0.000533	1.000417	-1.972490	
238	1.000623	-0.000512	-0.328959	0.000512	1.000623	-1.865738	
239	1.000721	-0.000517	-0.083377	0.000517	1.000721	-1.657132	
240	1.000147	-0.000634	0.537552	0.000634	1.000147	-1.374662	
241	0.999144	-0.000722	1.895064	0.000722	0.999144	-0.838319	
242	0.997308	-0.000805	3.045864	0.000805	0.997308	-0.021949	
243	0.996733	-0.000875	3.692487	0.000875	0.996733	0.428029	
244	0.996573	-0.001335	4.276306	0.001335	0.996573	0.460365	
245	0.995488	-0.001528	5.447732	0.001528	0.995488	0.960882	
246	0.995306	-0.001602	5.718438	0.001602	0.995306	0.691720	
247	0.994862	-0.001708	6.116623	0.001708	0.994862	0.722701	
248	0.995376	-0.001926	5.785424	0.001926	0.995376	0.622477	
249	0.993711	-0.001979	7.693471	0.001979	0.993711	1.140276	
250	0.993931	-0.002470	7.586218	0.002470	0.993931	0.905601	
251	0.993905	-0.002512	7.769859	0.002512	0.993905	0.803670	
252	0.994208	-0.002049	7.460804	0.002049	0.994208	0.867486	
253	0.994193	-0.001654	7.160908	0.001654	0.994193	1.096719	
254	0.994005	-0.001716	7.303204	0.001716	0.994005	1.188224	
255	0.993985	-0.002083	7.315314	0.002083	0.993985	1.023245	
256	0.993749	-0.001856	8.094765	0.001856	0.993749	1.198324	
257	0.995345	-0.002994	7.444612	0.002994	0.995345	0.203504	
258	0.997112	-0.003431	6.216906	0.003431	0.997112	-0.786077	
259	0.994859	-0.002528	8.919949	0.002528	0.994859	0.474046	
260	0.995610	-0.003245	8.988071	0.003245	0.995610	-0.176373	
261	0.993675	-0.004741	10.650852	0.004741	0.993675	-0.477286	
262	1.003708	-0.005579	2.176042	0.005579	1.003708	-5.295353	
263	0.994762	-0.004909	10.446745	0.004909	0.994762	-1.093900	
264	0.996070	-0.001270	9.823507	0.001270	0.996070	0.855330	
265	0.994532	-0.003131	10.849817	0.003131	0.994532	-0.047271	
266	0.995140	-0.002274	10.053318	0.002274	0.995140	0.132380	
267	0.994648	-0.002208	9.588107	0.002208	0.994648	0.452271	
268	0.995584	-0.002586	7.956672	0.002586	0.995584	0.226151	
269	0.997555	-0.002824	5.475476	0.002824	0.997555	-0.635137	
270	0.994968	-0.001646	6.750587	0.001646	0.994968	1.036057	
271	0.995038	-0.001166	6.066924	0.001166	0.995038	1.258002	
272	0.994846	-0.000965	5.794382	0.000965	0.994846	1.623945	
273	0.995562	-0.000827	4.689418	0.000827	0.995562	1.643508	
274	0.995636	-0.000889	4.639785	0.000889	0.995636	1.333191	
275	0.997246	-0.000957	3.513782	0.000957	0.997246	0.646837	
276	0.997563	-0.001329	3.792458	0.001329	0.997563	0.345183	
277	0.997901	-0.001609	4.038690	0.001609	0.997901	-0.004649	
278	0.998470	-0.001809	4.131906	0.001809	0.998470	-0.636508	
279	0.998649	-0.001784	4.420232	0.001784	0.998649	-0.722117	
280	0.998958	-0.001941	4.599550	0.001941	0.998958	-0.803386	
281	0.999062	-0.002139	4.865117	0.002139	0.999062	-1.006457	
282	0.998316	-0.002055	5.577829	0.002055	0.998316	-0.795702	
283	1.000549	-0.003007	3.758434	0.003007	1.000549	-2.242524	
284	0.998480	-0.002230	5.789813	0.002230	0.998480	-0.863479	
285	0.997838	-0.002110	6.374519	0.002110	0.997838	-0.654614	
286	0.999922	-0.003198	4.640083	0.003198	0.999922	-2.143912	
287	0.997417	-0.002336	6.768869	0.002336	0.997417	-0.685992	
288	0.997371	-0.002089	6.626220	0.002089	0.997371	-0.359027	
289	0.998070	-0.002098	5.636061	0.002098	0.998070	-0.469533	
290	0.997808	-0.001836	5.111673	0.001836	0.997808	-0.057530	
291	0.997649	-0.001630	4.685894	0.001630	0.997649	0.220242	
292	0.997931	-0.001098	4.310390	0.001098	0.997931	0.561107	
293	0.997637	-0.000901	4.083862	0.000901	0.997637	0.858827	
294	0.997887	-0.000742	3.448797	0.000742	0.997887	0.954055	
295	0.998723	-0.000608	2.514450	0.000608	0.998723	0.807121	
296	0.998989	-0.000497	1.579363	0.000497	0.998989	0.903208	
297	0.999068	-0.000568	1.448587	0.000568	0.999068	0.814099	
298	0.999276	-0.000451	1.031856	0.000451	0.999276	0.879130	
299	0.999366	-0.000317	0.479715	0.000317	0.999366	1.111650	
300	0.999367	-0.000175	0.516552	0.000175	0.999367	1.402793	
301	0.999141	0.000067	0.219487	-0.000067	0.999141	1.652522	
302	0.998912	0.000136	0.306943	-0.000136	0.998912	1.956126	
303	0.998687	0.000064	0.501251	-0.000064	0.998687	2.379881	
304	0.998362	0.000097	0.590908	-0.000097	0.998362	2.790222	
305	0.998619	0.000209	0.506499	-0.000209	0.998619	2.722256	
306	1.001002	0.000116	-1.279110	-0.000116	1.001002	1.113470	
307	1.001961	0.000026	-1.682093	-0.000026	1.001961	0.691390	
308	1.003000	0.000117	-2.273666	-0.000117	1.003000	0.198420	
309	1.003398	-0.000056	-2.437239	0.000056	1.003398	-0.174735	
310	1.004095	0.000125	-2.988464	-0.000125	1.004095	-0.291627	
311	1.004899	0.000130	-3.597423	-0.000130	1.004899	-0.436324	
312	1.005240	0.000094	-3.918530	-0.000094	1.005240	-0.544649	
313	1.005874	0.000210	-4.332952	-0.000210	1.005874	-0.640085	
314	1.005809	0.000511	-4.583967	-0.000511	1.005809	-0.698581	
315	1.006027	0.000558	-5.168770	-0.000558	1.006027	-1.020956	
316	1.007103	0.000217	-5.261815	-0.000217	1.007103	-1.483083	
317	1.006763	-0.000119	-4.824850	0.000119	1.006763	-1.588158	
318	1.008112	0.000001	-5.817255	-0.000001	1.008112	-1.905144	
319	1.008957	0.000179	-6.369868	-0.000179	1.008957	-1.814716	
320	1.008756	0.000279	-6.151290	-0.000279	1.008756	-1.733448	
321	1.007686	0.000642	-6.240498	-0.000642	1.007686	-1.556069	
322	1.009063	0.000308	-6.763576	-0.000308	1.009063	-2.312619	
323	1.010631	-0.000057	-7.639673	0.000057	1.010631	-3.104618	
324	1.010457	0.000120	-7.788776	-0.000120	1.010457	-3.468487	
325	1.010465	0.000178	-7.612638	-0.000178	1.010465	-3.562470	
326	1.009259	0.000256	-6.589732	-0.000256	1.009259	-3.067552	
327	1.008012	0.000203	-6.354489	-0.000203	1.008012	-2.621889	
328	1.010293	0.000211	-7.318348	-0.000211	1.010293	-3.536452	
329	1.009909	0.000112	-7.048397	-0.000112	1.009909	-3.582298	
330	1.009413	0.000218	-6.681116	-0.000218	1.009413	-3.378129	
331	1.009327	0.000460	-6.609215	-0.000460	1.009327	-3.371697	
332	1.008836	0.000290	-6.054086	-0.000290	1.008836	-3.468444	
333	1.010016	0.000286	-6.749223	-0.000286	1.010016	-3.954391	
334	1.010173	0.000281	-7.054806	-0.000281	1.010173	-4.274343	
335	1.009852	0.000264	-6.663702	-0.000264	1.009852	-3.956170	
336	1.010188	0.000281	-6.775520	-0.000281	1.010188	-4.503752	
337	1.009516	0.000298	-6.191719	-0.000298	1.009516	-4.249321	
338	1.010060	0.000055	-6.512289	-0.000055	1.010060	-4.469426	
339	1.010319	0.000076	-6.835511	-0.000076	1.010319	-4.780156	
340	1.009765	-0.000101	-6.542864	0.000101	1.009765	-4.591181	
341	1.009667	0.000085	-6.453888	-0.000085	1.009667	-4.365030	
342	1.009294	0.000069	-6.350106	-0.000069	1.009294	-4.113427	
343	1.009321	0.000057	-6.259700	-0.000057	1.009321	-4.008575	
344	1.009787	0.000138	-6.578229	-0.000138	1.009787	-4.276916	
345	1.009260	0.000070	-6.263748	-0.000070	1.009260	-3.990336	
346	1.009255	0.000338	-6.274165	-0.000338	1.009255	-3.738325	
347	1.009542	0.000196	-6.450035	-0.000196	1.009542	-3.809372	
348	1.008408	0.000150	-5.678164	-0.000150	1.008408	-3.457090	
349	1.006714	-0.000058	-4.899724	0.000058	1.006714	-3.026664	
350	1.004274	0.000216	-4.108453	-0.000216	1.004274	-1.885763	
351	1.000904	0.000378	-2.917366	-0.000378	1.000904	-0.404670	
352	1.000040	0.000677	-2.962256	-0.000677	1.000040	-0.124133	
353	1.000366	0.000903	-3.644833	-0.000903	1.000366	-0.526975	
354	1.000490	0.001420	-4.705913	-0.001420	1.000490	-0.388478	
355	1.000578	0.001960	-4.932725	-0.001960	1.000578	0.134742	
356	1.000500	0.001306	-4.282613	-0.001306	1.000500	0.121811	
357	1.000338	0.000939	-3.116820	-0.000939	1.000338	0.083407	
358	1.000097	0.000310	-1.809330	-0.000310	1.000097	-0.230138	
359	1.000047	0.000138	-1.211023	-0.000138	1.000047	-0.261788	
360	1.000056	0.000510	-1.519936	-0.000510	1.000056	0.038558	
361	1.000160	0.000690	-1.687993	-0.000690	1.000160	0.322012	
362	1.000127	0.000835	-1.647549	-0.000835	1.000127	0.585515	
363	1.000101	0.000666	-1.531694	-0.000666	1.000101	0.352155	
364	1.000044	0.000464	-1.342712	-0.000464	1.000044	-0.039599	
365	1.000119	0.000615	-1.677684	-0.000615	1.000119	0.003807	
366	1.000072	0.000927	-1.741840	-0.000927	1.000072	0.515556	
367	1.000040	0.000632	-1.237461	-0.000632	1.000040	0.309037	
368	1.000186	0.000388	-1.029546	-0.000388	1.000186	-0.229497	
369	1.000236	0.000156	-0.859709	-0.000156	1.000236	-0.537324	
370	1.000402	-0.000242	-0.395162	0.000242	1.000402	-0.917118	
371	1.000342	-0.000392	0.165406	0.000392	1.000342	-1.002652	
372	1.000229	-0.000277	0.159074	0.000277	1.000229	-0.662228	
373	1.000435	-0.000374	0.143557	0.000374	1.000435	-1.045150	
374	1.000687	-0.000323	-0.079401	0.000323	1.000687	-1.441243	
375	1.000603	-0.000398	-0.279234	0.000398	1.000603	-1.652987	
376	1.000762	-0.000446	-0.590365	0.000446	1.000762	-1.925365	
377	1.000453	-0.000390	-0.156706	0.000390	1.000453	-1.751746	
378	1.000453	-0.000303	-0.141633	0.000303	1.000453	-1.720739	
379	1.000217	-0.000343	0.011231	0.000343	1.000217	-1.571172	
380	1.000126	-0.000352	0.355991	0.000352	1.000126	-1.515667	
381	0.999420	-0.000388	0.855658	0.000388	0.999420	-1.161001	
382	0.998932	-0.000395	1.236136	0.000395	0.998932	-0.990000	
383	0.998842	-0.000452	1.603558	0.000452	0.998842	-0.867651	
384	0.998999	-0.000501	1.689012	0.000501	0.998999	-0.773903	
385	0.998938	-0.000390	1.888333	0.000390	0.998938	-0.536478	
386	0.999148	-0.000292	1.664759	0.000292	0.999148	-0.416219	
387	0.998878	-0.000437	2.190542	0.000437	0.998878	-0.318847	
388	0.999007	-0.000939	2.984252	0.000939	0.999007	-0.165734	
389	0.999469	-0.001076	3.365528	0.001076	0.999469	-0.122278	
390	0.999848	-0.001405	3.602119	0.001405	0.999848	-0.764215	
391	0.999978	-0.001437	3.615311	0.001437	0.999978	-1.038431	
392	1.000183	-0.001339	3.487059	0.001339	1.000183	-1.047336	
393	1.000263	-0.001365	3.253804	0.001365	1.000263	-0.913364	
394	1.000349	-0.001258	2.944220	0.001258	1.000349	-1.120215	
395	1.000390	-0.001239	2.731576	0.001239	1.000390	-1.331749	
396	1.000231	-0.001136	2.528518	0.001136	1.000231	-1.152160	
397	1.000339	-0.001192	2.080499	0.001192	1.000339	-1.438442	
398	1.000711	-0.001014	1.188013	0.001014	1.000711	-1.665856	
399	1.000128	-0.001079	1.837534	0.001079	1.000128	-1.749668	
400	1.001067	-0.001031	1.125634	0.001031	1.001067	-1.944904	
401	1.000415	-0.000966	1.736089	0.000966	1.000415	-1.496407	
402	1.000612	-0.000982	1.368607	0.000982	1.000612	-1.760683	
403	1.000930	-0.000854	0.898429	0.000854	1.000930	-1.861852	
404	1.000579	-0.000728	1.222798	0.000728	1.000579	-1.835917	
405	1.000632	-0.000771	1.222298	0.000771	1.000632	-2.183442	
406	1.001289	-0.001048	0.649126	0.001048	1.001289	-2.676635	
407	1.000645	-0.001139	1.927052	0.001139	1.000645	-2.393049	
408	1.000577	-0.001413	2.434236	0.001413	1.000577	-2.645600	
409	1.000306	-0.001820	3.157733	0.001820	1.000306	-2.754311	
410	0.999088	-0.003851	5.248680	0.003851	0.999088	-3.251765	
411	1.000481	-0.002383	5.296420	0.002383	1.000481	-3.402730	
412	1.000258	-0.000238	7.006415	0.000238	1.000258	-2.397624	
413	0.999262	-0.002142	7.961052	0.002142	0.999262	-3.268749	
414	0.999228	0.000050	8.169760	-0.000050	0.999228	-2.064623	
415	0.996228	-0.004960	9.833400	0.004960	0.996228	-3.422104	
416	0.997030	-0.003454	8.321738	0.003454	0.997030	-2.822238	
417	0.992085	0.000257	11.301285	-0.000257	0.992085	0.333513	
418	0.988292	0.000508	13.169870	-0.000508	0.988292	1.538174	
419	0.986664	0.000433	13.730089	-0.000433	0.986664	1.998369	
420	0.984769	0.000468	15.214852	-0.000468	0.984769	2.838520	
421	0.983985	0.000178	15.697701	-0.000178	0.983985	3.217250	
422	0.983624	-0.000127	15.606804	0.000127	0.983624	3.233423	
423	0.983192	0.000204	15.646468	-0.000204	0.983192	3.517360	
424	0.988820	-0.003980	12.469145	0.003980	0.988820	0.986548	
425	0.984459	0.000110	14.126851	-0.000110	0.984459	3.229147	
426	0.984279	-0.000240	13.627653	0.000240	0.984279	3.358625	
427	0.990610	-0.004199	10.280871	0.004199	0.990610	0.977667	
428	0.985586	-0.001083	11.441450	0.001083	0.985586	3.981199	
429	0.990434	-0.002081	8.491443	0.002081	0.990434	2.365791	
430	0.988016	-0.000597	8.432773	0.000597	0.988016	3.608110	
431	0.993095	0.000238	4.457015	-0.000238	0.993095	2.634878	
432	0.992597	-0.001149	5.529553	0.001149	0.992597	1.629857	
433	0.992152	-0.000190	4.984907	0.000190	0.992152	1.997450	
434	0.993117	-0.000169	4.385668	0.000169	0.993117	1.587243	
435	0.994116	-0.000596	3.958791	0.000596	0.994116	1.188878	
436	0.992629	0.000153	3.761533	-0.000153	0.992629	1.480076	
437	0.993399	0.000174	3.115831	-0.000174	0.993399	1.496235	
438	0.995582	-0.000218	2.295367	0.000218	0.995582	0.625757	
439	0.994664	0.000654	1.465218	-0.000654	0.994664	1.083454	
440	0.993497	0.000630	1.016912	-0.000630	0.993497	1.020042	
441	0.993325	0.001033	-0.323899	-0.001033	0.993325	1.091196	
442	0.993046	0.001047	-1.012491	-0.001047	0.993046	1.375982	
443	0.997703	0.001908	-2.537331	-0.001908	0.997703	0.737613	
444	0.997377	0.002626	-3.916576	-0.002626	0.997377	1.139405	
445	0.993971	0.001305	-5.784884	-0.001305	0.993971	1.018662	
446	0.993287	0.001533	-7.631886	-0.001533	0.993287	1.703857	
447	0.993378	0.001995	-9.187286	-0.001995	0.993378	2.560962	
448	0.993898	0.002095	-12.056766	-0.002095	0.993898	2.811669	
449	0.997420	0.003294	-15.872553	-0.003294	0.997420	2.728287	
450	0.992485	0.001723	-15.588764	-0.001723	0.992485	4.041348	
451	0.992776	0.002276	-16.635248	-0.002276	0.992776	4.211754	
452	0.993437	0.003648	-15.675487	-0.003648	0.993437	4.252428	
453	0.993961	0.002979	-15.047055	-0.002979	0.993961	3.331879	
454	0.992264	0.002499	-13.233466	-0.002499	0.992264	3.570902	
455	0.992439	0.002034	-11.207142	-0.002034	0.992439	3.410990	
456	0.993447	0.003400	-8.864926	-0.003400	0.993447	3.560923	
457	0.990830	0.000961	-5.049787	-0.000961	0.990830	3.567764	
458	0.990003	0.002958	-0.502831	-0.002958	0.990003	5.218342	
459	0.991487	0.001485	1.211655	-0.001485	0.991487	3.916221	
460	0.993518	0.000897	2.419039	-0.000897	0.993518	3.045305	
461	0.993469	0.000161	3.918188	-0.000161	0.993469	2.698289	
462	0.994684	-0.000448	4.194705	0.000448	0.994684	2.135781	
463	0.995554	-0.000639	4.293375	0.000639	0.995554	1.852901	
464	0.996900	-0.000254	2.784483	0.000254	0.996900	1.431887	
465	0.997193	0.000015	2.545910	-0.000015	0.997193	1.159527	
466	0.997727	-0.000318	2.046461	0.000318	0.997727	0.529705	
467	0.997638	-0.000121	1.930967	0.000121	0.997638	0.686086	
468	0.998182	-0.000083	1.661674	0.000083	0.998182	0.606840	
469	0.998616	-0.000235	1.470057	0.000235	0.998616	0.418917	
470	0.998321	-0.000415	1.805931	0.000415	0.998321	0.501235	
471	0.998554	-0.000378	1.640835	0.000378	0.998554	0.339800	
472	0.999229	-0.000412	1.072568	0.000412	0.999229	-0.050089	
473	0.999122	-0.000077	0.855513	0.000077	0.999122	0.232070	
474	0.998893	-0.000053	1.170621	0.000053	0.998893	0.551273	
475	0.999182	-0.000353	1.310595	0.000353	0.999182	0.346381	
476	0.999341	-0.000285	1.330334	0.000285	0.999341	0.341969	
477	0.999192	-0.000159	1.685956	0.000159	0.999192	0.638558	
478	0.999391	-0.000405	1.883428	0.000405	0.999391	0.514148	
479	0.999091	-0.000275	2.552562	0.000275	0.999091	0.637557	
480	0.999458	-0.000731	2.364202	0.000731	0.999458	0.164424	
481	1.000776	-0.000749	1.544602	0.000749	1.000776	-0.774715	
482	1.001697	-0.000463	1.443164	0.000463	1.001697	-0.829658	
483	1.002555	-0.000814	0.849309	0.000814	1.002555	-1.440383	
484	1.003329	-0.000665	0.170622	0.000665	1.003329	-1.601996	
485	1.003692	-0.000729	-0.088166	0.000729	1.003692	-1.501024	
486	1.004629	-0.000765	-0.433687	0.000765	1.004629	-1.885767	
487	1.004414	-0.000748	-0.380083	0.000748	1.004414	-1.965382	
488	1.005438	-0.000705	-1.461994	0.000705	1.005438	-2.191010	
489	1.005177	-0.000566	-1.367112	0.000566	1.005177	-1.901443	
490	1.004526	-0.000705	-1.341361	0.000705	1.004526	-1.940191	
491	1.004933	-0.000606	-1.491221	0.000606	1.004933	-1.936236	
492	1.004972	-0.000502	-1.477734	0.000502	1.004972	-1.931118	
493	1.004818	-0.000438	-1.462611	0.000438	1.004818	-1.960221	
494	1.005175	-0.000619	-1.262802	0.000619	1.005175	-2.177514	
495	1.005314	-0.000755	-1.208871	0.000755	1.005314	-2.506813	
496	1.004435	-0.000667	-0.953227	0.000667	1.004435	-2.317861	
497	1.004560	-0.000635	-1.224295	0.000635	1.004560	-2.434198	
498	1.004310	-0.000599	-1.044408	0.000599	1.004310	-2.342793	
499	1.004673	-0.000585	-1.312003	0.000585	1.004673	-2.460567	
500	1.004808	-0.000497	-1.634202	0.000497	1.004808	-2.413049	
501	1.005146	-0.000403	-1.999857	0.000403	1.005146	-2.403668	
502	1.004822	-0.000546	-1.730392	0.000546	1.004822	-2.308622	
503	1.005005	-0.000500	-1.765965	0.000500	1.005005	-2.402477	
504	1.004672	-0.000578	-1.899543	0.000578	1.004672	-2.337781	
505	1.004509	-0.000519	-1.888307	0.000519	1.004509	-2.282271	
506	1.004873	-0.000346	-2.243584	0.000346	1.004873	-2.257816	
507	1.004620	-0.000326	-2.223401	0.000326	1.004620	-2.157771	
508	1.004858	-0.000109	-2.662517	0.000109	1.004858	-2.160604	
509	1.005068	-0.000047	-2.915738	0.000047	1.005068	-2.236748	
510	1.004752	-0.000145	-2.558218	0.000145	1.004752	-2.181501	
511	1.005009	-0.000249	-2.484672	0.000249	1.005009	-2.324939	
512	1.004958	-0.000405	-2.290709	0.000405	1.004958	-2.493462	
513	1.004751	-0.000394	-2.394207	0.000394	1.004751	-2.453353	
514	1.004914	-0.000304	-2.707866	0.000304	1.004914	-2.429728	
515	1.004725	-0.000202	-2.612937	0.000202	1.004725	-2.262510	
516	1.004973	-0.000077	-2.935012	0.000077	1.004973	-2.239687	
517	1.005135	-0.000083	-3.075941	0.000083	1.005135	-2.257780	
518	1.004878	0.000005	-2.957911	-0.000005	1.004878	-2.079378	
519	1.004780	-0.000010	-3.009535	0.000010	1.004780	-2.182438	
520	1.004817	0.000086	-3.036336	-0.000086	1.004817	-2.191871	
521	1.004621	0.000274	-3.010521	-0.000274	1.004621	-1.851669	
522	1.004490	0.000292	-2.945574	-0.000292	1.004490	-1.725678	
523	1.004506	0.000458	-2.985347	-0.000458	1.004506	-1.637506	
524	1.004259	0.000108	-2.807842	-0.000108	1.004259	-1.558971	
525	1.004310	0.000210	-2.670629	-0.000210	1.004310	-1.392132	
526	1.004513	-0.000143	-2.846707	0.000143	1.004513	-1.801945	
527	1.004489	-0.000049	-2.710457	0.000049	1.004489	-1.855957	
528	1.004373	-0.000047	-2.687203	0.000047	1.004373	-1.585322	
529	1.004309	0.000039	-2.760121	-0.000039	1.004309	-1.697388	
530	1.003837	0.000295	-2.578466	-0.000295	1.003837	-1.448954	
531	1.003215	0.000331	-2.089664	-0.000331	1.003215	-1.150290	
532	1.003415	0.000160	-2.181324	-0.000160	1.003415	-1.412198	
533	1.004054	0.000245	-2.730346	-0.000245	1.004054	-1.760745	
534	1.003834	0.000203	-2.423091	-0.000203	1.003834	-1.716037	
535	1.003672	0.000158	-2.252824	-0.000158	1.003672	-1.638162	
536	1.003867	0.000173	-2.477211	-0.000173	1.003867	-1.762640	
537	1.003914	0.000125	-2.508908	-0.000125	1.003914	-1.749429	
538	1.004031	0.000019	-2.558090	-0.000019	1.004031	-1.884165	
539	1.004415	0.000095	-2.937994	-0.000095	1.004415	-1.932260	
540	1.004385	0.000121	-3.066938	-0.000121	1.004385	-1.928836	
541	1.004406	0.000321	-3.074094	-0.000321	1.004406	-1.845770	
542	1.004404	0.000347	-3.148198	-0.000347	1.004404	-1.929228	
543	1.004241	0.000323	-3.131791	-0.000323	1.004241	-1.668336	
544	1.004463	0.000612	-3.217622	-0.000612	1.004463	-1.517596	
545	1.004558	0.000896	-3.034128	-0.000896	1.004558	-1.350131	
546	1.004614	0.000780	-3.399160	-0.000780	1.004614	-1.544575	
547	1.004774	0.000905	-3.047204	-0.000905	1.004774	-1.381809	
548	1.004294	0.000193	-2.551380	-0.000193	1.004294	-1.735362	
549	1.003865	0.000142	-2.465943	-0.000142	1.003865	-1.698026	
550	1.004183	0.000099	-2.691032	-0.000099	1.004183	-1.950539	
551	1.004547	0.000168	-2.928936	-0.000168	1.004547	-1.985961	
552	1.004298	0.000131	-2.866579	-0.000131	1.004298	-1.885944	
553	1.004173	0.000097	-2.688871	-0.000097	1.004173	-1.812790	
554	1.004112	-0.000079	-2.564315	0.000079	1.004112	-1.915184	
555	1.004035	-0.000184	-2.556544	0.000184	1.004035	-1.978609	
556	1.004088	-0.000098	-2.561101	0.000098	1.004088	-1.822112	
557	1.003708	0.000019	-2.410345	-0.000019	1.003708	-1.522994	
558	1.003789	0.000023	-2.415997	-0.000023	1.003789	-1.572353	
559	1.003855	-0.000003	-2.297302	0.000003	1.003855	-1.707013	
560	1.003951	-0.000046	-2.335383	0.000046	1.003951	-1.835183	
561	1.003549	0.000035	-2.221566	-0.000035	1.003549	-1.434604	
562	1.003039	0.000084	-1.984905	-0.000084	1.003039	-1.393282	
563	1.003050	-0.000077	-1.826273	0.000077	1.003050	-1.629119	
564	1.003040	-0.000021	-1.924925	0.000021	1.003040	-1.541541	
565	1.003157	-0.000083	-1.959947	0.000083	1.003157	-1.504173	
566	1.002940	-0.000078	-1.788836	0.000078	1.002940	-1.357921	
567	1.002966	-0.000092	-1.773480	0.000092	1.002966	-1.400486	
568	1.003152	-0.000091	-1.969218	0.000091	1.003152	-1.463579	
569	1.002887	-0.000001	-1.889050	0.000001	1.002887	-1.283046	
570	1.003001	0.000114	-1.966479	-0.000114	1.003001	-1.253524	
571	1.002072	0.000227	-1.324230	-0.000227	1.002072	-0.741524	
572	1.002225	0.000301	-1.377604	-0.000301	1.002225	-0.806887	
573	1.001531	0.000342	-1.166749	-0.000342	1.001531	-0.378831	
574	1.001065	0.000317	-0.795503	-0.000317	1.001065	-0.282949	
575	1.001094	0.000364	-0.671175	-0.000364	1.001094	-0.200787	
576	1.000422	0.000346	-0.428303	-0.000346	1.000422	0.048518	
577	1.000442	0.000344	-0.446441	-0.000344	1.000442	0.085583	
578	1.000722	0.000383	-0.356602	-0.000383	1.000722	0.035141	
579	1.000826	0.000109	-0.288214	-0.000109	1.000826	-0.130870	
580	1.000618	0.000263	-0.243519	-0.000263	1.000618	0.019496	
581	1.000602	0.000048	-0.248551	-0.000048	1.000602	-0.073870	
582	1.001128	0.000020	-0.362342	-0.000020	1.001128	-0.212701	
583	1.001575	0.000199	-0.402427	-0.000199	1.001575	-0.300576	
584	1.000724	0.000280	-0.359608	-0.000280	1.000724	-0.036053	
585	1.000747	0.000322	-0.307509	-0.000322	1.000747	0.029852	
586	1.000773	0.000597	-0.424719	-0.000597	1.000773	0.117667	
587	1.000604	0.000617	-0.513270	-0.000617	1.000604	0.120814	
588	1.000659	0.000602	-0.419345	-0.000602	1.000659	0.208164	
589	1.000527	0.000467	-0.306654	-0.000467	1.000527	0.226853	
590	1.000783	0.000473	-0.621713	-0.000473	1.000783	0.130067	
591	1.000802	0.000583	-0.796085	-0.000583	1.000802	0.180612	
592	1.000854	0.000594	-0.723016	-0.000594	1.000854	0.269663	
593	1.000805	0.000594	-0.904033	-0.000594	1.000805	0.281857	
594	1.000789	0.000681	-0.920845	-0.000681	1.000789	0.346618	
595	1.001158	0.000665	-1.147032	-0.000665	1.001158	0.178899	
596	1.000862	0.001054	-1.459428	-0.001054	1.000862	0.490117	
597	1.000846	0.001388	-1.941084	-0.001388	1.000846	0.686634	
598	1.000971	0.001500	-2.384986	-0.001500	1.000971	0.731671	
599	1.000960	0.001700	-2.680083	-0.001700	1.000960	0.813814	
