0	1.000000	0.000000	0.000000	0.000000	1.000000	0.000000	
1	1.001108	-0.000491	0.374277	0.000491	1.001108	-0.463618	
2	1.001502	-0.000765	0.287457	0.000765	1.001502	-0.636464	
3	1.001637	-0.000624	0.336965	0.000624	1.001637	-0.572036	
4	1.001857	-0.000618	0.723507	0.000618	1.001857	-0.288554	
5	1.002065	-0.000683	0.974002	0.000683	1.002065	-0.277968	
6	1.002330	-0.000904	1.218094	0.000904	1.002330	-0.383636	
7	1.002862	-0.000936	1.462817	0.000936	1.002862	-0.365060	
8	1.002588	-0.000787	2.499832	0.000787	1.002588	-0.128032	
9	1.002960	-0.000793	2.983091	0.000793	1.002960	-0.104673	
10	1.003521	-0.001044	3.269595	0.001044	1.003521	-0.251226	
11	1.001303	-0.000607	5.902216	0.000607	1.001303	0.425118	
12	1.001629	-0.000830	6.326021	0.000830	1.001629	0.381753	
13	1.001141	-0.000700	7.315846	0.000700	1.001141	0.638739	
14	1.001192	-0.000752	7.505670	0.000752	1.001192	0.588447	
15	1.001616	-0.000829	7.276839	0.000829	1.001616	0.506289	
16	1.001113	-0.000563	7.956483	0.000563	1.001113	0.858609	
17	1.001216	-0.000534	8.056516	0.000534	1.001216	0.967857	
18	1.000932	-0.000542	8.379877	0.000542	1.000932	0.929750	
19	1.001434	-0.000927	8.038031	0.000927	1.001434	0.740121	
20	1.000568	-0.000587	9.049201	0.000587	1.000568	0.885328	
21	1.000805	-0.000649	8.888124	0.000649	1.000805	0.821683	
22	1.001820	-0.001004	8.122479	0.001004	1.001820	0.482155	
23	1.000839	-0.000493	9.329490	0.000493	1.000839	0.868941	
24	1.001033	-0.000526	9.383356	0.000526	1.001033	0.668988	
25	1.001080	-0.000711	9.500585	0.000711	1.001080	0.449976	
26	1.000920	-0.000610	9.848987	0.000610	1.000920	0.296254	
27	1.001120	-0.000631	9.822905	0.000631	1.001120	0.274749	
28	1.000681	-0.000666	10.211483	0.000666	1.000681	0.365121	
29	1.001721	-0.000845	9.178010	0.000845	1.001721	-0.128170	
30	1.000974	-0.000647	9.928477	0.000647	1.000974	0.092522	
31	1.000902	-0.000886	9.943036	0.000886	1.000902	-0.441757	
32	1.000644	-0.000648	10.144930	0.000648	1.000644	-0.488991	
33	1.000603	-0.000613	10.209009	0.000613	1.000603	-0.411437	
34	1.000713	-0.000664	10.174286	0.000664	1.000713	-0.709802	
35	1.000808	-0.000657	10.199497	0.000657	1.000808	-0.708893	
36	1.001337	-0.000925	9.638605	0.000925	1.001337	-1.013753	
37	1.000677	-0.000652	10.330166	0.000652	1.000677	-0.712380	
38	1.000856	-0.000585	10.200127	0.000585	1.000856	-0.776451	
39	1.000649	-0.000663	10.649823	0.000663	1.000649	-0.861454	
40	1.001014	-0.000770	10.378754	0.000770	1.001014	-1.158569	
41	1.000519	-0.000489	10.822085	0.000489	1.000519	-1.291076	
42	1.000680	-0.000711	10.836013	0.000711	1.000680	-1.309930	
43	1.000423	-0.000659	11.047127	0.000659	1.000423	-1.213951	
44	1.000613	-0.000846	10.809012	0.000846	1.000613	-1.337700	
45	0.999960	-0.000742	11.378550	0.000742	0.999960	-1.233926	
46	1.000105	-0.000721	11.408582	0.000721	1.000105	-1.382903	
47	1.000089	-0.000502	11.439245	0.000502	1.000089	-1.383902	
48	1.000169	-0.000443	11.183912	0.000443	1.000169	-1.227942	
49	0.999775	-0.000353	11.251685	0.000353	0.999775	-1.261139	
50	0.999888	-0.000412	10.616064	0.000412	0.999888	-1.213697	
51	1.000067	-0.000333	10.059843	0.000333	1.000067	-1.030182	
52	1.001508	-0.000459	8.490814	0.000459	1.001508	-1.655279	
53	1.003212	-0.000530	6.809529	0.000530	1.003212	-1.930163	
54	1.003125	-0.000511	6.323287	0.000511	1.003125	-2.081800	
55	1.003669	-0.000524	5.516232	0.000524	1.003669	-2.127320	
56	1.004286	-0.000038	4.421603	0.000038	1.004286	-2.050102	
57	1.004072	-0.000046	4.187147	0.000046	1.004072	-2.145730	
58	1.004840	0.000252	3.021769	-0.000252	1.004840	-1.989306	
59	1.004685	0.000132	2.716007	-0.000132	1.004685	-1.932367	
60	1.004450	0.000219	2.534344	-0.000219	1.004450	-1.646658	
61	1.004564	0.000157	2.113299	-0.000157	1.004564	-1.966466	
62	1.004661	0.000253	1.623437	-0.000253	1.004661	-1.920420	
63	1.004678	0.000185	1.502046	-0.000185	1.004678	-1.818226	
64	1.004647	0.000000	1.351330	-0.000000	1.004647	-1.667330	
65	1.004631	0.000044	1.230020	-0.000044	1.004631	-1.528136	
66	1.004305	0.000068	1.228473	-0.000068	1.004305	-1.441746	
67	1.003965	0.000057	1.180557	-0.000057	1.003965	-1.310793	
68	1.003962	0.000134	1.301135	-0.000134	1.003962	-1.155425	
69	1.003853	-0.000029	1.136040	0.000029	1.003853	-1.109740	
70	1.003544	-0.000046	0.819614	0.000046	1.003544	-1.218220	
71	1.003271	0.000050	0.977317	-0.000050	1.003271	-1.205749	
72	1.003118	-0.000157	1.060153	0.000157	1.003118	-1.073527	
73	1.003177	-0.000123	1.054011	0.000123	1.003177	-1.073778	
74	1.003197	0.000042	1.211832	-0.000042	1.003197	-1.132177	
75	1.003299	0.000014	1.126203	-0.000014	1.003299	-1.049412	
76	1.003131	-0.000053	1.114359	0.000053	1.003131	-1.060837	
77	1.003213	0.000017	0.863208	-0.000017	1.003213	-1.136120	
78	1.003316	0.000082	0.550803	-0.000082	1.003316	-1.091346	
79	1.003349	-0.000081	0.118269	0.000081	1.003349	-1.176397	
80	1.003291	-0.000034	-0.120510	0.000034	1.003291	-1.053846	
81	1.003249	-0.000024	-0.330305	0.000024	1.003249	-1.127986	
82	1.003236	-0.000001	-0.780821	0.000001	1.003236	-1.143179	
83	1.003117	-0.000061	-1.303746	0.000061	1.003117	-1.071030	
84	1.003082	-0.000095	-1.997240	0.000095	1.003082	-1.174677	
85	1.002642	-0.000039	-2.022808	0.000039	1.002642	-0.942532	
86	1.002094	-0.000135	-1.930247	0.000135	1.002094	-0.884562	
87	1.001560	-0.000195	-2.289960	0.000195	1.001560	-0.758087	
88	1.001196	-0.000184	-2.552649	0.000184	1.001196	-0.482700	
89	1.000552	-0.000209	-2.668771	0.000209	1.000552	-0.350529	
90	1.000501	-0.000202	-3.140975	0.000202	1.000501	-0.409199	
91	0.999739	-0.000146	-2.824815	0.000146	0.999739	-0.279617	
92	0.999557	-0.000153	-3.316564	0.000153	0.999557	-0.288241	
93	0.999110	-0.000197	-3.757908	0.000197	0.999110	-0.294346	
94	0.999058	-0.000188	-4.385179	0.000188	0.999058	-0.258779	
95	0.998974	-0.000169	-4.697745	0.000169	0.998974	-0.089215	
96	0.999382	-0.000191	-5.297164	0.000191	0.999382	-0.149240	
97	0.999935	0.000026	-5.934846	-0.000026	0.999935	-0.152812	
98	0.998996	-0.000071	-4.957869	0.000071	0.998996	-0.180806	
99	0.999102	-0.000167	-5.247626	0.000167	0.999102	-0.203810	
100	0.999069	-0.000143	-5.205697	0.000143	0.999069	-0.105349	
101	0.999982	0.000093	-6.438254	-0.000093	0.999982	-0.122752	
102	1.000150	0.000146	-6.590129	-0.000146	1.000150	-0.192498	
103	1.000171	0.000216	-6.851318	-0.000216	1.000171	-0.187184	
104	1.000253	0.000211	-7.054047	-0.000211	1.000253	-0.245319	
105	1.000258	0.000247	-7.323583	-0.000247	1.000258	-0.298830	
106	1.000015	0.000050	-7.258931	-0.000050	1.000015	-0.236767	
107	1.000480	0.000076	-8.076665	-0.000076	1.000480	-0.267662	
108	1.000218	0.000196	-8.078663	-0.000196	1.000218	-0.343532	
109	1.000157	0.000289	-8.330243	-0.000289	1.000157	-0.415808	
110	0.999958	0.000306	-8.468511	-0.000306	0.999958	-0.432389	
111	1.000085	0.000301	-8.742223	-0.000301	1.000085	-0.413074	
112	1.000181	0.000298	-9.010856	-0.000298	1.000181	-0.469644	
113	1.000050	0.000221	-9.077504	-0.000221	1.000050	-0.408486	
114	1.000265	0.000294	-9.408724	-0.000294	1.000265	-0.339898	
115	1.000394	0.000258	-9.489754	-0.000258	1.000394	-0.293220	
116	1.000348	0.000437	-9.368776	-0.000437	1.000348	-0.225638	
117	1.000011	0.000484	-9.156158	-0.000484	1.000011	-0.131492	
118	1.000017	0.000817	-8.986622	-0.000817	1.000017	0.286200	
119	0.999966	0.000665	-8.823552	-0.000665	0.999966	0.133990	
120	1.000151	0.000619	-8.961829	-0.000619	1.000151	0.072538	
121	1.000192	0.000377	-9.091072	-0.000377	1.000192	-0.029406	
122	0.999842	0.000444	-9.134440	-0.000444	0.999842	0.122199	
123	0.999935	0.000323	-9.375990	-0.000323	0.999935	0.105344	
124	0.999894	0.000642	-9.590757	-0.000642	0.999894	0.219732	
125	0.999644	0.000844	-9.570457	-0.000844	0.999644	0.431555	
126	0.999759	0.000827	-9.966821	-0.000827	0.999759	0.332978	
127	0.999425	0.000828	-9.822955	-0.000828	0.999425	0.536475	
128	0.999541	0.000723	-10.222695	-0.000723	0.999541	0.662577	
129	0.999433	0.000665	-10.368622	-0.000665	0.999433	0.601235	
130	0.999331	0.000851	-10.557404	-0.000851	0.999331	0.426286	
131	0.999756	0.000767	-10.979762	-0.000767	0.999756	0.348818	
132	0.999663	0.000731	-11.208013	-0.000731	0.999663	0.791132	
133	0.999575	0.000855	-11.105761	-0.000855	0.999575	0.773299	
134	0.999655	0.000815	-11.251350	-0.000815	0.999655	0.467411	
135	0.999392	0.000829	-11.639261	-0.000829	0.999392	0.520816	
136	0.999108	0.001008	-11.463432	-0.001008	0.999108	0.615005	
137	0.998943	0.000952	-11.417682	-0.000952	0.998943	0.820382	
138	0.999282	0.000916	-11.625888	-0.000916	0.999282	0.765650	
139	0.999039	0.000721	-11.459499	-0.000721	0.999039	0.687706	
140	0.998866	0.000979	-11.292101	-0.000979	0.998866	0.719463	
141	0.998515	0.000815	-11.145741	-0.000815	0.998515	0.527856	
142	0.998397	0.000981	-11.268962	-0.000981	0.998397	0.642121	
143	0.998402	0.000901	-11.327901	-0.000901	0.998402	0.730992	
144	0.998117	0.001002	-11.061624	-0.001002	0.998117	0.829187	
145	0.997952	0.001463	-10.915987	-0.001463	0.997952	1.188241	
146	0.997683	0.001718	-10.582768	-0.001718	0.997683	1.217739	
147	0.995816	0.002028	-8.655258	-0.002028	0.995816	1.769377	
148	0.997760	0.001365	-10.231911	-0.001365	0.997760	1.187954	
149	0.997143	0.001527	-9.276902	-0.001527	0.997143	1.376115	
150	0.988870	0.001425	-1.035659	-0.001425	0.988870	1.522201	
151	0.996828	0.001483	-8.218452	-0.001483	0.996828	0.934879	
152	0.996574	0.001337	-7.680875	-0.001337	0.996574	1.301457	
153	0.993818	0.000977	-4.584703	-0.000977	0.993818	1.393349	
154	0.995382	0.001355	-5.921040	-0.001355	0.995382	1.709425	
155	0.993197	0.000763	-3.594208	-0.000763	0.993197	1.460434	
156	0.993727	0.001380	-3.908502	-0.001380	0.993727	1.620998	
157	0.992368	0.001168	-2.151101	-0.001168	0.992368	1.478135	
158	0.995213	0.001085	-4.716154	-0.001085	0.995213	1.337085	
159	0.995868	0.000498	-4.885891	-0.000498	0.995868	0.742949	
160	0.992682	0.001012	-1.302414	-0.001012	0.992682	1.361660	
161	0.994217	0.000605	-2.219625	-0.000605	0.994217	0.799762	
162	0.994304	0.000690	-1.783172	-0.000690	0.994304	0.793244	
163	0.993872	0.000852	-0.526660	-0.000852	0.993872	1.086335	
164	0.994916	0.000874	-0.656805	-0.000874	0.994916	1.015651	
165	0.995019	0.000992	-0.059929	-0.000992	0.995019	1.069309	
166	0.995244	0.001058	0.653922	-0.001058	0.995244	1.109489	
167	0.995905	0.000763	1.016298	-0.000763	0.995905	0.899110	
168	0.996138	0.000543	1.528825	-0.000543	0.996138	0.801238	
169	0.996608	0.000395	1.987994	-0.000395	0.996608	0.998671	
170	0.997585	-0.000074	1.836835	0.000074	0.997585	0.738303	
171	0.996839	0.000363	2.507526	-0.000363	0.996839	0.848228	
172	0.996880	0.000660	2.667032	-0.000660	0.996880	0.980683	
173	0.996912	0.000734	2.944307	-0.000734	0.996912	1.145095	
174	0.997989	0.000360	2.595101	-0.000360	0.997989	1.019230	
175	0.997628	0.000558	3.255514	-0.000558	0.997628	1.216886	
176	0.997749	0.000749	3.171413	-0.000749	0.997749	1.110566	
177	0.997927	0.000531	2.927124	-0.000531	0.997927	1.007830	
178	0.997841	0.000363	2.777224	-0.000363	0.997841	0.970367	
179	0.998830	-0.000201	2.017567	0.000201	0.998830	0.640761	
180	0.998147	0.000415	2.732741	-0.000415	0.998147	1.076061	
181	0.998046	0.000414	2.699868	-0.000414	0.998046	0.956068	
182	0.998353	0.000630	2.661655	-0.000630	0.998353	1.066281	
183	0.998636	0.000370	2.477462	-0.000370	0.998636	0.971110	
184	0.999051	0.000169	2.275291	-0.000169	0.999051	0.800603	
185	0.998527	0.000413	2.976600	-0.000413	0.998527	0.991390	
186	0.998678	0.000377	3.152568	-0.000377	0.998678	0.959558	
187	0.999701	0.000062	2.568418	-0.000062	0.999701	0.552995	
188	0.999049	0.000601	3.388415	-0.000601	0.999049	0.977252	
189	0.999991	-0.000047	2.592700	0.000047	0.999991	0.734195	
190	0.999397	0.000481	3.316382	-0.000481	0.999397	0.971805	
191	0.999535	0.000465	3.516295	-0.000465	0.999535	0.820758	
192	0.999647	0.000380	3.627396	-0.000380	0.999647	0.753518	
193	0.998001	0.000441	5.356431	-0.000441	0.998001	1.122214	
194	0.999863	0.000307	3.755764	-0.000307	0.999863	0.752996	
195	0.999955	0.000255	4.141668	-0.000255	0.999955	0.724837	
196	1.002093	-0.000230	2.445946	0.000230	1.002093	0.358608	
197	0.998324	0.000759	6.606064	-0.000759	0.998324	1.518754	
198	0.999871	0.000545	5.334881	-0.000545	0.999871	0.929609	
199	0.997799	0.000439	7.607709	-0.000439	0.997799	1.326731	
200	0.997580	0.000258	7.819560	-0.000258	0.997580	1.231824	
201	0.997877	0.000140	7.258587	-0.000140	0.997877	0.990880	
202	0.997208	0.000074	7.648498	-0.000074	0.997208	1.195575	
203	0.996700	0.000209	7.993119	-0.000209	0.996700	1.513534	
204	1.001450	-0.000147	3.432391	0.000147	1.001450	0.641520	
205	0.996978	0.000265	8.108294	-0.000265	0.996978	1.549927	
206	0.999912	0.000366	5.956925	-0.000366	0.999912	1.186692	
207	0.996805	0.000448	9.703288	-0.000448	0.996805	1.701288	
208	0.997250	0.000287	9.754339	-0.000287	0.997250	1.380644	
209	0.997080	0.000295	10.065161	-0.000295	0.997080	1.428814	
210	0.997131	0.000116	10.237303	-0.000116	0.997131	1.462429	
211	0.997224	0.000029	10.500222	-0.000029	0.997224	1.372326	
212	0.997569	-0.000055	11.021315	0.000055	0.997569	1.158685	
213	0.997461	-0.000131	11.830325	0.000131	0.997461	1.356869	
214	0.997693	-0.000128	11.960856	0.000128	0.997693	1.458937	
215	0.997727	-0.000049	12.515197	0.000049	0.997727	1.456799	
216	0.997845	-0.000168	12.513753	0.000168	0.997845	0.991042	
217	0.998135	-0.000516	12.335325	0.000516	0.998135	0.535609	
218	0.997918	-0.000126	12.690703	0.000126	0.997918	1.106685	
219	0.998037	-0.000580	12.826411	0.000580	0.998037	0.968081	
220	0.998181	-0.000705	12.973566	0.000705	0.998181	0.802716	
221	0.997941	-0.000656	13.342432	0.000656	0.997941	0.789680	
222	0.997618	-0.000547	13.935934	0.000547	0.997618	0.856295	
223	0.997350	-0.000689	14.257298	0.000689	0.997350	0.881850	
224	0.997279	-0.000504	14.566062	0.000504	0.997279	0.852815	
225	0.997423	-0.000584	14.745390	0.000584	0.997423	0.783998	
226	0.997266	-0.000527	15.154946	0.000527	0.997266	0.809511	
227	0.997565	-0.000618	15.050856	0.000618	0.997565	0.617991	
228	0.997247	-0.000648	15.240713	0.000648	0.997247	0.712271	
229	0.996946	-0.000725	15.513745	0.000725	0.996946	0.803221	
230	0.996769	-0.000791	15.416655	0.000791	0.996769	0.638519	
231	0.996422	-0.000730	15.270218	0.000730	0.996422	0.938188	
232	0.996281	-0.000712	14.892676	0.000712	0.996281	1.062775	
233	0.996644	-0.000708	14.010295	0.000708	0.996644	0.811805	
234	0.996565	-0.000718	13.238485	0.000718	0.996565	0.602084	
235	0.996633	-0.000618	12.323379	0.000618	0.996633	0.721844	
236	0.996917	-0.000612	11.751554	0.000612	0.996917	0.876236	
237	0.996738	-0.000605	11.584739	0.000605	0.996738	0.778772	
238	0.997095	-0.000587	11.109989	0.000587	0.997095	0.672926	
239	0.997219	-0.000582	10.817861	0.000582	0.997219	0.867580	
240	0.997488	-0.000558	10.239266	0.000558	0.997488	0.723014	
241	0.997538	-0.000544	9.844369	0.000544	0.997538	0.584661	
242	0.997680	-0.000549	9.308887	0.000549	0.997680	0.539862	
243	0.998082	-0.000489	8.626320	0.000489	0.998082	0.409144	
244	0.998489	-0.000542	7.823022	0.000542	0.998489	0.222976	
245	0.998647	-0.000379	6.955732	0.000379	0.998647	0.373239	
246	0.998653	-0.000336	6.685295	0.000336	0.998653	0.398453	
247	0.999596	-0.000038	5.461907	0.000038	0.999596	0.274655	
248	0.999704	-0.000065	5.252626	0.000065	0.999704	0.062258	
249	0.999887	0.000018	4.981773	-0.000018	0.999887	0.101541	
250	1.000126	-0.000007	4.630407	0.000007	1.000126	-0.167136	
251	1.000264	0.000123	4.436266	-0.000123	1.000264	-0.106195	
252	1.000383	0.000139	4.401043	-0.000139	1.000383	-0.303197	
253	1.000414	-0.000018	4.317498	0.000018	1.000414	-0.482513	
254	1.000503	0.000101	4.120903	-0.000101	1.000503	-0.465151	
255	1.000460	0.000060	3.910248	-0.000060	1.000460	-0.416182	
256	1.000412	-0.000031	3.647461	0.000031	1.000412	-0.524793	
257	1.000467	-0.000004	3.277343	0.000004	1.000467	-0.488933	
258	1.000289	0.000119	3.025612	-0.000119	1.000289	-0.279434	
259	1.000325	0.000093	2.860712	-0.000093	1.000325	-0.318191	
260	1.000422	0.000065	2.649943	-0.000065	1.000422	-0.393886	
261	1.000314	0.000030	2.577236	-0.000030	1.000314	-0.339735	
262	1.000302	0.000048	2.435411	-0.000048	1.000302	-0.382280	
263	1.000314	0.000050	2.229564	-0.000050	1.000314	-0.321514	
264	1.000323	0.000068	2.191141	-0.000068	1.000323	-0.205166	
265	1.000279	0.000081	2.270499	-0.000081	1.000279	-0.085568	
266	1.000278	0.000092	2.322632	-0.000092	1.000278	-0.192982	
267	1.000297	0.000083	2.430556	-0.000083	1.000297	-0.054585	
268	1.000307	0.000200	2.479782	-0.000200	1.000307	-0.071454	
269	1.000379	0.000120	2.583186	-0.000120	1.000379	-0.085085	
270	1.000378	0.000071	2.696190	-0.000071	1.000378	-0.130333	
271	1.000272	0.000044	2.764793	-0.000044	1.000272	-0.099141	
272	1.000354	0.000062	2.637260	-0.000062	1.000354	-0.259803	
273	1.000309	0.000019	2.568729	-0.000019	1.000309	-0.334102	
274	1.000289	0.000031	2.420257	-0.000031	1.000289	-0.355525	
275	1.000248	0.000004	2.324767	-0.000004	1.000248	-0.342408	
276	1.000261	0.000008	2.054212	-0.000008	1.000261	-0.442322	
277	1.000233	-0.000041	1.679139	0.000041	1.000233	-0.498639	
278	1.000140	0.000116	1.190589	-0.000116	1.000140	-0.538153	
279	1.000063	0.000008	0.709953	-0.000008	1.000063	-0.876533	
280	1.000041	-0.000011	0.189838	0.000011	1.000041	-0.944443	
281	0.999887	0.000081	-0.084778	-0.000081	0.999887	-0.890489	
282	0.999996	0.000047	-0.135622	-0.000047	0.999996	-0.989772	
283	0.999987	0.000028	-0.138289	-0.000028	0.999987	-1.112185	
284	1.000004	0.000087	-0.226244	-0.000087	1.000004	-1.145299	
285	1.000066	0.000021	-0.362749	-0.000021	1.000066	-1.084216	
286	1.000006	0.000029	-0.494524	-0.000029	1.000006	-1.044176	
287	1.000015	0.000082	-0.616052	-0.000082	1.000015	-1.002121	
288	0.999969	0.000052	-0.727533	-0.000052	0.999969	-0.977716	
289	0.999990	0.000059	-0.854106	-0.000059	0.999990	-0.958410	
290	0.999975	0.000005	-0.869128	-0.000005	0.999975	-0.901507	
291	1.000012	0.000039	-1.006867	-0.000039	1.000012	-0.910429	
292	1.000043	0.000002	-1.032481	-0.000002	1.000043	-0.800284	
293	1.000025	-0.000005	-1.064397	0.000005	1.000025	-0.787800	
294	0.999970	0.000031	-1.022623	-0.000031	0.999970	-0.844029	
295	0.999947	0.000041	-1.008837	-0.000041	0.999947	-0.832584	
296	0.999943	0.000021	-0.964242	-0.000021	0.999943	-0.768819	
297	0.999955	0.000013	-0.908032	-0.000013	0.999955	-0.614483	
298	1.000024	0.000047	-0.950691	-0.000047	1.000024	-0.598680	
299	1.000076	0.000099	-0.973431	-0.000099	1.000076	-0.610945	
300	1.000052	0.000071	-1.024967	-0.000071	1.000052	-0.661743	
301	1.000140	-0.000089	-1.038787	0.000089	1.000140	-0.545579	
302	1.000125	-0.000030	-1.085293	0.000030	1.000125	-0.419201	
303	1.000135	-0.000065	-1.141135	0.000065	1.000135	-0.516551	
304	1.000058	-0.000052	-1.107708	0.000052	1.000058	-0.541178	
305	1.000078	-0.000097	-1.270809	0.000097	1.000078	-0.553821	
306	1.000092	-0.000072	-1.406224	0.000072	1.000092	-0.431395	
307	1.000089	-0.000073	-1.662896	0.000073	1.000089	-0.408226	
308	1.000099	-0.000022	-2.027351	0.000022	1.000099	-0.429514	
309	0.999891	-0.000053	-2.174261	0.000053	0.999891	-0.582670	
310	0.999989	-0.000081	-2.336815	0.000081	0.999989	-0.632406	
311	1.000002	-0.000134	-2.367024	0.000134	1.000002	-0.512103	
312	0.999962	-0.000049	-2.248984	0.000049	0.999962	-0.302344	
313	0.999968	0.000016	-2.140078	-0.000016	0.999968	-0.273749	
314	1.000003	-0.000030	-2.005167	0.000030	1.000003	-0.398228	
315	0.999994	0.000040	-1.975870	-0.000040	0.999994	-0.478893	
316	0.999960	0.000093	-1.925072	-0.000093	0.999960	-0.463879	
317	0.999996	0.000035	-1.959573	-0.000035	0.999996	-0.445351	
318	1.000012	0.000094	-1.940711	-0.000094	1.000012	-0.477198	
319	1.000065	0.000049	-1.787200	-0.000049	1.000065	-0.542409	
320	1.000072	-0.000012	-1.723487	0.000012	1.000072	-0.507951	
321	1.000092	-0.000039	-1.580448	0.000039	1.000092	-0.457063	
322	0.999936	-0.000055	-1.560703	0.000055	0.999936	-0.309390	
323	1.000115	-0.000106	-1.872345	0.000106	1.000115	-0.416455	
324	1.000031	0.000055	-1.933656	-0.000055	1.000031	-0.237757	
325	1.000151	0.000071	-1.640831	-0.000071	1.000151	-0.145100	
326	1.000122	-0.000066	-1.417091	0.000066	1.000122	0.054647	
327	1.000091	-0.000025	-1.391366	0.000025	1.000091	0.123677	
328	1.000201	0.000026	-1.300959	-0.000026	1.000201	0.107495	
329	1.000320	-0.000001	-1.209783	0.000001	1.000320	0.083638	
330	1.000325	-0.000033	-1.068085	0.000033	1.000325	-0.044341	
331	1.000340	-0.000096	-0.973685	0.000096	1.000340	-0.063573	
332	1.000294	-0.000027	-0.898715	0.000027	1.000294	0.077857	
333	1.000186	-0.000059	-0.774652	0.000059	1.000186	0.063827	
334	1.000250	0.000044	-0.837100	-0.000044	1.000250	0.132706	
335	1.000190	0.000063	-0.765119	-0.000063	1.000190	0.175298	
336	1.000187	0.000046	-0.784401	-0.000046	1.000187	0.156833	
337	1.000217	-0.000032	-0.810737	0.000032	1.000217	-0.002728	
338	1.000203	0.000028	-0.778421	-0.000028	1.000203	0.039986	
339	1.000258	-0.000002	-0.775788	0.000002	1.000258	0.032615	
340	1.000280	-0.000102	-0.794544	0.000102	1.000280	-0.045607	
341	1.000121	0.000072	-0.867040	-0.000072	1.000121	0.021430	
342	1.000121	0.000091	-0.849029	-0.000091	1.000121	0.113388	
343	1.000107	0.000080	-0.907968	-0.000080	1.000107	0.018276	
344	1.000077	0.000043	-0.928485	-0.000043	1.000077	-0.008611	
345	1.000088	0.000074	-0.933085	-0.000074	1.000088	0.038227	
346	1.000066	-0.000024	-0.991878	0.000024	1.000066	0.037395	
347	1.000063	0.000010	-0.935037	-0.000010	1.000063	0.008484	
348	1.000147	0.000014	-1.000627	-0.000014	1.000147	0.035665	
349	1.000170	-0.000044	-1.035258	0.000044	1.000170	0.046632	
350	1.000066	-0.000069	-1.047051	0.000069	1.000066	-0.012062	
351	1.000064	0.000032	-1.044241	-0.000032	1.000064	0.002156	
352	1.000105	0.000102	-1.068289	-0.000102	1.000105	-0.082972	
353	1.000059	-0.000002	-1.078597	0.000002	1.000059	-0.003346	
354	1.000064	0.000056	-1.042556	-0.000056	1.000064	0.024453	
355	1.000047	0.000075	-1.033352	-0.000075	1.000047	0.062385	
356	0.999934	0.000006	-1.043352	-0.000006	0.999934	-0.008012	
357	1.000083	0.000047	-0.998780	-0.000047	1.000083	-0.032690	
358	1.000102	0.000099	-0.998521	-0.000099	1.000102	0.050324	
359	1.000108	0.000080	-1.021587	-0.000080	1.000108	0.057461	
360	1.000049	0.000047	-0.992994	-0.000047	1.000049	-0.039543	
361	1.000094	0.000099	-0.911785	-0.000099	1.000094	-0.002832	
362	1.000106	0.000026	-0.882442	-0.000026	1.000106	-0.017770	
363	0.999901	-0.000049	-0.899975	0.000049	0.999901	-0.010178	
364	1.000029	0.000024	-0.958616	-0.000024	1.000029	0.014592	
365	1.000035	0.000033	-0.927744	-0.000033	1.000035	0.021717	
366	1.000080	0.000061	-0.973995	-0.000061	1.000080	-0.077592	
367	0.999999	0.000084	-0.896894	-0.000084	0.999999	-0.014701	
368	1.000158	0.000064	-1.041019	-0.000064	1.000158	-0.081939	
369	1.000166	0.000075	-1.095430	-0.000075	1.000166	-0.052537	
370	1.000561	0.000040	-1.371212	-0.000040	1.000561	-0.268624	
371	1.000734	0.000124	-1.542748	-0.000124	1.000734	-0.312179	
372	1.000752	0.000105	-1.661284	-0.000105	1.000752	-0.466852	
373	1.000983	0.000094	-1.942992	-0.000094	1.000983	-0.564292	
374	1.001137	-0.000032	-2.128368	0.000032	1.001137	-0.452396	
375	1.001009	0.000018	-2.279861	-0.000018	1.001009	-0.395075	
376	1.000957	0.000017	-2.389158	-0.000017	1.000957	-0.527763	
377	1.001193	-0.000082	-2.503323	0.000082	1.001193	-0.656187	
378	1.001391	0.000112	-2.496702	-0.000112	1.001391	-0.433556	
379	1.001401	0.000059	-2.524370	-0.000059	1.001401	-0.411927	
380	1.001365	-0.000090	-2.628806	0.000090	1.001365	-0.513429	
381	1.001436	-0.000073	-2.850647	0.000073	1.001436	-0.757247	
382	1.001402	-0.000011	-3.206613	0.000011	1.001402	-0.687905	
383	1.001265	-0.000065	-3.680043	0.000065	1.001265	-0.674257	
384	1.001004	-0.000299	-4.177240	0.000299	1.001004	-0.490572	
385	1.000782	-0.000253	-4.973783	0.000253	1.000782	-0.389069	
386	1.001550	0.000189	-7.095437	-0.000189	1.001550	-0.651127	
387	1.000490	-0.000272	-7.308908	0.000272	1.000490	-0.575203	
388	1.001729	0.000171	-10.478084	-0.000171	1.001729	-0.191464	
389	1.001658	0.000314	-11.748626	-0.000314	1.001658	0.212691	
390	1.001620	0.000446	-13.124973	-0.000446	1.001620	-0.049898	
391	1.001800	0.000240	-14.834233	-0.000240	1.001800	-0.272533	
392	1.002139	0.000644	-16.405537	-0.000644	1.002139	0.048783	
393	1.002250	0.000691	-17.985734	-0.000691	1.002250	0.035265	
394	1.001708	0.000745	-19.075492	-0.000745	1.001708	0.252794	
395	1.001506	0.000884	-19.952599	-0.000884	1.001506	0.352481	
396	1.002011	0.000859	-21.165165	-0.000859	1.002011	0.191622	
397	1.001791	0.000932	-21.821287	-0.000932	1.001791	0.551490	
398	1.000990	0.001184	-21.923475	-0.001184	1.000990	1.059417	
399	1.001903	0.001415	-23.370300	-0.001415	1.001903	0.649412	
400	1.001648	0.001238	-24.143530	-0.001238	1.001648	0.709161	
401	1.001762	0.001318	-24.993263	-0.001318	1.001762	1.003736	
402	1.001392	0.001361	-25.421196	-0.001361	1.001392	1.318598	
403	1.001008	0.001401	-25.857094	-0.001401	1.001008	1.378269	
404	1.000997	0.001339	-26.281422	-0.001339	1.000997	1.227331	
405	1.001413	0.001451	-26.717224	-0.001451	1.001413	1.294513	
406	1.000290	0.001597	-25.923867	-0.001597	1.000290	1.636752	
407	1.000376	0.000472	-26.640621	-0.000472	1.000376	0.848456	
408	0.999813	0.001457	-25.854256	-0.001457	0.999813	1.736942	
409	0.998679	0.001955	-25.080919	-0.001955	0.998679	2.162406	
410	0.999103	0.001986	-25.532189	-0.001986	0.999103	2.226905	
411	0.999221	0.001847	-25.696550	-0.001847	0.999221	2.109779	
412	0.999327	0.001877	-25.950847	-0.001877	0.999327	2.019140	
413	0.998558	0.001840	-25.460610	-0.001840	0.998558	1.978398	
414	0.996275	0.001123	-23.671751	-0.001123	0.996275	1.799094	
415	0.995709	0.002217	-22.898083	-0.002217	0.995709	2.772876	
416	0.996833	0.001649	-24.353604	-0.001649	0.996833	2.056586	
417	0.995507	0.002162	-22.976038	-0.002162	0.995507	2.778543	
418	0.994855	0.002686	-21.929521	-0.002686	0.994855	3.555707	
419	0.997617	0.001763	-24.660270	-0.001763	0.997617	2.287542	
420	0.995902	0.005052	-22.130704	-0.005052	0.995902	5.396729	
421	0.996395	0.002857	-22.716066	-0.002857	0.996395	3.496915	
422	0.997488	0.002696	-23.123272	-0.002696	0.997488	3.147109	
423	0.997578	0.001992	-23.043418	-0.001992	0.997578	2.314737	
424	0.995417	0.002846	-20.147624	-0.002846	0.995417	3.418020	
425	0.997550	0.001999	-22.063701	-0.001999	0.997550	2.305147	
426	0.996948	0.001713	-21.194560	-0.001713	0.996948	2.050555	
427	0.998163	0.002394	-21.709896	-0.002394	0.998163	2.378219	
428	0.997748	0.001460	-21.386102	-0.001460	0.997748	1.930658	
429	0.999968	0.002273	-22.490586	-0.002273	0.999968	2.003596	
430	0.998256	0.002235	-20.789557	-0.002235	0.998256	1.818760	
431	0.999180	0.001660	-21.183723	-0.001660	0.999180	1.326023	
432	0.999290	0.001772	-20.689366	-0.001772	0.999290	1.506516	
433	0.997411	0.002010	-18.687767	-0.002010	0.997411	1.990801	
434	0.995981	0.002217	-16.858826	-0.002217	0.995981	2.096809	
435	0.999858	0.001628	-20.055480	-0.001628	0.999858	0.820703	
436	0.998410	0.001579	-18.363014	-0.001579	0.998410	1.275108	
437	0.996323	0.002009	-16.098356	-0.002009	0.996323	2.170620	
438	0.998008	0.001976	-17.513727	-0.001976	0.998008	1.444603	
439	1.000479	0.002936	-18.397238	-0.002936	1.000479	1.359458	
440	0.997941	0.001500	-17.033109	-0.001500	0.997941	0.976811	
441	1.000140	0.001662	-18.527959	-0.001662	1.000140	1.068227	
442	0.998184	0.002050	-16.408555	-0.002050	0.998184	1.713352	
443	0.998568	0.001919	-16.487979	-0.001919	0.998568	1.411182	
444	0.997761	0.001582	-15.291542	-0.001582	0.997761	0.997956	
445	0.998687	0.001417	-15.732368	-0.001417	0.998687	0.711479	
446	0.997604	0.001476	-14.336279	-0.001476	0.997604	0.986494	
447	0.999381	0.001577	-15.297423	-0.001577	0.999381	0.940557	
448	0.997987	0.001577	-13.703646	-0.001577	0.997987	1.099770	
449	0.997701	0.001605	-13.019938	-0.001605	0.997701	1.302607	
450	0.999713	0.001716	-13.942252	-0.001716	0.999713	1.060112	
451	0.998191	0.001743	-12.315040	-0.001743	0.998191	1.457246	
452	0.998121	0.001802	-11.755875	-0.001802	0.998121	1.485746	
453	0.997957	0.001585	-11.203346	-0.001585	0.997957	1.315999	
454	0.999686	0.001361	-12.263964	-0.001361	0.999686	0.761124	
455	0.998861	0.001137	-11.307615	-0.001137	0.998861	0.843426	
456	0.998075	0.001064	-10.101031	-0.001064	0.998075	0.929052	
457	0.997688	0.001407	-9.442172	-0.001407	0.997688	1.217216	
458	0.998376	0.001261	-9.722484	-0.001261	0.998376	0.961282	
459	0.998170	0.001393	-9.196417	-0.001393	0.998170	1.108663	
460	0.998987	0.000986	-9.757879	-0.000986	0.998987	0.709657	
461	0.998199	0.001386	-8.966643	-0.001386	0.998199	1.325644	
462	0.997824	0.001284	-8.592022	-0.001284	0.997824	1.387876	
463	0.998062	0.000996	-8.632258	-0.000996	0.998062	0.833235	
464	0.994697	0.000508	-4.793152	-0.000508	0.994697	0.810264	
465	0.997640	0.001061	-7.512409	-0.001061	0.997640	0.950625	
466	0.997761	0.000926	-7.404466	-0.000926	0.997761	1.327340	
467	0.998757	0.001003	-8.120767	-0.001003	0.998757	1.419435	
468	0.998606	0.001303	-7.869458	-0.001303	0.998606	1.501533	
469	0.999071	0.000935	-8.263957	-0.000935	0.999071	1.013312	
470	0.998868	0.000962	-8.026586	-0.000962	0.998868	0.907910	
471	0.993698	0.000332	-2.913994	-0.000332	0.993698	0.828537	
472	0.992805	0.000176	-1.587962	-0.000176	0.992805	0.980078	
473	0.999444	0.000904	-7.958893	-0.000904	0.999444	1.031037	
474	0.999525	0.000776	-7.973494	-0.000776	0.999525	0.726391	
475	0.994189	0.000622	-2.748485	-0.000622	0.994189	1.072072	
476	0.999290	0.000976	-7.692512	-0.000976	0.999290	1.147248	
477	0.994803	0.000704	-3.322800	-0.000704	0.994803	1.351663	
478	0.999496	0.000886	-8.007400	-0.000886	0.999496	1.041914	
479	0.999670	0.000736	-8.123057	-0.000736	0.999670	0.876676	
480	0.999914	0.000836	-8.231209	-0.000836	0.999914	0.881467	
481	0.999375	0.000588	-7.860475	-0.000588	0.999375	0.754602	
482	0.999508	0.000648	-8.090433	-0.000648	0.999508	0.815381	
483	0.999509	0.000878	-8.155208	-0.000878	0.999509	1.070130	
484	0.995218	0.000670	-3.971791	-0.000670	0.995218	1.260425	
485	0.999720	0.000999	-8.274169	-0.000999	0.999720	1.119171	
486	1.000288	0.000808	-8.461285	-0.000808	1.000288	0.854469	
487	0.999801	0.000792	-7.814606	-0.000792	0.999801	0.937227	
488	0.999977	0.000492	-7.688709	-0.000492	0.999977	0.912659	
489	0.999824	0.000465	-7.339408	-0.000465	0.999824	0.842493	
490	0.999886	0.000563	-7.377471	-0.000563	0.999886	0.837481	
491	0.999692	0.000673	-7.311645	-0.000673	0.999692	0.896942	
492	0.999871	0.000676	-7.343483	-0.000676	0.999871	0.935199	
493	1.000051	0.000920	-7.255614	-0.000920	1.000051	1.138712	
494	0.999974	0.000696	-6.671993	-0.000696	0.999974	1.030888	
495	0.999756	0.000573	-5.945785	-0.000573	0.999756	0.989916	
496	0.999793	0.000480	-5.187612	-0.000480	0.999793	0.888784	
497	0.998430	0.000120	-3.366164	-0.000120	0.998430	0.699931	
498	0.999036	0.000123	-3.218184	-0.000123	0.999036	0.765000	
499	0.999527	0.000010	-2.679931	-0.000010	0.999527	0.684171	
500	0.999533	0.000164	-1.775732	-0.000164	0.999533	0.629944	
501	0.999892	0.000273	-0.851132	-0.000273	0.999892	0.751077	
502	1.000485	0.000267	-0.161634	-0.000267	1.000485	0.629391	
503	1.000646	0.000164	0.040252	-0.000164	1.000646	0.529195	
504	1.000693	0.000152	-0.067644	-0.000152	1.000693	0.397181	
505	1.000672	0.000175	0.357802	-0.000175	1.000672	0.347721	
506	1.000550	0.000218	0.877727	-0.000218	1.000550	0.222541	
507	1.000915	0.000243	1.076598	-0.000243	1.000915	0.211531	
508	1.001295	0.000287	1.229658	-0.000287	1.001295	0.286161	
509	1.001294	0.000429	1.460111	-0.000429	1.001294	0.220215	
510	1.001413	0.000353	1.487908	-0.000353	1.001413	0.202284	
511	1.001455	0.000435	1.676421	-0.000435	1.001455	0.176758	
512	1.001334	0.000363	1.883249	-0.000363	1.001334	0.188841	
513	1.001830	0.000360	1.610747	-0.000360	1.001830	0.178944	
514	1.001278	0.000284	2.352845	-0.000284	1.001278	0.297346	
515	1.001646	0.000306	2.412940	-0.000306	1.001646	0.299331	
516	1.002211	0.000196	2.107426	-0.000196	1.002211	0.183749	
517	1.001563	0.000196	2.844402	-0.000196	1.001563	0.118395	
518	1.001740	0.000281	2.851826	-0.000281	1.001740	0.184191	
519	1.001626	0.000270	2.901619	-0.000270	1.001626	0.205835	
520	1.001738	0.000331	2.842206	-0.000331	1.001738	0.254039	
521	1.001814	0.000435	2.903916	-0.000435	1.001814	0.225524	
522	1.002440	0.000174	2.464060	-0.000174	1.002440	0.101451	
523	1.001804	0.000313	3.000925	-0.000313	1.001804	0.278383	
524	1.002072	0.000277	2.759921	-0.000277	1.002072	0.148275	
525	1.002060	0.000159	2.762339	-0.000159	1.002060	0.091068	
526	1.002501	0.000157	2.295411	-0.000157	1.002501	-0.033865	
527	1.002335	0.000136	2.373935	-0.000136	1.002335	-0.097246	
528	1.002349	0.000179	2.280639	-0.000179	1.002349	-0.063732	
529	1.002310	0.000202	2.248289	-0.000202	1.002310	-0.117989	
530	1.002115	0.000455	2.198932	-0.000455	1.002115	-0.048383	
531	1.002169	0.000459	1.902724	-0.000459	1.002169	-0.036706	
532	1.002039	0.000453	1.617145	-0.000453	1.002039	-0.015406	
533	1.002116	0.000357	1.255085	-0.000357	1.002116	-0.032959	
534	1.002013	0.000199	1.135903	-0.000199	1.002013	-0.152862	
535	1.002146	0.000153	0.839326	-0.000153	1.002146	-0.261357	
536	1.002099	0.000237	0.736500	-0.000237	1.002099	-0.320913	
537	1.002034	0.000248	0.678366	-0.000248	1.002034	-0.289448	
538	1.002032	0.000257	0.503207	-0.000257	1.002032	-0.248666	
539	1.002096	0.000419	0.407504	-0.000419	1.002096	-0.149761	
540	1.002065	0.000579	0.328228	-0.000579	1.002065	-0.146614	
541	1.002130	0.000534	0.256755	-0.000534	1.002130	-0.067164	
542	1.002128	0.000372	0.361658	-0.000372	1.002128	-0.100590	
543	1.002100	0.000326	0.407750	-0.000326	1.002100	-0.196576	
544	1.002182	0.000286	0.396920	-0.000286	1.002182	-0.308055	
545	1.002329	0.000308	0.274046	-0.000308	1.002329	-0.196590	
546	1.002105	0.000074	0.384063	-0.000074	1.002105	-0.273244	
547	1.002021	0.000246	0.324171	-0.000246	1.002021	-0.124499	
548	1.002121	0.000317	0.164860	-0.000317	1.002121	-0.034777	
549	1.001957	0.000386	0.140080	-0.000386	1.001957	0.018296	
550	1.002002	0.000492	0.068739	-0.000492	1.002002	0.020203	
551	1.002101	0.000432	0.010518	-0.000432	1.002101	0.040155	
552	1.001941	0.000313	-0.026852	-0.000313	1.001941	-0.065869	
553	1.001978	0.000161	-0.122336	-0.000161	1.001978	-0.205987	
554	1.001860	0.000141	-0.168973	-0.000141	1.001860	-0.274302	
555	1.001747	0.000015	-0.217727	-0.000015	1.001747	-0.389862	
556	1.001927	0.000161	-0.299634	-0.000161	1.001927	-0.237574	
557	1.001954	0.000235	-0.329333	-0.000235	1.001954	-0.167393	
558	1.002017	0.000411	-0.350323	-0.000411	1.002017	-0.181487	
559	1.002041	0.000371	-0.297513	-0.000371	1.002041	-0.187377	
560	1.002068	0.000544	-0.142106	-0.000544	1.002068	-0.103903	
561	1.002068	0.000383	-0.030814	-0.000383	1.002068	-0.219146	
562	1.002019	0.000245	0.200087	-0.000245	1.002019	-0.381253	
563	1.001819	0.000142	0.438516	-0.000142	1.001819	-0.484959	
564	1.001803	0.000073	0.708258	-0.000073	1.001803	-0.444843	
565	1.001766	0.000096	1.009295	-0.000096	1.001766	-0.282484	
566	1.001678	0.000215	1.381219	-0.000215	1.001678	-0.134171	
567	1.001571	0.000370	1.708347	-0.000370	1.001571	-0.020315	
568	1.001755	0.000457	1.695461	-0.000457	1.001755	-0.169692	
569	1.001553	0.000242	1.768439	-0.000242	1.001553	-0.072272	
570	1.001612	0.000189	1.508241	-0.000189	1.001612	-0.012687	
571	1.001421	0.000022	1.432240	-0.000022	1.001421	-0.172650	
572	1.001378	-0.000011	1.431802	0.000011	1.001378	-0.219316	
573	1.001251	-0.000083	1.514343	0.000083	1.001251	-0.142594	
574	1.001136	-0.000026	1.592645	0.000026	1.001136	-0.024921	
575	1.001045	0.000069	1.633971	-0.000069	1.001045	-0.009895	
576	1.001002	0.000040	1.774148	-0.000040	1.001002	0.095967	
577	1.000938	0.000120	1.917774	-0.000120	1.000938	0.180977	
578	1.000945	0.000102	1.892045	-0.000102	1.000945	0.136703	
579	1.001005	0.000143	2.026946	-0.000143	1.001005	0.183812	
580	1.001286	0.000090	2.239262	-0.000090	1.001286	0.366741	
581	1.001265	-0.000091	2.327064	0.000091	1.001265	0.322385	
582	1.001319	0.000002	2.456602	-0.000002	1.001319	0.181472	
583	1.001494	0.000139	2.964084	-0.000139	1.001494	0.190173	
584	1.001597	-0.000062	3.393454	0.000062	1.001597	0.075692	
585	1.001468	-0.000017	3.194319	0.000017	1.001468	0.120419	
586	1.001203	0.000052	2.384689	-0.000052	1.001203	0.164064	
587	1.000951	0.000076	1.459219	-0.000076	1.000951	0.225346	
588	1.000533	0.000090	0.499402	-0.000090	1.000533	0.098471	
589	1.000285	0.000071	-0.310395	-0.000071	1.000285	0.035254	
590	1.000210	0.000217	-0.506566	-0.000217	1.000210	0.266473	
591	0.999974	-0.000024	-0.775243	0.000024	0.999974	0.303870	
592	0.999882	-0.000020	-1.541183	0.000020	0.999882	0.336856	
593	0.999454	0.000063	-2.070221	-0.000063	0.999454	0.172993	
594	0.998723	-0.000127	-2.015082	0.000127	0.998723	0.099271	
595	0.999322	-0.000081	-3.122677	0.000081	0.999322	0.134253	
596	0.999254	0.000084	-3.358246	-0.000084	0.999254	0.427290	
597	0.999235	-0.000045	-3.506877	0.000045	0.999235	0.453771	
598	0.999292	-0.000048	-3.774381	0.000048	0.999292	0.497032	
599	0.999357	0.000059	-3.891592	-0.000059	0.999357	0.591027	
600	1.000578	0.000498	-5.084484	-0.000498	1.000578	0.606362	
601	0.999160	0.000098	-3.727392	-0.000098	0.999160	0.397296	
602	0.999170	0.000064	-3.650205	-0.000064	0.999170	0.536661	
603	0.998694	-0.000332	-3.382191	0.000332	0.998694	0.468988	
604	0.999377	0.000103	-3.883290	-0.000103	0.999377	0.546444	
605	0.999406	0.000078	-3.924869	-0.000078	0.999406	0.532081	
606	0.999474	0.000100	-4.074975	-0.000100	0.999474	0.480970	
607	1.000534	0.000241	-5.283720	-0.000241	1.000534	0.651019	
608	0.999329	0.000224	-4.238068	-0.000224	0.999329	0.742765	
609	0.999295	0.000149	-4.221119	-0.000149	0.999295	0.752953	
610	1.000948	0.000360	-6.142641	-0.000360	1.000948	0.640797	
611	0.999021	-0.000087	-4.509423	0.000087	0.999021	0.476864	
612	0.998057	-0.000132	-4.013603	0.000132	0.998057	0.821701	
613	1.000499	0.000271	-6.889251	-0.000271	1.000499	0.977554	
614	1.001035	0.000332	-7.571371	-0.000332	1.001035	0.794022	
615	1.000825	0.000350	-7.077286	-0.000350	1.000825	0.871772	
616	1.000939	0.000519	-7.131166	-0.000519	1.000939	1.259108	
617	1.001435	0.000641	-7.594531	-0.000641	1.001435	1.050940	
618	1.001233	0.000421	-7.535140	-0.000421	1.001233	1.048897	
619	1.001098	0.000330	-7.565121	-0.000330	1.001098	1.101500	
620	1.001383	0.000409	-7.983061	-0.000409	1.001383	1.235648	
621	1.001235	0.000153	-7.945637	-0.000153	1.001235	1.042514	
622	1.001472	0.000534	-8.223691	-0.000534	1.001472	1.139846	
623	1.001435	0.000653	-8.293121	-0.000653	1.001435	1.238828	
624	1.001230	0.000260	-8.239205	-0.000260	1.001230	0.859124	
625	1.001237	0.000359	-8.223582	-0.000359	1.001237	1.070798	
626	1.001473	0.000499	-8.339709	-0.000499	1.001473	1.183379	
627	1.001191	0.000326	-7.898415	-0.000326	1.001191	0.999492	
628	0.994848	-0.000320	-1.785829	0.000320	0.994848	1.018722	
629	1.001425	0.000328	-8.030258	-0.000328	1.001425	0.450446	
630	0.998896	-0.000230	-5.711530	0.000230	0.998896	0.434932	
631	1.001263	0.000851	-7.840122	-0.000851	1.001263	1.057720	
632	0.995118	0.000456	-2.144382	-0.000456	0.995118	1.315404	
633	1.001542	0.000858	-7.944746	-0.000858	1.001542	1.016477	
634	1.001418	0.000471	-8.038522	-0.000471	1.001418	0.405380	
635	1.001395	0.000145	-7.952531	-0.000145	1.001395	-0.047921	
636	1.001633	0.000692	-7.973018	-0.000692	1.001633	0.450134	
637	0.995283	0.000305	-2.241078	-0.000305	0.995283	0.813921	
638	1.001232	0.000183	-8.069906	-0.000183	1.001232	-0.109250	
