0	1.000000	0.000000	0.000000	0.000000	1.000000	0.000000	
1	1.000051	-0.000338	0.456010	0.000338	1.000051	-0.119638	
2	1.000024	-0.000349	0.498809	0.000349	1.000024	0.042484	
3	1.000051	-0.000229	0.534723	0.000229	1.000051	0.581732	
4	1.000098	-0.000119	0.682967	0.000119	1.000098	0.893797	
5	1.000097	-0.000216	0.755344	0.000216	1.000097	0.923395	
6	1.000134	-0.000140	0.853789	0.000140	1.000134	0.869283	
7	1.000076	-0.000209	0.943467	0.000209	1.000076	0.504250	
8	1.000101	-0.000207	0.907965	0.000207	1.000101	-0.086676	
9	1.000019	-0.000284	1.009534	0.000284	1.000019	-0.320006	
10	1.000054	-0.000314	1.055301	0.000314	1.000054	-0.493285	
11	0.999952	-0.000394	1.144731	0.000394	0.999952	-0.551969	
12	1.000057	-0.000336	1.124577	0.000336	1.000057	-0.189169	
13	1.000055	-0.000336	1.159256	0.000336	1.000055	0.201226	
14	1.000110	-0.000303	1.054001	0.000303	1.000110	0.230179	
15	1.000089	-0.000279	0.959945	0.000279	1.000089	0.128523	
16	1.000084	-0.000177	0.849398	0.000177	1.000084	0.223700	
17	1.000121	-0.000181	0.686118	0.000181	1.000121	0.035432	
18	1.000084	-0.000235	0.568292	0.000235	1.000084	-0.247044	
19	1.000077	-0.000387	0.414893	0.000387	1.000077	-0.382161	
20	1.000094	-0.000421	0.300804	0.000421	1.000094	-0.328368	
21	1.000120	-0.000413	0.285352	0.000413	1.000120	-0.279367	
22	1.000159	-0.000429	0.250013	0.000429	1.000159	-0.375309	
23	1.000222	-0.000470	0.167951	0.000470	1.000222	-0.421639	
24	1.000240	-0.000383	-0.060890	0.000383	1.000240	-0.249588	
25	1.000280	-0.000358	-0.180468	0.000358	1.000280	-0.184203	
26	1.000338	-0.000339	-0.243605	0.000339	1.000338	-0.137375	
27	1.000328	-0.000333	-0.280381	0.000333	1.000328	-0.124798	
28	1.000204	-0.000383	-0.133923	0.000383	1.000204	-0.155348	
29	1.000216	-0.000422	-0.068843	0.000422	1.000216	-0.120110	
30	1.000286	-0.000467	-0.048710	0.000467	1.000286	-0.171455	
31	1.000299	-0.000426	-0.023964	0.000426	1.000299	-0.111707	
32	1.000366	-0.000410	-0.011410	0.000410	1.000366	-0.037086	
33	1.000277	-0.000388	0.184168	0.000388	1.000277	0.104297	
34	1.000306	-0.000298	0.199638	0.000298	1.000306	0.134038	
35	1.000218	-0.000264	0.321345	0.000264	1.000218	0.275770	
36	1.000213	-0.000215	0.384058	0.000215	1.000213	0.323778	
37	1.000162	-0.000296	0.414745	0.000296	1.000162	0.287620	
38	1.000106	-0.000253	0.523123	0.000253	1.000106	0.376277	
39	1.000133	-0.000298	0.623576	0.000298	1.000133	0.095736	
40	1.000076	-0.000349	0.746992	0.000349	1.000076	-0.114537	
41	1.000093	-0.000348	0.856724	0.000348	1.000093	-0.226572	
42	1.000099	-0.000321	0.935810	0.000321	1.000099	-0.295223	
43	1.000114	-0.000244	0.950484	0.000244	1.000114	-0.193407	
44	1.000108	-0.000197	0.932567	0.000197	1.000108	-0.067490	
45	1.000041	-0.000224	0.997311	0.000224	1.000041	0.062131	
46	1.000036	-0.000260	1.123021	0.000260	1.000036	-0.003968	
47	1.000057	-0.000211	1.196752	0.000211	1.000057	0.051643	
48	1.000016	-0.000309	1.399745	0.000309	1.000016	-0.013772	
49	1.000003	-0.000314	1.499257	0.000314	1.000003	-0.143741	
50	0.999990	-0.000317	1.525744	0.000317	0.999990	-0.153735	
51	0.999955	-0.000281	1.613712	0.000281	0.999955	-0.080013	
52	1.000024	-0.000358	1.680979	0.000358	1.000024	-0.128234	
53	1.000019	-0.000208	1.637147	0.000208	1.000019	-0.058603	
54	1.000026	-0.000242	1.542293	0.000242	1.000026	0.017329	
55	1.000040	-0.000228	1.275350	0.000228	1.000040	0.060429	
56	1.000043	-0.000206	1.168444	0.000206	1.000043	0.286414	
57	0.999928	-0.000243	1.331675	0.000243	0.999928	0.320760	
58	0.999663	0.000005	1.548212	-0.000005	0.999663	0.522821	
59	0.999932	-0.000295	1.432526	0.000295	0.999932	0.372199	
60	1.000019	-0.000357	1.248057	0.000357	1.000019	0.216405	
61	1.000102	-0.000325	1.017089	0.000325	1.000102	0.234252	
62	1.000159	-0.000240	0.805997	0.000240	1.000159	0.229464	
63	1.000255	-0.000268	0.648410	0.000268	1.000255	0.037623	
64	1.000172	-0.000175	0.666802	0.000175	1.000172	0.075189	
65	1.000073	-0.000173	0.761806	0.000173	1.000073	-0.005708	
66	1.000006	-0.000276	0.841625	0.000276	1.000006	-0.146371	
67	0.999894	-0.000291	1.003843	0.000291	0.999894	-0.178457	
68	0.999888	-0.000226	1.108866	0.000226	0.999888	-0.131169	
69	0.999989	-0.000380	1.102043	0.000380	0.999989	-0.263566	
70	1.000019	-0.000488	1.105087	0.000488	1.000019	-0.408048	
71	1.000111	-0.000444	1.083984	0.000444	1.000111	-0.422383	
72	1.000057	-0.000424	1.177135	0.000424	1.000057	-0.454660	
73	1.000114	-0.000369	1.125245	0.000369	1.000114	-0.568599	
74	1.000116	-0.000335	1.071587	0.000335	1.000116	-0.602851	
75	0.999998	-0.000369	1.057175	0.000369	0.999998	-0.565877	
76	0.999985	-0.000397	1.000250	0.000397	0.999985	-0.633637	
77	1.000042	-0.000590	0.874897	0.000590	1.000042	-0.779801	
78	1.000115	-0.000523	0.770227	0.000523	1.000115	-0.690784	
79	1.000220	-0.000500	0.597570	0.000500	1.000220	-0.661400	
80	1.000140	-0.000376	0.617566	0.000376	1.000140	-0.735148	
81	1.000221	-0.000504	0.499692	0.000504	1.000221	-0.763344	
82	1.000175	-0.000433	0.514661	0.000433	1.000175	-0.680067	
83	1.000210	-0.000432	0.420049	0.000432	1.000210	-0.652392	
84	1.000018	-0.000328	0.526943	0.000328	1.000018	-0.552966	
85	1.000097	-0.000477	0.350992	0.000477	1.000097	-0.590372	
86	1.000069	-0.000361	0.343959	0.000361	1.000069	-0.441398	
87	1.000185	-0.000583	0.197341	0.000583	1.000185	-0.625057	
88	1.000430	-0.000760	-0.161356	0.000760	1.000430	-0.860123	
89	1.000429	-0.000631	-0.188502	0.000631	1.000429	-0.751521	
90	1.000358	-0.000585	-0.018493	0.000585	1.000358	-0.753089	
91	1.000197	-0.000442	0.176389	0.000442	1.000197	-0.656395	
92	1.000197	-0.000363	0.264805	0.000363	1.000197	-0.777058	
93	1.000116	-0.000393	0.367535	0.000393	1.000116	-0.696042	
94	1.000107	-0.000389	0.412623	0.000389	1.000107	-0.810257	
95	1.000099	-0.000459	0.460474	0.000459	1.000099	-0.972098	
96	1.000262	-0.000793	0.349595	0.000793	1.000262	-1.358660	
97	1.000055	-0.000612	0.495346	0.000612	1.000055	-1.136581	
98	1.000385	-0.000661	0.221937	0.000661	1.000385	-1.142604	
99	1.000414	-0.000680	0.209828	0.000680	1.000414	-0.999097	
100	1.000090	-0.000422	0.458562	0.000422	1.000090	-0.589121	
101	0.999921	-0.000337	0.599076	0.000337	0.999921	-0.152665	
102	0.999610	-0.000227	0.927344	0.000227	0.999610	0.260578	
103	0.999819	-0.000270	0.803089	0.000270	0.999819	0.181825	
104	0.999363	-0.000350	1.120416	0.000350	0.999363	0.375928	
105	0.999189	-0.000228	1.184936	0.000228	0.999189	0.482012	
106	0.999356	-0.000175	0.937287	0.000175	0.999356	0.485517	
107	0.998765	-0.000218	1.225739	0.000218	0.998765	0.673890	
108	0.999279	-0.000387	0.813751	0.000387	0.999279	0.309627	
109	0.998697	-0.000215	1.122065	0.000215	0.998697	0.661528	
110	0.999086	-0.000284	0.862242	0.000284	0.999086	0.628268	
111	0.998928	-0.000362	0.950083	0.000362	0.998928	0.588714	
112	0.998646	-0.000319	1.167773	0.000319	0.998646	0.677774	
113	0.998695	-0.000276	1.150729	0.000276	0.998695	0.741896	
114	0.998603	-0.000404	1.228160	0.000404	0.998603	0.833104	
115	0.998826	-0.000293	1.135268	0.000293	0.998826	0.856312	
116	0.998632	-0.000145	1.336748	0.000145	0.998632	0.960570	
117	0.999043	-0.000312	1.103471	0.000312	0.999043	0.867814	
118	0.998940	-0.000195	1.174857	0.000195	0.998940	1.047098	
119	0.998948	-0.000060	1.249815	0.000060	0.998948	1.071239	
120	0.998676	-0.000026	1.469417	0.000026	0.998676	1.166838	
121	0.998689	-0.000006	1.450882	0.000006	0.998689	1.264552	
122	0.998924	-0.000045	1.267710	0.000045	0.998924	1.185196	
123	0.998721	-0.000070	1.440126	0.000070	0.998721	1.286886	
124	0.998872	-0.000178	1.370406	0.000178	0.998872	1.188567	
125	0.998860	-0.000284	1.440749	0.000284	0.998860	1.117732	
126	0.998763	-0.000303	1.627264	0.000303	0.998763	1.089937	
127	0.998944	-0.000306	1.574508	0.000306	0.998944	0.955833	
128	0.998955	-0.000207	1.741954	0.000207	0.998955	0.851854	
129	0.998585	-0.000148	2.151587	0.000148	0.998585	0.940381	
130	0.998363	-0.000112	2.401224	0.000112	0.998363	0.943927	
131	0.998892	-0.000199	2.079985	0.000199	0.998892	0.689136	
132	0.998460	-0.000277	2.484598	0.000277	0.998460	0.785269	
133	0.998830	-0.000297	2.209017	0.000297	0.998830	0.703605	
134	0.998620	-0.000065	2.347639	0.000065	0.998620	0.941356	
135	0.998373	-0.000237	2.426839	0.000237	0.998373	0.950629	
136	0.998575	-0.000169	2.153797	0.000169	0.998575	1.002031	
137	0.999078	-0.000196	1.742672	0.000196	0.999078	0.769027	
138	0.998779	-0.000079	1.862448	0.000079	0.998779	0.875252	
139	0.998863	-0.000089	1.715181	0.000089	0.998863	0.835068	
140	0.998986	-0.000177	1.584236	0.000177	0.998986	0.736572	
141	0.998871	-0.000307	1.690395	0.000307	0.998871	0.724600	
142	0.999001	-0.000205	1.537348	0.000205	0.999001	0.752641	
143	0.998924	-0.000344	1.551792	0.000344	0.998924	0.695549	
144	0.999329	-0.000364	1.210939	0.000364	0.999329	0.668741	
145	0.999083	-0.000315	1.327349	0.000315	0.999083	0.751198	
146	0.999270	-0.000283	1.146835	0.000283	0.999270	0.685013	
147	0.999200	-0.000242	1.102318	0.000242	0.999200	0.711546	
148	0.999196	-0.000123	1.023618	0.000123	0.999196	0.726573	
149	0.999230	-0.000155	1.000732	0.000155	0.999230	0.618001	
150	0.999345	-0.000150	0.896665	0.000150	0.999345	0.573744	
151	0.999370	-0.000250	0.868570	0.000250	0.999370	0.465772	
152	0.999596	-0.000356	0.735164	0.000356	0.999596	0.368411	
153	0.999587	-0.000375	0.788645	0.000375	0.999587	0.332493	
154	0.999675	-0.000369	0.761118	0.000369	0.999675	0.367379	
155	0.998912	-0.000198	1.246192	0.000198	0.998912	0.816508	
156	1.000176	-0.000221	0.557228	0.000221	1.000176	0.347340	
157	0.999949	-0.000196	0.706421	0.000196	0.999949	0.477738	
158	0.999775	-0.000181	0.845679	0.000181	0.999775	0.486856	
159	0.999661	-0.000206	0.982826	0.000206	0.999661	0.356356	
160	0.999409	-0.000275	1.173501	0.000275	0.999409	0.313556	
161	0.999611	-0.000232	1.095630	0.000232	0.999611	0.141953	
162	0.999550	-0.000408	1.196751	0.000408	0.999550	-0.015021	
163	0.999602	-0.000470	1.204896	0.000470	0.999602	-0.091693	
164	0.999587	-0.000295	1.207551	0.000295	0.999587	0.070163	
165	0.999509	-0.000351	1.281929	0.000351	0.999509	0.120098	
166	0.999544	-0.000319	1.217026	0.000319	0.999544	0.112067	
167	0.999131	-0.000265	1.487242	0.000265	0.999131	0.165129	
168	0.999389	-0.000333	1.268165	0.000333	0.999389	-0.046907	
169	0.999565	-0.000458	1.129567	0.000458	0.999565	-0.238046	
170	0.999735	-0.000481	1.018362	0.000481	0.999735	-0.480468	
171	1.000037	-0.000601	0.869092	0.000601	1.000037	-0.763550	
172	1.000127	-0.000595	0.841505	0.000595	1.000127	-0.848276	
173	1.000157	-0.000537	0.822513	0.000537	1.000157	-0.768097	
174	1.000163	-0.000610	0.840249	0.000610	1.000163	-0.874278	
175	1.000174	-0.000544	0.864853	0.000544	1.000174	-0.905433	
176	1.000187	-0.000469	0.894813	0.000469	1.000187	-0.918687	
177	1.000136	-0.000552	0.955616	0.000552	1.000136	-0.899446	
178	1.000030	-0.000564	0.999485	0.000564	1.000030	-0.895884	
179	1.000006	-0.000642	1.003322	0.000642	1.000006	-0.943728	
180	0.999962	-0.000589	1.042127	0.000589	0.999962	-0.731713	
181	0.999995	-0.000595	1.014410	0.000595	0.999995	-0.699343	
182	1.000039	-0.000528	0.969664	0.000528	1.000039	-0.655988	
183	1.000112	-0.000454	0.902640	0.000454	1.000112	-0.643224	
184	1.000149	-0.000437	0.816458	0.000437	1.000149	-0.592245	
185	1.000237	-0.000363	0.652138	0.000363	1.000237	-0.589611	
186	1.000190	-0.000411	0.725911	0.000411	1.000190	-0.663417	
187	1.000182	-0.000502	0.748708	0.000502	1.000182	-0.765851	
188	1.000095	-0.000537	0.874719	0.000537	1.000095	-0.869104	
189	1.000040	-0.000574	0.988014	0.000574	1.000040	-0.786654	
190	1.000001	-0.000564	0.975082	0.000564	1.000001	-0.733418	
191	0.999948	-0.000485	0.984786	0.000485	0.999948	-0.613525	
192	0.999903	-0.000532	0.991043	0.000532	0.999903	-0.469225	
193	1.000059	-0.000413	0.793216	0.000413	1.000059	-0.369707	
194	1.000022	-0.000417	0.779124	0.000417	1.000022	-0.374685	
195	1.000044	-0.000325	0.735466	0.000325	1.000044	-0.303957	
196	1.000116	-0.000334	0.584259	0.000334	1.000116	-0.347612	
197	1.000118	-0.000343	0.580167	0.000343	1.000118	-0.368160	
198	1.000058	-0.000309	0.694408	0.000309	1.000058	-0.366446	
199	1.000001	-0.000342	0.716706	0.000342	1.000001	-0.356557	
200	0.999967	-0.000361	0.793679	0.000361	0.999967	-0.358309	
201	0.999913	-0.000376	0.891156	0.000376	0.999913	-0.380249	
202	0.999889	-0.000420	0.940339	0.000420	0.999889	-0.373034	
203	0.999794	-0.000404	1.081519	0.000404	0.999794	-0.315686	
204	0.999810	-0.000317	1.119860	0.000317	0.999810	-0.208003	
205	0.999758	-0.000324	1.215045	0.000324	0.999758	-0.239920	
206	0.999753	-0.000294	1.267743	0.000294	0.999753	-0.186887	
207	0.999780	-0.000289	1.270987	0.000289	0.999780	-0.222200	
208	0.999860	-0.000339	1.290874	0.000339	0.999860	-0.339352	
209	0.999786	-0.000355	1.312891	0.000355	0.999786	-0.384219	
210	0.999875	-0.000314	1.242339	0.000314	0.999875	-0.411586	
211	0.999910	-0.000303	1.161294	0.000303	0.999910	-0.427934	
212	0.999835	-0.000260	1.128456	0.000260	0.999835	-0.431662	
213	0.999759	-0.000289	1.128608	0.000289	0.999759	-0.469556	
214	0.999810	-0.000385	0.986724	0.000385	0.999810	-0.531893	
215	0.999832	-0.000470	0.963008	0.000470	0.999832	-0.719853	
216	0.999752	-0.000473	0.968374	0.000473	0.999752	-0.719293	
217	0.999796	-0.000532	0.917316	0.000532	0.999796	-0.860885	
218	0.999765	-0.000477	0.952718	0.000477	0.999765	-0.849994	
219	0.999693	-0.000474	1.197575	0.000474	0.999693	-0.865656	
220	0.999631	-0.000395	1.504375	0.000395	0.999631	-0.732992	
221	0.999601	-0.000231	1.829368	0.000231	0.999601	-0.463897	
222	0.999632	-0.000287	2.135776	0.000287	0.999632	-0.356708	
223	0.999581	-0.000220	2.364129	0.000220	0.999581	-0.143653	
224	0.999523	-0.000098	2.594116	0.000098	0.999523	0.011440	
225	0.999398	0.000021	2.798206	-0.000021	0.999398	0.155065	
226	0.999346	-0.000058	2.943214	0.000058	0.999346	0.063743	
227	0.999190	-0.000104	3.154619	0.000104	0.999190	0.035550	
228	0.999264	-0.000089	3.254500	0.000089	0.999264	-0.011194	
229	0.999183	-0.000126	3.376350	0.000126	0.999183	-0.028611	
230	0.999063	-0.000125	3.539117	0.000125	0.999063	-0.016427	
231	0.999228	-0.000099	3.652510	0.000099	0.999228	0.000740	
232	0.999693	-0.000124	3.602614	0.000124	0.999693	-0.144061	
233	1.000110	-0.000073	3.439535	0.000073	1.000110	-0.203084	
234	1.000449	-0.000048	3.383577	0.000048	1.000449	-0.319146	
235	1.000323	-0.000079	3.665042	0.000079	1.000323	-0.310966	
236	1.000315	-0.000065	3.788358	0.000065	1.000315	-0.381157	
237	1.000392	-0.000113	3.958644	0.000113	1.000392	-0.478845	
238	1.002182	-0.000499	3.754340	0.000499	1.002182	-1.252289	
239	1.001151	-0.000215	4.210637	0.000215	1.001151	-0.801478	
240	1.000301	0.000007	4.607752	-0.000007	1.000301	-0.520551	
241	1.002000	-0.000446	4.432539	0.000446	1.002000	-1.356457	
242	1.000413	-0.000027	5.021253	0.000027	1.000413	-0.659503	
243	1.002264	-0.000673	5.101795	0.000673	1.002264	-1.490004	
244	1.002221	-0.000715	5.581722	0.000715	1.002221	-1.504863	
245	1.002737	-0.000738	5.762665	0.000738	1.002737	-1.771481	
246	1.002334	-0.000719	6.423651	0.000719	1.002334	-1.621451	
247	1.002713	-0.000783	6.491421	0.000783	1.002713	-1.790935	
248	1.003219	-0.000797	6.511824	0.000797	1.003219	-2.010759	
249	1.003227	-0.000933	6.591983	0.000933	1.003227	-2.075956	
250	1.003169	-0.000824	6.456759	0.000824	1.003169	-1.953974	
251	1.003975	-0.000767	5.452990	0.000767	1.003975	-2.147737	
252	1.003727	-0.000732	4.294528	0.000732	1.003727	-2.018144	
253	1.002860	-0.000338	2.553526	0.000338	1.002860	-1.492028	
254	1.002616	-0.000236	0.528343	0.000236	1.002616	-1.297299	
255	1.002830	-0.000248	-1.099262	0.000248	1.002830	-1.348288	
256	1.003329	-0.000246	-2.659072	0.000246	1.003329	-1.519722	
257	1.003164	-0.000323	-3.520473	0.000323	1.003164	-1.533965	
258	1.003436	-0.000436	-4.640973	0.000436	1.003436	-1.706435	
259	1.003326	-0.000608	-5.717202	0.000608	1.003326	-1.794717	
260	1.003235	-0.000580	-6.743247	0.000580	1.003235	-1.772411	
261	1.003160	-0.000573	-7.561909	0.000573	1.003160	-1.634989	
262	1.002803	-0.000572	-8.101507	0.000572	1.002803	-1.604498	
263	1.002890	-0.000698	-8.498441	0.000698	1.002890	-1.710121	
264	1.001405	0.000292	-8.853346	-0.000292	1.001405	-0.737642	
265	1.001136	0.000215	-8.922129	-0.000215	1.001136	-0.759704	
266	1.001259	0.000157	-8.947129	-0.000157	1.001259	-0.951681	
267	1.001203	0.000247	-8.415240	-0.000247	1.001203	-0.731484	
268	1.002444	-0.000478	-8.107130	0.000478	1.002444	-1.335549	
269	1.001070	0.000198	-7.526636	-0.000198	1.001070	-0.612105	
270	1.002241	-0.000655	-7.033218	0.000655	1.002241	-1.210197	
271	1.001088	-0.000065	-6.261506	0.000065	1.001088	-0.547549	
272	1.001633	-0.000544	-5.745011	0.000544	1.001633	-1.212445	
273	1.001505	-0.000601	-5.464485	0.000601	1.001505	-1.304611	
274	1.001331	-0.000622	-5.169545	0.000622	1.001331	-1.259773	
275	1.001275	-0.000592	-4.771487	0.000592	1.001275	-1.203985	
276	1.001253	-0.000503	-4.520712	0.000503	1.001253	-0.869799	
277	1.001253	-0.000491	-4.346669	0.000491	1.001253	-0.848159	
278	1.001249	-0.000617	-4.037348	0.000617	1.001249	-1.198300	
279	1.001033	-0.000602	-3.498898	0.000602	1.001033	-1.301874	
280	1.000803	-0.000534	-3.008157	0.000534	1.000803	-1.474746	
281	1.000832	-0.000524	-2.762416	0.000524	1.000832	-1.527486	
282	1.000734	-0.000488	-2.617993	0.000488	1.000734	-1.436175	
283	1.000695	-0.000544	-2.606496	0.000544	1.000695	-1.440545	
284	1.000670	-0.000512	-2.654308	0.000512	1.000670	-1.300302	
285	1.000588	-0.000433	-2.663649	0.000433	1.000588	-1.050733	
286	1.000484	-0.000363	-2.627290	0.000363	1.000484	-0.780404	
287	1.000576	-0.000330	-2.760262	0.000330	1.000576	-0.659776	
288	1.000527	-0.000294	-2.865635	0.000294	1.000527	-0.579703	
289	1.000549	-0.000336	-2.816173	0.000336	1.000549	-0.602359	
290	1.000676	-0.000367	-2.674749	0.000367	1.000676	-0.747510	
291	1.000860	-0.000322	-2.687453	0.000322	1.000860	-0.879688	
292	1.001228	-0.000488	-2.858067	0.000488	1.001228	-1.129502	
293	1.001468	-0.000390	-2.875552	0.000390	1.001468	-1.133459	
294	1.001117	-0.000402	-2.504383	0.000402	1.001117	-0.963921	
295	1.001508	-0.000341	-2.741553	0.000341	1.001508	-0.999376	
296	1.001808	-0.000245	-2.909705	0.000245	1.001808	-0.977324	
297	1.001584	-0.000268	-2.819761	0.000268	1.001584	-0.792344	
298	1.001859	-0.000210	-3.030804	0.000210	1.001859	-0.838145	
299	1.001886	-0.000221	-3.018928	0.000221	1.001886	-0.965337	
300	1.001742	-0.000336	-2.870291	0.000336	1.001742	-1.007023	
301	1.001888	-0.000283	-2.817236	0.000283	1.001888	-1.082896	
302	1.001729	-0.000352	-2.503115	0.000352	1.001729	-1.171766	
303	1.001523	-0.000388	-2.128395	0.000388	1.001523	-1.190945	
304	1.001372	-0.000417	-1.816353	0.000417	1.001372	-1.207092	
305	1.001314	-0.000372	-1.607007	0.000372	1.001314	-1.145695	
306	1.001440	-0.000410	-1.664411	0.000410	1.001440	-1.244096	
307	1.001548	-0.000392	-1.708564	0.000392	1.001548	-1.136010	
308	1.001364	-0.000291	-1.578644	0.000291	1.001364	-0.994910	
309	1.001522	-0.000230	-1.663413	0.000230	1.001522	-0.863898	
310	1.001576	-0.000186	-1.606992	0.000186	1.001576	-0.806049	
311	1.001416	-0.000203	-1.394839	0.000203	1.001416	-0.732123	
312	1.001563	-0.000216	-1.220839	0.000216	1.001563	-0.912253	
313	1.001423	-0.000164	-0.784599	0.000164	1.001423	-0.827704	
314	1.001243	-0.000074	-0.378114	0.000074	1.001243	-0.781658	
315	1.001235	-0.000114	-0.139149	0.000114	1.001235	-0.841654	
316	1.000944	-0.000028	0.308957	0.000028	1.000944	-0.545434	
317	1.000855	0.000000	0.587193	-0.000000	1.000855	-0.424681	
318	1.001060	-0.000097	0.582088	0.000097	1.001060	-0.508704	
319	1.001083	-0.000073	0.579512	0.000073	1.001083	-0.383657	
320	1.001201	-0.000075	0.468880	0.000075	1.001201	-0.473406	
321	1.001247	-0.000130	0.377654	0.000130	1.001247	-0.612208	
322	1.000665	-0.000104	0.563018	0.000104	1.000665	-0.535370	
323	1.001341	-0.000060	0.233965	0.000060	1.001341	-0.646926	
324	1.001178	-0.000002	0.597925	0.000002	1.001178	-0.408330	
325	1.001051	0.000071	0.985184	-0.000071	1.001051	-0.276398	
326	1.000941	0.000086	1.391578	-0.000086	1.000941	-0.133888	
327	1.000888	0.000210	1.801624	-0.000210	1.000888	0.021184	
328	1.001559	0.000013	1.951312	-0.000013	1.001559	-0.279873	
329	1.000438	0.000167	2.325161	-0.000167	1.000438	0.035149	
330	1.000599	0.000140	2.249499	-0.000140	1.000599	-0.070081	
331	1.000794	0.000026	1.798286	-0.000026	1.000794	-0.261796	
332	1.000778	-0.000104	1.430474	0.000104	1.000778	-0.385478	
333	1.000849	-0.000078	1.066942	0.000078	1.000849	-0.355058	
334	1.001156	-0.000141	0.635222	0.000141	1.001156	-0.502126	
335	1.001352	-0.000135	0.307861	0.000135	1.001352	-0.539470	
336	1.001165	-0.000019	0.244712	0.000019	1.001165	-0.329771	
337	1.001517	-0.000041	-0.249587	0.000041	1.001517	-0.588380	
338	1.001264	-0.000030	-0.319290	0.000030	1.001264	-0.541363	
339	1.001461	0.000019	-0.628370	-0.000019	1.001461	-0.575147	
340	1.001440	-0.000047	-0.800878	0.000047	1.001440	-0.612260	
341	1.001507	-0.000005	-1.012033	0.000005	1.001507	-0.573308	
342	1.001535	-0.000019	-1.055242	0.000019	1.001535	-0.516233	
343	1.001548	-0.000021	-1.022952	0.000021	1.001548	-0.423571	
344	1.001663	0.000019	-1.120877	-0.000019	1.001663	-0.406022	
345	1.001770	0.000096	-1.207194	-0.000096	1.001770	-0.322804	
346	1.001858	-0.000020	-1.334149	0.000020	1.001858	-0.308984	
347	1.002066	-0.000118	-1.564082	0.000118	1.002066	-0.400802	
348	1.002220	-0.000197	-1.781722	0.000197	1.002220	-0.437826	
349	1.002217	-0.000287	-1.901280	0.000287	1.002217	-0.456002	
350	1.002499	-0.000329	-2.191688	0.000329	1.002499	-0.540456	
351	1.002452	-0.000239	-2.258239	0.000239	1.002452	-0.561288	
352	1.002650	-0.000193	-2.440376	0.000193	1.002650	-0.567053	
353	1.002783	-0.000065	-2.669500	0.000065	1.002783	-0.464950	
354	1.002717	-0.000016	-2.776298	0.000016	1.002717	-0.374326	
355	1.003090	-0.000062	-3.103333	0.000062	1.003090	-0.605210	
356	1.002913	-0.000059	-3.018275	0.000059	1.002913	-0.545418	
357	1.002868	-0.000127	-3.003553	0.000127	1.002868	-0.559560	
358	1.002849	-0.000239	-2.959351	0.000239	1.002849	-0.652432	
359	1.002998	-0.000216	-3.048969	0.000216	1.002998	-0.656652	
360	1.002779	-0.000111	-2.838507	0.000111	1.002779	-0.419220	
361	1.002793	-0.000092	-2.661797	0.000092	1.002793	-0.418606	
362	1.002627	0.000060	-2.166155	-0.000060	1.002627	-0.199752	
363	1.002726	0.000105	-1.860809	-0.000105	1.002726	-0.025932	
364	1.002456	0.000106	-1.532438	-0.000106	1.002456	0.089309	
365	1.002484	-0.000025	-1.638389	0.000025	1.002484	0.090563	
366	1.002545	-0.000087	-1.744846	0.000087	1.002545	0.216673	
367	1.002279	-0.000075	-1.612994	0.000075	1.002279	0.414670	
368	1.002389	0.000076	-1.725265	-0.000076	1.002389	0.532865	
369	1.002034	0.000168	-1.540021	-0.000168	1.002034	0.784713	
370	1.002390	0.000198	-1.833044	-0.000198	1.002390	0.746013	
371	1.002225	0.000237	-1.728457	-0.000237	1.002225	0.809747	
372	1.002232	0.000165	-1.734926	-0.000165	1.002232	0.749432	
373	1.002443	0.000008	-1.938502	-0.000008	1.002443	0.524885	
374	1.002126	-0.000135	-1.811422	0.000135	1.002126	0.423566	
375	1.002541	-0.000184	-2.150526	0.000184	1.002541	0.372486	
376	1.002509	-0.000097	-2.180885	0.000097	1.002509	0.558656	
377	1.002371	0.000062	-2.162613	-0.000062	1.002371	0.782452	
378	1.002672	0.000123	-2.518528	-0.000123	1.002672	0.792208	
379	1.002875	0.000172	-2.711125	-0.000172	1.002875	0.674579	
380	1.002717	0.000224	-2.425669	-0.000224	1.002717	0.622738	
381	1.002294	0.000108	-1.866676	-0.000108	1.002294	0.483940	
382	1.002385	-0.000045	-1.662594	0.000045	1.002385	0.084335	
383	1.002433	-0.000245	-1.546806	0.000245	1.002433	-0.542779	
384	1.002051	-0.000317	-1.290565	0.000317	1.002051	-0.822295	
385	1.002501	-0.000366	-1.624774	0.000366	1.002501	-1.272124	
386	1.002231	-0.000353	-1.491793	0.000353	1.002231	-1.300995	
387	1.002543	-0.000316	-1.791757	0.000316	1.002543	-1.223844	
388	1.002408	-0.000213	-1.805632	0.000213	1.002408	-0.913846	
389	1.002562	-0.000083	-1.999720	0.000083	1.002562	-0.561855	
390	1.002748	-0.000038	-2.116314	0.000038	1.002748	-0.212661	
391	1.002581	-0.000008	-1.973931	0.000008	1.002581	0.003505	
392	1.002412	-0.000231	-1.967803	0.000231	1.002412	-0.131392	
393	1.002505	-0.000212	-2.007373	0.000212	1.002505	-0.103439	
394	1.002455	-0.000110	-1.889100	0.000110	1.002455	0.123989	
395	1.002479	-0.000041	-1.750868	0.000041	1.002479	0.323993	
396	1.002349	0.000020	-1.535657	-0.000020	1.002349	0.604661	
397	1.002475	0.000027	-1.751616	-0.000027	1.002475	0.585446	
398	1.002340	-0.000096	-1.509448	0.000096	1.002340	0.324758	
399	1.002077	-0.000148	-1.050583	0.000148	1.002077	0.257240	
400	1.002212	-0.000089	-0.816396	0.000089	1.002212	0.043328	
401	1.001956	-0.000163	-0.345618	0.000163	1.001956	-0.230622	
402	1.001635	0.000055	0.161904	-0.000055	1.001635	-0.062690	
403	1.002105	-0.000080	0.042253	0.000080	1.002105	-0.309161	
404	1.001809	0.000026	0.536553	-0.000026	1.001809	-0.091593	
405	1.002000	0.000006	0.717347	-0.000006	1.002000	-0.095419	
406	1.002371	-0.000089	0.722873	0.000089	1.002371	-0.268614	
407	1.002169	-0.000128	0.908977	0.000128	1.002169	-0.194771	
408	1.002292	-0.000021	0.449868	0.000021	1.002292	-0.195024	
409	1.002997	-0.000204	-0.528358	0.000204	1.002997	-0.410646	
410	1.002280	0.000022	-0.365678	-0.000022	1.002280	0.077104	
411	1.002356	0.000164	-0.677789	-0.000164	1.002356	0.245051	
412	1.002535	0.000155	-1.009967	-0.000155	1.002535	0.335080	
413	1.002892	0.000109	-1.428334	-0.000109	1.002892	0.298342	
414	1.002772	-0.000015	-1.304740	0.000015	1.002772	0.176572	
415	1.002342	0.000057	-0.802547	-0.000057	1.002342	0.104577	
416	1.002211	0.000076	-0.457987	-0.000076	1.002211	0.124810	
417	1.002157	0.000084	-0.185790	-0.000084	1.002157	-0.017363	
418	1.002032	0.000059	0.039823	-0.000059	1.002032	-0.149091	
419	1.002016	0.000107	0.379172	-0.000107	1.002016	-0.039615	
420	1.001792	0.000106	0.823333	-0.000106	1.001792	0.168078	
421	1.002043	0.000096	0.837422	-0.000096	1.002043	0.075531	
422	1.001837	0.000141	1.084424	-0.000141	1.001837	0.295025	
423	1.002170	0.000182	1.241191	-0.000182	1.002170	0.465062	
424	1.001908	0.000172	1.477223	-0.000172	1.001908	0.591938	
425	1.001726	0.000203	1.763619	-0.000203	1.001726	0.610664	
426	1.001479	0.000241	2.112912	-0.000241	1.001479	0.572617	
427	1.001686	0.000215	2.380488	-0.000215	1.001686	0.380946	
428	1.001832	0.000275	2.790066	-0.000275	1.001832	0.332300	
429	1.001142	0.000539	3.482479	-0.000539	1.001142	0.644299	
430	1.002582	-0.000280	4.003428	0.000280	1.002582	-0.339669	
431	1.002654	-0.000478	4.508995	0.000478	1.002654	-0.576605	
432	1.002583	-0.000466	4.810180	0.000466	1.002583	-0.436682	
433	1.000855	0.000533	5.093143	-0.000533	1.000855	0.598824	
434	1.002287	-0.000407	5.391858	0.000407	1.002287	-0.398981	
435	1.002409	-0.000381	5.321926	0.000381	1.002409	-0.502737	
436	1.002321	-0.000448	5.546471	0.000448	1.002321	-0.462760	
437	1.002054	-0.000371	5.998579	0.000371	1.002054	-0.370812	
438	1.001654	-0.000367	6.791167	0.000367	1.001654	-0.179240	
439	1.001658	-0.000352	7.447961	0.000352	1.001658	-0.258925	
440	1.001461	-0.000489	8.423547	0.000489	1.001461	-0.465239	
441	1.001549	-0.000504	9.226313	0.000504	1.001549	-0.680737	
442	1.001534	-0.000594	10.021169	0.000594	1.001534	-0.900424	
443	1.001939	-0.000776	10.898023	0.000776	1.001939	-1.322620	
444	1.002844	-0.000875	11.197454	0.000875	1.002844	-1.751782	
445	1.002575	-0.000853	11.940384	0.000853	1.002575	-1.621710	
446	1.003123	-0.001013	12.076957	0.001013	1.003123	-1.886997	
447	1.003078	-0.000836	12.276945	0.000836	1.003078	-1.446394	
448	1.003341	-0.000773	11.928293	0.000773	1.003341	-1.464259	
449	1.002821	-0.000560	11.301733	0.000560	1.002821	-1.048454	
450	1.002796	-0.000690	9.931953	0.000690	1.002796	-0.770913	
451	1.002887	-0.000673	8.087252	0.000673	1.002887	-0.427123	
452	1.003043	-0.000605	5.785666	0.000605	1.003043	0.008022	
453	1.002957	-0.000325	3.071932	0.000325	1.002957	0.554560	
454	1.002414	0.000526	0.296651	-0.000526	1.002414	1.498679	
455	1.002797	0.000406	-2.003622	-0.000406	1.002797	1.569624	
456	1.003393	0.000396	-3.912576	-0.000396	1.003393	0.964102	
457	1.003539	0.000182	-5.068472	-0.000182	1.003539	0.448688	
458	1.003697	-0.000098	-5.778651	0.000098	1.003697	-0.157121	
459	1.003497	-0.000254	-5.726133	0.000254	1.003497	-0.661442	
460	1.003991	-0.000434	-6.024768	0.000434	1.003991	-1.346492	
461	1.003911	-0.000624	-6.081539	0.000624	1.003911	-1.504990	
462	1.003845	-0.000537	-6.296113	0.000537	1.003845	-1.572319	
463	1.003903	-0.000433	-6.533982	0.000433	1.003903	-1.393663	
464	1.004158	-0.000381	-7.014479	0.000381	1.004158	-1.533837	
465	1.004271	-0.000867	-7.266848	0.000867	1.004271	-1.911260	
466	1.003814	-0.000039	-7.163917	0.000039	1.003814	-1.490559	
467	1.004001	-0.000327	-7.049673	0.000327	1.004001	-1.835459	
468	1.004004	-0.000300	-7.131391	0.000300	1.004004	-1.866711	
469	1.003898	-0.000197	-7.131375	0.000197	1.003898	-1.693829	
470	1.004162	-0.000348	-7.365826	0.000348	1.004162	-1.861253	
471	1.004052	-0.000025	-7.419935	0.000025	1.004052	-1.670029	
472	1.004353	-0.000188	-7.521438	0.000188	1.004353	-1.766207	
473	1.004321	0.000058	-7.655202	-0.000058	1.004321	-1.585514	
474	1.004438	0.000246	-7.742630	-0.000246	1.004438	-1.375420	
475	1.004437	-0.000038	-7.683321	0.000038	1.004437	-1.456992	
476	1.004450	-0.000089	-7.556419	0.000089	1.004450	-1.732077	
477	1.004166	-0.000114	-7.258750	0.000114	1.004166	-1.684593	
478	1.003977	-0.000340	-6.805446	0.000340	1.003977	-1.630297	
479	1.004100	0.000079	-6.525510	-0.000079	1.004100	-1.369517	
480	1.003919	0.000485	-6.099682	-0.000485	1.003919	-0.984005	
481	1.004048	0.000471	-6.003144	-0.000471	1.004048	-1.016651	
482	1.003920	0.000165	-5.731411	-0.000165	1.003920	-1.034365	
483	1.004117	0.000016	-5.822412	-0.000016	1.004117	-1.227107	
484	1.004307	0.000309	-5.908728	-0.000309	1.004307	-1.172765	
485	1.004390	0.000088	-5.925934	-0.000088	1.004390	-1.427708	
486	1.004330	-0.000309	-6.041636	0.000309	1.004330	-1.612491	
487	1.004846	0.000176	-6.396047	-0.000176	1.004846	-1.466189	
488	1.004109	-0.000035	-6.211836	0.000035	1.004109	-1.144073	
489	1.004747	0.000232	-6.793041	-0.000232	1.004747	-0.911669	
490	1.004765	0.000137	-6.974214	-0.000137	1.004765	-0.719365	
491	1.004327	0.000712	-6.850927	-0.000712	1.004327	-0.075720	
492	1.004042	0.000240	-6.850170	-0.000240	1.004042	-0.179008	
493	1.003738	0.000536	-6.615448	-0.000536	1.003738	-0.021130	
494	1.003373	0.000418	-6.423403	-0.000418	1.003373	-0.141136	
495	1.004423	0.000897	-6.991847	-0.000897	1.004423	-0.317952	
496	1.003498	-0.000041	-6.722234	0.000041	1.003498	-0.947289	
497	1.002987	-0.000140	-6.472739	0.000140	1.002987	-1.004748	
498	1.003425	0.000088	-6.856291	-0.000088	1.003425	-1.028190	
499	1.002785	0.000067	-6.576954	-0.000067	1.002785	-0.951902	
500	1.002722	0.000297	-6.214480	-0.000297	1.002722	-0.780701	
501	1.002576	0.000316	-5.752664	-0.000316	1.002576	-0.562627	
502	1.002303	0.000282	-5.047712	-0.000282	1.002303	-0.589938	
503	1.002601	0.000956	-4.746615	-0.000956	1.002601	-0.435830	
504	1.002434	0.000127	-4.401250	-0.000127	1.002434	-0.779928	
505	1.002537	0.000395	-4.058976	-0.000395	1.002537	-0.516628	
506	1.002654	0.000377	-3.724241	-0.000377	1.002654	-0.604615	
507	1.001222	0.000439	-2.538017	-0.000439	1.001222	-0.167129	
508	1.001383	0.000945	-2.361010	-0.000945	1.001383	0.028915	
509	1.001212	0.000715	-1.884358	-0.000715	1.001212	-0.048328	
510	1.000888	0.000797	-1.423360	-0.000797	1.000888	0.076792	
511	1.001247	0.001068	-1.434536	-0.001068	1.001247	0.207577	
512	1.001215	0.000788	-1.196625	-0.000788	1.001215	0.003086	
513	1.001628	0.000742	-1.182799	-0.000742	1.001628	-0.094313	
514	1.000704	0.000469	-0.530992	-0.000469	1.000704	-0.004809	
515	1.000627	-0.000107	-0.336548	0.000107	1.000627	-0.465440	
516	1.000472	0.000018	-0.176073	-0.000018	1.000472	-0.499243	
517	0.999829	0.000442	0.292909	-0.000442	0.999829	-0.265329	
518	1.000243	0.000702	0.013384	-0.000702	1.000243	-0.447191	
519	0.999294	0.000614	0.644008	-0.000614	0.999294	0.004521	
520	0.999344	0.000382	0.470065	-0.000382	0.999344	-0.041315	
521	0.999358	0.000381	0.365084	-0.000381	0.999358	0.267729	
522	0.999477	0.000348	0.308997	-0.000348	0.999477	0.476800	
523	0.999472	0.000327	0.380897	-0.000327	0.999472	0.515266	
524	0.999386	0.000361	0.444522	-0.000361	0.999386	0.472415	
