0	1.000000	0.000000	0.000000	0.000000	1.000000	0.000000	
1	1.000634	-0.000086	3.125397	0.000086	1.000634	0.045979	
2	1.000554	-0.000263	3.148335	0.000263	1.000554	-0.196996	
3	1.000378	-0.000283	3.278825	0.000283	1.000378	-0.295515	
4	1.000508	-0.000405	3.291544	0.000405	1.000508	-0.457756	
5	1.000539	-0.000377	3.264616	0.000377	1.000539	-0.364079	
6	1.000867	-0.000549	3.177305	0.000549	1.000867	-0.547734	
7	1.000606	-0.000225	3.054471	0.000225	1.000606	-0.419748	
8	1.000592	-0.000064	2.948731	0.000064	1.000592	-0.347311	
9	1.000707	-0.000062	2.772747	0.000062	1.000707	-0.482006	
10	1.000692	0.000250	2.692719	-0.000250	1.000692	-0.585587	
11	1.000724	0.000396	2.464592	-0.000396	1.000724	-0.725485	
12	0.999796	0.000240	3.245331	-0.000240	0.999796	-0.593695	
13	0.996168	-0.000418	6.560851	0.000418	0.996168	0.113177	
14	0.995542	-0.000715	7.473249	0.000715	0.995542	0.112444	
15	0.996117	-0.000811	6.786975	0.000811	0.996117	0.138563	
16	0.996800	-0.000762	5.648572	0.000762	0.996800	0.409556	
17	0.995994	-0.000609	6.303604	0.000609	0.995994	0.822336	
18	0.996073	-0.000555	6.213146	0.000555	0.996073	0.810331	
19	0.996854	-0.000411	5.050986	0.000411	0.996854	0.634819	
20	0.997150	-0.000432	4.560174	0.000432	0.997150	0.598713	
21	0.997338	-0.000565	4.511111	0.000565	0.997338	0.482341	
22	0.998140	-0.000755	4.117741	0.000755	0.998140	0.155922	
23	0.998627	-0.000648	3.689393	0.000648	0.998627	0.061166	
24	0.999165	-0.000387	3.332385	0.000387	0.999165	-0.027000	
25	1.000053	0.000097	2.723540	-0.000097	1.000053	-0.159783	
26	1.000575	0.000059	2.352180	-0.000059	1.000575	-0.583427	
27	1.000428	-0.000021	2.256852	0.000021	1.000428	-0.808245	
28	1.000508	-0.000210	1.807552	0.000210	1.000508	-1.181766	
29	1.000525	-0.000185	1.163346	0.000185	1.000525	-1.390755	
30	1.000569	-0.000543	0.266255	0.000543	1.000569	-1.749901	
31	1.000620	-0.000525	-0.160068	0.000525	1.000620	-2.210186	
32	1.000647	-0.000090	0.354896	0.000090	1.000647	-2.102981	
33	1.000772	-0.000208	0.862775	0.000208	1.000772	-2.316945	
34	1.000770	-0.000050	1.482910	0.000050	1.000770	-2.231889	
35	1.000666	-0.000104	1.887648	0.000104	1.000666	-2.298841	
36	1.000432	-0.000253	2.355562	0.000253	1.000432	-2.313620	
37	0.999165	-0.000434	3.602164	0.000434	0.999165	-1.841496	
38	0.999142	-0.000244	3.874536	0.000244	0.999142	-1.781651	
39	0.998938	0.000029	4.191496	-0.000029	0.998938	-1.558121	
40	0.998711	0.000063	4.493409	-0.000063	0.998711	-1.409785	
41	0.999255	0.000157	3.721851	-0.000157	0.999255	-0.872882	
42	0.999338	-0.000196	2.979062	0.000196	0.999338	-0.380915	
43	0.999215	-0.000531	2.400644	0.000531	0.999215	-0.649138	
44	0.999224	-0.000778	2.365817	0.000778	0.999224	-1.275368	
45	0.999179	-0.000795	2.860892	0.000795	0.999179	-1.235552	
46	0.999407	-0.000609	3.151008	0.000609	0.999407	-0.619513	
47	0.999033	-0.000347	3.459788	0.000347	0.999033	-0.040126	
48	0.998888	-0.000269	3.723451	0.000269	0.998888	-0.292984	
49	0.998730	-0.000368	4.015878	0.000368	0.998730	-0.278104	
50	0.998849	-0.001018	3.525730	0.001018	0.998849	-0.319247	
51	0.998615	-0.000234	3.904497	0.000234	0.998615	-0.146567	
52	0.998581	-0.000140	4.367016	0.000140	0.998581	-0.687257	
53	0.998506	0.000193	4.274463	-0.000193	0.998506	-0.629936	
54	0.998007	-0.000250	4.276618	0.000250	0.998007	-0.559007	
55	0.998308	-0.000329	4.102910	0.000329	0.998308	-0.525890	
56	0.998680	-0.000518	4.157612	0.000518	0.998680	-0.318219	
57	0.999121	-0.000752	4.089281	0.000752	0.999121	-0.196448	
58	0.999016	-0.000217	4.118865	0.000217	0.999016	0.112251	
59	0.999531	-0.000753	3.753172	0.000753	0.999531	-0.440329	
60	0.999424	-0.000067	4.069228	0.000067	0.999424	-0.583019	
61	0.999265	-0.000290	4.672719	0.000290	0.999265	-0.547792	
62	0.999215	-0.000506	4.787242	0.000506	0.999215	-0.428283	
63	0.999842	-0.000090	3.851152	0.000090	0.999842	-0.077410	
64	1.000236	-0.000722	2.767932	0.000722	1.000236	-0.354107	
65	0.999704	-0.000224	2.944044	0.000224	0.999704	0.112516	
66	0.999909	-0.000382	2.661546	0.000382	0.999909	0.107878	
67	0.999322	-0.000463	2.740074	0.000463	0.999322	-0.419166	
68	1.001584	-0.000644	0.474904	0.000644	1.001584	-1.390808	
69	1.000737	-0.000308	0.519573	0.000308	1.000737	-1.412008	
70	1.000134	-0.000079	0.358366	0.000079	1.000134	-1.756881	
71	1.000266	0.000229	-0.296706	-0.000229	1.000266	-2.003683	
72	1.000323	0.000193	-0.518439	-0.000193	1.000323	-2.289591	
73	1.000885	0.000129	-0.950539	-0.000129	1.000885	-2.598634	
74	1.000955	-0.000164	-1.183906	0.000164	1.000955	-2.922656	
75	1.000746	-0.000407	-1.246841	0.000407	1.000746	-3.120494	
76	1.000397	-0.000166	-1.102209	0.000166	1.000397	-3.006856	
77	1.000248	-0.000342	-1.037719	0.000342	1.000248	-3.121174	
78	1.000380	-0.000336	-1.174975	0.000336	1.000380	-2.875634	
79	1.000130	-0.000026	-0.977733	0.000026	1.000130	-2.338386	
80	0.999453	-0.000066	-0.615185	0.000066	0.999453	-2.081089	
81	0.999335	-0.000057	-0.613866	0.000057	0.999335	-1.941906	
82	0.999099	-0.000503	-0.627930	0.000503	0.999099	-1.863905	
83	0.998792	-0.000142	-0.335338	0.000142	0.998792	-1.750273	
84	0.999536	0.000012	-0.669253	-0.000012	0.999536	-1.415745	
85	0.998949	-0.000241	-0.114393	0.000241	0.998949	-1.502069	
86	0.999303	-0.000152	-0.079312	0.000152	0.999303	-1.179722	
87	0.999204	-0.000133	0.334036	0.000133	0.999204	-0.978876	
88	0.999161	0.000345	0.545281	-0.000345	0.999161	-0.619575	
89	0.998445	0.000222	1.398099	-0.000222	0.998445	-0.353015	
90	0.998273	-0.000644	1.970366	0.000644	0.998273	-0.557413	
91	0.997963	0.000192	2.595327	-0.000192	0.997963	0.007985	
92	0.997525	0.000098	3.127355	-0.000098	0.997525	0.114271	
93	0.997391	-0.000335	3.399388	0.000335	0.997391	-0.109001	
94	0.997641	-0.000391	3.178009	0.000391	0.997641	-0.370703	
95	0.998452	0.000140	2.463264	-0.000140	0.998452	-0.525830	
96	0.999510	0.000307	1.621687	-0.000307	0.999510	-0.768797	
97	1.000067	-0.000042	0.698058	0.000042	1.000067	-1.135116	
98	1.000178	0.000458	0.101942	-0.000458	1.000178	-1.324802	
99	1.000017	0.000407	-0.279911	-0.000407	1.000017	-1.607796	
100	0.999887	0.000521	-0.496519	-0.000521	0.999887	-1.637704	
101	0.999385	0.000525	-0.990803	-0.000525	0.999385	-1.556608	
102	0.999445	0.000440	-2.266020	-0.000440	0.999445	-1.477875	
103	0.999229	0.000265	-3.361761	-0.000265	0.999229	-1.439867	
104	0.998778	0.000223	-4.118274	-0.000223	0.998778	-1.316836	
105	1.000508	0.000049	-6.806914	-0.000049	1.000508	-1.685031	
106	0.997493	0.000406	-6.378082	-0.000406	0.997493	-0.686895	
107	0.995913	0.000629	-7.217389	-0.000629	0.995913	0.148453	
108	0.990473	0.001812	-3.747443	-0.001812	0.990473	1.810356	
109	0.995844	0.001656	-9.425938	-0.001656	0.995844	1.529530	
110	0.996329	0.001952	-11.109410	-0.001952	0.996329	1.843125	
111	0.996414	0.002048	-12.440736	-0.002048	0.996414	2.008123	
112	0.997061	0.001769	-13.984656	-0.001769	0.997061	1.719488	
113	0.997997	0.001984	-15.371091	-0.001984	0.997997	1.649446	
114	0.997776	0.002024	-15.747478	-0.002024	0.997776	2.090620	
115	0.997691	0.001942	-15.556918	-0.001942	0.997691	2.063263	
116	0.997294	0.001412	-15.332247	-0.001412	0.997294	1.342048	
117	0.997392	0.001883	-15.431982	-0.001883	0.997392	1.443606	
118	0.997838	0.001333	-15.187494	-0.001333	0.997838	1.238281	
119	0.997769	0.001216	-13.362324	-0.001216	0.997769	0.864273	
120	0.997138	0.001963	-8.786894	-0.001963	0.997138	1.262296	
121	0.996413	0.000731	-3.486289	-0.000731	0.996413	0.719175	
122	0.997628	0.001000	-0.801142	-0.001000	0.997628	0.536883	
123	0.997472	0.000985	0.558915	-0.000985	0.997472	0.485557	
124	0.997499	0.001054	1.325146	-0.001054	0.997499	0.619017	
125	0.998025	0.000774	1.521592	-0.000774	0.998025	0.565836	
126	0.998032	0.000474	1.295421	-0.000474	0.998032	0.471251	
127	0.998078	0.000727	1.070279	-0.000727	0.998078	0.568677	
128	0.998273	0.000971	1.117291	-0.000971	0.998273	-0.041909	
129	0.997223	0.000710	1.912289	-0.000710	0.997223	-1.238005	
130	0.998569	0.000676	1.232549	-0.000676	0.998569	-0.987762	
131	0.998315	0.000594	1.250849	-0.000594	0.998315	0.347104	
132	0.998374	0.000453	0.995462	-0.000453	0.998374	0.385551	
133	0.998404	0.000414	0.546450	-0.000414	0.998404	-0.388323	
134	0.998710	0.001312	0.562284	-0.001312	0.998710	0.038904	
135	0.999427	0.000784	0.502722	-0.000784	0.999427	0.554330	
136	0.999976	0.000581	0.359336	-0.000581	0.999976	1.167920	
137	0.999908	0.000744	0.062813	-0.000744	0.999908	1.194841	
138	0.999987	0.000638	-0.064999	-0.000638	0.999987	0.942187	
139	1.000332	0.000329	0.155258	-0.000329	1.000332	0.737245	
140	1.000185	-0.000182	0.258489	0.000182	1.000185	0.669357	
141	0.999986	-0.000157	0.231672	0.000157	0.999986	1.409552	
142	0.999784	-0.000619	0.518095	0.000619	0.999784	2.062236	
143	0.999787	-0.000835	0.661015	0.000835	0.999787	2.347456	
144	0.999988	0.000323	0.701124	-0.000323	0.999988	2.862052	
145	1.001452	-0.000098	-0.393824	0.000098	1.001452	1.593553	
146	1.002333	-0.000027	-1.119764	0.000027	1.002333	0.883434	
147	1.002170	0.000256	-0.982226	-0.000256	1.002170	0.776288	
148	1.001981	0.000649	-0.970335	-0.000649	1.001981	0.856086	
149	1.002390	0.000179	-1.540806	-0.000179	1.002390	0.839994	
150	1.002004	0.000098	-1.554611	-0.000098	1.002004	0.859063	
151	1.002141	0.000089	-2.075326	-0.000089	1.002141	0.868428	
152	1.001665	0.000415	-2.108338	-0.000415	1.001665	1.017896	
153	1.001878	0.000087	-2.571441	-0.000087	1.001878	0.881824	
154	1.001682	0.000156	-2.655617	-0.000156	1.001682	0.886706	
155	1.001207	0.000287	-2.695844	-0.000287	1.001207	0.955686	
156	1.000934	0.000334	-2.613684	-0.000334	1.000934	0.976558	
157	1.000946	0.000148	-2.808359	-0.000148	1.000946	0.867933	
158	1.001276	0.000454	-3.157227	-0.000454	1.001276	1.018259	
159	1.000984	0.000263	-3.166098	-0.000263	1.000984	0.975307	
160	1.000695	0.000082	-3.270794	-0.000082	1.000695	0.795822	
161	1.000789	0.000297	-3.530770	-0.000297	1.000789	0.783789	
162	1.000641	0.000414	-3.560321	-0.000414	1.000641	0.760382	
163	1.000439	0.000225	-3.562982	-0.000225	1.000439	0.580673	
164	1.000534	0.000403	-3.678173	-0.000403	1.000534	0.568110	
165	1.000457	0.000538	-3.768662	-0.000538	1.000457	0.828542	
166	1.000326	0.000601	-3.547821	-0.000601	1.000326	0.987645	
167	1.000107	0.000362	-3.419696	-0.000362	1.000107	0.954966	
168	1.000126	0.000454	-3.407967	-0.000454	1.000126	0.882583	
169	1.000130	0.000517	-3.277093	-0.000517	1.000130	0.967300	
170	1.000575	-0.000003	-3.661740	0.000003	1.000575	0.689228	
171	1.000250	0.000166	-3.284819	-0.000166	1.000250	0.792991	
172	1.000522	0.000363	-3.331192	-0.000363	1.000522	0.672603	
173	1.000632	0.000287	-3.339677	-0.000287	1.000632	0.571831	
174	1.000104	0.000284	-2.675200	-0.000284	1.000104	0.750621	
175	1.000415	0.000540	-2.603096	-0.000540	1.000415	0.901350	
176	1.000436	0.000396	-2.713550	-0.000396	1.000436	0.800582	
177	1.000179	0.000235	-2.585027	-0.000235	1.000179	0.787017	
178	0.999919	0.000232	-2.466540	-0.000232	0.999919	0.858091	
179	0.999841	0.000484	-2.460725	-0.000484	0.999841	1.030166	
180	1.000098	0.000207	-2.696731	-0.000207	1.000098	0.800170	
181	0.999724	0.000492	-2.362059	-0.000492	0.999724	1.013455	
182	0.999803	0.000364	-2.426469	-0.000364	0.999803	0.862165	
183	0.999929	0.000085	-2.595002	-0.000085	0.999929	0.854473	
184	1.000164	-0.000003	-2.698599	0.000003	1.000164	0.779440	
185	1.001423	0.000669	-3.164888	-0.000669	1.001423	1.071397	
186	1.000298	0.000210	-2.554744	-0.000210	1.000298	0.871435	
187	1.000112	0.000257	-2.267433	-0.000257	1.000112	0.861817	
188	1.000452	0.000439	-2.150002	-0.000439	1.000452	0.915814	
189	0.998700	-0.000040	-0.912444	0.000040	0.998700	0.829616	
190	1.000201	0.000146	-1.717814	-0.000146	1.000201	0.701145	
191	1.000186	0.000107	-1.578733	-0.000107	1.000186	0.825540	
192	1.000161	0.000051	-1.390735	-0.000051	1.000161	0.890385	
193	1.000334	0.000163	-1.296502	-0.000163	1.000334	0.995449	
194	1.000552	0.000039	-1.291537	-0.000039	1.000552	0.963060	
195	1.000513	0.000028	-1.151322	-0.000028	1.000513	1.062371	
196	1.000506	0.000224	-1.005643	-0.000224	1.000506	1.263136	
197	1.000212	0.000169	-0.677694	-0.000169	1.000212	1.197348	
198	0.999919	-0.000001	-0.406574	0.000001	0.999919	1.072470	
199	0.999756	0.000084	-0.152679	-0.000084	0.999756	1.208615	
200	0.999941	0.000102	-0.112870	-0.000102	0.999941	1.323064	
201	1.000109	-0.000042	-0.070482	0.000042	1.000109	1.302569	
202	1.000275	0.000085	-0.018021	-0.000085	1.000275	1.344495	
203	1.000608	-0.000100	-0.148122	0.000100	1.000608	1.345557	
204	1.000256	-0.000021	0.081648	0.000021	1.000256	1.461214	
205	1.000471	-0.000039	0.053929	0.000039	1.000471	1.279810	
206	1.000455	-0.000048	0.301033	0.000048	1.000455	1.222200	
207	1.000361	0.000146	0.790072	-0.000146	1.000361	1.250056	
208	1.000410	0.000121	1.226342	-0.000121	1.000410	1.247743	
209	1.000423	0.000216	1.415922	-0.000216	1.000423	1.328667	
210	1.000674	0.000215	1.412430	-0.000215	1.000674	1.239942	
211	1.000504	0.000182	1.893916	-0.000182	1.000504	1.294902	
212	1.000524	-0.000034	2.244721	0.000034	1.000524	1.202437	
213	1.000962	0.000178	2.121589	-0.000178	1.000962	1.289821	
214	1.001088	0.000478	2.006510	-0.000478	1.001088	1.391437	
215	1.001154	0.000464	1.945226	-0.000464	1.001154	1.176945	
216	1.001287	0.000491	1.884263	-0.000491	1.001287	1.145659	
217	1.002548	-0.000115	1.116326	0.000115	1.002548	0.566856	
218	1.002788	0.000782	0.700715	-0.000782	1.002788	0.878783	
219	1.004057	0.000531	0.061063	-0.000531	1.004057	0.587157	
220	1.003499	0.000470	-0.065431	-0.000470	1.003499	0.587388	
221	1.003221	0.000379	-0.209650	-0.000379	1.003221	0.543006	
222	1.003642	0.000209	-0.796050	-0.000209	1.003642	0.450773	
223	1.003547	0.000294	-1.158298	-0.000294	1.003547	0.654113	
224	1.003239	0.000464	-1.232790	-0.000464	1.003239	0.882134	
225	1.003197	0.000435	-1.301946	-0.000435	1.003197	0.911129	
226	1.003098	0.000296	-1.455161	-0.000296	1.003098	0.835814	
227	1.002909	0.000210	-1.668406	-0.000210	1.002909	0.683473	
228	1.003166	0.000330	-1.912067	-0.000330	1.003166	0.325892	
229	1.002894	0.000233	-1.825207	-0.000233	1.002894	0.157945	
230	1.002783	0.000189	-2.167514	-0.000189	1.002783	0.173643	
231	1.002519	0.000268	-2.478703	-0.000268	1.002519	0.212370	
232	1.002814	0.000361	-2.864526	-0.000361	1.002814	-0.030603	
233	1.002776	0.000326	-3.074387	-0.000326	1.002776	-0.159969	
234	1.002574	0.000361	-3.160999	-0.000361	1.002574	-0.204358	
235	1.002646	0.000497	-3.471125	-0.000497	1.002646	-0.227141	
236	1.002767	0.000495	-3.867462	-0.000495	1.002767	-0.132846	
237	1.002821	0.000291	-4.254729	-0.000291	1.002821	-0.022382	
238	1.001990	0.000232	-3.911685	-0.000232	1.001990	0.034932	
239	1.002434	0.000333	-4.377745	-0.000333	1.002434	-0.187974	
240	1.002088	0.000298	-4.160152	-0.000298	1.002088	-0.091962	
241	1.002397	0.000310	-4.577426	-0.000310	1.002397	0.053005	
242	1.002595	0.000399	-4.814787	-0.000399	1.002595	0.117598	
243	1.003146	0.000539	-5.287714	-0.000539	1.003146	0.027337	
244	1.002552	0.000419	-4.403438	-0.000419	1.002552	0.191260	
245	1.002588	0.000491	-4.253690	-0.000491	1.002588	0.234102	
246	1.002282	0.000512	-3.743757	-0.000512	1.002282	0.165890	
247	1.002668	0.000442	-3.681525	-0.000442	1.002668	-0.000408	
248	1.002397	0.000327	-2.957794	-0.000327	1.002397	0.023132	
249	1.002312	0.000336	-2.475783	-0.000336	1.002312	0.324318	
250	1.002202	0.000387	-2.143817	-0.000387	1.002202	0.286910	
251	1.002594	0.000436	-2.192491	-0.000436	1.002594	0.139100	
252	1.002596	0.000513	-2.013032	-0.000513	1.002596	0.205574	
253	1.002520	0.000553	-1.974338	-0.000553	1.002520	0.149804	
254	1.002417	0.000592	-1.872932	-0.000592	1.002417	0.191984	
255	1.002659	0.000582	-1.972119	-0.000582	1.002659	0.141670	
256	1.002591	0.000465	-2.063280	-0.000465	1.002591	0.127709	
257	1.002336	0.000475	-2.058986	-0.000475	1.002336	0.248044	
258	1.002022	0.000410	-1.974590	-0.000410	1.002022	0.285971	
259	1.002018	0.000332	-2.179528	-0.000332	1.002018	0.298996	
260	1.002370	0.000229	-2.572266	-0.000229	1.002370	0.240177	
261	1.002522	0.000205	-2.872099	-0.000205	1.002522	0.278352	
262	1.002294	0.000231	-3.119514	-0.000231	1.002294	0.398449	
263	1.002065	0.000330	-3.330882	-0.000330	1.002065	0.544626	
264	1.001827	0.000337	-3.431043	-0.000337	1.001827	0.645354	
265	1.001843	0.000238	-3.663443	-0.000238	1.001843	0.499441	
266	1.001493	0.000281	-3.645089	-0.000281	1.001493	0.546478	
267	1.001159	0.000124	-3.723832	-0.000124	1.001159	0.476706	
268	1.001104	0.000155	-3.845835	-0.000155	1.001104	0.415087	
269	0.999184	0.000008	-3.002258	-0.000008	0.999184	0.673102	
270	1.000512	0.000256	-3.815187	-0.000256	1.000512	0.632936	
271	1.000438	0.000391	-3.856480	-0.000391	1.000438	0.633574	
272	1.001773	0.000903	-5.439231	-0.000903	1.001773	0.860147	
273	1.000116	0.000314	-3.855277	-0.000314	1.000116	0.572575	
274	0.999919	0.000172	-3.622808	-0.000172	0.999919	0.519522	
275	0.999974	0.000167	-3.554035	-0.000167	0.999974	0.498794	
276	0.999739	0.000214	-3.376764	-0.000214	0.999739	0.431911	
277	0.999627	0.000245	-3.169089	-0.000245	0.999627	0.481407	
278	0.999291	0.000222	-3.098445	-0.000222	0.999291	0.543875	
279	0.999382	0.000230	-3.280346	-0.000230	0.999382	0.649632	
280	0.999059	0.000290	-3.223350	-0.000290	0.999059	0.699389	
281	0.999533	0.000190	-3.732713	-0.000190	0.999533	0.485731	
282	0.999234	0.000107	-3.690650	-0.000107	0.999234	0.495610	
283	1.001506	0.000084	-6.109106	-0.000084	1.001506	0.162645	
284	0.999385	-0.000066	-4.306668	0.000066	0.999385	0.282379	
285	1.000852	0.000384	-5.910505	-0.000384	1.000852	0.283540	
286	0.999713	0.000637	-5.929751	-0.000637	0.999713	0.594091	
287	0.997662	0.000229	-4.235891	-0.000229	0.997662	0.753626	
288	1.001485	0.000804	-6.811138	-0.000804	1.001485	0.556252	
289	1.002320	0.000601	-7.299394	-0.000601	1.002320	0.175254	
290	1.002472	-0.000059	-7.908575	0.000059	1.002472	-0.279868	
291	1.001769	0.000071	-7.281094	-0.000071	1.001769	-0.166077	
292	0.999914	0.000168	-6.427571	-0.000168	0.999914	0.181547	
293	1.000088	0.000296	-6.289865	-0.000296	1.000088	0.120884	
294	0.999789	0.000442	-5.782872	-0.000442	0.999789	0.212162	
295	0.998727	0.000413	-4.656027	-0.000413	0.998727	0.412646	
296	1.001015	0.000452	-6.199095	-0.000452	1.001015	0.222935	
297	0.998852	0.000303	-4.534932	-0.000303	0.998852	0.427803	
298	0.998699	0.000214	-4.467738	-0.000214	0.998699	0.367737	
299	1.000733	0.000099	-5.857364	-0.000099	1.000733	0.244725	
300	0.998096	0.000103	-3.500995	-0.000103	0.998096	0.480043	
301	1.002022	0.000730	-6.745112	-0.000730	1.002022	0.298634	
302	0.998856	0.000655	-5.206559	-0.000655	0.998856	0.819298	
303	0.997189	0.000367	-3.772638	-0.000367	0.997189	0.903272	
304	0.995817	0.000122	-2.991988	-0.000122	0.995817	1.134880	
305	0.999087	0.000273	-4.629106	-0.000273	0.999087	0.766245	
306	0.999361	0.000441	-6.032395	-0.000441	0.999361	0.965674	
307	0.999167	0.000279	-5.725311	-0.000279	0.999167	0.792630	
308	0.998280	0.000053	-5.066242	-0.000053	0.998280	0.779696	
309	0.997463	-0.000140	-4.405454	0.000140	0.997463	0.653637	
310	0.996688	0.000042	-3.937458	-0.000042	0.996688	0.833747	
311	0.996786	0.000128	-4.069797	-0.000128	0.996786	0.794960	
312	0.997485	0.000472	-4.976590	-0.000472	0.997485	0.911801	
313	0.994449	0.000514	-2.210945	-0.000514	0.994449	1.373119	
314	0.998960	0.000526	-6.260669	-0.000526	0.998960	0.782854	
315	0.999731	0.000525	-6.744539	-0.000525	0.999731	0.554186	
316	0.999089	0.000457	-6.626660	-0.000457	0.999089	0.467528	
317	0.999135	0.000646	-6.683775	-0.000646	0.999135	0.518071	
318	0.999572	0.000796	-6.670781	-0.000796	0.999572	0.450867	
319	0.997260	0.000715	-4.790467	-0.000715	0.997260	0.438749	
320	0.996041	0.000648	-3.425313	-0.000648	0.996041	0.420617	
321	0.996722	0.000699	-3.941780	-0.000699	0.996722	0.409891	
322	0.996122	0.000279	-3.503302	-0.000279	0.996122	0.173440	
323	0.996691	0.000750	-3.614140	-0.000750	0.996691	0.328332	
324	0.995683	0.000559	-3.685865	-0.000559	0.995683	-0.047934	
325	1.002689	-0.000182	-8.313165	0.000182	1.002689	-1.304355	
326	0.999563	0.000734	-7.276489	-0.000734	0.999563	-0.168379	
327	0.999010	0.000807	-7.056827	-0.000807	0.999010	-0.159845	
328	0.999505	0.000689	-8.397414	-0.000689	0.999505	-0.596910	
329	0.999678	0.000724	-8.873243	-0.000724	0.999678	-0.443097	
330	0.999568	0.000736	-8.066377	-0.000736	0.999568	-0.238054	
331	0.999831	0.000554	-8.234594	-0.000554	0.999831	1.141938	
332	0.993539	0.000301	-2.014791	-0.000301	0.993539	1.843314	
333	0.998885	0.001146	-6.318948	-0.001146	0.998885	0.552170	
334	0.997238	0.001082	-4.035377	-0.001082	0.997238	0.090676	
335	0.994948	0.001467	-1.526580	-0.001467	0.994948	0.702229	
336	0.997861	0.000816	-3.577873	-0.000816	0.997861	-0.031675	
337	0.998085	0.000199	-3.996660	-0.000199	0.998085	0.534972	
338	0.999385	0.000537	-5.759371	-0.000537	0.999385	1.164017	
339	0.999763	0.000378	-7.197373	-0.000378	0.999763	-0.046986	
340	0.999619	0.000553	-8.311001	-0.000553	0.999619	-0.125208	
341	0.999355	0.000799	-8.846884	-0.000799	0.999355	1.133167	
342	0.999967	0.000646	-9.975230	-0.000646	0.999967	1.333126	
343	0.999828	0.000761	-9.826415	-0.000761	0.999828	0.627493	
344	0.998558	0.001457	-7.449613	-0.001457	0.998558	1.182867	
345	0.999449	0.000785	-7.870634	-0.000785	0.999449	1.021123	
346	0.999853	0.000587	-8.062691	-0.000587	0.999853	0.852391	
347	1.001209	0.000571	-7.700256	-0.000571	1.001209	0.313826	
348	0.997199	0.000607	-3.937217	-0.000607	0.997199	0.853331	
349	0.999742	0.000652	-6.784873	-0.000652	0.999742	0.675986	
350	0.999479	0.000939	-6.743106	-0.000939	0.999479	1.063440	
351	0.993695	0.000902	-1.550367	-0.000902	0.993695	1.999989	
352	0.994521	0.000667	-2.799858	-0.000667	0.994521	1.670305	
353	0.996933	0.000319	-4.669610	-0.000319	0.996933	0.758097	
354	0.999886	0.000457	-7.567129	-0.000457	0.999886	0.337126	
355	0.996510	0.000457	-4.185091	-0.000457	0.996510	0.661632	
356	1.000934	0.000283	-7.778713	-0.000283	1.000934	-0.290828	
357	1.001332	0.000271	-7.440457	-0.000271	1.001332	-0.446310	
358	0.997341	0.000796	-3.908086	-0.000796	0.997341	0.492551	
359	0.998070	0.000523	-4.033616	-0.000523	0.998070	0.142688	
360	0.999596	0.000315	-3.996803	-0.000315	0.999596	-0.385819	
361	0.997446	0.001355	-2.061806	-0.001355	0.997446	0.393851	
362	0.999576	0.000543	-2.731227	-0.000543	0.999576	-0.599704	
363	0.997898	0.000961	0.094422	-0.000961	0.997898	-0.026581	
364	0.998754	0.000634	-0.692296	-0.000634	0.998754	-0.593566	
365	0.999491	0.000620	-0.310147	-0.000620	0.999491	-0.870740	
366	0.999931	0.000808	0.343619	-0.000808	0.999931	-0.732444	
367	1.000073	0.000655	0.359952	-0.000655	1.000073	-0.627782	
368	0.999012	0.000895	1.549964	-0.000895	0.999012	-0.117234	
369	0.998625	0.000934	1.540989	-0.000934	0.998625	0.111074	
370	0.998646	0.000725	1.710514	-0.000725	0.998646	0.079445	
371	0.998439	0.000534	2.272621	-0.000534	0.998439	0.275946	
372	0.998996	0.000578	2.320470	-0.000578	0.998996	0.367920	
373	0.999090	0.000615	2.794264	-0.000615	0.999090	0.601947	
374	0.998944	0.000444	2.938770	-0.000444	0.998944	0.670709	
375	0.999021	0.000422	2.559257	-0.000422	0.999021	0.898457	
376	0.999346	0.000456	1.390802	-0.000456	0.999346	0.960739	
377	0.999276	0.000550	0.448927	-0.000550	0.999276	0.965488	
378	0.999091	0.000627	0.337758	-0.000627	0.999091	1.196948	
379	0.999471	0.000255	-1.446459	-0.000255	0.999471	1.286731	
380	0.999145	0.000007	-2.188349	-0.000007	0.999145	1.561167	
381	0.998978	0.000032	-2.968046	-0.000032	0.998978	1.777259	
382	0.999169	-0.000016	-4.064041	0.000016	0.999169	1.451115	
383	0.996119	0.000270	-1.766902	-0.000270	0.996119	1.823029	
384	0.997770	0.000057	-3.881709	-0.000057	0.997770	1.374721	
385	0.995364	-0.000016	-1.576661	0.000016	0.995364	1.736382	
386	1.001196	0.000457	-7.582671	-0.000457	1.001196	1.066602	
387	0.997853	0.000179	-5.680771	-0.000179	0.997853	1.295344	
388	0.998783	0.000513	-6.973796	-0.000513	0.998783	1.242537	
389	0.999102	-0.000003	-4.984805	0.000003	0.999102	0.847847	
390	0.998694	0.000718	-7.267788	-0.000718	0.998694	1.552036	
391	0.993116	-0.000147	-1.237187	0.000147	0.993116	1.761158	
392	0.993126	0.000093	-1.563136	-0.000093	0.993126	1.800820	
393	0.995908	0.000134	-4.512553	-0.000134	0.995908	1.255453	
394	0.998853	0.000795	-7.739231	-0.000795	0.998853	1.399661	
395	0.998877	0.000747	-7.925747	-0.000747	0.998877	1.240831	
396	1.001049	0.000487	-9.450995	-0.000487	1.001049	0.615704	
397	0.999574	0.000810	-8.921656	-0.000810	0.999574	1.040540	
398	0.991757	0.000117	-0.336138	-0.000117	0.991757	2.210985	
399	0.994417	0.000334	-3.562513	-0.000334	0.994417	1.734953	
400	0.998871	0.000951	-8.349370	-0.000951	0.998871	1.223512	
401	0.992412	-0.000068	-1.290498	0.000068	0.992412	1.439615	
402	0.994186	0.000026	-3.050835	-0.000026	0.994186	1.138790	
403	0.992923	-0.000083	-1.521191	0.000083	0.992923	1.395598	
404	0.999775	0.000990	-8.578667	-0.000990	0.999775	1.105507	
405	0.999714	0.001059	-8.623129	-0.001059	0.999714	1.132142	
406	0.998635	0.001260	-7.632634	-0.001260	0.998635	1.432900	
407	0.992843	0.000325	-1.548409	-0.000325	0.992843	1.755388	
408	0.992591	-0.000014	-1.355756	0.000014	0.992591	1.442220	
409	0.992640	0.000015	-1.386588	-0.000015	0.992640	1.459583	
410	0.993767	0.000137	-3.265323	-0.000137	0.993767	1.121215	
411	0.999701	0.000630	-9.453469	-0.000630	0.999701	0.628917	
412	0.997854	0.001249	-7.790761	-0.001249	0.997854	1.396998	
413	0.991586	0.000340	-1.242808	-0.000340	0.991586	2.019784	
414	0.999237	0.000754	-9.812549	-0.000754	0.999237	0.874180	
415	0.998355	0.001551	-9.239469	-0.001551	0.998355	1.948055	
416	0.997029	0.001555	-8.240095	-0.001555	0.997029	2.187905	
417	0.999089	0.000342	-10.442996	-0.000342	0.999089	0.780301	
418	0.993426	0.000474	-4.630140	-0.000474	0.993426	1.951487	
419	0.999180	0.000486	-10.635604	-0.000486	0.999180	1.044741	
420	0.997993	0.000591	-9.806498	-0.000591	0.997993	1.394397	
421	0.995495	0.001631	-7.603100	-0.001631	0.995495	2.565534	
422	0.998313	0.000605	-10.366807	-0.000605	0.998313	1.610213	
423	0.993075	0.001111	-5.148654	-0.001111	0.993075	2.781087	
424	0.998554	0.001283	-10.478923	-0.001283	0.998554	2.003395	
425	0.997784	0.001341	-9.547821	-0.001341	0.997784	2.126932	
426	0.997919	0.001052	-9.550286	-0.001052	0.997919	1.826912	
427	0.998573	0.000788	-10.147238	-0.000788	0.998573	1.619395	
428	0.996020	0.001537	-7.451221	-0.001537	0.996020	2.568954	
429	0.998112	0.001033	-9.396800	-0.001033	0.998112	1.801366	
430	0.997076	0.001852	-8.342955	-0.001852	0.997076	2.649697	
431	0.998128	0.001012	-9.135088	-0.001012	0.998128	1.751270	
432	0.998593	0.000959	-9.341277	-0.000959	0.998593	1.683605	
433	0.998760	0.000852	-9.207887	-0.000852	0.998760	1.612364	
434	0.999238	0.001020	-9.435817	-0.001020	0.999238	1.815321	
435	0.999757	0.000903	-9.426417	-0.000903	0.999757	1.760797	
436	1.001581	0.000232	-10.162836	-0.000232	1.001581	0.794278	
437	0.999507	0.000821	-8.484245	-0.000821	0.999507	1.615448	
438	0.992605	-0.000254	-1.094324	0.000254	0.992605	1.725614	
439	1.002276	-0.000107	-9.885085	0.000107	1.002276	0.129565	
440	1.000873	0.000325	-8.932820	-0.000325	1.000873	0.562007	
441	1.000645	0.000309	-8.146985	-0.000309	1.000645	0.475393	
442	1.000624	0.000388	-7.651953	-0.000388	1.000624	0.465227	
443	0.995720	0.000021	-2.449721	-0.000021	0.995720	1.047355	
444	1.001523	0.000218	-7.910145	-0.000218	1.001523	-0.060124	
445	0.995497	0.000328	-2.071952	-0.000328	0.995497	1.070147	
446	0.995782	0.000290	-1.676163	-0.000290	0.995782	1.060319	
447	0.995403	0.000486	-2.086698	-0.000486	0.995403	1.208669	
448	0.996207	0.000230	-3.131939	-0.000230	0.996207	0.830656	
449	0.997007	-0.000020	-4.094123	0.000020	0.997007	0.425790	
450	0.998735	0.000543	-6.367940	-0.000543	0.998735	0.366715	
451	0.999140	0.000570	-7.202432	-0.000570	0.999140	0.127620	
452	0.995093	0.000187	-3.755873	-0.000187	0.995093	0.763536	
453	0.998604	0.000804	-7.617966	-0.000804	0.998604	0.771384	
454	0.993193	0.000077	-2.510914	-0.000077	0.993193	1.394663	
455	0.998599	0.000777	-8.447180	-0.000777	0.998599	1.008818	
456	0.998880	0.000479	-8.816872	-0.000479	0.998880	0.730063	
457	0.998858	0.000657	-8.171796	-0.000657	0.998858	0.920154	
458	0.998821	0.000435	-7.591097	-0.000435	0.998821	0.754158	
459	0.998897	0.000237	-6.900069	-0.000237	0.998897	0.593157	
460	0.997452	-0.000152	-4.110991	0.000152	0.997452	0.403893	
461	0.998579	-0.000138	-3.219603	0.000138	0.998579	0.164905	
462	0.999032	0.000023	-1.444048	-0.000023	0.999032	0.349974	
463	0.999656	-0.000011	0.238420	0.000011	0.999656	0.343411	
464	0.999869	0.000161	0.882533	-0.000161	0.999869	0.426588	
465	0.999742	0.000338	1.014312	-0.000338	0.999742	0.268012	
466	0.999977	0.000330	1.280519	-0.000330	0.999977	0.212514	
467	1.000394	0.000417	1.854426	-0.000417	1.000394	0.511627	
468	1.000234	0.000337	2.089145	-0.000337	1.000234	0.616811	
469	1.000261	0.000468	1.920995	-0.000468	1.000261	0.509357	
470	1.000187	0.000424	2.184089	-0.000424	1.000187	0.326716	
471	1.000184	0.000574	2.394699	-0.000574	1.000184	0.631011	
472	1.000234	0.000411	2.600410	-0.000411	1.000234	0.357432	
473	1.000660	0.000353	2.720210	-0.000353	1.000660	0.003380	
474	1.000597	0.000584	3.363693	-0.000584	1.000597	0.045810	
475	1.000585	0.000443	3.515225	-0.000443	1.000585	-0.126988	
476	1.000632	0.000558	3.651963	-0.000558	1.000632	-0.048886	
477	1.000670	0.000621	3.794916	-0.000621	1.000670	-0.021018	
478	1.001193	0.000546	3.491746	-0.000546	1.001193	-0.450682	
479	1.000706	0.000563	3.583694	-0.000563	1.000706	-0.334399	
480	1.000628	0.000556	3.641200	-0.000556	1.000628	-0.466468	
481	1.000806	0.000577	3.481609	-0.000577	1.000806	-0.565454	
482	1.000489	0.000378	3.598097	-0.000378	1.000489	-0.569483	
483	0.999070	0.000143	4.590252	-0.000143	0.999070	-0.152514	
484	0.999468	0.000289	4.067286	-0.000289	0.999468	0.040674	
485	0.999428	0.000330	4.210513	-0.000330	0.999428	0.166156	
486	0.999561	0.000244	4.328250	-0.000244	0.999561	0.128117	
487	0.999745	0.000377	4.336595	-0.000377	0.999745	0.013570	
488	0.998589	0.000286	5.410915	-0.000286	0.998589	0.107213	
489	1.000209	0.000500	3.877568	-0.000500	1.000209	-0.149036	
490	0.999541	0.000460	4.409234	-0.000460	0.999541	-0.064185	
491	0.999937	0.000531	3.970455	-0.000531	0.999937	-0.137087	
492	0.999602	0.000495	3.987987	-0.000495	0.999602	-0.065923	
493	0.999477	0.000416	3.819416	-0.000416	0.999477	0.020135	
494	0.999380	0.000345	3.622682	-0.000345	0.999380	0.084847	
495	0.999473	0.000268	3.481452	-0.000268	0.999473	0.233511	
496	0.999496	0.000205	3.484164	-0.000205	0.999496	0.358378	
497	0.999687	0.000118	3.137556	-0.000118	0.999687	0.354207	
498	1.000349	0.000048	1.953603	-0.000048	1.000349	0.208961	
499	1.000080	-0.000078	0.715718	0.000078	1.000080	0.315499	
500	0.999823	-0.000188	-0.324821	0.000188	0.999823	0.371413	
501	0.999707	-0.000274	-0.785732	0.000274	0.999707	0.319309	
502	0.999177	-0.000517	-2.359530	0.000517	0.999177	0.289268	
503	0.997415	-0.000777	-4.034215	0.000777	0.997415	0.619995	
504	0.999417	0.000061	-8.934552	-0.000061	0.999417	1.292662	
505	0.999708	0.000258	-11.097236	-0.000258	0.999708	1.420230	
506	0.999227	0.000152	-12.028218	-0.000152	0.999227	1.298947	
507	0.999244	0.000224	-13.338009	-0.000224	0.999244	0.920874	
508	0.999322	0.000370	-14.931827	-0.000370	0.999322	1.021538	
509	0.998742	0.000403	-15.187078	-0.000403	0.998742	1.168494	
510	0.999322	0.000135	-16.267442	-0.000135	0.999322	0.526954	
511	1.000859	0.000083	-17.388250	-0.000083	1.000859	-0.730994	
512	1.001362	0.000440	-17.390447	-0.000440	1.001362	-0.877839	
513	1.001745	0.000324	-17.164954	-0.000324	1.001745	-0.860771	
514	1.001692	0.000173	-16.290399	-0.000173	1.001692	-0.786179	
515	1.002134	0.000404	-15.471613	-0.000404	1.002134	-0.630859	
516	1.002293	0.000559	-14.729464	-0.000559	1.002293	-0.725874	
517	1.002551	0.000467	-14.402851	-0.000467	1.002551	-0.833441	
518	1.002049	0.000327	-13.460073	-0.000327	1.002049	-0.780559	
519	1.002201	0.000317	-12.875684	-0.000317	1.002201	-1.080505	
520	1.002595	0.000251	-12.722692	-0.000251	1.002595	-1.414674	
521	1.002675	0.000248	-12.367692	-0.000248	1.002675	-1.148368	
522	1.002620	0.000183	-12.344997	-0.000183	1.002620	-0.867910	
523	1.003047	0.000089	-12.278426	-0.000089	1.003047	-1.098123	
524	1.002418	0.000572	-11.516739	-0.000572	1.002418	-0.833561	
525	1.002813	0.000335	-11.498590	-0.000335	1.002813	-0.895614	
526	1.003634	-0.000019	-11.389586	0.000019	1.003634	-1.027255	
527	1.002824	0.000387	-10.070045	-0.000387	1.002824	-0.905327	
528	1.003267	0.000136	-9.021766	-0.000136	1.003267	-1.169653	
529	1.002999	0.000027	-7.811891	-0.000027	1.002999	-0.707168	
530	1.003309	-0.000051	-6.681095	0.000051	1.003309	-0.823330	
531	1.001787	-0.000145	-4.200319	0.000145	1.001787	-0.814645	
532	1.001855	-0.000015	-3.329140	0.000015	1.001855	-0.787396	
533	1.002103	0.000144	-2.587766	-0.000144	1.002103	-0.879288	
534	1.002413	0.000161	-2.129564	-0.000161	1.002413	-1.046314	
535	1.002619	0.000194	-1.767758	-0.000194	1.002619	-0.753438	
536	1.002554	0.000211	-1.287123	-0.000211	1.002554	-0.661304	
537	1.002482	0.000150	-1.294100	-0.000150	1.002482	-0.916792	
538	1.002390	0.000230	-1.004131	-0.000230	1.002390	-1.164086	
539	1.002273	0.000407	-0.872049	-0.000407	1.002273	-0.612499	
540	1.002821	0.000412	-0.904165	-0.000412	1.002821	-0.454364	
541	1.002496	0.000141	-0.264367	-0.000141	1.002496	-0.668991	
542	1.002282	0.000177	0.244064	-0.000177	1.002282	-0.998999	
543	1.002105	0.000411	0.398871	-0.000411	1.002105	-0.989685	
544	1.001799	0.000384	0.325151	-0.000384	1.001799	-0.463768	
545	1.001596	0.000025	0.351164	-0.000025	1.001596	-0.409318	
546	1.001232	-0.000006	0.701329	0.000006	1.001232	-0.636136	
547	1.000906	0.000347	0.802523	-0.000347	1.000906	-0.480104	
548	1.000518	0.000361	0.841049	-0.000361	1.000518	-0.099299	
549	1.000418	-0.000088	0.844793	0.000088	1.000418	-0.372403	
