0	1.000000	0.000000	0.000000	0.000000	1.000000	0.000000	
1	0.991582	0.017120	-8.636500	-0.017120	0.991582	12.419780	
2	0.995922	0.002196	0.631189	-0.002196	0.995922	3.584344	
3	0.998466	0.000896	0.284527	-0.000896	0.998466	1.343922	
4	0.987281	0.011271	-2.352217	-0.011271	0.987281	12.858610	
5	0.987699	0.011892	-2.925286	-0.011892	0.987699	13.212068	
6	0.987266	0.010977	-3.257123	-0.010977	0.987266	12.430275	
7	0.998352	-0.000115	1.089660	0.000115	0.998352	0.744014	
8	0.997896	-0.000519	1.228706	0.000519	0.997896	0.929551	
9	1.000593	0.001725	-17.682532	-0.001725	1.000593	2.992610	
10	0.999602	0.001274	-0.220280	-0.001274	0.999602	1.498807	
11	0.992357	0.002534	2.310033	-0.002534	0.992357	6.558945	
12	0.990453	0.003796	2.450103	-0.003796	0.990453	8.398160	
13	0.993551	0.004443	0.329085	-0.004443	0.993551	6.800752	
14	1.001117	0.001913	-17.927577	-0.001913	1.001117	4.865096	
15	0.983385	0.008061	1.594904	-0.008061	0.983385	13.783374	
16	0.998252	0.000891	0.197452	-0.000891	0.998252	1.737538	
17	0.999698	0.002529	-1.436151	-0.002529	0.999698	1.777402	
18	0.982139	0.008638	0.943468	-0.008638	0.982139	14.202235	
19	1.000828	0.005688	-4.366416	-0.005688	1.000828	3.236659	
20	0.989756	0.005193	0.544916	-0.005193	0.989756	8.799891	
21	0.998021	0.002295	-0.758952	-0.002295	0.998021	3.052112	
22	0.995598	0.004894	-1.709996	-0.004894	0.995598	5.405684	
23	0.986271	0.009521	0.403604	-0.009521	0.986271	13.487687	
24	1.000892	0.001622	-19.246919	-0.001622	1.000892	3.285631	
25	0.984770	0.009850	0.744280	-0.009850	0.984770	14.974621	
26	0.998399	0.005075	-3.073124	-0.005075	0.998399	3.545505	
27	0.998956	0.007076	-4.520753	-0.007076	0.998956	4.577894	
28	0.980805	0.010892	0.666526	-0.010892	0.980805	17.097913	
29	1.002206	0.001725	-21.214835	-0.001725	1.002206	4.543910	
30	1.001325	0.001694	-20.207974	-0.001694	1.001325	4.861282	
31	1.000652	0.001933	-18.275658	-0.001933	1.000652	4.719744	
32	1.001023	0.001949	-17.514821	-0.001949	1.001023	4.072768	
33	0.984177	0.013243	-2.001039	-0.013243	0.984177	16.369612	
34	0.984729	0.013634	-4.123120	-0.013634	0.984729	14.809623	
35	0.984369	0.014571	-4.278288	-0.014571	0.984369	15.303177	
36	1.000814	0.001467	-16.248670	-0.001467	1.000814	2.632654	
37	0.997363	0.002040	-0.250013	-0.002040	0.997363	2.749750	
38	0.985552	0.010484	-1.487368	-0.010484	0.985552	13.147281	
39	0.985621	0.009436	-0.919011	-0.009436	0.985621	12.555409	
40	0.986298	0.009643	-1.437715	-0.009643	0.986298	12.456809	
41	0.986598	0.009727	-1.489532	-0.009727	0.986598	12.187271	
42	1.000271	0.000670	-13.010584	-0.000670	1.000271	2.131345	
43	0.989119	0.012312	-4.870899	-0.012312	0.989119	12.407018	
44	0.989657	0.009639	-3.973738	-0.009639	0.989657	10.977408	
45	0.991717	0.014271	-6.321582	-0.014271	0.991717	12.883137	
46	0.989303	0.009469	-2.412088	-0.009469	0.989303	11.275593	
47	0.993916	0.009682	-6.354558	-0.009682	0.993916	9.315062	
48	0.992189	0.006985	-3.252002	-0.006985	0.992189	8.082969	
49	0.998137	0.005103	-5.286286	-0.005103	0.998137	4.942198	
50	0.997632	0.002644	-2.365025	-0.002644	0.997632	3.313979	
51	0.998171	0.001944	-1.522087	-0.001944	0.998171	2.465569	
52	0.998778	0.001735	-1.298630	-0.001735	0.998778	2.117901	
53	0.998369	0.001669	-1.038552	-0.001669	0.998369	2.236165	
54	0.998266	0.001946	-1.334946	-0.001946	0.998266	2.354369	
55	0.998084	0.001527	-1.331869	-0.001527	0.998084	2.163773	
56	0.997552	0.001856	-0.978730	-0.001856	0.997552	2.619387	
57	0.997286	0.002135	-1.406727	-0.002135	0.997286	2.848832	
58	0.997558	0.002795	-2.468002	-0.002795	0.997558	3.322389	
59	0.997021	0.002945	-2.332737	-0.002945	0.997021	3.428351	
60	0.996803	0.003036	-2.574207	-0.003036	0.996803	3.629619	
61	0.995090	0.003535	-2.003356	-0.003535	0.995090	4.768370	
62	0.995741	0.003907	-3.496414	-0.003907	0.995741	4.874582	
63	0.993674	0.004622	-2.070790	-0.004622	0.993674	6.552977	
64	0.993954	0.005057	-2.621279	-0.005057	0.993954	6.688015	
65	0.994102	0.004931	-2.757786	-0.004931	0.994102	6.577761	
66	0.997257	0.003906	-4.811596	-0.003906	0.997257	4.677449	
67	0.996657	0.005931	-3.731426	-0.005931	0.996657	5.495410	
68	0.996980	0.002924	-2.489464	-0.002924	0.996980	3.864638	
69	0.997403	0.002580	-2.095746	-0.002580	0.997403	3.335036	
70	0.997441	0.001952	-1.324587	-0.001952	0.997441	2.756649	
71	0.997956	0.001491	-0.870422	-0.001491	0.997956	2.165966	
72	0.998340	0.001213	-0.560719	-0.001213	0.998340	1.669299	
73	0.998814	0.000894	-0.342892	-0.000894	0.998814	1.193643	
74	0.998610	0.000734	-0.139944	-0.000734	0.998610	1.167978	
75	0.998654	0.000842	-0.275341	-0.000842	0.998654	1.122453	
76	0.998980	0.001081	-0.712741	-0.001081	0.998980	1.015895	
77	0.998909	0.001619	-1.084258	-0.001619	0.998909	1.242629	
78	0.999247	0.001949	-1.854690	-0.001949	0.999247	1.226430	
79	0.999051	0.002043	-2.120351	-0.002043	0.999051	1.343870	
80	0.998929	0.002176	-1.844972	-0.002176	0.998929	1.394407	
81	0.999224	0.001974	-2.041479	-0.001974	0.999224	1.095873	
82	0.999018	0.002021	-2.014922	-0.002021	0.999018	1.135284	
83	0.998654	0.002493	-2.382540	-0.002493	0.998654	1.529626	
84	0.998160	0.003180	-2.542466	-0.003180	0.998160	2.157622	
85	0.998560	0.003225	-3.394479	-0.003225	0.998560	2.090319	
86	0.998671	0.003272	-3.634112	-0.003272	0.998671	2.004984	
87	0.998718	0.003300	-3.698682	-0.003300	0.998718	1.921680	
88	0.998547	0.003655	-3.385738	-0.003655	0.998547	2.254497	
89	0.998759	0.002902	-3.369325	-0.002902	0.998759	1.673154	
90	0.997881	0.003318	-2.614923	-0.003318	0.997881	2.384783	
91	0.999182	0.004182	-3.680765	-0.004182	0.999182	2.341086	
92	0.998333	0.003114	-3.370085	-0.003114	0.998333	2.283404	
93	0.998380	0.003061	-3.284094	-0.003061	0.998380	2.394644	
94	0.998325	0.003383	-2.921138	-0.003383	0.998325	2.613604	
95	0.997928	0.003408	-3.011280	-0.003408	0.997928	2.768133	
96	0.998428	0.003194	-3.560683	-0.003194	0.998428	2.300328	
97	0.998803	0.004132	-3.752178	-0.004132	0.998803	2.581706	
98	0.998520	0.003468	-3.247823	-0.003468	0.998520	2.311390	
99	0.998644	0.003164	-3.656941	-0.003164	0.998644	1.991466	
100	0.998866	0.003049	-4.110485	-0.003049	0.998866	1.899370	
101	0.999205	0.002790	-4.485124	-0.002790	0.999205	1.698375	
102	0.999259	0.002825	-4.602499	-0.002825	0.999259	1.712789	
103	0.999297	0.002830	-4.200970	-0.002830	0.999297	1.669313	
104	0.998814	0.002921	-3.276186	-0.002921	0.998814	1.954251	
105	0.999109	0.002451	-2.930805	-0.002451	0.999109	1.535265	
106	0.999410	0.001906	-2.627560	-0.001906	0.999410	1.003960	
107	0.999248	0.001952	-2.192907	-0.001952	0.999248	1.148448	
108	0.999393	0.001933	-2.772576	-0.001933	0.999393	1.110283	
109	0.999718	0.002125	-3.625002	-0.002125	0.999718	1.011005	
110	0.999846	0.002322	-4.003131	-0.002322	0.999846	0.938821	
111	0.999823	0.002363	-4.026909	-0.002363	0.999823	0.774546	
112	1.000180	0.002465	-3.837322	-0.002465	1.000180	0.440870	
113	1.000138	0.002105	-3.691895	-0.002105	1.000138	0.050879	
114	1.000190	0.001946	-3.365057	-0.001946	1.000190	0.002510	
115	1.000277	0.001610	-3.028981	-0.001610	1.000277	-0.186110	
116	1.000196	0.001545	-2.427641	-0.001545	1.000196	-0.115705	
117	1.000200	0.001143	-1.626411	-0.001143	1.000200	-0.246508	
118	1.000229	0.000673	-1.077516	-0.000673	1.000229	-0.436799	
119	1.000251	0.000348	-0.591531	-0.000348	1.000251	-0.506525	
120	1.000374	0.000211	-0.451906	-0.000211	1.000374	-0.636718	
121	1.000221	0.000091	-0.171102	-0.000091	1.000221	-0.599379	
122	1.000384	0.000115	-0.296368	-0.000115	1.000384	-0.772424	
123	1.000311	0.000129	-0.193395	-0.000129	1.000311	-0.698929	
124	1.000442	-0.000053	-0.175529	0.000053	1.000442	-1.047451	
125	1.000565	-0.000246	0.025551	0.000246	1.000565	-1.391336	
126	1.000695	-0.000226	0.138682	0.000226	1.000695	-1.510608	
127	1.000985	-0.000527	0.303466	0.000527	1.000985	-2.077906	
128	1.001078	-0.000698	0.731667	0.000698	1.001078	-2.280167	
129	1.000995	-0.000680	0.490561	0.000680	1.000995	-2.098056	
130	1.000980	-0.000910	0.658423	0.000910	1.000980	-2.189862	
131	1.000993	-0.001202	1.488594	0.001202	1.000993	-2.289687	
132	1.001169	-0.001538	2.011593	0.001538	1.001169	-2.704190	
133	1.001316	-0.001676	2.546029	0.001676	1.001316	-2.876643	
134	1.001290	-0.002117	3.045909	0.002117	1.001290	-3.012132	
135	1.001415	-0.002020	3.293964	0.002020	1.001415	-2.706170	
136	1.001090	-0.002027	3.355961	0.002027	1.001090	-2.590044	
137	1.000713	-0.001653	3.193454	0.001653	1.000713	-1.998153	
138	1.000654	-0.001709	3.080028	0.001709	1.000654	-1.758203	
139	1.000398	-0.001521	2.935861	0.001521	1.000398	-1.112871	
140	1.000411	-0.001445	2.743632	0.001445	1.000411	-0.973454	
141	1.000592	-0.001729	2.616936	0.001729	1.000592	-1.045065	
142	1.000490	-0.001447	2.316500	0.001447	1.000490	-0.932501	
143	1.000130	-0.001196	1.811678	0.001196	1.000130	-0.396527	
144	0.999921	-0.000548	1.181969	0.000548	0.999921	0.075961	
145	0.999615	-0.000372	0.943832	0.000372	0.999615	0.235254	
146	0.999869	-0.000271	0.688875	0.000271	0.999869	0.010164	
147	1.000031	-0.000462	0.776009	0.000462	1.000031	-0.289375	
148	1.000249	-0.000586	0.735788	0.000586	1.000249	-0.363522	
149	1.000240	-0.000679	1.017700	0.000679	1.000240	-0.423288	
150	1.000731	-0.000939	1.211967	0.000939	1.000731	-0.873876	
151	1.000830	-0.001498	2.389585	0.001498	1.000830	-1.543071	
152	1.002373	-0.002423	2.664478	0.002423	1.002373	-3.057268	
153	1.003316	-0.003090	2.257202	0.003090	1.003316	-3.831570	
154	1.001317	-0.002939	4.538965	0.002939	1.001317	-2.558088	
155	1.001028	-0.002770	4.125334	0.002770	1.001028	-2.178934	
156	1.000420	-0.002375	3.203893	0.002375	1.000420	-1.658725	
157	1.000633	-0.001362	1.621109	0.001362	1.000633	-1.053113	
158	1.000185	-0.000779	0.786161	0.000779	1.000185	-0.440336	
159	1.000243	-0.000498	0.340741	0.000498	1.000243	-0.207216	
160	1.000114	-0.000141	0.115259	0.000141	1.000114	0.056028	
161	1.000219	-0.000165	-0.034218	0.000165	1.000219	-0.041734	
162	1.000157	-0.000180	-0.134769	0.000180	1.000157	-0.085965	
163	1.000200	-0.000175	-0.246452	0.000175	1.000200	-0.010191	
164	1.000317	-0.000014	-0.493480	0.000014	1.000317	0.059548	
165	1.000275	-0.000102	-0.376047	0.000102	1.000275	-0.115631	
166	1.000616	-0.000169	-0.161854	0.000169	1.000616	-0.530547	
167	1.000823	-0.000732	0.127708	0.000732	1.000823	-1.062224	
168	1.000942	-0.000544	0.638775	0.000544	1.000942	-0.963532	
169	1.000940	-0.000768	0.401702	0.000768	1.000940	-1.262981	
170	1.000932	-0.000572	-0.045351	0.000572	1.000932	-0.996942	
171	1.000559	-0.000418	-0.121109	0.000418	1.000559	-0.716657	
172	1.000598	-0.000219	-0.500996	0.000219	1.000598	-0.496163	
173	1.000478	-0.000101	-0.545686	0.000101	1.000478	-0.390171	
174	1.000205	-0.000194	-0.206208	0.000194	1.000205	-0.312014	
175	1.000036	-0.000193	-0.012723	0.000193	1.000036	-0.353774	
176	0.999863	-0.000306	0.218769	0.000306	0.999863	-0.377010	
177	0.999900	-0.000403	0.124374	0.000403	0.999900	-0.338114	
178	0.999944	-0.000457	0.119098	0.000457	0.999944	-0.290296	
179	0.999976	-0.000412	0.044710	0.000412	0.999976	-0.174614	
180	0.999765	-0.000261	0.166237	0.000261	0.999765	-0.106931	
181	0.999900	-0.000155	0.001356	0.000155	0.999900	-0.039768	
182	0.999705	-0.000120	0.096831	0.000120	0.999705	-0.099265	
183	0.999798	-0.000124	0.003864	0.000124	0.999798	-0.095604	
184	0.999866	-0.000178	-0.175643	0.000178	0.999866	-0.171141	
185	0.999744	-0.000051	-0.316350	0.000051	0.999744	0.055654	
186	0.999544	0.000101	-0.389416	-0.000101	0.999544	0.385810	
187	0.999299	0.000359	-0.548819	-0.000359	0.999299	0.938998	
188	0.998977	0.000701	-0.780453	-0.000701	0.998977	1.545412	
189	0.998604	0.001013	-0.882807	-0.001013	0.998604	1.973955	
190	0.998455	0.001058	-0.814989	-0.001058	0.998455	2.056436	
191	0.998807	0.001060	-0.988688	-0.001060	0.998807	1.517558	
192	0.998830	0.000884	-1.072346	-0.000884	0.998830	1.333220	
193	0.999107	0.000804	-1.136913	-0.000804	0.999107	0.971433	
194	0.999183	0.000870	-0.861854	-0.000870	0.999183	0.794803	
195	0.999297	0.000787	-0.473958	-0.000787	0.999297	0.668476	
196	0.999509	0.000445	-0.374807	-0.000445	0.999509	0.375134	
197	0.999621	0.000393	-0.380764	-0.000393	0.999621	0.298475	
198	0.999703	0.000379	-0.453613	-0.000379	0.999703	0.243864	
199	0.999718	0.000222	-0.499294	-0.000222	0.999718	0.076095	
200	0.999795	0.000095	-0.551940	-0.000095	0.999795	-0.042113	
201	0.999830	0.000059	-0.556326	-0.000059	0.999830	-0.056714	
202	0.999818	0.000180	-0.498731	-0.000180	0.999818	0.193599	
203	0.999850	0.000293	-0.606335	-0.000293	0.999850	0.297423	
204	0.999802	0.000307	-0.591060	-0.000307	0.999802	0.333733	
205	0.999844	0.000312	-0.567574	-0.000312	0.999844	0.327679	
206	0.999635	0.000163	-0.649627	-0.000163	0.999635	0.480970	
207	0.999622	0.000214	-0.541093	-0.000214	0.999622	0.543906	
208	0.999754	0.000284	-0.625601	-0.000284	0.999754	0.598869	
209	0.999748	0.000184	-0.615662	-0.000184	0.999748	0.544773	
210	1.000019	0.000086	-0.647877	-0.000086	1.000019	0.274615	
211	1.000008	-0.000087	-0.472699	0.000087	1.000008	0.047688	
212	0.999988	-0.000296	0.015721	0.000296	0.999988	-0.071692	
213	1.000038	-0.000327	0.074687	0.000327	1.000038	-0.024197	
214	1.000042	-0.000152	-0.101387	0.000152	1.000042	0.064769	
215	1.000055	-0.000052	-0.154220	0.000052	1.000055	0.154587	
216	1.000096	0.000047	-0.202739	-0.000047	1.000096	0.203144	
217	1.000176	0.000005	-0.225719	-0.000005	1.000176	0.096552	
218	1.000243	-0.000262	0.095043	0.000262	1.000243	-0.184450	
219	1.000245	-0.000405	0.122990	0.000405	1.000245	-0.316800	
220	1.000271	-0.000427	0.213204	0.000427	1.000271	-0.328608	
221	1.000219	-0.000513	0.466464	0.000513	1.000219	-0.416497	
222	1.000283	-0.000472	0.169638	0.000472	1.000283	-0.401158	
223	1.000268	-0.000289	-0.229049	0.000289	1.000268	-0.238037	
224	1.000041	-0.000128	-0.254236	0.000128	1.000041	-0.004280	
225	0.999957	-0.000144	-0.234613	0.000144	0.999957	0.082966	
226	0.999969	-0.000064	-0.274993	0.000064	0.999969	0.192787	
227	0.999650	-0.000052	-0.307721	0.000052	0.999650	0.312311	
228	0.999785	-0.000007	-0.486700	0.000007	0.999785	0.564646	
229	0.999447	0.000032	0.043447	-0.000032	0.999447	0.712862	
230	0.999772	0.000293	-0.412105	-0.000293	0.999772	0.805948	
231	0.999843	0.000253	-0.288020	-0.000253	0.999843	0.646856	
232	1.000021	0.000248	-0.277964	-0.000248	1.000021	0.382400	
233	1.000042	0.000373	-0.320093	-0.000373	1.000042	0.391298	
234	1.000100	0.000319	-0.330498	-0.000319	1.000100	0.226917	
235	1.000050	0.000368	-0.446336	-0.000368	1.000050	0.231857	
236	0.999994	0.000374	-0.541438	-0.000374	0.999994	0.236636	
237	1.000079	0.000529	-0.784765	-0.000529	1.000079	0.263554	
238	0.999932	0.000640	-0.887610	-0.000640	0.999932	0.420156	
239	0.999970	0.000618	-0.871572	-0.000618	0.999970	0.407570	
240	0.999875	0.000676	-0.780300	-0.000676	0.999875	0.437335	
241	0.999925	0.000651	-0.731505	-0.000651	0.999925	0.451991	
242	0.999786	0.000632	-0.775007	-0.000632	0.999786	0.524125	
243	0.999643	0.000715	-0.834059	-0.000715	0.999643	0.635760	
244	0.999665	0.000728	-1.120799	-0.000728	0.999665	0.634766	
245	0.999518	0.001083	-1.444186	-0.001083	0.999518	0.847495	
246	0.999307	0.001363	-1.743000	-0.001363	0.999307	1.015754	
247	0.999608	0.001391	-2.004115	-0.001391	0.999608	0.898574	
248	0.999573	0.001435	-1.888278	-0.001435	0.999573	0.705414	
249	0.999947	0.001503	-2.305539	-0.001503	0.999947	0.238476	
250	1.000071	0.001852	-2.823182	-0.001852	1.000071	0.131673	
251	1.000568	0.001874	-3.176495	-0.001874	1.000568	-0.316981	
252	1.000577	0.001939	-2.973600	-0.001939	1.000577	-0.210892	
253	1.000538	0.001779	-2.844597	-0.001779	1.000538	-0.399979	
254	1.000448	0.001707	-2.821372	-0.001707	1.000448	-0.206871	
255	1.000283	0.001701	-2.603716	-0.001701	1.000283	-0.046515	
256	1.000490	0.001717	-2.753763	-0.001717	1.000490	-0.070657	
257	1.000420	0.001747	-2.620409	-0.001747	1.000420	-0.012434	
258	1.000171	0.001627	-2.233398	-0.001627	1.000171	-0.025181	
259	1.000217	0.001644	-2.139780	-0.001644	1.000217	0.039104	
260	1.000325	0.001371	-2.089767	-0.001371	1.000325	0.034737	
261	1.000217	0.001084	-1.581538	-0.001084	1.000217	-0.014725	
262	1.000331	0.000885	-1.396873	-0.000885	1.000331	-0.054022	
263	1.000235	0.000763	-1.166299	-0.000763	1.000235	0.019795	
264	1.000015	0.000581	-0.838411	-0.000581	1.000015	0.175957	
265	1.000045	0.000586	-0.808926	-0.000586	1.000045	0.255808	
266	0.999897	0.000361	-0.463599	-0.000361	0.999897	0.252980	
267	1.000047	0.000092	0.032391	-0.000092	1.000047	0.096264	
268	1.000186	-0.000333	0.730236	0.000333	1.000186	-0.244359	
269	1.000130	-0.000455	0.838678	0.000455	1.000130	-0.342886	
270	1.000255	-0.000630	0.628871	0.000630	1.000255	-0.579656	
271	1.000090	-0.000436	0.603943	0.000436	1.000090	-0.343309	
272	0.999925	-0.000325	0.544936	0.000325	0.999925	-0.203527	
273	0.999889	0.000007	0.200813	-0.000007	0.999889	0.138603	
274	0.999637	0.000147	0.176043	-0.000147	0.999637	0.399153	
275	0.999585	0.000148	0.202522	-0.000148	0.999585	0.423996	
276	0.999535	0.000059	0.122129	-0.000059	0.999535	0.495139	
277	0.999867	-0.000315	-0.095754	0.000315	0.999867	0.092953	
278	0.999960	-0.000469	0.080430	0.000469	0.999960	-0.161431	
279	0.999969	-0.000342	0.048221	0.000342	0.999969	-0.058841	
280	0.999972	-0.000231	0.049345	0.000231	0.999972	-0.002572	
281	1.000037	-0.000043	0.129388	0.000043	1.000037	0.168674	
282	1.000129	-0.000063	0.192690	0.000063	1.000129	-0.033239	
283	1.000172	-0.000254	0.388587	0.000254	1.000172	-0.238349	
284	1.000158	-0.000649	0.696400	0.000649	1.000158	-0.525407	
285	1.000287	-0.001018	1.148379	0.001018	1.000287	-0.795808	
286	1.000266	-0.001190	1.356105	0.001190	1.000266	-0.774499	
287	1.000128	-0.001019	0.999703	0.001019	1.000128	-0.377535	
288	1.000105	-0.000747	0.409183	0.000747	1.000105	-0.156041	
289	0.999907	-0.000464	0.569445	0.000464	0.999907	0.273721	
290	0.999953	-0.000552	0.694738	0.000552	0.999953	0.163344	
291	1.000059	-0.000522	0.556364	0.000522	1.000059	-0.006210	
292	1.000064	-0.000557	0.544570	0.000557	1.000064	-0.111616	
293	0.999978	-0.000746	0.694796	0.000746	0.999978	-0.192648	
294	0.999958	-0.000581	0.674163	0.000581	0.999958	-0.038525	
295	0.999831	-0.000725	0.906394	0.000725	0.999831	-0.141037	
296	0.999859	-0.000808	0.846571	0.000808	0.999859	-0.215720	
297	0.999765	-0.000775	0.987210	0.000775	0.999765	-0.084718	
298	0.999882	-0.000752	1.037967	0.000752	0.999882	-0.089921	
299	0.999806	-0.000728	1.196545	0.000728	0.999806	-0.005538	
300	0.999907	-0.000557	1.007694	0.000557	0.999907	0.096194	
301	1.000016	-0.000530	0.900130	0.000530	1.000016	0.155742	
302	0.999838	-0.000568	0.990633	0.000568	0.999838	0.313471	
303	0.999903	-0.000403	0.712075	0.000403	0.999903	0.456873	
304	0.999766	-0.000301	0.549633	0.000301	0.999766	0.699375	
305	0.999602	-0.000367	0.545707	0.000367	0.999602	0.696348	
306	0.999709	-0.000283	0.338143	0.000283	0.999709	0.718590	
307	0.999698	-0.000319	0.314008	0.000319	0.999698	0.666478	
308	0.999839	-0.000299	0.276234	0.000299	0.999839	0.254021	
309	0.999903	-0.000215	0.265986	0.000215	0.999903	-0.145244	
310	1.000181	-0.000099	0.065841	0.000099	1.000181	-0.547226	
311	1.000354	0.000050	-0.004642	-0.000050	1.000354	-0.525613	
312	1.000100	0.000128	0.162051	-0.000128	1.000100	-0.192461	
313	1.000046	0.000061	0.106827	-0.000061	1.000046	-0.052358	
314	1.000025	0.000119	0.114152	-0.000119	1.000025	-0.042080	
315	0.999962	-0.000088	0.086221	0.000088	0.999962	-0.156399	
316	1.000078	-0.000168	0.154071	0.000168	1.000078	-0.396331	
317	1.000155	-0.000150	0.112240	0.000150	1.000155	-0.453499	
318	0.999989	-0.000246	0.239845	0.000246	0.999989	-0.302008	
319	0.999843	-0.000140	0.201087	0.000140	0.999843	-0.010016	
320	0.999739	0.000027	0.206091	-0.000027	0.999739	0.255600	
321	0.999737	0.000059	0.221979	-0.000059	0.999737	0.308251	
322	0.999543	0.000156	0.275259	-0.000156	0.999543	0.419373	
323	0.999411	0.000234	0.310672	-0.000234	0.999411	0.579841	
324	0.999221	0.000107	0.489594	-0.000107	0.999221	0.556613	
325	0.999158	0.000064	0.492223	-0.000064	0.999158	0.578079	
326	0.998879	0.000074	0.608967	-0.000074	0.998879	0.667602	
327	0.998126	0.000130	0.979058	-0.000130	0.998126	1.025368	
328	0.998389	0.000115	0.774658	-0.000115	0.998389	0.932761	
329	0.998326	0.000175	0.834712	-0.000175	0.998326	1.011672	
330	0.998417	0.000065	0.927655	-0.000065	0.998417	0.826129	
331	0.998438	0.000002	0.975240	-0.000002	0.998438	0.801585	
332	0.998391	-0.000030	0.951945	0.000030	0.998391	0.824134	
333	0.998503	-0.000017	0.924201	0.000017	0.998503	0.903535	
334	0.998383	-0.000026	1.028154	0.000026	0.998383	0.955251	
335	0.998338	-0.000020	1.089829	0.000020	0.998338	0.885919	
336	0.998144	0.000021	1.239682	-0.000021	0.998144	0.933685	
337	0.998683	-0.000008	0.901642	0.000008	0.998683	0.716712	
338	0.998520	0.000076	1.004076	-0.000076	0.998520	0.774583	
339	0.998680	0.000268	0.687712	-0.000268	0.998680	0.804054	
340	0.998583	0.000285	0.907982	-0.000285	0.998583	0.765966	
341	0.998743	0.000199	0.847562	-0.000199	0.998743	0.592167	
342	0.998657	0.000199	0.769920	-0.000199	0.998657	0.604101	
343	0.998917	0.000280	0.676995	-0.000280	0.998917	0.620730	
344	0.998989	0.000211	0.667840	-0.000211	0.998989	0.562580	
345	0.998975	0.000309	0.738555	-0.000309	0.998975	0.611602	
346	0.999455	0.000274	0.448416	-0.000274	0.999455	0.451318	
347	0.999712	0.000328	0.271360	-0.000328	0.999712	0.404531	
348	0.999905	0.000151	0.111996	-0.000151	0.999905	0.195605	
349	0.999747	0.000199	0.255258	-0.000199	0.999747	0.274176	
350	0.999832	0.000195	0.118633	-0.000195	0.999832	0.244383	
351	0.999794	0.000209	0.175525	-0.000209	0.999794	0.336427	
352	0.999862	0.000265	0.145793	-0.000265	0.999862	0.412376	
353	0.999783	0.000092	0.258795	-0.000092	0.999783	0.357655	
354	0.999694	0.000017	0.417694	-0.000017	0.999694	0.365957	
355	1.000043	-0.000127	0.624948	0.000127	1.000043	-0.000651	
356	1.000391	-0.000557	1.311371	0.000557	1.000391	-0.542368	
357	1.000797	-0.001365	2.855250	0.001365	1.000797	-1.345325	
358	1.001343	-0.002087	4.332917	0.002087	1.001343	-2.094157	
359	1.000199	-0.000844	7.413033	0.000844	1.000199	-1.267026	
360	1.000490	-0.000088	9.866775	0.000088	1.000490	-1.091514	
361	1.000615	-0.000356	13.149925	0.000356	1.000615	-1.473570	
362	1.001052	-0.000606	18.334492	0.000606	1.001052	-1.790823	
363	1.001701	-0.001072	21.837029	0.001072	1.001701	-2.158858	
364	1.000926	-0.001363	22.982455	0.001363	1.000926	-1.747922	
365	1.000891	-0.001006	19.825469	0.001006	1.000891	-0.882789	
366	1.000443	-0.000589	14.404820	0.000589	1.000443	-0.120955	
367	1.000417	-0.000078	6.949719	0.000078	1.000417	0.231481	
368	1.000116	-0.000941	1.277120	0.000941	1.000116	-0.366943	
369	0.999512	0.000440	-0.463640	-0.000440	0.999512	0.712605	
370	0.999516	0.000403	-0.598645	-0.000403	0.999516	0.711453	
371	0.999594	0.000388	-0.512029	-0.000388	0.999594	0.691432	
372	0.999792	0.000490	-0.875659	-0.000490	0.999792	0.423063	
373	0.999658	0.000430	-0.939148	-0.000430	0.999658	0.356492	
374	0.999627	0.000618	-1.197430	-0.000618	0.999627	0.390110	
375	0.999338	0.000593	-1.026941	-0.000593	0.999338	0.524242	
376	0.999408	0.000930	-1.172882	-0.000930	0.999408	0.690001	
377	0.999422	0.000943	-1.366317	-0.000943	0.999422	0.692717	
378	0.999583	0.000596	-1.427113	-0.000596	0.999583	0.397017	
379	0.999479	0.000599	-1.330346	-0.000599	0.999479	0.482774	
380	0.999455	0.000567	-1.289813	-0.000567	0.999455	0.441066	
381	0.999417	0.000467	-1.246600	-0.000467	0.999417	0.460864	
382	0.999379	0.000252	-1.094039	-0.000252	0.999379	0.179408	
383	0.999386	0.000134	-1.081552	-0.000134	0.999386	0.083962	
384	0.999437	0.000094	-1.012759	-0.000094	0.999437	-0.054058	
385	0.999317	0.000077	-0.866314	-0.000077	0.999317	0.027036	
386	0.999439	0.000207	-1.014584	-0.000207	0.999439	0.036092	
387	0.999306	0.000232	-0.981576	-0.000232	0.999306	0.124368	
388	0.999495	0.000304	-1.073534	-0.000304	0.999495	0.079049	
389	0.999624	0.000320	-1.094314	-0.000320	0.999624	0.029353	
390	0.999391	0.000192	-0.970695	-0.000192	0.999391	0.155752	
391	0.999552	0.000150	-0.989961	-0.000150	0.999552	0.169691	
392	0.999811	0.000203	-1.162843	-0.000203	0.999811	0.135265	
393	0.999890	0.000305	-1.223388	-0.000305	0.999890	0.240746	
394	0.999992	0.000406	-1.392654	-0.000406	0.999992	0.268018	
395	0.999911	0.000409	-1.289417	-0.000409	0.999911	0.293312	
396	0.999989	0.000519	-1.243791	-0.000519	0.999989	0.370348	
397	0.999990	0.000480	-1.193120	-0.000480	0.999990	0.317716	
398	0.999859	0.000491	-1.086771	-0.000491	0.999859	0.365321	
399	0.999835	0.000528	-0.955809	-0.000528	0.999835	0.374144	
400	0.999760	0.000388	-0.794389	-0.000388	0.999760	0.314065	
401	0.999912	0.000375	-0.810201	-0.000375	0.999912	0.253444	
402	0.999881	0.000314	-0.754460	-0.000314	0.999881	0.226441	
403	1.000076	0.000274	-0.845191	-0.000274	1.000076	0.026310	
404	1.000016	0.000177	-0.794100	-0.000177	1.000016	-0.027798	
405	1.000160	0.000178	-0.831766	-0.000178	1.000160	-0.123927	
406	1.000082	0.000080	-0.801133	-0.000080	1.000082	-0.068125	
407	1.000168	0.000078	-0.761741	-0.000078	1.000168	-0.027896	
408	1.000135	-0.000051	-0.779395	0.000051	1.000135	-0.074014	
409	1.000069	0.000027	-0.652053	-0.000027	1.000069	0.058831	
410	0.999955	0.000121	-0.637375	-0.000121	0.999955	0.132404	
411	1.000066	0.000101	-0.681816	-0.000101	1.000066	0.067465	
412	1.000081	0.000050	-0.649486	-0.000050	1.000081	0.026716	
413	1.000106	0.000001	-0.582852	-0.000001	1.000106	0.005788	
414	1.000167	-0.000097	-0.691269	0.000097	1.000167	-0.061756	
415	1.000104	-0.000206	-0.528463	0.000206	1.000104	-0.191656	
416	1.000147	-0.000197	-0.449355	0.000197	1.000147	-0.250245	
417	1.000190	-0.000257	-0.292842	0.000257	1.000190	-0.299402	
418	1.000208	0.000013	-0.489025	-0.000013	1.000208	-0.162969	
419	0.999926	0.000169	-0.451425	-0.000169	0.999926	0.113830	
420	1.000057	0.000129	-0.410319	-0.000129	1.000057	0.119932	
421	1.000072	0.000002	-0.244737	-0.000002	1.000072	0.004486	
422	1.000024	0.000115	-0.176305	-0.000115	1.000024	0.105084	
423	1.000070	0.000060	-0.205970	-0.000060	1.000070	0.093836	
424	0.999932	0.000128	-0.147365	-0.000128	0.999932	0.228263	
425	1.000037	0.000198	-0.190526	-0.000198	1.000037	0.205399	
426	1.000183	0.000262	-0.330944	-0.000262	1.000183	0.210647	
427	1.000207	0.000250	-0.332509	-0.000250	1.000207	0.154227	
428	1.000176	0.000271	-0.351204	-0.000271	1.000176	0.193752	
429	1.000161	0.000188	-0.265284	-0.000188	1.000161	0.119697	
430	1.000274	0.000112	-0.282958	-0.000112	1.000274	0.030540	
431	1.000298	0.000085	-0.221796	-0.000085	1.000298	-0.006660	
432	1.000214	0.000025	-0.046603	-0.000025	1.000214	-0.021571	
433	1.000246	0.000131	-0.035839	-0.000131	1.000246	0.034003	
434	1.000172	0.000240	-0.027164	-0.000240	1.000172	0.084945	
435	1.000177	0.000269	-0.104786	-0.000269	1.000177	0.109209	
436	1.000095	0.000269	-0.009477	-0.000269	1.000095	0.143650	
437	1.000102	0.000320	0.004077	-0.000320	1.000102	0.183701	
438	1.000091	0.000280	-0.018160	-0.000280	1.000091	0.234656	
439	0.999936	0.000144	0.105928	-0.000144	0.999936	0.201689	
440	0.999836	0.000151	0.050092	-0.000151	0.999836	0.161504	
441	0.999862	0.000240	0.012185	-0.000240	0.999862	0.181806	
442	0.999948	0.000323	-0.057348	-0.000323	0.999948	0.226196	
443	0.999881	0.000321	-0.039931	-0.000321	0.999881	0.274383	
444	0.999859	0.000312	-0.049741	-0.000312	0.999859	0.273456	
445	1.000039	0.000475	-0.091835	-0.000475	1.000039	0.298573	
446	0.999841	0.000379	-0.091073	-0.000379	0.999841	0.319970	
447	0.999851	0.000438	-0.130603	-0.000438	0.999851	0.371193	
448	0.999879	0.000437	-0.222032	-0.000437	0.999879	0.398930	
449	0.999891	0.000345	-0.202894	-0.000345	0.999891	0.370977	
450	1.000173	0.000386	-0.404622	-0.000386	1.000173	0.251706	
451	1.000087	0.000352	-0.377911	-0.000352	1.000087	0.251659	
452	1.000025	0.000382	-0.439745	-0.000382	1.000025	0.343481	
453	1.000175	0.000443	-0.509496	-0.000443	1.000175	0.340276	
454	1.000117	0.000576	-0.689123	-0.000576	1.000117	0.620730	
455	1.000026	0.000553	-0.684551	-0.000553	1.000026	0.550130	
456	0.999945	0.000674	-0.700885	-0.000674	0.999945	0.612845	
457	1.000042	0.000626	-0.809224	-0.000626	1.000042	0.593984	
458	0.999792	0.000965	-0.877803	-0.000965	0.999792	0.997948	
459	0.999432	0.000910	-0.828978	-0.000910	0.999432	1.337201	
460	0.999261	0.001002	-0.827821	-0.001002	0.999261	1.637081	
461	0.999037	0.001146	-0.826479	-0.001146	0.999037	1.939172	
462	0.998933	0.001129	-0.852875	-0.001129	0.998933	2.096602	
463	0.998666	0.001280	-0.856947	-0.001280	0.998666	2.567895	
464	0.998650	0.001265	-0.849476	-0.001265	0.998650	2.702242	
465	0.998682	0.000926	-0.937650	-0.000926	0.998682	2.581261	
466	0.998713	0.001000	-1.078085	-0.001000	0.998713	2.855326	
467	0.998615	0.001241	-1.301557	-0.001241	0.998615	3.089984	
468	0.998417	0.001354	-1.271365	-0.001354	0.998417	3.289497	
469	0.998391	0.001145	-1.218837	-0.001145	0.998391	3.310719	
470	0.997892	0.001464	-1.056651	-0.001464	0.997892	3.452524	
471	0.998332	0.001221	-1.425759	-0.001221	0.998332	3.230159	
472	0.998202	0.001166	-1.379225	-0.001166	0.998202	3.021629	
473	0.998128	0.001183	-1.131188	-0.001183	0.998128	2.846651	
474	0.998581	0.001077	-1.378663	-0.001077	0.998581	2.333469	
475	0.998790	0.000834	-1.367733	-0.000834	0.998790	1.905605	
476	0.998721	0.000826	-1.158263	-0.000826	0.998721	1.727998	
477	0.999152	0.000851	-1.243934	-0.000851	0.999152	1.510167	
478	0.999185	0.000785	-1.256969	-0.000785	0.999185	1.478992	
479	0.999351	0.000756	-1.182527	-0.000756	0.999351	1.282523	
480	0.999679	0.000712	-1.175622	-0.000712	0.999679	1.008166	
481	0.999605	0.000611	-1.230800	-0.000611	0.999605	0.910344	
482	0.999272	0.000638	-1.020589	-0.000638	0.999272	1.014863	
483	0.999282	0.000429	-0.873456	-0.000429	0.999282	1.010887	
484	0.999342	0.000234	-0.830551	-0.000234	0.999342	0.936472	
485	0.999562	0.000493	-0.858726	-0.000493	0.999562	0.928256	
486	0.999591	0.000299	-0.878317	-0.000299	0.999591	0.721685	
487	0.999557	0.000308	-0.701102	-0.000308	0.999557	0.693666	
488	0.999749	0.000262	-0.702050	-0.000262	0.999749	0.542611	
489	0.999706	0.000423	-0.583733	-0.000423	0.999706	0.501800	
490	0.999922	0.000202	-0.509333	-0.000202	0.999922	0.180172	
491	0.999869	0.000038	-0.276510	-0.000038	0.999869	0.067664	
492	1.000234	-0.000119	-0.426614	0.000119	1.000234	-0.238679	
493	1.000115	-0.000025	-0.482854	0.000025	1.000115	-0.180494	
494	1.000235	0.000198	-0.634089	-0.000198	1.000235	-0.229011	
495	1.000176	0.000325	-0.777087	-0.000325	1.000176	-0.214641	
496	1.000035	0.000285	-0.847414	-0.000285	1.000035	-0.097292	
497	0.999984	0.000336	-0.972336	-0.000336	0.999984	0.025448	
498	0.999982	0.000437	-1.201297	-0.000437	0.999982	0.279573	
499	0.999726	0.000513	-1.185506	-0.000513	0.999726	0.419659	
500	0.999689	0.000732	-1.466574	-0.000732	0.999689	0.632110	
501	0.999787	0.000838	-1.603636	-0.000838	0.999787	0.571116	
502	0.999660	0.001042	-1.832226	-0.001042	0.999660	0.882594	
503	0.999677	0.000961	-1.890766	-0.000961	0.999677	0.837693	
504	0.999716	0.001080	-2.150494	-0.001080	0.999716	0.754977	
505	0.999634	0.001012	-2.089090	-0.001012	0.999634	0.786943	
506	0.999641	0.000993	-2.078241	-0.000993	0.999641	0.740245	
507	0.999732	0.000976	-2.104326	-0.000976	0.999732	0.706001	
508	0.999576	0.000977	-1.912204	-0.000977	0.999576	0.799843	
509	0.999669	0.000981	-1.877720	-0.000981	0.999669	0.828196	
510	0.999744	0.000907	-1.859549	-0.000907	0.999744	0.702125	
511	0.999736	0.000905	-1.825783	-0.000905	0.999736	0.726093	
512	0.999867	0.000967	-2.003360	-0.000967	0.999867	0.648817	
513	0.999943	0.000681	-1.624992	-0.000681	0.999943	0.460352	
514	1.000233	0.000235	-1.126838	-0.000235	1.000233	-0.116458	
515	1.000668	0.000007	-0.915533	-0.000007	1.000668	-0.631941	
516	1.000686	-0.000151	-0.453652	0.000151	1.000686	-0.829519	
517	1.000697	-0.000236	-0.186023	0.000236	1.000697	-0.984367	
518	1.000657	-0.000344	0.096447	0.000344	1.000657	-1.138590	
519	1.000426	-0.000155	0.038724	0.000155	1.000426	-1.064679	
520	1.000516	-0.000386	0.298392	0.000386	1.000516	-1.106604	
521	1.000117	-0.000519	0.995727	0.000519	1.000117	-1.034483	
522	1.000383	-0.000435	0.709119	0.000435	1.000383	-1.017718	
523	1.000504	-0.000568	0.622476	0.000568	1.000504	-1.197689	
524	1.000649	-0.000601	0.638558	0.000601	1.000649	-1.408933	
525	1.000716	-0.000630	0.840607	0.000630	1.000716	-1.567505	
526	1.001047	-0.000811	0.572068	0.000811	1.001047	-2.033419	
527	1.001229	-0.000737	0.194205	0.000737	1.001229	-2.287505	
528	1.001268	-0.000721	0.230313	0.000721	1.001268	-2.469422	
529	1.001273	-0.000661	0.244579	0.000661	1.001273	-2.440856	
530	1.001374	-0.000702	0.303117	0.000702	1.001374	-2.348814	
531	1.001078	-0.000740	0.490565	0.000740	1.001078	-2.101599	
532	1.000845	-0.000716	0.465973	0.000716	1.000845	-1.778656	
533	1.001016	-0.000665	0.253885	0.000665	1.001016	-1.738856	
534	1.000630	-0.000687	0.549303	0.000687	1.000630	-1.538013	
535	1.000542	-0.000763	0.705780	0.000763	1.000542	-1.556285	
536	1.000661	-0.001115	1.109480	0.001115	1.000661	-1.793226	
537	1.000655	-0.001364	1.483335	0.001364	1.000655	-2.001948	
538	1.000725	-0.001426	1.511235	0.001426	1.000725	-2.072702	
539	1.000853	-0.001692	1.925578	0.001692	1.000853	-2.284501	
540	1.000996	-0.001731	1.734430	0.001731	1.000996	-2.349427	
541	1.000754	-0.001528	1.639977	0.001528	1.000754	-1.962748	
542	1.000441	-0.001374	1.579303	0.001374	1.000441	-1.510283	
543	1.000471	-0.001307	1.439658	0.001307	1.000471	-1.290299	
544	1.000182	-0.001288	1.695687	0.001288	1.000182	-1.069033	
545	1.000072	-0.001212	1.749245	0.001212	1.000072	-0.869537	
546	0.999957	-0.001463	1.997249	0.001463	0.999957	-0.897424	
547	0.999985	-0.001573	2.000122	0.001573	0.999985	-1.001548	
548	1.000357	-0.001853	2.155852	0.001853	1.000357	-1.365769	
549	1.000592	-0.002278	2.470890	0.002278	1.000592	-1.730403	
550	1.000807	-0.002595	3.153669	0.002595	1.000807	-2.083591	
551	1.000887	-0.002850	3.837248	0.002850	1.000887	-2.322869	
552	1.001130	-0.003408	4.740633	0.003408	1.001130	-2.917784	
553	1.000915	-0.003937	6.062603	0.003937	1.000915	-3.353732	
554	0.999690	-0.002103	7.894324	0.002103	0.999690	-1.995734	
555	1.000196	-0.000981	8.380625	0.000981	1.000196	-1.390477	
556	0.999206	-0.006486	8.671029	0.006486	0.999206	-4.108865	
557	1.003397	-0.007299	6.081797	0.007299	1.003397	-6.085667	
558	1.001300	-0.005951	7.953008	0.005951	1.001300	-4.770192	
559	1.000241	-0.001499	10.048068	0.001499	1.000241	-1.712492	
560	1.000819	-0.001247	11.402715	0.001247	1.000819	-1.689311	
561	0.999851	-0.001403	13.348345	0.001403	0.999851	-1.582793	
562	1.000644	-0.001736	13.173732	0.001736	1.000644	-1.896214	
563	1.000616	-0.001572	13.921431	0.001572	1.000616	-1.989307	
564	1.000509	-0.001745	16.515473	0.001745	1.000509	-2.438702	
565	1.001619	-0.002350	19.862100	0.002350	1.001619	-3.508065	
566	1.000212	-0.002329	25.260810	0.002329	1.000212	-3.580732	
567	1.000378	-0.002508	27.462225	0.002508	1.000378	-3.888254	
568	0.999346	-0.002456	29.405221	0.002456	0.999346	-3.513733	
569	0.997548	-0.002574	30.071722	0.002574	0.997548	-2.933029	
570	0.998829	-0.002499	28.654172	0.002499	0.998829	-3.154278	
571	0.998696	-0.001939	28.869951	0.001939	0.998696	-3.173452	
572	0.998349	-0.001840	29.084878	0.001840	0.998349	-3.439597	
573	0.999684	-0.001464	28.755214	0.001464	0.999684	-3.311661	
574	0.999207	-0.001789	28.639811	0.001789	0.999207	-3.478519	
575	0.999862	-0.001797	28.167729	0.001797	0.999862	-3.252135	
576	1.000382	-0.001667	27.275996	0.001667	1.000382	-2.952526	
577	1.000453	-0.001685	26.170612	0.001685	1.000453	-3.122293	
578	1.001229	-0.001317	24.774565	0.001317	1.001229	-2.836465	
579	1.002427	-0.001015	23.953625	0.001015	1.002427	-2.356607	
580	0.999737	-0.001442	24.953640	0.001442	0.999737	-1.984262	
581	1.000293	-0.001454	24.325309	0.001454	1.000293	-1.704049	
582	1.000791	-0.001189	22.445980	0.001189	1.000791	-1.312104	
583	0.999958	-0.001147	20.669163	0.001147	0.999958	-1.119427	
584	1.000184	-0.000825	16.368358	0.000825	1.000184	-1.050475	
585	0.999818	-0.000708	11.905162	0.000708	0.999818	-1.067949	
586	0.999777	-0.000431	6.904554	0.000431	0.999777	-1.035920	
587	1.000492	-0.000597	1.411399	0.000597	1.000492	-1.352833	
588	0.999852	0.000645	-0.863284	-0.000645	0.999852	-0.559298	
589	0.999668	0.001094	-1.541336	-0.001094	0.999668	-0.148851	
590	0.999545	0.001426	-2.214347	-0.001426	0.999545	0.305373	
591	0.998880	0.002427	-3.682546	-0.002427	0.998880	1.242315	
592	0.997972	0.001911	-5.866529	-0.001911	0.997972	1.069089	
593	0.999303	0.000717	-8.845020	-0.000717	0.999303	0.206548	
594	0.994501	0.004669	-6.496307	-0.004669	0.994501	4.676167	
595	0.999645	0.000781	-12.947906	-0.000781	0.999645	0.506135	
596	0.999375	0.000938	-14.498122	-0.000938	0.999375	0.368859	
597	0.998913	0.000892	-15.462488	-0.000892	0.998913	0.337558	
598	0.999487	0.001204	-16.361153	-0.001204	0.999487	0.355953	
599	1.000049	0.001140	-17.228444	-0.001140	1.000049	0.061015	
600	0.999455	0.000736	-17.080369	-0.000736	0.999455	-0.330017	
601	0.999466	0.000731	-16.424823	-0.000731	0.999466	-0.401291	
602	0.999760	0.000784	-15.551941	-0.000784	0.999760	-0.561041	
603	1.000657	0.000903	-15.505307	-0.000903	1.000657	-0.516568	
604	1.000750	0.000970	-15.309325	-0.000970	1.000750	-0.665934	
605	1.000816	0.001026	-15.012303	-0.001026	1.000816	-0.731306	
606	1.001032	0.001379	-14.769355	-0.001379	1.001032	-0.598315	
607	1.001593	0.001585	-15.017950	-0.001585	1.001593	-0.783287	
608	1.001134	0.001663	-15.051416	-0.001663	1.001134	-0.718025	
609	1.001596	0.001386	-15.721804	-0.001386	1.001596	-0.908038	
610	1.002023	0.001561	-16.342316	-0.001561	1.002023	-0.728412	
611	1.002858	0.001679	-16.488199	-0.001679	1.002858	-0.746163	
612	1.002515	0.001532	-16.710048	-0.001532	1.002515	-0.805432	
613	1.002540	0.001727	-16.577417	-0.001727	1.002540	-0.571052	
614	1.001839	0.001480	-16.092227	-0.001480	1.001839	-0.523341	
615	1.001893	0.001350	-15.469748	-0.001350	1.001893	-0.266416	
616	1.002260	0.001514	-15.051152	-0.001514	1.002260	0.066921	
617	1.002649	0.001816	-14.799426	-0.001816	1.002649	0.340074	
618	1.001925	0.001533	-14.129400	-0.001533	1.001925	0.592620	
619	1.001207	0.001128	-13.538434	-0.001128	1.001207	0.768283	
620	1.002501	0.001649	-14.284477	-0.001649	1.002501	1.297022	
621	0.990474	0.011339	-5.419489	-0.011339	0.990474	11.857494	
622	1.000346	0.001571	-15.168502	-0.001571	1.000346	2.763022	
623	1.001208	0.001591	-16.689734	-0.001591	1.001208	2.919584	
624	0.999876	0.001572	-16.897805	-0.001572	0.999876	3.491003	
625	1.000167	0.001827	-17.561695	-0.001827	1.000167	3.940437	
626	0.998515	0.001973	-17.058704	-0.001973	0.998515	4.660382	
627	0.998397	0.001810	-17.900438	-0.001810	0.998397	5.094958	
628	0.998169	0.001586	-18.927320	-0.001586	0.998169	5.017707	
629	0.994467	0.002350	-15.957904	-0.002350	0.994467	5.833040	
630	0.997979	0.001590	-18.656979	-0.001590	0.997979	3.980460	
631	0.998380	0.001512	-17.196005	-0.001512	0.998380	3.048662	
632	0.999239	0.001683	-16.042944	-0.001683	0.999239	2.436212	
633	0.998917	0.001078	-14.974052	-0.001078	0.998917	2.009103	
634	0.997826	0.001127	-13.643101	-0.001127	0.997826	2.128072	
635	0.997991	0.001272	-13.530112	-0.001272	0.997991	2.004321	
636	0.998171	0.001875	-12.374268	-0.001875	0.998171	2.123389	
637	0.994501	0.004390	-7.336781	-0.004390	0.994501	4.890399	
638	0.998321	0.000962	-8.229280	-0.000962	0.998321	1.294424	
639	0.997385	0.003312	-4.947809	-0.003312	0.997385	2.927254	
640	0.998317	0.003444	-3.812504	-0.003444	0.998317	2.712848	
641	0.998766	0.002950	-3.379284	-0.002950	0.998766	2.371973	
642	0.998711	0.002317	-3.573302	-0.002317	0.998711	2.114514	
643	0.998547	0.001962	-2.734214	-0.001962	0.998547	1.991112	
644	0.998503	0.001424	-1.807877	-0.001424	0.998503	1.705396	
645	0.998477	0.001457	-1.510266	-0.001457	0.998477	1.955720	
646	0.998616	0.002024	-1.561327	-0.002024	0.998616	2.459164	
647	0.998436	0.001920	-1.058328	-0.001920	0.998436	2.508082	
648	0.998547	0.001667	-1.087783	-0.001667	0.998547	2.470445	
649	0.998432	0.001589	-0.749688	-0.001589	0.998432	2.571841	
650	0.997831	0.001619	-0.632033	-0.001619	0.997831	3.156685	
651	0.998159	0.001438	-1.040737	-0.001438	0.998159	3.256987	
652	0.997944	0.001547	-0.809533	-0.001547	0.997944	3.274622	
653	0.998155	0.001385	-0.608732	-0.001385	0.998155	3.036818	
654	0.998503	0.000939	-0.433656	-0.000939	0.998503	2.504371	
655	0.998381	0.000760	0.033011	-0.000760	0.998381	2.342221	
656	0.998435	0.000715	-0.207622	-0.000715	0.998435	2.311693	
657	0.998587	0.000635	0.016370	-0.000635	0.998587	2.139627	
658	0.998705	0.000721	-0.149340	-0.000721	0.998705	2.013027	
659	0.998943	0.000810	-0.228049	-0.000810	0.998943	1.868910	
660	0.998983	0.000570	-0.254702	-0.000570	0.998983	1.502842	
661	0.999575	0.000377	-0.335736	-0.000377	0.999575	1.060922	
662	0.999361	0.000307	-0.086960	-0.000307	0.999361	0.909551	
663	0.999373	0.000358	-0.132366	-0.000358	0.999373	0.858821	
664	0.999212	0.000184	0.006390	-0.000184	0.999212	0.831579	
665	0.999308	0.000235	-0.203082	-0.000235	0.999308	0.894072	
666	0.999219	0.000147	-0.061567	-0.000147	0.999219	0.997107	
667	0.999245	0.000326	-0.077645	-0.000326	0.999245	1.341645	
668	0.999063	0.000359	0.122967	-0.000359	0.999063	1.350627	
669	0.999067	0.000297	0.011545	-0.000297	0.999067	1.323861	
670	0.999185	0.000314	-0.001710	-0.000314	0.999185	1.248213	
671	0.999188	0.000291	-0.131101	-0.000291	0.999188	1.227306	
672	0.998789	0.000356	-0.046178	-0.000356	0.998789	1.399420	
673	0.998970	0.000203	-0.074981	-0.000203	0.998970	1.344676	
674	0.998974	0.000168	-0.095775	-0.000168	0.998974	1.205694	
675	0.999096	0.000170	0.191589	-0.000170	0.999096	1.125734	
676	0.999470	0.000254	-0.141286	-0.000254	0.999470	0.935941	
677	0.999530	0.000189	-0.145671	-0.000189	0.999530	0.943376	
678	0.999545	0.000264	-0.133515	-0.000264	0.999545	1.083072	
679	0.999482	0.000230	-0.132432	-0.000230	0.999482	1.103628	
680	0.999607	0.000137	0.021740	-0.000137	0.999607	0.773961	
681	0.999693	0.000007	0.109124	-0.000007	0.999693	0.575533	
682	0.999660	0.000285	0.008094	-0.000285	0.999660	0.838563	
683	0.999719	0.000339	-0.046148	-0.000339	0.999719	0.834397	
684	0.999482	0.000219	-0.054639	-0.000219	0.999482	0.950124	
685	0.999628	0.000147	0.041642	-0.000147	0.999628	0.573116	
686	0.999639	-0.000066	0.108946	0.000066	0.999639	0.426203	
687	0.999703	-0.000167	0.189239	0.000167	0.999703	0.041537	
688	0.999657	-0.000108	0.250227	0.000108	0.999657	0.060663	
689	0.999554	-0.000100	0.284148	0.000100	0.999554	0.067930	
690	0.999497	-0.000164	0.328532	0.000164	0.999497	-0.034842	
691	0.999672	-0.000144	0.136200	0.000144	0.999672	-0.201915	
692	0.999759	-0.000132	0.047725	0.000132	0.999759	-0.195621	
693	0.999707	-0.000220	0.183527	0.000220	0.999707	-0.322128	
694	0.999733	-0.000364	0.360300	0.000364	0.999733	-0.530145	
695	0.999985	-0.000481	0.441894	0.000481	0.999985	-0.767221	
696	0.999881	-0.000649	0.553347	0.000649	0.999881	-0.727553	
697	1.000068	-0.000589	0.572939	0.000589	1.000068	-0.536604	
698	1.000043	-0.000640	0.594656	0.000640	1.000043	-0.518673	
699	1.000100	-0.000581	0.564833	0.000581	1.000100	-0.502005	
700	1.000000	-0.000500	0.467803	0.000500	1.000000	-0.395590	
701	1.000101	-0.000515	0.404340	0.000515	1.000101	-0.404680	
702	1.000047	-0.000554	0.416930	0.000554	1.000047	-0.312732	
703	1.000124	-0.000588	0.433981	0.000588	1.000124	-0.362692	
704	1.000166	-0.000417	0.317406	0.000417	1.000166	-0.306341	
705	1.000035	-0.000386	0.257023	0.000386	1.000035	-0.220376	
706	1.000062	-0.000367	0.133521	0.000367	1.000062	-0.219106	
707	1.000091	-0.000196	0.124274	0.000196	1.000091	-0.061215	
708	0.999887	-0.000574	0.242563	0.000574	0.999887	-0.287618	
709	1.000256	-0.000575	0.431086	0.000575	1.000256	-0.449987	
710	1.000302	-0.000649	0.736501	0.000649	1.000302	-0.552368	
711	1.000259	-0.000695	1.037768	0.000695	1.000259	-0.575291	
712	1.000325	-0.000821	1.032758	0.000821	1.000325	-0.677274	
713	1.000651	-0.000829	0.982575	0.000829	1.000651	-0.675127	
714	1.000303	-0.000570	0.621553	0.000570	1.000303	-0.578361	
715	1.000454	-0.000521	0.324498	0.000521	1.000454	-0.609545	
716	1.000195	-0.000477	0.525648	0.000477	1.000195	-0.471526	
717	1.000310	-0.000380	0.289252	0.000380	1.000310	-0.386148	
718	1.000329	-0.000278	0.152579	0.000278	1.000329	-0.272834	
719	1.000174	-0.000195	0.006363	0.000195	1.000174	-0.141055	
720	1.000260	-0.000086	-0.137382	0.000086	1.000260	-0.044053	
721	1.000222	-0.000000	-0.095315	0.000000	1.000222	0.005259	
722	1.000131	-0.000093	-0.097782	0.000093	1.000131	-0.050482	
723	1.000314	-0.000211	-0.298013	0.000211	1.000314	-0.255953	
724	1.000385	-0.000307	-0.461145	0.000307	1.000385	-0.321633	
